"LINESTRING (-0.132328 51.515631,-0.10997 51.529163", "From Soho Square , Soho to River Street , Clerkenwell"
"LINESTRING (-0.102757 51.536384,-0.10997 51.529163", "From Islington Green, Angel to River Street , Clerkenwell"
"LINESTRING (-0.086685 51.517075,-0.10997 51.529163", "From Finsbury Circus, Liverpool Street to River Street , Clerkenwell"
"LINESTRING (-0.058826 51.54119,-0.10997 51.529163", "From London Fields, Hackney Central to River Street , Clerkenwell"
"LINESTRING (-0.110699 51.501444,-0.10997 51.529163", "From Baylis Road, Waterloo to River Street , Clerkenwell"
"LINESTRING (-0.075885 51.536585,-0.10997 51.529163", "From Dunston Road , Haggerston to River Street , Clerkenwell"
"LINESTRING (-0.142345 51.510662,-0.10997 51.529163", "From Clifford Street, Mayfair to River Street , Clerkenwell"
"LINESTRING (-0.163609 51.51809,-0.10997 51.529163", "From Shouldham Street, Marylebone to River Street , Clerkenwell"
"LINESTRING (-0.116688 51.520596,-0.10997 51.529163", "From Theobald's Road , Holborn to River Street , Clerkenwell"
"LINESTRING (-0.109914 51.531666,-0.10997 51.529163", "From Claremont Square, Angel to River Street , Clerkenwell"
"LINESTRING (-0.188098 51.517919,-0.197574 51.499606", "From Gloucester Terrace, Bayswater to Phillimore Gardens, Kensington"
"LINESTRING (-0.187404 51.487958,-0.197574 51.499606", "From Harcourt Terrace, West Brompton to Phillimore Gardens, Kensington"
"LINESTRING (-0.215808 51.503802,-0.197574 51.499606", "From Hansard Mews, Holland Park to Phillimore Gardens, Kensington"
"LINESTRING (-0.191496 51.503157,-0.197574 51.499606", "From Kensington Church Street, Kensington to Phillimore Gardens, Kensington"
"LINESTRING (-0.200742 51.502319,-0.197574 51.499606", "From Holland Park, Kensington to Phillimore Gardens, Kensington"
"LINESTRING (-0.205284 51.496712,-0.197574 51.499606", "From Warwick Road, Olympia to Phillimore Gardens, Kensington"
"LINESTRING (-0.21985 51.493267,-0.197574 51.499606", "From Hammersmith Road, Hammersmith to Phillimore Gardens, Kensington"
"LINESTRING (-0.135777 51.51953,-0.197574 51.499606", "From Charlotte Street, Fitzrovia to Phillimore Gardens, Kensington"
"LINESTRING (-0.199004 51.506584,-0.197574 51.499606", "From Campden Hill Road, Notting Hill to Phillimore Gardens, Kensington"
"LINESTRING (-0.197609 51.483911,-0.197574 51.499606", "From Halford Road, West Kensington to Phillimore Gardens, Kensington"
"LINESTRING (-0.192538 51.504723,-0.197574 51.499606", "From Vicarage Gate, Kensington to Phillimore Gardens, Kensington"
"LINESTRING (-0.215804 51.494347,-0.197574 51.499606", "From Brook Green South, Brook Green to Phillimore Gardens, Kensington"
"LINESTRING (-0.187402 51.51031,-0.197574 51.499606", "From Queensway, Kensington Gardens to Phillimore Gardens, Kensington"
"LINESTRING (-0.126021 51.508103,-0.197574 51.499606", "From Craven Street, Strand to Phillimore Gardens, Kensington"
"LINESTRING (-0.205991 51.501391,-0.197574 51.499606", "From Abbotsbury Road, Holland Park to Phillimore Gardens, Kensington"
"LINESTRING (-0.190393 51.490163,-0.197574 51.499606", "From Bramham Gardens, Earl's Court to Phillimore Gardens, Kensington"
"LINESTRING (-0.149035 51.481121,-0.197574 51.499606", "From Sopwith Way, Battersea Park to Phillimore Gardens, Kensington"
"LINESTRING (-0.214428 51.486062,-0.197574 51.499606", "From Greyhound Road, Hammersmith to Phillimore Gardens, Kensington"
"LINESTRING (-0.192404 51.496481,-0.197574 51.499606", "From Marloes Road, Kensington to Phillimore Gardens, Kensington"
"LINESTRING (-0.200742 51.502319,-0.197574 51.499606", "From Holland Park, Kensington to Phillimore Gardens, Kensington"
"LINESTRING (-0.179854 51.501715,-0.197574 51.499606", "From Queen's Gate, Kensington Gardens to Phillimore Gardens, Kensington"
"LINESTRING (-0.18267 51.494185,-0.197574 51.499606", "From Gloucester Road Station, South Kensington to Phillimore Gardens, Kensington"
"LINESTRING (-0.2135 51.496927,-0.197574 51.499606", "From Blythe Road, Olympia to Phillimore Gardens, Kensington"
"LINESTRING (-0.215804 51.494347,-0.197574 51.499606", "From Brook Green South, Brook Green to Phillimore Gardens, Kensington"
"LINESTRING (-0.208485 51.478939,-0.197574 51.499606", "From St. Peter's Terrace, Fulham to Phillimore Gardens, Kensington"
"LINESTRING (-0.209494 51.498157,-0.197574 51.499606", "From Kensington Olympia Station, Olympia to Phillimore Gardens, Kensington"
"LINESTRING (-0.152317 51.499412,-0.197574 51.499606", "From Belgrave Square, Belgravia to Phillimore Gardens, Kensington"
"LINESTRING (-0.179854 51.501715,-0.197574 51.499606", "From Queen's Gate, Kensington Gardens to Phillimore Gardens, Kensington"
"LINESTRING (-0.217515 51.500353,-0.197574 51.499606", "From Richmond Way, Shepherd's Bush to Phillimore Gardens, Kensington"
"LINESTRING (-0.187404 51.487958,-0.197574 51.499606", "From Harcourt Terrace, West Brompton to Phillimore Gardens, Kensington"
"LINESTRING (-0.215804 51.494347,-0.197574 51.499606", "From Brook Green South, Brook Green to Phillimore Gardens, Kensington"
"LINESTRING (-0.210941 51.504199,-0.197574 51.499606", "From Addison Road, Holland Park to Phillimore Gardens, Kensington"
"LINESTRING (-0.196422 51.509353,-0.197574 51.499606", "From Notting Hill Gate Station, Notting Hill to Phillimore Gardens, Kensington"
"LINESTRING (-0.198286 51.493724,-0.197574 51.499606", "From West Cromwell Road, Earl's Court to Phillimore Gardens, Kensington"
"LINESTRING (-0.209121 51.491026,-0.197574 51.499606", "From Gwendwr Road, West Kensington to Phillimore Gardens, Kensington"
"LINESTRING (-0.191496 51.503157,-0.197574 51.499606", "From Kensington Church Street, Kensington to Phillimore Gardens, Kensington"
"LINESTRING (-0.21819 51.511486,-0.197574 51.499606", "From Evesham Street, Avondale to Phillimore Gardens, Kensington"
"LINESTRING (-0.113885 51.51165,-0.197574 51.499606", "From Arundel Street to Phillimore Gardens, Kensington"
"LINESTRING (-0.135777 51.51953,-0.197574 51.499606", "From Charlotte Street, Fitzrovia to Phillimore Gardens, Kensington"
"LINESTRING (-0.1844 51.502042,-0.197574 51.499606", "From Palace Gate, Kensington Gardens to Phillimore Gardens, Kensington"
"LINESTRING (-0.21985 51.493267,-0.197574 51.499606", "From Hammersmith Road, Hammersmith to Phillimore Gardens, Kensington"
"LINESTRING (-0.132845 51.489975,-0.197574 51.499606", "From Rampayne Street, Pimlico to Phillimore Gardens, Kensington"
"LINESTRING (-0.215895 51.476885,-0.197574 51.499606", "From Finlay Street, Fulham to Phillimore Gardens, Kensington"
"LINESTRING (-0.197609 51.483911,-0.197574 51.499606", "From Halford Road, West Kensington to Phillimore Gardens, Kensington"
"LINESTRING (-0.209121 51.491026,-0.197574 51.499606", "From Gwendwr Road, West Kensington to Phillimore Gardens, Kensington"
"LINESTRING (-0.190346 51.46822,-0.197574 51.499606", "From Stephendale Road, Sands End to Phillimore Gardens, Kensington"
"LINESTRING (-0.215804 51.494347,-0.197574 51.499606", "From Brook Green South, Brook Green to Phillimore Gardens, Kensington"
"LINESTRING (-0.223852 51.483732,-0.197574 51.499606", "From Rainville Road, Hammersmith to Phillimore Gardens, Kensington"
"LINESTRING (-0.223852 51.483732,-0.197574 51.499606", "From Rainville Road, Hammersmith to Phillimore Gardens, Kensington"
"LINESTRING (-0.142345 51.510662,-0.197574 51.499606", "From Clifford Street, Mayfair to Phillimore Gardens, Kensington"
"LINESTRING (-0.1844 51.502042,-0.197574 51.499606", "From Palace Gate, Kensington Gardens to Phillimore Gardens, Kensington"
"LINESTRING (-0.2174 51.504038,-0.197574 51.499606", "From Woodstock Grove, Shepherd's Bush to Phillimore Gardens, Kensington"
"LINESTRING (-0.032267 51.525501,-0.084605 51.521283", "From Maplin Street, Mile End to Christopher Street, Liverpool Street"
"LINESTRING (-0.047218 51.526041,-0.084605 51.521283", "From Bancroft Road, Bethnal Green to Christopher Street, Liverpool Street"
"LINESTRING (-0.076341 51.534464,-0.084605 51.521283", "From Whiston Road, Haggerston to Christopher Street, Liverpool Street"
"LINESTRING (-0.112824 51.503791,-0.084605 51.521283", "From Waterloo Station 3, Waterloo to Christopher Street, Liverpool Street"
"LINESTRING (-0.079608 51.521668,-0.084605 51.521283", "From Worship Street, Shoreditch to Christopher Street, Liverpool Street"
"LINESTRING (-0.112824 51.503791,-0.084605 51.521283", "From Waterloo Station 3, Waterloo to Christopher Street, Liverpool Street"
"LINESTRING (-0.120202 51.523346,-0.084605 51.521283", "From Guilford Street , Bloomsbury to Christopher Street, Liverpool Street"
"LINESTRING (-0.133201 51.512515,-0.084605 51.521283", "From Wardour Street, Soho to Christopher Street, Liverpool Street"
"LINESTRING (-0.112824 51.503791,-0.084605 51.521283", "From Waterloo Station 3, Waterloo to Christopher Street, Liverpool Street"
"LINESTRING (-0.117619 51.509943,-0.084605 51.521283", "From Somerset House, Strand to Christopher Street, Liverpool Street"
"LINESTRING (-0.08299 51.53213,-0.084605 51.521283", "From Pitfield Street Central, Hoxton to Christopher Street, Liverpool Street"
"LINESTRING (-0.097441 51.511961,-0.084605 51.521283", "From Queen Victoria Street, St. Paul's to Christopher Street, Liverpool Street"
"LINESTRING (-0.06111 51.518675,-0.084605 51.521283", "From Royal London Hospital, Whitechapel to Christopher Street, Liverpool Street"
"LINESTRING (-0.087262 51.506304,-0.084605 51.521283", "From Duke Street Hill, London Bridge to Christopher Street, Liverpool Street"
"LINESTRING (-0.06691 51.507131,-0.084605 51.521283", "From Nesham Street, Wapping to Christopher Street, Liverpool Street"
"LINESTRING (-0.069543 51.525645,-0.084605 51.521283", "From Granby Street, Shoreditch to Christopher Street, Liverpool Street"
"LINESTRING (-0.08249 51.53558,-0.084605 51.521283", "From Pitfield Street North,Hoxton to Christopher Street, Liverpool Street"
"LINESTRING (-0.086379 51.534042,-0.084605 51.521283", "From Shoreditch Park, Hoxton to Christopher Street, Liverpool Street"
"LINESTRING (-0.096496 51.517821,-0.084605 51.521283", "From Museum of London, Barbican to Christopher Street, Liverpool Street"
"LINESTRING (-0.089887 51.520858,-0.084605 51.521283", "From Bunhill Row, Moorgate to Christopher Street, Liverpool Street"
"LINESTRING (-0.054162 51.536424,-0.084605 51.521283", "From Victoria Park Road, Hackney Central to Christopher Street, Liverpool Street"
"LINESTRING (-0.075375 51.528187,-0.084605 51.521283", "From Columbia Road, Shoreditch to Christopher Street, Liverpool Street"
"LINESTRING (-0.117619 51.509943,-0.084605 51.521283", "From Somerset House, Strand to Christopher Street, Liverpool Street"
"LINESTRING (-0.089887 51.520858,-0.084605 51.521283", "From Bunhill Row, Moorgate to Christopher Street, Liverpool Street"
"LINESTRING (-0.094934 51.522954,-0.084605 51.521283", "From Roscoe Street, St. Luke's to Christopher Street, Liverpool Street"
"LINESTRING (-0.10997 51.529163,-0.084605 51.521283", "From River Street , Clerkenwell to Christopher Street, Liverpool Street"
"LINESTRING (-0.139221 51.461388,-0.084605 51.521283", "From Clapham Common Station, Clapham Common to Christopher Street, Liverpool Street"
"LINESTRING (-0.13225 51.528833,-0.084605 51.521283", "From Doric Way , Somers Town to Christopher Street, Liverpool Street"
"LINESTRING (-0.09315 51.53356,-0.084605 51.521283", "From Eagle Wharf Road, Hoxton to Christopher Street, Liverpool Street"
"LINESTRING (-0.058681 51.506946,-0.084605 51.521283", "From Reardon Street, Wapping to Christopher Street, Liverpool Street"
"LINESTRING (-0.149004 51.485821,-0.084605 51.521283", "From Chelsea Bridge, Pimlico to Christopher Street, Liverpool Street"
"LINESTRING (-0.123823 51.501513,-0.084605 51.521283", "From Westminster Pier, Westminster to Christopher Street, Liverpool Street"
"LINESTRING (-0.070329 51.539083,-0.084605 51.521283", "From Shoreditch Court, Haggerston to Christopher Street, Liverpool Street"
"LINESTRING (-0.102757 51.536384,-0.084605 51.521283", "From Islington Green, Angel to Christopher Street, Liverpool Street"
"LINESTRING (-0.053177 51.515975,-0.084605 51.521283", "From Jubilee Street, Stepney to Christopher Street, Liverpool Street"
"LINESTRING (-0.130504 51.526838,-0.120973 51.530059", "From Endsleigh Gardens, Euston to St. Chad's Street, King's Cross"
"LINESTRING (-0.088285 51.519069,-0.120973 51.530059", "From Moorfields, Moorgate to St. Chad's Street, King's Cross"
"LINESTRING (-0.085634 51.520962,-0.120973 51.530059", "From Finsbury Square , Moorgate to St. Chad's Street, King's Cross"
"LINESTRING (-0.148105 51.514759,-0.120973 51.530059", "From Marylebone Lane, Marylebone to St. Chad's Street, King's Cross"
"LINESTRING (-0.138846 51.510048,-0.120973 51.530059", "From Sackville Street, Mayfair to St. Chad's Street, King's Cross"
"LINESTRING (-0.124678 51.51908,-0.120973 51.530059", "From British Museum, Bloomsbury to St. Chad's Street, King's Cross"
"LINESTRING (-0.114079 51.522264,-0.120973 51.530059", "From Northington Street , Holborn to St. Chad's Street, King's Cross"
"LINESTRING (-0.131861 51.527068,-0.120973 51.530059", "From Euston Square Gardens, Euston to St. Chad's Street, King's Cross"
"LINESTRING (-0.124749 51.509462,-0.120973 51.530059", "From William IV Street, Strand to St. Chad's Street, King's Cross"
"LINESTRING (-0.086379 51.534042,-0.120973 51.530059", "From Shoreditch Park, Hoxton to St. Chad's Street, King's Cross"
"LINESTRING (-0.13214 51.519572,-0.120973 51.530059", "From Store Street, Bloomsbury to St. Chad's Street, King's Cross"
"LINESTRING (-0.122299 51.530199,-0.120973 51.530059", "From Birkenhead Street, King's Cross to St. Chad's Street, King's Cross"
"LINESTRING (-0.116279 51.524564,-0.120973 51.530059", "From Wren Street, Holborn to St. Chad's Street, King's Cross"
"LINESTRING (-0.130504 51.526838,-0.120973 51.530059", "From Endsleigh Gardens, Euston to St. Chad's Street, King's Cross"
"LINESTRING (-0.132102 51.498125,-0.120973 51.530059", "From Abbey Orchard Street, Westminster to St. Chad's Street, King's Cross"
"LINESTRING (-0.122502 51.523951,-0.120973 51.530059", "From Brunswick Square, Bloomsbury to St. Chad's Street, King's Cross"
"LINESTRING (-0.112721 51.536392,-0.120973 51.530059", "From Charlotte Terrace, Angel to St. Chad's Street, King's Cross"
"LINESTRING (-0.163347 51.474392,-0.156876 51.49313", "From Albert Bridge Road, Battersea Park to Sedding Street, Sloane Square"
"LINESTRING (-0.167919 51.484984,-0.156876 51.49313", "From Phene Street, Chelsea to Sedding Street, Sloane Square"
"LINESTRING (-0.168917 51.497056,-0.156876 51.49313", "From Holy Trinity Brompton, Knightsbridge to Sedding Street, Sloane Square"
"LINESTRING (-0.163347 51.474392,-0.156876 51.49313", "From Albert Bridge Road, Battersea Park to Sedding Street, Sloane Square"
"LINESTRING (-0.170194 51.489716,-0.156876 51.49313", "From St. Luke's Church, Chelsea to Sedding Street, Sloane Square"
"LINESTRING (-0.147714 51.483507,-0.156876 51.49313", "From Battersea Power Station, Battersea Park to Sedding Street, Sloane Square"
"LINESTRING (-0.119022 51.469202,-0.156876 51.49313", "From Sidney Road, Stockwell to Sedding Street, Sloane Square"
"LINESTRING (-0.147714 51.483507,-0.156876 51.49313", "From Battersea Power Station, Battersea Park to Sedding Street, Sloane Square"
"LINESTRING (-0.16375 51.465064,-0.156876 51.49313", "From Dorothy Road, Clapham Junction to Sedding Street, Sloane Square"
"LINESTRING (-0.123823 51.501513,-0.156876 51.49313", "From Westminster Pier, Westminster to Sedding Street, Sloane Square"
"LINESTRING (-0.166878 51.488023,-0.156876 51.49313", "From Flood Street, Chelsea to Sedding Street, Sloane Square"
"LINESTRING (-0.18267 51.494185,-0.156876 51.49313", "From Gloucester Road Station, South Kensington to Sedding Street, Sloane Square"
"LINESTRING (-0.18119 51.490945,-0.156876 51.49313", "From Old Brompton Road, South Kensington to Sedding Street, Sloane Square"
"LINESTRING (-0.164786 51.477292,-0.156876 51.49313", "From Ethelburga Estate, Battersea Park to Sedding Street, Sloane Square"
"LINESTRING (-0.164786 51.477292,-0.156876 51.49313", "From Ethelburga Estate, Battersea Park to Sedding Street, Sloane Square"
"LINESTRING (-0.165471 51.498884,-0.156876 51.49313", "From Montpelier Street, Knightsbridge to Sedding Street, Sloane Square"
"LINESTRING (-0.166221 51.490714,-0.156876 51.49313", "From Chelsea Green, Chelsea to Sedding Street, Sloane Square"
"LINESTRING (-0.14177 51.479501,-0.156876 51.49313", "From Battersea Park Road, Nine Elms to Sedding Street, Sloane Square"
"LINESTRING (-0.158105 51.494645,-0.156876 51.49313", "From Cadogan Place, Knightsbridge to Sedding Street, Sloane Square"
"LINESTRING (-0.149551 51.477619,-0.156876 51.49313", "From Queen's Circus, Battersea Park to Sedding Street, Sloane Square"
"LINESTRING (-0.149035 51.481121,-0.156876 51.49313", "From Sopwith Way, Battersea Park to Sedding Street, Sloane Square"
"LINESTRING (-0.189155 51.477292,-0.156876 51.49313", "From Michael Road, Walham Green to Sedding Street, Sloane Square"
"LINESTRING (-0.111435 51.48894,-0.156876 51.49313", "From Kennington Cross, Kennington to Sedding Street, Sloane Square"
"LINESTRING (-0.077178 51.514449,-0.156876 51.49313", "From Houndsditch, Aldgate to Sedding Street, Sloane Square"
"LINESTRING (-0.124826 51.516226,-0.156876 51.49313", "From High Holborn , Covent Garden to Sedding Street, Sloane Square"
"LINESTRING (-0.147857 51.477966,-0.156876 51.49313", "From Gas Holders, Battersea Park to Sedding Street, Sloane Square"
"LINESTRING (-0.180274 51.481805,-0.156876 51.49313", "From World's End Place, West Chelsea to Sedding Street, Sloane Square"
"LINESTRING (-0.185273 51.481765,-0.156876 51.49313", "From Hortensia Road, West Brompton to Sedding Street, Sloane Square"
"LINESTRING (-0.149035 51.481121,-0.156876 51.49313", "From Sopwith Way, Battersea Park to Sedding Street, Sloane Square"
"LINESTRING (-0.187404 51.487958,-0.156876 51.49313", "From Harcourt Terrace, West Brompton to Sedding Street, Sloane Square"
"LINESTRING (-0.183853 51.480898,-0.156876 51.49313", "From Thorndike Close, West Chelsea to Sedding Street, Sloane Square"
"LINESTRING (-0.193502 51.467064,-0.156876 51.49313", "From South Park, Sands End to Sedding Street, Sloane Square"
"LINESTRING (-0.182435 51.478169,-0.156876 51.49313", "From Upcerne Road, West Chelsea to Sedding Street, Sloane Square"
"LINESTRING (-0.192165 51.457529,-0.156876 51.49313", "From Ram Street, Wandsworth to Sedding Street, Sloane Square"
"LINESTRING (-0.167894 51.493184,-0.156876 51.49313", "From Sloane Avenue, Knightsbridge to Sedding Street, Sloane Square"
"LINESTRING (-0.163347 51.474392,-0.156876 51.49313", "From Albert Bridge Road, Battersea Park to Sedding Street, Sloane Square"
"LINESTRING (-0.16716 51.47518,-0.156876 51.49313", "From Surrey Lane, Battersea to Sedding Street, Sloane Square"
"LINESTRING (-0.164786 51.477292,-0.156876 51.49313", "From Ethelburga Estate, Battersea Park to Sedding Street, Sloane Square"
"LINESTRING (-0.174971 51.485121,-0.156876 51.49313", "From The Vale, Chelsea to Sedding Street, Sloane Square"
"LINESTRING (-0.183853 51.480898,-0.156876 51.49313", "From Thorndike Close, West Chelsea to Sedding Street, Sloane Square"
"LINESTRING (-0.141812 51.469259,-0.156876 51.49313", "From Wandsworth Rd, Isley Court, Wandsworth Road to Sedding Street, Sloane Square"
"LINESTRING (-0.147714 51.483507,-0.156876 51.49313", "From Battersea Power Station, Battersea Park to Sedding Street, Sloane Square"
"LINESTRING (-0.149186 51.490491,-0.156876 51.49313", "From Ebury Bridge, Pimlico to Sedding Street, Sloane Square"
"LINESTRING (-0.166221 51.490714,-0.156876 51.49313", "From Chelsea Green, Chelsea to Sedding Street, Sloane Square"
"LINESTRING (-0.180274 51.481805,-0.156876 51.49313", "From World's End Place, West Chelsea to Sedding Street, Sloane Square"
"LINESTRING (-0.183853 51.480898,-0.156876 51.49313", "From Thorndike Close, West Chelsea to Sedding Street, Sloane Square"
"LINESTRING (-0.166878 51.488023,-0.156876 51.49313", "From Flood Street, Chelsea to Sedding Street, Sloane Square"
"LINESTRING (-0.135635 51.488226,-0.156876 51.49313", "From St. George's Square, Pimlico to Sedding Street, Sloane Square"
"LINESTRING (-0.146544 51.468669,-0.156876 51.49313", "From Heath Road, Battersea to Sedding Street, Sloane Square"
"LINESTRING (-0.135635 51.488226,-0.156876 51.49313", "From St. George's Square, Pimlico to Sedding Street, Sloane Square"
"LINESTRING (-0.15823 51.46879,-0.156876 51.49313", "From Holden Street, Battersea to Sedding Street, Sloane Square"
"LINESTRING (-0.132845 51.489975,-0.156876 51.49313", "From Rampayne Street, Pimlico to Sedding Street, Sloane Square"
"LINESTRING (-0.163347 51.474392,-0.156876 51.49313", "From Albert Bridge Road, Battersea Park to Sedding Street, Sloane Square"
"LINESTRING (-0.163347 51.474392,-0.156876 51.49313", "From Albert Bridge Road, Battersea Park to Sedding Street, Sloane Square"
"LINESTRING (-0.170983 51.486892,-0.156876 51.49313", "From Manresa Road, Chelsea to Sedding Street, Sloane Square"
"LINESTRING (-0.192369 51.491593,-0.156876 51.49313", "From Penywern Road, Earl's Court to Sedding Street, Sloane Square"
"LINESTRING (-0.164786 51.477292,-0.156876 51.49313", "From Ethelburga Estate, Battersea Park to Sedding Street, Sloane Square"
"LINESTRING (-0.124469 51.485917,-0.156876 51.49313", "From Vauxhall Cross, Vauxhall to Sedding Street, Sloane Square"
"LINESTRING (-0.138733 51.496753,-0.156876 51.49313", "From Howick Place, Westminster to Sedding Street, Sloane Square"
"LINESTRING (-0.147624 51.49395,-0.156876 51.49313", "From Eccleston Place, Victoria to Sedding Street, Sloane Square"
"LINESTRING (-0.141812 51.469259,-0.156876 51.49313", "From Wandsworth Rd, Isley Court, Wandsworth Road to Sedding Street, Sloane Square"
"LINESTRING (-0.208485 51.478939,-0.156876 51.49313", "From St. Peter's Terrace, Fulham to Sedding Street, Sloane Square"
"LINESTRING (-0.174971 51.485121,-0.156876 51.49313", "From The Vale, Chelsea to Sedding Street, Sloane Square"
"LINESTRING (-0.134621 51.507424,-0.156876 51.49313", "From St. James's Square, St. James's to Sedding Street, Sloane Square"
"LINESTRING (-0.135635 51.488226,-0.156876 51.49313", "From St. George's Square, Pimlico to Sedding Street, Sloane Square"
"LINESTRING (-0.161765 51.487964,-0.156876 51.49313", "From Ormonde Gate, Chelsea to Sedding Street, Sloane Square"
"LINESTRING (-0.156876 51.49313,-0.156876 51.49313", "From Sedding Street, Sloane Square to Sedding Street, Sloane Square"
"LINESTRING (-0.172078 51.482567,-0.156876 51.49313", "From Danvers Street, West Chelsea to Sedding Street, Sloane Square"
"LINESTRING (-0.180274 51.481805,-0.156876 51.49313", "From World's End Place, West Chelsea to Sedding Street, Sloane Square"
"LINESTRING (-0.183853 51.480898,-0.156876 51.49313", "From Thorndike Close, West Chelsea to Sedding Street, Sloane Square"
"LINESTRING (-0.131213 51.513103,-0.156876 51.49313", "From Frith Street, Soho to Sedding Street, Sloane Square"
"LINESTRING (-0.167919 51.484984,-0.156876 51.49313", "From Phene Street, Chelsea to Sedding Street, Sloane Square"
"LINESTRING (-0.179038 51.479573,-0.156876 51.49313", "From Lots Road, West Chelsea to Sedding Street, Sloane Square"
"LINESTRING (-0.159169 51.475153,-0.156876 51.49313", "From Prince of Wales Drive, Battersea Park to Sedding Street, Sloane Square"
"LINESTRING (-0.187427 51.460864,-0.156876 51.49313", "From Wandsworth Town Station, Wandsworth to Sedding Street, Sloane Square"
"LINESTRING (-0.127554 51.493978,-0.156876 51.49313", "From Page Street, Westminster to Sedding Street, Sloane Square"
"LINESTRING (-0.187427 51.460864,-0.156876 51.49313", "From Wandsworth Town Station, Wandsworth to Sedding Street, Sloane Square"
"LINESTRING (-0.185273 51.481765,-0.156876 51.49313", "From Hortensia Road, West Brompton to Sedding Street, Sloane Square"
"LINESTRING (-0.204815 51.484386,-0.156876 51.49313", "From Normand Park, West Kensington to Sedding Street, Sloane Square"
"LINESTRING (-0.162298 51.522511,-0.156876 51.49313", "From Boston Place, Marylebone to Sedding Street, Sloane Square"
"LINESTRING (-0.176268 51.524826,-0.144228 51.518117", "From Aberdeen Place, St. John's Wood to Broadcasting House, Marylebone"
"LINESTRING (-0.154907 51.522481,-0.144228 51.518117", "From Westminster University, Marylebone to Broadcasting House, Marylebone"
"LINESTRING (-0.14296 51.497998,-0.144228 51.518117", "From Warwick Row, Westminster to Broadcasting House, Marylebone"
"LINESTRING (-0.141923 51.489856,-0.144228 51.518117", "From Warwick Square, Pimlico to Broadcasting House, Marylebone"
"LINESTRING (-0.17977 51.51348,-0.144228 51.518117", "From Devonshire Terrace, Bayswater to Broadcasting House, Marylebone"
"LINESTRING (-0.158249 51.516892,-0.144228 51.518117", "From George Place Mews, Marylebone to Broadcasting House, Marylebone"
"LINESTRING (-0.205284 51.496712,-0.144228 51.518117", "From Warwick Road, Olympia to Broadcasting House, Marylebone"
"LINESTRING (-0.13151 51.509639,-0.144228 51.518117", "From Panton Street, West End to Broadcasting House, Marylebone"
"LINESTRING (-0.153933 51.494561,-0.144228 51.518117", "From Eaton Square (South), Belgravia to Broadcasting House, Marylebone"
"LINESTRING (-0.183846 51.523344,-0.144228 51.518117", "From Warwick Avenue Station, Maida Vale to Broadcasting House, Marylebone"
"LINESTRING (-0.183486 51.529857,-0.144228 51.518117", "From Maida Vale, Maida Vale to Broadcasting House, Marylebone"
"LINESTRING (-0.178433 51.492479,-0.144228 51.518117", "From Queen's Gate (South), South Kensington to Broadcasting House, Marylebone"
"LINESTRING (-0.140947 51.49616,-0.144228 51.518117", "From Ashley Place, Victoria to Broadcasting House, Marylebone"
"LINESTRING (-0.161113 51.522596,-0.144228 51.518117", "From Dorset Square, Marylebone to Broadcasting House, Marylebone"
"LINESTRING (-0.137043 51.511897,-0.144228 51.518117", "From Golden Square, Soho to Broadcasting House, Marylebone"
"LINESTRING (-0.17581 51.517335,-0.144228 51.518117", "From South Wharf Road, Paddington to Broadcasting House, Marylebone"
"LINESTRING (-0.099981 51.532661,-0.144228 51.518117", "From Graham Street, Angel to Broadcasting House, Marylebone"
"LINESTRING (-0.162298 51.522511,-0.144228 51.518117", "From Boston Place, Marylebone to Broadcasting House, Marylebone"
"LINESTRING (-0.147154 51.537349,-0.144228 51.518117", "From Gloucester Avenue, Camden Town to Broadcasting House, Marylebone"
"LINESTRING (-0.178656 51.501432,-0.144228 51.518117", "From Kensington Gore, Knightsbridge to Broadcasting House, Marylebone"
"LINESTRING (-0.13214 51.519572,-0.144228 51.518117", "From Store Street, Bloomsbury to Broadcasting House, Marylebone"
"LINESTRING (-0.164393 51.516517,-0.144228 51.518117", "From Nutford Place, Marylebone to Broadcasting House, Marylebone"
"LINESTRING (-0.123616 51.529943,-0.144228 51.518117", "From Belgrove Street , King's Cross to Broadcasting House, Marylebone"
"LINESTRING (-0.138846 51.510048,-0.144228 51.518117", "From Sackville Street, Mayfair to Broadcasting House, Marylebone"
"LINESTRING (-0.145246 51.539957,-0.144228 51.518117", "From Arlington Road, Camden Town to Broadcasting House, Marylebone"
"LINESTRING (-0.116688 51.520596,-0.144228 51.518117", "From Theobald's Road , Holborn to Broadcasting House, Marylebone"
"LINESTRING (-0.136052 51.527326,-0.144228 51.518117", "From Drummond Street , Euston to Broadcasting House, Marylebone"
"LINESTRING (-0.123616 51.529943,-0.144228 51.518117", "From Belgrove Street , King's Cross to Broadcasting House, Marylebone"
"LINESTRING (-0.130699 51.50777,-0.144228 51.518117", "From Pall Mall East, West End to Broadcasting House, Marylebone"
"LINESTRING (-0.123616 51.529943,-0.144228 51.518117", "From Belgrove Street , King's Cross to Broadcasting House, Marylebone"
"LINESTRING (-0.136039 51.519914,-0.144228 51.518117", "From Scala Street, Fitzrovia to Broadcasting House, Marylebone"
"LINESTRING (-0.179369 51.487196,-0.144228 51.518117", "From Drayton Gardens, West Chelsea to Broadcasting House, Marylebone"
"LINESTRING (-0.143613 51.523518,-0.144228 51.518117", "From Bolsover Street, Fitzrovia to Broadcasting House, Marylebone"
"LINESTRING (-0.157183 51.52026,-0.144228 51.518117", "From Crawford Street, Marylebone to Broadcasting House, Marylebone"
"LINESTRING (-0.145211 51.520715,-0.144228 51.518117", "From Portland Place, Marylebone to Broadcasting House, Marylebone"
"LINESTRING (-0.116493 51.477839,-0.144228 51.518117", "From Caldwell Street, Stockwell to Broadcasting House, Marylebone"
"LINESTRING (-0.183486 51.529857,-0.144228 51.518117", "From Maida Vale, Maida Vale to Broadcasting House, Marylebone"
"LINESTRING (-0.09885 51.515418,-0.144228 51.518117", "From Newgate Street , St. Paul's to Broadcasting House, Marylebone"
"LINESTRING (-0.193764 51.508605,-0.144228 51.518117", "From Palace Gardens Terrace, Notting Hill to Broadcasting House, Marylebone"
"LINESTRING (-0.140947 51.49616,-0.144228 51.518117", "From Ashley Place, Victoria to Broadcasting House, Marylebone"
"LINESTRING (-0.130699 51.50777,-0.144228 51.518117", "From Pall Mall East, West End to Broadcasting House, Marylebone"
"LINESTRING (-0.06555 51.528681,-0.144228 51.518117", "From Durant Street, Bethnal Green to Broadcasting House, Marylebone"
"LINESTRING (-0.131213 51.513103,-0.144228 51.518117", "From Frith Street, Soho to Broadcasting House, Marylebone"
"LINESTRING (-0.174971 51.485121,-0.168074 51.5343", "From The Vale, Chelsea to Charlbert Street, St. John's Wood"
"LINESTRING (-0.102757 51.536384,-0.168074 51.5343", "From Islington Green, Angel to Charlbert Street, St. John's Wood"
"LINESTRING (-0.158963 51.524517,-0.168074 51.5343", "From Park Road (Baker Street), The Regent's Park to Charlbert Street, St. John's Wood"
"LINESTRING (-0.183486 51.529857,-0.168074 51.5343", "From Maida Vale, Maida Vale to Charlbert Street, St. John's Wood"
"LINESTRING (-0.172528 51.533043,-0.168074 51.5343", "From Wellington Road, St. John's Wood to Charlbert Street, St. John's Wood"
"LINESTRING (-0.147154 51.537349,-0.168074 51.5343", "From Gloucester Avenue, Camden Town to Charlbert Street, St. John's Wood"
"LINESTRING (-0.201005 51.51787,-0.168074 51.5343", "From Westbourne Park Road, Portobello to Charlbert Street, St. John's Wood"
"LINESTRING (-0.175116 51.523353,-0.168074 51.5343", "From Frampton Street, Paddington to Charlbert Street, St. John's Wood"
"LINESTRING (-0.13011 51.513527,-0.168074 51.5343", "From Moor Street, Soho to Charlbert Street, St. John's Wood"
"LINESTRING (-0.165842 51.522029,-0.168074 51.5343", "From Bell Street , Marylebone to Charlbert Street, St. John's Wood"
"LINESTRING (-0.169774 51.519968,-0.168074 51.5343", "From Edgware Road Station, Marylebone to Charlbert Street, St. John's Wood"
"LINESTRING (-0.161113 51.522596,-0.168074 51.5343", "From Dorset Square, Marylebone to Charlbert Street, St. John's Wood"
"LINESTRING (-0.131161 51.52505,-0.168074 51.5343", "From Taviton Street, Bloomsbury to Charlbert Street, St. John's Wood"
"LINESTRING (-0.158264 51.514577,-0.168074 51.5343", "From Old Quebec Street, Marylebone to Charlbert Street, St. John's Wood"
"LINESTRING (-0.139016 51.520994,-0.168074 51.5343", "From Howland Street, Fitzrovia to Charlbert Street, St. John's Wood"
"LINESTRING (-0.144466 51.528302,-0.168074 51.5343", "From Albany Street, The Regent's Park to Charlbert Street, St. John's Wood"
"LINESTRING (-0.13011 51.513527,-0.168074 51.5343", "From Moor Street, Soho to Charlbert Street, St. John's Wood"
"LINESTRING (-0.143495 51.509992,-0.168074 51.5343", "From Grafton Street, Mayfair to Charlbert Street, St. John's Wood"
"LINESTRING (-0.151359 51.522008,-0.168074 51.5343", "From Beaumont Street, Marylebone to Charlbert Street, St. John's Wood"
"LINESTRING (-0.158963 51.524517,-0.168074 51.5343", "From Park Road (Baker Street), The Regent's Park to Charlbert Street, St. John's Wood"
"LINESTRING (-0.130431 51.52168,-0.183486 51.529857", "From Malet Street, Bloomsbury to Maida Vale, Maida Vale"
"LINESTRING (-0.187402 51.51031,-0.183486 51.529857", "From Queensway, Kensington Gardens to Maida Vale, Maida Vale"
"LINESTRING (-0.191496 51.503157,-0.183486 51.529857", "From Kensington Church Street, Kensington to Maida Vale, Maida Vale"
"LINESTRING (-0.133201 51.512515,-0.183486 51.529857", "From Wardour Street, Soho to Maida Vale, Maida Vale"
"LINESTRING (-0.165164 51.514746,-0.183486 51.529857", "From Porchester Place, Paddington to Maida Vale, Maida Vale"
"LINESTRING (-0.144664 51.538071,-0.183486 51.529857", "From Parkway, Camden Town to Maida Vale, Maida Vale"
"LINESTRING (-0.151126 51.510919,-0.183486 51.529857", "From Millennium Hotel, Mayfair to Maida Vale, Maida Vale"
"LINESTRING (-0.154907 51.522481,-0.183486 51.529857", "From Westminster University, Marylebone to Maida Vale, Maida Vale"
"LINESTRING (-0.151926 51.516814,-0.183486 51.529857", "From Hinde Street, Marylebone to Maida Vale, Maida Vale"
"LINESTRING (-0.175116 51.523353,-0.183486 51.529857", "From Frampton Street, Paddington to Maida Vale, Maida Vale"
"LINESTRING (-0.185296 51.495362,-0.183486 51.529857", "From Emperor's Gate, South Kensington to Maida Vale, Maida Vale"
"LINESTRING (-0.156166 51.518913,-0.183486 51.529857", "From Baker Street, Marylebone to Maida Vale, Maida Vale"
"LINESTRING (-0.165668 51.524561,-0.183486 51.529857", "From Broadley Terrace, Marylebone to Maida Vale, Maida Vale"
"LINESTRING (-0.147203 51.515308,-0.183486 51.529857", "From Chapel Place, Marylebone to Maida Vale, Maida Vale"
"LINESTRING (-0.147154 51.537349,-0.183486 51.529857", "From Gloucester Avenue, Camden Town to Maida Vale, Maida Vale"
"LINESTRING (-0.138853 51.541603,-0.183486 51.529857", "From Bonny Street, Camden Town to Maida Vale, Maida Vale"
"LINESTRING (-0.169774 51.519968,-0.183486 51.529857", "From Edgware Road Station, Marylebone to Maida Vale, Maida Vale"
"LINESTRING (-0.191351 51.513489,-0.183486 51.529857", "From Princes Square, Bayswater to Maida Vale, Maida Vale"
"LINESTRING (-0.142844 51.506613,-0.183486 51.529857", "From Green Park Station, Mayfair to Maida Vale, Maida Vale"
"LINESTRING (-0.191933 51.495866,-0.183486 51.529857", "From Lexham Gardens, Kensington to Maida Vale, Maida Vale"
"LINESTRING (-0.171103 51.518268,-0.183486 51.529857", "From St Mary's Hospital, Paddington to Maida Vale, Maida Vale"
"LINESTRING (-0.13011 51.513527,-0.183486 51.529857", "From Moor Street, Soho to Maida Vale, Maida Vale"
"LINESTRING (-0.179592 51.525575,-0.183486 51.529857", "From Clifton Road, Maida Vale to Maida Vale, Maida Vale"
"LINESTRING (-0.169249 51.515953,-0.183486 51.529857", "From Southwick Street, Paddington to Maida Vale, Maida Vale"
"LINESTRING (-0.169774 51.519968,-0.183486 51.529857", "From Edgware Road Station, Marylebone to Maida Vale, Maida Vale"
"LINESTRING (-0.158264 51.514577,-0.183486 51.529857", "From Old Quebec Street, Marylebone to Maida Vale, Maida Vale"
"LINESTRING (-0.178433 51.492479,-0.183486 51.529857", "From Queen's Gate (South), South Kensington to Maida Vale, Maida Vale"
"LINESTRING (-0.087262 51.506304,-0.09644 51.507385", "From Duke Street Hill, London Bridge to New Globe Walk, Bankside"
"LINESTRING (-0.110889 51.495718,-0.09644 51.507385", "From Kennington Road  , Vauxhall to New Globe Walk, Bankside"
"LINESTRING (-0.079249 51.518908,-0.09644 51.507385", "From Brushfield Street, Liverpool Street to New Globe Walk, Bankside"
"LINESTRING (-0.087262 51.506304,-0.09644 51.507385", "From Duke Street Hill, London Bridge to New Globe Walk, Bankside"
"LINESTRING (-0.100292 51.501732,-0.09644 51.507385", "From Great Suffolk Street, The Borough to New Globe Walk, Bankside"
"LINESTRING (-0.144165 51.510736,-0.09644 51.507385", "From Bruton Street, Mayfair to New Globe Walk, Bankside"
"LINESTRING (-0.120909 51.516128,-0.09644 51.507385", "From Newton Street, Covent Garden to New Globe Walk, Bankside"
"LINESTRING (-0.071653 51.522617,-0.09644 51.507385", "From Brick Lane Market, Shoreditch to New Globe Walk, Bankside"
"LINESTRING (-0.147478 51.492369,-0.09644 51.507385", "From Elizabeth Bridge, Victoria to New Globe Walk, Bankside"
"LINESTRING (-0.122219 51.51477,-0.09644 51.507385", "From Drury Lane, Covent Garden to New Globe Walk, Bankside"
"LINESTRING (-0.115533 51.504942,-0.09644 51.507385", "From Concert Hall Approach 2, South Bank to New Globe Walk, Bankside"
"LINESTRING (-0.09885 51.515418,-0.09644 51.507385", "From Newgate Street , St. Paul's to New Globe Walk, Bankside"
"LINESTRING (-0.133972 51.472993,-0.09644 51.507385", "From Union Grove, Wandsworth Road to New Globe Walk, Bankside"
"LINESTRING (-0.0786 51.500647,-0.09644 51.507385", "From Tanner Street, Bermondsey to New Globe Walk, Bankside"
"LINESTRING (-0.126874 51.47787,-0.09644 51.507385", "From Hartington Road, Stockwell to New Globe Walk, Bankside"
"LINESTRING (-0.096518 51.491327,-0.09644 51.507385", "From Walworth Square, Walworth to New Globe Walk, Bankside"
"LINESTRING (-0.098807 51.506725,-0.09644 51.507385", "From Tate Modern, Bankside to New Globe Walk, Bankside"
"LINESTRING (-0.122831 51.472509,-0.09644 51.507385", "From Binfield Road, Stockwell to New Globe Walk, Bankside"
"LINESTRING (-0.054883 51.522561,-0.09644 51.507385", "From Cephas Street, Bethnal Green to New Globe Walk, Bankside"
"LINESTRING (-0.070329 51.539083,-0.09644 51.507385", "From Shoreditch Court, Haggerston to New Globe Walk, Bankside"
"LINESTRING (-0.093903 51.530991,-0.09644 51.507385", "From Wenlock Road , Hoxton to New Globe Walk, Bankside"
"LINESTRING (-0.135025 51.518162,-0.09644 51.507385", "From Rathbone Street, Fitzrovia to New Globe Walk, Bankside"
"LINESTRING (-0.136039 51.519914,-0.09644 51.507385", "From Scala Street, Fitzrovia to New Globe Walk, Bankside"
"LINESTRING (-0.136928 51.493985,-0.09644 51.507385", "From Vincent Square, Westminster to New Globe Walk, Bankside"
"LINESTRING (-0.087262 51.506304,-0.09644 51.507385", "From Duke Street Hill, London Bridge to New Globe Walk, Bankside"
"LINESTRING (-0.074704 51.500845,-0.09644 51.507385", "From Tower Wharf, Bermondsey to New Globe Walk, Bankside"
"LINESTRING (-0.112824 51.503791,-0.09644 51.507385", "From Waterloo Station 3, Waterloo to New Globe Walk, Bankside"
"LINESTRING (-0.107927 51.513821,-0.09644 51.507385", "From Bouverie Street, Temple to New Globe Walk, Bankside"
"LINESTRING (-0.08974 51.500823,-0.09644 51.507385", "From Empire Square, The Borough to New Globe Walk, Bankside"
"LINESTRING (-0.106 51.496127,-0.09644 51.507385", "From Geraldine Street, Elephant & Castle to New Globe Walk, Bankside"
"LINESTRING (-0.091401 51.518093,-0.09644 51.507385", "From Fore Street Avenue, Guildhall to New Globe Walk, Bankside"
"LINESTRING (-0.113001 51.50486,-0.09644 51.507385", "From Waterloo Road, South Bank to New Globe Walk, Bankside"
"LINESTRING (-0.098807 51.506725,-0.09644 51.507385", "From Tate Modern, Bankside to New Globe Walk, Bankside"
"LINESTRING (-0.07962 51.503493,-0.092754 51.505974", "From Tooley Street, Bermondsey to Park Street, Bankside"
"LINESTRING (-0.111014 51.493686,-0.092754 51.505974", "From Walnut Tree Walk, Vauxhall to Park Street, Bankside"
"LINESTRING (-0.085814 51.495061,-0.092754 51.505974", "From Bricklayers Arms, Borough to Park Street, Bankside"
"LINESTRING (-0.106823 51.508033,-0.092754 51.505974", "From Sea Containers, South Bank to Park Street, Bankside"
"LINESTRING (-0.089887 51.520858,-0.092754 51.505974", "From Bunhill Row, Moorgate to Park Street, Bankside"
"LINESTRING (-0.098807 51.506725,-0.092754 51.505974", "From Tate Modern, Bankside to Park Street, Bankside"
"LINESTRING (-0.149569 51.50274,-0.092754 51.505974", "From Wellington Arch, Hyde Park to Park Street, Bankside"
"LINESTRING (-0.096191 51.498597,-0.092754 51.505974", "From Harper Road, The Borough to Park Street, Bankside"
"LINESTRING (-0.09644 51.507385,-0.092754 51.505974", "From New Globe Walk, Bankside to Park Street, Bankside"
"LINESTRING (-0.101536 51.49217,-0.092754 51.505974", "From Hampton Street, Walworth to Park Street, Bankside"
"LINESTRING (-0.149569 51.50274,-0.092754 51.505974", "From Wellington Arch, Hyde Park to Park Street, Bankside"
"LINESTRING (-0.09644 51.507385,-0.092754 51.505974", "From New Globe Walk, Bankside to Park Street, Bankside"
"LINESTRING (-0.116191 51.535467,-0.122502 51.523951", "From Carnegie Street, King's Cross to Brunswick Square, Bloomsbury"
"LINESTRING (-0.136039 51.519914,-0.122502 51.523951", "From Scala Street, Fitzrovia to Brunswick Square, Bloomsbury"
"LINESTRING (-0.105596 51.505342,-0.122502 51.523951", "From Colombo Street, Southwark to Brunswick Square, Bloomsbury"
"LINESTRING (-0.114079 51.522264,-0.122502 51.523951", "From Northington Street , Holborn to Brunswick Square, Bloomsbury"
"LINESTRING (-0.138019 51.524438,-0.122502 51.523951", "From Warren Street Station, Euston to Brunswick Square, Bloomsbury"
"LINESTRING (-0.119558 51.528279,-0.122502 51.523951", "From Cromer Street, Bloomsbury to Brunswick Square, Bloomsbury"
"LINESTRING (-0.129386 51.534123,-0.122502 51.523951", "From Pancras Road, King's Cross to Brunswick Square, Bloomsbury"
"LINESTRING (-0.12335 51.51746,-0.122502 51.523951", "From Bury Place, Holborn to Brunswick Square, Bloomsbury"
"LINESTRING (-0.122502 51.523951,-0.122502 51.523951", "From Brunswick Square, Bloomsbury to Brunswick Square, Bloomsbury"
"LINESTRING (-0.125979 51.526357,-0.122502 51.523951", "From Cartwright Gardens , Bloomsbury to Brunswick Square, Bloomsbury"
"LINESTRING (-0.130504 51.526838,-0.122502 51.523951", "From Endsleigh Gardens, Euston to Brunswick Square, Bloomsbury"
"LINESTRING (-0.101026 51.528246,-0.122502 51.523951", "From Goswell Road (City Uni), Finsbury to Brunswick Square, Bloomsbury"
"LINESTRING (-0.129386 51.534123,-0.122502 51.523951", "From Pancras Road, King's Cross to Brunswick Square, Bloomsbury"
"LINESTRING (-0.169774 51.519968,-0.122502 51.523951", "From Edgware Road Station, Marylebone to Brunswick Square, Bloomsbury"
"LINESTRING (-0.042744 51.530326,-0.122502 51.523951", "From Twig Folly Bridge, Mile End to Brunswick Square, Bloomsbury"
"LINESTRING (-0.114079 51.522264,-0.122502 51.523951", "From Northington Street , Holborn to Brunswick Square, Bloomsbury"
"LINESTRING (-0.125979 51.526357,-0.122502 51.523951", "From Cartwright Gardens , Bloomsbury to Brunswick Square, Bloomsbury"
"LINESTRING (-0.10997 51.529163,-0.122502 51.523951", "From River Street , Clerkenwell to Brunswick Square, Bloomsbury"
"LINESTRING (-0.102757 51.536384,-0.122502 51.523951", "From Islington Green, Angel to Brunswick Square, Bloomsbury"
"LINESTRING (-0.125441 51.541596,-0.122502 51.523951", "From York Way, Kings Cross to Brunswick Square, Bloomsbury"
"LINESTRING (-0.101026 51.528246,-0.122502 51.523951", "From Goswell Road (City Uni), Finsbury to Brunswick Square, Bloomsbury"
"LINESTRING (-0.12335 51.51746,-0.122502 51.523951", "From Bury Place, Holborn to Brunswick Square, Bloomsbury"
"LINESTRING (-0.101026 51.528246,-0.122502 51.523951", "From Goswell Road (City Uni), Finsbury to Brunswick Square, Bloomsbury"
"LINESTRING (-0.09885 51.515418,-0.122502 51.523951", "From Newgate Street , St. Paul's to Brunswick Square, Bloomsbury"
"LINESTRING (-0.118295 51.52728,-0.122502 51.523951", "From Ampton Street , Clerkenwell to Brunswick Square, Bloomsbury"
"LINESTRING (-0.136039 51.519914,-0.122502 51.523951", "From Scala Street, Fitzrovia to Brunswick Square, Bloomsbury"
"LINESTRING (-0.12335 51.51746,-0.122502 51.523951", "From Bury Place, Holborn to Brunswick Square, Bloomsbury"
"LINESTRING (-0.099489 51.524868,-0.122502 51.523951", "From Sadlers Sports Centre, Finsbury to Brunswick Square, Bloomsbury"
"LINESTRING (-0.118295 51.52728,-0.122502 51.523951", "From Ampton Street , Clerkenwell to Brunswick Square, Bloomsbury"
"LINESTRING (-0.11548 51.528915,-0.122502 51.523951", "From Great Percy Street, Clerkenwell to Brunswick Square, Bloomsbury"
"LINESTRING (-0.105312 51.504043,-0.122502 51.523951", "From Southwark Station 1, Southwark to Brunswick Square, Bloomsbury"
"LINESTRING (-0.135777 51.51953,-0.122502 51.523951", "From Charlotte Street, Fitzrovia to Brunswick Square, Bloomsbury"
"LINESTRING (-0.116688 51.520596,-0.122502 51.523951", "From Theobald's Road , Holborn to Brunswick Square, Bloomsbury"
"LINESTRING (-0.11548 51.528915,-0.122502 51.523951", "From Great Percy Street, Clerkenwell to Brunswick Square, Bloomsbury"
"LINESTRING (-0.083353 51.529537,-0.122502 51.523951", "From Fanshaw Street, Hoxton to Brunswick Square, Bloomsbury"
"LINESTRING (-0.075578 51.52127,-0.130431 51.52168", "From Commercial Street, Shoreditch to Malet Street, Bloomsbury"
"LINESTRING (-0.104298 51.526717,-0.130431 51.52168", "From Finsbury Library , Finsbury to Malet Street, Bloomsbury"
"LINESTRING (-0.139174 51.533019,-0.130431 51.52168", "From Harrington Square 1, Camden Town to Malet Street, Bloomsbury"
"LINESTRING (-0.124121 51.523418,-0.130431 51.52168", "From Russell Square Station, Bloomsbury to Malet Street, Bloomsbury"
"LINESTRING (-0.115156 51.489479,-0.130431 51.52168", "From Sancroft Street, Vauxhall to Malet Street, Bloomsbury"
"LINESTRING (-0.17581 51.517335,-0.130431 51.52168", "From South Wharf Road, Paddington to Malet Street, Bloomsbury"
"LINESTRING (-0.17581 51.517335,-0.130431 51.52168", "From South Wharf Road, Paddington to Malet Street, Bloomsbury"
"LINESTRING (-0.13225 51.528833,-0.130431 51.52168", "From Doric Way , Somers Town to Malet Street, Bloomsbury"
"LINESTRING (-0.138846 51.510048,-0.130431 51.52168", "From Sackville Street, Mayfair to Malet Street, Bloomsbury"
"LINESTRING (-0.128585 51.516118,-0.130431 51.52168", "From Earnshaw Street , Covent Garden to Malet Street, Bloomsbury"
"LINESTRING (-0.17977 51.51348,-0.130431 51.52168", "From Devonshire Terrace, Bayswater to Malet Street, Bloomsbury"
"LINESTRING (-0.132053 51.518587,-0.130431 51.52168", "From Bayley Street , Bloomsbury to Malet Street, Bloomsbury"
"LINESTRING (-0.176645 51.518622,-0.130431 51.52168", "From North Wharf Road, Paddington to Malet Street, Bloomsbury"
"LINESTRING (-0.15934 51.500241,-0.130431 51.52168", "From Harriet Street, Knightsbridge to Malet Street, Bloomsbury"
"LINESTRING (-0.091401 51.518093,-0.130431 51.52168", "From Fore Street Avenue, Guildhall to Malet Street, Bloomsbury"
"LINESTRING (-0.115533 51.504942,-0.130431 51.52168", "From Concert Hall Approach 2, South Bank to Malet Street, Bloomsbury"
"LINESTRING (-0.125979 51.526357,-0.130431 51.52168", "From Cartwright Gardens , Bloomsbury to Malet Street, Bloomsbury"
"LINESTRING (-0.157275 51.510017,-0.130431 51.52168", "From Park Lane , Hyde Park to Malet Street, Bloomsbury"
"LINESTRING (-0.154907 51.522481,-0.130431 51.52168", "From Westminster University, Marylebone to Malet Street, Bloomsbury"
"LINESTRING (-0.123509 51.52625,-0.130431 51.52168", "From Tavistock Place, Bloomsbury to Malet Street, Bloomsbury"
"LINESTRING (-0.138853 51.541603,-0.130431 51.52168", "From Bonny Street, Camden Town to Malet Street, Bloomsbury"
"LINESTRING (-0.118677 51.5338,-0.130431 51.52168", "From Killick Street, King's Cross to Malet Street, Bloomsbury"
"LINESTRING (-0.118272 51.516277,-0.130431 51.52168", "From Lincoln's Inn Fields, Holborn to Malet Street, Bloomsbury"
"LINESTRING (-0.135777 51.51953,-0.130431 51.52168", "From Charlotte Street, Fitzrovia to Malet Street, Bloomsbury"
"LINESTRING (-0.141728 51.539099,-0.130431 51.52168", "From Greenland Road, Camden Town to Malet Street, Bloomsbury"
"LINESTRING (-0.116688 51.520596,-0.130431 51.52168", "From Theobald's Road , Holborn to Malet Street, Bloomsbury"
"LINESTRING (-0.143613 51.523518,-0.130431 51.52168", "From Bolsover Street, Fitzrovia to Malet Street, Bloomsbury"
"LINESTRING (-0.13214 51.519572,-0.130431 51.52168", "From Store Street, Bloomsbury to Malet Street, Bloomsbury"
"LINESTRING (-0.119123 51.519435,-0.130431 51.52168", "From Red Lion Square, Holborn to Malet Street, Bloomsbury"
"LINESTRING (-0.06415 51.51295,-0.130431 51.52168", "From Christian Street, Whitechapel to Malet Street, Bloomsbury"
"LINESTRING (-0.151126 51.510919,-0.130431 51.52168", "From Millennium Hotel, Mayfair to Malet Street, Bloomsbury"
"LINESTRING (-0.123616 51.529943,-0.130431 51.52168", "From Belgrove Street , King's Cross to Malet Street, Bloomsbury"
"LINESTRING (-0.174411 51.511933,-0.130431 51.52168", "From Bayswater Road, Hyde Park to Malet Street, Bloomsbury"
"LINESTRING (-0.114079 51.522264,-0.130431 51.52168", "From Northington Street , Holborn to Malet Street, Bloomsbury"
"LINESTRING (-0.09315 51.53356,-0.130431 51.52168", "From Eagle Wharf Road, Hoxton to Malet Street, Bloomsbury"
"LINESTRING (-0.113426 51.503919,-0.130431 51.52168", "From Waterloo Station 2, Waterloo to Malet Street, Bloomsbury"
"LINESTRING (-0.124678 51.51908,-0.130431 51.52168", "From British Museum, Bloomsbury to Malet Street, Bloomsbury"
"LINESTRING (-0.097122 51.529423,-0.130431 51.52168", "From Macclesfield Rd, St Lukes to Malet Street, Bloomsbury"
"LINESTRING (-0.100292 51.501732,-0.130431 51.52168", "From Great Suffolk Street, The Borough to Malet Street, Bloomsbury"
"LINESTRING (-0.174653 51.527294,-0.130431 51.52168", "From St. John's Wood Road, St. John's Wood to Malet Street, Bloomsbury"
"LINESTRING (-0.099981 51.532661,-0.130431 51.52168", "From Graham Street, Angel to Malet Street, Bloomsbury"
"LINESTRING (-0.116279 51.524564,-0.130431 51.52168", "From Wren Street, Holborn to Malet Street, Bloomsbury"
"LINESTRING (-0.130431 51.52168,-0.130431 51.52168", "From Malet Street, Bloomsbury to Malet Street, Bloomsbury"
"LINESTRING (-0.103604 51.517334,-0.130431 51.52168", "From Snow Hill, Farringdon to Malet Street, Bloomsbury"
"LINESTRING (-0.120202 51.523346,-0.130431 51.52168", "From Guilford Street , Bloomsbury to Malet Street, Bloomsbury"
"LINESTRING (-0.138089 51.484839,-0.130431 51.52168", "From Claverton Street, Pimlico to Malet Street, Bloomsbury"
"LINESTRING (-0.138846 51.510048,-0.130431 51.52168", "From Sackville Street, Mayfair to Malet Street, Bloomsbury"
"LINESTRING (-0.086685 51.517075,-0.130431 51.52168", "From Finsbury Circus, Liverpool Street to Malet Street, Bloomsbury"
"LINESTRING (-0.143495 51.509992,-0.130431 51.52168", "From Grafton Street, Mayfair to Malet Street, Bloomsbury"
"LINESTRING (-0.104947 51.516785,-0.130431 51.52168", "From Farringdon Street, Holborn to Malet Street, Bloomsbury"
"LINESTRING (-0.128585 51.516118,-0.130431 51.52168", "From Earnshaw Street , Covent Garden to Malet Street, Bloomsbury"
"LINESTRING (-0.123509 51.52625,-0.136039 51.519914", "From Tavistock Place, Bloomsbury to Scala Street, Fitzrovia"
"LINESTRING (-0.166304 51.525051,-0.136039 51.519914", "From Mallory Street, Marylebone to Scala Street, Fitzrovia"
"LINESTRING (-0.147154 51.537349,-0.136039 51.519914", "From Gloucester Avenue, Camden Town to Scala Street, Fitzrovia"
"LINESTRING (-0.115533 51.504942,-0.136039 51.519914", "From Concert Hall Approach 2, South Bank to Scala Street, Fitzrovia"
"LINESTRING (-0.120973 51.530059,-0.136039 51.519914", "From St. Chad's Street, King's Cross to Scala Street, Fitzrovia"
"LINESTRING (-0.11934 51.531066,-0.136039 51.519914", "From Northdown Street, King's Cross to Scala Street, Fitzrovia"
"LINESTRING (-0.090847 51.525893,-0.136039 51.519914", "From Bath Street, St. Luke's to Scala Street, Fitzrovia"
"LINESTRING (-0.17581 51.517335,-0.136039 51.519914", "From South Wharf Road, Paddington to Scala Street, Fitzrovia"
"LINESTRING (-0.125078 51.534667,-0.136039 51.519914", "From Good's Way, King's Cross to Scala Street, Fitzrovia"
"LINESTRING (-0.161113 51.522596,-0.136039 51.519914", "From Dorset Square, Marylebone to Scala Street, Fitzrovia"
"LINESTRING (-0.104708 51.52326,-0.136039 51.519914", "From Clerkenwell Green, Clerkenwell to Scala Street, Fitzrovia"
"LINESTRING (-0.17677 51.530889,-0.136039 51.519914", "From Grove End Road, St. John's Wood to Scala Street, Fitzrovia"
"LINESTRING (-0.154106 51.517703,-0.136039 51.519914", "From George Street, Marylebone to Scala Street, Fitzrovia"
"LINESTRING (-0.100791 51.518218,-0.136039 51.519914", "From West Smithfield Rotunda, Farringdon to Scala Street, Fitzrovia"
"LINESTRING (-0.069543 51.525645,-0.136039 51.519914", "From Granby Street, Shoreditch to Scala Street, Fitzrovia"
"LINESTRING (-0.108657 51.51795,-0.123616 51.529943", "From Holborn Circus, Holborn to Belgrove Street , King's Cross"
"LINESTRING (-0.171681 51.522892,-0.123616 51.529943", "From Penfold Street, Marylebone to Belgrove Street , King's Cross"
"LINESTRING (-0.113864 51.504027,-0.123616 51.529943", "From Waterloo Station 1, Waterloo to Belgrove Street , King's Cross"
"LINESTRING (-0.139016 51.520994,-0.123616 51.529943", "From Howland Street, Fitzrovia to Belgrove Street , King's Cross"
"LINESTRING (-0.132053 51.518587,-0.123616 51.529943", "From Bayley Street , Bloomsbury to Belgrove Street , King's Cross"
"LINESTRING (-0.103604 51.517334,-0.123616 51.529943", "From Snow Hill, Farringdon to Belgrove Street , King's Cross"
"LINESTRING (-0.147983 51.519167,-0.123616 51.529943", "From New Cavendish Street, Marylebone to Belgrove Street , King's Cross"
"LINESTRING (-0.078869 51.521113,-0.123616 51.529943", "From Norton Folgate, Liverpool Street to Belgrove Street , King's Cross"
"LINESTRING (-0.137043 51.511897,-0.123616 51.529943", "From Golden Square, Soho to Belgrove Street , King's Cross"
"LINESTRING (-0.163609 51.51809,-0.123616 51.529943", "From Shouldham Street, Marylebone to Belgrove Street , King's Cross"
"LINESTRING (-0.132053 51.518587,-0.123616 51.529943", "From Bayley Street , Bloomsbury to Belgrove Street , King's Cross"
"LINESTRING (-0.123823 51.501513,-0.123616 51.529943", "From Westminster Pier, Westminster to Belgrove Street , King's Cross"
"LINESTRING (-0.144228 51.518117,-0.123616 51.529943", "From Broadcasting House, Marylebone to Belgrove Street , King's Cross"
"LINESTRING (-0.132102 51.498125,-0.123616 51.529943", "From Abbey Orchard Street, Westminster to Belgrove Street , King's Cross"
"LINESTRING (-0.148105 51.514759,-0.123616 51.529943", "From Marylebone Lane, Marylebone to Belgrove Street , King's Cross"
"LINESTRING (-0.116191 51.535467,-0.123616 51.529943", "From Carnegie Street, King's Cross to Belgrove Street , King's Cross"
"LINESTRING (-0.117863 51.515208,-0.123616 51.529943", "From Sardinia Street, Holborn to Belgrove Street , King's Cross"
"LINESTRING (-0.073955 51.526293,-0.123616 51.529943", "From Palissy Street, Shoreditch to Belgrove Street , King's Cross"
"LINESTRING (-0.120202 51.523346,-0.123616 51.529943", "From Guilford Street , Bloomsbury to Belgrove Street , King's Cross"
"LINESTRING (-0.120202 51.523346,-0.123616 51.529943", "From Guilford Street , Bloomsbury to Belgrove Street , King's Cross"
"LINESTRING (-0.12335 51.51746,-0.123616 51.529943", "From Bury Place, Holborn to Belgrove Street , King's Cross"
"LINESTRING (-0.053558 51.511066,-0.123616 51.529943", "From Sutton Street, Shadwell to Belgrove Street , King's Cross"
"LINESTRING (-0.13214 51.519572,-0.123616 51.529943", "From Store Street, Bloomsbury to Belgrove Street , King's Cross"
"LINESTRING (-0.100186 51.505817,-0.123616 51.529943", "From Bankside Mix, Bankside to Belgrove Street , King's Cross"
"LINESTRING (-0.135777 51.51953,-0.123616 51.529943", "From Charlotte Street, Fitzrovia to Belgrove Street , King's Cross"
"LINESTRING (-0.127854 51.517727,-0.123616 51.529943", "From Great Russell Street, Bloomsbury to Belgrove Street , King's Cross"
"LINESTRING (-0.122502 51.523951,-0.123616 51.529943", "From Brunswick Square, Bloomsbury to Belgrove Street , King's Cross"
"LINESTRING (-0.110121 51.488105,-0.123616 51.529943", "From Cleaver Street, Kennington to Belgrove Street , King's Cross"
"LINESTRING (-0.138733 51.496753,-0.123616 51.529943", "From Howick Place, Westminster to Belgrove Street , King's Cross"
"LINESTRING (-0.138072 51.517344,-0.123616 51.529943", "From Wells Street, Fitzrovia to Belgrove Street , King's Cross"
"LINESTRING (-0.132053 51.518587,-0.123616 51.529943", "From Bayley Street , Bloomsbury to Belgrove Street , King's Cross"
"LINESTRING (-0.122219 51.51477,-0.123616 51.529943", "From Drury Lane, Covent Garden to Belgrove Street , King's Cross"
"LINESTRING (-0.096317 51.526008,-0.123616 51.529943", "From Finsbury Leisure Centre, St. Luke's to Belgrove Street , King's Cross"
"LINESTRING (-0.09294 51.511553,-0.123616 51.529943", "From Queen Street 1, Bank to Belgrove Street , King's Cross"
"LINESTRING (-0.104947 51.516785,-0.123616 51.529943", "From Farringdon Street, Holborn to Belgrove Street , King's Cross"
"LINESTRING (-0.171592 51.5289,-0.123616 51.529943", "From Lord's, St. John's Wood to Belgrove Street , King's Cross"
"LINESTRING (-0.13214 51.519572,-0.123616 51.529943", "From Store Street, Bloomsbury to Belgrove Street , King's Cross"
"LINESTRING (-0.155757 51.51013,-0.123616 51.529943", "From Upper Grosvenor Street, Mayfair to Belgrove Street , King's Cross"
"LINESTRING (-0.082422 51.516154,-0.123616 51.529943", "From Wormwood Street, Liverpool Street to Belgrove Street , King's Cross"
"LINESTRING (-0.109256 51.526443,-0.123616 51.529943", "From Tysoe Street, Clerkenwell to Belgrove Street , King's Cross"
"LINESTRING (-0.099489 51.524868,-0.123616 51.529943", "From Sadlers Sports Centre, Finsbury to Belgrove Street , King's Cross"
"LINESTRING (-0.112432 51.526599,-0.123616 51.529943", "From Margery Street, Clerkenwell to Belgrove Street , King's Cross"
"LINESTRING (-0.122219 51.51477,-0.123616 51.529943", "From Drury Lane, Covent Garden to Belgrove Street , King's Cross"
"LINESTRING (-0.138072 51.517344,-0.123616 51.529943", "From Wells Street, Fitzrovia to Belgrove Street , King's Cross"
"LINESTRING (-0.147478 51.492369,-0.123616 51.529943", "From Elizabeth Bridge, Victoria to Belgrove Street , King's Cross"
"LINESTRING (-0.124678 51.51908,-0.123616 51.529943", "From British Museum, Bloomsbury to Belgrove Street , King's Cross"
"LINESTRING (-0.144228 51.518117,-0.123616 51.529943", "From Broadcasting House, Marylebone to Belgrove Street , King's Cross"
"LINESTRING (-0.138019 51.524438,-0.123616 51.529943", "From Warren Street Station, Euston to Belgrove Street , King's Cross"
"LINESTRING (-0.137043 51.511897,-0.123616 51.529943", "From Golden Square, Soho to Belgrove Street , King's Cross"
"LINESTRING (-0.113656 51.505354,-0.123616 51.529943", "From Waterloo Bridge, South Bank to Belgrove Street , King's Cross"
"LINESTRING (-0.123616 51.529943,-0.123616 51.529943", "From Belgrove Street , King's Cross to Belgrove Street , King's Cross"
"LINESTRING (-0.135025 51.518162,-0.123616 51.529943", "From Rathbone Street, Fitzrovia to Belgrove Street , King's Cross"
"LINESTRING (-0.161113 51.522596,-0.123616 51.529943", "From Dorset Square, Marylebone to Belgrove Street , King's Cross"
"LINESTRING (-0.154106 51.517703,-0.123616 51.529943", "From George Street, Marylebone to Belgrove Street , King's Cross"
"LINESTRING (-0.103078 51.511934,-0.123616 51.529943", "From Blackfriars Station, St. Paul's to Belgrove Street , King's Cross"
"LINESTRING (-0.149551 51.477619,-0.123616 51.529943", "From Queen's Circus, Battersea Park to Belgrove Street , King's Cross"
"LINESTRING (-0.127554 51.493978,-0.123616 51.529943", "From Page Street, Westminster to Belgrove Street , King's Cross"
"LINESTRING (-0.138733 51.496753,-0.123616 51.529943", "From Howick Place, Westminster to Belgrove Street , King's Cross"
"LINESTRING (-0.127575 51.495805,-0.123616 51.529943", "From Smith Square, Westminster to Belgrove Street , King's Cross"
"LINESTRING (-0.155525 51.516204,-0.123616 51.529943", "From Portman Square, Marylebone to Belgrove Street , King's Cross"
"LINESTRING (-0.154106 51.517703,-0.123616 51.529943", "From George Street, Marylebone to Belgrove Street , King's Cross"
"LINESTRING (-0.13214 51.519572,-0.123616 51.529943", "From Store Street, Bloomsbury to Belgrove Street , King's Cross"
"LINESTRING (-0.135777 51.51953,-0.123616 51.529943", "From Charlotte Street, Fitzrovia to Belgrove Street , King's Cross"
"LINESTRING (-0.127854 51.517727,-0.123616 51.529943", "From Great Russell Street, Bloomsbury to Belgrove Street , King's Cross"
"LINESTRING (-0.158264 51.514577,-0.123616 51.529943", "From Old Quebec Street, Marylebone to Belgrove Street , King's Cross"
"LINESTRING (-0.174554 51.499917,-0.123616 51.529943", "From Exhibition Road, Knightsbridge to Belgrove Street , King's Cross"
"LINESTRING (-0.135777 51.51953,-0.123616 51.529943", "From Charlotte Street, Fitzrovia to Belgrove Street , King's Cross"
"LINESTRING (-0.090075 51.517842,-0.123616 51.529943", "From Fore Street, Guildhall to Belgrove Street , King's Cross"
"LINESTRING (-0.18119 51.485587,-0.123616 51.529943", "From Limerston Street, West Chelsea to Belgrove Street , King's Cross"
"LINESTRING (-0.082422 51.516154,-0.123616 51.529943", "From Wormwood Street, Liverpool Street to Belgrove Street , King's Cross"
"LINESTRING (-0.124678 51.51908,-0.123616 51.529943", "From British Museum, Bloomsbury to Belgrove Street , King's Cross"
"LINESTRING (-0.125078 51.534667,-0.123616 51.529943", "From Good's Way, King's Cross to Belgrove Street , King's Cross"
"LINESTRING (-0.08066 51.514225,-0.123616 51.529943", "From St. Mary Axe, Aldgate to Belgrove Street , King's Cross"
"LINESTRING (-0.123823 51.501513,-0.123616 51.529943", "From Westminster Pier, Westminster to Belgrove Street , King's Cross"
"LINESTRING (-0.132328 51.515631,-0.123616 51.529943", "From Soho Square , Soho to Belgrove Street , King's Cross"
"LINESTRING (-0.169249 51.515953,-0.123616 51.529943", "From Southwick Street, Paddington to Belgrove Street , King's Cross"
"LINESTRING (-0.147203 51.515308,-0.123616 51.529943", "From Chapel Place, Marylebone to Belgrove Street , King's Cross"
"LINESTRING (-0.082989 51.510484,-0.123616 51.529943", "From Great Tower Street, Monument to Belgrove Street , King's Cross"
"LINESTRING (-0.128279 51.5293,-0.123616 51.529943", "From Ossulston Street, Somers Town to Belgrove Street , King's Cross"
"LINESTRING (-0.154106 51.517703,-0.123616 51.529943", "From George Street, Marylebone to Belgrove Street , King's Cross"
"LINESTRING (-0.09294 51.511553,-0.123616 51.529943", "From Queen Street 1, Bank to Belgrove Street , King's Cross"
"LINESTRING (-0.116688 51.520596,-0.123616 51.529943", "From Theobald's Road , Holborn to Belgrove Street , King's Cross"
"LINESTRING (-0.130431 51.52168,-0.123616 51.529943", "From Malet Street, Bloomsbury to Belgrove Street , King's Cross"
"LINESTRING (-0.171103 51.518268,-0.123616 51.529943", "From St Mary's Hospital, Paddington to Belgrove Street , King's Cross"
"LINESTRING (-0.173693 51.495948,-0.123616 51.529943", "From Exhibition Road Museums 2, South Kensington to Belgrove Street , King's Cross"
"LINESTRING (-0.122759 51.487807,-0.123616 51.529943", "From New Spring Gardens Walk, Vauxhall to Belgrove Street , King's Cross"
"LINESTRING (-0.139016 51.520994,-0.123616 51.529943", "From Howland Street, Fitzrovia to Belgrove Street , King's Cross"
"LINESTRING (-0.104298 51.526717,-0.123616 51.529943", "From Finsbury Library , Finsbury to Belgrove Street , King's Cross"
"LINESTRING (-0.13214 51.519572,-0.123616 51.529943", "From Store Street, Bloomsbury to Belgrove Street , King's Cross"
"LINESTRING (-0.117122 51.490994,-0.123616 51.529943", "From Black Prince Road, Vauxhall to Belgrove Street , King's Cross"
"LINESTRING (-0.147203 51.515308,-0.123616 51.529943", "From Chapel Place, Marylebone to Belgrove Street , King's Cross"
"LINESTRING (-0.123179 51.506543,-0.123616 51.529943", "From Whitehall Place, Strand to Belgrove Street , King's Cross"
"LINESTRING (-0.130504 51.526838,-0.123616 51.529943", "From Endsleigh Gardens, Euston to Belgrove Street , King's Cross"
"LINESTRING (-0.129925 51.493072,-0.123616 51.529943", "From Vincent Street, Pimlico to Belgrove Street , King's Cross"
"LINESTRING (-0.127575 51.495805,-0.123616 51.529943", "From Smith Square, Westminster to Belgrove Street , King's Cross"
"LINESTRING (-0.10834 51.52352,-0.123616 51.529943", "From Farringdon Lane, Clerkenwell to Belgrove Street , King's Cross"
"LINESTRING (-0.127854 51.517727,-0.123616 51.529943", "From Great Russell Street, Bloomsbury to Belgrove Street , King's Cross"
"LINESTRING (-0.138231 51.525542,-0.123616 51.529943", "From Hampstead Road, Euston to Belgrove Street , King's Cross"
"LINESTRING (-0.107987 51.517428,-0.123616 51.529943", "From New Fetter Lane, Holborn to Belgrove Street , King's Cross"
"LINESTRING (-0.123179 51.506543,-0.123616 51.529943", "From Whitehall Place, Strand to Belgrove Street , King's Cross"
"LINESTRING (-0.124826 51.516226,-0.123616 51.529943", "From High Holborn , Covent Garden to Belgrove Street , King's Cross"
"LINESTRING (-0.124121 51.523418,-0.123616 51.529943", "From Russell Square Station, Bloomsbury to Belgrove Street , King's Cross"
"LINESTRING (-0.091401 51.518093,-0.123616 51.529943", "From Fore Street Avenue, Guildhall to Belgrove Street , King's Cross"
"LINESTRING (-0.144228 51.518117,-0.123616 51.529943", "From Broadcasting House, Marylebone to Belgrove Street , King's Cross"
"LINESTRING (-0.130699 51.50777,-0.123616 51.529943", "From Pall Mall East, West End to Belgrove Street , King's Cross"
"LINESTRING (-0.141423 51.514499,-0.123616 51.529943", "From Little Argyll Street, West End to Belgrove Street , King's Cross"
"LINESTRING (-0.145211 51.520715,-0.123616 51.529943", "From Portland Place, Marylebone to Belgrove Street , King's Cross"
"LINESTRING (-0.147203 51.515308,-0.123616 51.529943", "From Chapel Place, Marylebone to Belgrove Street , King's Cross"
"LINESTRING (-0.104708 51.52326,-0.123616 51.529943", "From Clerkenwell Green, Clerkenwell to Belgrove Street , King's Cross"
"LINESTRING (-0.13151 51.509639,-0.123616 51.529943", "From Panton Street, West End to Belgrove Street , King's Cross"
"LINESTRING (-0.079608 51.521668,-0.123616 51.529943", "From Worship Street, Shoreditch to Belgrove Street , King's Cross"
"LINESTRING (-0.112824 51.503791,-0.123616 51.529943", "From Waterloo Station 3, Waterloo to Belgrove Street , King's Cross"
"LINESTRING (-0.120202 51.523346,-0.123616 51.529943", "From Guilford Street , Bloomsbury to Belgrove Street , King's Cross"
"LINESTRING (-0.127854 51.517727,-0.123616 51.529943", "From Great Russell Street, Bloomsbury to Belgrove Street , King's Cross"
"LINESTRING (-0.096317 51.526008,-0.123616 51.529943", "From Finsbury Leisure Centre, St. Luke's to Belgrove Street , King's Cross"
"LINESTRING (-0.108657 51.51795,-0.123616 51.529943", "From Holborn Circus, Holborn to Belgrove Street , King's Cross"
"LINESTRING (-0.106408 51.530515,-0.123616 51.529943", "From Chadwell Street, Angel to Belgrove Street , King's Cross"
"LINESTRING (-0.11548 51.528915,-0.123616 51.529943", "From Great Percy Street, Clerkenwell to Belgrove Street , King's Cross"
"LINESTRING (-0.125972 51.49764,-0.123616 51.529943", "From Abingdon Green, Westminster to Belgrove Street , King's Cross"
"LINESTRING (-0.116688 51.520596,-0.123616 51.529943", "From Theobald's Road , Holborn to Belgrove Street , King's Cross"
"LINESTRING (-0.116688 51.520596,-0.123616 51.529943", "From Theobald's Road , Holborn to Belgrove Street , King's Cross"
"LINESTRING (-0.13214 51.519572,-0.123616 51.529943", "From Store Street, Bloomsbury to Belgrove Street , King's Cross"
"LINESTRING (-0.176645 51.518622,-0.123616 51.529943", "From North Wharf Road, Paddington to Belgrove Street , King's Cross"
"LINESTRING (-0.130431 51.52168,-0.123616 51.529943", "From Malet Street, Bloomsbury to Belgrove Street , King's Cross"
"LINESTRING (-0.124749 51.509462,-0.123616 51.529943", "From William IV Street, Strand to Belgrove Street , King's Cross"
"LINESTRING (-0.158963 51.524517,-0.123616 51.529943", "From Park Road (Baker Street), The Regent's Park to Belgrove Street , King's Cross"
"LINESTRING (-0.137043 51.511897,-0.123616 51.529943", "From Golden Square, Soho to Belgrove Street , King's Cross"
"LINESTRING (-0.151126 51.510919,-0.123616 51.529943", "From Millennium Hotel, Mayfair to Belgrove Street , King's Cross"
"LINESTRING (-0.116688 51.520596,-0.123616 51.529943", "From Theobald's Road , Holborn to Belgrove Street , King's Cross"
"LINESTRING (-0.12335 51.51746,-0.123616 51.529943", "From Bury Place, Holborn to Belgrove Street , King's Cross"
"LINESTRING (-0.124807 51.53724,-0.123616 51.529943", "From Handyside Street, King's Cross to Belgrove Street , King's Cross"
"LINESTRING (-0.128279 51.5293,-0.123616 51.529943", "From Ossulston Street, Somers Town to Belgrove Street , King's Cross"
"LINESTRING (-0.148105 51.514759,-0.123616 51.529943", "From Marylebone Lane, Marylebone to Belgrove Street , King's Cross"
"LINESTRING (-0.116279 51.524564,-0.123616 51.529943", "From Wren Street, Holborn to Belgrove Street , King's Cross"
"LINESTRING (-0.112432 51.526599,-0.123616 51.529943", "From Margery Street, Clerkenwell to Belgrove Street , King's Cross"
"LINESTRING (-0.123616 51.529943,-0.123616 51.529943", "From Belgrove Street , King's Cross to Belgrove Street , King's Cross"
"LINESTRING (-0.134621 51.507424,-0.123616 51.529943", "From St. James's Square, St. James's to Belgrove Street , King's Cross"
"LINESTRING (-0.130504 51.526838,-0.123616 51.529943", "From Endsleigh Gardens, Euston to Belgrove Street , King's Cross"
"LINESTRING (-0.124678 51.51908,-0.123616 51.529943", "From British Museum, Bloomsbury to Belgrove Street , King's Cross"
"LINESTRING (-0.141423 51.514499,-0.123616 51.529943", "From Little Argyll Street, West End to Belgrove Street , King's Cross"
"LINESTRING (-0.137424 51.498865,-0.123616 51.529943", "From Buckingham Gate, Westminster to Belgrove Street , King's Cross"
"LINESTRING (-0.116279 51.524564,-0.123616 51.529943", "From Wren Street, Holborn to Belgrove Street , King's Cross"
"LINESTRING (-0.145211 51.520715,-0.123616 51.529943", "From Portland Place, Marylebone to Belgrove Street , King's Cross"
"LINESTRING (-0.109006 51.521661,-0.123616 51.529943", "From Hatton Wall, Holborn to Belgrove Street , King's Cross"
"LINESTRING (-0.144228 51.518117,-0.123616 51.529943", "From Broadcasting House, Marylebone to Belgrove Street , King's Cross"
"LINESTRING (-0.133952 51.536264,-0.123616 51.529943", "From Royal College Street, Camden Town to Belgrove Street , King's Cross"
"LINESTRING (-0.145211 51.520715,-0.127854 51.517727", "From Portland Place, Marylebone to Great Russell Street, Bloomsbury"
"LINESTRING (-0.070133 51.515231,-0.127854 51.517727", "From Central House, Whitechapel to Great Russell Street, Bloomsbury"
"LINESTRING (-0.118478 51.514409,-0.127854 51.517727", "From Kingsway, Covent Garden to Great Russell Street, Bloomsbury"
"LINESTRING (-0.154907 51.522481,-0.127854 51.517727", "From Westminster University, Marylebone to Great Russell Street, Bloomsbury"
"LINESTRING (-0.110699 51.501444,-0.127854 51.517727", "From Baylis Road, Waterloo to Great Russell Street, Bloomsbury"
"LINESTRING (-0.130431 51.52168,-0.127854 51.517727", "From Malet Street, Bloomsbury to Great Russell Street, Bloomsbury"
"LINESTRING (-0.17306 51.505014,-0.127854 51.517727", "From Serpentine Car Park, Hyde Park to Great Russell Street, Bloomsbury"
"LINESTRING (-0.138072 51.517344,-0.127854 51.517727", "From Wells Street, Fitzrovia to Great Russell Street, Bloomsbury"
"LINESTRING (-0.117619 51.509943,-0.127854 51.517727", "From Somerset House, Strand to Great Russell Street, Bloomsbury"
"LINESTRING (-0.124807 51.53724,-0.127854 51.517727", "From Handyside Street, King's Cross to Great Russell Street, Bloomsbury"
"LINESTRING (-0.138846 51.510048,-0.127854 51.517727", "From Sackville Street, Mayfair to Great Russell Street, Bloomsbury"
"LINESTRING (-0.118295 51.52728,-0.127854 51.517727", "From Ampton Street , Clerkenwell to Great Russell Street, Bloomsbury"
"LINESTRING (-0.154701 51.520583,-0.127854 51.517727", "From Paddington Street, Marylebone to Great Russell Street, Bloomsbury"
"LINESTRING (-0.117619 51.509943,-0.127854 51.517727", "From Somerset House, Strand to Great Russell Street, Bloomsbury"
"LINESTRING (-0.086685 51.517075,-0.127854 51.517727", "From Finsbury Circus, Liverpool Street to Great Russell Street, Bloomsbury"
"LINESTRING (-0.088285 51.519069,-0.127854 51.517727", "From Moorfields, Moorgate to Great Russell Street, Bloomsbury"
"LINESTRING (-0.162298 51.522511,-0.127854 51.517727", "From Boston Place, Marylebone to Great Russell Street, Bloomsbury"
"LINESTRING (-0.138019 51.524438,-0.127854 51.517727", "From Warren Street Station, Euston to Great Russell Street, Bloomsbury"
"LINESTRING (-0.09885 51.515418,-0.127854 51.517727", "From Newgate Street , St. Paul's to Great Russell Street, Bloomsbury"
"LINESTRING (-0.142943 51.496863,-0.127854 51.517727", "From Allington Street, Victoria to Great Russell Street, Bloomsbury"
"LINESTRING (-0.113864 51.504027,-0.127854 51.517727", "From Waterloo Station 1, Waterloo to Great Russell Street, Bloomsbury"
"LINESTRING (-0.088542 51.527025,-0.127854 51.517727", "From Baldwin Street, St. Luke's to Great Russell Street, Bloomsbury"
"LINESTRING (-0.174554 51.499917,-0.127854 51.517727", "From Exhibition Road, Knightsbridge to Great Russell Street, Bloomsbury"
"LINESTRING (-0.109006 51.521661,-0.127854 51.517727", "From Hatton Wall, Holborn to Great Russell Street, Bloomsbury"
"LINESTRING (-0.123616 51.529943,-0.127854 51.517727", "From Belgrove Street , King's Cross to Great Russell Street, Bloomsbury"
"LINESTRING (-0.139625 51.490962,-0.127854 51.517727", "From Gloucester Street, Pimlico to Great Russell Street, Bloomsbury"
"LINESTRING (-0.117619 51.509943,-0.127854 51.517727", "From Somerset House, Strand to Great Russell Street, Bloomsbury"
"LINESTRING (-0.16862 51.53256,-0.127854 51.517727", "From Greenberry Street, St.John's Wood to Great Russell Street, Bloomsbury"
"LINESTRING (-0.079248 51.524526,-0.127854 51.517727", "From New Inn Yard, Shoreditch to Great Russell Street, Bloomsbury"
"LINESTRING (-0.123616 51.529943,-0.125979 51.526357", "From Belgrove Street , King's Cross to Cartwright Gardens , Bloomsbury"
"LINESTRING (-0.151359 51.522008,-0.125979 51.526357", "From Beaumont Street, Marylebone to Cartwright Gardens , Bloomsbury"
"LINESTRING (-0.132328 51.515631,-0.125979 51.526357", "From Soho Square , Soho to Cartwright Gardens , Bloomsbury"
"LINESTRING (-0.114079 51.522264,-0.125979 51.526357", "From Northington Street , Holborn to Cartwright Gardens , Bloomsbury"
"LINESTRING (-0.096317 51.526008,-0.125979 51.526357", "From Finsbury Leisure Centre, St. Luke's to Cartwright Gardens , Bloomsbury"
"LINESTRING (-0.102208 51.526153,-0.125979 51.526357", "From Percival Street, Finsbury to Cartwright Gardens , Bloomsbury"
"LINESTRING (-0.125979 51.526357,-0.125979 51.526357", "From Cartwright Gardens , Bloomsbury to Cartwright Gardens , Bloomsbury"
"LINESTRING (-0.106408 51.530515,-0.125979 51.526357", "From Chadwell Street, Angel to Cartwright Gardens , Bloomsbury"
"LINESTRING (-0.116279 51.524564,-0.125979 51.526357", "From Wren Street, Holborn to Cartwright Gardens , Bloomsbury"
"LINESTRING (-0.114079 51.522264,-0.125979 51.526357", "From Northington Street , Holborn to Cartwright Gardens , Bloomsbury"
"LINESTRING (-0.092176 51.520044,-0.125979 51.526357", "From Barbican Centre, Barbican to Cartwright Gardens , Bloomsbury"
"LINESTRING (-0.138019 51.524438,-0.125979 51.526357", "From Warren Street Station, Euston to Cartwright Gardens , Bloomsbury"
"LINESTRING (-0.125979 51.526357,-0.125979 51.526357", "From Cartwright Gardens , Bloomsbury to Cartwright Gardens , Bloomsbury"
"LINESTRING (-0.12335 51.51746,-0.125979 51.526357", "From Bury Place, Holborn to Cartwright Gardens , Bloomsbury"
"LINESTRING (-0.134407 51.526236,-0.125979 51.526357", "From Euston Road, Euston to Cartwright Gardens , Bloomsbury"
"LINESTRING (-0.092921 51.494436,-0.125979 51.526357", "From New Kent Road, The Borough to Cartwright Gardens , Bloomsbury"
"LINESTRING (-0.129386 51.534123,-0.125979 51.526357", "From Pancras Road, King's Cross to Cartwright Gardens , Bloomsbury"
"LINESTRING (-0.138853 51.541603,-0.125979 51.526357", "From Bonny Street, Camden Town to Cartwright Gardens , Bloomsbury"
"LINESTRING (-0.125078 51.534667,-0.125979 51.526357", "From Good's Way, King's Cross to Cartwright Gardens , Bloomsbury"
"LINESTRING (-0.118272 51.516277,-0.125979 51.526357", "From Lincoln's Inn Fields, Holborn to Cartwright Gardens , Bloomsbury"
"LINESTRING (-0.117069 51.53136,-0.125979 51.526357", "From Calshot Street , King's Cross to Cartwright Gardens , Bloomsbury"
"LINESTRING (-0.136792 51.533005,-0.125979 51.526357", "From Eversholt Street , Camden Town to Cartwright Gardens , Bloomsbury"
"LINESTRING (-0.125979 51.526357,-0.125979 51.526357", "From Cartwright Gardens , Bloomsbury to Cartwright Gardens , Bloomsbury"
"LINESTRING (-0.125979 51.526357,-0.125979 51.526357", "From Cartwright Gardens , Bloomsbury to Cartwright Gardens , Bloomsbury"
"LINESTRING (-0.141423 51.514499,-0.125979 51.526357", "From Little Argyll Street, West End to Cartwright Gardens , Bloomsbury"
"LINESTRING (-0.125441 51.541596,-0.125979 51.526357", "From York Way, Kings Cross to Cartwright Gardens , Bloomsbury"
"LINESTRING (-0.13225 51.528833,-0.125979 51.526357", "From Doric Way , Somers Town to Cartwright Gardens , Bloomsbury"
"LINESTRING (-0.09885 51.515418,-0.125979 51.526357", "From Newgate Street , St. Paul's to Cartwright Gardens , Bloomsbury"
"LINESTRING (-0.122219 51.51477,-0.125979 51.526357", "From Drury Lane, Covent Garden to Cartwright Gardens , Bloomsbury"
"LINESTRING (-0.125979 51.526357,-0.125979 51.526357", "From Cartwright Gardens , Bloomsbury to Cartwright Gardens , Bloomsbury"
"LINESTRING (-0.139016 51.520994,-0.125979 51.526357", "From Howland Street, Fitzrovia to Cartwright Gardens , Bloomsbury"
"LINESTRING (-0.121328 51.517606,-0.125979 51.526357", "From Southampton Place, Holborn to Cartwright Gardens , Bloomsbury"
"LINESTRING (-0.13558 51.513684,-0.125979 51.526357", "From Broadwick Street, Soho to Cartwright Gardens , Bloomsbury"
"LINESTRING (-0.079608 51.521668,-0.125979 51.526357", "From Worship Street, Shoreditch to Cartwright Gardens , Bloomsbury"
"LINESTRING (-0.131161 51.52505,-0.125979 51.526357", "From Taviton Street, Bloomsbury to Cartwright Gardens , Bloomsbury"
"LINESTRING (-0.117863 51.515208,-0.125979 51.526357", "From Sardinia Street, Holborn to Cartwright Gardens , Bloomsbury"
"LINESTRING (-0.140485 51.519181,-0.125979 51.526357", "From Foley Street, Fitzrovia to Cartwright Gardens , Bloomsbury"
"LINESTRING (-0.136792 51.533005,-0.125979 51.526357", "From Eversholt Street , Camden Town to Cartwright Gardens , Bloomsbury"
"LINESTRING (-0.116191 51.535467,-0.109006 51.521661", "From Carnegie Street, King's Cross to Hatton Wall, Holborn"
"LINESTRING (-0.104724 51.52836,-0.109006 51.521661", "From St. John Street, Finsbury to Hatton Wall, Holborn"
"LINESTRING (-0.124749 51.509462,-0.109006 51.521661", "From William IV Street, Strand to Hatton Wall, Holborn"
"LINESTRING (-0.139174 51.533019,-0.109006 51.521661", "From Harrington Square 1, Camden Town to Hatton Wall, Holborn"
"LINESTRING (-0.098341 51.505409,-0.109006 51.521661", "From Southwark Street, Bankside to Hatton Wall, Holborn"
"LINESTRING (-0.117774 51.513875,-0.109006 51.521661", "From Kingsway Southbound, Strand to Hatton Wall, Holborn"
"LINESTRING (-0.107987 51.517428,-0.109006 51.521661", "From New Fetter Lane, Holborn to Hatton Wall, Holborn"
"LINESTRING (-0.171103 51.518268,-0.109006 51.521661", "From St Mary's Hospital, Paddington to Hatton Wall, Holborn"
"LINESTRING (-0.089887 51.520858,-0.109006 51.521661", "From Bunhill Row, Moorgate to Hatton Wall, Holborn"
"LINESTRING (-0.096496 51.517821,-0.109006 51.521661", "From Museum of London, Barbican to Hatton Wall, Holborn"
"LINESTRING (-0.128585 51.516118,-0.109006 51.521661", "From Earnshaw Street , Covent Garden to Hatton Wall, Holborn"
"LINESTRING (-0.121723 51.510701,-0.109006 51.521661", "From Southampton Street, Strand to Hatton Wall, Holborn"
"LINESTRING (-0.101536 51.49217,-0.109006 51.521661", "From Hampton Street, Walworth to Hatton Wall, Holborn"
"LINESTRING (-0.13214 51.519572,-0.109006 51.521661", "From Store Street, Bloomsbury to Hatton Wall, Holborn"
"LINESTRING (-0.107349 51.511891,-0.109006 51.521661", "From Tallis Street, Temple to Hatton Wall, Holborn"
"LINESTRING (-0.090847 51.525893,-0.109006 51.521661", "From Bath Street, St. Luke's to Hatton Wall, Holborn"
"LINESTRING (-0.17306 51.505014,-0.109006 51.521661", "From Serpentine Car Park, Hyde Park to Hatton Wall, Holborn"
"LINESTRING (-0.148059 51.472865,-0.109006 51.521661", "From Silverthorne Road, Battersea to Hatton Wall, Holborn"
"LINESTRING (-0.131861 51.527068,-0.109006 51.521661", "From Euston Square Gardens, Euston to Hatton Wall, Holborn"
"LINESTRING (-0.09308 51.515735,-0.109006 51.521661", "From The Guildhall, Guildhall to Hatton Wall, Holborn"
"LINESTRING (-0.124642 51.481747,-0.109006 51.521661", "From South Lambeth Road, Vauxhall to Hatton Wall, Holborn"
"LINESTRING (-0.122299 51.530199,-0.109006 51.521661", "From Birkenhead Street, King's Cross to Hatton Wall, Holborn"
"LINESTRING (-0.088285 51.519069,-0.109006 51.521661", "From Moorfields, Moorgate to Hatton Wall, Holborn"
"LINESTRING (-0.077121 51.511594,-0.109006 51.521661", "From Crosswall, Tower to Hatton Wall, Holborn"
"LINESTRING (-0.071881 51.534776,-0.109006 51.521661", "From Thurtle Road, Haggerston to Hatton Wall, Holborn"
"LINESTRING (-0.13214 51.519572,-0.109006 51.521661", "From Store Street, Bloomsbury to Hatton Wall, Holborn"
"LINESTRING (-0.07813 51.526377,-0.109006 51.521661", "From Shoreditch High Street, Shoreditch to Hatton Wall, Holborn"
"LINESTRING (-0.053177 51.515975,-0.109006 51.521661", "From Jubilee Street, Stepney to Hatton Wall, Holborn"
"LINESTRING (-0.066035 51.531864,-0.109006 51.521661", "From Goldsmith's Row, Haggerston to Hatton Wall, Holborn"
"LINESTRING (-0.079608 51.521668,-0.109006 51.521661", "From Worship Street, Shoreditch to Hatton Wall, Holborn"
"LINESTRING (-0.131861 51.527068,-0.109006 51.521661", "From Euston Square Gardens, Euston to Hatton Wall, Holborn"
"LINESTRING (-0.069543 51.525645,-0.109006 51.521661", "From Granby Street, Shoreditch to Hatton Wall, Holborn"
"LINESTRING (-0.106992 51.534504,-0.109006 51.521661", "From Liverpool Road (N1 Centre), Angel to Hatton Wall, Holborn"
"LINESTRING (-0.131213 51.513103,-0.109006 51.521661", "From Frith Street, Soho to Hatton Wall, Holborn"
"LINESTRING (-0.145211 51.520715,-0.109006 51.521661", "From Portland Place, Marylebone to Hatton Wall, Holborn"
"LINESTRING (-0.111435 51.48894,-0.109006 51.521661", "From Kennington Cross, Kennington to Hatton Wall, Holborn"
"LINESTRING (-0.076341 51.534464,-0.109006 51.521661", "From Whiston Road, Haggerston to Hatton Wall, Holborn"
"LINESTRING (-0.09734 51.520841,-0.109006 51.521661", "From Aldersgate Street, Barbican to Hatton Wall, Holborn"
"LINESTRING (-0.117661 51.482678,-0.109006 51.521661", "From Ashmole Estate, Oval to Hatton Wall, Holborn"
"LINESTRING (-0.107927 51.513821,-0.109006 51.521661", "From Bouverie Street, Temple to Hatton Wall, Holborn"
"LINESTRING (-0.11655 51.51824,-0.109006 51.521661", "From Red Lion Street, Holborn to Hatton Wall, Holborn"
"LINESTRING (-0.088542 51.527025,-0.109006 51.521661", "From Baldwin Street, St. Luke's to Hatton Wall, Holborn"
"LINESTRING (-0.128585 51.516118,-0.109006 51.521661", "From Earnshaw Street , Covent Garden to Hatton Wall, Holborn"
"LINESTRING (-0.113426 51.503919,-0.109006 51.521661", "From Waterloo Station 2, Waterloo to Hatton Wall, Holborn"
"LINESTRING (-0.141423 51.514499,-0.109006 51.521661", "From Little Argyll Street, West End to Hatton Wall, Holborn"
"LINESTRING (-0.11655 51.51824,-0.109006 51.521661", "From Red Lion Street, Holborn to Hatton Wall, Holborn"
"LINESTRING (-0.113864 51.504027,-0.109006 51.521661", "From Waterloo Station 1, Waterloo to Hatton Wall, Holborn"
"LINESTRING (-0.127854 51.517727,-0.109006 51.521661", "From Great Russell Street, Bloomsbury to Hatton Wall, Holborn"
"LINESTRING (-0.106408 51.530515,-0.109006 51.521661", "From Chadwell Street, Angel to Hatton Wall, Holborn"
"LINESTRING (-0.121328 51.517606,-0.109006 51.521661", "From Southampton Place, Holborn to Hatton Wall, Holborn"
"LINESTRING (-0.09885 51.515418,-0.109006 51.521661", "From Newgate Street , St. Paul's to Hatton Wall, Holborn"
"LINESTRING (-0.108657 51.51795,-0.122219 51.51477", "From Holborn Circus, Holborn to Drury Lane, Covent Garden"
"LINESTRING (-0.118295 51.52728,-0.122219 51.51477", "From Ampton Street , Clerkenwell to Drury Lane, Covent Garden"
"LINESTRING (-0.128377 51.523673,-0.122219 51.51477", "From Bedford Way, Bloomsbury to Drury Lane, Covent Garden"
"LINESTRING (-0.138072 51.517344,-0.122219 51.51477", "From Wells Street, Fitzrovia to Drury Lane, Covent Garden"
"LINESTRING (-0.106237 51.507244,-0.122219 51.51477", "From Milroy Walk, South Bank to Drury Lane, Covent Garden"
"LINESTRING (-0.142345 51.510662,-0.122219 51.51477", "From Clifford Street, Mayfair to Drury Lane, Covent Garden"
"LINESTRING (-0.124749 51.509462,-0.122219 51.51477", "From William IV Street, Strand to Drury Lane, Covent Garden"
"LINESTRING (-0.094475 51.521747,-0.122219 51.51477", "From Golden Lane, Barbican to Drury Lane, Covent Garden"
"LINESTRING (-0.116764 51.51362,-0.122219 51.51477", "From Houghton Street, Strand to Drury Lane, Covent Garden"
"LINESTRING (-0.145393 51.542138,-0.122219 51.51477", "From Castlehaven Road, Camden Town to Drury Lane, Covent Garden"
"LINESTRING (-0.119123 51.519435,-0.122219 51.51477", "From Red Lion Square, Holborn to Drury Lane, Covent Garden"
"LINESTRING (-0.088285 51.519069,-0.122219 51.51477", "From Moorfields, Moorgate to Drury Lane, Covent Garden"
"LINESTRING (-0.118677 51.5338,-0.122219 51.51477", "From Killick Street, King's Cross to Drury Lane, Covent Garden"
"LINESTRING (-0.145393 51.542138,-0.122219 51.51477", "From Castlehaven Road, Camden Town to Drury Lane, Covent Garden"
"LINESTRING (-0.10454 51.505461,-0.122219 51.51477", "From Blackfriars Road, Southwark to Drury Lane, Covent Garden"
"LINESTRING (-0.110683 51.484788,-0.122219 51.51477", "From Kennington Road Post Office, Oval to Drury Lane, Covent Garden"
"LINESTRING (-0.179592 51.525575,-0.122219 51.51477", "From Clifton Road, Maida Vale to Drury Lane, Covent Garden"
"LINESTRING (-0.140947 51.49616,-0.122219 51.51477", "From Ashley Place, Victoria to Drury Lane, Covent Garden"
"LINESTRING (-0.113426 51.503919,-0.122219 51.51477", "From Waterloo Station 2, Waterloo to Drury Lane, Covent Garden"
"LINESTRING (-0.178732 51.493967,-0.122219 51.51477", "From Queen's Gate (Central), South Kensington to Drury Lane, Covent Garden"
"LINESTRING (-0.107349 51.511891,-0.122219 51.51477", "From Tallis Street, Temple to Drury Lane, Covent Garden"
"LINESTRING (-0.104193 51.49605,-0.122219 51.51477", "From Gaywood  Street, Elephant & Castle to Drury Lane, Covent Garden"
"LINESTRING (-0.133201 51.512515,-0.122219 51.51477", "From Wardour Street, Soho to Drury Lane, Covent Garden"
"LINESTRING (-0.122219 51.51477,-0.122219 51.51477", "From Drury Lane, Covent Garden to Drury Lane, Covent Garden"
"LINESTRING (-0.124678 51.51908,-0.122219 51.51477", "From British Museum, Bloomsbury to Drury Lane, Covent Garden"
"LINESTRING (-0.104947 51.516785,-0.122219 51.51477", "From Farringdon Street, Holborn to Drury Lane, Covent Garden"
"LINESTRING (-0.137043 51.511897,-0.122219 51.51477", "From Golden Square, Soho to Drury Lane, Covent Garden"
"LINESTRING (-0.147624 51.49395,-0.122219 51.51477", "From Eccleston Place, Victoria to Drury Lane, Covent Garden"
"LINESTRING (-0.123616 51.529943,-0.122219 51.51477", "From Belgrove Street , King's Cross to Drury Lane, Covent Garden"
"LINESTRING (-0.13558 51.513684,-0.122219 51.51477", "From Broadwick Street, Soho to Drury Lane, Covent Garden"
"LINESTRING (-0.122219 51.51477,-0.122219 51.51477", "From Drury Lane, Covent Garden to Drury Lane, Covent Garden"
"LINESTRING (-0.10454 51.505461,-0.122219 51.51477", "From Blackfriars Road, Southwark to Drury Lane, Covent Garden"
"LINESTRING (-0.089887 51.520858,-0.122219 51.51477", "From Bunhill Row, Moorgate to Drury Lane, Covent Garden"
"LINESTRING (-0.094475 51.521747,-0.122219 51.51477", "From Golden Lane, Barbican to Drury Lane, Covent Garden"
"LINESTRING (-0.119123 51.519435,-0.122219 51.51477", "From Red Lion Square, Holborn to Drury Lane, Covent Garden"
"LINESTRING (-0.13558 51.513684,-0.122219 51.51477", "From Broadwick Street, Soho to Drury Lane, Covent Garden"
"LINESTRING (-0.107913 51.498386,-0.122219 51.51477", "From Westminster Bridge Road, Elephant & Castle to Drury Lane, Covent Garden"
"LINESTRING (-0.135635 51.488226,-0.122219 51.51477", "From St. George's Square, Pimlico to Drury Lane, Covent Garden"
"LINESTRING (-0.098497 51.503688,-0.122219 51.51477", "From Union Street, The Borough to Drury Lane, Covent Garden"
"LINESTRING (-0.121328 51.517606,-0.122219 51.51477", "From Southampton Place, Holborn to Drury Lane, Covent Garden"
"LINESTRING (-0.171103 51.518268,-0.122219 51.51477", "From St Mary's Hospital, Paddington to Drury Lane, Covent Garden"
"LINESTRING (-0.126874 51.47787,-0.122219 51.51477", "From Hartington Road, Stockwell to Drury Lane, Covent Garden"
"LINESTRING (-0.089782 51.53089,-0.122219 51.51477", "From Murray Grove , Hoxton to Drury Lane, Covent Garden"
"LINESTRING (-0.085666 51.499075,-0.122219 51.51477", "From Long Lane , Bermondsey to Drury Lane, Covent Garden"
"LINESTRING (-0.132224 51.49206,-0.122219 51.51477", "From Regency Street, Westminster to Drury Lane, Covent Garden"
"LINESTRING (-0.099981 51.532661,-0.122219 51.51477", "From Graham Street, Angel to Drury Lane, Covent Garden"
"LINESTRING (-0.113426 51.503919,-0.122219 51.51477", "From Waterloo Station 2, Waterloo to Drury Lane, Covent Garden"
"LINESTRING (-0.108657 51.51795,-0.122219 51.51477", "From Holborn Circus, Holborn to Drury Lane, Covent Garden"
"LINESTRING (-0.10454 51.505461,-0.122219 51.51477", "From Blackfriars Road, Southwark to Drury Lane, Covent Garden"
"LINESTRING (-0.09022 51.491484,-0.122219 51.51477", "From Rodney Road , Walworth to Drury Lane, Covent Garden"
"LINESTRING (-0.106992 51.534504,-0.122219 51.51477", "From Liverpool Road (N1 Centre), Angel to Drury Lane, Covent Garden"
"LINESTRING (-0.106408 51.530515,-0.122219 51.51477", "From Chadwell Street, Angel to Drury Lane, Covent Garden"
"LINESTRING (-0.135478 51.495827,-0.122219 51.51477", "From Rochester Row, Westminster to Drury Lane, Covent Garden"
"LINESTRING (-0.136123 51.482362,-0.122219 51.51477", "From Riverlight North, Nine Elms to Drury Lane, Covent Garden"
"LINESTRING (-0.083353 51.529537,-0.122219 51.51477", "From Fanshaw Street, Hoxton to Drury Lane, Covent Garden"
"LINESTRING (-0.114934 51.49288,-0.122219 51.51477", "From Lollard Street, Vauxhall to Drury Lane, Covent Garden"
"LINESTRING (-0.098031 51.505224,-0.122219 51.51477", "From Lavington Street, Bankside to Drury Lane, Covent Garden"
"LINESTRING (-0.124121 51.523418,-0.122219 51.51477", "From Russell Square Station, Bloomsbury to Drury Lane, Covent Garden"
"LINESTRING (-0.137043 51.511897,-0.122219 51.51477", "From Golden Square, Soho to Drury Lane, Covent Garden"
"LINESTRING (-0.133201 51.512515,-0.122219 51.51477", "From Wardour Street, Soho to Drury Lane, Covent Garden"
"LINESTRING (-0.13544 51.497829,-0.122219 51.51477", "From Butler Place, Westminster to Drury Lane, Covent Garden"
"LINESTRING (-0.123823 51.501513,-0.122219 51.51477", "From Westminster Pier, Westminster to Drury Lane, Covent Garden"
"LINESTRING (-0.122219 51.51477,-0.122219 51.51477", "From Drury Lane, Covent Garden to Drury Lane, Covent Garden"
"LINESTRING (-0.108657 51.51795,-0.122219 51.51477", "From Holborn Circus, Holborn to Drury Lane, Covent Garden"
"LINESTRING (-0.113864 51.504027,-0.122219 51.51477", "From Waterloo Station 1, Waterloo to Drury Lane, Covent Garden"
"LINESTRING (-0.118272 51.516277,-0.122219 51.51477", "From Lincoln's Inn Fields, Holborn to Drury Lane, Covent Garden"
"LINESTRING (-0.107349 51.511891,-0.122219 51.51477", "From Tallis Street, Temple to Drury Lane, Covent Garden"
"LINESTRING (-0.133201 51.512515,-0.122219 51.51477", "From Wardour Street, Soho to Drury Lane, Covent Garden"
"LINESTRING (-0.131161 51.52505,-0.122219 51.51477", "From Taviton Street, Bloomsbury to Drury Lane, Covent Garden"
"LINESTRING (-0.082422 51.516154,-0.122219 51.51477", "From Wormwood Street, Liverpool Street to Drury Lane, Covent Garden"
"LINESTRING (-0.124807 51.53724,-0.122219 51.51477", "From Handyside Street, King's Cross to Drury Lane, Covent Garden"
"LINESTRING (-0.131773 51.506633,-0.122219 51.51477", "From Waterloo Place, St. James's to Drury Lane, Covent Garden"
"LINESTRING (-0.103604 51.517334,-0.122219 51.51477", "From Snow Hill, Farringdon to Drury Lane, Covent Garden"
"LINESTRING (-0.116688 51.520596,-0.122219 51.51477", "From Theobald's Road , Holborn to Drury Lane, Covent Garden"
"LINESTRING (-0.15934 51.500241,-0.122219 51.51477", "From Harriet Street, Knightsbridge to Drury Lane, Covent Garden"
"LINESTRING (-0.115851 51.505044,-0.122219 51.51477", "From Concert Hall Approach 1, South Bank to Drury Lane, Covent Garden"
"LINESTRING (-0.096518 51.491327,-0.122219 51.51477", "From Walworth Square, Walworth to Drury Lane, Covent Garden"
"LINESTRING (-0.100168 51.530344,-0.122219 51.51477", "From City Road, Angel to Drury Lane, Covent Garden"
"LINESTRING (-0.144466 51.528302,-0.131161 51.52505", "From Albany Street, The Regent's Park to Taviton Street, Bloomsbury"
"LINESTRING (-0.194392 51.501945,-0.131161 51.52505", "From Kensington Town Hall, Kensington to Taviton Street, Bloomsbury"
"LINESTRING (-0.111606 51.505569,-0.131161 51.52505", "From Stamford Street, South Bank to Taviton Street, Bloomsbury"
"LINESTRING (-0.131161 51.52505,-0.131161 51.52505", "From Taviton Street, Bloomsbury to Taviton Street, Bloomsbury"
"LINESTRING (-0.144466 51.528302,-0.131161 51.52505", "From Albany Street, The Regent's Park to Taviton Street, Bloomsbury"
"LINESTRING (-0.119558 51.528279,-0.131161 51.52505", "From Cromer Street, Bloomsbury to Taviton Street, Bloomsbury"
"LINESTRING (-0.117863 51.515208,-0.131161 51.52505", "From Sardinia Street, Holborn to Taviton Street, Bloomsbury"
"LINESTRING (-0.116279 51.524564,-0.131161 51.52505", "From Wren Street, Holborn to Taviton Street, Bloomsbury"
"LINESTRING (-0.136792 51.533005,-0.131161 51.52505", "From Eversholt Street , Camden Town to Taviton Street, Bloomsbury"
"LINESTRING (-0.158963 51.524517,-0.131161 51.52505", "From Park Road (Baker Street), The Regent's Park to Taviton Street, Bloomsbury"
"LINESTRING (-0.105312 51.504043,-0.131161 51.52505", "From Southwark Station 1, Southwark to Taviton Street, Bloomsbury"
"LINESTRING (-0.138853 51.541603,-0.131161 51.52505", "From Bonny Street, Camden Town to Taviton Street, Bloomsbury"
"LINESTRING (-0.158963 51.524517,-0.131161 51.52505", "From Park Road (Baker Street), The Regent's Park to Taviton Street, Bloomsbury"
"LINESTRING (-0.136792 51.533005,-0.131161 51.52505", "From Eversholt Street , Camden Town to Taviton Street, Bloomsbury"
"LINESTRING (-0.117069 51.53136,-0.131161 51.52505", "From Calshot Street , King's Cross to Taviton Street, Bloomsbury"
"LINESTRING (-0.172078 51.482567,-0.131161 51.52505", "From Danvers Street, West Chelsea to Taviton Street, Bloomsbury"
"LINESTRING (-0.125979 51.526357,-0.131161 51.52505", "From Cartwright Gardens , Bloomsbury to Taviton Street, Bloomsbury"
"LINESTRING (-0.125441 51.541596,-0.131161 51.52505", "From York Way, Kings Cross to Taviton Street, Bloomsbury"
"LINESTRING (-0.135777 51.51953,-0.131161 51.52505", "From Charlotte Street, Fitzrovia to Taviton Street, Bloomsbury"
"LINESTRING (-0.133952 51.536264,-0.131161 51.52505", "From Royal College Street, Camden Town to Taviton Street, Bloomsbury"
"LINESTRING (-0.074431 51.519362,-0.131161 51.52505", "From Fournier Street, Whitechapel to Taviton Street, Bloomsbury"
"LINESTRING (-0.083935 51.520009,-0.131161 51.52505", "From Sun Street, Liverpool Street to Taviton Street, Bloomsbury"
"LINESTRING (-0.03338 51.535179,-0.131161 51.52505", "From Gunmakers Lane, Old Ford to Taviton Street, Bloomsbury"
"LINESTRING (-0.116279 51.524564,-0.131161 51.52505", "From Wren Street, Holborn to Taviton Street, Bloomsbury"
"LINESTRING (-0.083632 51.502153,-0.131161 51.52505", "From Snowsfields, London Bridge to Taviton Street, Bloomsbury"
"LINESTRING (-0.133952 51.536264,-0.131161 51.52505", "From Royal College Street, Camden Town to Taviton Street, Bloomsbury"
"LINESTRING (-0.17306 51.505014,-0.131161 51.52505", "From Serpentine Car Park, Hyde Park to Taviton Street, Bloomsbury"
"LINESTRING (-0.119558 51.528279,-0.131161 51.52505", "From Cromer Street, Bloomsbury to Taviton Street, Bloomsbury"
"LINESTRING (-0.12335 51.51746,-0.131161 51.52505", "From Bury Place, Holborn to Taviton Street, Bloomsbury"
"LINESTRING (-0.19024 51.515529,-0.131161 51.52505", "From Westbourne Grove, Bayswater to Taviton Street, Bloomsbury"
"LINESTRING (-0.138853 51.541603,-0.131161 51.52505", "From Bonny Street, Camden Town to Taviton Street, Bloomsbury"
"LINESTRING (-0.13151 51.509639,-0.131161 51.52505", "From Panton Street, West End to Taviton Street, Bloomsbury"
"LINESTRING (-0.079201 51.537277,-0.131161 51.52505", "From Hertford Road, De Beauvoir Town to Taviton Street, Bloomsbury"
"LINESTRING (-0.118272 51.516277,-0.131161 51.52505", "From Lincoln's Inn Fields, Holborn to Taviton Street, Bloomsbury"
"LINESTRING (-0.102208 51.526153,-0.131161 51.52505", "From Percival Street, Finsbury to Taviton Street, Bloomsbury"
"LINESTRING (-0.116279 51.524564,-0.131161 51.52505", "From Wren Street, Holborn to Taviton Street, Bloomsbury"
"LINESTRING (-0.109256 51.526443,-0.131161 51.52505", "From Tysoe Street, Clerkenwell to Taviton Street, Bloomsbury"
"LINESTRING (-0.108657 51.51795,-0.131161 51.52505", "From Holborn Circus, Holborn to Taviton Street, Bloomsbury"
"LINESTRING (-0.093051 51.511246,-0.131161 51.52505", "From Queen Street 2, Bank to Taviton Street, Bloomsbury"
"LINESTRING (-0.079201 51.537277,-0.131161 51.52505", "From Hertford Road, De Beauvoir Town to Taviton Street, Bloomsbury"
"LINESTRING (-0.083353 51.529537,-0.131161 51.52505", "From Fanshaw Street, Hoxton to Taviton Street, Bloomsbury"
"LINESTRING (-0.125441 51.541596,-0.131161 51.52505", "From York Way, Kings Cross to Taviton Street, Bloomsbury"
"LINESTRING (-0.108068 51.527842,-0.131161 51.52505", "From Hardwick Street, Clerkenwell to Taviton Street, Bloomsbury"
"LINESTRING (-0.118295 51.52728,-0.131161 51.52505", "From Ampton Street , Clerkenwell to Taviton Street, Bloomsbury"
"LINESTRING (-0.151359 51.522008,-0.136052 51.527326", "From Beaumont Street, Marylebone to Drummond Street , Euston"
"LINESTRING (-0.160854 51.535892,-0.136052 51.527326", "From Prince Albert Road, The Regent's Park to Drummond Street , Euston"
"LINESTRING (-0.109006 51.521661,-0.136052 51.527326", "From Hatton Wall, Holborn to Drummond Street , Euston"
"LINESTRING (-0.140485 51.519181,-0.136052 51.527326", "From Foley Street, Fitzrovia to Drummond Street , Euston"
"LINESTRING (-0.138019 51.524438,-0.136052 51.527326", "From Warren Street Station, Euston to Drummond Street , Euston"
"LINESTRING (-0.162298 51.522511,-0.136052 51.527326", "From Boston Place, Marylebone to Drummond Street , Euston"
"LINESTRING (-0.167515 51.530529,-0.136052 51.527326", "From St. John's Wood Church, The Regent's Park to Drummond Street , Euston"
"LINESTRING (-0.144132 51.493204,-0.136052 51.527326", "From Belgrave Road, Victoria to Drummond Street , Euston"
"LINESTRING (-0.140485 51.519181,-0.136052 51.527326", "From Foley Street, Fitzrovia to Drummond Street , Euston"
"LINESTRING (-0.149551 51.477619,-0.136052 51.527326", "From Queen's Circus, Battersea Park to Drummond Street , Euston"
"LINESTRING (-0.140485 51.519181,-0.136052 51.527326", "From Foley Street, Fitzrovia to Drummond Street , Euston"
"LINESTRING (-0.151926 51.516814,-0.136052 51.527326", "From Hinde Street, Marylebone to Drummond Street , Euston"
"LINESTRING (-0.144228 51.518117,-0.136052 51.527326", "From Broadcasting House, Marylebone to Drummond Street , Euston"
"LINESTRING (-0.142783 51.51196,-0.136052 51.527326", "From St. George Street, Mayfair to Drummond Street , Euston"
"LINESTRING (-0.142783 51.51196,-0.136052 51.527326", "From St. George Street, Mayfair to Drummond Street , Euston"
"LINESTRING (-0.09885 51.515418,-0.136052 51.527326", "From Newgate Street , St. Paul's to Drummond Street , Euston"
"LINESTRING (-0.144165 51.510736,-0.136052 51.527326", "From Bruton Street, Mayfair to Drummond Street , Euston"
"LINESTRING (-0.126409 51.524,-0.114079 51.522264", "From Coram Street, Bloomsbury to Northington Street , Holborn"
"LINESTRING (-0.130504 51.526838,-0.114079 51.522264", "From Endsleigh Gardens, Euston to Northington Street , Holborn"
"LINESTRING (-0.128279 51.5293,-0.114079 51.522264", "From Ossulston Street, Somers Town to Northington Street , Holborn"
"LINESTRING (-0.122219 51.51477,-0.114079 51.522264", "From Drury Lane, Covent Garden to Northington Street , Holborn"
"LINESTRING (-0.224303 51.506093,-0.114079 51.522264", "From Westfield Library Corner, Shepherd's Bush to Northington Street , Holborn"
"LINESTRING (-0.122492 51.486343,-0.114079 51.522264", "From Kennington Lane Rail Bridge, Vauxhall to Northington Street , Holborn"
"LINESTRING (-0.142345 51.510662,-0.114079 51.522264", "From Clifford Street, Mayfair to Northington Street , Holborn"
"LINESTRING (-0.113864 51.504027,-0.114079 51.522264", "From Waterloo Station 1, Waterloo to Northington Street , Holborn"
"LINESTRING (-0.113426 51.503919,-0.114079 51.522264", "From Waterloo Station 2, Waterloo to Northington Street , Holborn"
"LINESTRING (-0.145211 51.520715,-0.114079 51.522264", "From Portland Place, Marylebone to Northington Street , Holborn"
"LINESTRING (-0.122219 51.51477,-0.114079 51.522264", "From Drury Lane, Covent Garden to Northington Street , Holborn"
"LINESTRING (-0.122299 51.530199,-0.114079 51.522264", "From Birkenhead Street, King's Cross to Northington Street , Holborn"
"LINESTRING (-0.087262 51.506304,-0.114079 51.522264", "From Duke Street Hill, London Bridge to Northington Street , Holborn"
"LINESTRING (-0.079249 51.518908,-0.114079 51.522264", "From Brushfield Street, Liverpool Street to Northington Street , Holborn"
"LINESTRING (-0.151359 51.522008,-0.114079 51.522264", "From Beaumont Street, Marylebone to Northington Street , Holborn"
"LINESTRING (-0.113426 51.503919,-0.114079 51.522264", "From Waterloo Station 2, Waterloo to Northington Street , Holborn"
"LINESTRING (-0.0801 51.52959,-0.114079 51.522264", "From Hoxton Street, Hoxton to Northington Street , Holborn"
"LINESTRING (-0.107987 51.517428,-0.114079 51.522264", "From New Fetter Lane, Holborn to Northington Street , Holborn"
"LINESTRING (-0.127854 51.517727,-0.114079 51.522264", "From Great Russell Street, Bloomsbury to Northington Street , Holborn"
"LINESTRING (-0.104298 51.526717,-0.114079 51.522264", "From Finsbury Library , Finsbury to Northington Street , Holborn"
"LINESTRING (-0.163609 51.51809,-0.114079 51.522264", "From Shouldham Street, Marylebone to Northington Street , Holborn"
"LINESTRING (-0.122203 51.534474,-0.114079 51.522264", "From Crinan Street, King's Cross to Northington Street , Holborn"
"LINESTRING (-0.113864 51.504027,-0.114079 51.522264", "From Waterloo Station 1, Waterloo to Northington Street , Holborn"
"LINESTRING (-0.127575 51.495805,-0.114079 51.522264", "From Smith Square, Westminster to Northington Street , Holborn"
"LINESTRING (-0.138019 51.524438,-0.114079 51.522264", "From Warren Street Station, Euston to Northington Street , Holborn"
"LINESTRING (-0.093885 51.517008,-0.114079 51.522264", "From Wood Street, Guildhall to Northington Street , Holborn"
"LINESTRING (-0.113426 51.503919,-0.114079 51.522264", "From Waterloo Station 2, Waterloo to Northington Street , Holborn"
"LINESTRING (-0.118295 51.52728,-0.114079 51.522264", "From Ampton Street , Clerkenwell to Northington Street , Holborn"
"LINESTRING (-0.106992 51.534504,-0.114079 51.522264", "From Liverpool Road (N1 Centre), Angel to Northington Street , Holborn"
"LINESTRING (-0.123616 51.529943,-0.114079 51.522264", "From Belgrove Street , King's Cross to Northington Street , Holborn"
"LINESTRING (-0.113864 51.504027,-0.114079 51.522264", "From Waterloo Station 1, Waterloo to Northington Street , Holborn"
"LINESTRING (-0.104778 51.504044,-0.114079 51.522264", "From Southwark Station 2, Southwark to Northington Street , Holborn"
"LINESTRING (-0.102208 51.526153,-0.114079 51.522264", "From Percival Street, Finsbury to Northington Street , Holborn"
"LINESTRING (-0.122502 51.523951,-0.114079 51.522264", "From Brunswick Square, Bloomsbury to Northington Street , Holborn"
"LINESTRING (-0.170329 51.477684,-0.114079 51.522264", "From Westbridge Road, Battersea to Northington Street , Holborn"
"LINESTRING (-0.122299 51.530199,-0.114079 51.522264", "From Birkenhead Street, King's Cross to Northington Street , Holborn"
"LINESTRING (-0.112721 51.536392,-0.114079 51.522264", "From Charlotte Terrace, Angel to Northington Street , Holborn"
"LINESTRING (-0.117774 51.513875,-0.114079 51.522264", "From Kingsway Southbound, Strand to Northington Street , Holborn"
"LINESTRING (-0.124826 51.516226,-0.114079 51.522264", "From High Holborn , Covent Garden to Northington Street , Holborn"
"LINESTRING (-0.102757 51.536384,-0.114079 51.522264", "From Islington Green, Angel to Northington Street , Holborn"
"LINESTRING (-0.132328 51.515631,-0.114079 51.522264", "From Soho Square , Soho to Northington Street , Holborn"
"LINESTRING (-0.122299 51.530199,-0.114079 51.522264", "From Birkenhead Street, King's Cross to Northington Street , Holborn"
"LINESTRING (-0.125979 51.526357,-0.114079 51.522264", "From Cartwright Gardens , Bloomsbury to Northington Street , Holborn"
"LINESTRING (-0.091773 51.504627,-0.114079 51.522264", "From Hop Exchange, The Borough to Northington Street , Holborn"
"LINESTRING (-0.122502 51.523951,-0.114079 51.522264", "From Brunswick Square, Bloomsbury to Northington Street , Holborn"
"LINESTRING (-0.099994 51.522853,-0.114079 51.522264", "From Berry Street, Clerkenwell to Northington Street , Holborn"
"LINESTRING (-0.124826 51.516226,-0.114079 51.522264", "From High Holborn , Covent Garden to Northington Street , Holborn"
"LINESTRING (-0.130504 51.526838,-0.114079 51.522264", "From Endsleigh Gardens, Euston to Northington Street , Holborn"
"LINESTRING (-0.110889 51.495718,-0.114079 51.522264", "From Kennington Road  , Vauxhall to Northington Street , Holborn"
"LINESTRING (-0.112824 51.503791,-0.114079 51.522264", "From Waterloo Station 3, Waterloo to Northington Street , Holborn"
"LINESTRING (-0.132102 51.498125,-0.114079 51.522264", "From Abbey Orchard Street, Westminster to Northington Street , Holborn"
"LINESTRING (-0.113864 51.504027,-0.119123 51.519435", "From Waterloo Station 1, Waterloo to Red Lion Square, Holborn"
"LINESTRING (-0.128585 51.516118,-0.119123 51.519435", "From Earnshaw Street , Covent Garden to Red Lion Square, Holborn"
"LINESTRING (-0.123616 51.529943,-0.119123 51.519435", "From Belgrove Street , King's Cross to Red Lion Square, Holborn"
"LINESTRING (-0.122219 51.51477,-0.119123 51.519435", "From Drury Lane, Covent Garden to Red Lion Square, Holborn"
"LINESTRING (-0.125979 51.526357,-0.119123 51.519435", "From Cartwright Gardens , Bloomsbury to Red Lion Square, Holborn"
"LINESTRING (-0.054883 51.522561,-0.119123 51.519435", "From Cephas Street, Bethnal Green to Red Lion Square, Holborn"
"LINESTRING (-0.112824 51.503791,-0.119123 51.519435", "From Waterloo Station 3, Waterloo to Red Lion Square, Holborn"
"LINESTRING (-0.170983 51.486892,-0.119123 51.519435", "From Manresa Road, Chelsea to Red Lion Square, Holborn"
"LINESTRING (-0.119123 51.519435,-0.119123 51.519435", "From Red Lion Square, Holborn to Red Lion Square, Holborn"
"LINESTRING (-0.138019 51.524438,-0.119123 51.519435", "From Warren Street Station, Euston to Red Lion Square, Holborn"
"LINESTRING (-0.125979 51.526357,-0.119123 51.519435", "From Cartwright Gardens , Bloomsbury to Red Lion Square, Holborn"
"LINESTRING (-0.096317 51.526008,-0.119123 51.519435", "From Finsbury Leisure Centre, St. Luke's to Red Lion Square, Holborn"
"LINESTRING (-0.123616 51.529943,-0.119123 51.519435", "From Belgrove Street , King's Cross to Red Lion Square, Holborn"
"LINESTRING (-0.108028 51.518825,-0.119123 51.519435", "From Hatton Garden, Holborn to Red Lion Square, Holborn"
"LINESTRING (-0.130431 51.52168,-0.119123 51.519435", "From Malet Street, Bloomsbury to Red Lion Square, Holborn"
"LINESTRING (-0.125979 51.526357,-0.119123 51.519435", "From Cartwright Gardens , Bloomsbury to Red Lion Square, Holborn"
"LINESTRING (-0.109025 51.534408,-0.119123 51.519435", "From Cloudesley Road, Angel to Red Lion Square, Holborn"
"LINESTRING (-0.138019 51.524438,-0.119123 51.519435", "From Warren Street Station, Euston to Red Lion Square, Holborn"
"LINESTRING (-0.047548 51.528869,-0.119123 51.519435", "From Globe Town Market, Bethnal Green to Red Lion Square, Holborn"
"LINESTRING (-0.139174 51.533019,-0.119123 51.519435", "From Harrington Square 1, Camden Town to Red Lion Square, Holborn"
"LINESTRING (-0.125979 51.526357,-0.119123 51.519435", "From Cartwright Gardens , Bloomsbury to Red Lion Square, Holborn"
"LINESTRING (-0.074284 51.539328,-0.119123 51.519435", "From Haggerston Road, Haggerston to Red Lion Square, Holborn"
"LINESTRING (-0.164207 51.517372,-0.119123 51.519435", "From Harrowby Street, Marylebone to Red Lion Square, Holborn"
"LINESTRING (-0.132053 51.518587,-0.124678 51.51908", "From Bayley Street , Bloomsbury to British Museum, Bloomsbury"
"LINESTRING (-0.070133 51.515231,-0.124678 51.51908", "From Central House, Whitechapel to British Museum, Bloomsbury"
"LINESTRING (-0.098807 51.506725,-0.124678 51.51908", "From Tate Modern, Bankside to British Museum, Bloomsbury"
"LINESTRING (-0.122219 51.51477,-0.124678 51.51908", "From Drury Lane, Covent Garden to British Museum, Bloomsbury"
"LINESTRING (-0.084985 51.509301,-0.124678 51.51908", "From Lower Thames Street, Monument to British Museum, Bloomsbury"
"LINESTRING (-0.14296 51.497998,-0.124678 51.51908", "From Warwick Row, Westminster to British Museum, Bloomsbury"
"LINESTRING (-0.107987 51.517428,-0.124678 51.51908", "From New Fetter Lane, Holborn to British Museum, Bloomsbury"
"LINESTRING (-0.123616 51.529943,-0.124678 51.51908", "From Belgrove Street , King's Cross to British Museum, Bloomsbury"
"LINESTRING (-0.108657 51.51795,-0.124678 51.51908", "From Holborn Circus, Holborn to British Museum, Bloomsbury"
"LINESTRING (-0.106237 51.507244,-0.124678 51.51908", "From Milroy Walk, South Bank to British Museum, Bloomsbury"
"LINESTRING (-0.11548 51.528915,-0.124678 51.51908", "From Great Percy Street, Clerkenwell to British Museum, Bloomsbury"
"LINESTRING (-0.121723 51.510701,-0.124678 51.51908", "From Southampton Street, Strand to British Museum, Bloomsbury"
"LINESTRING (-0.130504 51.526838,-0.124678 51.51908", "From Endsleigh Gardens, Euston to British Museum, Bloomsbury"
"LINESTRING (-0.147203 51.515308,-0.124678 51.51908", "From Chapel Place, Marylebone to British Museum, Bloomsbury"
"LINESTRING (-0.070133 51.515231,-0.124678 51.51908", "From Central House, Whitechapel to British Museum, Bloomsbury"
"LINESTRING (-0.17581 51.517335,-0.124678 51.51908", "From South Wharf Road, Paddington to British Museum, Bloomsbury"
"LINESTRING (-0.14296 51.497998,-0.124678 51.51908", "From Warwick Row, Westminster to British Museum, Bloomsbury"
"LINESTRING (-0.129698 51.500703,-0.124678 51.51908", "From Storey's Gate, Westminster to British Museum, Bloomsbury"
"LINESTRING (-0.091773 51.504627,-0.124678 51.51908", "From Hop Exchange, The Borough to British Museum, Bloomsbury"
"LINESTRING (-0.14296 51.497998,-0.124678 51.51908", "From Warwick Row, Westminster to British Museum, Bloomsbury"
"LINESTRING (-0.14296 51.497998,-0.124678 51.51908", "From Warwick Row, Westminster to British Museum, Bloomsbury"
"LINESTRING (-0.123616 51.529943,-0.124678 51.51908", "From Belgrove Street , King's Cross to British Museum, Bloomsbury"
"LINESTRING (-0.106237 51.507244,-0.124678 51.51908", "From Milroy Walk, South Bank to British Museum, Bloomsbury"
"LINESTRING (-0.122219 51.51477,-0.124678 51.51908", "From Drury Lane, Covent Garden to British Museum, Bloomsbury"
"LINESTRING (-0.108657 51.51795,-0.124678 51.51908", "From Holborn Circus, Holborn to British Museum, Bloomsbury"
"LINESTRING (-0.084985 51.509301,-0.124678 51.51908", "From Lower Thames Street, Monument to British Museum, Bloomsbury"
"LINESTRING (-0.108657 51.51795,-0.124678 51.51908", "From Holborn Circus, Holborn to British Museum, Bloomsbury"
"LINESTRING (-0.122219 51.51477,-0.124678 51.51908", "From Drury Lane, Covent Garden to British Museum, Bloomsbury"
"LINESTRING (-0.128279 51.5293,-0.124678 51.51908", "From Ossulston Street, Somers Town to British Museum, Bloomsbury"
"LINESTRING (-0.058641 51.515256,-0.124678 51.51908", "From Philpot Street, Whitechapel to British Museum, Bloomsbury"
"LINESTRING (-0.106237 51.507244,-0.124678 51.51908", "From Milroy Walk, South Bank to British Museum, Bloomsbury"
"LINESTRING (-0.102091 51.500693,-0.124678 51.51908", "From Webber Street , Southwark to British Museum, Bloomsbury"
"LINESTRING (-0.14296 51.497998,-0.124678 51.51908", "From Warwick Row, Westminster to British Museum, Bloomsbury"
"LINESTRING (-0.096518 51.491327,-0.124678 51.51908", "From Walworth Square, Walworth to British Museum, Bloomsbury"
"LINESTRING (-0.150181 51.536922,-0.124678 51.51908", "From London Zoo Car Park, The Regent's Park to British Museum, Bloomsbury"
"LINESTRING (-0.134407 51.526236,-0.124678 51.51908", "From Euston Road, Euston to British Museum, Bloomsbury"
"LINESTRING (-0.123509 51.52625,-0.124678 51.51908", "From Tavistock Place, Bloomsbury to British Museum, Bloomsbury"
"LINESTRING (-0.108028 51.518825,-0.124678 51.51908", "From Hatton Garden, Holborn to British Museum, Bloomsbury"
"LINESTRING (-0.124678 51.51908,-0.124678 51.51908", "From British Museum, Bloomsbury to British Museum, Bloomsbury"
"LINESTRING (-0.125972 51.49764,-0.124678 51.51908", "From Abingdon Green, Westminster to British Museum, Bloomsbury"
"LINESTRING (-0.14296 51.497998,-0.124678 51.51908", "From Warwick Row, Westminster to British Museum, Bloomsbury"
"LINESTRING (-0.144664 51.538071,-0.124678 51.51908", "From Parkway, Camden Town to British Museum, Bloomsbury"
"LINESTRING (-0.14296 51.497998,-0.124678 51.51908", "From Warwick Row, Westminster to British Museum, Bloomsbury"
"LINESTRING (-0.087459 51.528673,-0.124678 51.51908", "From East Road, Hoxton to British Museum, Bloomsbury"
"LINESTRING (-0.119123 51.519435,-0.124678 51.51908", "From Red Lion Square, Holborn to British Museum, Bloomsbury"
"LINESTRING (-0.123616 51.529943,-0.124678 51.51908", "From Belgrove Street , King's Cross to British Museum, Bloomsbury"
"LINESTRING (-0.174411 51.511933,-0.124678 51.51908", "From Bayswater Road, Hyde Park to British Museum, Bloomsbury"
"LINESTRING (-0.123616 51.529943,-0.124678 51.51908", "From Belgrove Street , King's Cross to British Museum, Bloomsbury"
"LINESTRING (-0.118677 51.5338,-0.124678 51.51908", "From Killick Street, King's Cross to British Museum, Bloomsbury"
"LINESTRING (-0.084985 51.509301,-0.124678 51.51908", "From Lower Thames Street, Monument to British Museum, Bloomsbury"
"LINESTRING (-0.131213 51.513103,-0.124678 51.51908", "From Frith Street, Soho to British Museum, Bloomsbury"
"LINESTRING (-0.124678 51.51908,-0.13225 51.528833", "From British Museum, Bloomsbury to Doric Way , Somers Town"
"LINESTRING (-0.147154 51.537349,-0.13225 51.528833", "From Gloucester Avenue, Camden Town to Doric Way , Somers Town"
"LINESTRING (-0.169249 51.515953,-0.13225 51.528833", "From Southwick Street, Paddington to Doric Way , Somers Town"
"LINESTRING (-0.118478 51.514409,-0.13225 51.528833", "From Kingsway, Covent Garden to Doric Way , Somers Town"
"LINESTRING (-0.093421 51.529154,-0.13225 51.528833", "From Windsor Terrace, Hoxton to Doric Way , Somers Town"
"LINESTRING (-0.107349 51.511891,-0.13225 51.528833", "From Tallis Street, Temple to Doric Way , Somers Town"
"LINESTRING (-0.111778 51.515937,-0.13225 51.528833", "From Breams Buildings, Holborn to Doric Way , Somers Town"
"LINESTRING (-0.074189 51.502279,-0.13225 51.528833", "From Curlew Street, Shad Thames to Doric Way , Somers Town"
"LINESTRING (-0.132328 51.515631,-0.13225 51.528833", "From Soho Square , Soho to Doric Way , Somers Town"
"LINESTRING (-0.138853 51.541603,-0.13225 51.528833", "From Bonny Street, Camden Town to Doric Way , Somers Town"
"LINESTRING (-0.077121 51.511594,-0.13225 51.528833", "From Crosswall, Tower to Doric Way , Somers Town"
"LINESTRING (-0.103604 51.517334,-0.13225 51.528833", "From Snow Hill, Farringdon to Doric Way , Somers Town"
"LINESTRING (-0.108657 51.51795,-0.13225 51.528833", "From Holborn Circus, Holborn to Doric Way , Somers Town"
"LINESTRING (-0.17677 51.530889,-0.13225 51.528833", "From Grove End Road, St. John's Wood to Doric Way , Somers Town"
"LINESTRING (-0.112824 51.503791,-0.13225 51.528833", "From Waterloo Station 3, Waterloo to Doric Way , Somers Town"
"LINESTRING (-0.09294 51.51397,-0.13225 51.528833", "From Cheapside, Bank to Doric Way , Somers Town"
"LINESTRING (-0.106408 51.530515,-0.13225 51.528833", "From Chadwell Street, Angel to Doric Way , Somers Town"
"LINESTRING (-0.086685 51.517075,-0.13225 51.528833", "From Finsbury Circus, Liverpool Street to Doric Way , Somers Town"
"LINESTRING (-0.089659 51.52548,-0.13225 51.528833", "From Old Street Station, St. Luke's to Doric Way , Somers Town"
"LINESTRING (-0.104724 51.52836,-0.13225 51.528833", "From St. John Street, Finsbury to Doric Way , Somers Town"
"LINESTRING (-0.103604 51.517334,-0.13225 51.528833", "From Snow Hill, Farringdon to Doric Way , Somers Town"
"LINESTRING (-0.125078 51.534667,-0.13225 51.528833", "From Good's Way, King's Cross to Doric Way , Somers Town"
"LINESTRING (-0.103078 51.511934,-0.13225 51.528833", "From Blackfriars Station, St. Paul's to Doric Way , Somers Town"
"LINESTRING (-0.109256 51.526443,-0.13225 51.528833", "From Tysoe Street, Clerkenwell to Doric Way , Somers Town"
"LINESTRING (-0.165668 51.524561,-0.13225 51.528833", "From Broadley Terrace, Marylebone to Doric Way , Somers Town"
"LINESTRING (-0.13225 51.528833,-0.13225 51.528833", "From Doric Way , Somers Town to Doric Way , Somers Town"
"LINESTRING (-0.108028 51.518825,-0.13225 51.528833", "From Hatton Garden, Holborn to Doric Way , Somers Town"
"LINESTRING (-0.113656 51.505354,-0.13225 51.528833", "From Waterloo Bridge, South Bank to Doric Way , Somers Town"
"LINESTRING (-0.133952 51.536264,-0.13225 51.528833", "From Royal College Street, Camden Town to Doric Way , Somers Town"
"LINESTRING (-0.107927 51.513821,-0.13225 51.528833", "From Bouverie Street, Temple to Doric Way , Somers Town"
"LINESTRING (-0.132328 51.515631,-0.13225 51.528833", "From Soho Square , Soho to Doric Way , Somers Town"
"LINESTRING (-0.108657 51.51795,-0.13225 51.528833", "From Holborn Circus, Holborn to Doric Way , Somers Town"
"LINESTRING (-0.108028 51.518825,-0.13225 51.528833", "From Hatton Garden, Holborn to Doric Way , Somers Town"
"LINESTRING (-0.106992 51.534504,-0.13225 51.528833", "From Liverpool Road (N1 Centre), Angel to Doric Way , Somers Town"
"LINESTRING (-0.109914 51.531666,-0.13225 51.528833", "From Claremont Square, Angel to Doric Way , Somers Town"
"LINESTRING (-0.118295 51.52728,-0.13225 51.528833", "From Ampton Street , Clerkenwell to Doric Way , Somers Town"
"LINESTRING (-0.093885 51.517008,-0.13225 51.528833", "From Wood Street, Guildhall to Doric Way , Somers Town"
"LINESTRING (-0.08497 51.50964,-0.13225 51.528833", "From Monument Street, Monument to Doric Way , Somers Town"
"LINESTRING (-0.09308 51.515735,-0.13225 51.528833", "From The Guildhall, Guildhall to Doric Way , Somers Town"
"LINESTRING (-0.124807 51.53724,-0.13225 51.528833", "From Handyside Street, King's Cross to Doric Way , Somers Town"
"LINESTRING (-0.02296 51.50623,-0.13225 51.528833", "From Fisherman's Walk West, Canary Wharf to Doric Way , Somers Town"
"LINESTRING (-0.136792 51.533005,-0.13225 51.528833", "From Eversholt Street , Camden Town to Doric Way , Somers Town"
"LINESTRING (-0.124121 51.523418,-0.118295 51.52728", "From Russell Square Station, Bloomsbury to Ampton Street , Clerkenwell"
"LINESTRING (-0.127854 51.517727,-0.118295 51.52728", "From Great Russell Street, Bloomsbury to Ampton Street , Clerkenwell"
"LINESTRING (-0.124121 51.523418,-0.118295 51.52728", "From Russell Square Station, Bloomsbury to Ampton Street , Clerkenwell"
"LINESTRING (-0.06142 51.532091,-0.118295 51.52728", "From Pritchard's Road, Bethnal Green to Ampton Street , Clerkenwell"
"LINESTRING (-0.112824 51.503791,-0.118295 51.52728", "From Waterloo Station 3, Waterloo to Ampton Street , Clerkenwell"
"LINESTRING (-0.122502 51.523951,-0.118295 51.52728", "From Brunswick Square, Bloomsbury to Ampton Street , Clerkenwell"
"LINESTRING (-0.131161 51.52505,-0.118295 51.52728", "From Taviton Street, Bloomsbury to Ampton Street , Clerkenwell"
"LINESTRING (-0.111781 51.533319,-0.118295 51.52728", "From Risinghill Street, Angel to Ampton Street , Clerkenwell"
"LINESTRING (-0.111606 51.505569,-0.118295 51.52728", "From Stamford Street, South Bank to Ampton Street , Clerkenwell"
"LINESTRING (-0.108068 51.527842,-0.118295 51.52728", "From Hardwick Street, Clerkenwell to Ampton Street , Clerkenwell"
"LINESTRING (-0.138019 51.524438,-0.118295 51.52728", "From Warren Street Station, Euston to Ampton Street , Clerkenwell"
"LINESTRING (-0.135777 51.51953,-0.118295 51.52728", "From Charlotte Street, Fitzrovia to Ampton Street , Clerkenwell"
"LINESTRING (-0.122219 51.51477,-0.118295 51.52728", "From Drury Lane, Covent Garden to Ampton Street , Clerkenwell"
"LINESTRING (-0.083935 51.520009,-0.118295 51.52728", "From Sun Street, Liverpool Street to Ampton Street , Clerkenwell"
"LINESTRING (-0.109006 51.521661,-0.118295 51.52728", "From Hatton Wall, Holborn to Ampton Street , Clerkenwell"
"LINESTRING (-0.058631 51.524583,-0.118295 51.52728", "From Finnis Street, Bethnal Green to Ampton Street , Clerkenwell"
"LINESTRING (-0.065076 51.52388,-0.118295 51.52728", "From Cheshire Street, Bethnal Green to Ampton Street , Clerkenwell"
"LINESTRING (-0.138019 51.524438,-0.118295 51.52728", "From Warren Street Station, Euston to Ampton Street , Clerkenwell"
"LINESTRING (-0.074754 51.523648,-0.118295 51.52728", "From Bethnal Green Road, Shoreditch to Ampton Street , Clerkenwell"
"LINESTRING (-0.078869 51.521113,-0.118295 51.52728", "From Norton Folgate, Liverpool Street to Ampton Street , Clerkenwell"
"LINESTRING (-0.114079 51.522264,-0.118295 51.52728", "From Northington Street , Holborn to Ampton Street , Clerkenwell"
"LINESTRING (-0.122502 51.523951,-0.118295 51.52728", "From Brunswick Square, Bloomsbury to Ampton Street , Clerkenwell"
"LINESTRING (-0.122502 51.523951,-0.118295 51.52728", "From Brunswick Square, Bloomsbury to Ampton Street , Clerkenwell"
"LINESTRING (-0.079248 51.524526,-0.118295 51.52728", "From New Inn Yard, Shoreditch to Ampton Street , Clerkenwell"
"LINESTRING (-0.145211 51.520715,-0.118295 51.52728", "From Portland Place, Marylebone to Ampton Street , Clerkenwell"
"LINESTRING (-0.06691 51.507131,-0.118295 51.52728", "From Nesham Street, Wapping to Ampton Street , Clerkenwell"
"LINESTRING (-0.123509 51.52625,-0.107927 51.513821", "From Tavistock Place, Bloomsbury to Bouverie Street, Temple"
"LINESTRING (-0.108028 51.518825,-0.107927 51.513821", "From Hatton Garden, Holborn to Bouverie Street, Temple"
"LINESTRING (-0.113426 51.503919,-0.107927 51.513821", "From Waterloo Station 2, Waterloo to Bouverie Street, Temple"
"LINESTRING (-0.13544 51.497829,-0.107927 51.513821", "From Butler Place, Westminster to Bouverie Street, Temple"
"LINESTRING (-0.132845 51.489975,-0.107927 51.513821", "From Rampayne Street, Pimlico to Bouverie Street, Temple"
"LINESTRING (-0.122219 51.51477,-0.107927 51.513821", "From Drury Lane, Covent Garden to Bouverie Street, Temple"
"LINESTRING (-0.131773 51.506633,-0.107927 51.513821", "From Waterloo Place, St. James's to Bouverie Street, Temple"
"LINESTRING (-0.0786 51.500647,-0.107927 51.513821", "From Tanner Street, Bermondsey to Bouverie Street, Temple"
"LINESTRING (-0.091773 51.504627,-0.107927 51.513821", "From Hop Exchange, The Borough to Bouverie Street, Temple"
"LINESTRING (-0.083159 51.500889,-0.107927 51.513821", "From Tyers Gate, Bermondsey to Bouverie Street, Temple"
"LINESTRING (-0.07813 51.526377,-0.107927 51.513821", "From Shoreditch High Street, Shoreditch to Bouverie Street, Temple"
"LINESTRING (-0.06555 51.528681,-0.107927 51.513821", "From Durant Street, Bethnal Green to Bouverie Street, Temple"
"LINESTRING (-0.123616 51.529943,-0.107927 51.513821", "From Belgrove Street , King's Cross to Bouverie Street, Temple"
"LINESTRING (-0.043371 51.518369,-0.107927 51.513821", "From Rectory Square, Stepney to Bouverie Street, Temple"
"LINESTRING (-0.051394 51.520893,-0.107927 51.513821", "From Cleveland Way, Stepney to Bouverie Street, Temple"
"LINESTRING (-0.103078 51.511934,-0.107927 51.513821", "From Blackfriars Station, St. Paul's to Bouverie Street, Temple"
"LINESTRING (-0.104778 51.504044,-0.107927 51.513821", "From Southwark Station 2, Southwark to Bouverie Street, Temple"
"LINESTRING (-0.13544 51.497829,-0.107927 51.513821", "From Butler Place, Westminster to Bouverie Street, Temple"
"LINESTRING (-0.112824 51.503791,-0.107927 51.513821", "From Waterloo Station 3, Waterloo to Bouverie Street, Temple"
"LINESTRING (-0.174411 51.511933,-0.107927 51.513821", "From Bayswater Road, Hyde Park to Bouverie Street, Temple"
"LINESTRING (-0.017676 51.503083,-0.107927 51.513821", "From Upper Bank Street, Canary Wharf to Bouverie Street, Temple"
"LINESTRING (-0.159322 51.461343,-0.107927 51.513821", "From Clapham Common North Side, Clapham Common to Bouverie Street, Temple"
"LINESTRING (-0.079248 51.524526,-0.107927 51.513821", "From New Inn Yard, Shoreditch to Bouverie Street, Temple"
"LINESTRING (-0.063471 51.497995,-0.107927 51.513821", "From Bermondsey Station, Bermondsey to Bouverie Street, Temple"
"LINESTRING (-0.138733 51.496753,-0.107927 51.513821", "From Howick Place, Westminster to Bouverie Street, Temple"
"LINESTRING (-0.074189 51.502279,-0.107927 51.513821", "From Curlew Street, Shad Thames to Bouverie Street, Temple"
"LINESTRING (-0.086685 51.517075,-0.107927 51.513821", "From Finsbury Circus, Liverpool Street to Bouverie Street, Temple"
"LINESTRING (-0.111781 51.533319,-0.107927 51.513821", "From Risinghill Street, Angel to Bouverie Street, Temple"
"LINESTRING (-0.105596 51.505342,-0.107927 51.513821", "From Colombo Street, Southwark to Bouverie Street, Temple"
"LINESTRING (-0.124121 51.523418,-0.107927 51.513821", "From Russell Square Station, Bloomsbury to Bouverie Street, Temple"
"LINESTRING (-0.183834 51.497924,-0.107927 51.513821", "From Gloucester Road (North), Kensington to Bouverie Street, Temple"
"LINESTRING (-0.038986 51.512871,-0.107927 51.513821", "From Flamborough Street, Limehouse to Bouverie Street, Temple"
"LINESTRING (-0.101026 51.528246,-0.107927 51.513821", "From Goswell Road (City Uni), Finsbury to Bouverie Street, Temple"
"LINESTRING (-0.057544 51.504749,-0.107927 51.513821", "From Wapping Lane, Wapping to Bouverie Street, Temple"
"LINESTRING (-0.106823 51.508033,-0.107927 51.513821", "From Sea Containers, South Bank to Bouverie Street, Temple"
"LINESTRING (-0.099981 51.532661,-0.107927 51.513821", "From Graham Street, Angel to Bouverie Street, Temple"
"LINESTRING (-0.070133 51.515231,-0.107927 51.513821", "From Central House, Whitechapel to Bouverie Street, Temple"
"LINESTRING (-0.121723 51.510701,-0.107927 51.513821", "From Southampton Street, Strand to Bouverie Street, Temple"
"LINESTRING (-0.170329 51.477684,-0.107927 51.513821", "From Westbridge Road, Battersea to Bouverie Street, Temple"
"LINESTRING (-0.075459 51.509506,-0.107927 51.513821", "From Tower Gardens , Tower to Bouverie Street, Temple"
"LINESTRING (-0.134621 51.507424,-0.107927 51.513821", "From St. James's Square, St. James's to Bouverie Street, Temple"
"LINESTRING (-0.112824 51.503791,-0.107927 51.513821", "From Waterloo Station 3, Waterloo to Bouverie Street, Temple"
"LINESTRING (-0.132845 51.489975,-0.107927 51.513821", "From Rampayne Street, Pimlico to Bouverie Street, Temple"
"LINESTRING (-0.14296 51.497998,-0.107927 51.513821", "From Warwick Row, Westminster to Bouverie Street, Temple"
"LINESTRING (-0.120718 51.511968,-0.107927 51.513821", "From Tavistock Street, Covent Garden to Bouverie Street, Temple"
"LINESTRING (-0.175407 51.462305,-0.107927 51.513821", "From Plough Terrace, Clapham Junction to Bouverie Street, Temple"
"LINESTRING (-0.110699 51.501444,-0.107927 51.513821", "From Baylis Road, Waterloo to Bouverie Street, Temple"
"LINESTRING (-0.082989 51.510484,-0.107927 51.513821", "From Great Tower Street, Monument to Bouverie Street, Temple"
"LINESTRING (-0.164786 51.477292,-0.107927 51.513821", "From Ethelburga Estate, Battersea Park to Bouverie Street, Temple"
"LINESTRING (-0.111778 51.515937,-0.107927 51.513821", "From Breams Buildings, Holborn to Bouverie Street, Temple"
"LINESTRING (-0.07962 51.503493,-0.107927 51.513821", "From Tooley Street, Bermondsey to Bouverie Street, Temple"
"LINESTRING (-0.106823 51.508033,-0.107927 51.513821", "From Sea Containers, South Bank to Bouverie Street, Temple"
"LINESTRING (-0.109025 51.534408,-0.107927 51.513821", "From Cloudesley Road, Angel to Bouverie Street, Temple"
"LINESTRING (-0.147804 51.461376,-0.107927 51.513821", "From Victoria Rise, Clapham Common to Bouverie Street, Temple"
"LINESTRING (-0.147154 51.537349,-0.143613 51.523518", "From Gloucester Avenue, Camden Town to Bolsover Street, Fitzrovia"
"LINESTRING (-0.154907 51.522481,-0.143613 51.523518", "From Westminster University, Marylebone to Bolsover Street, Fitzrovia"
"LINESTRING (-0.136052 51.527326,-0.143613 51.523518", "From Drummond Street , Euston to Bolsover Street, Fitzrovia"
"LINESTRING (-0.144664 51.538071,-0.143613 51.523518", "From Parkway, Camden Town to Bolsover Street, Fitzrovia"
"LINESTRING (-0.163609 51.51809,-0.143613 51.523518", "From Shouldham Street, Marylebone to Bolsover Street, Fitzrovia"
"LINESTRING (-0.166304 51.525051,-0.143613 51.523518", "From Mallory Street, Marylebone to Bolsover Street, Fitzrovia"
"LINESTRING (-0.134407 51.526236,-0.143613 51.523518", "From Euston Road, Euston to Bolsover Street, Fitzrovia"
"LINESTRING (-0.138846 51.510048,-0.143613 51.523518", "From Sackville Street, Mayfair to Bolsover Street, Fitzrovia"
"LINESTRING (-0.096317 51.526008,-0.143613 51.523518", "From Finsbury Leisure Centre, St. Luke's to Bolsover Street, Fitzrovia"
"LINESTRING (-0.099994 51.522853,-0.143613 51.523518", "From Berry Street, Clerkenwell to Bolsover Street, Fitzrovia"
"LINESTRING (-0.161113 51.522596,-0.143613 51.523518", "From Dorset Square, Marylebone to Bolsover Street, Fitzrovia"
"LINESTRING (-0.147983 51.519167,-0.143613 51.523518", "From New Cavendish Street, Marylebone to Bolsover Street, Fitzrovia"
"LINESTRING (-0.116628 51.500089,-0.143613 51.523518", "From Lambeth Palace Road, Waterloo to Bolsover Street, Fitzrovia"
"LINESTRING (-0.138231 51.525542,-0.143613 51.523518", "From Hampstead Road, Euston to Bolsover Street, Fitzrovia"
"LINESTRING (-0.124678 51.51908,-0.143613 51.523518", "From British Museum, Bloomsbury to Bolsover Street, Fitzrovia"
"LINESTRING (-0.138019 51.524438,-0.143613 51.523518", "From Warren Street Station, Euston to Bolsover Street, Fitzrovia"
"LINESTRING (-0.179702 51.499428,-0.143613 51.523518", "From Imperial College, Knightsbridge to Bolsover Street, Fitzrovia"
"LINESTRING (-0.165668 51.524561,-0.143613 51.523518", "From Broadley Terrace, Marylebone to Bolsover Street, Fitzrovia"
"LINESTRING (-0.140485 51.519181,-0.143613 51.523518", "From Foley Street, Fitzrovia to Bolsover Street, Fitzrovia"
"LINESTRING (-0.134407 51.526236,-0.143613 51.523518", "From Euston Road, Euston to Bolsover Street, Fitzrovia"
"LINESTRING (-0.158249 51.516892,-0.143613 51.523518", "From George Place Mews, Marylebone to Bolsover Street, Fitzrovia"
"LINESTRING (-0.100168 51.530344,-0.143613 51.523518", "From City Road, Angel to Bolsover Street, Fitzrovia"
"LINESTRING (-0.125979 51.526357,-0.143613 51.523518", "From Cartwright Gardens , Bloomsbury to Bolsover Street, Fitzrovia"
"LINESTRING (-0.144664 51.538071,-0.143613 51.523518", "From Parkway, Camden Town to Bolsover Street, Fitzrovia"
"LINESTRING (-0.127854 51.517727,-0.143613 51.523518", "From Great Russell Street, Bloomsbury to Bolsover Street, Fitzrovia"
"LINESTRING (-0.156166 51.518913,-0.143613 51.523518", "From Baker Street, Marylebone to Bolsover Street, Fitzrovia"
"LINESTRING (-0.089887 51.520858,-0.193487 51.513735", "From Bunhill Row, Moorgate to Hereford Road, Bayswater"
"LINESTRING (-0.219486 51.512981,-0.193487 51.513735", "From Freston Road, Avondale to Hereford Road, Bayswater"
"LINESTRING (-0.179668 51.511654,-0.193487 51.513735", "From Lancaster Gate , Bayswater to Hereford Road, Bayswater"
"LINESTRING (-0.164393 51.516517,-0.193487 51.513735", "From Nutford Place, Marylebone to Hereford Road, Bayswater"
"LINESTRING (-0.17977 51.51348,-0.193487 51.513735", "From Devonshire Terrace, Bayswater to Hereford Road, Bayswater"
"LINESTRING (-0.170279 51.506451,-0.193487 51.513735", "From Triangle Car Park, Hyde Park to Hereford Road, Bayswater"
"LINESTRING (-0.187402 51.51031,-0.193487 51.513735", "From Queensway, Kensington Gardens to Hereford Road, Bayswater"
"LINESTRING (-0.145211 51.520715,-0.193487 51.513735", "From Portland Place, Marylebone to Hereford Road, Bayswater"
"LINESTRING (-0.147714 51.483507,-0.193487 51.513735", "From Battersea Power Station, Battersea Park to Hereford Road, Bayswater"
"LINESTRING (-0.204764 51.519042,-0.193487 51.513735", "From All Saints' Road, Portobello to Hereford Road, Bayswater"
"LINESTRING (-0.144165 51.510736,-0.193487 51.513735", "From Bruton Street, Mayfair to Hereford Road, Bayswater"
"LINESTRING (-0.150481 51.51217,-0.193487 51.513735", "From Grosvenor Square, Mayfair to Hereford Road, Bayswater"
"LINESTRING (-0.196422 51.509353,-0.193487 51.513735", "From Notting Hill Gate Station, Notting Hill to Hereford Road, Bayswater"
"LINESTRING (-0.191496 51.503157,-0.193487 51.513735", "From Kensington Church Street, Kensington to Hereford Road, Bayswater"
"LINESTRING (-0.179668 51.511654,-0.193487 51.513735", "From Lancaster Gate , Bayswater to Hereford Road, Bayswater"
"LINESTRING (-0.151296 51.50923,-0.193487 51.513735", "From South Audley Street, Mayfair to Hereford Road, Bayswater"
"LINESTRING (-0.164393 51.516517,-0.193487 51.513735", "From Nutford Place, Marylebone to Hereford Road, Bayswater"
"LINESTRING (-0.187278 51.475142,-0.193487 51.513735", "From Imperial Road, Sands End to Hereford Road, Bayswater"
"LINESTRING (-0.202608 51.51632,-0.193487 51.513735", "From All Saints Church, Portobello to Hereford Road, Bayswater"
"LINESTRING (-0.141334 51.492345,-0.193487 51.513735", "From Guildhouse Street, Victoria to Hereford Road, Bayswater"
"LINESTRING (-0.187402 51.51031,-0.193487 51.513735", "From Queensway, Kensington Gardens to Hereford Road, Bayswater"
"LINESTRING (-0.167894 51.493184,-0.193487 51.513735", "From Sloane Avenue, Knightsbridge to Hereford Road, Bayswater"
"LINESTRING (-0.18697 51.51616,-0.193487 51.513735", "From Bishop's Bridge Road West, Bayswater to Hereford Road, Bayswater"
"LINESTRING (-0.17306 51.505014,-0.193487 51.513735", "From Serpentine Car Park, Hyde Park to Hereford Road, Bayswater"
"LINESTRING (-0.153233 51.490959,-0.193487 51.513735", "From Bourne Street, Belgravia to Hereford Road, Bayswater"
"LINESTRING (-0.125979 51.526357,-0.093421 51.529154", "From Cartwright Gardens , Bloomsbury to Windsor Terrace, Hoxton"
"LINESTRING (-0.106992 51.534504,-0.093421 51.529154", "From Liverpool Road (N1 Centre), Angel to Windsor Terrace, Hoxton"
"LINESTRING (-0.074754 51.523648,-0.093421 51.529154", "From Bethnal Green Road, Shoreditch to Windsor Terrace, Hoxton"
"LINESTRING (-0.093421 51.529154,-0.093421 51.529154", "From Windsor Terrace, Hoxton to Windsor Terrace, Hoxton"
"LINESTRING (-0.089887 51.520858,-0.093421 51.529154", "From Bunhill Row, Moorgate to Windsor Terrace, Hoxton"
"LINESTRING (-0.13558 51.513684,-0.093421 51.529154", "From Broadwick Street, Soho to Windsor Terrace, Hoxton"
"LINESTRING (-0.130431 51.52168,-0.093421 51.529154", "From Malet Street, Bloomsbury to Windsor Terrace, Hoxton"
"LINESTRING (-0.10548 51.532199,-0.093421 51.529154", "From Torrens Street, Angel to Windsor Terrace, Hoxton"
"LINESTRING (-0.02163 51.540311,-0.093421 51.529154", "From Monier Road, Hackney Wick to Windsor Terrace, Hoxton"
"LINESTRING (-0.09885 51.515418,-0.093421 51.529154", "From Newgate Street , St. Paul's to Windsor Terrace, Hoxton"
"LINESTRING (-0.10548 51.532199,-0.093421 51.529154", "From Torrens Street, Angel to Windsor Terrace, Hoxton"
"LINESTRING (-0.145246 51.539957,-0.093421 51.529154", "From Arlington Road, Camden Town to Windsor Terrace, Hoxton"
"LINESTRING (-0.155525 51.516204,-0.093421 51.529154", "From Portman Square, Marylebone to Windsor Terrace, Hoxton"
"LINESTRING (-0.10834 51.52352,-0.093421 51.529154", "From Farringdon Lane, Clerkenwell to Windsor Terrace, Hoxton"
"LINESTRING (-0.113864 51.504027,-0.093421 51.529154", "From Waterloo Station 1, Waterloo to Windsor Terrace, Hoxton"
"LINESTRING (-0.094475 51.521747,-0.093421 51.529154", "From Golden Lane, Barbican to Windsor Terrace, Hoxton"
"LINESTRING (-0.087262 51.506304,-0.093421 51.529154", "From Duke Street Hill, London Bridge to Windsor Terrace, Hoxton"
"LINESTRING (-0.0985 51.51601,-0.093421 51.529154", "From King Edward Street, St Pauls to Windsor Terrace, Hoxton"
"LINESTRING (-0.102757 51.536384,-0.093421 51.529154", "From Islington Green, Angel to Windsor Terrace, Hoxton"
"LINESTRING (-0.079608 51.521668,-0.093421 51.529154", "From Worship Street, Shoreditch to Windsor Terrace, Hoxton"
"LINESTRING (-0.082989 51.510484,-0.093421 51.529154", "From Great Tower Street, Monument to Windsor Terrace, Hoxton"
"LINESTRING (-0.078869 51.521113,-0.093421 51.529154", "From Norton Folgate, Liverpool Street to Windsor Terrace, Hoxton"
"LINESTRING (-0.118272 51.516277,-0.083353 51.529537", "From Lincoln's Inn Fields, Holborn to Fanshaw Street, Hoxton"
"LINESTRING (-0.075885 51.536585,-0.083353 51.529537", "From Dunston Road , Haggerston to Fanshaw Street, Hoxton"
"LINESTRING (-0.127554 51.493978,-0.083353 51.529537", "From Page Street, Westminster to Fanshaw Street, Hoxton"
"LINESTRING (-0.08249 51.53558,-0.083353 51.529537", "From Pitfield Street North,Hoxton to Fanshaw Street, Hoxton"
"LINESTRING (-0.088285 51.519069,-0.083353 51.529537", "From Moorfields, Moorgate to Fanshaw Street, Hoxton"
"LINESTRING (-0.075855 51.517475,-0.083353 51.529537", "From Bell Lane, Liverpool Street to Fanshaw Street, Hoxton"
"LINESTRING (-0.135025 51.518162,-0.083353 51.529537", "From Rathbone Street, Fitzrovia to Fanshaw Street, Hoxton"
"LINESTRING (-0.117774 51.513875,-0.083353 51.529537", "From Kingsway Southbound, Strand to Fanshaw Street, Hoxton"
"LINESTRING (-0.086379 51.534042,-0.083353 51.529537", "From Shoreditch Park, Hoxton to Fanshaw Street, Hoxton"
"LINESTRING (-0.08249 51.53558,-0.083353 51.529537", "From Pitfield Street North,Hoxton to Fanshaw Street, Hoxton"
"LINESTRING (-0.075855 51.517475,-0.083353 51.529537", "From Bell Lane, Liverpool Street to Fanshaw Street, Hoxton"
"LINESTRING (-0.097122 51.529423,-0.083353 51.529537", "From Macclesfield Rd, St Lukes to Fanshaw Street, Hoxton"
"LINESTRING (-0.074284 51.539328,-0.083353 51.529537", "From Haggerston Road, Haggerston to Fanshaw Street, Hoxton"
"LINESTRING (-0.063531 51.504719,-0.083353 51.529537", "From Hermitage Court, Wapping to Fanshaw Street, Hoxton"
"LINESTRING (-0.124807 51.53724,-0.083353 51.529537", "From Handyside Street, King's Cross to Fanshaw Street, Hoxton"
"LINESTRING (-0.087587 51.514441,-0.083353 51.529537", "From Bank of England Museum, Bank to Fanshaw Street, Hoxton"
"LINESTRING (-0.063531 51.504719,-0.083353 51.529537", "From Hermitage Court, Wapping to Fanshaw Street, Hoxton"
"LINESTRING (-0.074754 51.523648,-0.083353 51.529537", "From Bethnal Green Road, Shoreditch to Fanshaw Street, Hoxton"
"LINESTRING (-0.063531 51.504719,-0.083353 51.529537", "From Hermitage Court, Wapping to Fanshaw Street, Hoxton"
"LINESTRING (-0.106823 51.508033,-0.083353 51.529537", "From Sea Containers, South Bank to Fanshaw Street, Hoxton"
"LINESTRING (-0.093051 51.511246,-0.083353 51.529537", "From Queen Street 2, Bank to Fanshaw Street, Hoxton"
"LINESTRING (-0.083935 51.520009,-0.083353 51.529537", "From Sun Street, Liverpool Street to Fanshaw Street, Hoxton"
"LINESTRING (-0.063531 51.504719,-0.083353 51.529537", "From Hermitage Court, Wapping to Fanshaw Street, Hoxton"
"LINESTRING (-0.079249 51.518908,-0.083353 51.529537", "From Brushfield Street, Liverpool Street to Fanshaw Street, Hoxton"
"LINESTRING (-0.089659 51.52548,-0.083353 51.529537", "From Old Street Station, St. Luke's to Fanshaw Street, Hoxton"
"LINESTRING (-0.141423 51.514499,-0.083353 51.529537", "From Little Argyll Street, West End to Fanshaw Street, Hoxton"
"LINESTRING (-0.062546 51.535678,-0.083353 51.529537", "From Regent's Row , Haggerston to Fanshaw Street, Hoxton"
"LINESTRING (-0.100186 51.505817,-0.083353 51.529537", "From Bankside Mix, Bankside to Fanshaw Street, Hoxton"
"LINESTRING (-0.06691 51.507131,-0.083353 51.529537", "From Nesham Street, Wapping to Fanshaw Street, Hoxton"
"LINESTRING (-0.136039 51.519914,-0.083353 51.529537", "From Scala Street, Fitzrovia to Fanshaw Street, Hoxton"
"LINESTRING (-0.129386 51.534123,-0.083353 51.529537", "From Pancras Road, King's Cross to Fanshaw Street, Hoxton"
"LINESTRING (-0.112824 51.503791,-0.083353 51.529537", "From Waterloo Station 3, Waterloo to Fanshaw Street, Hoxton"
"LINESTRING (-0.079201 51.537277,-0.083353 51.529537", "From Hertford Road, De Beauvoir Town to Fanshaw Street, Hoxton"
"LINESTRING (-0.093421 51.529154,-0.083353 51.529537", "From Windsor Terrace, Hoxton to Fanshaw Street, Hoxton"
"LINESTRING (-0.103078 51.511934,-0.083353 51.529537", "From Blackfriars Station, St. Paul's to Fanshaw Street, Hoxton"
"LINESTRING (-0.101026 51.528246,-0.083353 51.529537", "From Goswell Road (City Uni), Finsbury to Fanshaw Street, Hoxton"
"LINESTRING (-0.0985 51.51601,-0.083353 51.529537", "From King Edward Street, St Pauls to Fanshaw Street, Hoxton"
"LINESTRING (-0.028941 51.542118,-0.083353 51.529537", "From Cadogan Close, Victoria Park to Fanshaw Street, Hoxton"
"LINESTRING (-0.092762 51.500296,-0.084439 51.524696", "From Swan Street, The Borough to Leonard Circus , Shoreditch"
"LINESTRING (-0.113426 51.503919,-0.084439 51.524696", "From Waterloo Station 2, Waterloo to Leonard Circus , Shoreditch"
"LINESTRING (-0.074754 51.523648,-0.084439 51.524696", "From Bethnal Green Road, Shoreditch to Leonard Circus , Shoreditch"
"LINESTRING (-0.0801 51.52959,-0.084439 51.524696", "From Hoxton Street, Hoxton to Leonard Circus , Shoreditch"
"LINESTRING (-0.033085 51.532513,-0.084439 51.524696", "From Ford Road, Old Ford to Leonard Circus , Shoreditch"
"LINESTRING (-0.083935 51.520009,-0.084439 51.524696", "From Sun Street, Liverpool Street to Leonard Circus , Shoreditch"
"LINESTRING (-0.048017 51.531127,-0.084439 51.524696", "From Old Ford Road, Bethnal Green to Leonard Circus , Shoreditch"
"LINESTRING (-0.054162 51.536424,-0.084439 51.524696", "From Victoria Park Road, Hackney Central to Leonard Circus , Shoreditch"
"LINESTRING (-0.187402 51.51031,-0.084439 51.524696", "From Queensway, Kensington Gardens to Leonard Circus , Shoreditch"
"LINESTRING (-0.053177 51.515975,-0.084439 51.524696", "From Jubilee Street, Stepney to Leonard Circus , Shoreditch"
"LINESTRING (-0.100168 51.530344,-0.084439 51.524696", "From City Road, Angel to Leonard Circus , Shoreditch"
"LINESTRING (-0.113864 51.504027,-0.084439 51.524696", "From Waterloo Station 1, Waterloo to Leonard Circus , Shoreditch"
"LINESTRING (-0.130431 51.52168,-0.084439 51.524696", "From Malet Street, Bloomsbury to Leonard Circus , Shoreditch"
"LINESTRING (-0.066035 51.531864,-0.084439 51.524696", "From Goldsmith's Row, Haggerston to Leonard Circus , Shoreditch"
"LINESTRING (-0.073438 51.51838,-0.084439 51.524696", "From Fashion Street, Whitechapel to Leonard Circus , Shoreditch"
"LINESTRING (-0.132328 51.515631,-0.084439 51.524696", "From Soho Square , Soho to Leonard Circus , Shoreditch"
"LINESTRING (-0.06142 51.532091,-0.084439 51.524696", "From Pritchard's Road, Bethnal Green to Leonard Circus , Shoreditch"
"LINESTRING (-0.108028 51.518825,-0.084439 51.524696", "From Hatton Garden, Holborn to Leonard Circus , Shoreditch"
"LINESTRING (-0.084439 51.524696,-0.084439 51.524696", "From Leonard Circus , Shoreditch to Leonard Circus , Shoreditch"
"LINESTRING (-0.100168 51.530344,-0.084439 51.524696", "From City Road, Angel to Leonard Circus , Shoreditch"
"LINESTRING (-0.079608 51.521668,-0.084439 51.524696", "From Worship Street, Shoreditch to Leonard Circus , Shoreditch"
"LINESTRING (-0.058826 51.54119,-0.084439 51.524696", "From London Fields, Hackney Central to Leonard Circus , Shoreditch"
"LINESTRING (-0.10834 51.52352,-0.084439 51.524696", "From Farringdon Lane, Clerkenwell to Leonard Circus , Shoreditch"
"LINESTRING (-0.047548 51.528869,-0.084439 51.524696", "From Globe Town Market, Bethnal Green to Leonard Circus , Shoreditch"
"LINESTRING (-0.10548 51.532199,-0.084439 51.524696", "From Torrens Street, Angel to Leonard Circus , Shoreditch"
"LINESTRING (-0.158456 51.502953,-0.084439 51.524696", "From Albert Gate, Hyde Park to Leonard Circus , Shoreditch"
"LINESTRING (-0.068161 51.509786,-0.084439 51.524696", "From Dock Street, Wapping to Leonard Circus , Shoreditch"
"LINESTRING (-0.078505 51.53095,-0.084439 51.524696", "From Falkirk Street, Hoxton to Leonard Circus , Shoreditch"
"LINESTRING (-0.066035 51.531864,-0.084439 51.524696", "From Goldsmith's Row, Haggerston to Leonard Circus , Shoreditch"
"LINESTRING (-0.106408 51.530515,-0.084439 51.524696", "From Chadwell Street, Angel to Leonard Circus , Shoreditch"
"LINESTRING (-0.075578 51.52127,-0.084439 51.524696", "From Commercial Street, Shoreditch to Leonard Circus , Shoreditch"
"LINESTRING (-0.099981 51.532661,-0.084439 51.524696", "From Graham Street, Angel to Leonard Circus , Shoreditch"
"LINESTRING (-0.101384 51.49652,-0.084439 51.524696", "From Ontario Street, Elephant & Castle to Leonard Circus , Shoreditch"
"LINESTRING (-0.125441 51.541596,-0.084439 51.524696", "From York Way, Kings Cross to Leonard Circus , Shoreditch"
"LINESTRING (-0.088285 51.519069,-0.084439 51.524696", "From Moorfields, Moorgate to Leonard Circus , Shoreditch"
"LINESTRING (-0.074284 51.539328,-0.084439 51.524696", "From Haggerston Road, Haggerston to Leonard Circus , Shoreditch"
"LINESTRING (-0.060291 51.535716,-0.084439 51.524696", "From Ada Street, Hackney Central to Leonard Circus , Shoreditch"
"LINESTRING (-0.074189 51.502279,-0.084439 51.524696", "From Curlew Street, Shad Thames to Leonard Circus , Shoreditch"
"LINESTRING (-0.013475 51.51549,-0.084439 51.524696", "From Langdon Park, Poplar to Leonard Circus , Shoreditch"
"LINESTRING (-0.116625 51.486965,-0.084439 51.524696", "From Vauxhall Street, Vauxhall to Leonard Circus , Shoreditch"
"LINESTRING (-0.103137 51.506692,-0.084439 51.524696", "From Poured Lines, Bankside to Leonard Circus , Shoreditch"
"LINESTRING (-0.075578 51.52127,-0.084439 51.524696", "From Commercial Street, Shoreditch to Leonard Circus , Shoreditch"
"LINESTRING (-0.054883 51.522561,-0.084439 51.524696", "From Cephas Street, Bethnal Green to Leonard Circus , Shoreditch"
"LINESTRING (-0.075459 51.509506,-0.084439 51.524696", "From Tower Gardens , Tower to Leonard Circus , Shoreditch"
"LINESTRING (-0.075901 51.531091,-0.084439 51.524696", "From Hoxton Station, Hoxton to Leonard Circus , Shoreditch"
"LINESTRING (-0.138072 51.517344,-0.084439 51.524696", "From Wells Street, Fitzrovia to Leonard Circus , Shoreditch"
"LINESTRING (-0.099489 51.524868,-0.084439 51.524696", "From Sadlers Sports Centre, Finsbury to Leonard Circus , Shoreditch"
"LINESTRING (-0.113864 51.504027,-0.084439 51.524696", "From Waterloo Station 1, Waterloo to Leonard Circus , Shoreditch"
"LINESTRING (-0.102757 51.536384,-0.084439 51.524696", "From Islington Green, Angel to Leonard Circus , Shoreditch"
"LINESTRING (-0.062546 51.535678,-0.084439 51.524696", "From Regent's Row , Haggerston to Leonard Circus , Shoreditch"
"LINESTRING (-0.112824 51.503791,-0.084439 51.524696", "From Waterloo Station 3, Waterloo to Leonard Circus , Shoreditch"
"LINESTRING (-0.075459 51.509506,-0.084439 51.524696", "From Tower Gardens , Tower to Leonard Circus , Shoreditch"
"LINESTRING (-0.112824 51.503791,-0.084439 51.524696", "From Waterloo Station 3, Waterloo to Leonard Circus , Shoreditch"
"LINESTRING (-0.087262 51.506304,-0.084439 51.524696", "From Duke Street Hill, London Bridge to Leonard Circus , Shoreditch"
"LINESTRING (-0.157183 51.52026,-0.084439 51.524696", "From Crawford Street, Marylebone to Leonard Circus , Shoreditch"
"LINESTRING (-0.075459 51.509506,-0.084439 51.524696", "From Tower Gardens , Tower to Leonard Circus , Shoreditch"
"LINESTRING (-0.086016 51.53114,-0.084439 51.524696", "From New North Road 2, Hoxton to Leonard Circus , Shoreditch"
"LINESTRING (-0.032566 51.520597,-0.084439 51.524696", "From Mile End Park Leisure Centre, Mile End to Leonard Circus , Shoreditch"
"LINESTRING (-0.092176 51.520044,-0.084439 51.524696", "From Barbican Centre, Barbican to Leonard Circus , Shoreditch"
"LINESTRING (-0.066078 51.514924,-0.084439 51.524696", "From LMU Commercial Road, Whitechapel to Leonard Circus , Shoreditch"
"LINESTRING (-0.079249 51.518908,-0.084439 51.524696", "From Brushfield Street, Liverpool Street to Leonard Circus , Shoreditch"
"LINESTRING (-0.125674 51.491884,-0.084439 51.524696", "From Millbank Tower, Pimlico to Leonard Circus , Shoreditch"
"LINESTRING (-0.078869 51.521113,-0.084439 51.524696", "From Norton Folgate, Liverpool Street to Leonard Circus , Shoreditch"
"LINESTRING (-0.06142 51.532091,-0.084439 51.524696", "From Pritchard's Road, Bethnal Green to Leonard Circus , Shoreditch"
"LINESTRING (-0.075459 51.509506,-0.084439 51.524696", "From Tower Gardens , Tower to Leonard Circus , Shoreditch"
"LINESTRING (-0.112824 51.503791,-0.084439 51.524696", "From Waterloo Station 3, Waterloo to Leonard Circus , Shoreditch"
"LINESTRING (-0.062546 51.535678,-0.084439 51.524696", "From Regent's Row , Haggerston to Leonard Circus , Shoreditch"
"LINESTRING (-0.026768 51.520398,-0.084439 51.524696", "From Ackroyd Drive, Bow to Leonard Circus , Shoreditch"
"LINESTRING (-0.089659 51.52548,-0.084439 51.524696", "From Old Street Station, St. Luke's to Leonard Circus , Shoreditch"
"LINESTRING (-0.074431 51.519362,-0.084439 51.524696", "From Fournier Street, Whitechapel to Leonard Circus , Shoreditch"
"LINESTRING (-0.058631 51.524583,-0.070133 51.515231", "From Finnis Street, Bethnal Green to Central House, Whitechapel"
"LINESTRING (-0.075901 51.531091,-0.070133 51.515231", "From Hoxton Station, Hoxton to Central House, Whitechapel"
"LINESTRING (-0.083632 51.502153,-0.070133 51.515231", "From Snowsfields, London Bridge to Central House, Whitechapel"
"LINESTRING (-0.075578 51.52127,-0.070133 51.515231", "From Commercial Street, Shoreditch to Central House, Whitechapel"
"LINESTRING (-0.015578 51.52512,-0.070133 51.515231", "From Devons Road, Bow to Central House, Whitechapel"
"LINESTRING (-0.075855 51.517475,-0.070133 51.515231", "From Bell Lane, Liverpool Street to Central House, Whitechapel"
"LINESTRING (-0.148105 51.514759,-0.070133 51.515231", "From Marylebone Lane, Marylebone to Central House, Whitechapel"
"LINESTRING (-0.074754 51.523648,-0.070133 51.515231", "From Bethnal Green Road, Shoreditch to Central House, Whitechapel"
"LINESTRING (-0.057159 51.511088,-0.070133 51.515231", "From Shadwell Station, Shadwell to Central House, Whitechapel"
"LINESTRING (-0.087262 51.506304,-0.070133 51.515231", "From Duke Street Hill, London Bridge to Central House, Whitechapel"
"LINESTRING (-0.059091 51.528692,-0.070133 51.515231", "From Clarkson Street, Bethnal Green to Central House, Whitechapel"
"LINESTRING (-0.073955 51.526293,-0.070133 51.515231", "From Palissy Street, Shoreditch to Central House, Whitechapel"
"LINESTRING (-0.079249 51.518908,-0.070133 51.515231", "From Brushfield Street, Liverpool Street to Central House, Whitechapel"
"LINESTRING (-0.075578 51.52127,-0.070133 51.515231", "From Commercial Street, Shoreditch to Central House, Whitechapel"
"LINESTRING (-0.148105 51.514759,-0.070133 51.515231", "From Marylebone Lane, Marylebone to Central House, Whitechapel"
"LINESTRING (-0.033085 51.532513,-0.070133 51.515231", "From Ford Road, Old Ford to Central House, Whitechapel"
"LINESTRING (-0.101536 51.49217,-0.070133 51.515231", "From Hampton Street, Walworth to Central House, Whitechapel"
"LINESTRING (-0.08249 51.53558,-0.070133 51.515231", "From Pitfield Street North,Hoxton to Central House, Whitechapel"
"LINESTRING (-0.079684 51.516468,-0.070133 51.515231", "From Devonshire Square, Liverpool Street to Central House, Whitechapel"
"LINESTRING (-0.09294 51.511553,-0.070133 51.515231", "From Queen Street 1, Bank to Central House, Whitechapel"
"LINESTRING (-0.119123 51.519435,-0.070133 51.515231", "From Red Lion Square, Holborn to Central House, Whitechapel"
"LINESTRING (-0.082422 51.516154,-0.070133 51.515231", "From Wormwood Street, Liverpool Street to Central House, Whitechapel"
"LINESTRING (-0.079248 51.524526,-0.070133 51.515231", "From New Inn Yard, Shoreditch to Central House, Whitechapel"
"LINESTRING (-0.025492 51.530535,-0.070133 51.515231", "From Mostyn Grove, Bow to Central House, Whitechapel"
"LINESTRING (-0.033828 51.514115,-0.070133 51.515231", "From Salmon Lane, Limehouse to Central House, Whitechapel"
"LINESTRING (-0.087262 51.506304,-0.070133 51.515231", "From Duke Street Hill, London Bridge to Central House, Whitechapel"
"LINESTRING (-0.089446 51.497382,-0.070133 51.515231", "From Great Dover Street, The Borough to Central House, Whitechapel"
"LINESTRING (-0.037471 51.528224,-0.070133 51.515231", "From Antill Road, Mile End to Central House, Whitechapel"
"LINESTRING (-0.068856 51.521776,-0.070133 51.515231", "From Buxton Street 1, Shoreditch to Central House, Whitechapel"
"LINESTRING (-0.083935 51.520009,-0.070133 51.515231", "From Sun Street, Liverpool Street to Central House, Whitechapel"
"LINESTRING (-0.062546 51.535678,-0.070133 51.515231", "From Regent's Row , Haggerston to Central House, Whitechapel"
"LINESTRING (-0.02163 51.540311,-0.070133 51.515231", "From Monier Road, Hackney Wick to Central House, Whitechapel"
"LINESTRING (-0.069743 51.528222,-0.070133 51.515231", "From Wellington Row, Bethnal Green to Central House, Whitechapel"
"LINESTRING (-0.057159 51.511088,-0.070133 51.515231", "From Shadwell Station, Shadwell to Central House, Whitechapel"
"LINESTRING (-0.07813 51.526377,-0.070133 51.515231", "From Shoreditch High Street, Shoreditch to Central House, Whitechapel"
"LINESTRING (-0.059091 51.528692,-0.070133 51.515231", "From Clarkson Street, Bethnal Green to Central House, Whitechapel"
"LINESTRING (-0.051394 51.520893,-0.070133 51.515231", "From Cleveland Way, Stepney to Central House, Whitechapel"
"LINESTRING (-0.058681 51.506946,-0.070133 51.515231", "From Reardon Street, Wapping to Central House, Whitechapel"
"LINESTRING (-0.103078 51.511934,-0.070133 51.515231", "From Blackfriars Station, St. Paul's to Central House, Whitechapel"
"LINESTRING (-0.089887 51.520858,-0.070133 51.515231", "From Bunhill Row, Moorgate to Central House, Whitechapel"
"LINESTRING (-0.090847 51.525893,-0.070133 51.515231", "From Bath Street, St. Luke's to Central House, Whitechapel"
"LINESTRING (-0.131961 51.508446,-0.070133 51.515231", "From Charles II Street, West End to Central House, Whitechapel"
"LINESTRING (-0.070329 51.539083,-0.070133 51.515231", "From Shoreditch Court, Haggerston to Central House, Whitechapel"
"LINESTRING (-0.086685 51.517075,-0.070133 51.515231", "From Finsbury Circus, Liverpool Street to Central House, Whitechapel"
"LINESTRING (-0.042744 51.530326,-0.070133 51.515231", "From Twig Folly Bridge, Mile End to Central House, Whitechapel"
"LINESTRING (-0.041378 51.522507,-0.070133 51.515231", "From Queen Mary's, Mile End to Central House, Whitechapel"
"LINESTRING (-0.059091 51.528692,-0.070133 51.515231", "From Clarkson Street, Bethnal Green to Central House, Whitechapel"
"LINESTRING (-0.090847 51.525893,-0.070133 51.515231", "From Bath Street, St. Luke's to Central House, Whitechapel"
"LINESTRING (-0.138853 51.541603,-0.129386 51.534123", "From Bonny Street, Camden Town to Pancras Road, King's Cross"
"LINESTRING (-0.133952 51.536264,-0.129386 51.534123", "From Royal College Street, Camden Town to Pancras Road, King's Cross"
"LINESTRING (-0.156285 51.535836,-0.129386 51.534123", "From London Zoo,  The Regent's Park to Pancras Road, King's Cross"
"LINESTRING (-0.138072 51.517344,-0.129386 51.534123", "From Wells Street, Fitzrovia to Pancras Road, King's Cross"
"LINESTRING (-0.147154 51.537349,-0.129386 51.534123", "From Gloucester Avenue, Camden Town to Pancras Road, King's Cross"
"LINESTRING (-0.129386 51.534123,-0.129386 51.534123", "From Pancras Road, King's Cross to Pancras Road, King's Cross"
"LINESTRING (-0.145246 51.539957,-0.129386 51.534123", "From Arlington Road, Camden Town to Pancras Road, King's Cross"
"LINESTRING (-0.132053 51.518587,-0.129386 51.534123", "From Bayley Street , Bloomsbury to Pancras Road, King's Cross"
"LINESTRING (-0.145393 51.542138,-0.129386 51.534123", "From Castlehaven Road, Camden Town to Pancras Road, King's Cross"
"LINESTRING (-0.10548 51.532199,-0.129386 51.534123", "From Torrens Street, Angel to Pancras Road, King's Cross"
"LINESTRING (-0.141728 51.539099,-0.129386 51.534123", "From Greenland Road, Camden Town to Pancras Road, King's Cross"
"LINESTRING (-0.145246 51.539957,-0.129386 51.534123", "From Arlington Road, Camden Town to Pancras Road, King's Cross"
"LINESTRING (-0.125979 51.526357,-0.129386 51.534123", "From Cartwright Gardens , Bloomsbury to Pancras Road, King's Cross"
"LINESTRING (-0.122299 51.530199,-0.129386 51.534123", "From Birkenhead Street, King's Cross to Pancras Road, King's Cross"
"LINESTRING (-0.144664 51.538071,-0.129386 51.534123", "From Parkway, Camden Town to Pancras Road, King's Cross"
"LINESTRING (-0.108322 51.510981,-0.129386 51.534123", "From Temple Gardens, Temple to Pancras Road, King's Cross"
"LINESTRING (-0.09294 51.51397,-0.129386 51.534123", "From Cheapside, Bank to Pancras Road, King's Cross"
"LINESTRING (-0.145393 51.542138,-0.129386 51.534123", "From Castlehaven Road, Camden Town to Pancras Road, King's Cross"
"LINESTRING (-0.133952 51.536264,-0.129386 51.534123", "From Royal College Street, Camden Town to Pancras Road, King's Cross"
"LINESTRING (-0.138019 51.524438,-0.129386 51.534123", "From Warren Street Station, Euston to Pancras Road, King's Cross"
"LINESTRING (-0.144664 51.538071,-0.129386 51.534123", "From Parkway, Camden Town to Pancras Road, King's Cross"
"LINESTRING (-0.113426 51.503919,-0.129386 51.534123", "From Waterloo Station 2, Waterloo to Pancras Road, King's Cross"
"LINESTRING (-0.15352 51.503117,-0.18498 51.501737", "From Hyde Park Corner, Hyde Park to De Vere Gardens, Kensington"
"LINESTRING (-0.183289 51.496462,-0.18498 51.501737", "From Gloucester Road (Central), South Kensington to De Vere Gardens, Kensington"
"LINESTRING (-0.171103 51.518268,-0.18498 51.501737", "From St Mary's Hospital, Paddington to De Vere Gardens, Kensington"
"LINESTRING (-0.13151 51.509639,-0.18498 51.501737", "From Panton Street, West End to De Vere Gardens, Kensington"
"LINESTRING (-0.18498 51.501737,-0.18498 51.501737", "From De Vere Gardens, Kensington to De Vere Gardens, Kensington"
"LINESTRING (-0.165471 51.498884,-0.18498 51.501737", "From Montpelier Street, Knightsbridge to De Vere Gardens, Kensington"
"LINESTRING (-0.18498 51.501737,-0.18498 51.501737", "From De Vere Gardens, Kensington to De Vere Gardens, Kensington"
"LINESTRING (-0.18267 51.494185,-0.18498 51.501737", "From Gloucester Road Station, South Kensington to De Vere Gardens, Kensington"
"LINESTRING (-0.093051 51.511246,-0.18498 51.501737", "From Queen Street 2, Bank to De Vere Gardens, Kensington"
"LINESTRING (-0.17306 51.505014,-0.18498 51.501737", "From Serpentine Car Park, Hyde Park to De Vere Gardens, Kensington"
"LINESTRING (-0.158264 51.514577,-0.18498 51.501737", "From Old Quebec Street, Marylebone to De Vere Gardens, Kensington"
"LINESTRING (-0.18267 51.494185,-0.18498 51.501737", "From Gloucester Road Station, South Kensington to De Vere Gardens, Kensington"
"LINESTRING (-0.194757 51.493343,-0.18498 51.501737", "From Nevern Place, Earl's Court to De Vere Gardens, Kensington"
"LINESTRING (-0.150481 51.51217,-0.18498 51.501737", "From Grosvenor Square, Mayfair to De Vere Gardens, Kensington"
"LINESTRING (-0.179369 51.487196,-0.18498 51.501737", "From Drayton Gardens, West Chelsea to De Vere Gardens, Kensington"
"LINESTRING (-0.142844 51.506613,-0.18498 51.501737", "From Green Park Station, Mayfair to De Vere Gardens, Kensington"
"LINESTRING (-0.185296 51.495362,-0.18498 51.501737", "From Emperor's Gate, South Kensington to De Vere Gardens, Kensington"
"LINESTRING (-0.157436 51.512276,-0.18498 51.501737", "From Green Street, Mayfair to De Vere Gardens, Kensington"
"LINESTRING (-0.179854 51.501715,-0.18498 51.501737", "From Queen's Gate, Kensington Gardens to De Vere Gardens, Kensington"
"LINESTRING (-0.165471 51.498884,-0.18498 51.501737", "From Montpelier Street, Knightsbridge to De Vere Gardens, Kensington"
"LINESTRING (-0.18498 51.501737,-0.18498 51.501737", "From De Vere Gardens, Kensington to De Vere Gardens, Kensington"
"LINESTRING (-0.15352 51.503117,-0.18498 51.501737", "From Hyde Park Corner, Hyde Park to De Vere Gardens, Kensington"
"LINESTRING (-0.174554 51.499917,-0.18498 51.501737", "From Exhibition Road, Knightsbridge to De Vere Gardens, Kensington"
"LINESTRING (-0.185296 51.495362,-0.18498 51.501737", "From Emperor's Gate, South Kensington to De Vere Gardens, Kensington"
"LINESTRING (-0.193068 51.500397,-0.192369 51.491593", "From Wright's Lane, Kensington to Penywern Road, Earl's Court"
"LINESTRING (-0.205284 51.496712,-0.192369 51.491593", "From Warwick Road, Olympia to Penywern Road, Earl's Court"
"LINESTRING (-0.172078 51.482567,-0.192369 51.491593", "From Danvers Street, West Chelsea to Penywern Road, Earl's Court"
"LINESTRING (-0.14296 51.497998,-0.192369 51.491593", "From Warwick Row, Westminster to Penywern Road, Earl's Court"
"LINESTRING (-0.211316 51.500088,-0.192369 51.491593", "From Russell Gardens, Olympia to Penywern Road, Earl's Court"
"LINESTRING (-0.21186 51.483217,-0.192369 51.491593", "From Humbolt Road, Fulham to Penywern Road, Earl's Court"
"LINESTRING (-0.183165 51.474665,-0.192369 51.491593", "From Imperial Wharf Station, Sands End to Penywern Road, Earl's Court"
"LINESTRING (-0.15352 51.503117,-0.192369 51.491593", "From Hyde Park Corner, Hyde Park to Penywern Road, Earl's Court"
"LINESTRING (-0.183853 51.480898,-0.192369 51.491593", "From Thorndike Close, West Chelsea to Penywern Road, Earl's Court"
"LINESTRING (-0.185273 51.481765,-0.192369 51.491593", "From Hortensia Road, West Brompton to Penywern Road, Earl's Court"
"LINESTRING (-0.183834 51.497924,-0.192369 51.491593", "From Gloucester Road (North), Kensington to Penywern Road, Earl's Court"
"LINESTRING (-0.165842 51.522029,-0.192369 51.491593", "From Bell Street , Marylebone to Penywern Road, Earl's Court"
"LINESTRING (-0.178732 51.493967,-0.192369 51.491593", "From Queen's Gate (Central), South Kensington to Penywern Road, Earl's Court"
"LINESTRING (-0.170194 51.489716,-0.192369 51.491593", "From St. Luke's Church, Chelsea to Penywern Road, Earl's Court"
"LINESTRING (-0.222293 51.501594,-0.192369 51.491593", "From Shepherd's Bush Road North, Shepherd's Bush to Penywern Road, Earl's Court"
"LINESTRING (-0.18267 51.494185,-0.192369 51.491593", "From Gloucester Road Station, South Kensington to Penywern Road, Earl's Court"
"LINESTRING (-0.179077 51.495592,-0.192369 51.491593", "From Natural History Museum, South Kensington to Penywern Road, Earl's Court"
"LINESTRING (-0.198286 51.493724,-0.192369 51.491593", "From West Cromwell Road, Earl's Court to Penywern Road, Earl's Court"
"LINESTRING (-0.200742 51.502319,-0.192369 51.491593", "From Holland Park, Kensington to Penywern Road, Earl's Court"
"LINESTRING (-0.193764 51.508605,-0.192369 51.491593", "From Palace Gardens Terrace, Notting Hill to Penywern Road, Earl's Court"
"LINESTRING (-0.193068 51.500397,-0.192369 51.491593", "From Wright's Lane, Kensington to Penywern Road, Earl's Court"
"LINESTRING (-0.194116 51.479932,-0.192369 51.491593", "From Fulham Broadway, Walham Green to Penywern Road, Earl's Court"
"LINESTRING (-0.183846 51.523344,-0.192369 51.491593", "From Warwick Avenue Station, Maida Vale to Penywern Road, Earl's Court"
"LINESTRING (-0.198286 51.493724,-0.192369 51.491593", "From West Cromwell Road, Earl's Court to Penywern Road, Earl's Court"
"LINESTRING (-0.129697 51.509087,-0.192369 51.491593", "From St. Martin's Street, West End to Penywern Road, Earl's Court"
"LINESTRING (-0.185296 51.495362,-0.192369 51.491593", "From Emperor's Gate, South Kensington to Penywern Road, Earl's Court"
"LINESTRING (-0.159322 51.461343,-0.192369 51.491593", "From Clapham Common North Side, Clapham Common to Penywern Road, Earl's Court"
"LINESTRING (-0.192369 51.491593,-0.192369 51.491593", "From Penywern Road, Earl's Court to Penywern Road, Earl's Court"
"LINESTRING (-0.183834 51.497924,-0.192369 51.491593", "From Gloucester Road (North), Kensington to Penywern Road, Earl's Court"
"LINESTRING (-0.162418 51.490083,-0.192369 51.491593", "From Royal Avenue 2, Chelsea to Penywern Road, Earl's Court"
"LINESTRING (-0.179077 51.495592,-0.192369 51.491593", "From Natural History Museum, South Kensington to Penywern Road, Earl's Court"
"LINESTRING (-0.179702 51.499428,-0.192369 51.491593", "From Imperial College, Knightsbridge to Penywern Road, Earl's Court"
"LINESTRING (-0.197609 51.483911,-0.192369 51.491593", "From Halford Road, West Kensington to Penywern Road, Earl's Court"
"LINESTRING (-0.157275 51.510017,-0.192369 51.491593", "From Park Lane , Hyde Park to Penywern Road, Earl's Court"
"LINESTRING (-0.097441 51.511961,-0.197245 51.497387", "From Queen Victoria Street, St. Paul's to Abingdon Villas, Kensington"
"LINESTRING (-0.082422 51.516154,-0.197245 51.497387", "From Wormwood Street, Liverpool Street to Abingdon Villas, Kensington"
"LINESTRING (-0.200804 51.520509,-0.197245 51.497387", "From The Metropolitan, Portobello to Abingdon Villas, Kensington"
"LINESTRING (-0.198286 51.493724,-0.197245 51.497387", "From West Cromwell Road, Earl's Court to Abingdon Villas, Kensington"
"LINESTRING (-0.165471 51.498884,-0.197245 51.497387", "From Montpelier Street, Knightsbridge to Abingdon Villas, Kensington"
"LINESTRING (-0.21819 51.511486,-0.197245 51.497387", "From Evesham Street, Avondale to Abingdon Villas, Kensington"
"LINESTRING (-0.179038 51.479573,-0.197245 51.497387", "From Lots Road, West Chelsea to Abingdon Villas, Kensington"
"LINESTRING (-0.194392 51.501945,-0.197245 51.497387", "From Kensington Town Hall, Kensington to Abingdon Villas, Kensington"
"LINESTRING (-0.182435 51.478169,-0.197245 51.497387", "From Upcerne Road, West Chelsea to Abingdon Villas, Kensington"
"LINESTRING (-0.183289 51.496462,-0.197245 51.497387", "From Gloucester Road (Central), South Kensington to Abingdon Villas, Kensington"
"LINESTRING (-0.191462 51.501364,-0.197245 51.497387", "From Derry Street, Kensington to Abingdon Villas, Kensington"
"LINESTRING (-0.08066 51.514225,-0.197245 51.497387", "From St. Mary Axe, Aldgate to Abingdon Villas, Kensington"
"LINESTRING (-0.157183 51.52026,-0.197245 51.497387", "From Crawford Street, Marylebone to Abingdon Villas, Kensington"
"LINESTRING (-0.142844 51.506613,-0.197245 51.497387", "From Green Park Station, Mayfair to Abingdon Villas, Kensington"
"LINESTRING (-0.18119 51.490945,-0.197245 51.497387", "From Old Brompton Road, South Kensington to Abingdon Villas, Kensington"
"LINESTRING (-0.209494 51.498157,-0.197245 51.497387", "From Kensington Olympia Station, Olympia to Abingdon Villas, Kensington"
"LINESTRING (-0.134621 51.507424,-0.197245 51.497387", "From St. James's Square, St. James's to Abingdon Villas, Kensington"
"LINESTRING (-0.216016 51.509224,-0.197245 51.497387", "From Rifle Place, Avondale to Abingdon Villas, Kensington"
"LINESTRING (-0.209494 51.498157,-0.197245 51.497387", "From Kensington Olympia Station, Olympia to Abingdon Villas, Kensington"
"LINESTRING (-0.144132 51.493204,-0.197245 51.497387", "From Belgrave Road, Victoria to Abingdon Villas, Kensington"
"LINESTRING (-0.193068 51.500397,-0.197245 51.497387", "From Wright's Lane, Kensington to Abingdon Villas, Kensington"
"LINESTRING (-0.032267 51.525501,-0.07813 51.526377", "From Maplin Street, Mile End to Shoreditch High Street, Shoreditch"
"LINESTRING (-0.089782 51.53089,-0.07813 51.526377", "From Murray Grove , Hoxton to Shoreditch High Street, Shoreditch"
"LINESTRING (-0.130699 51.50777,-0.07813 51.526377", "From Pall Mall East, West End to Shoreditch High Street, Shoreditch"
"LINESTRING (-0.011889 51.538718,-0.07813 51.526377", "From Podium, Queen Elizabeth Olympic Park to Shoreditch High Street, Shoreditch"
"LINESTRING (-0.106992 51.534504,-0.07813 51.526377", "From Liverpool Road (N1 Centre), Angel to Shoreditch High Street, Shoreditch"
"LINESTRING (-0.059091 51.528692,-0.07813 51.526377", "From Clarkson Street, Bethnal Green to Shoreditch High Street, Shoreditch"
"LINESTRING (-0.055894 51.528936,-0.07813 51.526377", "From York Hall, Bethnal Green to Shoreditch High Street, Shoreditch"
"LINESTRING (-0.107927 51.513821,-0.07813 51.526377", "From Bouverie Street, Temple to Shoreditch High Street, Shoreditch"
"LINESTRING (-0.099828 51.493146,-0.07813 51.526377", "From Strata, Elephant & Castle to Shoreditch High Street, Shoreditch"
"LINESTRING (-0.109256 51.526443,-0.07813 51.526377", "From Tysoe Street, Clerkenwell to Shoreditch High Street, Shoreditch"
"LINESTRING (-0.037366 51.534137,-0.07813 51.526377", "From Driffield Road, Old Ford to Shoreditch High Street, Shoreditch"
"LINESTRING (-0.069743 51.528222,-0.07813 51.526377", "From Wellington Row, Bethnal Green to Shoreditch High Street, Shoreditch"
"LINESTRING (-0.066078 51.514924,-0.07813 51.526377", "From LMU Commercial Road, Whitechapel to Shoreditch High Street, Shoreditch"
"LINESTRING (-0.070329 51.539083,-0.07813 51.526377", "From Shoreditch Court, Haggerston to Shoreditch High Street, Shoreditch"
"LINESTRING (-0.215804 51.494347,-0.07813 51.526377", "From Brook Green South, Brook Green to Shoreditch High Street, Shoreditch"
"LINESTRING (-0.124807 51.53724,-0.07813 51.526377", "From Handyside Street, King's Cross to Shoreditch High Street, Shoreditch"
"LINESTRING (-0.075375 51.528187,-0.07813 51.526377", "From Columbia Road, Shoreditch to Shoreditch High Street, Shoreditch"
"LINESTRING (-0.033828 51.514115,-0.07813 51.526377", "From Salmon Lane, Limehouse to Shoreditch High Street, Shoreditch"
"LINESTRING (-0.058826 51.54119,-0.07813 51.526377", "From London Fields, Hackney Central to Shoreditch High Street, Shoreditch"
"LINESTRING (-0.09734 51.520841,-0.07813 51.526377", "From Aldersgate Street, Barbican to Shoreditch High Street, Shoreditch"
"LINESTRING (-0.049591 51.53341,-0.07813 51.526377", "From Bonner Gate, Victoria Park to Shoreditch High Street, Shoreditch"
"LINESTRING (-0.099981 51.532661,-0.07813 51.526377", "From Graham Street, Angel to Shoreditch High Street, Shoreditch"
"LINESTRING (-0.063386 51.521905,-0.07813 51.526377", "From Selby Street, Whitechapel to Shoreditch High Street, Shoreditch"
"LINESTRING (-0.074754 51.523648,-0.07813 51.526377", "From Bethnal Green Road, Shoreditch to Shoreditch High Street, Shoreditch"
"LINESTRING (-0.089782 51.53089,-0.07813 51.526377", "From Murray Grove , Hoxton to Shoreditch High Street, Shoreditch"
"LINESTRING (-0.063386 51.521905,-0.07813 51.526377", "From Selby Street, Whitechapel to Shoreditch High Street, Shoreditch"
"LINESTRING (-0.058826 51.54119,-0.07813 51.526377", "From London Fields, Hackney Central to Shoreditch High Street, Shoreditch"
"LINESTRING (-0.086379 51.534042,-0.07813 51.526377", "From Shoreditch Park, Hoxton to Shoreditch High Street, Shoreditch"
"LINESTRING (-0.057133 51.527607,-0.07813 51.526377", "From Hollybush Gardens, Bethnal Green to Shoreditch High Street, Shoreditch"
"LINESTRING (-0.114079 51.522264,-0.07813 51.526377", "From Northington Street , Holborn to Shoreditch High Street, Shoreditch"
"LINESTRING (-0.074754 51.523648,-0.07813 51.526377", "From Bethnal Green Road, Shoreditch to Shoreditch High Street, Shoreditch"
"LINESTRING (-0.058005 51.527152,-0.07813 51.526377", "From Pott Street, Bethnal Green to Shoreditch High Street, Shoreditch"
"LINESTRING (-0.079684 51.516468,-0.07813 51.526377", "From Devonshire Square, Liverpool Street to Shoreditch High Street, Shoreditch"
"LINESTRING (-0.074754 51.523648,-0.07813 51.526377", "From Bethnal Green Road, Shoreditch to Shoreditch High Street, Shoreditch"
"LINESTRING (-0.124826 51.516226,-0.07813 51.526377", "From High Holborn , Covent Garden to Shoreditch High Street, Shoreditch"
"LINESTRING (-0.079249 51.518908,-0.07813 51.526377", "From Brushfield Street, Liverpool Street to Shoreditch High Street, Shoreditch"
"LINESTRING (-0.13558 51.513684,-0.07813 51.526377", "From Broadwick Street, Soho to Shoreditch High Street, Shoreditch"
"LINESTRING (-0.058005 51.527152,-0.07813 51.526377", "From Pott Street, Bethnal Green to Shoreditch High Street, Shoreditch"
"LINESTRING (-0.07962 51.503493,-0.07813 51.526377", "From Tooley Street, Bermondsey to Shoreditch High Street, Shoreditch"
"LINESTRING (-0.067937 51.51793,-0.07813 51.526377", "From Old Montague Street, Whitechapel to Shoreditch High Street, Shoreditch"
"LINESTRING (-0.089782 51.53089,-0.07813 51.526377", "From Murray Grove , Hoxton to Shoreditch High Street, Shoreditch"
"LINESTRING (-0.08974 51.500823,-0.07813 51.526377", "From Empire Square, The Borough to Shoreditch High Street, Shoreditch"
"LINESTRING (-0.09734 51.520841,-0.07813 51.526377", "From Aldersgate Street, Barbican to Shoreditch High Street, Shoreditch"
"LINESTRING (-0.111257 51.514274,-0.07813 51.526377", "From Chancery Lane, Holborn to Shoreditch High Street, Shoreditch"
"LINESTRING (-0.098497 51.503688,-0.07813 51.526377", "From Union Street, The Borough to Shoreditch High Street, Shoreditch"
"LINESTRING (-0.038986 51.512871,-0.07813 51.526377", "From Flamborough Street, Limehouse to Shoreditch High Street, Shoreditch"
"LINESTRING (-0.078869 51.521113,-0.07813 51.526377", "From Norton Folgate, Liverpool Street to Shoreditch High Street, Shoreditch"
"LINESTRING (-0.06415 51.51295,-0.07813 51.526377", "From Christian Street, Whitechapel to Shoreditch High Street, Shoreditch"
"LINESTRING (-0.079608 51.521668,-0.07813 51.526377", "From Worship Street, Shoreditch to Shoreditch High Street, Shoreditch"
"LINESTRING (-0.00481 51.541793,-0.07813 51.526377", "From Stratford Station, Stratford to Shoreditch High Street, Shoreditch"
"LINESTRING (-0.049591 51.53341,-0.07813 51.526377", "From Bonner Gate, Victoria Park to Shoreditch High Street, Shoreditch"
"LINESTRING (-0.075885 51.536585,-0.07813 51.526377", "From Dunston Road , Haggerston to Shoreditch High Street, Shoreditch"
"LINESTRING (-0.09294 51.51397,-0.07813 51.526377", "From Cheapside, Bank to Shoreditch High Street, Shoreditch"
"LINESTRING (-0.079249 51.518908,-0.07813 51.526377", "From Brushfield Street, Liverpool Street to Shoreditch High Street, Shoreditch"
"LINESTRING (-0.108657 51.51795,-0.07813 51.526377", "From Holborn Circus, Holborn to Shoreditch High Street, Shoreditch"
"LINESTRING (-0.108068 51.527842,-0.07813 51.526377", "From Hardwick Street, Clerkenwell to Shoreditch High Street, Shoreditch"
"LINESTRING (-0.068856 51.521776,-0.07813 51.526377", "From Buxton Street 1, Shoreditch to Shoreditch High Street, Shoreditch"
"LINESTRING (-0.047784 51.51328,-0.07813 51.526377", "From Albert Gardens, Stepney to Shoreditch High Street, Shoreditch"
"LINESTRING (-0.082422 51.516154,-0.07813 51.526377", "From Wormwood Street, Liverpool Street to Shoreditch High Street, Shoreditch"
"LINESTRING (-0.132053 51.518587,-0.075578 51.52127", "From Bayley Street , Bloomsbury to Commercial Street, Shoreditch"
"LINESTRING (-0.070133 51.515231,-0.075578 51.52127", "From Central House, Whitechapel to Commercial Street, Shoreditch"
"LINESTRING (-0.065076 51.52388,-0.075578 51.52127", "From Cheshire Street, Bethnal Green to Commercial Street, Shoreditch"
"LINESTRING (-0.062546 51.535678,-0.075578 51.52127", "From Regent's Row , Haggerston to Commercial Street, Shoreditch"
"LINESTRING (-0.047548 51.528869,-0.075578 51.52127", "From Globe Town Market, Bethnal Green to Commercial Street, Shoreditch"
"LINESTRING (-0.086379 51.534042,-0.075578 51.52127", "From Shoreditch Park, Hoxton to Commercial Street, Shoreditch"
"LINESTRING (-0.087587 51.514441,-0.075578 51.52127", "From Bank of England Museum, Bank to Commercial Street, Shoreditch"
"LINESTRING (-0.137424 51.498865,-0.075578 51.52127", "From Buckingham Gate, Westminster to Commercial Street, Shoreditch"
"LINESTRING (-0.079608 51.521668,-0.075578 51.52127", "From Worship Street, Shoreditch to Commercial Street, Shoreditch"
"LINESTRING (-0.112753 51.51501,-0.075578 51.52127", "From Carey Street, Holborn to Commercial Street, Shoreditch"
"LINESTRING (-0.113426 51.503919,-0.075578 51.52127", "From Waterloo Station 2, Waterloo to Commercial Street, Shoreditch"
"LINESTRING (-0.058826 51.54119,-0.075578 51.52127", "From London Fields, Hackney Central to Commercial Street, Shoreditch"
"LINESTRING (-0.130504 51.526838,-0.075578 51.52127", "From Endsleigh Gardens, Euston to Commercial Street, Shoreditch"
"LINESTRING (-0.108657 51.51795,-0.075578 51.52127", "From Holborn Circus, Holborn to Commercial Street, Shoreditch"
"LINESTRING (-0.015578 51.52512,-0.075578 51.52127", "From Devons Road, Bow to Commercial Street, Shoreditch"
"LINESTRING (-0.148105 51.514759,-0.075578 51.52127", "From Marylebone Lane, Marylebone to Commercial Street, Shoreditch"
"LINESTRING (-0.087459 51.528673,-0.075578 51.52127", "From East Road, Hoxton to Commercial Street, Shoreditch"
"LINESTRING (-0.079201 51.537277,-0.075578 51.52127", "From Hertford Road, De Beauvoir Town to Commercial Street, Shoreditch"
"LINESTRING (-0.068161 51.509786,-0.075578 51.52127", "From Dock Street, Wapping to Commercial Street, Shoreditch"
"LINESTRING (-0.133201 51.512515,-0.083493 51.520955", "From Wardour Street, Soho to Pindar Street, Liverpool Street"
"LINESTRING (-0.037471 51.528224,-0.083493 51.520955", "From Antill Road, Mile End to Pindar Street, Liverpool Street"
"LINESTRING (-0.09294 51.51397,-0.083493 51.520955", "From Cheapside, Bank to Pindar Street, Liverpool Street"
"LINESTRING (-0.102757 51.536384,-0.083493 51.520955", "From Islington Green, Angel to Pindar Street, Liverpool Street"
"LINESTRING (-0.092754 51.505974,-0.083493 51.520955", "From Park Street, Bankside to Pindar Street, Liverpool Street"
"LINESTRING (-0.086379 51.534042,-0.083493 51.520955", "From Shoreditch Park, Hoxton to Pindar Street, Liverpool Street"
"LINESTRING (-0.09294 51.51397,-0.083493 51.520955", "From Cheapside, Bank to Pindar Street, Liverpool Street"
"LINESTRING (-0.132328 51.515631,-0.083493 51.520955", "From Soho Square , Soho to Pindar Street, Liverpool Street"
"LINESTRING (-0.088542 51.527025,-0.083493 51.520955", "From Baldwin Street, St. Luke's to Pindar Street, Liverpool Street"
"LINESTRING (-0.06415 51.51295,-0.083493 51.520955", "From Christian Street, Whitechapel to Pindar Street, Liverpool Street"
"LINESTRING (-0.107927 51.513821,-0.083493 51.520955", "From Bouverie Street, Temple to Pindar Street, Liverpool Street"
"LINESTRING (-0.09315 51.53356,-0.083493 51.520955", "From Eagle Wharf Road, Hoxton to Pindar Street, Liverpool Street"
"LINESTRING (-0.112824 51.503791,-0.083493 51.520955", "From Waterloo Station 3, Waterloo to Pindar Street, Liverpool Street"
"LINESTRING (-0.070329 51.539083,-0.083493 51.520955", "From Shoreditch Court, Haggerston to Pindar Street, Liverpool Street"
"LINESTRING (-0.111606 51.505569,-0.083493 51.520955", "From Stamford Street, South Bank to Pindar Street, Liverpool Street"
"LINESTRING (-0.122203 51.534474,-0.083493 51.520955", "From Crinan Street, King's Cross to Pindar Street, Liverpool Street"
"LINESTRING (-0.100791 51.518218,-0.083493 51.520955", "From West Smithfield Rotunda, Farringdon to Pindar Street, Liverpool Street"
"LINESTRING (-0.09644 51.507385,-0.093903 51.530991", "From New Globe Walk, Bankside to Wenlock Road , Hoxton"
"LINESTRING (-0.078505 51.53095,-0.093903 51.530991", "From Falkirk Street, Hoxton to Wenlock Road , Hoxton"
"LINESTRING (-0.082989 51.510484,-0.093903 51.530991", "From Great Tower Street, Monument to Wenlock Road , Hoxton"
"LINESTRING (-0.113885 51.51165,-0.093903 51.530991", "From Arundel Street to Wenlock Road , Hoxton"
"LINESTRING (-0.10548 51.532199,-0.093903 51.530991", "From Torrens Street, Angel to Wenlock Road , Hoxton"
"LINESTRING (-0.078505 51.53095,-0.093903 51.530991", "From Falkirk Street, Hoxton to Wenlock Road , Hoxton"
"LINESTRING (-0.125078 51.534667,-0.093903 51.530991", "From Good's Way, King's Cross to Wenlock Road , Hoxton"
"LINESTRING (-0.09294 51.511553,-0.093903 51.530991", "From Queen Street 1, Bank to Wenlock Road , Hoxton"
"LINESTRING (-0.113426 51.503919,-0.093903 51.530991", "From Waterloo Station 2, Waterloo to Wenlock Road , Hoxton"
"LINESTRING (-0.100791 51.518218,-0.093903 51.530991", "From West Smithfield Rotunda, Farringdon to Wenlock Road , Hoxton"
"LINESTRING (-0.082422 51.516154,-0.093903 51.530991", "From Wormwood Street, Liverpool Street to Wenlock Road , Hoxton"
"LINESTRING (-0.102757 51.536384,-0.093903 51.530991", "From Islington Green, Angel to Wenlock Road , Hoxton"
"LINESTRING (-0.054162 51.536424,-0.093903 51.530991", "From Victoria Park Road, Hackney Central to Wenlock Road , Hoxton"
"LINESTRING (-0.101026 51.528246,-0.093903 51.530991", "From Goswell Road (City Uni), Finsbury to Wenlock Road , Hoxton"
"LINESTRING (-0.09734 51.520841,-0.093903 51.530991", "From Aldersgate Street, Barbican to Wenlock Road , Hoxton"
"LINESTRING (-0.06142 51.532091,-0.093903 51.530991", "From Pritchard's Road, Bethnal Green to Wenlock Road , Hoxton"
"LINESTRING (-0.093903 51.530991,-0.093903 51.530991", "From Wenlock Road , Hoxton to Wenlock Road , Hoxton"
"LINESTRING (-0.090847 51.525893,-0.093903 51.530991", "From Bath Street, St. Luke's to Wenlock Road , Hoxton"
"LINESTRING (-0.090847 51.525893,-0.093903 51.530991", "From Bath Street, St. Luke's to Wenlock Road , Hoxton"
"LINESTRING (-0.097122 51.529423,-0.093903 51.530991", "From Macclesfield Rd, St Lukes to Wenlock Road , Hoxton"
"LINESTRING (-0.087262 51.506304,-0.093903 51.530991", "From Duke Street Hill, London Bridge to Wenlock Road , Hoxton"
"LINESTRING (-0.141327 51.520253,-0.093903 51.530991", "From Great Titchfield Street, Fitzrovia to Wenlock Road , Hoxton"
"LINESTRING (-0.083067 51.523196,-0.093903 51.530991", "From Clifton Street, Shoreditch to Wenlock Road , Hoxton"
"LINESTRING (-0.089887 51.520858,-0.093903 51.530991", "From Bunhill Row, Moorgate to Wenlock Road , Hoxton"
"LINESTRING (-0.098807 51.506725,-0.093903 51.530991", "From Tate Modern, Bankside to Wenlock Road , Hoxton"
"LINESTRING (-0.102757 51.536384,-0.093903 51.530991", "From Islington Green, Angel to Wenlock Road , Hoxton"
"LINESTRING (-0.112432 51.526599,-0.093903 51.530991", "From Margery Street, Clerkenwell to Wenlock Road , Hoxton"
"LINESTRING (-0.089782 51.53089,-0.093903 51.530991", "From Murray Grove , Hoxton to Wenlock Road , Hoxton"
"LINESTRING (-0.109006 51.521661,-0.093903 51.530991", "From Hatton Wall, Holborn to Wenlock Road , Hoxton"
"LINESTRING (-0.141728 51.539099,-0.093903 51.530991", "From Greenland Road, Camden Town to Wenlock Road , Hoxton"
"LINESTRING (-0.132328 51.515631,-0.093903 51.530991", "From Soho Square , Soho to Wenlock Road , Hoxton"
"LINESTRING (-0.171103 51.518268,-0.157183 51.52026", "From St Mary's Hospital, Paddington to Crawford Street, Marylebone"
"LINESTRING (-0.133201 51.512515,-0.157183 51.52026", "From Wardour Street, Soho to Crawford Street, Marylebone"
"LINESTRING (-0.180246 51.501026,-0.157183 51.52026", "From Queen's Gate (North), Kensington to Crawford Street, Marylebone"
"LINESTRING (-0.179135 51.516417,-0.157183 51.52026", "From Eastbourne Mews, Paddington to Crawford Street, Marylebone"
"LINESTRING (-0.130458 51.494816,-0.157183 51.52026", "From Horseferry Road, Westminster to Crawford Street, Marylebone"
"LINESTRING (-0.145211 51.520715,-0.157183 51.52026", "From Portland Place, Marylebone to Crawford Street, Marylebone"
"LINESTRING (-0.174554 51.499917,-0.157183 51.52026", "From Exhibition Road, Knightsbridge to Crawford Street, Marylebone"
"LINESTRING (-0.16716 51.47518,-0.157183 51.52026", "From Surrey Lane, Battersea to Crawford Street, Marylebone"
"LINESTRING (-0.17977 51.51348,-0.157183 51.52026", "From Devonshire Terrace, Bayswater to Crawford Street, Marylebone"
"LINESTRING (-0.173715 51.491211,-0.157183 51.52026", "From Sumner Place, South Kensington to Crawford Street, Marylebone"
"LINESTRING (-0.148105 51.514759,-0.157183 51.52026", "From Marylebone Lane, Marylebone to Crawford Street, Marylebone"
"LINESTRING (-0.17977 51.51348,-0.157183 51.52026", "From Devonshire Terrace, Bayswater to Crawford Street, Marylebone"
"LINESTRING (-0.175116 51.523353,-0.157183 51.52026", "From Frampton Street, Paddington to Crawford Street, Marylebone"
"LINESTRING (-0.145211 51.520715,-0.157183 51.52026", "From Portland Place, Marylebone to Crawford Street, Marylebone"
"LINESTRING (-0.108657 51.51795,-0.157183 51.52026", "From Holborn Circus, Holborn to Crawford Street, Marylebone"
"LINESTRING (-0.152317 51.499412,-0.157183 51.52026", "From Belgrave Square, Belgravia to Crawford Street, Marylebone"
"LINESTRING (-0.09294 51.511553,-0.157183 51.52026", "From Queen Street 1, Bank to Crawford Street, Marylebone"
"LINESTRING (-0.191462 51.501364,-0.157183 51.52026", "From Derry Street, Kensington to Crawford Street, Marylebone"
"LINESTRING (-0.147301 51.514105,-0.157183 51.52026", "From Woodstock Street, Mayfair to Crawford Street, Marylebone"
"LINESTRING (-0.134407 51.526236,-0.157183 51.52026", "From Euston Road, Euston to Crawford Street, Marylebone"
"LINESTRING (-0.13558 51.513684,-0.157183 51.52026", "From Broadwick Street, Soho to Crawford Street, Marylebone"
"LINESTRING (-0.120718 51.511968,-0.157183 51.52026", "From Tavistock Street, Covent Garden to Crawford Street, Marylebone"
"LINESTRING (-0.135635 51.488226,-0.157183 51.52026", "From St. George's Square, Pimlico to Crawford Street, Marylebone"
"LINESTRING (-0.158249 51.516892,-0.157183 51.52026", "From George Place Mews, Marylebone to Crawford Street, Marylebone"
"LINESTRING (-0.120909 51.516128,-0.157183 51.52026", "From Newton Street, Covent Garden to Crawford Street, Marylebone"
"LINESTRING (-0.124678 51.51908,-0.157183 51.52026", "From British Museum, Bloomsbury to Crawford Street, Marylebone"
"LINESTRING (-0.142943 51.496863,-0.157183 51.52026", "From Allington Street, Victoria to Crawford Street, Marylebone"
"LINESTRING (-0.183118 51.515607,-0.157183 51.52026", "From Cleveland Gardens, Bayswater to Crawford Street, Marylebone"
"LINESTRING (-0.171103 51.518268,-0.157183 51.52026", "From St Mary's Hospital, Paddington to Crawford Street, Marylebone"
"LINESTRING (-0.140485 51.519181,-0.157183 51.52026", "From Foley Street, Fitzrovia to Crawford Street, Marylebone"
"LINESTRING (-0.135025 51.518162,-0.157183 51.52026", "From Rathbone Street, Fitzrovia to Crawford Street, Marylebone"
"LINESTRING (-0.124678 51.51908,-0.157183 51.52026", "From British Museum, Bloomsbury to Crawford Street, Marylebone"
"LINESTRING (-0.157183 51.52026,-0.157183 51.52026", "From Crawford Street, Marylebone to Crawford Street, Marylebone"
"LINESTRING (-0.156166 51.518913,-0.157183 51.52026", "From Baker Street, Marylebone to Crawford Street, Marylebone"
"LINESTRING (-0.157183 51.52026,-0.157183 51.52026", "From Crawford Street, Marylebone to Crawford Street, Marylebone"
"LINESTRING (-0.134407 51.526236,-0.157183 51.52026", "From Euston Road, Euston to Crawford Street, Marylebone"
"LINESTRING (-0.135777 51.51953,-0.157183 51.52026", "From Charlotte Street, Fitzrovia to Crawford Street, Marylebone"
"LINESTRING (-0.117863 51.515208,-0.157183 51.52026", "From Sardinia Street, Holborn to Crawford Street, Marylebone"
"LINESTRING (-0.111471 51.479601,-0.157183 51.52026", "From Cranmer Road, Stockwell to Crawford Street, Marylebone"
"LINESTRING (-0.183486 51.529857,-0.157183 51.52026", "From Maida Vale, Maida Vale to Crawford Street, Marylebone"
"LINESTRING (-0.157183 51.52026,-0.157183 51.52026", "From Crawford Street, Marylebone to Crawford Street, Marylebone"
"LINESTRING (-0.157183 51.52026,-0.157183 51.52026", "From Crawford Street, Marylebone to Crawford Street, Marylebone"
"LINESTRING (-0.147624 51.49395,-0.157183 51.52026", "From Eccleston Place, Victoria to Crawford Street, Marylebone"
"LINESTRING (-0.161113 51.522596,-0.157183 51.52026", "From Dorset Square, Marylebone to Crawford Street, Marylebone"
"LINESTRING (-0.204815 51.484386,-0.157183 51.52026", "From Normand Park, West Kensington to Crawford Street, Marylebone"
"LINESTRING (-0.174554 51.499917,-0.157183 51.52026", "From Exhibition Road, Knightsbridge to Crawford Street, Marylebone"
"LINESTRING (-0.193487 51.513735,-0.157183 51.52026", "From Hereford Road, Bayswater to Crawford Street, Marylebone"
"LINESTRING (-0.169249 51.515953,-0.157183 51.52026", "From Southwick Street, Paddington to Crawford Street, Marylebone"
"LINESTRING (-0.121328 51.517606,-0.157183 51.52026", "From Southampton Place, Holborn to Crawford Street, Marylebone"
"LINESTRING (-0.123616 51.529943,-0.144165 51.510736", "From Belgrove Street , King's Cross to Bruton Street, Mayfair"
"LINESTRING (-0.158456 51.502953,-0.144165 51.510736", "From Albert Gate, Hyde Park to Bruton Street, Mayfair"
"LINESTRING (-0.158456 51.502953,-0.144165 51.510736", "From Albert Gate, Hyde Park to Bruton Street, Mayfair"
"LINESTRING (-0.126021 51.508103,-0.144165 51.510736", "From Craven Street, Strand to Bruton Street, Mayfair"
"LINESTRING (-0.111606 51.505569,-0.144165 51.510736", "From Stamford Street, South Bank to Bruton Street, Mayfair"
"LINESTRING (-0.158456 51.502953,-0.144165 51.510736", "From Albert Gate, Hyde Park to Bruton Street, Mayfair"
"LINESTRING (-0.124826 51.516226,-0.144165 51.510736", "From High Holborn , Covent Garden to Bruton Street, Mayfair"
"LINESTRING (-0.131961 51.508446,-0.144165 51.510736", "From Charles II Street, West End to Bruton Street, Mayfair"
"LINESTRING (-0.119047 51.509631,-0.144165 51.510736", "From Embankment (Savoy), Strand to Bruton Street, Mayfair"
"LINESTRING (-0.145246 51.539957,-0.144165 51.510736", "From Arlington Road, Camden Town to Bruton Street, Mayfair"
"LINESTRING (-0.15823 51.46879,-0.144165 51.510736", "From Holden Street, Battersea to Bruton Street, Mayfair"
"LINESTRING (-0.158264 51.514577,-0.144165 51.510736", "From Old Quebec Street, Marylebone to Bruton Street, Mayfair"
"LINESTRING (-0.179369 51.487196,-0.144165 51.510736", "From Drayton Gardens, West Chelsea to Bruton Street, Mayfair"
"LINESTRING (-0.164207 51.517372,-0.144165 51.510736", "From Harrowby Street, Marylebone to Bruton Street, Mayfair"
"LINESTRING (-0.124678 51.51908,-0.144165 51.510736", "From British Museum, Bloomsbury to Bruton Street, Mayfair"
"LINESTRING (-0.143495 51.509992,-0.144165 51.510736", "From Grafton Street, Mayfair to Bruton Street, Mayfair"
"LINESTRING (-0.158456 51.502953,-0.144165 51.510736", "From Albert Gate, Hyde Park to Bruton Street, Mayfair"
"LINESTRING (-0.132053 51.518587,-0.144165 51.510736", "From Bayley Street , Bloomsbury to Bruton Street, Mayfair"
"LINESTRING (-0.145393 51.542138,-0.144165 51.510736", "From Castlehaven Road, Camden Town to Bruton Street, Mayfair"
"LINESTRING (-0.133201 51.512515,-0.144165 51.510736", "From Wardour Street, Soho to Bruton Street, Mayfair"
"LINESTRING (-0.162298 51.522511,-0.144165 51.510736", "From Boston Place, Marylebone to Bruton Street, Mayfair"
"LINESTRING (-0.164786 51.477292,-0.144165 51.510736", "From Ethelburga Estate, Battersea Park to Bruton Street, Mayfair"
"LINESTRING (-0.128279 51.5293,-0.144165 51.510736", "From Ossulston Street, Somers Town to Bruton Street, Mayfair"
"LINESTRING (-0.158264 51.514577,-0.144165 51.510736", "From Old Quebec Street, Marylebone to Bruton Street, Mayfair"
"LINESTRING (-0.136052 51.527326,-0.144165 51.510736", "From Drummond Street , Euston to Bruton Street, Mayfair"
"LINESTRING (-0.182126 51.463489,-0.144165 51.510736", "From Usk Road, Clapham Junction to Bruton Street, Mayfair"
"LINESTRING (-0.155525 51.516204,-0.144165 51.510736", "From Portman Square, Marylebone to Bruton Street, Mayfair"
"LINESTRING (-0.187402 51.51031,-0.144165 51.510736", "From Queensway, Kensington Gardens to Bruton Street, Mayfair"
"LINESTRING (-0.073955 51.526293,-0.144165 51.510736", "From Palissy Street, Shoreditch to Bruton Street, Mayfair"
"LINESTRING (-0.162298 51.522511,-0.144165 51.510736", "From Boston Place, Marylebone to Bruton Street, Mayfair"
"LINESTRING (-0.187402 51.51031,-0.144165 51.510736", "From Queensway, Kensington Gardens to Bruton Street, Mayfair"
"LINESTRING (-0.167894 51.493184,-0.162298 51.522511", "From Sloane Avenue, Knightsbridge to Boston Place, Marylebone"
"LINESTRING (-0.165668 51.524561,-0.162298 51.522511", "From Broadley Terrace, Marylebone to Boston Place, Marylebone"
"LINESTRING (-0.118272 51.516277,-0.162298 51.522511", "From Lincoln's Inn Fields, Holborn to Boston Place, Marylebone"
"LINESTRING (-0.06142 51.532091,-0.162298 51.522511", "From Pritchard's Road, Bethnal Green to Boston Place, Marylebone"
"LINESTRING (-0.148105 51.514759,-0.162298 51.522511", "From Marylebone Lane, Marylebone to Boston Place, Marylebone"
"LINESTRING (-0.18697 51.51616,-0.162298 51.522511", "From Bishop's Bridge Road West, Bayswater to Boston Place, Marylebone"
"LINESTRING (-0.116191 51.535467,-0.162298 51.522511", "From Carnegie Street, King's Cross to Boston Place, Marylebone"
"LINESTRING (-0.09885 51.515418,-0.162298 51.522511", "From Newgate Street , St. Paul's to Boston Place, Marylebone"
"LINESTRING (-0.151926 51.516814,-0.162298 51.522511", "From Hinde Street, Marylebone to Boston Place, Marylebone"
"LINESTRING (-0.124826 51.516226,-0.162298 51.522511", "From High Holborn , Covent Garden to Boston Place, Marylebone"
"LINESTRING (-0.139016 51.520994,-0.162298 51.522511", "From Howland Street, Fitzrovia to Boston Place, Marylebone"
"LINESTRING (-0.170194 51.489716,-0.162298 51.522511", "From St. Luke's Church, Chelsea to Boston Place, Marylebone"
"LINESTRING (-0.216104 51.50659,-0.162298 51.522511", "From Queensdale Road, Shepherd's Bush to Boston Place, Marylebone"
"LINESTRING (-0.17677 51.530889,-0.162298 51.522511", "From Grove End Road, St. John's Wood to Boston Place, Marylebone"
"LINESTRING (-0.135777 51.51953,-0.162298 51.522511", "From Charlotte Street, Fitzrovia to Boston Place, Marylebone"
"LINESTRING (-0.185273 51.481765,-0.162298 51.522511", "From Hortensia Road, West Brompton to Boston Place, Marylebone"
"LINESTRING (-0.173757 51.496471,-0.162298 51.522511", "From Exhibition Road Museums 1, South Kensington to Boston Place, Marylebone"
"LINESTRING (-0.141728 51.539099,-0.162298 51.522511", "From Greenland Road, Camden Town to Boston Place, Marylebone"
"LINESTRING (-0.136052 51.527326,-0.162298 51.522511", "From Drummond Street , Euston to Boston Place, Marylebone"
"LINESTRING (-0.173757 51.496471,-0.162298 51.522511", "From Exhibition Road Museums 1, South Kensington to Boston Place, Marylebone"
"LINESTRING (-0.135777 51.51953,-0.162298 51.522511", "From Charlotte Street, Fitzrovia to Boston Place, Marylebone"
"LINESTRING (-0.165471 51.498884,-0.162298 51.522511", "From Montpelier Street, Knightsbridge to Boston Place, Marylebone"
"LINESTRING (-0.156166 51.518913,-0.162298 51.522511", "From Baker Street, Marylebone to Boston Place, Marylebone"
"LINESTRING (-0.127554 51.493978,-0.162298 51.522511", "From Page Street, Westminster to Boston Place, Marylebone"
"LINESTRING (-0.17581 51.517335,-0.162298 51.522511", "From South Wharf Road, Paddington to Boston Place, Marylebone"
"LINESTRING (-0.140485 51.519181,-0.162298 51.522511", "From Foley Street, Fitzrovia to Boston Place, Marylebone"
"LINESTRING (-0.147301 51.514105,-0.162298 51.522511", "From Woodstock Street, Mayfair to Boston Place, Marylebone"
"LINESTRING (-0.134621 51.507424,-0.162298 51.522511", "From St. James's Square, St. James's to Boston Place, Marylebone"
"LINESTRING (-0.144165 51.510736,-0.162298 51.522511", "From Bruton Street, Mayfair to Boston Place, Marylebone"
"LINESTRING (-0.12335 51.51746,-0.162298 51.522511", "From Bury Place, Holborn to Boston Place, Marylebone"
"LINESTRING (-0.173715 51.491211,-0.162298 51.522511", "From Sumner Place, South Kensington to Boston Place, Marylebone"
"LINESTRING (-0.13151 51.509639,-0.162298 51.522511", "From Panton Street, West End to Boston Place, Marylebone"
"LINESTRING (-0.17581 51.517335,-0.162298 51.522511", "From South Wharf Road, Paddington to Boston Place, Marylebone"
"LINESTRING (-0.179702 51.499428,-0.162298 51.522511", "From Imperial College, Knightsbridge to Boston Place, Marylebone"
"LINESTRING (-0.145246 51.539957,-0.162298 51.522511", "From Arlington Road, Camden Town to Boston Place, Marylebone"
"LINESTRING (-0.13558 51.513684,-0.162298 51.522511", "From Broadwick Street, Soho to Boston Place, Marylebone"
"LINESTRING (-0.127554 51.493978,-0.162298 51.522511", "From Page Street, Westminster to Boston Place, Marylebone"
"LINESTRING (-0.102208 51.526153,-0.162298 51.522511", "From Percival Street, Finsbury to Boston Place, Marylebone"
"LINESTRING (-0.129386 51.534123,-0.162298 51.522511", "From Pancras Road, King's Cross to Boston Place, Marylebone"
"LINESTRING (-0.135025 51.518162,-0.162298 51.522511", "From Rathbone Street, Fitzrovia to Boston Place, Marylebone"
"LINESTRING (-0.174554 51.499917,-0.162298 51.522511", "From Exhibition Road, Knightsbridge to Boston Place, Marylebone"
"LINESTRING (-0.09294 51.51397,-0.162298 51.522511", "From Cheapside, Bank to Boston Place, Marylebone"
"LINESTRING (-0.126021 51.508103,-0.162298 51.522511", "From Craven Street, Strand to Boston Place, Marylebone"
"LINESTRING (-0.13011 51.513527,-0.162298 51.522511", "From Moor Street, Soho to Boston Place, Marylebone"
"LINESTRING (-0.132328 51.515631,-0.162298 51.522511", "From Soho Square , Soho to Boston Place, Marylebone"
"LINESTRING (-0.15785 51.471095,-0.162298 51.522511", "From Culvert Road, Battersea to Boston Place, Marylebone"
"LINESTRING (-0.144228 51.518117,-0.162298 51.522511", "From Broadcasting House, Marylebone to Boston Place, Marylebone"
"LINESTRING (-0.138072 51.517344,-0.162298 51.522511", "From Wells Street, Fitzrovia to Boston Place, Marylebone"
"LINESTRING (-0.138846 51.510048,-0.162298 51.522511", "From Sackville Street, Mayfair to Boston Place, Marylebone"
"LINESTRING (-0.145246 51.539957,-0.162298 51.522511", "From Arlington Road, Camden Town to Boston Place, Marylebone"
"LINESTRING (-0.130431 51.52168,-0.162298 51.522511", "From Malet Street, Bloomsbury to Boston Place, Marylebone"
"LINESTRING (-0.223868 51.496664,-0.162298 51.522511", "From Little Brook Green, Brook Green to Boston Place, Marylebone"
"LINESTRING (-0.174653 51.527294,-0.162298 51.522511", "From St. John's Wood Road, St. John's Wood to Boston Place, Marylebone"
"LINESTRING (-0.107987 51.517428,-0.162298 51.522511", "From New Fetter Lane, Holborn to Boston Place, Marylebone"
"LINESTRING (-0.120202 51.523346,-0.162298 51.522511", "From Guilford Street , Bloomsbury to Boston Place, Marylebone"
"LINESTRING (-0.172528 51.533043,-0.162298 51.522511", "From Wellington Road, St. John's Wood to Boston Place, Marylebone"
"LINESTRING (-0.138231 51.525542,-0.162298 51.522511", "From Hampstead Road, Euston to Boston Place, Marylebone"
"LINESTRING (-0.143495 51.509992,-0.162298 51.522511", "From Grafton Street, Mayfair to Boston Place, Marylebone"
"LINESTRING (-0.086685 51.517075,-0.06691 51.507131", "From Finsbury Circus, Liverpool Street to Nesham Street, Wapping"
"LINESTRING (-0.13151 51.509639,-0.06691 51.507131", "From Panton Street, West End to Nesham Street, Wapping"
"LINESTRING (-0.057544 51.504749,-0.06691 51.507131", "From Wapping Lane, Wapping to Nesham Street, Wapping"
"LINESTRING (-0.06415 51.51295,-0.06691 51.507131", "From Christian Street, Whitechapel to Nesham Street, Wapping"
"LINESTRING (-0.038986 51.512871,-0.06691 51.507131", "From Flamborough Street, Limehouse to Nesham Street, Wapping"
"LINESTRING (-0.057544 51.504749,-0.06691 51.507131", "From Wapping Lane, Wapping to Nesham Street, Wapping"
"LINESTRING (-0.058826 51.54119,-0.06691 51.507131", "From London Fields, Hackney Central to Nesham Street, Wapping"
"LINESTRING (-0.05438 51.520019,-0.06691 51.507131", "From Ansell House, Stepney to Nesham Street, Wapping"
"LINESTRING (-0.077121 51.511594,-0.06691 51.507131", "From Crosswall, Tower to Nesham Street, Wapping"
"LINESTRING (-0.086685 51.517075,-0.06691 51.507131", "From Finsbury Circus, Liverpool Street to Nesham Street, Wapping"
"LINESTRING (-0.056667 51.511542,-0.06691 51.507131", "From Watney Street, Shadwell to Nesham Street, Wapping"
"LINESTRING (-0.077121 51.511594,-0.06691 51.507131", "From Crosswall, Tower to Nesham Street, Wapping"
"LINESTRING (-0.057544 51.504749,-0.06691 51.507131", "From Wapping Lane, Wapping to Nesham Street, Wapping"
"LINESTRING (-0.086379 51.534042,-0.06691 51.507131", "From Shoreditch Park, Hoxton to Nesham Street, Wapping"
"LINESTRING (-0.06142 51.532091,-0.06691 51.507131", "From Pritchard's Road, Bethnal Green to Nesham Street, Wapping"
"LINESTRING (-0.120909 51.516128,-0.06691 51.507131", "From Newton Street, Covent Garden to Nesham Street, Wapping"
"LINESTRING (-0.06691 51.507131,-0.06691 51.507131", "From Nesham Street, Wapping to Nesham Street, Wapping"
"LINESTRING (-0.055167 51.508447,-0.06691 51.507131", "From Garnet Street, Shadwell to Nesham Street, Wapping"
"LINESTRING (-0.093913 51.496791,-0.06691 51.507131", "From Dickens Square, Borough to Nesham Street, Wapping"
"LINESTRING (-0.055167 51.508447,-0.06691 51.507131", "From Garnet Street, Shadwell to Nesham Street, Wapping"
"LINESTRING (-0.009001 51.487129,-0.06691 51.507131", "From Saunders Ness Road, Cubitt Town to Nesham Street, Wapping"
"LINESTRING (-0.063531 51.504719,-0.06691 51.507131", "From Hermitage Court, Wapping to Nesham Street, Wapping"
"LINESTRING (-0.098497 51.503688,-0.06691 51.507131", "From Union Street, The Borough to Nesham Street, Wapping"
"LINESTRING (-0.088542 51.527025,-0.06691 51.507131", "From Baldwin Street, St. Luke's to Nesham Street, Wapping"
"LINESTRING (-0.082422 51.516154,-0.06691 51.507131", "From Wormwood Street, Liverpool Street to Nesham Street, Wapping"
"LINESTRING (-0.075459 51.509506,-0.06691 51.507131", "From Tower Gardens , Tower to Nesham Street, Wapping"
"LINESTRING (-0.021596 51.502661,-0.06691 51.507131", "From Heron Quays DLR, Canary Wharf to Nesham Street, Wapping"
"LINESTRING (-0.018703 51.528169,-0.06691 51.507131", "From Bow Church Station, Bow to Nesham Street, Wapping"
"LINESTRING (-0.058681 51.506946,-0.06691 51.507131", "From Reardon Street, Wapping to Nesham Street, Wapping"
"LINESTRING (-0.057544 51.504749,-0.06691 51.507131", "From Wapping Lane, Wapping to Nesham Street, Wapping"
"LINESTRING (-0.07962 51.503493,-0.06691 51.507131", "From Tooley Street, Bermondsey to Nesham Street, Wapping"
"LINESTRING (-0.057159 51.511088,-0.06691 51.507131", "From Shadwell Station, Shadwell to Nesham Street, Wapping"
"LINESTRING (-0.015578 51.52512,-0.06691 51.507131", "From Devons Road, Bow to Nesham Street, Wapping"
"LINESTRING (-0.074431 51.519362,-0.06691 51.507131", "From Fournier Street, Whitechapel to Nesham Street, Wapping"
"LINESTRING (-0.027772 51.505703,-0.06691 51.507131", "From Westferry Circus, Canary Wharf to Nesham Street, Wapping"
"LINESTRING (-0.057544 51.504749,-0.06691 51.507131", "From Wapping Lane, Wapping to Nesham Street, Wapping"
"LINESTRING (-0.087587 51.514441,-0.06691 51.507131", "From Bank of England Museum, Bank to Nesham Street, Wapping"
"LINESTRING (-0.055167 51.508447,-0.06691 51.507131", "From Garnet Street, Shadwell to Nesham Street, Wapping"
"LINESTRING (-0.041378 51.522507,-0.06691 51.507131", "From Queen Mary's, Mile End to Nesham Street, Wapping"
"LINESTRING (-0.009001 51.487129,-0.06691 51.507131", "From Saunders Ness Road, Cubitt Town to Nesham Street, Wapping"
"LINESTRING (-0.057544 51.504749,-0.06691 51.507131", "From Wapping Lane, Wapping to Nesham Street, Wapping"
"LINESTRING (-0.09294 51.51397,-0.06691 51.507131", "From Cheapside, Bank to Nesham Street, Wapping"
"LINESTRING (-0.058681 51.506946,-0.06691 51.507131", "From Reardon Street, Wapping to Nesham Street, Wapping"
"LINESTRING (-0.069542 51.512363,-0.06691 51.507131", "From Leman Street, Aldgate to Nesham Street, Wapping"
"LINESTRING (-0.055167 51.508447,-0.06691 51.507131", "From Garnet Street, Shadwell to Nesham Street, Wapping"
"LINESTRING (-0.076793 51.513406,-0.06691 51.507131", "From Jewry Street, Aldgate to Nesham Street, Wapping"
"LINESTRING (-0.102996 51.486929,-0.06691 51.507131", "From Doddington Grove, Kennington to Nesham Street, Wapping"
"LINESTRING (-0.119643 51.511756,-0.06691 51.507131", "From Wellington Street , Strand to Nesham Street, Wapping"
"LINESTRING (-0.105312 51.504043,-0.06691 51.507131", "From Southwark Station 1, Southwark to Nesham Street, Wapping"
"LINESTRING (-0.086685 51.517075,-0.06691 51.507131", "From Finsbury Circus, Liverpool Street to Nesham Street, Wapping"
"LINESTRING (-0.018716 51.49109,-0.06691 51.507131", "From Spindrift Avenue, Millwall to Nesham Street, Wapping"
"LINESTRING (-0.079608 51.521668,-0.06691 51.507131", "From Worship Street, Shoreditch to Nesham Street, Wapping"
"LINESTRING (-0.113426 51.503919,-0.06691 51.507131", "From Waterloo Station 2, Waterloo to Nesham Street, Wapping"
"LINESTRING (-0.058681 51.506946,-0.06691 51.507131", "From Reardon Street, Wapping to Nesham Street, Wapping"
"LINESTRING (-0.075578 51.52127,-0.06691 51.507131", "From Commercial Street, Shoreditch to Nesham Street, Wapping"
"LINESTRING (-0.058681 51.506946,-0.06691 51.507131", "From Reardon Street, Wapping to Nesham Street, Wapping"
"LINESTRING (-0.086685 51.517075,-0.06691 51.507131", "From Finsbury Circus, Liverpool Street to Nesham Street, Wapping"
"LINESTRING (-0.055167 51.508447,-0.06691 51.507131", "From Garnet Street, Shadwell to Nesham Street, Wapping"
"LINESTRING (-0.06797 51.504904,-0.06691 51.507131", "From Wapping High Street, Wapping to Nesham Street, Wapping"
"LINESTRING (-0.127575 51.495805,-0.183846 51.523344", "From Smith Square, Westminster to Warwick Avenue Station, Maida Vale"
"LINESTRING (-0.15352 51.503117,-0.183846 51.523344", "From Hyde Park Corner, Hyde Park to Warwick Avenue Station, Maida Vale"
"LINESTRING (-0.179592 51.525575,-0.183846 51.523344", "From Clifton Road, Maida Vale to Warwick Avenue Station, Maida Vale"
"LINESTRING (-0.196422 51.509353,-0.183846 51.523344", "From Notting Hill Gate Station, Notting Hill to Warwick Avenue Station, Maida Vale"
"LINESTRING (-0.126021 51.508103,-0.183846 51.523344", "From Craven Street, Strand to Warwick Avenue Station, Maida Vale"
"LINESTRING (-0.147624 51.49395,-0.183846 51.523344", "From Eccleston Place, Victoria to Warwick Avenue Station, Maida Vale"
"LINESTRING (-0.175116 51.523353,-0.183846 51.523344", "From Frampton Street, Paddington to Warwick Avenue Station, Maida Vale"
"LINESTRING (-0.157183 51.52026,-0.183846 51.523344", "From Crawford Street, Marylebone to Warwick Avenue Station, Maida Vale"
"LINESTRING (-0.179592 51.525575,-0.183846 51.523344", "From Clifton Road, Maida Vale to Warwick Avenue Station, Maida Vale"
"LINESTRING (-0.144228 51.518117,-0.183846 51.523344", "From Broadcasting House, Marylebone to Warwick Avenue Station, Maida Vale"
"LINESTRING (-0.134621 51.507424,-0.183846 51.523344", "From St. James's Square, St. James's to Warwick Avenue Station, Maida Vale"
"LINESTRING (-0.193487 51.513735,-0.183846 51.523344", "From Hereford Road, Bayswater to Warwick Avenue Station, Maida Vale"
"LINESTRING (-0.18498 51.501737,-0.183846 51.523344", "From De Vere Gardens, Kensington to Warwick Avenue Station, Maida Vale"
"LINESTRING (-0.165164 51.514746,-0.183846 51.523344", "From Porchester Place, Paddington to Warwick Avenue Station, Maida Vale"
"LINESTRING (-0.176268 51.524826,-0.183846 51.523344", "From Aberdeen Place, St. John's Wood to Warwick Avenue Station, Maida Vale"
"LINESTRING (-0.141423 51.514499,-0.183846 51.523344", "From Little Argyll Street, West End to Warwick Avenue Station, Maida Vale"
"LINESTRING (-0.183846 51.523344,-0.183846 51.523344", "From Warwick Avenue Station, Maida Vale to Warwick Avenue Station, Maida Vale"
"LINESTRING (-0.141423 51.514499,-0.183846 51.523344", "From Little Argyll Street, West End to Warwick Avenue Station, Maida Vale"
"LINESTRING (-0.162298 51.522511,-0.183846 51.523344", "From Boston Place, Marylebone to Warwick Avenue Station, Maida Vale"
"LINESTRING (-0.15352 51.503117,-0.183846 51.523344", "From Hyde Park Corner, Hyde Park to Warwick Avenue Station, Maida Vale"
"LINESTRING (-0.171681 51.522892,-0.183846 51.523344", "From Penfold Street, Marylebone to Warwick Avenue Station, Maida Vale"
"LINESTRING (-0.19096 51.51244,-0.183846 51.523344", "From Ilchester Gardens, Bayswater to Warwick Avenue Station, Maida Vale"
"LINESTRING (-0.165471 51.498884,-0.183846 51.523344", "From Montpelier Street, Knightsbridge to Warwick Avenue Station, Maida Vale"
"LINESTRING (-0.138846 51.510048,-0.183846 51.523344", "From Sackville Street, Mayfair to Warwick Avenue Station, Maida Vale"
"LINESTRING (-0.167515 51.530529,-0.183846 51.523344", "From St. John's Wood Church, The Regent's Park to Warwick Avenue Station, Maida Vale"
"LINESTRING (-0.156166 51.518913,-0.183846 51.523344", "From Baker Street, Marylebone to Warwick Avenue Station, Maida Vale"
"LINESTRING (-0.193764 51.508605,-0.183846 51.523344", "From Palace Gardens Terrace, Notting Hill to Warwick Avenue Station, Maida Vale"
"LINESTRING (-0.138019 51.524438,-0.183846 51.523344", "From Warren Street Station, Euston to Warwick Avenue Station, Maida Vale"
"LINESTRING (-0.086685 51.517075,-0.099141 51.512484", "From Finsbury Circus, Liverpool Street to Godliman Street, St. Paul's"
"LINESTRING (-0.089887 51.520858,-0.099141 51.512484", "From Bunhill Row, Moorgate to Godliman Street, St. Paul's"
"LINESTRING (-0.08066 51.514225,-0.099141 51.512484", "From St. Mary Axe, Aldgate to Godliman Street, St. Paul's"
"LINESTRING (-0.135777 51.51953,-0.099141 51.512484", "From Charlotte Street, Fitzrovia to Godliman Street, St. Paul's"
"LINESTRING (-0.113864 51.504027,-0.099141 51.512484", "From Waterloo Station 1, Waterloo to Godliman Street, St. Paul's"
"LINESTRING (-0.129925 51.493072,-0.099141 51.512484", "From Vincent Street, Pimlico to Godliman Street, St. Paul's"
"LINESTRING (-0.101026 51.528246,-0.099141 51.512484", "From Goswell Road (City Uni), Finsbury to Godliman Street, St. Paul's"
"LINESTRING (-0.119643 51.511756,-0.099141 51.512484", "From Wellington Street , Strand to Godliman Street, St. Paul's"
"LINESTRING (-0.136123 51.482362,-0.099141 51.512484", "From Riverlight North, Nine Elms to Godliman Street, St. Paul's"
"LINESTRING (-0.089659 51.52548,-0.099141 51.512484", "From Old Street Station, St. Luke's to Godliman Street, St. Paul's"
"LINESTRING (-0.069543 51.525645,-0.099141 51.512484", "From Granby Street, Shoreditch to Godliman Street, St. Paul's"
"LINESTRING (-0.113426 51.503919,-0.099141 51.512484", "From Waterloo Station 2, Waterloo to Godliman Street, St. Paul's"
"LINESTRING (-0.119047 51.509631,-0.099141 51.512484", "From Embankment (Savoy), Strand to Godliman Street, St. Paul's"
"LINESTRING (-0.0786 51.500647,-0.099141 51.512484", "From Tanner Street, Bermondsey to Godliman Street, St. Paul's"
"LINESTRING (-0.119643 51.511756,-0.099141 51.512484", "From Wellington Street , Strand to Godliman Street, St. Paul's"
"LINESTRING (-0.125972 51.49764,-0.099141 51.512484", "From Abingdon Green, Westminster to Godliman Street, St. Paul's"
"LINESTRING (-0.113001 51.50486,-0.099141 51.512484", "From Waterloo Road, South Bank to Godliman Street, St. Paul's"
"LINESTRING (-0.117619 51.509943,-0.099141 51.512484", "From Somerset House, Strand to Godliman Street, St. Paul's"
"LINESTRING (-0.08066 51.514225,-0.099141 51.512484", "From St. Mary Axe, Aldgate to Godliman Street, St. Paul's"
"LINESTRING (-0.125441 51.541596,-0.099141 51.512484", "From York Way, Kings Cross to Godliman Street, St. Paul's"
"LINESTRING (-0.119643 51.511756,-0.099141 51.512484", "From Wellington Street , Strand to Godliman Street, St. Paul's"
"LINESTRING (-0.117619 51.509943,-0.099141 51.512484", "From Somerset House, Strand to Godliman Street, St. Paul's"
"LINESTRING (-0.113864 51.504027,-0.099141 51.512484", "From Waterloo Station 1, Waterloo to Godliman Street, St. Paul's"
"LINESTRING (-0.074704 51.500845,-0.099141 51.512484", "From Tower Wharf, Bermondsey to Godliman Street, St. Paul's"
"LINESTRING (-0.087262 51.506304,-0.099141 51.512484", "From Duke Street Hill, London Bridge to Godliman Street, St. Paul's"
"LINESTRING (-0.117619 51.509943,-0.099141 51.512484", "From Somerset House, Strand to Godliman Street, St. Paul's"
"LINESTRING (-0.114686 51.506133,-0.099141 51.512484", "From Belvedere Road 1, South Bank to Godliman Street, St. Paul's"
"LINESTRING (-0.08066 51.514225,-0.099141 51.512484", "From St. Mary Axe, Aldgate to Godliman Street, St. Paul's"
"LINESTRING (-0.08066 51.514225,-0.099141 51.512484", "From St. Mary Axe, Aldgate to Godliman Street, St. Paul's"
"LINESTRING (-0.06415 51.51295,-0.099141 51.512484", "From Christian Street, Whitechapel to Godliman Street, St. Paul's"
"LINESTRING (-0.135777 51.51953,-0.099141 51.512484", "From Charlotte Street, Fitzrovia to Godliman Street, St. Paul's"
"LINESTRING (-0.11548 51.528915,-0.099141 51.512484", "From Great Percy Street, Clerkenwell to Godliman Street, St. Paul's"
"LINESTRING (-0.119643 51.511756,-0.099141 51.512484", "From Wellington Street , Strand to Godliman Street, St. Paul's"
"LINESTRING (-0.111778 51.515937,-0.099141 51.512484", "From Breams Buildings, Holborn to Godliman Street, St. Paul's"
"LINESTRING (-0.139016 51.520994,-0.099141 51.512484", "From Howland Street, Fitzrovia to Godliman Street, St. Paul's"
"LINESTRING (-0.085603 51.53095,-0.099141 51.512484", "From New North Road 1, Hoxton to Godliman Street, St. Paul's"
"LINESTRING (-0.099828 51.493146,-0.099141 51.512484", "From Strata, Elephant & Castle to Godliman Street, St. Paul's"
"LINESTRING (-0.113426 51.503919,-0.099141 51.512484", "From Waterloo Station 2, Waterloo to Godliman Street, St. Paul's"
"LINESTRING (-0.119047 51.509631,-0.099141 51.512484", "From Embankment (Savoy), Strand to Godliman Street, St. Paul's"
"LINESTRING (-0.151359 51.522008,-0.145904 51.507069", "From Beaumont Street, Marylebone to Curzon Street, Mayfair"
"LINESTRING (-0.139625 51.490962,-0.145904 51.507069", "From Gloucester Street, Pimlico to Curzon Street, Mayfair"
"LINESTRING (-0.208485 51.478939,-0.145904 51.507069", "From St. Peter's Terrace, Fulham to Curzon Street, Mayfair"
"LINESTRING (-0.133201 51.512515,-0.145904 51.507069", "From Wardour Street, Soho to Curzon Street, Mayfair"
"LINESTRING (-0.179369 51.487196,-0.145904 51.507069", "From Drayton Gardens, West Chelsea to Curzon Street, Mayfair"
"LINESTRING (-0.15352 51.503117,-0.145904 51.507069", "From Hyde Park Corner, Hyde Park to Curzon Street, Mayfair"
"LINESTRING (-0.152317 51.499412,-0.145904 51.507069", "From Belgrave Square, Belgravia to Curzon Street, Mayfair"
"LINESTRING (-0.123616 51.529943,-0.145904 51.507069", "From Belgrove Street , King's Cross to Curzon Street, Mayfair"
"LINESTRING (-0.167919 51.484984,-0.145904 51.507069", "From Phene Street, Chelsea to Curzon Street, Mayfair"
"LINESTRING (-0.133201 51.512515,-0.145904 51.507069", "From Wardour Street, Soho to Curzon Street, Mayfair"
"LINESTRING (-0.18119 51.490945,-0.145904 51.507069", "From Old Brompton Road, South Kensington to Curzon Street, Mayfair"
"LINESTRING (-0.193487 51.513735,-0.145904 51.507069", "From Hereford Road, Bayswater to Curzon Street, Mayfair"
"LINESTRING (-0.205921 51.511624,-0.145904 51.507069", "From Ladbroke Grove Central, Ladbroke Grove to Curzon Street, Mayfair"
"LINESTRING (-0.192538 51.504723,-0.145904 51.507069", "From Vicarage Gate, Kensington to Curzon Street, Mayfair"
"LINESTRING (-0.173881 51.494412,-0.145904 51.507069", "From South Kensington Station, South Kensington to Curzon Street, Mayfair"
"LINESTRING (-0.130699 51.50777,-0.145904 51.507069", "From Pall Mall East, West End to Curzon Street, Mayfair"
"LINESTRING (-0.176268 51.524826,-0.145904 51.507069", "From Aberdeen Place, St. John's Wood to Curzon Street, Mayfair"
"LINESTRING (-0.215895 51.476885,-0.145904 51.507069", "From Finlay Street, Fulham to Curzon Street, Mayfair"
"LINESTRING (-0.163347 51.474392,-0.145904 51.507069", "From Albert Bridge Road, Battersea Park to Curzon Street, Mayfair"
"LINESTRING (-0.184318 51.468819,-0.145904 51.507069", "From William Morris Way, Sands End to Curzon Street, Mayfair"
"LINESTRING (-0.197574 51.499606,-0.145904 51.507069", "From Phillimore Gardens, Kensington to Curzon Street, Mayfair"
"LINESTRING (-0.189155 51.477292,-0.145904 51.507069", "From Michael Road, Walham Green to Curzon Street, Mayfair"
"LINESTRING (-0.140485 51.519181,-0.145904 51.507069", "From Foley Street, Fitzrovia to Curzon Street, Mayfair"
"LINESTRING (-0.169249 51.515953,-0.145904 51.507069", "From Southwick Street, Paddington to Curzon Street, Mayfair"
"LINESTRING (-0.15352 51.503117,-0.145904 51.507069", "From Hyde Park Corner, Hyde Park to Curzon Street, Mayfair"
"LINESTRING (-0.171103 51.518268,-0.145904 51.507069", "From St Mary's Hospital, Paddington to Curzon Street, Mayfair"
"LINESTRING (-0.17581 51.517335,-0.145904 51.507069", "From South Wharf Road, Paddington to Curzon Street, Mayfair"
"LINESTRING (-0.112753 51.51501,-0.145904 51.507069", "From Carey Street, Holborn to Curzon Street, Mayfair"
"LINESTRING (-0.142783 51.51196,-0.145904 51.507069", "From St. George Street, Mayfair to Curzon Street, Mayfair"
"LINESTRING (-0.171103 51.518268,-0.145904 51.507069", "From St Mary's Hospital, Paddington to Curzon Street, Mayfair"
"LINESTRING (-0.09294 51.51397,-0.145904 51.507069", "From Cheapside, Bank to Curzon Street, Mayfair"
"LINESTRING (-0.21186 51.483217,-0.145904 51.507069", "From Humbolt Road, Fulham to Curzon Street, Mayfair"
"LINESTRING (-0.136039 51.519914,-0.145904 51.507069", "From Scala Street, Fitzrovia to Curzon Street, Mayfair"
"LINESTRING (-0.074284 51.539328,-0.087459 51.528673", "From Haggerston Road, Haggerston to East Road, Hoxton"
"LINESTRING (-0.088285 51.519069,-0.087459 51.528673", "From Moorfields, Moorgate to East Road, Hoxton"
"LINESTRING (-0.098341 51.505409,-0.087459 51.528673", "From Southwark Street, Bankside to East Road, Hoxton"
"LINESTRING (-0.06142 51.532091,-0.087459 51.528673", "From Pritchard's Road, Bethnal Green to East Road, Hoxton"
"LINESTRING (-0.086685 51.517075,-0.087459 51.528673", "From Finsbury Circus, Liverpool Street to East Road, Hoxton"
"LINESTRING (-0.08249 51.53558,-0.087459 51.528673", "From Pitfield Street North,Hoxton to East Road, Hoxton"
"LINESTRING (-0.090847 51.525893,-0.087459 51.528673", "From Bath Street, St. Luke's to East Road, Hoxton"
"LINESTRING (-0.021596 51.502661,-0.087459 51.528673", "From Heron Quays DLR, Canary Wharf to East Road, Hoxton"
"LINESTRING (-0.116542 51.504636,-0.087459 51.528673", "From Jubilee Gardens, South Bank to East Road, Hoxton"
"LINESTRING (-0.079684 51.516468,-0.087459 51.528673", "From Devonshire Square, Liverpool Street to East Road, Hoxton"
"LINESTRING (-0.069543 51.525645,-0.087459 51.528673", "From Granby Street, Shoreditch to East Road, Hoxton"
"LINESTRING (-0.06142 51.532091,-0.087459 51.528673", "From Pritchard's Road, Bethnal Green to East Road, Hoxton"
"LINESTRING (-0.074754 51.523648,-0.087459 51.528673", "From Bethnal Green Road, Shoreditch to East Road, Hoxton"
"LINESTRING (-0.10548 51.532199,-0.087459 51.528673", "From Torrens Street, Angel to East Road, Hoxton"
"LINESTRING (-0.083353 51.529537,-0.087459 51.528673", "From Fanshaw Street, Hoxton to East Road, Hoxton"
"LINESTRING (-0.129386 51.534123,-0.087459 51.528673", "From Pancras Road, King's Cross to East Road, Hoxton"
"LINESTRING (-0.065076 51.52388,-0.087459 51.528673", "From Cheshire Street, Bethnal Green to East Road, Hoxton"
"LINESTRING (-0.087459 51.528673,-0.087459 51.528673", "From East Road, Hoxton to East Road, Hoxton"
"LINESTRING (-0.08299 51.53213,-0.087459 51.528673", "From Pitfield Street Central, Hoxton to East Road, Hoxton"
"LINESTRING (-0.06142 51.532091,-0.087459 51.528673", "From Pritchard's Road, Bethnal Green to East Road, Hoxton"
"LINESTRING (-0.0801 51.52959,-0.087459 51.528673", "From Hoxton Street, Hoxton to East Road, Hoxton"
"LINESTRING (-0.069543 51.525645,-0.087459 51.528673", "From Granby Street, Shoreditch to East Road, Hoxton"
"LINESTRING (-0.083935 51.520009,-0.087459 51.528673", "From Sun Street, Liverpool Street to East Road, Hoxton"
"LINESTRING (-0.089887 51.520858,-0.104298 51.526717", "From Bunhill Row, Moorgate to Finsbury Library , Finsbury"
"LINESTRING (-0.116764 51.51362,-0.104298 51.526717", "From Houghton Street, Strand to Finsbury Library , Finsbury"
"LINESTRING (-0.069743 51.528222,-0.104298 51.526717", "From Wellington Row, Bethnal Green to Finsbury Library , Finsbury"
"LINESTRING (-0.106992 51.534504,-0.104298 51.526717", "From Liverpool Road (N1 Centre), Angel to Finsbury Library , Finsbury"
"LINESTRING (-0.135025 51.518162,-0.104298 51.526717", "From Rathbone Street, Fitzrovia to Finsbury Library , Finsbury"
"LINESTRING (-0.120202 51.523346,-0.104298 51.526717", "From Guilford Street , Bloomsbury to Finsbury Library , Finsbury"
"LINESTRING (-0.074284 51.539328,-0.104298 51.526717", "From Haggerston Road, Haggerston to Finsbury Library , Finsbury"
"LINESTRING (-0.093051 51.511246,-0.104298 51.526717", "From Queen Street 2, Bank to Finsbury Library , Finsbury"
"LINESTRING (-0.124807 51.53724,-0.104298 51.526717", "From Handyside Street, King's Cross to Finsbury Library , Finsbury"
"LINESTRING (-0.104708 51.52326,-0.104298 51.526717", "From Clerkenwell Green, Clerkenwell to Finsbury Library , Finsbury"
"LINESTRING (-0.073438 51.51838,-0.104298 51.526717", "From Fashion Street, Whitechapel to Finsbury Library , Finsbury"
"LINESTRING (-0.06111 51.518675,-0.104298 51.526717", "From Royal London Hospital, Whitechapel to Finsbury Library , Finsbury"
"LINESTRING (-0.130431 51.52168,-0.104298 51.526717", "From Malet Street, Bloomsbury to Finsbury Library , Finsbury"
"LINESTRING (-0.120202 51.523346,-0.104298 51.526717", "From Guilford Street , Bloomsbury to Finsbury Library , Finsbury"
"LINESTRING (-0.102091 51.500693,-0.104298 51.526717", "From Webber Street , Southwark to Finsbury Library , Finsbury"
"LINESTRING (-0.122219 51.51477,-0.104298 51.526717", "From Drury Lane, Covent Garden to Finsbury Library , Finsbury"
"LINESTRING (-0.09294 51.51397,-0.104298 51.526717", "From Cheapside, Bank to Finsbury Library , Finsbury"
"LINESTRING (-0.112824 51.503791,-0.104298 51.526717", "From Waterloo Station 3, Waterloo to Finsbury Library , Finsbury"
"LINESTRING (-0.054162 51.536424,-0.104298 51.526717", "From Victoria Park Road, Hackney Central to Finsbury Library , Finsbury"
"LINESTRING (-0.111781 51.533319,-0.104298 51.526717", "From Risinghill Street, Angel to Finsbury Library , Finsbury"
"LINESTRING (-0.156166 51.518913,-0.104298 51.526717", "From Baker Street, Marylebone to Finsbury Library , Finsbury"
"LINESTRING (-0.09885 51.515418,-0.104298 51.526717", "From Newgate Street , St. Paul's to Finsbury Library , Finsbury"
"LINESTRING (-0.104298 51.526717,-0.104298 51.526717", "From Finsbury Library , Finsbury to Finsbury Library , Finsbury"
"LINESTRING (-0.11258 51.473874,-0.104298 51.526717", "From Normandy Road, Stockwell to Finsbury Library , Finsbury"
"LINESTRING (-0.120202 51.523346,-0.104298 51.526717", "From Guilford Street , Bloomsbury to Finsbury Library , Finsbury"
"LINESTRING (-0.089659 51.52548,-0.104298 51.526717", "From Old Street Station, St. Luke's to Finsbury Library , Finsbury"
"LINESTRING (-0.084439 51.524696,-0.104298 51.526717", "From Leonard Circus , Shoreditch to Finsbury Library , Finsbury"
"LINESTRING (-0.027772 51.505703,-0.104298 51.526717", "From Westferry Circus, Canary Wharf to Finsbury Library , Finsbury"
"LINESTRING (-0.135777 51.51953,-0.104298 51.526717", "From Charlotte Street, Fitzrovia to Finsbury Library , Finsbury"
"LINESTRING (-0.138019 51.524438,-0.104298 51.526717", "From Warren Street Station, Euston to Finsbury Library , Finsbury"
"LINESTRING (-0.106992 51.534504,-0.104298 51.526717", "From Liverpool Road (N1 Centre), Angel to Finsbury Library , Finsbury"
"LINESTRING (-0.104708 51.52326,-0.104298 51.526717", "From Clerkenwell Green, Clerkenwell to Finsbury Library , Finsbury"
"LINESTRING (-0.093421 51.529154,-0.104298 51.526717", "From Windsor Terrace, Hoxton to Finsbury Library , Finsbury"
"LINESTRING (-0.063471 51.497995,-0.094934 51.522954", "From Bermondsey Station, Bermondsey to Roscoe Street, St. Luke's"
"LINESTRING (-0.094475 51.521747,-0.094934 51.522954", "From Golden Lane, Barbican to Roscoe Street, St. Luke's"
"LINESTRING (-0.074754 51.523648,-0.094934 51.522954", "From Bethnal Green Road, Shoreditch to Roscoe Street, St. Luke's"
"LINESTRING (-0.13225 51.528833,-0.094934 51.522954", "From Doric Way , Somers Town to Roscoe Street, St. Luke's"
"LINESTRING (-0.147203 51.515308,-0.094934 51.522954", "From Chapel Place, Marylebone to Roscoe Street, St. Luke's"
"LINESTRING (-0.140947 51.49616,-0.094934 51.522954", "From Ashley Place, Victoria to Roscoe Street, St. Luke's"
"LINESTRING (-0.120718 51.511968,-0.094934 51.522954", "From Tavistock Street, Covent Garden to Roscoe Street, St. Luke's"
"LINESTRING (-0.089887 51.520858,-0.094934 51.522954", "From Bunhill Row, Moorgate to Roscoe Street, St. Luke's"
"LINESTRING (-0.129697 51.509087,-0.094934 51.522954", "From St. Martin's Street, West End to Roscoe Street, St. Luke's"
"LINESTRING (-0.138231 51.525542,-0.094934 51.522954", "From Hampstead Road, Euston to Roscoe Street, St. Luke's"
"LINESTRING (-0.055312 51.52568,-0.094934 51.522954", "From Bethnal Green Garden, Bethnal Green to Roscoe Street, St. Luke's"
"LINESTRING (-0.08066 51.514225,-0.094934 51.522954", "From St. Mary Axe, Aldgate to Roscoe Street, St. Luke's"
"LINESTRING (-0.08974 51.500823,-0.094934 51.522954", "From Empire Square, The Borough to Roscoe Street, St. Luke's"
"LINESTRING (-0.086379 51.534042,-0.094934 51.522954", "From Shoreditch Park, Hoxton to Roscoe Street, St. Luke's"
"LINESTRING (-0.099141 51.512484,-0.094934 51.522954", "From Godliman Street, St. Paul's to Roscoe Street, St. Luke's"
"LINESTRING (-0.069542 51.512363,-0.094934 51.522954", "From Leman Street, Aldgate to Roscoe Street, St. Luke's"
"LINESTRING (-0.065076 51.52388,-0.094934 51.522954", "From Cheshire Street, Bethnal Green to Roscoe Street, St. Luke's"
"LINESTRING (-0.096496 51.517821,-0.094934 51.522954", "From Museum of London, Barbican to Roscoe Street, St. Luke's"
"LINESTRING (-0.075459 51.509506,-0.094934 51.522954", "From Tower Gardens , Tower to Roscoe Street, St. Luke's"
"LINESTRING (-0.094934 51.522954,-0.094934 51.522954", "From Roscoe Street, St. Luke's to Roscoe Street, St. Luke's"
"LINESTRING (-0.068981 51.498585,-0.094934 51.522954", "From George Row, Bermondsey to Roscoe Street, St. Luke's"
"LINESTRING (-0.102757 51.536384,-0.094934 51.522954", "From Islington Green, Angel to Roscoe Street, St. Luke's"
"LINESTRING (-0.131213 51.513103,-0.094934 51.522954", "From Frith Street, Soho to Roscoe Street, St. Luke's"
"LINESTRING (-0.099994 51.522853,-0.094934 51.522954", "From Berry Street, Clerkenwell to Roscoe Street, St. Luke's"
"LINESTRING (-0.13011 51.513527,-0.143495 51.509992", "From Moor Street, Soho to Grafton Street, Mayfair"
"LINESTRING (-0.187404 51.487958,-0.143495 51.509992", "From Harcourt Terrace, West Brompton to Grafton Street, Mayfair"
"LINESTRING (-0.129361 51.488365,-0.143495 51.509992", "From Vauxhall Bridge , Pimlico to Grafton Street, Mayfair"
"LINESTRING (-0.097441 51.511961,-0.143495 51.509992", "From Queen Victoria Street, St. Paul's to Grafton Street, Mayfair"
"LINESTRING (-0.174653 51.527294,-0.143495 51.509992", "From St. John's Wood Road, St. John's Wood to Grafton Street, Mayfair"
"LINESTRING (-0.147983 51.519167,-0.143495 51.509992", "From New Cavendish Street, Marylebone to Grafton Street, Mayfair"
"LINESTRING (-0.163041 51.470538,-0.143495 51.509992", "From Sheepcote Lane, Battersea to Grafton Street, Mayfair"
"LINESTRING (-0.193764 51.508605,-0.143495 51.509992", "From Palace Gardens Terrace, Notting Hill to Grafton Street, Mayfair"
"LINESTRING (-0.159169 51.475153,-0.143495 51.509992", "From Prince of Wales Drive, Battersea Park to Grafton Street, Mayfair"
"LINESTRING (-0.208485 51.478939,-0.143495 51.509992", "From St. Peter's Terrace, Fulham to Grafton Street, Mayfair"
"LINESTRING (-0.135777 51.51953,-0.143495 51.509992", "From Charlotte Street, Fitzrovia to Grafton Street, Mayfair"
"LINESTRING (-0.17581 51.517335,-0.143495 51.509992", "From South Wharf Road, Paddington to Grafton Street, Mayfair"
"LINESTRING (-0.155442 51.474376,-0.143495 51.509992", "From Austin Road, Battersea Park to Grafton Street, Mayfair"
"LINESTRING (-0.183853 51.480898,-0.143495 51.509992", "From Thorndike Close, West Chelsea to Grafton Street, Mayfair"
"LINESTRING (-0.183853 51.480898,-0.143495 51.509992", "From Thorndike Close, West Chelsea to Grafton Street, Mayfair"
"LINESTRING (-0.183486 51.529857,-0.143495 51.509992", "From Maida Vale, Maida Vale to Grafton Street, Mayfair"
"LINESTRING (-0.130431 51.52168,-0.143495 51.509992", "From Malet Street, Bloomsbury to Grafton Street, Mayfair"
"LINESTRING (-0.142943 51.496863,-0.143495 51.509992", "From Allington Street, Victoria to Grafton Street, Mayfair"
"LINESTRING (-0.121394 51.493699,-0.143495 51.509992", "From Fire Brigade Pier, Vauxhall to Grafton Street, Mayfair"
"LINESTRING (-0.141728 51.539099,-0.143495 51.509992", "From Greenland Road, Camden Town to Grafton Street, Mayfair"
"LINESTRING (-0.069543 51.525645,-0.143495 51.509992", "From Granby Street, Shoreditch to Grafton Street, Mayfair"
"LINESTRING (-0.158963 51.524517,-0.143495 51.509992", "From Park Road (Baker Street), The Regent's Park to Grafton Street, Mayfair"
"LINESTRING (-0.116688 51.520596,-0.143495 51.509992", "From Theobald's Road , Holborn to Grafton Street, Mayfair"
"LINESTRING (-0.159237 51.501855,-0.143495 51.509992", "From Seville Street, Knightsbridge to Grafton Street, Mayfair"
"LINESTRING (-0.18267 51.494185,-0.143495 51.509992", "From Gloucester Road Station, South Kensington to Grafton Street, Mayfair"
"LINESTRING (-0.129697 51.509087,-0.094475 51.521747", "From St. Martin's Street, West End to Golden Lane, Barbican"
"LINESTRING (-0.0985 51.51601,-0.094475 51.521747", "From King Edward Street, St Pauls to Golden Lane, Barbican"
"LINESTRING (-0.058826 51.54119,-0.094475 51.521747", "From London Fields, Hackney Central to Golden Lane, Barbican"
"LINESTRING (-0.100791 51.518218,-0.094475 51.521747", "From West Smithfield Rotunda, Farringdon to Golden Lane, Barbican"
"LINESTRING (-0.079248 51.524526,-0.094475 51.521747", "From New Inn Yard, Shoreditch to Golden Lane, Barbican"
"LINESTRING (-0.042744 51.530326,-0.094475 51.521747", "From Twig Folly Bridge, Mile End to Golden Lane, Barbican"
"LINESTRING (-0.089659 51.52548,-0.094475 51.521747", "From Old Street Station, St. Luke's to Golden Lane, Barbican"
"LINESTRING (-0.143613 51.523518,-0.094475 51.521747", "From Bolsover Street, Fitzrovia to Golden Lane, Barbican"
"LINESTRING (-0.099981 51.532661,-0.094475 51.521747", "From Graham Street, Angel to Golden Lane, Barbican"
"LINESTRING (-0.125441 51.541596,-0.094475 51.521747", "From York Way, Kings Cross to Golden Lane, Barbican"
"LINESTRING (-0.082989 51.510484,-0.094475 51.521747", "From Great Tower Street, Monument to Golden Lane, Barbican"
"LINESTRING (-0.09734 51.520841,-0.094475 51.521747", "From Aldersgate Street, Barbican to Golden Lane, Barbican"
"LINESTRING (-0.089887 51.520858,-0.094475 51.521747", "From Bunhill Row, Moorgate to Golden Lane, Barbican"
"LINESTRING (-0.073537 51.514233,-0.094475 51.521747", "From Braham Street, Aldgate to Golden Lane, Barbican"
"LINESTRING (-0.114605 51.495656,-0.094475 51.521747", "From Sail Street, Vauxhall to Golden Lane, Barbican"
"LINESTRING (-0.05438 51.520019,-0.094475 51.521747", "From Ansell House, Stepney to Golden Lane, Barbican"
"LINESTRING (-0.116542 51.504636,-0.094475 51.521747", "From Jubilee Gardens, South Bank to Golden Lane, Barbican"
"LINESTRING (-0.112824 51.503791,-0.094475 51.521747", "From Waterloo Station 3, Waterloo to Golden Lane, Barbican"
"LINESTRING (-0.079249 51.518908,-0.094475 51.521747", "From Brushfield Street, Liverpool Street to Golden Lane, Barbican"
"LINESTRING (-0.137598 51.497698,-0.094475 51.521747", "From Kings Gate House, Westminster to Golden Lane, Barbican"
"LINESTRING (-0.096317 51.526008,-0.094475 51.521747", "From Finsbury Leisure Centre, St. Luke's to Golden Lane, Barbican"
"LINESTRING (-0.122219 51.51477,-0.094475 51.521747", "From Drury Lane, Covent Garden to Golden Lane, Barbican"
"LINESTRING (-0.112824 51.503791,-0.094475 51.521747", "From Waterloo Station 3, Waterloo to Golden Lane, Barbican"
"LINESTRING (-0.119558 51.528279,-0.094475 51.521747", "From Cromer Street, Bloomsbury to Golden Lane, Barbican"
"LINESTRING (-0.07813 51.526377,-0.094475 51.521747", "From Shoreditch High Street, Shoreditch to Golden Lane, Barbican"
"LINESTRING (-0.096317 51.526008,-0.094475 51.521747", "From Finsbury Leisure Centre, St. Luke's to Golden Lane, Barbican"
"LINESTRING (-0.113426 51.503919,-0.094475 51.521747", "From Waterloo Station 2, Waterloo to Golden Lane, Barbican"
"LINESTRING (-0.092176 51.520044,-0.094475 51.521747", "From Barbican Centre, Barbican to Golden Lane, Barbican"
"LINESTRING (-0.097122 51.529423,-0.094475 51.521747", "From Macclesfield Rd, St Lukes to Golden Lane, Barbican"
"LINESTRING (-0.094475 51.521747,-0.094475 51.521747", "From Golden Lane, Barbican to Golden Lane, Barbican"
"LINESTRING (-0.117122 51.490994,-0.094475 51.521747", "From Black Prince Road, Vauxhall to Golden Lane, Barbican"
"LINESTRING (-0.113426 51.503919,-0.086685 51.517075", "From Waterloo Station 2, Waterloo to Finsbury Circus, Liverpool Street"
"LINESTRING (-0.026262 51.536039,-0.086685 51.517075", "From Wendon Street, Old Ford to Finsbury Circus, Liverpool Street"
"LINESTRING (-0.107987 51.517428,-0.086685 51.517075", "From New Fetter Lane, Holborn to Finsbury Circus, Liverpool Street"
"LINESTRING (-0.108028 51.518825,-0.086685 51.517075", "From Hatton Garden, Holborn to Finsbury Circus, Liverpool Street"
"LINESTRING (-0.11934 51.531066,-0.086685 51.517075", "From Northdown Street, King's Cross to Finsbury Circus, Liverpool Street"
"LINESTRING (-0.06691 51.507131,-0.086685 51.517075", "From Nesham Street, Wapping to Finsbury Circus, Liverpool Street"
"LINESTRING (-0.103604 51.517334,-0.086685 51.517075", "From Snow Hill, Farringdon to Finsbury Circus, Liverpool Street"
"LINESTRING (-0.039264 51.521564,-0.086685 51.517075", "From Harford Street, Mile End to Finsbury Circus, Liverpool Street"
"LINESTRING (-0.075855 51.517475,-0.086685 51.517075", "From Bell Lane, Liverpool Street to Finsbury Circus, Liverpool Street"
"LINESTRING (-0.13225 51.528833,-0.086685 51.517075", "From Doric Way , Somers Town to Finsbury Circus, Liverpool Street"
"LINESTRING (-0.084985 51.509301,-0.086685 51.517075", "From Lower Thames Street, Monument to Finsbury Circus, Liverpool Street"
"LINESTRING (-0.107987 51.517428,-0.086685 51.517075", "From New Fetter Lane, Holborn to Finsbury Circus, Liverpool Street"
"LINESTRING (-0.056667 51.511542,-0.086685 51.517075", "From Watney Street, Shadwell to Finsbury Circus, Liverpool Street"
"LINESTRING (-0.112824 51.503791,-0.086685 51.517075", "From Waterloo Station 3, Waterloo to Finsbury Circus, Liverpool Street"
"LINESTRING (-0.147154 51.537349,-0.086685 51.517075", "From Gloucester Avenue, Camden Town to Finsbury Circus, Liverpool Street"
"LINESTRING (-0.118272 51.516277,-0.086685 51.517075", "From Lincoln's Inn Fields, Holborn to Finsbury Circus, Liverpool Street"
"LINESTRING (-0.13214 51.519572,-0.086685 51.517075", "From Store Street, Bloomsbury to Finsbury Circus, Liverpool Street"
"LINESTRING (-0.115057 51.512582,-0.086685 51.517075", "From Strand, Strand to Finsbury Circus, Liverpool Street"
"LINESTRING (-0.113864 51.504027,-0.086685 51.517075", "From Waterloo Station 1, Waterloo to Finsbury Circus, Liverpool Street"
"LINESTRING (-0.065076 51.52388,-0.086685 51.517075", "From Cheshire Street, Bethnal Green to Finsbury Circus, Liverpool Street"
"LINESTRING (-0.112824 51.503791,-0.086685 51.517075", "From Waterloo Station 3, Waterloo to Finsbury Circus, Liverpool Street"
"LINESTRING (-0.084985 51.509301,-0.086685 51.517075", "From Lower Thames Street, Monument to Finsbury Circus, Liverpool Street"
"LINESTRING (-0.070133 51.515231,-0.086685 51.517075", "From Central House, Whitechapel to Finsbury Circus, Liverpool Street"
"LINESTRING (-0.09294 51.511553,-0.086685 51.517075", "From Queen Street 1, Bank to Finsbury Circus, Liverpool Street"
"LINESTRING (-0.066035 51.531864,-0.086685 51.517075", "From Goldsmith's Row, Haggerston to Finsbury Circus, Liverpool Street"
"LINESTRING (-0.058641 51.515256,-0.086685 51.517075", "From Philpot Street, Whitechapel to Finsbury Circus, Liverpool Street"
"LINESTRING (-0.101026 51.528246,-0.086685 51.517075", "From Goswell Road (City Uni), Finsbury to Finsbury Circus, Liverpool Street"
"LINESTRING (-0.111257 51.514274,-0.086685 51.517075", "From Chancery Lane, Holborn to Finsbury Circus, Liverpool Street"
"LINESTRING (-0.083159 51.500889,-0.086685 51.517075", "From Tyers Gate, Bermondsey to Finsbury Circus, Liverpool Street"
"LINESTRING (-0.021345 51.519265,-0.086685 51.517075", "From Furze Green, Bow to Finsbury Circus, Liverpool Street"
"LINESTRING (-0.113426 51.503919,-0.086685 51.517075", "From Waterloo Station 2, Waterloo to Finsbury Circus, Liverpool Street"
"LINESTRING (-0.087262 51.506304,-0.086685 51.517075", "From Duke Street Hill, London Bridge to Finsbury Circus, Liverpool Street"
"LINESTRING (-0.097441 51.511961,-0.086685 51.517075", "From Queen Victoria Street, St. Paul's to Finsbury Circus, Liverpool Street"
"LINESTRING (-0.123616 51.529943,-0.086685 51.517075", "From Belgrove Street , King's Cross to Finsbury Circus, Liverpool Street"
"LINESTRING (-0.124749 51.509462,-0.086685 51.517075", "From William IV Street, Strand to Finsbury Circus, Liverpool Street"
"LINESTRING (-0.135635 51.488226,-0.086685 51.517075", "From St. George's Square, Pimlico to Finsbury Circus, Liverpool Street"
"LINESTRING (-0.112721 51.536392,-0.086685 51.517075", "From Charlotte Terrace, Angel to Finsbury Circus, Liverpool Street"
"LINESTRING (-0.096496 51.517821,-0.086685 51.517075", "From Museum of London, Barbican to Finsbury Circus, Liverpool Street"
"LINESTRING (-0.100791 51.518218,-0.086685 51.517075", "From West Smithfield Rotunda, Farringdon to Finsbury Circus, Liverpool Street"
"LINESTRING (-0.084985 51.509301,-0.086685 51.517075", "From Lower Thames Street, Monument to Finsbury Circus, Liverpool Street"
"LINESTRING (-0.112824 51.503791,-0.086685 51.517075", "From Waterloo Station 3, Waterloo to Finsbury Circus, Liverpool Street"
"LINESTRING (-0.086685 51.517075,-0.086685 51.517075", "From Finsbury Circus, Liverpool Street to Finsbury Circus, Liverpool Street"
"LINESTRING (-0.13544 51.497829,-0.086685 51.517075", "From Butler Place, Westminster to Finsbury Circus, Liverpool Street"
"LINESTRING (-0.097122 51.529423,-0.086685 51.517075", "From Macclesfield Rd, St Lukes to Finsbury Circus, Liverpool Street"
"LINESTRING (-0.124826 51.516226,-0.086685 51.517075", "From High Holborn , Covent Garden to Finsbury Circus, Liverpool Street"
"LINESTRING (-0.209121 51.491026,-0.086685 51.517075", "From Gwendwr Road, West Kensington to Finsbury Circus, Liverpool Street"
"LINESTRING (-0.09315 51.53356,-0.086685 51.517075", "From Eagle Wharf Road, Hoxton to Finsbury Circus, Liverpool Street"
"LINESTRING (-0.074754 51.523648,-0.086685 51.517075", "From Bethnal Green Road, Shoreditch to Finsbury Circus, Liverpool Street"
"LINESTRING (-0.087262 51.506304,-0.086685 51.517075", "From Duke Street Hill, London Bridge to Finsbury Circus, Liverpool Street"
"LINESTRING (-0.115057 51.512582,-0.086685 51.517075", "From Strand, Strand to Finsbury Circus, Liverpool Street"
"LINESTRING (-0.118295 51.52728,-0.086685 51.517075", "From Ampton Street , Clerkenwell to Finsbury Circus, Liverpool Street"
"LINESTRING (-0.087262 51.506304,-0.086685 51.517075", "From Duke Street Hill, London Bridge to Finsbury Circus, Liverpool Street"
"LINESTRING (-0.05438 51.520019,-0.086685 51.517075", "From Ansell House, Stepney to Finsbury Circus, Liverpool Street"
"LINESTRING (-0.09885 51.515418,-0.086685 51.517075", "From Newgate Street , St. Paul's to Finsbury Circus, Liverpool Street"
"LINESTRING (-0.058826 51.54119,-0.086685 51.517075", "From London Fields, Hackney Central to Finsbury Circus, Liverpool Street"
"LINESTRING (-0.062546 51.535678,-0.086685 51.517075", "From Regent's Row , Haggerston to Finsbury Circus, Liverpool Street"
"LINESTRING (-0.0985 51.51601,-0.086685 51.517075", "From King Edward Street, St Pauls to Finsbury Circus, Liverpool Street"
"LINESTRING (-0.086379 51.534042,-0.086685 51.517075", "From Shoreditch Park, Hoxton to Finsbury Circus, Liverpool Street"
"LINESTRING (-0.09315 51.53356,-0.086685 51.517075", "From Eagle Wharf Road, Hoxton to Finsbury Circus, Liverpool Street"
"LINESTRING (-0.108322 51.510981,-0.086685 51.517075", "From Temple Gardens, Temple to Finsbury Circus, Liverpool Street"
"LINESTRING (-0.078505 51.53095,-0.086685 51.517075", "From Falkirk Street, Hoxton to Finsbury Circus, Liverpool Street"
"LINESTRING (-0.065076 51.52388,-0.086685 51.517075", "From Cheshire Street, Bethnal Green to Finsbury Circus, Liverpool Street"
"LINESTRING (-0.029138 51.516196,-0.086685 51.517075", "From Burdett Road, Mile End to Finsbury Circus, Liverpool Street"
"LINESTRING (-0.109025 51.534408,-0.086685 51.517075", "From Cloudesley Road, Angel to Finsbury Circus, Liverpool Street"
"LINESTRING (-0.007542 51.493381,-0.086685 51.517075", "From Jubilee Crescent, Cubitt Town to Finsbury Circus, Liverpool Street"
"LINESTRING (-0.103604 51.517334,-0.086685 51.517075", "From Snow Hill, Farringdon to Finsbury Circus, Liverpool Street"
"LINESTRING (-0.099489 51.524868,-0.086685 51.517075", "From Sadlers Sports Centre, Finsbury to Finsbury Circus, Liverpool Street"
"LINESTRING (-0.112824 51.503791,-0.086685 51.517075", "From Waterloo Station 3, Waterloo to Finsbury Circus, Liverpool Street"
"LINESTRING (-0.10527 51.515809,-0.086685 51.517075", "From Stonecutter Street, Holborn to Finsbury Circus, Liverpool Street"
"LINESTRING (-0.083159 51.500889,-0.086685 51.517075", "From Tyers Gate, Bermondsey to Finsbury Circus, Liverpool Street"
"LINESTRING (-0.160854 51.535892,-0.086685 51.517075", "From Prince Albert Road, The Regent's Park to Finsbury Circus, Liverpool Street"
"LINESTRING (-0.147983 51.519167,-0.086685 51.517075", "From New Cavendish Street, Marylebone to Finsbury Circus, Liverpool Street"
"LINESTRING (-0.151296 51.50923,-0.086685 51.517075", "From South Audley Street, Mayfair to Finsbury Circus, Liverpool Street"
"LINESTRING (-0.029138 51.516196,-0.086685 51.517075", "From Burdett Road, Mile End to Finsbury Circus, Liverpool Street"
"LINESTRING (-0.097122 51.529423,-0.086685 51.517075", "From Macclesfield Rd, St Lukes to Finsbury Circus, Liverpool Street"
"LINESTRING (-0.106823 51.508033,-0.086685 51.517075", "From Sea Containers, South Bank to Finsbury Circus, Liverpool Street"
"LINESTRING (-0.115375 51.460232,-0.086685 51.517075", "From Saltoun Road, Brixton to Finsbury Circus, Liverpool Street"
"LINESTRING (-0.17581 51.517335,-0.086685 51.517075", "From South Wharf Road, Paddington to Finsbury Circus, Liverpool Street"
"LINESTRING (-0.09885 51.515418,-0.086685 51.517075", "From Newgate Street , St. Paul's to Finsbury Circus, Liverpool Street"
"LINESTRING (-0.096496 51.517821,-0.086685 51.517075", "From Museum of London, Barbican to Finsbury Circus, Liverpool Street"
"LINESTRING (-0.053558 51.511066,-0.086685 51.517075", "From Sutton Street, Shadwell to Finsbury Circus, Liverpool Street"
"LINESTRING (-0.129697 51.509087,-0.086685 51.517075", "From St. Martin's Street, West End to Finsbury Circus, Liverpool Street"
"LINESTRING (-0.111435 51.48894,-0.086685 51.517075", "From Kennington Cross, Kennington to Finsbury Circus, Liverpool Street"
"LINESTRING (-0.098031 51.505224,-0.086685 51.517075", "From Lavington Street, Bankside to Finsbury Circus, Liverpool Street"
"LINESTRING (-0.066035 51.531864,-0.086685 51.517075", "From Goldsmith's Row, Haggerston to Finsbury Circus, Liverpool Street"
"LINESTRING (-0.099981 51.532661,-0.086685 51.517075", "From Graham Street, Angel to Finsbury Circus, Liverpool Street"
"LINESTRING (-0.067937 51.51793,-0.086685 51.517075", "From Old Montague Street, Whitechapel to Finsbury Circus, Liverpool Street"
"LINESTRING (-0.122502 51.523951,-0.086685 51.517075", "From Brunswick Square, Bloomsbury to Finsbury Circus, Liverpool Street"
"LINESTRING (-0.106408 51.530515,-0.086685 51.517075", "From Chadwell Street, Angel to Finsbury Circus, Liverpool Street"
"LINESTRING (-0.062546 51.535678,-0.086685 51.517075", "From Regent's Row , Haggerston to Finsbury Circus, Liverpool Street"
"LINESTRING (-0.11655 51.51824,-0.086685 51.517075", "From Red Lion Street, Holborn to Finsbury Circus, Liverpool Street"
"LINESTRING (-0.100791 51.518218,-0.086685 51.517075", "From West Smithfield Rotunda, Farringdon to Finsbury Circus, Liverpool Street"
"LINESTRING (-0.108657 51.51795,-0.086685 51.517075", "From Holborn Circus, Holborn to Finsbury Circus, Liverpool Street"
"LINESTRING (-0.103078 51.511934,-0.086685 51.517075", "From Blackfriars Station, St. Paul's to Finsbury Circus, Liverpool Street"
"LINESTRING (-0.10044 51.498898,-0.086685 51.517075", "From Borough Road, Elephant & Castle to Finsbury Circus, Liverpool Street"
"LINESTRING (-0.058826 51.54119,-0.086685 51.517075", "From London Fields, Hackney Central to Finsbury Circus, Liverpool Street"
"LINESTRING (-0.121723 51.510701,-0.086685 51.517075", "From Southampton Street, Strand to Finsbury Circus, Liverpool Street"
"LINESTRING (-0.105312 51.504043,-0.086685 51.517075", "From Southwark Station 1, Southwark to Finsbury Circus, Liverpool Street"
"LINESTRING (-0.106237 51.507244,-0.086685 51.517075", "From Milroy Walk, South Bank to Finsbury Circus, Liverpool Street"
"LINESTRING (-0.158264 51.514577,-0.086685 51.517075", "From Old Quebec Street, Marylebone to Finsbury Circus, Liverpool Street"
"LINESTRING (-0.11548 51.528915,-0.086685 51.517075", "From Great Percy Street, Clerkenwell to Finsbury Circus, Liverpool Street"
"LINESTRING (-0.079201 51.537277,-0.086685 51.517075", "From Hertford Road, De Beauvoir Town to Finsbury Circus, Liverpool Street"
"LINESTRING (-0.06691 51.507131,-0.086685 51.517075", "From Nesham Street, Wapping to Finsbury Circus, Liverpool Street"
"LINESTRING (-0.102757 51.536384,-0.086685 51.517075", "From Islington Green, Angel to Finsbury Circus, Liverpool Street"
"LINESTRING (-0.112824 51.503791,-0.086685 51.517075", "From Waterloo Station 3, Waterloo to Finsbury Circus, Liverpool Street"
"LINESTRING (-0.073537 51.514233,-0.086685 51.517075", "From Braham Street, Aldgate to Finsbury Circus, Liverpool Street"
"LINESTRING (-0.083632 51.502153,-0.086685 51.517075", "From Snowsfields, London Bridge to Finsbury Circus, Liverpool Street"
"LINESTRING (-0.114079 51.522264,-0.086685 51.517075", "From Northington Street , Holborn to Finsbury Circus, Liverpool Street"
"LINESTRING (-0.138231 51.525542,-0.086685 51.517075", "From Hampstead Road, Euston to Finsbury Circus, Liverpool Street"
"LINESTRING (-0.104724 51.52836,-0.086685 51.517075", "From St. John Street, Finsbury to Finsbury Circus, Liverpool Street"
"LINESTRING (-0.097122 51.529423,-0.086685 51.517075", "From Macclesfield Rd, St Lukes to Finsbury Circus, Liverpool Street"
"LINESTRING (-0.06691 51.507131,-0.086685 51.517075", "From Nesham Street, Wapping to Finsbury Circus, Liverpool Street"
"LINESTRING (-0.113426 51.503919,-0.086685 51.517075", "From Waterloo Station 2, Waterloo to Finsbury Circus, Liverpool Street"
"LINESTRING (-0.017676 51.503083,-0.086685 51.517075", "From Upper Bank Street, Canary Wharf to Finsbury Circus, Liverpool Street"
"LINESTRING (-0.104708 51.52326,-0.154701 51.520583", "From Clerkenwell Green, Clerkenwell to Paddington Street, Marylebone"
"LINESTRING (-0.209494 51.498157,-0.154701 51.520583", "From Kensington Olympia Station, Olympia to Paddington Street, Marylebone"
"LINESTRING (-0.131161 51.52505,-0.154701 51.520583", "From Taviton Street, Bloomsbury to Paddington Street, Marylebone"
"LINESTRING (-0.143613 51.523518,-0.154701 51.520583", "From Bolsover Street, Fitzrovia to Paddington Street, Marylebone"
"LINESTRING (-0.131161 51.52505,-0.154701 51.520583", "From Taviton Street, Bloomsbury to Paddington Street, Marylebone"
"LINESTRING (-0.108657 51.51795,-0.154701 51.520583", "From Holborn Circus, Holborn to Paddington Street, Marylebone"
"LINESTRING (-0.132053 51.518587,-0.154701 51.520583", "From Bayley Street , Bloomsbury to Paddington Street, Marylebone"
"LINESTRING (-0.112031 51.49914,-0.154701 51.520583", "From Lambeth North Station, Waterloo to Paddington Street, Marylebone"
"LINESTRING (-0.190393 51.490163,-0.154701 51.520583", "From Bramham Gardens, Earl's Court to Paddington Street, Marylebone"
"LINESTRING (-0.120202 51.523346,-0.154701 51.520583", "From Guilford Street , Bloomsbury to Paddington Street, Marylebone"
"LINESTRING (-0.144228 51.518117,-0.154701 51.520583", "From Broadcasting House, Marylebone to Paddington Street, Marylebone"
"LINESTRING (-0.115851 51.505044,-0.154701 51.520583", "From Concert Hall Approach 1, South Bank to Paddington Street, Marylebone"
"LINESTRING (-0.13214 51.519572,-0.154701 51.520583", "From Store Street, Bloomsbury to Paddington Street, Marylebone"
"LINESTRING (-0.128279 51.5293,-0.154701 51.520583", "From Ossulston Street, Somers Town to Paddington Street, Marylebone"
"LINESTRING (-0.169249 51.515953,-0.154701 51.520583", "From Southwick Street, Paddington to Paddington Street, Marylebone"
"LINESTRING (-0.132053 51.518587,-0.154701 51.520583", "From Bayley Street , Bloomsbury to Paddington Street, Marylebone"
"LINESTRING (-0.176268 51.524826,-0.154701 51.520583", "From Aberdeen Place, St. John's Wood to Paddington Street, Marylebone"
"LINESTRING (-0.119123 51.519435,-0.154701 51.520583", "From Red Lion Square, Holborn to Paddington Street, Marylebone"
"LINESTRING (-0.144228 51.518117,-0.154701 51.520583", "From Broadcasting House, Marylebone to Paddington Street, Marylebone"
"LINESTRING (-0.194116 51.479932,-0.154701 51.520583", "From Fulham Broadway, Walham Green to Paddington Street, Marylebone"
"LINESTRING (-0.214749 51.473036,-0.154701 51.520583", "From Bishop's Avenue, Fulham to Paddington Street, Marylebone"
"LINESTRING (-0.138019 51.524438,-0.154701 51.520583", "From Warren Street Station, Euston to Paddington Street, Marylebone"
"LINESTRING (-0.025996 51.509303,-0.154701 51.520583", "From Westferry DLR, Limehouse to Paddington Street, Marylebone"
"LINESTRING (-0.123179 51.506543,-0.154701 51.520583", "From Whitehall Place, Strand to Paddington Street, Marylebone"
"LINESTRING (-0.15934 51.500241,-0.154701 51.520583", "From Harriet Street, Knightsbridge to Paddington Street, Marylebone"
"LINESTRING (-0.088542 51.527025,-0.154701 51.520583", "From Baldwin Street, St. Luke's to Paddington Street, Marylebone"
"LINESTRING (-0.106408 51.530515,-0.154701 51.520583", "From Chadwell Street, Angel to Paddington Street, Marylebone"
"LINESTRING (-0.109256 51.526443,-0.154701 51.520583", "From Tysoe Street, Clerkenwell to Paddington Street, Marylebone"
"LINESTRING (-0.144228 51.518117,-0.154701 51.520583", "From Broadcasting House, Marylebone to Paddington Street, Marylebone"
"LINESTRING (-0.149551 51.477619,-0.120202 51.523346", "From Queen's Circus, Battersea Park to Guilford Street , Bloomsbury"
"LINESTRING (-0.082422 51.516154,-0.120202 51.523346", "From Wormwood Street, Liverpool Street to Guilford Street , Bloomsbury"
"LINESTRING (-0.130431 51.52168,-0.120202 51.523346", "From Malet Street, Bloomsbury to Guilford Street , Bloomsbury"
"LINESTRING (-0.138231 51.525542,-0.120202 51.523346", "From Hampstead Road, Euston to Guilford Street , Bloomsbury"
"LINESTRING (-0.123616 51.529943,-0.120202 51.523346", "From Belgrove Street , King's Cross to Guilford Street , Bloomsbury"
"LINESTRING (-0.123616 51.529943,-0.120202 51.523346", "From Belgrove Street , King's Cross to Guilford Street , Bloomsbury"
"LINESTRING (-0.132328 51.515631,-0.120202 51.523346", "From Soho Square , Soho to Guilford Street , Bloomsbury"
"LINESTRING (-0.131161 51.52505,-0.120202 51.523346", "From Taviton Street, Bloomsbury to Guilford Street , Bloomsbury"
"LINESTRING (-0.157436 51.512276,-0.120202 51.523346", "From Green Street, Mayfair to Guilford Street , Bloomsbury"
"LINESTRING (-0.154701 51.520583,-0.120202 51.523346", "From Paddington Street, Marylebone to Guilford Street , Bloomsbury"
"LINESTRING (-0.102208 51.526153,-0.120202 51.523346", "From Percival Street, Finsbury to Guilford Street , Bloomsbury"
"LINESTRING (-0.09885 51.515418,-0.120202 51.523346", "From Newgate Street , St. Paul's to Guilford Street , Bloomsbury"
"LINESTRING (-0.130504 51.526838,-0.120202 51.523346", "From Endsleigh Gardens, Euston to Guilford Street , Bloomsbury"
"LINESTRING (-0.09885 51.515418,-0.120202 51.523346", "From Newgate Street , St. Paul's to Guilford Street , Bloomsbury"
"LINESTRING (-0.099994 51.522853,-0.120202 51.523346", "From Berry Street, Clerkenwell to Guilford Street , Bloomsbury"
"LINESTRING (-0.135777 51.51953,-0.120202 51.523346", "From Charlotte Street, Fitzrovia to Guilford Street , Bloomsbury"
"LINESTRING (-0.123616 51.529943,-0.120202 51.523346", "From Belgrove Street , King's Cross to Guilford Street , Bloomsbury"
"LINESTRING (-0.04667 51.521889,-0.120202 51.523346", "From Stepney Green Station, Stepney to Guilford Street , Bloomsbury"
"LINESTRING (-0.106823 51.508033,-0.120202 51.523346", "From Sea Containers, South Bank to Guilford Street , Bloomsbury"
"LINESTRING (-0.109256 51.526443,-0.120202 51.523346", "From Tysoe Street, Clerkenwell to Guilford Street , Bloomsbury"
"LINESTRING (-0.162298 51.522511,-0.120202 51.523346", "From Boston Place, Marylebone to Guilford Street , Bloomsbury"
"LINESTRING (-0.123616 51.529943,-0.120202 51.523346", "From Belgrove Street , King's Cross to Guilford Street , Bloomsbury"
"LINESTRING (-0.123509 51.52625,-0.120202 51.523346", "From Tavistock Place, Bloomsbury to Guilford Street , Bloomsbury"
"LINESTRING (-0.088285 51.519069,-0.120202 51.523346", "From Moorfields, Moorgate to Guilford Street , Bloomsbury"
"LINESTRING (-0.179668 51.511654,-0.120202 51.523346", "From Lancaster Gate , Bayswater to Guilford Street , Bloomsbury"
"LINESTRING (-0.113426 51.503919,-0.120202 51.523346", "From Waterloo Station 2, Waterloo to Guilford Street , Bloomsbury"
"LINESTRING (-0.120973 51.530059,-0.120202 51.523346", "From St. Chad's Street, King's Cross to Guilford Street , Bloomsbury"
"LINESTRING (-0.077121 51.511594,-0.120202 51.523346", "From Crosswall, Tower to Guilford Street , Bloomsbury"
"LINESTRING (-0.099981 51.532661,-0.120202 51.523346", "From Graham Street, Angel to Guilford Street , Bloomsbury"
"LINESTRING (-0.161113 51.522596,-0.120202 51.523346", "From Dorset Square, Marylebone to Guilford Street , Bloomsbury"
"LINESTRING (-0.123616 51.529943,-0.120202 51.523346", "From Belgrove Street , King's Cross to Guilford Street , Bloomsbury"
"LINESTRING (-0.131213 51.513103,-0.120202 51.523346", "From Frith Street, Soho to Guilford Street , Bloomsbury"
"LINESTRING (-0.077121 51.511594,-0.120202 51.523346", "From Crosswall, Tower to Guilford Street , Bloomsbury"
"LINESTRING (-0.147804 51.461376,-0.120202 51.523346", "From Victoria Rise, Clapham Common to Guilford Street , Bloomsbury"
"LINESTRING (-0.147449 51.509351,-0.120202 51.523346", "From Farm Street, Mayfair to Guilford Street , Bloomsbury"
"LINESTRING (-0.13544 51.497829,-0.120202 51.523346", "From Butler Place, Westminster to Guilford Street , Bloomsbury"
"LINESTRING (-0.084605 51.521283,-0.120202 51.523346", "From Christopher Street, Liverpool Street to Guilford Street , Bloomsbury"
"LINESTRING (-0.088285 51.519069,-0.120202 51.523346", "From Moorfields, Moorgate to Guilford Street , Bloomsbury"
"LINESTRING (-0.104298 51.526717,-0.120202 51.523346", "From Finsbury Library , Finsbury to Guilford Street , Bloomsbury"
"LINESTRING (-0.073537 51.514233,-0.120202 51.523346", "From Braham Street, Aldgate to Guilford Street , Bloomsbury"
"LINESTRING (-0.026262 51.536039,-0.120202 51.523346", "From Wendon Street, Old Ford to Guilford Street , Bloomsbury"
"LINESTRING (-0.085634 51.520962,-0.120202 51.523346", "From Finsbury Square , Moorgate to Guilford Street , Bloomsbury"
"LINESTRING (-0.125078 51.534667,-0.120202 51.523346", "From Good's Way, King's Cross to Guilford Street , Bloomsbury"
"LINESTRING (-0.097122 51.529423,-0.120202 51.523346", "From Macclesfield Rd, St Lukes to Guilford Street , Bloomsbury"
"LINESTRING (-0.112432 51.526599,-0.120202 51.523346", "From Margery Street, Clerkenwell to Guilford Street , Bloomsbury"
"LINESTRING (-0.131861 51.527068,-0.120202 51.523346", "From Euston Square Gardens, Euston to Guilford Street , Bloomsbury"
"LINESTRING (-0.130431 51.52168,-0.120202 51.523346", "From Malet Street, Bloomsbury to Guilford Street , Bloomsbury"
"LINESTRING (-0.132053 51.518587,-0.120202 51.523346", "From Bayley Street , Bloomsbury to Guilford Street , Bloomsbury"
"LINESTRING (-0.06111 51.518675,-0.120202 51.523346", "From Royal London Hospital, Whitechapel to Guilford Street , Bloomsbury"
"LINESTRING (-0.063531 51.504719,-0.120202 51.523346", "From Hermitage Court, Wapping to Guilford Street , Bloomsbury"
"LINESTRING (-0.099994 51.522853,-0.120202 51.523346", "From Berry Street, Clerkenwell to Guilford Street , Bloomsbury"
"LINESTRING (-0.06111 51.518675,-0.120202 51.523346", "From Royal London Hospital, Whitechapel to Guilford Street , Bloomsbury"
"LINESTRING (-0.103078 51.511934,-0.120202 51.523346", "From Blackfriars Station, St. Paul's to Guilford Street , Bloomsbury"
"LINESTRING (-0.11258 51.473874,-0.120202 51.523346", "From Normandy Road, Stockwell to Guilford Street , Bloomsbury"
"LINESTRING (-0.058005 51.527152,-0.079248 51.524526", "From Pott Street, Bethnal Green to New Inn Yard, Shoreditch"
"LINESTRING (-0.058005 51.527152,-0.079248 51.524526", "From Pott Street, Bethnal Green to New Inn Yard, Shoreditch"
"LINESTRING (-0.094475 51.521747,-0.079248 51.524526", "From Golden Lane, Barbican to New Inn Yard, Shoreditch"
"LINESTRING (-0.132053 51.518587,-0.079248 51.524526", "From Bayley Street , Bloomsbury to New Inn Yard, Shoreditch"
"LINESTRING (-0.111257 51.514274,-0.079248 51.524526", "From Chancery Lane, Holborn to New Inn Yard, Shoreditch"
"LINESTRING (-0.081608 51.497855,-0.079248 51.524526", "From Bermondsey Street, Bermondsey to New Inn Yard, Shoreditch"
"LINESTRING (-0.075459 51.509506,-0.079248 51.524526", "From Tower Gardens , Tower to New Inn Yard, Shoreditch"
"LINESTRING (-0.069743 51.528222,-0.079248 51.524526", "From Wellington Row, Bethnal Green to New Inn Yard, Shoreditch"
"LINESTRING (-0.08497 51.50964,-0.079248 51.524526", "From Monument Street, Monument to New Inn Yard, Shoreditch"
"LINESTRING (-0.079248 51.524526,-0.079248 51.524526", "From New Inn Yard, Shoreditch to New Inn Yard, Shoreditch"
"LINESTRING (-0.042744 51.530326,-0.079248 51.524526", "From Twig Folly Bridge, Mile End to New Inn Yard, Shoreditch"
"LINESTRING (-0.13011 51.513527,-0.079248 51.524526", "From Moor Street, Soho to New Inn Yard, Shoreditch"
"LINESTRING (-0.102757 51.536384,-0.079248 51.524526", "From Islington Green, Angel to New Inn Yard, Shoreditch"
"LINESTRING (-0.069542 51.512363,-0.079248 51.524526", "From Leman Street, Aldgate to New Inn Yard, Shoreditch"
"LINESTRING (-0.021345 51.519265,-0.079248 51.524526", "From Furze Green, Bow to New Inn Yard, Shoreditch"
"LINESTRING (-0.09315 51.53356,-0.079248 51.524526", "From Eagle Wharf Road, Hoxton to New Inn Yard, Shoreditch"
"LINESTRING (-0.097122 51.529423,-0.079248 51.524526", "From Macclesfield Rd, St Lukes to New Inn Yard, Shoreditch"
"LINESTRING (-0.12335 51.51746,-0.079248 51.524526", "From Bury Place, Holborn to New Inn Yard, Shoreditch"
"LINESTRING (-0.117619 51.509943,-0.079248 51.524526", "From Somerset House, Strand to New Inn Yard, Shoreditch"
"LINESTRING (-0.068161 51.509786,-0.079248 51.524526", "From Dock Street, Wapping to New Inn Yard, Shoreditch"
"LINESTRING (-0.087262 51.506304,-0.079248 51.524526", "From Duke Street Hill, London Bridge to New Inn Yard, Shoreditch"
"LINESTRING (-0.075885 51.536585,-0.079248 51.524526", "From Dunston Road , Haggerston to New Inn Yard, Shoreditch"
"LINESTRING (-0.127854 51.517727,-0.079248 51.524526", "From Great Russell Street, Bloomsbury to New Inn Yard, Shoreditch"
"LINESTRING (-0.091773 51.504627,-0.079248 51.524526", "From Hop Exchange, The Borough to New Inn Yard, Shoreditch"
"LINESTRING (-0.023565 51.515427,-0.079248 51.524526", "From Stainsby Road , Poplar to New Inn Yard, Shoreditch"
"LINESTRING (-0.025626 51.511811,-0.079248 51.524526", "From Canton Street, Poplar to New Inn Yard, Shoreditch"
"LINESTRING (-0.145246 51.539957,-0.079248 51.524526", "From Arlington Road, Camden Town to New Inn Yard, Shoreditch"
"LINESTRING (-0.090847 51.525893,-0.079248 51.524526", "From Bath Street, St. Luke's to New Inn Yard, Shoreditch"
"LINESTRING (-0.079248 51.524526,-0.079248 51.524526", "From New Inn Yard, Shoreditch to New Inn Yard, Shoreditch"
"LINESTRING (-0.127854 51.517727,-0.079248 51.524526", "From Great Russell Street, Bloomsbury to New Inn Yard, Shoreditch"
"LINESTRING (-0.099489 51.524868,-0.079248 51.524526", "From Sadlers Sports Centre, Finsbury to New Inn Yard, Shoreditch"
"LINESTRING (-0.138231 51.525542,-0.079248 51.524526", "From Hampstead Road, Euston to New Inn Yard, Shoreditch"
"LINESTRING (-0.105344 51.515059,-0.079248 51.524526", "From St. Bride Street, Holborn to New Inn Yard, Shoreditch"
"LINESTRING (-0.09734 51.520841,-0.079248 51.524526", "From Aldersgate Street, Barbican to New Inn Yard, Shoreditch"
"LINESTRING (-0.102208 51.526153,-0.079248 51.524526", "From Percival Street, Finsbury to New Inn Yard, Shoreditch"
"LINESTRING (-0.069542 51.512363,-0.079248 51.524526", "From Leman Street, Aldgate to New Inn Yard, Shoreditch"
"LINESTRING (-0.096496 51.517821,-0.079248 51.524526", "From Museum of London, Barbican to New Inn Yard, Shoreditch"
"LINESTRING (-0.066035 51.531864,-0.079248 51.524526", "From Goldsmith's Row, Haggerston to New Inn Yard, Shoreditch"
"LINESTRING (-0.134407 51.526236,-0.079248 51.524526", "From Euston Road, Euston to New Inn Yard, Shoreditch"
"LINESTRING (-0.145246 51.539957,-0.17219 51.526448", "From Arlington Road, Camden Town to Lisson Grove, St. John's Wood"
"LINESTRING (-0.158264 51.514577,-0.17219 51.526448", "From Old Quebec Street, Marylebone to Lisson Grove, St. John's Wood"
"LINESTRING (-0.164207 51.517372,-0.17219 51.526448", "From Harrowby Street, Marylebone to Lisson Grove, St. John's Wood"
"LINESTRING (-0.085603 51.53095,-0.17219 51.526448", "From New North Road 1, Hoxton to Lisson Grove, St. John's Wood"
"LINESTRING (-0.142844 51.506613,-0.17219 51.526448", "From Green Park Station, Mayfair to Lisson Grove, St. John's Wood"
"LINESTRING (-0.161113 51.522596,-0.17219 51.526448", "From Dorset Square, Marylebone to Lisson Grove, St. John's Wood"
"LINESTRING (-0.163609 51.51809,-0.17219 51.526448", "From Shouldham Street, Marylebone to Lisson Grove, St. John's Wood"
"LINESTRING (-0.138019 51.524438,-0.17219 51.526448", "From Warren Street Station, Euston to Lisson Grove, St. John's Wood"
"LINESTRING (-0.145246 51.539957,-0.17219 51.526448", "From Arlington Road, Camden Town to Lisson Grove, St. John's Wood"
"LINESTRING (-0.142844 51.506613,-0.17219 51.526448", "From Green Park Station, Mayfair to Lisson Grove, St. John's Wood"
"LINESTRING (-0.115851 51.505044,-0.17219 51.526448", "From Concert Hall Approach 1, South Bank to Lisson Grove, St. John's Wood"
"LINESTRING (-0.148059 51.472865,-0.17219 51.526448", "From Silverthorne Road, Battersea to Lisson Grove, St. John's Wood"
"LINESTRING (-0.108657 51.51795,-0.17219 51.526448", "From Holborn Circus, Holborn to Lisson Grove, St. John's Wood"
"LINESTRING (-0.145246 51.539957,-0.17219 51.526448", "From Arlington Road, Camden Town to Lisson Grove, St. John's Wood"
"LINESTRING (-0.145246 51.539957,-0.17219 51.526448", "From Arlington Road, Camden Town to Lisson Grove, St. John's Wood"
"LINESTRING (-0.116542 51.504636,-0.17219 51.526448", "From Jubilee Gardens, South Bank to Lisson Grove, St. John's Wood"
"LINESTRING (-0.107987 51.517428,-0.089446 51.497382", "From New Fetter Lane, Holborn to Great Dover Street, The Borough"
"LINESTRING (-0.107987 51.517428,-0.089446 51.497382", "From New Fetter Lane, Holborn to Great Dover Street, The Borough"
"LINESTRING (-0.092762 51.500296,-0.089446 51.497382", "From Swan Street, The Borough to Great Dover Street, The Borough"
"LINESTRING (-0.136123 51.482362,-0.089446 51.497382", "From Riverlight North, Nine Elms to Great Dover Street, The Borough"
"LINESTRING (-0.098497 51.503688,-0.089446 51.497382", "From Union Street, The Borough to Great Dover Street, The Borough"
"LINESTRING (-0.069543 51.525645,-0.089446 51.497382", "From Granby Street, Shoreditch to Great Dover Street, The Borough"
"LINESTRING (-0.122203 51.534474,-0.089446 51.497382", "From Crinan Street, King's Cross to Great Dover Street, The Borough"
"LINESTRING (-0.102091 51.500693,-0.089446 51.497382", "From Webber Street , Southwark to Great Dover Street, The Borough"
"LINESTRING (-0.087262 51.506304,-0.089446 51.497382", "From Duke Street Hill, London Bridge to Great Dover Street, The Borough"
"LINESTRING (-0.100292 51.501732,-0.089446 51.497382", "From Great Suffolk Street, The Borough to Great Dover Street, The Borough"
"LINESTRING (-0.103137 51.506692,-0.089446 51.497382", "From Poured Lines, Bankside to Great Dover Street, The Borough"
"LINESTRING (-0.098031 51.505224,-0.089446 51.497382", "From Lavington Street, Bankside to Great Dover Street, The Borough"
"LINESTRING (-0.098031 51.505224,-0.089446 51.497382", "From Lavington Street, Bankside to Great Dover Street, The Borough"
"LINESTRING (-0.123616 51.529943,-0.089446 51.497382", "From Belgrove Street , King's Cross to Great Dover Street, The Borough"
"LINESTRING (-0.098497 51.503688,-0.089446 51.497382", "From Union Street, The Borough to Great Dover Street, The Borough"
"LINESTRING (-0.123823 51.501513,-0.089446 51.497382", "From Westminster Pier, Westminster to Great Dover Street, The Borough"
"LINESTRING (-0.112753 51.51501,-0.089446 51.497382", "From Carey Street, Holborn to Great Dover Street, The Borough"
"LINESTRING (-0.06142 51.532091,-0.089446 51.497382", "From Pritchard's Road, Bethnal Green to Great Dover Street, The Borough"
"LINESTRING (-0.111606 51.505569,-0.089446 51.497382", "From Stamford Street, South Bank to Great Dover Street, The Borough"
"LINESTRING (-0.10454 51.505461,-0.089446 51.497382", "From Blackfriars Road, Southwark to Great Dover Street, The Borough"
"LINESTRING (-0.116542 51.504636,-0.089446 51.497382", "From Jubilee Gardens, South Bank to Great Dover Street, The Borough"
"LINESTRING (-0.092762 51.500296,-0.089446 51.497382", "From Swan Street, The Borough to Great Dover Street, The Borough"
"LINESTRING (-0.100292 51.501732,-0.089446 51.497382", "From Great Suffolk Street, The Borough to Great Dover Street, The Borough"
"LINESTRING (-0.01051 51.54094,-0.089446 51.497382", "From Aquatic Centre, Queen Elizabeth Olympic Park to Great Dover Street, The Borough"
"LINESTRING (-0.111778 51.515937,-0.089446 51.497382", "From Breams Buildings, Holborn to Great Dover Street, The Borough"
"LINESTRING (-0.098341 51.505409,-0.089446 51.497382", "From Southwark Street, Bankside to Great Dover Street, The Borough"
"LINESTRING (-0.113864 51.504027,-0.089446 51.497382", "From Waterloo Station 1, Waterloo to Great Dover Street, The Borough"
"LINESTRING (-0.079249 51.518908,-0.089446 51.497382", "From Brushfield Street, Liverpool Street to Great Dover Street, The Borough"
"LINESTRING (-0.089446 51.497382,-0.089446 51.497382", "From Great Dover Street, The Borough to Great Dover Street, The Borough"
"LINESTRING (-0.113864 51.504027,-0.089446 51.497382", "From Waterloo Station 1, Waterloo to Great Dover Street, The Borough"
"LINESTRING (-0.09294 51.511553,-0.089446 51.497382", "From Queen Street 1, Bank to Great Dover Street, The Borough"
"LINESTRING (-0.102091 51.500693,-0.089446 51.497382", "From Webber Street , Southwark to Great Dover Street, The Borough"
"LINESTRING (-0.105593 51.488852,-0.106323 51.490757", "From Kennington Station, Kennington to Cotton Garden Estate, Kennington"
"LINESTRING (-0.113001 51.50486,-0.106323 51.490757", "From Waterloo Road, South Bank to Cotton Garden Estate, Kennington"
"LINESTRING (-0.124642 51.481747,-0.106323 51.490757", "From South Lambeth Road, Vauxhall to Cotton Garden Estate, Kennington"
"LINESTRING (-0.13151 51.509639,-0.106323 51.490757", "From Panton Street, West End to Cotton Garden Estate, Kennington"
"LINESTRING (-0.132102 51.498125,-0.106323 51.490757", "From Abbey Orchard Street, Westminster to Cotton Garden Estate, Kennington"
"LINESTRING (-0.102996 51.486929,-0.106323 51.490757", "From Doddington Grove, Kennington to Cotton Garden Estate, Kennington"
"LINESTRING (-0.086685 51.517075,-0.106323 51.490757", "From Finsbury Circus, Liverpool Street to Cotton Garden Estate, Kennington"
"LINESTRING (-0.116625 51.486965,-0.106323 51.490757", "From Vauxhall Street, Vauxhall to Cotton Garden Estate, Kennington"
"LINESTRING (-0.149569 51.50274,-0.106323 51.490757", "From Wellington Arch, Hyde Park to Cotton Garden Estate, Kennington"
"LINESTRING (-0.122219 51.51477,-0.106323 51.490757", "From Drury Lane, Covent Garden to Cotton Garden Estate, Kennington"
"LINESTRING (-0.116625 51.486965,-0.106323 51.490757", "From Vauxhall Street, Vauxhall to Cotton Garden Estate, Kennington"
"LINESTRING (-0.08497 51.50964,-0.106323 51.490757", "From Monument Street, Monument to Cotton Garden Estate, Kennington"
"LINESTRING (-0.094524 51.500694,-0.106323 51.490757", "From Borough High Street, The Borough to Cotton Garden Estate, Kennington"
"LINESTRING (-0.147714 51.483507,-0.106323 51.490757", "From Battersea Power Station, Battersea Park to Cotton Garden Estate, Kennington"
"LINESTRING (-0.131861 51.527068,-0.106323 51.490757", "From Euston Square Gardens, Euston to Cotton Garden Estate, Kennington"
"LINESTRING (-0.172078 51.482567,-0.106323 51.490757", "From Danvers Street, West Chelsea to Cotton Garden Estate, Kennington"
"LINESTRING (-0.087262 51.506304,-0.106323 51.490757", "From Duke Street Hill, London Bridge to Cotton Garden Estate, Kennington"
"LINESTRING (-0.111014 51.493686,-0.106323 51.490757", "From Walnut Tree Walk, Vauxhall to Cotton Garden Estate, Kennington"
"LINESTRING (-0.122492 51.486343,-0.106323 51.490757", "From Kennington Lane Rail Bridge, Vauxhall to Cotton Garden Estate, Kennington"
"LINESTRING (-0.18498 51.501737,-0.106323 51.490757", "From De Vere Gardens, Kensington to Cotton Garden Estate, Kennington"
"LINESTRING (-0.073955 51.526293,-0.106323 51.490757", "From Palissy Street, Shoreditch to Cotton Garden Estate, Kennington"
"LINESTRING (-0.074284 51.539328,-0.106323 51.490757", "From Haggerston Road, Haggerston to Cotton Garden Estate, Kennington"
"LINESTRING (-0.110889 51.495718,-0.106323 51.490757", "From Kennington Road  , Vauxhall to Cotton Garden Estate, Kennington"
"LINESTRING (-0.092921 51.494436,-0.106323 51.490757", "From New Kent Road, The Borough to Cotton Garden Estate, Kennington"
"LINESTRING (-0.122492 51.486343,-0.106323 51.490757", "From Kennington Lane Rail Bridge, Vauxhall to Cotton Garden Estate, Kennington"
"LINESTRING (-0.150908 51.47505,-0.106323 51.490757", "From Alfreda Street, Battersea Park to Cotton Garden Estate, Kennington"
"LINESTRING (-0.085634 51.520962,-0.089782 51.53089", "From Finsbury Square , Moorgate to Murray Grove , Hoxton"
"LINESTRING (-0.088285 51.519069,-0.089782 51.53089", "From Moorfields, Moorgate to Murray Grove , Hoxton"
"LINESTRING (-0.124469 51.485917,-0.089782 51.53089", "From Vauxhall Cross, Vauxhall to Murray Grove , Hoxton"
"LINESTRING (-0.090847 51.525893,-0.089782 51.53089", "From Bath Street, St. Luke's to Murray Grove , Hoxton"
"LINESTRING (-0.087587 51.514441,-0.089782 51.53089", "From Bank of England Museum, Bank to Murray Grove , Hoxton"
"LINESTRING (-0.07962 51.503493,-0.089782 51.53089", "From Tooley Street, Bermondsey to Murray Grove , Hoxton"
"LINESTRING (-0.08299 51.53213,-0.089782 51.53089", "From Pitfield Street Central, Hoxton to Murray Grove , Hoxton"
"LINESTRING (-0.085634 51.520962,-0.089782 51.53089", "From Finsbury Square , Moorgate to Murray Grove , Hoxton"
"LINESTRING (-0.108657 51.51795,-0.089782 51.53089", "From Holborn Circus, Holborn to Murray Grove , Hoxton"
"LINESTRING (-0.06555 51.528681,-0.089782 51.53089", "From Durant Street, Bethnal Green to Murray Grove , Hoxton"
"LINESTRING (-0.07813 51.526377,-0.089782 51.53089", "From Shoreditch High Street, Shoreditch to Murray Grove , Hoxton"
"LINESTRING (-0.096496 51.517821,-0.089782 51.53089", "From Museum of London, Barbican to Murray Grove , Hoxton"
"LINESTRING (-0.111257 51.514274,-0.089782 51.53089", "From Chancery Lane, Holborn to Murray Grove , Hoxton"
"LINESTRING (-0.124807 51.53724,-0.089782 51.53089", "From Handyside Street, King's Cross to Murray Grove , Hoxton"
"LINESTRING (-0.108028 51.518825,-0.089782 51.53089", "From Hatton Garden, Holborn to Murray Grove , Hoxton"
"LINESTRING (-0.122219 51.51477,-0.089782 51.53089", "From Drury Lane, Covent Garden to Murray Grove , Hoxton"
"LINESTRING (-0.086379 51.534042,-0.089782 51.53089", "From Shoreditch Park, Hoxton to Murray Grove , Hoxton"
"LINESTRING (-0.049591 51.53341,-0.089782 51.53089", "From Bonner Gate, Victoria Park to Murray Grove , Hoxton"
"LINESTRING (-0.078505 51.53095,-0.089782 51.53089", "From Falkirk Street, Hoxton to Murray Grove , Hoxton"
"LINESTRING (-0.106992 51.534504,-0.089782 51.53089", "From Liverpool Road (N1 Centre), Angel to Murray Grove , Hoxton"
"LINESTRING (-0.07813 51.526377,-0.089782 51.53089", "From Shoreditch High Street, Shoreditch to Murray Grove , Hoxton"
"LINESTRING (-0.116279 51.524564,-0.089782 51.53089", "From Wren Street, Holborn to Murray Grove , Hoxton"
"LINESTRING (-0.141923 51.489856,-0.124749 51.509462", "From Warwick Square, Pimlico to William IV Street, Strand"
"LINESTRING (-0.122219 51.51477,-0.124749 51.509462", "From Drury Lane, Covent Garden to William IV Street, Strand"
"LINESTRING (-0.145246 51.539957,-0.124749 51.509462", "From Arlington Road, Camden Town to William IV Street, Strand"
"LINESTRING (-0.126021 51.508103,-0.124749 51.509462", "From Craven Street, Strand to William IV Street, Strand"
"LINESTRING (-0.099141 51.512484,-0.124749 51.509462", "From Godliman Street, St. Paul's to William IV Street, Strand"
"LINESTRING (-0.133201 51.512515,-0.124749 51.509462", "From Wardour Street, Soho to William IV Street, Strand"
"LINESTRING (-0.138072 51.517344,-0.124749 51.509462", "From Wells Street, Fitzrovia to William IV Street, Strand"
"LINESTRING (-0.085814 51.495061,-0.124749 51.509462", "From Bricklayers Arms, Borough to William IV Street, Strand"
"LINESTRING (-0.137043 51.511897,-0.124749 51.509462", "From Golden Square, Soho to William IV Street, Strand"
"LINESTRING (-0.126021 51.508103,-0.124749 51.509462", "From Craven Street, Strand to William IV Street, Strand"
"LINESTRING (-0.111471 51.479601,-0.124749 51.509462", "From Cranmer Road, Stockwell to William IV Street, Strand"
"LINESTRING (-0.115057 51.512582,-0.124749 51.509462", "From Strand, Strand to William IV Street, Strand"
"LINESTRING (-0.132224 51.49206,-0.124749 51.509462", "From Regency Street, Westminster to William IV Street, Strand"
"LINESTRING (-0.194116 51.479932,-0.124749 51.509462", "From Fulham Broadway, Walham Green to William IV Street, Strand"
"LINESTRING (-0.114686 51.506133,-0.124749 51.509462", "From Belvedere Road 1, South Bank to William IV Street, Strand"
"LINESTRING (-0.148105 51.514759,-0.124749 51.509462", "From Marylebone Lane, Marylebone to William IV Street, Strand"
"LINESTRING (-0.209494 51.498157,-0.124749 51.509462", "From Kensington Olympia Station, Olympia to William IV Street, Strand"
"LINESTRING (-0.169249 51.515953,-0.124749 51.509462", "From Southwick Street, Paddington to William IV Street, Strand"
"LINESTRING (-0.090075 51.517842,-0.124749 51.509462", "From Fore Street, Guildhall to William IV Street, Strand"
"LINESTRING (-0.112031 51.49914,-0.124749 51.509462", "From Lambeth North Station, Waterloo to William IV Street, Strand"
"LINESTRING (-0.138535 51.538792,-0.124749 51.509462", "From St Martins Close, Camden Town to William IV Street, Strand"
"LINESTRING (-0.138072 51.517344,-0.124749 51.509462", "From Wells Street, Fitzrovia to William IV Street, Strand"
"LINESTRING (-0.093885 51.517008,-0.124749 51.509462", "From Wood Street, Guildhall to William IV Street, Strand"
"LINESTRING (-0.132328 51.515631,-0.124749 51.509462", "From Soho Square , Soho to William IV Street, Strand"
"LINESTRING (-0.074189 51.502279,-0.124749 51.509462", "From Curlew Street, Shad Thames to William IV Street, Strand"
"LINESTRING (-0.143495 51.509992,-0.124749 51.509462", "From Grafton Street, Mayfair to William IV Street, Strand"
"LINESTRING (-0.193487 51.513735,-0.124749 51.509462", "From Hereford Road, Bayswater to William IV Street, Strand"
"LINESTRING (-0.17581 51.517335,-0.124749 51.509462", "From South Wharf Road, Paddington to William IV Street, Strand"
"LINESTRING (-0.100791 51.518218,-0.124749 51.509462", "From West Smithfield Rotunda, Farringdon to William IV Street, Strand"
"LINESTRING (-0.133972 51.472993,-0.124749 51.509462", "From Union Grove, Wandsworth Road to William IV Street, Strand"
"LINESTRING (-0.099141 51.512484,-0.124749 51.509462", "From Godliman Street, St. Paul's to William IV Street, Strand"
"LINESTRING (-0.133201 51.512515,-0.124749 51.509462", "From Wardour Street, Soho to William IV Street, Strand"
"LINESTRING (-0.116625 51.486965,-0.124749 51.509462", "From Vauxhall Street, Vauxhall to William IV Street, Strand"
"LINESTRING (-0.096496 51.517821,-0.124749 51.509462", "From Museum of London, Barbican to William IV Street, Strand"
"LINESTRING (-0.096496 51.517821,-0.124749 51.509462", "From Museum of London, Barbican to William IV Street, Strand"
"LINESTRING (-0.09885 51.515418,-0.124749 51.509462", "From Newgate Street , St. Paul's to William IV Street, Strand"
"LINESTRING (-0.168917 51.497056,-0.124749 51.509462", "From Holy Trinity Brompton, Knightsbridge to William IV Street, Strand"
"LINESTRING (-0.128279 51.5293,-0.124749 51.509462", "From Ossulston Street, Somers Town to William IV Street, Strand"
"LINESTRING (-0.13151 51.509639,-0.124749 51.509462", "From Panton Street, West End to William IV Street, Strand"
"LINESTRING (-0.093913 51.496791,-0.124749 51.509462", "From Dickens Square, Borough to William IV Street, Strand"
"LINESTRING (-0.144165 51.510736,-0.124749 51.509462", "From Bruton Street, Mayfair to William IV Street, Strand"
"LINESTRING (-0.116628 51.500089,-0.124749 51.509462", "From Lambeth Palace Road, Waterloo to William IV Street, Strand"
"LINESTRING (-0.133201 51.512515,-0.124749 51.509462", "From Wardour Street, Soho to William IV Street, Strand"
"LINESTRING (-0.130504 51.526838,-0.124749 51.509462", "From Endsleigh Gardens, Euston to William IV Street, Strand"
"LINESTRING (-0.099141 51.512484,-0.124749 51.509462", "From Godliman Street, St. Paul's to William IV Street, Strand"
"LINESTRING (-0.138535 51.538792,-0.124749 51.509462", "From St Martins Close, Camden Town to William IV Street, Strand"
"LINESTRING (-0.183846 51.523344,-0.124749 51.509462", "From Warwick Avenue Station, Maida Vale to William IV Street, Strand"
"LINESTRING (-0.138231 51.525542,-0.124749 51.509462", "From Hampstead Road, Euston to William IV Street, Strand"
"LINESTRING (-0.137424 51.498865,-0.124749 51.509462", "From Buckingham Gate, Westminster to William IV Street, Strand"
"LINESTRING (-0.140947 51.49616,-0.124749 51.509462", "From Ashley Place, Victoria to William IV Street, Strand"
"LINESTRING (-0.176267 51.472876,-0.124749 51.509462", "From Vicarage Crescent, Battersea to William IV Street, Strand"
"LINESTRING (-0.13214 51.519572,-0.124749 51.509462", "From Store Street, Bloomsbury to William IV Street, Strand"
"LINESTRING (-0.138019 51.524438,-0.124749 51.509462", "From Warren Street Station, Euston to William IV Street, Strand"
"LINESTRING (-0.127575 51.495805,-0.124749 51.509462", "From Smith Square, Westminster to William IV Street, Strand"
"LINESTRING (-0.138019 51.524438,-0.124749 51.509462", "From Warren Street Station, Euston to William IV Street, Strand"
"LINESTRING (-0.142943 51.496863,-0.124749 51.509462", "From Allington Street, Victoria to William IV Street, Strand"
"LINESTRING (-0.169249 51.515953,-0.124749 51.509462", "From Southwick Street, Paddington to William IV Street, Strand"
"LINESTRING (-0.070542 51.505697,-0.124749 51.509462", "From St. Katharine's Way, Tower to William IV Street, Strand"
"LINESTRING (-0.194116 51.479932,-0.124749 51.509462", "From Fulham Broadway, Walham Green to William IV Street, Strand"
"LINESTRING (-0.120202 51.523346,-0.124749 51.509462", "From Guilford Street , Bloomsbury to William IV Street, Strand"
"LINESTRING (-0.191496 51.503157,-0.124749 51.509462", "From Kensington Church Street, Kensington to William IV Street, Strand"
"LINESTRING (-0.11548 51.528915,-0.124749 51.509462", "From Great Percy Street, Clerkenwell to William IV Street, Strand"
"LINESTRING (-0.122299 51.530199,-0.124749 51.509462", "From Birkenhead Street, King's Cross to William IV Street, Strand"
"LINESTRING (-0.130504 51.526838,-0.124749 51.509462", "From Endsleigh Gardens, Euston to William IV Street, Strand"
"LINESTRING (-0.134407 51.526236,-0.124749 51.509462", "From Euston Road, Euston to William IV Street, Strand"
"LINESTRING (-0.111606 51.505569,-0.124749 51.509462", "From Stamford Street, South Bank to William IV Street, Strand"
"LINESTRING (-0.116628 51.500089,-0.124749 51.509462", "From Lambeth Palace Road, Waterloo to William IV Street, Strand"
"LINESTRING (-0.13225 51.528833,-0.124749 51.509462", "From Doric Way , Somers Town to William IV Street, Strand"
"LINESTRING (-0.101536 51.49217,-0.108657 51.51795", "From Hampton Street, Walworth to Holborn Circus, Holborn"
"LINESTRING (-0.102757 51.536384,-0.108657 51.51795", "From Islington Green, Angel to Holborn Circus, Holborn"
"LINESTRING (-0.0786 51.500647,-0.108657 51.51795", "From Tanner Street, Bermondsey to Holborn Circus, Holborn"
"LINESTRING (-0.078869 51.521113,-0.108657 51.51795", "From Norton Folgate, Liverpool Street to Holborn Circus, Holborn"
"LINESTRING (-0.144466 51.528302,-0.108657 51.51795", "From Albany Street, The Regent's Park to Holborn Circus, Holborn"
"LINESTRING (-0.10997 51.529163,-0.108657 51.51795", "From River Street , Clerkenwell to Holborn Circus, Holborn"
"LINESTRING (-0.112824 51.503791,-0.108657 51.51795", "From Waterloo Station 3, Waterloo to Holborn Circus, Holborn"
"LINESTRING (-0.142783 51.51196,-0.108657 51.51795", "From St. George Street, Mayfair to Holborn Circus, Holborn"
"LINESTRING (-0.100791 51.518218,-0.108657 51.51795", "From West Smithfield Rotunda, Farringdon to Holborn Circus, Holborn"
"LINESTRING (-0.124826 51.516226,-0.108657 51.51795", "From High Holborn , Covent Garden to Holborn Circus, Holborn"
"LINESTRING (-0.075375 51.528187,-0.108657 51.51795", "From Columbia Road, Shoreditch to Holborn Circus, Holborn"
"LINESTRING (-0.174653 51.527294,-0.108657 51.51795", "From St. John's Wood Road, St. John's Wood to Holborn Circus, Holborn"
"LINESTRING (-0.109256 51.526443,-0.108657 51.51795", "From Tysoe Street, Clerkenwell to Holborn Circus, Holborn"
"LINESTRING (-0.161113 51.522596,-0.108657 51.51795", "From Dorset Square, Marylebone to Holborn Circus, Holborn"
"LINESTRING (-0.09315 51.53356,-0.108657 51.51795", "From Eagle Wharf Road, Hoxton to Holborn Circus, Holborn"
"LINESTRING (-0.142844 51.506613,-0.108657 51.51795", "From Green Park Station, Mayfair to Holborn Circus, Holborn"
"LINESTRING (-0.058826 51.54119,-0.108657 51.51795", "From London Fields, Hackney Central to Holborn Circus, Holborn"
"LINESTRING (-0.165842 51.522029,-0.108657 51.51795", "From Bell Street , Marylebone to Holborn Circus, Holborn"
"LINESTRING (-0.09294 51.511553,-0.108657 51.51795", "From Queen Street 1, Bank to Holborn Circus, Holborn"
"LINESTRING (-0.167515 51.530529,-0.108657 51.51795", "From St. John's Wood Church, The Regent's Park to Holborn Circus, Holborn"
"LINESTRING (-0.09294 51.511553,-0.108657 51.51795", "From Queen Street 1, Bank to Holborn Circus, Holborn"
"LINESTRING (-0.109256 51.526443,-0.108657 51.51795", "From Tysoe Street, Clerkenwell to Holborn Circus, Holborn"
"LINESTRING (-0.160854 51.535892,-0.108657 51.51795", "From Prince Albert Road, The Regent's Park to Holborn Circus, Holborn"
"LINESTRING (-0.09294 51.511553,-0.108657 51.51795", "From Queen Street 1, Bank to Holborn Circus, Holborn"
"LINESTRING (-0.092762 51.500296,-0.108657 51.51795", "From Swan Street, The Borough to Holborn Circus, Holborn"
"LINESTRING (-0.130504 51.526838,-0.108657 51.51795", "From Endsleigh Gardens, Euston to Holborn Circus, Holborn"
"LINESTRING (-0.124807 51.53724,-0.108657 51.51795", "From Handyside Street, King's Cross to Holborn Circus, Holborn"
"LINESTRING (-0.106992 51.534504,-0.108657 51.51795", "From Liverpool Road (N1 Centre), Angel to Holborn Circus, Holborn"
"LINESTRING (-0.06691 51.507131,-0.108657 51.51795", "From Nesham Street, Wapping to Holborn Circus, Holborn"
"LINESTRING (-0.104708 51.52326,-0.108657 51.51795", "From Clerkenwell Green, Clerkenwell to Holborn Circus, Holborn"
"LINESTRING (-0.076793 51.513406,-0.108657 51.51795", "From Jewry Street, Aldgate to Holborn Circus, Holborn"
"LINESTRING (-0.11655 51.51824,-0.108657 51.51795", "From Red Lion Street, Holborn to Holborn Circus, Holborn"
"LINESTRING (-0.093421 51.529154,-0.108657 51.51795", "From Windsor Terrace, Hoxton to Holborn Circus, Holborn"
"LINESTRING (-0.141327 51.520253,-0.108657 51.51795", "From Great Titchfield Street, Fitzrovia to Holborn Circus, Holborn"
"LINESTRING (-0.099489 51.524868,-0.108657 51.51795", "From Sadlers Sports Centre, Finsbury to Holborn Circus, Holborn"
"LINESTRING (-0.112824 51.503791,-0.108657 51.51795", "From Waterloo Station 3, Waterloo to Holborn Circus, Holborn"
"LINESTRING (-0.112824 51.503791,-0.108657 51.51795", "From Waterloo Station 3, Waterloo to Holborn Circus, Holborn"
"LINESTRING (-0.05438 51.520019,-0.108657 51.51795", "From Ansell House, Stepney to Holborn Circus, Holborn"
"LINESTRING (-0.116493 51.477839,-0.108657 51.51795", "From Caldwell Street, Stockwell to Holborn Circus, Holborn"
"LINESTRING (-0.171103 51.518268,-0.108657 51.51795", "From St Mary's Hospital, Paddington to Holborn Circus, Holborn"
"LINESTRING (-0.082422 51.516154,-0.108657 51.51795", "From Wormwood Street, Liverpool Street to Holborn Circus, Holborn"
"LINESTRING (-0.112824 51.503791,-0.108657 51.51795", "From Waterloo Station 3, Waterloo to Holborn Circus, Holborn"
"LINESTRING (-0.079249 51.518908,-0.108657 51.51795", "From Brushfield Street, Liverpool Street to Holborn Circus, Holborn"
"LINESTRING (-0.06691 51.507131,-0.108657 51.51795", "From Nesham Street, Wapping to Holborn Circus, Holborn"
"LINESTRING (-0.027772 51.505703,-0.108657 51.51795", "From Westferry Circus, Canary Wharf to Holborn Circus, Holborn"
"LINESTRING (-0.005659 51.513548,-0.108657 51.51795", "From Aberfeldy Street, Poplar to Holborn Circus, Holborn"
"LINESTRING (-0.113864 51.504027,-0.108657 51.51795", "From Waterloo Station 1, Waterloo to Holborn Circus, Holborn"
"LINESTRING (-0.114079 51.522264,-0.108657 51.51795", "From Northington Street , Holborn to Holborn Circus, Holborn"
"LINESTRING (-0.123616 51.529943,-0.108657 51.51795", "From Belgrove Street , King's Cross to Holborn Circus, Holborn"
"LINESTRING (-0.089782 51.53089,-0.108657 51.51795", "From Murray Grove , Hoxton to Holborn Circus, Holborn"
"LINESTRING (-0.113864 51.504027,-0.108657 51.51795", "From Waterloo Station 1, Waterloo to Holborn Circus, Holborn"
"LINESTRING (-0.085634 51.520962,-0.108657 51.51795", "From Finsbury Square , Moorgate to Holborn Circus, Holborn"
"LINESTRING (-0.066035 51.531864,-0.108657 51.51795", "From Goldsmith's Row, Haggerston to Holborn Circus, Holborn"
"LINESTRING (-0.09315 51.53356,-0.108657 51.51795", "From Eagle Wharf Road, Hoxton to Holborn Circus, Holborn"
"LINESTRING (-0.117661 51.482678,-0.108657 51.51795", "From Ashmole Estate, Oval to Holborn Circus, Holborn"
"LINESTRING (-0.066035 51.531864,-0.108657 51.51795", "From Goldsmith's Row, Haggerston to Holborn Circus, Holborn"
"LINESTRING (-0.094524 51.500694,-0.108657 51.51795", "From Borough High Street, The Borough to Holborn Circus, Holborn"
"LINESTRING (-0.112432 51.526599,-0.108657 51.51795", "From Margery Street, Clerkenwell to Holborn Circus, Holborn"
"LINESTRING (-0.174411 51.511933,-0.108657 51.51795", "From Bayswater Road, Hyde Park to Holborn Circus, Holborn"
"LINESTRING (-0.112824 51.503791,-0.108657 51.51795", "From Waterloo Station 3, Waterloo to Holborn Circus, Holborn"
"LINESTRING (-0.032566 51.520597,-0.108657 51.51795", "From Mile End Park Leisure Centre, Mile End to Holborn Circus, Holborn"
"LINESTRING (-0.05438 51.520019,-0.108657 51.51795", "From Ansell House, Stepney to Holborn Circus, Holborn"
"LINESTRING (-0.140485 51.519181,-0.108657 51.51795", "From Foley Street, Fitzrovia to Holborn Circus, Holborn"
"LINESTRING (-0.093051 51.511246,-0.108657 51.51795", "From Queen Street 2, Bank to Holborn Circus, Holborn"
"LINESTRING (-0.130504 51.526838,-0.108657 51.51795", "From Endsleigh Gardens, Euston to Holborn Circus, Holborn"
"LINESTRING (-0.162298 51.522511,-0.108657 51.51795", "From Boston Place, Marylebone to Holborn Circus, Holborn"
"LINESTRING (-0.123616 51.529943,-0.108657 51.51795", "From Belgrove Street , King's Cross to Holborn Circus, Holborn"
"LINESTRING (-0.163609 51.51809,-0.108657 51.51795", "From Shouldham Street, Marylebone to Holborn Circus, Holborn"
"LINESTRING (-0.113426 51.503919,-0.108657 51.51795", "From Waterloo Station 2, Waterloo to Holborn Circus, Holborn"
"LINESTRING (-0.149186 51.490491,-0.108657 51.51795", "From Ebury Bridge, Pimlico to Holborn Circus, Holborn"
"LINESTRING (-0.085814 51.495061,-0.108657 51.51795", "From Bricklayers Arms, Borough to Holborn Circus, Holborn"
"LINESTRING (-0.122502 51.523951,-0.108657 51.51795", "From Brunswick Square, Bloomsbury to Holborn Circus, Holborn"
"LINESTRING (-0.174593 51.520205,-0.108657 51.51795", "From Paddington Green, Paddington to Holborn Circus, Holborn"
"LINESTRING (-0.118295 51.52728,-0.108657 51.51795", "From Ampton Street , Clerkenwell to Holborn Circus, Holborn"
"LINESTRING (-0.112824 51.503791,-0.108657 51.51795", "From Waterloo Station 3, Waterloo to Holborn Circus, Holborn"
"LINESTRING (-0.090847 51.525893,-0.108657 51.51795", "From Bath Street, St. Luke's to Holborn Circus, Holborn"
"LINESTRING (-0.176268 51.524826,-0.108657 51.51795", "From Aberdeen Place, St. John's Wood to Holborn Circus, Holborn"
"LINESTRING (-0.088285 51.519069,-0.108657 51.51795", "From Moorfields, Moorgate to Holborn Circus, Holborn"
"LINESTRING (-0.161113 51.522596,-0.108657 51.51795", "From Dorset Square, Marylebone to Holborn Circus, Holborn"
"LINESTRING (-0.086685 51.517075,-0.108657 51.51795", "From Finsbury Circus, Liverpool Street to Holborn Circus, Holborn"
"LINESTRING (-0.122502 51.523951,-0.108657 51.51795", "From Brunswick Square, Bloomsbury to Holborn Circus, Holborn"
"LINESTRING (-0.106237 51.507244,-0.108657 51.51795", "From Milroy Walk, South Bank to Holborn Circus, Holborn"
"LINESTRING (-0.13225 51.528833,-0.108657 51.51795", "From Doric Way , Somers Town to Holborn Circus, Holborn"
"LINESTRING (-0.113426 51.503919,-0.108657 51.51795", "From Waterloo Station 2, Waterloo to Holborn Circus, Holborn"
"LINESTRING (-0.038775 51.516,-0.108657 51.51795", "From Aston Street, Stepney to Holborn Circus, Holborn"
"LINESTRING (-0.13225 51.528833,-0.108657 51.51795", "From Doric Way , Somers Town to Holborn Circus, Holborn"
"LINESTRING (-0.090847 51.525893,-0.108657 51.51795", "From Bath Street, St. Luke's to Holborn Circus, Holborn"
"LINESTRING (-0.13151 51.509639,-0.108657 51.51795", "From Panton Street, West End to Holborn Circus, Holborn"
"LINESTRING (-0.111435 51.48894,-0.108657 51.51795", "From Kennington Cross, Kennington to Holborn Circus, Holborn"
"LINESTRING (-0.110699 51.501444,-0.108657 51.51795", "From Baylis Road, Waterloo to Holborn Circus, Holborn"
"LINESTRING (-0.088285 51.519069,-0.108657 51.51795", "From Moorfields, Moorgate to Holborn Circus, Holborn"
"LINESTRING (-0.112824 51.503791,-0.108657 51.51795", "From Waterloo Station 3, Waterloo to Holborn Circus, Holborn"
"LINESTRING (-0.079249 51.518908,-0.108657 51.51795", "From Brushfield Street, Liverpool Street to Holborn Circus, Holborn"
"LINESTRING (-0.103078 51.511934,-0.108657 51.51795", "From Blackfriars Station, St. Paul's to Holborn Circus, Holborn"
"LINESTRING (-0.070133 51.515231,-0.108657 51.51795", "From Central House, Whitechapel to Holborn Circus, Holborn"
"LINESTRING (-0.113864 51.504027,-0.108657 51.51795", "From Waterloo Station 1, Waterloo to Holborn Circus, Holborn"
"LINESTRING (-0.089446 51.497382,-0.108657 51.51795", "From Great Dover Street, The Borough to Holborn Circus, Holborn"
"LINESTRING (-0.12335 51.51746,-0.108657 51.51795", "From Bury Place, Holborn to Holborn Circus, Holborn"
"LINESTRING (-0.10997 51.529163,-0.108657 51.51795", "From River Street , Clerkenwell to Holborn Circus, Holborn"
"LINESTRING (-0.112824 51.503791,-0.108657 51.51795", "From Waterloo Station 3, Waterloo to Holborn Circus, Holborn"
"LINESTRING (-0.154907 51.522481,-0.108657 51.51795", "From Westminster University, Marylebone to Holborn Circus, Holborn"
"LINESTRING (-0.183846 51.523344,-0.108657 51.51795", "From Warwick Avenue Station, Maida Vale to Holborn Circus, Holborn"
"LINESTRING (-0.110699 51.501444,-0.108657 51.51795", "From Baylis Road, Waterloo to Holborn Circus, Holborn"
"LINESTRING (-0.077121 51.511594,-0.108657 51.51795", "From Crosswall, Tower to Holborn Circus, Holborn"
"LINESTRING (-0.197245 51.497387,-0.108657 51.51795", "From Abingdon Villas, Kensington to Holborn Circus, Holborn"
"LINESTRING (-0.127854 51.517727,-0.108657 51.51795", "From Great Russell Street, Bloomsbury to Holborn Circus, Holborn"
"LINESTRING (-0.089782 51.53089,-0.108657 51.51795", "From Murray Grove , Hoxton to Holborn Circus, Holborn"
"LINESTRING (-0.112824 51.503791,-0.108657 51.51795", "From Waterloo Station 3, Waterloo to Holborn Circus, Holborn"
"LINESTRING (-0.082422 51.516154,-0.108657 51.51795", "From Wormwood Street, Liverpool Street to Holborn Circus, Holborn"
"LINESTRING (-0.073537 51.514233,-0.108657 51.51795", "From Braham Street, Aldgate to Holborn Circus, Holborn"
"LINESTRING (-0.113885 51.51165,-0.108657 51.51795", "From Arundel Street to Holborn Circus, Holborn"
"LINESTRING (-0.068856 51.521776,-0.108657 51.51795", "From Buxton Street 1, Shoreditch to Holborn Circus, Holborn"
"LINESTRING (-0.129698 51.500703,-0.108657 51.51795", "From Storey's Gate, Westminster to Holborn Circus, Holborn"
"LINESTRING (-0.147983 51.519167,-0.108657 51.51795", "From New Cavendish Street, Marylebone to Holborn Circus, Holborn"
"LINESTRING (-0.088285 51.519069,-0.108657 51.51795", "From Moorfields, Moorgate to Holborn Circus, Holborn"
"LINESTRING (-0.163609 51.51809,-0.108657 51.51795", "From Shouldham Street, Marylebone to Holborn Circus, Holborn"
"LINESTRING (-0.077121 51.511594,-0.108657 51.51795", "From Crosswall, Tower to Holborn Circus, Holborn"
"LINESTRING (-0.09885 51.515418,-0.108657 51.51795", "From Newgate Street , St. Paul's to Holborn Circus, Holborn"
"LINESTRING (-0.113179 51.466232,-0.108657 51.51795", "From St John's Crescent, Brixton to Holborn Circus, Holborn"
"LINESTRING (-0.055312 51.52568,-0.108657 51.51795", "From Bethnal Green Garden, Bethnal Green to Holborn Circus, Holborn"
"LINESTRING (-0.104298 51.526717,-0.108657 51.51795", "From Finsbury Library , Finsbury to Holborn Circus, Holborn"
"LINESTRING (-0.086016 51.53114,-0.108657 51.51795", "From New North Road 2, Hoxton to Holborn Circus, Holborn"
"LINESTRING (-0.124749 51.509462,-0.108657 51.51795", "From William IV Street, Strand to Holborn Circus, Holborn"
"LINESTRING (-0.088542 51.527025,-0.108657 51.51795", "From Baldwin Street, St. Luke's to Holborn Circus, Holborn"
"LINESTRING (-0.104708 51.52326,-0.108657 51.51795", "From Clerkenwell Green, Clerkenwell to Holborn Circus, Holborn"
"LINESTRING (-0.09294 51.51397,-0.108657 51.51795", "From Cheapside, Bank to Holborn Circus, Holborn"
"LINESTRING (-0.179135 51.516417,-0.108657 51.51795", "From Eastbourne Mews, Paddington to Holborn Circus, Holborn"
"LINESTRING (-0.102208 51.526153,-0.108028 51.518825", "From Percival Street, Finsbury to Hatton Garden, Holborn"
"LINESTRING (-0.111014 51.493686,-0.108028 51.518825", "From Walnut Tree Walk, Vauxhall to Hatton Garden, Holborn"
"LINESTRING (-0.113426 51.503919,-0.108028 51.518825", "From Waterloo Station 2, Waterloo to Hatton Garden, Holborn"
"LINESTRING (-0.092762 51.500296,-0.108028 51.518825", "From Swan Street, The Borough to Hatton Garden, Holborn"
"LINESTRING (-0.10997 51.529163,-0.108028 51.518825", "From River Street , Clerkenwell to Hatton Garden, Holborn"
"LINESTRING (-0.086685 51.517075,-0.108028 51.518825", "From Finsbury Circus, Liverpool Street to Hatton Garden, Holborn"
"LINESTRING (-0.174554 51.499917,-0.108028 51.518825", "From Exhibition Road, Knightsbridge to Hatton Garden, Holborn"
"LINESTRING (-0.108657 51.51795,-0.108028 51.518825", "From Holborn Circus, Holborn to Hatton Garden, Holborn"
"LINESTRING (-0.10997 51.529163,-0.108028 51.518825", "From River Street , Clerkenwell to Hatton Garden, Holborn"
"LINESTRING (-0.08066 51.514225,-0.108028 51.518825", "From St. Mary Axe, Aldgate to Hatton Garden, Holborn"
"LINESTRING (-0.116279 51.524564,-0.108028 51.518825", "From Wren Street, Holborn to Hatton Garden, Holborn"
"LINESTRING (-0.112824 51.503791,-0.108028 51.518825", "From Waterloo Station 3, Waterloo to Hatton Garden, Holborn"
"LINESTRING (-0.088285 51.519069,-0.108028 51.518825", "From Moorfields, Moorgate to Hatton Garden, Holborn"
"LINESTRING (-0.13225 51.528833,-0.108028 51.518825", "From Doric Way , Somers Town to Hatton Garden, Holborn"
"LINESTRING (-0.112824 51.503791,-0.108028 51.518825", "From Waterloo Station 3, Waterloo to Hatton Garden, Holborn"
"LINESTRING (-0.17581 51.517335,-0.108028 51.518825", "From South Wharf Road, Paddington to Hatton Garden, Holborn"
"LINESTRING (-0.086685 51.517075,-0.108028 51.518825", "From Finsbury Circus, Liverpool Street to Hatton Garden, Holborn"
"LINESTRING (-0.085814 51.495061,-0.108028 51.518825", "From Bricklayers Arms, Borough to Hatton Garden, Holborn"
"LINESTRING (-0.113864 51.504027,-0.108028 51.518825", "From Waterloo Station 1, Waterloo to Hatton Garden, Holborn"
"LINESTRING (-0.067937 51.51793,-0.108028 51.518825", "From Old Montague Street, Whitechapel to Hatton Garden, Holborn"
"LINESTRING (-0.101026 51.528246,-0.108028 51.518825", "From Goswell Road (City Uni), Finsbury to Hatton Garden, Holborn"
"LINESTRING (-0.130504 51.526838,-0.108028 51.518825", "From Endsleigh Gardens, Euston to Hatton Garden, Holborn"
"LINESTRING (-0.073537 51.514233,-0.108028 51.518825", "From Braham Street, Aldgate to Hatton Garden, Holborn"
"LINESTRING (-0.093903 51.530991,-0.108028 51.518825", "From Wenlock Road , Hoxton to Hatton Garden, Holborn"
"LINESTRING (-0.153233 51.490959,-0.108028 51.518825", "From Bourne Street, Belgravia to Hatton Garden, Holborn"
"LINESTRING (-0.084605 51.521283,-0.108028 51.518825", "From Christopher Street, Liverpool Street to Hatton Garden, Holborn"
"LINESTRING (-0.113426 51.503919,-0.108028 51.518825", "From Waterloo Station 2, Waterloo to Hatton Garden, Holborn"
"LINESTRING (-0.075578 51.52127,-0.108028 51.518825", "From Commercial Street, Shoreditch to Hatton Garden, Holborn"
"LINESTRING (-0.138535 51.538792,-0.108028 51.518825", "From St Martins Close, Camden Town to Hatton Garden, Holborn"
"LINESTRING (-0.120909 51.516128,-0.108028 51.518825", "From Newton Street, Covent Garden to Hatton Garden, Holborn"
"LINESTRING (-0.127854 51.517727,-0.108028 51.518825", "From Great Russell Street, Bloomsbury to Hatton Garden, Holborn"
"LINESTRING (-0.13151 51.509639,-0.108028 51.518825", "From Panton Street, West End to Hatton Garden, Holborn"
"LINESTRING (-0.09315 51.53356,-0.108028 51.518825", "From Eagle Wharf Road, Hoxton to Hatton Garden, Holborn"
"LINESTRING (-0.141728 51.539099,-0.108028 51.518825", "From Greenland Road, Camden Town to Hatton Garden, Holborn"
"LINESTRING (-0.117122 51.490994,-0.108028 51.518825", "From Black Prince Road, Vauxhall to Hatton Garden, Holborn"
"LINESTRING (-0.089782 51.53089,-0.108028 51.518825", "From Murray Grove , Hoxton to Hatton Garden, Holborn"
"LINESTRING (-0.15352 51.503117,-0.108028 51.518825", "From Hyde Park Corner, Hyde Park to Hatton Garden, Holborn"
"LINESTRING (-0.101026 51.528246,-0.108028 51.518825", "From Goswell Road (City Uni), Finsbury to Hatton Garden, Holborn"
"LINESTRING (-0.135635 51.488226,-0.108028 51.518825", "From St. George's Square, Pimlico to Hatton Garden, Holborn"
"LINESTRING (-0.082422 51.516154,-0.108028 51.518825", "From Wormwood Street, Liverpool Street to Hatton Garden, Holborn"
"LINESTRING (-0.069542 51.512363,-0.108028 51.518825", "From Leman Street, Aldgate to Hatton Garden, Holborn"
"LINESTRING (-0.104298 51.526717,-0.116688 51.520596", "From Finsbury Library , Finsbury to Theobald's Road , Holborn"
"LINESTRING (-0.145393 51.542138,-0.116688 51.520596", "From Castlehaven Road, Camden Town to Theobald's Road , Holborn"
"LINESTRING (-0.101026 51.528246,-0.116688 51.520596", "From Goswell Road (City Uni), Finsbury to Theobald's Road , Holborn"
"LINESTRING (-0.086685 51.517075,-0.116688 51.520596", "From Finsbury Circus, Liverpool Street to Theobald's Road , Holborn"
"LINESTRING (-0.068981 51.498585,-0.116688 51.520596", "From George Row, Bermondsey to Theobald's Road , Holborn"
"LINESTRING (-0.13011 51.513527,-0.116688 51.520596", "From Moor Street, Soho to Theobald's Road , Holborn"
"LINESTRING (-0.117069 51.53136,-0.116688 51.520596", "From Calshot Street , King's Cross to Theobald's Road , Holborn"
"LINESTRING (-0.140741 51.488057,-0.116688 51.520596", "From Alderney Street, Pimlico to Theobald's Road , Holborn"
"LINESTRING (-0.108068 51.527842,-0.116688 51.520596", "From Hardwick Street, Clerkenwell to Theobald's Road , Holborn"
"LINESTRING (-0.158963 51.524517,-0.116688 51.520596", "From Park Road (Baker Street), The Regent's Park to Theobald's Road , Holborn"
"LINESTRING (-0.127854 51.517727,-0.116688 51.520596", "From Great Russell Street, Bloomsbury to Theobald's Road , Holborn"
"LINESTRING (-0.112824 51.503791,-0.116688 51.520596", "From Waterloo Station 3, Waterloo to Theobald's Road , Holborn"
"LINESTRING (-0.158249 51.516892,-0.116688 51.520596", "From George Place Mews, Marylebone to Theobald's Road , Holborn"
"LINESTRING (-0.109006 51.521661,-0.116688 51.520596", "From Hatton Wall, Holborn to Theobald's Road , Holborn"
"LINESTRING (-0.17581 51.517335,-0.116688 51.520596", "From South Wharf Road, Paddington to Theobald's Road , Holborn"
"LINESTRING (-0.123616 51.529943,-0.116688 51.520596", "From Belgrove Street , King's Cross to Theobald's Road , Holborn"
"LINESTRING (-0.09294 51.51397,-0.116688 51.520596", "From Cheapside, Bank to Theobald's Road , Holborn"
"LINESTRING (-0.055846 51.499169,-0.116688 51.520596", "From Rotherhithe Roundabout, Rotherhithe to Theobald's Road , Holborn"
"LINESTRING (-0.109025 51.534408,-0.116688 51.520596", "From Cloudesley Road, Angel to Theobald's Road , Holborn"
"LINESTRING (-0.138019 51.524438,-0.116688 51.520596", "From Warren Street Station, Euston to Theobald's Road , Holborn"
"LINESTRING (-0.066035 51.531864,-0.116688 51.520596", "From Goldsmith's Row, Haggerston to Theobald's Road , Holborn"
"LINESTRING (-0.138019 51.524438,-0.116688 51.520596", "From Warren Street Station, Euston to Theobald's Road , Holborn"
"LINESTRING (-0.101026 51.528246,-0.116688 51.520596", "From Goswell Road (City Uni), Finsbury to Theobald's Road , Holborn"
"LINESTRING (-0.078869 51.521113,-0.116688 51.520596", "From Norton Folgate, Liverpool Street to Theobald's Road , Holborn"
"LINESTRING (-0.11548 51.528915,-0.116688 51.520596", "From Great Percy Street, Clerkenwell to Theobald's Road , Holborn"
"LINESTRING (-0.108068 51.527842,-0.116688 51.520596", "From Hardwick Street, Clerkenwell to Theobald's Road , Holborn"
"LINESTRING (-0.133952 51.536264,-0.116688 51.520596", "From Royal College Street, Camden Town to Theobald's Road , Holborn"
"LINESTRING (-0.124826 51.516226,-0.116688 51.520596", "From High Holborn , Covent Garden to Theobald's Road , Holborn"
"LINESTRING (-0.09315 51.53356,-0.116688 51.520596", "From Eagle Wharf Road, Hoxton to Theobald's Road , Holborn"
"LINESTRING (-0.106408 51.530515,-0.116688 51.520596", "From Chadwell Street, Angel to Theobald's Road , Holborn"
"LINESTRING (-0.116279 51.524564,-0.116688 51.520596", "From Wren Street, Holborn to Theobald's Road , Holborn"
"LINESTRING (-0.098807 51.506725,-0.116688 51.520596", "From Tate Modern, Bankside to Theobald's Road , Holborn"
"LINESTRING (-0.106992 51.534504,-0.116688 51.520596", "From Liverpool Road (N1 Centre), Angel to Theobald's Road , Holborn"
"LINESTRING (-0.123616 51.529943,-0.116688 51.520596", "From Belgrove Street , King's Cross to Theobald's Road , Holborn"
"LINESTRING (-0.09315 51.53356,-0.116688 51.520596", "From Eagle Wharf Road, Hoxton to Theobald's Road , Holborn"
"LINESTRING (-0.149035 51.481121,-0.116688 51.520596", "From Sopwith Way, Battersea Park to Theobald's Road , Holborn"
"LINESTRING (-0.07813 51.526377,-0.116688 51.520596", "From Shoreditch High Street, Shoreditch to Theobald's Road , Holborn"
"LINESTRING (-0.097122 51.529423,-0.116688 51.520596", "From Macclesfield Rd, St Lukes to Theobald's Road , Holborn"
"LINESTRING (-0.062546 51.535678,-0.116688 51.520596", "From Regent's Row , Haggerston to Theobald's Road , Holborn"
"LINESTRING (-0.06111 51.518675,-0.116688 51.520596", "From Royal London Hospital, Whitechapel to Theobald's Road , Holborn"
"LINESTRING (-0.068856 51.521776,-0.116688 51.520596", "From Buxton Street 1, Shoreditch to Theobald's Road , Holborn"
"LINESTRING (-0.121394 51.493699,-0.116688 51.520596", "From Fire Brigade Pier, Vauxhall to Theobald's Road , Holborn"
"LINESTRING (-0.09294 51.51397,-0.116688 51.520596", "From Cheapside, Bank to Theobald's Road , Holborn"
"LINESTRING (-0.06555 51.528681,-0.116688 51.520596", "From Durant Street, Bethnal Green to Theobald's Road , Holborn"
"LINESTRING (-0.092754 51.505974,-0.116688 51.520596", "From Park Street, Bankside to Theobald's Road , Holborn"
"LINESTRING (-0.123616 51.529943,-0.116688 51.520596", "From Belgrove Street , King's Cross to Theobald's Road , Holborn"
"LINESTRING (-0.069743 51.528222,-0.116688 51.520596", "From Wellington Row, Bethnal Green to Theobald's Road , Holborn"
"LINESTRING (-0.108068 51.527842,-0.116688 51.520596", "From Hardwick Street, Clerkenwell to Theobald's Road , Holborn"
"LINESTRING (-0.162298 51.522511,-0.134407 51.526236", "From Boston Place, Marylebone to Euston Road, Euston"
"LINESTRING (-0.107349 51.511891,-0.134407 51.526236", "From Tallis Street, Temple to Euston Road, Euston"
"LINESTRING (-0.088285 51.519069,-0.134407 51.526236", "From Moorfields, Moorgate to Euston Road, Euston"
"LINESTRING (-0.136792 51.533005,-0.134407 51.526236", "From Eversholt Street , Camden Town to Euston Road, Euston"
"LINESTRING (-0.133201 51.512515,-0.134407 51.526236", "From Wardour Street, Soho to Euston Road, Euston"
"LINESTRING (-0.162298 51.522511,-0.134407 51.526236", "From Boston Place, Marylebone to Euston Road, Euston"
"LINESTRING (-0.138072 51.517344,-0.134407 51.526236", "From Wells Street, Fitzrovia to Euston Road, Euston"
"LINESTRING (-0.16716 51.47518,-0.134407 51.526236", "From Surrey Lane, Battersea to Euston Road, Euston"
"LINESTRING (-0.131961 51.508446,-0.134407 51.526236", "From Charles II Street, West End to Euston Road, Euston"
"LINESTRING (-0.163609 51.51809,-0.134407 51.526236", "From Shouldham Street, Marylebone to Euston Road, Euston"
"LINESTRING (-0.168074 51.5343,-0.134407 51.526236", "From Charlbert Street, St. John's Wood to Euston Road, Euston"
"LINESTRING (-0.136123 51.482362,-0.134407 51.526236", "From Riverlight North, Nine Elms to Euston Road, Euston"
"LINESTRING (-0.179592 51.525575,-0.134407 51.526236", "From Clifton Road, Maida Vale to Euston Road, Euston"
"LINESTRING (-0.183486 51.529857,-0.134407 51.526236", "From Maida Vale, Maida Vale to Euston Road, Euston"
"LINESTRING (-0.150817 51.505426,-0.134407 51.526236", "From Park Lane, Mayfair to Euston Road, Euston"
"LINESTRING (-0.128377 51.523673,-0.134407 51.526236", "From Bedford Way, Bloomsbury to Euston Road, Euston"
"LINESTRING (-0.112432 51.526599,-0.134407 51.526236", "From Margery Street, Clerkenwell to Euston Road, Euston"
"LINESTRING (-0.125979 51.526357,-0.134407 51.526236", "From Cartwright Gardens , Bloomsbury to Euston Road, Euston"
"LINESTRING (-0.133201 51.512515,-0.134407 51.526236", "From Wardour Street, Soho to Euston Road, Euston"
"LINESTRING (-0.151359 51.522008,-0.134407 51.526236", "From Beaumont Street, Marylebone to Euston Road, Euston"
"LINESTRING (-0.143613 51.523518,-0.134407 51.526236", "From Bolsover Street, Fitzrovia to Euston Road, Euston"
"LINESTRING (-0.127575 51.495805,-0.134407 51.526236", "From Smith Square, Westminster to Euston Road, Euston"
"LINESTRING (-0.17219 51.526448,-0.134407 51.526236", "From Lisson Grove, St. John's Wood to Euston Road, Euston"
"LINESTRING (-0.124749 51.509462,-0.134407 51.526236", "From William IV Street, Strand to Euston Road, Euston"
"LINESTRING (-0.122219 51.51477,-0.134407 51.526236", "From Drury Lane, Covent Garden to Euston Road, Euston"
"LINESTRING (-0.112721 51.536392,-0.134407 51.526236", "From Charlotte Terrace, Angel to Euston Road, Euston"
"LINESTRING (-0.122502 51.523951,-0.134407 51.526236", "From Brunswick Square, Bloomsbury to Euston Road, Euston"
"LINESTRING (-0.147154 51.537349,-0.134407 51.526236", "From Gloucester Avenue, Camden Town to Euston Road, Euston"
"LINESTRING (-0.144165 51.510736,-0.134407 51.526236", "From Bruton Street, Mayfair to Euston Road, Euston"
"LINESTRING (-0.166304 51.525051,-0.134407 51.526236", "From Mallory Street, Marylebone to Euston Road, Euston"
"LINESTRING (-0.101536 51.49217,-0.134407 51.526236", "From Hampton Street, Walworth to Euston Road, Euston"
"LINESTRING (-0.122502 51.523951,-0.117069 51.53136", "From Brunswick Square, Bloomsbury to Calshot Street , King's Cross"
"LINESTRING (-0.109025 51.534408,-0.117069 51.53136", "From Cloudesley Road, Angel to Calshot Street , King's Cross"
"LINESTRING (-0.134407 51.526236,-0.117069 51.53136", "From Euston Road, Euston to Calshot Street , King's Cross"
"LINESTRING (-0.131861 51.527068,-0.117069 51.53136", "From Euston Square Gardens, Euston to Calshot Street , King's Cross"
"LINESTRING (-0.200838 51.514311,-0.117069 51.53136", "From Turquoise Island, Notting Hill to Calshot Street , King's Cross"
"LINESTRING (-0.123823 51.501513,-0.117069 51.53136", "From Westminster Pier, Westminster to Calshot Street , King's Cross"
"LINESTRING (-0.120718 51.511968,-0.117069 51.53136", "From Tavistock Street, Covent Garden to Calshot Street , King's Cross"
"LINESTRING (-0.139174 51.533019,-0.117069 51.53136", "From Harrington Square 1, Camden Town to Calshot Street , King's Cross"
"LINESTRING (-0.124807 51.53724,-0.117069 51.53136", "From Handyside Street, King's Cross to Calshot Street , King's Cross"
"LINESTRING (-0.09294 51.51397,-0.117069 51.53136", "From Cheapside, Bank to Calshot Street , King's Cross"
"LINESTRING (-0.133201 51.512515,-0.09885 51.515418", "From Wardour Street, Soho to Newgate Street , St. Paul's"
"LINESTRING (-0.162298 51.522511,-0.09885 51.515418", "From Boston Place, Marylebone to Newgate Street , St. Paul's"
"LINESTRING (-0.128585 51.516118,-0.09885 51.515418", "From Earnshaw Street , Covent Garden to Newgate Street , St. Paul's"
"LINESTRING (-0.085666 51.499075,-0.09885 51.515418", "From Long Lane , Bermondsey to Newgate Street , St. Paul's"
"LINESTRING (-0.0786 51.500647,-0.09885 51.515418", "From Tanner Street, Bermondsey to Newgate Street , St. Paul's"
"LINESTRING (-0.09308 51.515735,-0.09885 51.515418", "From The Guildhall, Guildhall to Newgate Street , St. Paul's"
"LINESTRING (-0.112824 51.503791,-0.09885 51.515418", "From Waterloo Station 3, Waterloo to Newgate Street , St. Paul's"
"LINESTRING (-0.079248 51.524526,-0.09885 51.515418", "From New Inn Yard, Shoreditch to Newgate Street , St. Paul's"
"LINESTRING (-0.0801 51.52959,-0.09885 51.515418", "From Hoxton Street, Hoxton to Newgate Street , St. Paul's"
"LINESTRING (-0.04915 51.498439,-0.09885 51.515418", "From Canada Water Station, Rotherhithe to Newgate Street , St. Paul's"
"LINESTRING (-0.077121 51.511594,-0.09885 51.515418", "From Crosswall, Tower to Newgate Street , St. Paul's"
"LINESTRING (-0.130504 51.526838,-0.09885 51.515418", "From Endsleigh Gardens, Euston to Newgate Street , St. Paul's"
"LINESTRING (-0.106408 51.530515,-0.09885 51.515418", "From Chadwell Street, Angel to Newgate Street , St. Paul's"
"LINESTRING (-0.149569 51.50274,-0.09885 51.515418", "From Wellington Arch, Hyde Park to Newgate Street , St. Paul's"
"LINESTRING (-0.113864 51.504027,-0.09885 51.515418", "From Waterloo Station 1, Waterloo to Newgate Street , St. Paul's"
"LINESTRING (-0.079248 51.524526,-0.09885 51.515418", "From New Inn Yard, Shoreditch to Newgate Street , St. Paul's"
"LINESTRING (-0.096496 51.517821,-0.09885 51.515418", "From Museum of London, Barbican to Newgate Street , St. Paul's"
"LINESTRING (-0.124642 51.481747,-0.09885 51.515418", "From South Lambeth Road, Vauxhall to Newgate Street , St. Paul's"
"LINESTRING (-0.113001 51.50486,-0.09885 51.515418", "From Waterloo Road, South Bank to Newgate Street , St. Paul's"
"LINESTRING (-0.020542 51.544909,-0.09885 51.515418", "From Copper Box Arena, Queen Elizabeth Olympic Park to Newgate Street , St. Paul's"
"LINESTRING (-0.112824 51.503791,-0.09885 51.515418", "From Waterloo Station 3, Waterloo to Newgate Street , St. Paul's"
"LINESTRING (-0.112824 51.503791,-0.09885 51.515418", "From Waterloo Station 3, Waterloo to Newgate Street , St. Paul's"
"LINESTRING (-0.145211 51.520715,-0.09885 51.515418", "From Portland Place, Marylebone to Newgate Street , St. Paul's"
"LINESTRING (-0.132102 51.472918,-0.09885 51.515418", "From Courland Grove, Wandsworth Road to Newgate Street , St. Paul's"
"LINESTRING (-0.122492 51.486343,-0.09885 51.515418", "From Kennington Lane Rail Bridge, Vauxhall to Newgate Street , St. Paul's"
"LINESTRING (-0.112824 51.503791,-0.09885 51.515418", "From Waterloo Station 3, Waterloo to Newgate Street , St. Paul's"
"LINESTRING (-0.158264 51.514577,-0.09885 51.515418", "From Old Quebec Street, Marylebone to Newgate Street , St. Paul's"
"LINESTRING (-0.007542 51.493381,-0.09885 51.515418", "From Jubilee Crescent, Cubitt Town to Newgate Street , St. Paul's"
"LINESTRING (-0.113426 51.503919,-0.09885 51.515418", "From Waterloo Station 2, Waterloo to Newgate Street , St. Paul's"
"LINESTRING (-0.123509 51.52625,-0.09885 51.515418", "From Tavistock Place, Bloomsbury to Newgate Street , St. Paul's"
"LINESTRING (-0.06415 51.51295,-0.09885 51.515418", "From Christian Street, Whitechapel to Newgate Street , St. Paul's"
"LINESTRING (-0.063531 51.504719,-0.09885 51.515418", "From Hermitage Court, Wapping to Newgate Street , St. Paul's"
"LINESTRING (-0.0801 51.52959,-0.09885 51.515418", "From Hoxton Street, Hoxton to Newgate Street , St. Paul's"
"LINESTRING (-0.074189 51.502279,-0.09885 51.515418", "From Curlew Street, Shad Thames to Newgate Street , St. Paul's"
"LINESTRING (-0.068161 51.509786,-0.09885 51.515418", "From Dock Street, Wapping to Newgate Street , St. Paul's"
"LINESTRING (-0.096496 51.517821,-0.09885 51.515418", "From Museum of London, Barbican to Newgate Street , St. Paul's"
"LINESTRING (-0.0801 51.52959,-0.09885 51.515418", "From Hoxton Street, Hoxton to Newgate Street , St. Paul's"
"LINESTRING (-0.103078 51.511934,-0.09885 51.515418", "From Blackfriars Station, St. Paul's to Newgate Street , St. Paul's"
"LINESTRING (-0.228188 51.494499,-0.09885 51.515418", "From Southerton Road, Hammersmith to Newgate Street , St. Paul's"
"LINESTRING (-0.091773 51.504627,-0.09885 51.515418", "From Hop Exchange, The Borough to Newgate Street , St. Paul's"
"LINESTRING (-0.165842 51.522029,-0.09885 51.515418", "From Bell Street , Marylebone to Newgate Street , St. Paul's"
"LINESTRING (-0.217515 51.500353,-0.09885 51.515418", "From Richmond Way, Shepherd's Bush to Newgate Street , St. Paul's"
"LINESTRING (-0.139625 51.490962,-0.09885 51.515418", "From Gloucester Street, Pimlico to Newgate Street , St. Paul's"
"LINESTRING (-0.183716 51.517932,-0.09885 51.515418", "From Orsett Terrace, Bayswater to Newgate Street , St. Paul's"
"LINESTRING (-0.082989 51.510484,-0.09885 51.515418", "From Great Tower Street, Monument to Newgate Street , St. Paul's"
"LINESTRING (-0.100168 51.530344,-0.09885 51.515418", "From City Road, Angel to Newgate Street , St. Paul's"
"LINESTRING (-0.089887 51.520858,-0.09885 51.515418", "From Bunhill Row, Moorgate to Newgate Street , St. Paul's"
"LINESTRING (-0.09294 51.51397,-0.09885 51.515418", "From Cheapside, Bank to Newgate Street , St. Paul's"
"LINESTRING (-0.092176 51.520044,-0.09885 51.515418", "From Barbican Centre, Barbican to Newgate Street , St. Paul's"
"LINESTRING (-0.151926 51.516814,-0.09885 51.515418", "From Hinde Street, Marylebone to Newgate Street , St. Paul's"
"LINESTRING (-0.122492 51.486343,-0.09885 51.515418", "From Kennington Lane Rail Bridge, Vauxhall to Newgate Street , St. Paul's"
"LINESTRING (-0.056667 51.511542,-0.09885 51.515418", "From Watney Street, Shadwell to Newgate Street , St. Paul's"
"LINESTRING (-0.097122 51.529423,-0.09885 51.515418", "From Macclesfield Rd, St Lukes to Newgate Street , St. Paul's"
"LINESTRING (-0.0801 51.52959,-0.09885 51.515418", "From Hoxton Street, Hoxton to Newgate Street , St. Paul's"
"LINESTRING (-0.120973 51.530059,-0.09885 51.515418", "From St. Chad's Street, King's Cross to Newgate Street , St. Paul's"
"LINESTRING (-0.086685 51.517075,-0.09885 51.515418", "From Finsbury Circus, Liverpool Street to Newgate Street , St. Paul's"
"LINESTRING (-0.102208 51.526153,-0.09885 51.515418", "From Percival Street, Finsbury to Newgate Street , St. Paul's"
"LINESTRING (-0.113864 51.504027,-0.09885 51.515418", "From Waterloo Station 1, Waterloo to Newgate Street , St. Paul's"
"LINESTRING (-0.113426 51.503919,-0.09885 51.515418", "From Waterloo Station 2, Waterloo to Newgate Street , St. Paul's"
"LINESTRING (-0.054162 51.536424,-0.09885 51.515418", "From Victoria Park Road, Hackney Central to Newgate Street , St. Paul's"
"LINESTRING (-0.116542 51.504636,-0.09885 51.515418", "From Jubilee Gardens, South Bank to Newgate Street , St. Paul's"
"LINESTRING (-0.116764 51.51362,-0.09885 51.515418", "From Houghton Street, Strand to Newgate Street , St. Paul's"
"LINESTRING (-0.151359 51.522008,-0.09885 51.515418", "From Beaumont Street, Marylebone to Newgate Street , St. Paul's"
"LINESTRING (-0.162298 51.522511,-0.09885 51.515418", "From Boston Place, Marylebone to Newgate Street , St. Paul's"
"LINESTRING (-0.13225 51.528833,-0.09885 51.515418", "From Doric Way , Somers Town to Newgate Street , St. Paul's"
"LINESTRING (-0.113426 51.503919,-0.09885 51.515418", "From Waterloo Station 2, Waterloo to Newgate Street , St. Paul's"
"LINESTRING (-0.082422 51.516154,-0.09885 51.515418", "From Wormwood Street, Liverpool Street to Newgate Street , St. Paul's"
"LINESTRING (-0.092754 51.505974,-0.09885 51.515418", "From Park Street, Bankside to Newgate Street , St. Paul's"
"LINESTRING (-0.101026 51.528246,-0.09885 51.515418", "From Goswell Road (City Uni), Finsbury to Newgate Street , St. Paul's"
"LINESTRING (-0.103078 51.511934,-0.09885 51.515418", "From Blackfriars Station, St. Paul's to Newgate Street , St. Paul's"
"LINESTRING (-0.051394 51.520893,-0.09885 51.515418", "From Cleveland Way, Stepney to Newgate Street , St. Paul's"
"LINESTRING (-0.068161 51.509786,-0.09885 51.515418", "From Dock Street, Wapping to Newgate Street , St. Paul's"
"LINESTRING (-0.09644 51.507385,-0.09885 51.515418", "From New Globe Walk, Bankside to Newgate Street , St. Paul's"
"LINESTRING (-0.136792 51.533005,-0.09885 51.515418", "From Eversholt Street , Camden Town to Newgate Street , St. Paul's"
"LINESTRING (-0.08249 51.53558,-0.09885 51.515418", "From Pitfield Street North,Hoxton to Newgate Street , St. Paul's"
"LINESTRING (-0.147983 51.519167,-0.09885 51.515418", "From New Cavendish Street, Marylebone to Newgate Street , St. Paul's"
"LINESTRING (-0.092176 51.520044,-0.09885 51.515418", "From Barbican Centre, Barbican to Newgate Street , St. Paul's"
"LINESTRING (-0.063531 51.504719,-0.09885 51.515418", "From Hermitage Court, Wapping to Newgate Street , St. Paul's"
"LINESTRING (-0.090075 51.517842,-0.09885 51.515418", "From Fore Street, Guildhall to Newgate Street , St. Paul's"
"LINESTRING (-0.066078 51.514924,-0.09885 51.515418", "From LMU Commercial Road, Whitechapel to Newgate Street , St. Paul's"
"LINESTRING (-0.027772 51.505703,-0.09885 51.515418", "From Westferry Circus, Canary Wharf to Newgate Street , St. Paul's"
"LINESTRING (-0.113426 51.503919,-0.09885 51.515418", "From Waterloo Station 2, Waterloo to Newgate Street , St. Paul's"
"LINESTRING (-0.150905 51.496544,-0.09885 51.515418", "From Eaton Square, Belgravia to Newgate Street , St. Paul's"
"LINESTRING (-0.04667 51.521889,-0.09885 51.515418", "From Stepney Green Station, Stepney to Newgate Street , St. Paul's"
"LINESTRING (-0.094934 51.522954,-0.09885 51.515418", "From Roscoe Street, St. Luke's to Newgate Street , St. Paul's"
"LINESTRING (-0.06797 51.504904,-0.09885 51.515418", "From Wapping High Street, Wapping to Newgate Street , St. Paul's"
"LINESTRING (-0.137598 51.497698,-0.09885 51.515418", "From Kings Gate House, Westminster to Newgate Street , St. Paul's"
"LINESTRING (-0.103078 51.511934,-0.09885 51.515418", "From Blackfriars Station, St. Paul's to Newgate Street , St. Paul's"
"LINESTRING (-0.116688 51.520596,-0.09885 51.515418", "From Theobald's Road , Holborn to Newgate Street , St. Paul's"
"LINESTRING (-0.133201 51.512515,-0.09885 51.515418", "From Wardour Street, Soho to Newgate Street , St. Paul's"
"LINESTRING (-0.113426 51.503919,-0.09885 51.515418", "From Waterloo Station 2, Waterloo to Newgate Street , St. Paul's"
"LINESTRING (-0.136052 51.527326,-0.09885 51.515418", "From Drummond Street , Euston to Newgate Street , St. Paul's"
"LINESTRING (-0.124749 51.509462,-0.09885 51.515418", "From William IV Street, Strand to Newgate Street , St. Paul's"
"LINESTRING (-0.086685 51.517075,-0.09885 51.515418", "From Finsbury Circus, Liverpool Street to Newgate Street , St. Paul's"
"LINESTRING (-0.123616 51.529943,-0.09885 51.515418", "From Belgrove Street , King's Cross to Newgate Street , St. Paul's"
"LINESTRING (-0.137598 51.497698,-0.09885 51.515418", "From Kings Gate House, Westminster to Newgate Street , St. Paul's"
"LINESTRING (-0.162298 51.522511,-0.09885 51.515418", "From Boston Place, Marylebone to Newgate Street , St. Paul's"
"LINESTRING (-0.143613 51.523518,-0.09885 51.515418", "From Bolsover Street, Fitzrovia to Newgate Street , St. Paul's"
"LINESTRING (-0.113426 51.503919,-0.09885 51.515418", "From Waterloo Station 2, Waterloo to Newgate Street , St. Paul's"
"LINESTRING (-0.113864 51.504027,-0.09885 51.515418", "From Waterloo Station 1, Waterloo to Newgate Street , St. Paul's"
"LINESTRING (-0.113864 51.504027,-0.09885 51.515418", "From Waterloo Station 1, Waterloo to Newgate Street , St. Paul's"
"LINESTRING (-0.077121 51.511594,-0.09885 51.515418", "From Crosswall, Tower to Newgate Street , St. Paul's"
"LINESTRING (-0.10454 51.505461,-0.09885 51.515418", "From Blackfriars Road, Southwark to Newgate Street , St. Paul's"
"LINESTRING (-0.144228 51.518117,-0.09885 51.515418", "From Broadcasting House, Marylebone to Newgate Street , St. Paul's"
"LINESTRING (-0.068161 51.509786,-0.09885 51.515418", "From Dock Street, Wapping to Newgate Street , St. Paul's"
"LINESTRING (-0.083159 51.500889,-0.09885 51.515418", "From Tyers Gate, Bermondsey to Newgate Street , St. Paul's"
"LINESTRING (-0.112031 51.49914,-0.09885 51.515418", "From Lambeth North Station, Waterloo to Newgate Street , St. Paul's"
"LINESTRING (-0.12367 51.471433,-0.09885 51.515418", "From Clapham Road, Lingham Street, Stockwell to Newgate Street , St. Paul's"
"LINESTRING (-0.106823 51.508033,-0.09885 51.515418", "From Sea Containers, South Bank to Newgate Street , St. Paul's"
"LINESTRING (-0.123616 51.529943,-0.10834 51.52352", "From Belgrove Street , King's Cross to Farringdon Lane, Clerkenwell"
"LINESTRING (-0.11548 51.528915,-0.10834 51.52352", "From Great Percy Street, Clerkenwell to Farringdon Lane, Clerkenwell"
"LINESTRING (-0.067937 51.51793,-0.10834 51.52352", "From Old Montague Street, Whitechapel to Farringdon Lane, Clerkenwell"
"LINESTRING (-0.09734 51.520841,-0.10834 51.52352", "From Aldersgate Street, Barbican to Farringdon Lane, Clerkenwell"
"LINESTRING (-0.121328 51.517606,-0.10834 51.52352", "From Southampton Place, Holborn to Farringdon Lane, Clerkenwell"
"LINESTRING (-0.113001 51.50486,-0.10834 51.52352", "From Waterloo Road, South Bank to Farringdon Lane, Clerkenwell"
"LINESTRING (-0.085634 51.520962,-0.10834 51.52352", "From Finsbury Square , Moorgate to Farringdon Lane, Clerkenwell"
"LINESTRING (-0.111606 51.505569,-0.10834 51.52352", "From Stamford Street, South Bank to Farringdon Lane, Clerkenwell"
"LINESTRING (-0.104778 51.504044,-0.10834 51.52352", "From Southwark Station 2, Southwark to Farringdon Lane, Clerkenwell"
"LINESTRING (-0.10988 51.49775,-0.10834 51.52352", "From King Edward Walk, Waterloo to Farringdon Lane, Clerkenwell"
"LINESTRING (-0.105596 51.505342,-0.10834 51.52352", "From Colombo Street, Southwark to Farringdon Lane, Clerkenwell"
"LINESTRING (-0.068981 51.498585,-0.10834 51.52352", "From George Row, Bermondsey to Farringdon Lane, Clerkenwell"
"LINESTRING (-0.07813 51.526377,-0.10834 51.52352", "From Shoreditch High Street, Shoreditch to Farringdon Lane, Clerkenwell"
"LINESTRING (-0.141423 51.514499,-0.10834 51.52352", "From Little Argyll Street, West End to Farringdon Lane, Clerkenwell"
"LINESTRING (-0.18377 51.5171,-0.10834 51.52352", "From Bishop's Bridge Road East, Bayswater to Farringdon Lane, Clerkenwell"
"LINESTRING (-0.139625 51.490962,-0.10834 51.52352", "From Gloucester Street, Pimlico to Farringdon Lane, Clerkenwell"
"LINESTRING (-0.110683 51.484788,-0.10834 51.52352", "From Kennington Road Post Office, Oval to Farringdon Lane, Clerkenwell"
"LINESTRING (-0.075375 51.528187,-0.10834 51.52352", "From Columbia Road, Shoreditch to Farringdon Lane, Clerkenwell"
"LINESTRING (-0.113864 51.504027,-0.10834 51.52352", "From Waterloo Station 1, Waterloo to Farringdon Lane, Clerkenwell"
"LINESTRING (-0.132328 51.515631,-0.10834 51.52352", "From Soho Square , Soho to Farringdon Lane, Clerkenwell"
"LINESTRING (-0.078505 51.53095,-0.10834 51.52352", "From Falkirk Street, Hoxton to Farringdon Lane, Clerkenwell"
"LINESTRING (-0.113864 51.504027,-0.10834 51.52352", "From Waterloo Station 1, Waterloo to Farringdon Lane, Clerkenwell"
"LINESTRING (-0.079684 51.516468,-0.10834 51.52352", "From Devonshire Square, Liverpool Street to Farringdon Lane, Clerkenwell"
"LINESTRING (-0.089887 51.520858,-0.10834 51.52352", "From Bunhill Row, Moorgate to Farringdon Lane, Clerkenwell"
"LINESTRING (-0.109006 51.521661,-0.10834 51.52352", "From Hatton Wall, Holborn to Farringdon Lane, Clerkenwell"
"LINESTRING (-0.049591 51.53341,-0.10834 51.52352", "From Bonner Gate, Victoria Park to Farringdon Lane, Clerkenwell"
"LINESTRING (-0.106408 51.530515,-0.10834 51.52352", "From Chadwell Street, Angel to Farringdon Lane, Clerkenwell"
"LINESTRING (-0.122299 51.530199,-0.10834 51.52352", "From Birkenhead Street, King's Cross to Farringdon Lane, Clerkenwell"
"LINESTRING (-0.104778 51.504044,-0.10834 51.52352", "From Southwark Station 2, Southwark to Farringdon Lane, Clerkenwell"
"LINESTRING (-0.106823 51.508033,-0.10834 51.52352", "From Sea Containers, South Bank to Farringdon Lane, Clerkenwell"
"LINESTRING (-0.06797 51.504904,-0.10834 51.52352", "From Wapping High Street, Wapping to Farringdon Lane, Clerkenwell"
"LINESTRING (-0.111435 51.48894,-0.10834 51.52352", "From Kennington Cross, Kennington to Farringdon Lane, Clerkenwell"
"LINESTRING (-0.100292 51.501732,-0.10834 51.52352", "From Great Suffolk Street, The Borough to Farringdon Lane, Clerkenwell"
"LINESTRING (-0.066035 51.531864,-0.089659 51.52548", "From Goldsmith's Row, Haggerston to Old Street Station, St. Luke's"
"LINESTRING (-0.119022 51.469202,-0.089659 51.52548", "From Sidney Road, Stockwell to Old Street Station, St. Luke's"
"LINESTRING (-0.132328 51.515631,-0.089659 51.52548", "From Soho Square , Soho to Old Street Station, St. Luke's"
"LINESTRING (-0.091773 51.504627,-0.089659 51.52548", "From Hop Exchange, The Borough to Old Street Station, St. Luke's"
"LINESTRING (-0.121328 51.517606,-0.089659 51.52548", "From Southampton Place, Holborn to Old Street Station, St. Luke's"
"LINESTRING (-0.075375 51.528187,-0.089659 51.52548", "From Columbia Road, Shoreditch to Old Street Station, St. Luke's"
"LINESTRING (-0.130431 51.52168,-0.089659 51.52548", "From Malet Street, Bloomsbury to Old Street Station, St. Luke's"
"LINESTRING (-0.088285 51.519069,-0.089659 51.52548", "From Moorfields, Moorgate to Old Street Station, St. Luke's"
"LINESTRING (-0.112824 51.503791,-0.089659 51.52548", "From Waterloo Station 3, Waterloo to Old Street Station, St. Luke's"
"LINESTRING (-0.062697 51.518154,-0.089659 51.52548", "From New Road 1 , Whitechapel to Old Street Station, St. Luke's"
"LINESTRING (-0.141423 51.514499,-0.089659 51.52548", "From Little Argyll Street, West End to Old Street Station, St. Luke's"
"LINESTRING (-0.079608 51.521668,-0.089659 51.52548", "From Worship Street, Shoreditch to Old Street Station, St. Luke's"
"LINESTRING (-0.096317 51.526008,-0.089659 51.52548", "From Finsbury Leisure Centre, St. Luke's to Old Street Station, St. Luke's"
"LINESTRING (-0.093051 51.511246,-0.089659 51.52548", "From Queen Street 2, Bank to Old Street Station, St. Luke's"
"LINESTRING (-0.119558 51.528279,-0.089659 51.52548", "From Cromer Street, Bloomsbury to Old Street Station, St. Luke's"
"LINESTRING (-0.057133 51.527607,-0.089659 51.52548", "From Hollybush Gardens, Bethnal Green to Old Street Station, St. Luke's"
"LINESTRING (-0.096317 51.526008,-0.089659 51.52548", "From Finsbury Leisure Centre, St. Luke's to Old Street Station, St. Luke's"
"LINESTRING (-0.09885 51.515418,-0.089659 51.52548", "From Newgate Street , St. Paul's to Old Street Station, St. Luke's"
"LINESTRING (-0.093903 51.530991,-0.089659 51.52548", "From Wenlock Road , Hoxton to Old Street Station, St. Luke's"
"LINESTRING (-0.077121 51.511594,-0.089659 51.52548", "From Crosswall, Tower to Old Street Station, St. Luke's"
"LINESTRING (-0.087262 51.506304,-0.089659 51.52548", "From Duke Street Hill, London Bridge to Old Street Station, St. Luke's"
"LINESTRING (-0.079248 51.524526,-0.089659 51.52548", "From New Inn Yard, Shoreditch to Old Street Station, St. Luke's"
"LINESTRING (-0.127575 51.495805,-0.089659 51.52548", "From Smith Square, Westminster to Old Street Station, St. Luke's"
"LINESTRING (-0.0985 51.51601,-0.089659 51.52548", "From King Edward Street, St Pauls to Old Street Station, St. Luke's"
"LINESTRING (-0.067937 51.51793,-0.089659 51.52548", "From Old Montague Street, Whitechapel to Old Street Station, St. Luke's"
"LINESTRING (-0.103078 51.511934,-0.089659 51.52548", "From Blackfriars Station, St. Paul's to Old Street Station, St. Luke's"
"LINESTRING (-0.075375 51.528187,-0.089659 51.52548", "From Columbia Road, Shoreditch to Old Street Station, St. Luke's"
"LINESTRING (-0.115057 51.512582,-0.089659 51.52548", "From Strand, Strand to Old Street Station, St. Luke's"
"LINESTRING (-0.134407 51.526236,-0.089659 51.52548", "From Euston Road, Euston to Old Street Station, St. Luke's"
"LINESTRING (-0.105312 51.504043,-0.089659 51.52548", "From Southwark Station 1, Southwark to Old Street Station, St. Luke's"
"LINESTRING (-0.089887 51.520858,-0.089659 51.52548", "From Bunhill Row, Moorgate to Old Street Station, St. Luke's"
"LINESTRING (-0.097122 51.529423,-0.089659 51.52548", "From Macclesfield Rd, St Lukes to Old Street Station, St. Luke's"
"LINESTRING (-0.073955 51.526293,-0.089659 51.52548", "From Palissy Street, Shoreditch to Old Street Station, St. Luke's"
"LINESTRING (-0.083353 51.529537,-0.089659 51.52548", "From Fanshaw Street, Hoxton to Old Street Station, St. Luke's"
"LINESTRING (-0.075375 51.528187,-0.089659 51.52548", "From Columbia Road, Shoreditch to Old Street Station, St. Luke's"
"LINESTRING (-0.115057 51.512582,-0.089659 51.52548", "From Strand, Strand to Old Street Station, St. Luke's"
"LINESTRING (-0.074754 51.523648,-0.089659 51.52548", "From Bethnal Green Road, Shoreditch to Old Street Station, St. Luke's"
"LINESTRING (-0.138072 51.517344,-0.089659 51.52548", "From Wells Street, Fitzrovia to Old Street Station, St. Luke's"
"LINESTRING (-0.06142 51.532091,-0.089659 51.52548", "From Pritchard's Road, Bethnal Green to Old Street Station, St. Luke's"
"LINESTRING (-0.109006 51.521661,-0.089659 51.52548", "From Hatton Wall, Holborn to Old Street Station, St. Luke's"
"LINESTRING (-0.078505 51.53095,-0.089659 51.52548", "From Falkirk Street, Hoxton to Old Street Station, St. Luke's"
"LINESTRING (-0.03338 51.535179,-0.089659 51.52548", "From Gunmakers Lane, Old Ford to Old Street Station, St. Luke's"
"LINESTRING (-0.086379 51.534042,-0.089659 51.52548", "From Shoreditch Park, Hoxton to Old Street Station, St. Luke's"
"LINESTRING (-0.124121 51.523418,-0.089659 51.52548", "From Russell Square Station, Bloomsbury to Old Street Station, St. Luke's"
"LINESTRING (-0.071881 51.534776,-0.089659 51.52548", "From Thurtle Road, Haggerston to Old Street Station, St. Luke's"
"LINESTRING (-0.104778 51.504044,-0.089659 51.52548", "From Southwark Station 2, Southwark to Old Street Station, St. Luke's"
"LINESTRING (-0.087587 51.514441,-0.089659 51.52548", "From Bank of England Museum, Bank to Old Street Station, St. Luke's"
"LINESTRING (-0.070329 51.539083,-0.089659 51.52548", "From Shoreditch Court, Haggerston to Old Street Station, St. Luke's"
"LINESTRING (-0.108028 51.518825,-0.089659 51.52548", "From Hatton Garden, Holborn to Old Street Station, St. Luke's"
"LINESTRING (-0.136123 51.482362,-0.089659 51.52548", "From Riverlight North, Nine Elms to Old Street Station, St. Luke's"
"LINESTRING (-0.112753 51.51501,-0.089659 51.52548", "From Carey Street, Holborn to Old Street Station, St. Luke's"
"LINESTRING (-0.07813 51.526377,-0.089659 51.52548", "From Shoreditch High Street, Shoreditch to Old Street Station, St. Luke's"
"LINESTRING (-0.028941 51.542118,-0.089659 51.52548", "From Cadogan Close, Victoria Park to Old Street Station, St. Luke's"
"LINESTRING (-0.099981 51.532661,-0.089659 51.52548", "From Graham Street, Angel to Old Street Station, St. Luke's"
"LINESTRING (-0.01051 51.54094,-0.089659 51.52548", "From Aquatic Centre, Queen Elizabeth Olympic Park to Old Street Station, St. Luke's"
"LINESTRING (-0.12335 51.51746,-0.089659 51.52548", "From Bury Place, Holborn to Old Street Station, St. Luke's"
"LINESTRING (-0.102208 51.526153,-0.089659 51.52548", "From Percival Street, Finsbury to Old Street Station, St. Luke's"
"LINESTRING (-0.075578 51.52127,-0.089659 51.52548", "From Commercial Street, Shoreditch to Old Street Station, St. Luke's"
"LINESTRING (-0.032566 51.520597,-0.089659 51.52548", "From Mile End Park Leisure Centre, Mile End to Old Street Station, St. Luke's"
"LINESTRING (-0.096496 51.517821,-0.089659 51.52548", "From Museum of London, Barbican to Old Street Station, St. Luke's"
"LINESTRING (-0.09315 51.53356,-0.089659 51.52548", "From Eagle Wharf Road, Hoxton to Old Street Station, St. Luke's"
"LINESTRING (-0.10548 51.532199,-0.089659 51.52548", "From Torrens Street, Angel to Old Street Station, St. Luke's"
"LINESTRING (-0.078869 51.521113,-0.089659 51.52548", "From Norton Folgate, Liverpool Street to Old Street Station, St. Luke's"
"LINESTRING (-0.169249 51.515953,-0.089659 51.52548", "From Southwick Street, Paddington to Old Street Station, St. Luke's"
"LINESTRING (-0.113864 51.504027,-0.124469 51.485917", "From Waterloo Station 1, Waterloo to Vauxhall Cross, Vauxhall"
"LINESTRING (-0.116628 51.500089,-0.124469 51.485917", "From Lambeth Palace Road, Waterloo to Vauxhall Cross, Vauxhall"
"LINESTRING (-0.178732 51.493967,-0.124469 51.485917", "From Queen's Gate (Central), South Kensington to Vauxhall Cross, Vauxhall"
"LINESTRING (-0.147857 51.477966,-0.124469 51.485917", "From Gas Holders, Battersea Park to Vauxhall Cross, Vauxhall"
"LINESTRING (-0.136123 51.482362,-0.124469 51.485917", "From Riverlight North, Nine Elms to Vauxhall Cross, Vauxhall"
"LINESTRING (-0.138733 51.496753,-0.124469 51.485917", "From Howick Place, Westminster to Vauxhall Cross, Vauxhall"
"LINESTRING (-0.116628 51.500089,-0.124469 51.485917", "From Lambeth Palace Road, Waterloo to Vauxhall Cross, Vauxhall"
"LINESTRING (-0.135635 51.488226,-0.124469 51.485917", "From St. George's Square, Pimlico to Vauxhall Cross, Vauxhall"
"LINESTRING (-0.136123 51.482362,-0.124469 51.485917", "From Riverlight North, Nine Elms to Vauxhall Cross, Vauxhall"
"LINESTRING (-0.124469 51.485917,-0.124469 51.485917", "From Vauxhall Cross, Vauxhall to Vauxhall Cross, Vauxhall"
"LINESTRING (-0.123702 51.506767,-0.124469 51.485917", "From Northumberland Avenue, Strand to Vauxhall Cross, Vauxhall"
"LINESTRING (-0.14177 51.479501,-0.124469 51.485917", "From Battersea Park Road, Nine Elms to Vauxhall Cross, Vauxhall"
"LINESTRING (-0.132845 51.489975,-0.124469 51.485917", "From Rampayne Street, Pimlico to Vauxhall Cross, Vauxhall"
"LINESTRING (-0.141923 51.489856,-0.124469 51.485917", "From Warwick Square, Pimlico to Vauxhall Cross, Vauxhall"
"LINESTRING (-0.117619 51.509943,-0.124469 51.485917", "From Somerset House, Strand to Vauxhall Cross, Vauxhall"
"LINESTRING (-0.147478 51.492369,-0.124469 51.485917", "From Elizabeth Bridge, Victoria to Vauxhall Cross, Vauxhall"
"LINESTRING (-0.16716 51.47518,-0.124469 51.485917", "From Surrey Lane, Battersea to Vauxhall Cross, Vauxhall"
"LINESTRING (-0.130458 51.494816,-0.124469 51.485917", "From Horseferry Road, Westminster to Vauxhall Cross, Vauxhall"
"LINESTRING (-0.14177 51.479501,-0.124469 51.485917", "From Battersea Park Road, Nine Elms to Vauxhall Cross, Vauxhall"
"LINESTRING (-0.103078 51.511934,-0.124469 51.485917", "From Blackfriars Station, St. Paul's to Vauxhall Cross, Vauxhall"
"LINESTRING (-0.139221 51.461388,-0.124469 51.485917", "From Clapham Common Station, Clapham Common to Vauxhall Cross, Vauxhall"
"LINESTRING (-0.116625 51.486965,-0.124469 51.485917", "From Vauxhall Street, Vauxhall to Vauxhall Cross, Vauxhall"
"LINESTRING (-0.106323 51.490757,-0.124469 51.485917", "From Cotton Garden Estate, Kennington to Vauxhall Cross, Vauxhall"
"LINESTRING (-0.170703 51.470847,-0.124469 51.485917", "From Simpson Street, Clapham Junction to Vauxhall Cross, Vauxhall"
"LINESTRING (-0.159169 51.475153,-0.124469 51.485917", "From Prince of Wales Drive, Battersea Park to Vauxhall Cross, Vauxhall"
"LINESTRING (-0.138212 51.481335,-0.124469 51.485917", "From Riverlight South, Nine Elms to Vauxhall Cross, Vauxhall"
"LINESTRING (-0.149569 51.50274,-0.124469 51.485917", "From Wellington Arch, Hyde Park to Vauxhall Cross, Vauxhall"
"LINESTRING (-0.127554 51.493978,-0.124469 51.485917", "From Page Street, Westminster to Vauxhall Cross, Vauxhall"
"LINESTRING (-0.114934 51.49288,-0.124469 51.485917", "From Lollard Street, Vauxhall to Vauxhall Cross, Vauxhall"
"LINESTRING (-0.124469 51.485917,-0.124469 51.485917", "From Vauxhall Cross, Vauxhall to Vauxhall Cross, Vauxhall"
"LINESTRING (-0.117974 51.494881,-0.124469 51.485917", "From Lambeth Road, Vauxhall to Vauxhall Cross, Vauxhall"
"LINESTRING (-0.185273 51.481765,-0.124469 51.485917", "From Hortensia Road, West Brompton to Vauxhall Cross, Vauxhall"
"LINESTRING (-0.158105 51.494645,-0.124469 51.485917", "From Cadogan Place, Knightsbridge to Vauxhall Cross, Vauxhall"
"LINESTRING (-0.18119 51.485587,-0.124469 51.485917", "From Limerston Street, West Chelsea to Vauxhall Cross, Vauxhall"
"LINESTRING (-0.096518 51.491327,-0.124469 51.485917", "From Walworth Square, Walworth to Vauxhall Cross, Vauxhall"
"LINESTRING (-0.172078 51.482567,-0.124469 51.485917", "From Danvers Street, West Chelsea to Vauxhall Cross, Vauxhall"
"LINESTRING (-0.116493 51.477839,-0.124469 51.485917", "From Caldwell Street, Stockwell to Vauxhall Cross, Vauxhall"
"LINESTRING (-0.138212 51.481335,-0.124469 51.485917", "From Riverlight South, Nine Elms to Vauxhall Cross, Vauxhall"
"LINESTRING (-0.130908 51.464995,-0.124469 51.485917", "From Gauden Road, Clapham to Vauxhall Cross, Vauxhall"
"LINESTRING (-0.136123 51.482362,-0.124469 51.485917", "From Riverlight North, Nine Elms to Vauxhall Cross, Vauxhall"
"LINESTRING (-0.13011 51.513527,-0.124469 51.485917", "From Moor Street, Soho to Vauxhall Cross, Vauxhall"
"LINESTRING (-0.163347 51.474392,-0.124469 51.485917", "From Albert Bridge Road, Battersea Park to Vauxhall Cross, Vauxhall"
"LINESTRING (-0.086685 51.517075,-0.124469 51.485917", "From Finsbury Circus, Liverpool Street to Vauxhall Cross, Vauxhall"
"LINESTRING (-0.082422 51.516154,-0.124469 51.485917", "From Wormwood Street, Liverpool Street to Vauxhall Cross, Vauxhall"
"LINESTRING (-0.157788 51.465123,-0.124469 51.485917", "From Sugden Road, Clapham to Vauxhall Cross, Vauxhall"
"LINESTRING (-0.189155 51.477292,-0.124469 51.485917", "From Michael Road, Walham Green to Vauxhall Cross, Vauxhall"
"LINESTRING (-0.138733 51.496753,-0.124469 51.485917", "From Howick Place, Westminster to Vauxhall Cross, Vauxhall"
"LINESTRING (-0.136123 51.482362,-0.124469 51.485917", "From Riverlight North, Nine Elms to Vauxhall Cross, Vauxhall"
"LINESTRING (-0.147714 51.483507,-0.124469 51.485917", "From Battersea Power Station, Battersea Park to Vauxhall Cross, Vauxhall"
"LINESTRING (-0.17021 51.474535,-0.124469 51.485917", "From Orbel Street, Battersea to Vauxhall Cross, Vauxhall"
"LINESTRING (-0.103078 51.511934,-0.124469 51.485917", "From Blackfriars Station, St. Paul's to Vauxhall Cross, Vauxhall"
"LINESTRING (-0.14177 51.479501,-0.124469 51.485917", "From Battersea Park Road, Nine Elms to Vauxhall Cross, Vauxhall"
"LINESTRING (-0.104778 51.504044,-0.124469 51.485917", "From Southwark Station 2, Southwark to Vauxhall Cross, Vauxhall"
"LINESTRING (-0.094524 51.500694,-0.124469 51.485917", "From Borough High Street, The Borough to Vauxhall Cross, Vauxhall"
"LINESTRING (-0.135635 51.488226,-0.124469 51.485917", "From St. George's Square, Pimlico to Vauxhall Cross, Vauxhall"
"LINESTRING (-0.133201 51.512515,-0.124469 51.485917", "From Wardour Street, Soho to Vauxhall Cross, Vauxhall"
"LINESTRING (-0.133972 51.472993,-0.124469 51.485917", "From Union Grove, Wandsworth Road to Vauxhall Cross, Vauxhall"
"LINESTRING (-0.149551 51.477619,-0.124469 51.485917", "From Queen's Circus, Battersea Park to Vauxhall Cross, Vauxhall"
"LINESTRING (-0.074284 51.539328,-0.10548 51.532199", "From Haggerston Road, Haggerston to Torrens Street, Angel"
"LINESTRING (-0.070329 51.539083,-0.10548 51.532199", "From Shoreditch Court, Haggerston to Torrens Street, Angel"
"LINESTRING (-0.123616 51.529943,-0.10548 51.532199", "From Belgrove Street , King's Cross to Torrens Street, Angel"
"LINESTRING (-0.083353 51.529537,-0.10548 51.532199", "From Fanshaw Street, Hoxton to Torrens Street, Angel"
"LINESTRING (-0.156876 51.49313,-0.10548 51.532199", "From Sedding Street, Sloane Square to Torrens Street, Angel"
"LINESTRING (-0.079249 51.518908,-0.10548 51.532199", "From Brushfield Street, Liverpool Street to Torrens Street, Angel"
"LINESTRING (-0.156876 51.49313,-0.10548 51.532199", "From Sedding Street, Sloane Square to Torrens Street, Angel"
"LINESTRING (-0.09315 51.53356,-0.10548 51.532199", "From Eagle Wharf Road, Hoxton to Torrens Street, Angel"
"LINESTRING (-0.094934 51.522954,-0.10548 51.532199", "From Roscoe Street, St. Luke's to Torrens Street, Angel"
"LINESTRING (-0.079201 51.537277,-0.10548 51.532199", "From Hertford Road, De Beauvoir Town to Torrens Street, Angel"
"LINESTRING (-0.062546 51.535678,-0.10548 51.532199", "From Regent's Row , Haggerston to Torrens Street, Angel"
"LINESTRING (-0.13225 51.528833,-0.10548 51.532199", "From Doric Way , Somers Town to Torrens Street, Angel"
"LINESTRING (-0.097122 51.529423,-0.10548 51.532199", "From Macclesfield Rd, St Lukes to Torrens Street, Angel"
"LINESTRING (-0.062546 51.535678,-0.10548 51.532199", "From Regent's Row , Haggerston to Torrens Street, Angel"
"LINESTRING (-0.123616 51.529943,-0.10548 51.532199", "From Belgrove Street , King's Cross to Torrens Street, Angel"
"LINESTRING (-0.089782 51.53089,-0.10548 51.532199", "From Murray Grove , Hoxton to Torrens Street, Angel"
"LINESTRING (-0.075885 51.536585,-0.10548 51.532199", "From Dunston Road , Haggerston to Torrens Street, Angel"
"LINESTRING (-0.100168 51.530344,-0.10548 51.532199", "From City Road, Angel to Torrens Street, Angel"
"LINESTRING (-0.102757 51.536384,-0.10548 51.532199", "From Islington Green, Angel to Torrens Street, Angel"
"LINESTRING (-0.093421 51.529154,-0.10548 51.532199", "From Windsor Terrace, Hoxton to Torrens Street, Angel"
"LINESTRING (-0.123616 51.529943,-0.10548 51.532199", "From Belgrove Street , King's Cross to Torrens Street, Angel"
"LINESTRING (-0.112721 51.536392,-0.10548 51.532199", "From Charlotte Terrace, Angel to Torrens Street, Angel"
"LINESTRING (-0.084439 51.524696,-0.10548 51.532199", "From Leonard Circus , Shoreditch to Torrens Street, Angel"
"LINESTRING (-0.082422 51.516154,-0.10548 51.532199", "From Wormwood Street, Liverpool Street to Torrens Street, Angel"
"LINESTRING (-0.111778 51.515937,-0.10548 51.532199", "From Breams Buildings, Holborn to Torrens Street, Angel"
"LINESTRING (-0.083632 51.502153,-0.10548 51.532199", "From Snowsfields, London Bridge to Torrens Street, Angel"
"LINESTRING (-0.089659 51.52548,-0.10548 51.532199", "From Old Street Station, St. Luke's to Torrens Street, Angel"
"LINESTRING (-0.03338 51.535179,-0.10548 51.532199", "From Gunmakers Lane, Old Ford to Torrens Street, Angel"
"LINESTRING (-0.144466 51.528302,-0.144083 51.525595", "From Albany Street, The Regent's Park to Longford Street, The Regent's Park"
"LINESTRING (-0.138019 51.524438,-0.144083 51.525595", "From Warren Street Station, Euston to Longford Street, The Regent's Park"
"LINESTRING (-0.128279 51.5293,-0.144083 51.525595", "From Ossulston Street, Somers Town to Longford Street, The Regent's Park"
"LINESTRING (-0.13151 51.509639,-0.144083 51.525595", "From Panton Street, West End to Longford Street, The Regent's Park"
"LINESTRING (-0.145246 51.539957,-0.144083 51.525595", "From Arlington Road, Camden Town to Longford Street, The Regent's Park"
"LINESTRING (-0.156166 51.518913,-0.144083 51.525595", "From Baker Street, Marylebone to Longford Street, The Regent's Park"
"LINESTRING (-0.100168 51.530344,-0.144083 51.525595", "From City Road, Angel to Longford Street, The Regent's Park"
"LINESTRING (-0.147983 51.519167,-0.144083 51.525595", "From New Cavendish Street, Marylebone to Longford Street, The Regent's Park"
"LINESTRING (-0.140485 51.519181,-0.144083 51.525595", "From Foley Street, Fitzrovia to Longford Street, The Regent's Park"
"LINESTRING (-0.120718 51.511968,-0.124121 51.523418", "From Tavistock Street, Covent Garden to Russell Square Station, Bloomsbury"
"LINESTRING (-0.147624 51.49395,-0.124121 51.523418", "From Eccleston Place, Victoria to Russell Square Station, Bloomsbury"
"LINESTRING (-0.138072 51.517344,-0.124121 51.523418", "From Wells Street, Fitzrovia to Russell Square Station, Bloomsbury"
"LINESTRING (-0.137043 51.511897,-0.124121 51.523418", "From Golden Square, Soho to Russell Square Station, Bloomsbury"
"LINESTRING (-0.124749 51.509462,-0.124121 51.523418", "From William IV Street, Strand to Russell Square Station, Bloomsbury"
"LINESTRING (-0.124678 51.51908,-0.124121 51.523418", "From British Museum, Bloomsbury to Russell Square Station, Bloomsbury"
"LINESTRING (-0.131161 51.52505,-0.124121 51.523418", "From Taviton Street, Bloomsbury to Russell Square Station, Bloomsbury"
"LINESTRING (-0.131161 51.52505,-0.124121 51.523418", "From Taviton Street, Bloomsbury to Russell Square Station, Bloomsbury"
"LINESTRING (-0.11934 51.531066,-0.124121 51.523418", "From Northdown Street, King's Cross to Russell Square Station, Bloomsbury"
"LINESTRING (-0.138019 51.524438,-0.124121 51.523418", "From Warren Street Station, Euston to Russell Square Station, Bloomsbury"
"LINESTRING (-0.158264 51.514577,-0.124121 51.523418", "From Old Quebec Street, Marylebone to Russell Square Station, Bloomsbury"
"LINESTRING (-0.122219 51.51477,-0.124121 51.523418", "From Drury Lane, Covent Garden to Russell Square Station, Bloomsbury"
"LINESTRING (-0.131161 51.52505,-0.124121 51.523418", "From Taviton Street, Bloomsbury to Russell Square Station, Bloomsbury"
"LINESTRING (-0.145393 51.542138,-0.124121 51.523418", "From Castlehaven Road, Camden Town to Russell Square Station, Bloomsbury"
"LINESTRING (-0.132053 51.518587,-0.124121 51.523418", "From Bayley Street , Bloomsbury to Russell Square Station, Bloomsbury"
"LINESTRING (-0.174411 51.511933,-0.124121 51.523418", "From Bayswater Road, Hyde Park to Russell Square Station, Bloomsbury"
"LINESTRING (-0.128279 51.5293,-0.124121 51.523418", "From Ossulston Street, Somers Town to Russell Square Station, Bloomsbury"
"LINESTRING (-0.13214 51.519572,-0.124121 51.523418", "From Store Street, Bloomsbury to Russell Square Station, Bloomsbury"
"LINESTRING (-0.17581 51.517335,-0.124121 51.523418", "From South Wharf Road, Paddington to Russell Square Station, Bloomsbury"
"LINESTRING (-0.147624 51.49395,-0.124121 51.523418", "From Eccleston Place, Victoria to Russell Square Station, Bloomsbury"
"LINESTRING (-0.130504 51.526838,-0.124121 51.523418", "From Endsleigh Gardens, Euston to Russell Square Station, Bloomsbury"
"LINESTRING (-0.117774 51.513875,-0.124121 51.523418", "From Kingsway Southbound, Strand to Russell Square Station, Bloomsbury"
"LINESTRING (-0.128279 51.5293,-0.124121 51.523418", "From Ossulston Street, Somers Town to Russell Square Station, Bloomsbury"
"LINESTRING (-0.125979 51.526357,-0.124121 51.523418", "From Cartwright Gardens , Bloomsbury to Russell Square Station, Bloomsbury"
"LINESTRING (-0.089659 51.52548,-0.124121 51.523418", "From Old Street Station, St. Luke's to Russell Square Station, Bloomsbury"
"LINESTRING (-0.131161 51.52505,-0.124121 51.523418", "From Taviton Street, Bloomsbury to Russell Square Station, Bloomsbury"
"LINESTRING (-0.124807 51.53724,-0.124121 51.523418", "From Handyside Street, King's Cross to Russell Square Station, Bloomsbury"
"LINESTRING (-0.128585 51.516118,-0.124121 51.523418", "From Earnshaw Street , Covent Garden to Russell Square Station, Bloomsbury"
"LINESTRING (-0.179702 51.499428,-0.124121 51.523418", "From Imperial College, Knightsbridge to Russell Square Station, Bloomsbury"
"LINESTRING (-0.118295 51.52728,-0.124121 51.523418", "From Ampton Street , Clerkenwell to Russell Square Station, Bloomsbury"
"LINESTRING (-0.114079 51.522264,-0.124121 51.523418", "From Northington Street , Holborn to Russell Square Station, Bloomsbury"
"LINESTRING (-0.147983 51.519167,-0.124121 51.523418", "From New Cavendish Street, Marylebone to Russell Square Station, Bloomsbury"
"LINESTRING (-0.134407 51.526236,-0.124121 51.523418", "From Euston Road, Euston to Russell Square Station, Bloomsbury"
"LINESTRING (-0.144083 51.525595,-0.124121 51.523418", "From Longford Street, The Regent's Park to Russell Square Station, Bloomsbury"
"LINESTRING (-0.17581 51.517335,-0.124121 51.523418", "From South Wharf Road, Paddington to Russell Square Station, Bloomsbury"
"LINESTRING (-0.116628 51.500089,-0.124121 51.523418", "From Lambeth Palace Road, Waterloo to Russell Square Station, Bloomsbury"
"LINESTRING (-0.102208 51.526153,-0.124121 51.523418", "From Percival Street, Finsbury to Russell Square Station, Bloomsbury"
"LINESTRING (-0.132053 51.518587,-0.124121 51.523418", "From Bayley Street , Bloomsbury to Russell Square Station, Bloomsbury"
"LINESTRING (-0.131213 51.513103,-0.124121 51.523418", "From Frith Street, Soho to Russell Square Station, Bloomsbury"
"LINESTRING (-0.128377 51.523673,-0.124121 51.523418", "From Bedford Way, Bloomsbury to Russell Square Station, Bloomsbury"
"LINESTRING (-0.131161 51.52505,-0.124121 51.523418", "From Taviton Street, Bloomsbury to Russell Square Station, Bloomsbury"
"LINESTRING (-0.130431 51.52168,-0.124121 51.523418", "From Malet Street, Bloomsbury to Russell Square Station, Bloomsbury"
"LINESTRING (-0.116628 51.500089,-0.124121 51.523418", "From Lambeth Palace Road, Waterloo to Russell Square Station, Bloomsbury"
"LINESTRING (-0.133201 51.512515,-0.124121 51.523418", "From Wardour Street, Soho to Russell Square Station, Bloomsbury"
"LINESTRING (-0.147203 51.515308,-0.124121 51.523418", "From Chapel Place, Marylebone to Russell Square Station, Bloomsbury"
"LINESTRING (-0.127854 51.517727,-0.124121 51.523418", "From Great Russell Street, Bloomsbury to Russell Square Station, Bloomsbury"
"LINESTRING (-0.171592 51.5289,-0.124121 51.523418", "From Lord's, St. John's Wood to Russell Square Station, Bloomsbury"
"LINESTRING (-0.124678 51.51908,-0.124121 51.523418", "From British Museum, Bloomsbury to Russell Square Station, Bloomsbury"
"LINESTRING (-0.131213 51.513103,-0.124121 51.523418", "From Frith Street, Soho to Russell Square Station, Bloomsbury"
"LINESTRING (-0.11548 51.528915,-0.124121 51.523418", "From Great Percy Street, Clerkenwell to Russell Square Station, Bloomsbury"
"LINESTRING (-0.147624 51.49395,-0.124121 51.523418", "From Eccleston Place, Victoria to Russell Square Station, Bloomsbury"
"LINESTRING (-0.135635 51.488226,-0.099489 51.524868", "From St. George's Square, Pimlico to Sadlers Sports Centre, Finsbury"
"LINESTRING (-0.079249 51.518908,-0.099489 51.524868", "From Brushfield Street, Liverpool Street to Sadlers Sports Centre, Finsbury"
"LINESTRING (-0.083353 51.529537,-0.099489 51.524868", "From Fanshaw Street, Hoxton to Sadlers Sports Centre, Finsbury"
"LINESTRING (-0.074431 51.519362,-0.099489 51.524868", "From Fournier Street, Whitechapel to Sadlers Sports Centre, Finsbury"
"LINESTRING (-0.138072 51.517344,-0.099489 51.524868", "From Wells Street, Fitzrovia to Sadlers Sports Centre, Finsbury"
"LINESTRING (-0.075375 51.528187,-0.099489 51.524868", "From Columbia Road, Shoreditch to Sadlers Sports Centre, Finsbury"
"LINESTRING (-0.120202 51.523346,-0.099489 51.524868", "From Guilford Street , Bloomsbury to Sadlers Sports Centre, Finsbury"
"LINESTRING (-0.074704 51.500845,-0.099489 51.524868", "From Tower Wharf, Bermondsey to Sadlers Sports Centre, Finsbury"
"LINESTRING (-0.098807 51.506725,-0.099489 51.524868", "From Tate Modern, Bankside to Sadlers Sports Centre, Finsbury"
"LINESTRING (-0.096496 51.517821,-0.099489 51.524868", "From Museum of London, Barbican to Sadlers Sports Centre, Finsbury"
"LINESTRING (-0.09294 51.51397,-0.099489 51.524868", "From Cheapside, Bank to Sadlers Sports Centre, Finsbury"
"LINESTRING (-0.079608 51.521668,-0.099489 51.524868", "From Worship Street, Shoreditch to Sadlers Sports Centre, Finsbury"
"LINESTRING (-0.07813 51.526377,-0.099489 51.524868", "From Shoreditch High Street, Shoreditch to Sadlers Sports Centre, Finsbury"
"LINESTRING (-0.08249 51.53558,-0.099489 51.524868", "From Pitfield Street North,Hoxton to Sadlers Sports Centre, Finsbury"
"LINESTRING (-0.13151 51.509639,-0.099489 51.524868", "From Panton Street, West End to Sadlers Sports Centre, Finsbury"
"LINESTRING (-0.093903 51.530991,-0.099489 51.524868", "From Wenlock Road , Hoxton to Sadlers Sports Centre, Finsbury"
"LINESTRING (-0.086379 51.534042,-0.099489 51.524868", "From Shoreditch Park, Hoxton to Sadlers Sports Centre, Finsbury"
"LINESTRING (-0.10527 51.515809,-0.099489 51.524868", "From Stonecutter Street, Holborn to Sadlers Sports Centre, Finsbury"
"LINESTRING (-0.09734 51.520841,-0.099489 51.524868", "From Aldersgate Street, Barbican to Sadlers Sports Centre, Finsbury"
"LINESTRING (-0.06111 51.518675,-0.099489 51.524868", "From Royal London Hospital, Whitechapel to Sadlers Sports Centre, Finsbury"
"LINESTRING (-0.122492 51.486343,-0.099489 51.524868", "From Kennington Lane Rail Bridge, Vauxhall to Sadlers Sports Centre, Finsbury"
"LINESTRING (-0.132328 51.515631,-0.099489 51.524868", "From Soho Square , Soho to Sadlers Sports Centre, Finsbury"
"LINESTRING (-0.100292 51.501732,-0.099489 51.524868", "From Great Suffolk Street, The Borough to Sadlers Sports Centre, Finsbury"
"LINESTRING (-0.086379 51.534042,-0.099489 51.524868", "From Shoreditch Park, Hoxton to Sadlers Sports Centre, Finsbury"
"LINESTRING (-0.06415 51.51295,-0.099489 51.524868", "From Christian Street, Whitechapel to Sadlers Sports Centre, Finsbury"
"LINESTRING (-0.075459 51.509506,-0.099489 51.524868", "From Tower Gardens , Tower to Sadlers Sports Centre, Finsbury"
"LINESTRING (-0.096496 51.517821,-0.099489 51.524868", "From Museum of London, Barbican to Sadlers Sports Centre, Finsbury"
"LINESTRING (-0.093903 51.530991,-0.099489 51.524868", "From Wenlock Road , Hoxton to Sadlers Sports Centre, Finsbury"
"LINESTRING (-0.132328 51.515631,-0.099489 51.524868", "From Soho Square , Soho to Sadlers Sports Centre, Finsbury"
"LINESTRING (-0.068161 51.509786,-0.099489 51.524868", "From Dock Street, Wapping to Sadlers Sports Centre, Finsbury"
"LINESTRING (-0.083067 51.523196,-0.099489 51.524868", "From Clifton Street, Shoreditch to Sadlers Sports Centre, Finsbury"
"LINESTRING (-0.104298 51.526717,-0.099489 51.524868", "From Finsbury Library , Finsbury to Sadlers Sports Centre, Finsbury"
"LINESTRING (-0.09294 51.51397,-0.099489 51.524868", "From Cheapside, Bank to Sadlers Sports Centre, Finsbury"
"LINESTRING (-0.144165 51.510736,-0.099489 51.524868", "From Bruton Street, Mayfair to Sadlers Sports Centre, Finsbury"
"LINESTRING (-0.122299 51.530199,-0.099489 51.524868", "From Birkenhead Street, King's Cross to Sadlers Sports Centre, Finsbury"
"LINESTRING (-0.098341 51.505409,-0.099489 51.524868", "From Southwark Street, Bankside to Sadlers Sports Centre, Finsbury"
"LINESTRING (-0.065076 51.52388,-0.099489 51.524868", "From Cheshire Street, Bethnal Green to Sadlers Sports Centre, Finsbury"
"LINESTRING (-0.096317 51.526008,-0.099489 51.524868", "From Finsbury Leisure Centre, St. Luke's to Sadlers Sports Centre, Finsbury"
"LINESTRING (-0.049591 51.53341,-0.099489 51.524868", "From Bonner Gate, Victoria Park to Sadlers Sports Centre, Finsbury"
"LINESTRING (-0.083067 51.523196,-0.099489 51.524868", "From Clifton Street, Shoreditch to Sadlers Sports Centre, Finsbury"
"LINESTRING (-0.089659 51.52548,-0.099489 51.524868", "From Old Street Station, St. Luke's to Sadlers Sports Centre, Finsbury"
"LINESTRING (-0.101026 51.528246,-0.099489 51.524868", "From Goswell Road (City Uni), Finsbury to Sadlers Sports Centre, Finsbury"
"LINESTRING (-0.144664 51.538071,-0.099489 51.524868", "From Parkway, Camden Town to Sadlers Sports Centre, Finsbury"
"LINESTRING (-0.113864 51.504027,-0.099489 51.524868", "From Waterloo Station 1, Waterloo to Sadlers Sports Centre, Finsbury"
"LINESTRING (-0.098341 51.505409,-0.099489 51.524868", "From Southwark Street, Bankside to Sadlers Sports Centre, Finsbury"
"LINESTRING (-0.10548 51.532199,-0.099489 51.524868", "From Torrens Street, Angel to Sadlers Sports Centre, Finsbury"
"LINESTRING (-0.083067 51.523196,-0.099489 51.524868", "From Clifton Street, Shoreditch to Sadlers Sports Centre, Finsbury"
"LINESTRING (-0.112824 51.503791,-0.102091 51.500693", "From Waterloo Station 3, Waterloo to Webber Street , Southwark"
"LINESTRING (-0.111606 51.505569,-0.102091 51.500693", "From Stamford Street, South Bank to Webber Street , Southwark"
"LINESTRING (-0.13151 51.509639,-0.102091 51.500693", "From Panton Street, West End to Webber Street , Southwark"
"LINESTRING (-0.110699 51.501444,-0.102091 51.500693", "From Baylis Road, Waterloo to Webber Street , Southwark"
"LINESTRING (-0.117122 51.490994,-0.102091 51.500693", "From Black Prince Road, Vauxhall to Webber Street , Southwark"
"LINESTRING (-0.13151 51.509639,-0.102091 51.500693", "From Panton Street, West End to Webber Street , Southwark"
"LINESTRING (-0.106408 51.530515,-0.102091 51.500693", "From Chadwell Street, Angel to Webber Street , Southwark"
"LINESTRING (-0.101384 51.49652,-0.102091 51.500693", "From Ontario Street, Elephant & Castle to Webber Street , Southwark"
"LINESTRING (-0.116764 51.51362,-0.102091 51.500693", "From Houghton Street, Strand to Webber Street , Southwark"
"LINESTRING (-0.097441 51.511961,-0.102091 51.500693", "From Queen Victoria Street, St. Paul's to Webber Street , Southwark"
"LINESTRING (-0.082422 51.516154,-0.102091 51.500693", "From Wormwood Street, Liverpool Street to Webber Street , Southwark"
"LINESTRING (-0.091938 51.492807,-0.102091 51.500693", "From Victory Place, Walworth to Webber Street , Southwark"
"LINESTRING (-0.147301 51.514105,-0.102091 51.500693", "From Woodstock Street, Mayfair to Webber Street , Southwark"
"LINESTRING (-0.124121 51.523418,-0.102091 51.500693", "From Russell Square Station, Bloomsbury to Webber Street , Southwark"
"LINESTRING (-0.074754 51.523648,-0.102091 51.500693", "From Bethnal Green Road, Shoreditch to Webber Street , Southwark"
"LINESTRING (-0.13011 51.513527,-0.102091 51.500693", "From Moor Street, Soho to Webber Street , Southwark"
"LINESTRING (-0.098807 51.506725,-0.102091 51.500693", "From Tate Modern, Bankside to Webber Street , Southwark"
"LINESTRING (-0.085814 51.495061,-0.102091 51.500693", "From Bricklayers Arms, Borough to Webber Street , Southwark"
"LINESTRING (-0.132102 51.498125,-0.102091 51.500693", "From Abbey Orchard Street, Westminster to Webber Street , Southwark"
"LINESTRING (-0.13011 51.513527,-0.102091 51.500693", "From Moor Street, Soho to Webber Street , Southwark"
"LINESTRING (-0.099828 51.493146,-0.102091 51.500693", "From Strata, Elephant & Castle to Webber Street , Southwark"
"LINESTRING (-0.134234 51.494591,-0.102091 51.500693", "From Greycoat Street , Westminster to Webber Street , Southwark"
"LINESTRING (-0.147478 51.492369,-0.102091 51.500693", "From Elizabeth Bridge, Victoria to Webber Street , Southwark"
"LINESTRING (-0.089446 51.497382,-0.102091 51.500693", "From Great Dover Street, The Borough to Webber Street , Southwark"
"LINESTRING (-0.104298 51.526717,-0.102091 51.500693", "From Finsbury Library , Finsbury to Webber Street , Southwark"
"LINESTRING (-0.115851 51.505044,-0.102091 51.500693", "From Concert Hall Approach 1, South Bank to Webber Street , Southwark"
"LINESTRING (-0.134621 51.507424,-0.141327 51.520253", "From St. James's Square, St. James's to Great Titchfield Street, Fitzrovia"
"LINESTRING (-0.162298 51.522511,-0.141327 51.520253", "From Boston Place, Marylebone to Great Titchfield Street, Fitzrovia"
"LINESTRING (-0.145393 51.542138,-0.141327 51.520253", "From Castlehaven Road, Camden Town to Great Titchfield Street, Fitzrovia"
"LINESTRING (-0.135025 51.518162,-0.141327 51.520253", "From Rathbone Street, Fitzrovia to Great Titchfield Street, Fitzrovia"
"LINESTRING (-0.13214 51.519572,-0.141327 51.520253", "From Store Street, Bloomsbury to Great Titchfield Street, Fitzrovia"
"LINESTRING (-0.157183 51.52026,-0.141327 51.520253", "From Crawford Street, Marylebone to Great Titchfield Street, Fitzrovia"
"LINESTRING (-0.166304 51.525051,-0.141327 51.520253", "From Mallory Street, Marylebone to Great Titchfield Street, Fitzrovia"
"LINESTRING (-0.112824 51.503791,-0.141327 51.520253", "From Waterloo Station 3, Waterloo to Great Titchfield Street, Fitzrovia"
"LINESTRING (-0.144466 51.528302,-0.141327 51.520253", "From Albany Street, The Regent's Park to Great Titchfield Street, Fitzrovia"
"LINESTRING (-0.157183 51.52026,-0.141327 51.520253", "From Crawford Street, Marylebone to Great Titchfield Street, Fitzrovia"
"LINESTRING (-0.09885 51.515418,-0.141327 51.520253", "From Newgate Street , St. Paul's to Great Titchfield Street, Fitzrovia"
"LINESTRING (-0.157183 51.52026,-0.141327 51.520253", "From Crawford Street, Marylebone to Great Titchfield Street, Fitzrovia"
"LINESTRING (-0.162298 51.522511,-0.141327 51.520253", "From Boston Place, Marylebone to Great Titchfield Street, Fitzrovia"
"LINESTRING (-0.162298 51.522511,-0.141327 51.520253", "From Boston Place, Marylebone to Great Titchfield Street, Fitzrovia"
"LINESTRING (-0.094524 51.500694,-0.141327 51.520253", "From Borough High Street, The Borough to Great Titchfield Street, Fitzrovia"
"LINESTRING (-0.158963 51.524517,-0.141327 51.520253", "From Park Road (Baker Street), The Regent's Park to Great Titchfield Street, Fitzrovia"
"LINESTRING (-0.125078 51.534667,-0.141327 51.520253", "From Good's Way, King's Cross to Great Titchfield Street, Fitzrovia"
"LINESTRING (-0.145393 51.542138,-0.141327 51.520253", "From Castlehaven Road, Camden Town to Great Titchfield Street, Fitzrovia"
"LINESTRING (-0.164207 51.517372,-0.141327 51.520253", "From Harrowby Street, Marylebone to Great Titchfield Street, Fitzrovia"
"LINESTRING (-0.176645 51.518622,-0.141327 51.520253", "From North Wharf Road, Paddington to Great Titchfield Street, Fitzrovia"
"LINESTRING (-0.136039 51.519914,-0.141327 51.520253", "From Scala Street, Fitzrovia to Great Titchfield Street, Fitzrovia"
"LINESTRING (-0.128279 51.5293,-0.141327 51.520253", "From Ossulston Street, Somers Town to Great Titchfield Street, Fitzrovia"
"LINESTRING (-0.179702 51.499428,-0.141327 51.520253", "From Imperial College, Knightsbridge to Great Titchfield Street, Fitzrovia"
"LINESTRING (-0.145393 51.542138,-0.141327 51.520253", "From Castlehaven Road, Camden Town to Great Titchfield Street, Fitzrovia"
"LINESTRING (-0.162298 51.522511,-0.141327 51.520253", "From Boston Place, Marylebone to Great Titchfield Street, Fitzrovia"
"LINESTRING (-0.142783 51.51196,-0.141327 51.520253", "From St. George Street, Mayfair to Great Titchfield Street, Fitzrovia"
"LINESTRING (-0.093903 51.530991,-0.141327 51.520253", "From Wenlock Road , Hoxton to Great Titchfield Street, Fitzrovia"
"LINESTRING (-0.154907 51.522481,-0.141327 51.520253", "From Westminster University, Marylebone to Great Titchfield Street, Fitzrovia"
"LINESTRING (-0.145393 51.542138,-0.141327 51.520253", "From Castlehaven Road, Camden Town to Great Titchfield Street, Fitzrovia"
"LINESTRING (-0.119123 51.519435,-0.141327 51.520253", "From Red Lion Square, Holborn to Great Titchfield Street, Fitzrovia"
"LINESTRING (-0.079248 51.524526,-0.141327 51.520253", "From New Inn Yard, Shoreditch to Great Titchfield Street, Fitzrovia"
"LINESTRING (-0.066035 51.531864,-0.141327 51.520253", "From Goldsmith's Row, Haggerston to Great Titchfield Street, Fitzrovia"
"LINESTRING (-0.130504 51.526838,-0.141327 51.520253", "From Endsleigh Gardens, Euston to Great Titchfield Street, Fitzrovia"
"LINESTRING (-0.193487 51.513735,-0.141327 51.520253", "From Hereford Road, Bayswater to Great Titchfield Street, Fitzrovia"
"LINESTRING (-0.138019 51.524438,-0.141327 51.520253", "From Warren Street Station, Euston to Great Titchfield Street, Fitzrovia"
"LINESTRING (-0.092762 51.500296,-0.111257 51.514274", "From Swan Street, The Borough to Chancery Lane, Holborn"
"LINESTRING (-0.113936 51.500139,-0.111257 51.514274", "From Lower Marsh, Waterloo to Chancery Lane, Holborn"
"LINESTRING (-0.089446 51.497382,-0.111257 51.514274", "From Great Dover Street, The Borough to Chancery Lane, Holborn"
"LINESTRING (-0.08974 51.500823,-0.111257 51.514274", "From Empire Square, The Borough to Chancery Lane, Holborn"
"LINESTRING (-0.132053 51.518587,-0.111257 51.514274", "From Bayley Street , Bloomsbury to Chancery Lane, Holborn"
"LINESTRING (-0.126874 51.47787,-0.111257 51.514274", "From Hartington Road, Stockwell to Chancery Lane, Holborn"
"LINESTRING (-0.168917 51.497056,-0.111257 51.514274", "From Holy Trinity Brompton, Knightsbridge to Chancery Lane, Holborn"
"LINESTRING (-0.09022 51.491484,-0.111257 51.514274", "From Rodney Road , Walworth to Chancery Lane, Holborn"
"LINESTRING (-0.130699 51.50777,-0.111257 51.514274", "From Pall Mall East, West End to Chancery Lane, Holborn"
"LINESTRING (-0.079249 51.518908,-0.111257 51.514274", "From Brushfield Street, Liverpool Street to Chancery Lane, Holborn"
"LINESTRING (-0.111257 51.514274,-0.111257 51.514274", "From Chancery Lane, Holborn to Chancery Lane, Holborn"
"LINESTRING (-0.078869 51.521113,-0.111257 51.514274", "From Norton Folgate, Liverpool Street to Chancery Lane, Holborn"
"LINESTRING (-0.09734 51.520841,-0.111257 51.514274", "From Aldersgate Street, Barbican to Chancery Lane, Holborn"
"LINESTRING (-0.088542 51.527025,-0.111257 51.514274", "From Baldwin Street, St. Luke's to Chancery Lane, Holborn"
"LINESTRING (-0.163347 51.474392,-0.111257 51.514274", "From Albert Bridge Road, Battersea Park to Chancery Lane, Holborn"
"LINESTRING (-0.161203 51.496886,-0.111257 51.514274", "From Pont Street, Knightsbridge to Chancery Lane, Holborn"
"LINESTRING (-0.113885 51.51165,-0.111257 51.514274", "From Arundel Street to Chancery Lane, Holborn"
"LINESTRING (-0.07813 51.526377,-0.111257 51.514274", "From Shoreditch High Street, Shoreditch to Chancery Lane, Holborn"
"LINESTRING (-0.131861 51.527068,-0.111257 51.514274", "From Euston Square Gardens, Euston to Chancery Lane, Holborn"
"LINESTRING (-0.103078 51.511934,-0.111257 51.514274", "From Blackfriars Station, St. Paul's to Chancery Lane, Holborn"
"LINESTRING (-0.18267 51.494185,-0.111257 51.514274", "From Gloucester Road Station, South Kensington to Chancery Lane, Holborn"
"LINESTRING (-0.091401 51.518093,-0.111257 51.514274", "From Fore Street Avenue, Guildhall to Chancery Lane, Holborn"
"LINESTRING (-0.104708 51.52326,-0.111257 51.514274", "From Clerkenwell Green, Clerkenwell to Chancery Lane, Holborn"
"LINESTRING (-0.113426 51.503919,-0.111257 51.514274", "From Waterloo Station 2, Waterloo to Chancery Lane, Holborn"
"LINESTRING (-0.104778 51.504044,-0.111257 51.514274", "From Southwark Station 2, Southwark to Chancery Lane, Holborn"
"LINESTRING (-0.089446 51.497382,-0.111257 51.514274", "From Great Dover Street, The Borough to Chancery Lane, Holborn"
"LINESTRING (-0.098031 51.505224,-0.111257 51.514274", "From Lavington Street, Bankside to Chancery Lane, Holborn"
"LINESTRING (-0.139221 51.461388,-0.111257 51.514274", "From Clapham Common Station, Clapham Common to Chancery Lane, Holborn"
"LINESTRING (-0.125441 51.541596,-0.111257 51.514274", "From York Way, Kings Cross to Chancery Lane, Holborn"
"LINESTRING (-0.112824 51.503791,-0.111257 51.514274", "From Waterloo Station 3, Waterloo to Chancery Lane, Holborn"
"LINESTRING (-0.099994 51.522853,-0.111257 51.514274", "From Berry Street, Clerkenwell to Chancery Lane, Holborn"
"LINESTRING (-0.174593 51.520205,-0.111257 51.514274", "From Paddington Green, Paddington to Chancery Lane, Holborn"
"LINESTRING (-0.025296 51.527058,-0.111257 51.514274", "From Bow Road Station, Bow to Chancery Lane, Holborn"
"LINESTRING (-0.089782 51.53089,-0.111257 51.514274", "From Murray Grove , Hoxton to Chancery Lane, Holborn"
"LINESTRING (-0.099828 51.493146,-0.111257 51.514274", "From Strata, Elephant & Castle to Chancery Lane, Holborn"
"LINESTRING (-0.121394 51.493699,-0.13151 51.509639", "From Fire Brigade Pier, Vauxhall to Panton Street, West End"
"LINESTRING (-0.111435 51.48894,-0.13151 51.509639", "From Kennington Cross, Kennington to Panton Street, West End"
"LINESTRING (-0.145904 51.507069,-0.13151 51.509639", "From Curzon Street, Mayfair to Panton Street, West End"
"LINESTRING (-0.122219 51.51477,-0.13151 51.509639", "From Drury Lane, Covent Garden to Panton Street, West End"
"LINESTRING (-0.162298 51.522511,-0.13151 51.509639", "From Boston Place, Marylebone to Panton Street, West End"
"LINESTRING (-0.099981 51.532661,-0.13151 51.509639", "From Graham Street, Angel to Panton Street, West End"
"LINESTRING (-0.115057 51.512582,-0.13151 51.509639", "From Strand, Strand to Panton Street, West End"
"LINESTRING (-0.142345 51.510662,-0.13151 51.509639", "From Clifford Street, Mayfair to Panton Street, West End"
"LINESTRING (-0.13151 51.509639,-0.13151 51.509639", "From Panton Street, West End to Panton Street, West End"
"LINESTRING (-0.151926 51.516814,-0.13151 51.509639", "From Hinde Street, Marylebone to Panton Street, West End"
"LINESTRING (-0.174411 51.511933,-0.13151 51.509639", "From Bayswater Road, Hyde Park to Panton Street, West End"
"LINESTRING (-0.139625 51.490962,-0.13151 51.509639", "From Gloucester Street, Pimlico to Panton Street, West End"
"LINESTRING (-0.093051 51.511246,-0.13151 51.509639", "From Queen Street 2, Bank to Panton Street, West End"
"LINESTRING (-0.09734 51.520841,-0.13151 51.509639", "From Aldersgate Street, Barbican to Panton Street, West End"
"LINESTRING (-0.122219 51.51477,-0.13151 51.509639", "From Drury Lane, Covent Garden to Panton Street, West End"
"LINESTRING (-0.082989 51.510484,-0.13151 51.509639", "From Great Tower Street, Monument to Panton Street, West End"
"LINESTRING (-0.162298 51.522511,-0.13151 51.509639", "From Boston Place, Marylebone to Panton Street, West End"
"LINESTRING (-0.123616 51.529943,-0.13151 51.509639", "From Belgrove Street , King's Cross to Panton Street, West End"
"LINESTRING (-0.126994 51.470732,-0.13151 51.509639", "From Clarence Walk, Stockwell to Panton Street, West End"
"LINESTRING (-0.119643 51.511756,-0.13151 51.509639", "From Wellington Street , Strand to Panton Street, West End"
"LINESTRING (-0.123616 51.529943,-0.13151 51.509639", "From Belgrove Street , King's Cross to Panton Street, West End"
"LINESTRING (-0.082422 51.516154,-0.13151 51.509639", "From Wormwood Street, Liverpool Street to Panton Street, West End"
"LINESTRING (-0.057133 51.527607,-0.13151 51.509639", "From Hollybush Gardens, Bethnal Green to Panton Street, West End"
"LINESTRING (-0.174593 51.520205,-0.13151 51.509639", "From Paddington Green, Paddington to Panton Street, West End"
"LINESTRING (-0.113864 51.504027,-0.13151 51.509639", "From Waterloo Station 1, Waterloo to Panton Street, West End"
"LINESTRING (-0.110699 51.501444,-0.13151 51.509639", "From Baylis Road, Waterloo to Panton Street, West End"
"LINESTRING (-0.17219 51.526448,-0.13151 51.509639", "From Lisson Grove, St. John's Wood to Panton Street, West End"
"LINESTRING (-0.165164 51.514746,-0.13151 51.509639", "From Porchester Place, Paddington to Panton Street, West End"
"LINESTRING (-0.17219 51.526448,-0.13151 51.509639", "From Lisson Grove, St. John's Wood to Panton Street, West End"
"LINESTRING (-0.165842 51.522029,-0.13151 51.509639", "From Bell Street , Marylebone to Panton Street, West End"
"LINESTRING (-0.06691 51.507131,-0.13151 51.509639", "From Nesham Street, Wapping to Panton Street, West End"
"LINESTRING (-0.119047 51.509631,-0.13151 51.509639", "From Embankment (Savoy), Strand to Panton Street, West End"
"LINESTRING (-0.082422 51.516154,-0.13151 51.509639", "From Wormwood Street, Liverpool Street to Panton Street, West End"
"LINESTRING (-0.109256 51.526443,-0.13151 51.509639", "From Tysoe Street, Clerkenwell to Panton Street, West End"
"LINESTRING (-0.130504 51.526838,-0.13151 51.509639", "From Endsleigh Gardens, Euston to Panton Street, West End"
"LINESTRING (-0.123616 51.529943,-0.13151 51.509639", "From Belgrove Street , King's Cross to Panton Street, West End"
"LINESTRING (-0.165164 51.514746,-0.13151 51.509639", "From Porchester Place, Paddington to Panton Street, West End"
"LINESTRING (-0.082989 51.510484,-0.13151 51.509639", "From Great Tower Street, Monument to Panton Street, West End"
"LINESTRING (-0.119643 51.511756,-0.13151 51.509639", "From Wellington Street , Strand to Panton Street, West End"
"LINESTRING (-0.126021 51.508103,-0.13151 51.509639", "From Craven Street, Strand to Panton Street, West End"
"LINESTRING (-0.092754 51.505974,-0.13151 51.509639", "From Park Street, Bankside to Panton Street, West End"
"LINESTRING (-0.142783 51.51196,-0.13151 51.509639", "From St. George Street, Mayfair to Panton Street, West End"
"LINESTRING (-0.158264 51.514577,-0.13151 51.509639", "From Old Quebec Street, Marylebone to Panton Street, West End"
"LINESTRING (-0.062546 51.535678,-0.13151 51.509639", "From Regent's Row , Haggerston to Panton Street, West End"
"LINESTRING (-0.188098 51.517919,-0.13151 51.509639", "From Gloucester Terrace, Bayswater to Panton Street, West End"
"LINESTRING (-0.074754 51.523648,-0.13151 51.509639", "From Bethnal Green Road, Shoreditch to Panton Street, West End"
"LINESTRING (-0.155525 51.516204,-0.13151 51.509639", "From Portman Square, Marylebone to Panton Street, West End"
"LINESTRING (-0.157275 51.510017,-0.13151 51.509639", "From Park Lane , Hyde Park to Panton Street, West End"
"LINESTRING (-0.116279 51.524564,-0.13151 51.509639", "From Wren Street, Holborn to Panton Street, West End"
"LINESTRING (-0.144228 51.518117,-0.13151 51.509639", "From Broadcasting House, Marylebone to Panton Street, West End"
"LINESTRING (-0.091773 51.504627,-0.13151 51.509639", "From Hop Exchange, The Borough to Panton Street, West End"
"LINESTRING (-0.098807 51.506725,-0.13151 51.509639", "From Tate Modern, Bankside to Panton Street, West End"
"LINESTRING (-0.123616 51.529943,-0.13151 51.509639", "From Belgrove Street , King's Cross to Panton Street, West End"
"LINESTRING (-0.108068 51.527842,-0.111778 51.515937", "From Hardwick Street, Clerkenwell to Breams Buildings, Holborn"
"LINESTRING (-0.093913 51.496791,-0.111778 51.515937", "From Dickens Square, Borough to Breams Buildings, Holborn"
"LINESTRING (-0.155525 51.516204,-0.111778 51.515937", "From Portman Square, Marylebone to Breams Buildings, Holborn"
"LINESTRING (-0.112824 51.503791,-0.111778 51.515937", "From Waterloo Station 3, Waterloo to Breams Buildings, Holborn"
"LINESTRING (-0.089782 51.53089,-0.111778 51.515937", "From Murray Grove , Hoxton to Breams Buildings, Holborn"
"LINESTRING (-0.122219 51.51477,-0.111778 51.515937", "From Drury Lane, Covent Garden to Breams Buildings, Holborn"
"LINESTRING (-0.15352 51.503117,-0.111778 51.515937", "From Hyde Park Corner, Hyde Park to Breams Buildings, Holborn"
"LINESTRING (-0.123509 51.52625,-0.111778 51.515937", "From Tavistock Place, Bloomsbury to Breams Buildings, Holborn"
"LINESTRING (-0.139625 51.490962,-0.111778 51.515937", "From Gloucester Street, Pimlico to Breams Buildings, Holborn"
"LINESTRING (-0.086685 51.517075,-0.111778 51.515937", "From Finsbury Circus, Liverpool Street to Breams Buildings, Holborn"
"LINESTRING (-0.129925 51.493072,-0.111778 51.515937", "From Vincent Street, Pimlico to Breams Buildings, Holborn"
"LINESTRING (-0.13225 51.528833,-0.111778 51.515937", "From Doric Way , Somers Town to Breams Buildings, Holborn"
"LINESTRING (-0.042744 51.530326,-0.111778 51.515937", "From Twig Folly Bridge, Mile End to Breams Buildings, Holborn"
"LINESTRING (-0.113864 51.504027,-0.111778 51.515937", "From Waterloo Station 1, Waterloo to Breams Buildings, Holborn"
"LINESTRING (-0.109256 51.526443,-0.111778 51.515937", "From Tysoe Street, Clerkenwell to Breams Buildings, Holborn"
"LINESTRING (-0.047784 51.51328,-0.111778 51.515937", "From Albert Gardens, Stepney to Breams Buildings, Holborn"
"LINESTRING (-0.132224 51.49206,-0.111778 51.515937", "From Regency Street, Westminster to Breams Buildings, Holborn"
"LINESTRING (-0.091401 51.518093,-0.111778 51.515937", "From Fore Street Avenue, Guildhall to Breams Buildings, Holborn"
"LINESTRING (-0.122299 51.530199,-0.111778 51.515937", "From Birkenhead Street, King's Cross to Breams Buildings, Holborn"
"LINESTRING (-0.082422 51.516154,-0.111778 51.515937", "From Wormwood Street, Liverpool Street to Breams Buildings, Holborn"
"LINESTRING (-0.068981 51.498585,-0.111778 51.515937", "From George Row, Bermondsey to Breams Buildings, Holborn"
"LINESTRING (-0.09294 51.51397,-0.111778 51.515937", "From Cheapside, Bank to Breams Buildings, Holborn"
"LINESTRING (-0.17677 51.530889,-0.111778 51.515937", "From Grove End Road, St. John's Wood to Breams Buildings, Holborn"
"LINESTRING (-0.130504 51.526838,-0.111778 51.515937", "From Endsleigh Gardens, Euston to Breams Buildings, Holborn"
"LINESTRING (-0.086379 51.534042,-0.111778 51.515937", "From Shoreditch Park, Hoxton to Breams Buildings, Holborn"
"LINESTRING (-0.107927 51.513821,-0.111778 51.515937", "From Bouverie Street, Temple to Breams Buildings, Holborn"
"LINESTRING (-0.108657 51.51795,-0.111778 51.515937", "From Holborn Circus, Holborn to Breams Buildings, Holborn"
"LINESTRING (-0.138364 51.492111,-0.111778 51.515937", "From Tachbrook Street, Victoria to Breams Buildings, Holborn"
"LINESTRING (-0.101026 51.528246,-0.111778 51.515937", "From Goswell Road (City Uni), Finsbury to Breams Buildings, Holborn"
"LINESTRING (-0.074754 51.523648,-0.111778 51.515937", "From Bethnal Green Road, Shoreditch to Breams Buildings, Holborn"
"LINESTRING (-0.118272 51.516277,-0.111778 51.515937", "From Lincoln's Inn Fields, Holborn to Breams Buildings, Holborn"
"LINESTRING (-0.096496 51.517821,-0.111778 51.515937", "From Museum of London, Barbican to Breams Buildings, Holborn"
"LINESTRING (-0.11934 51.531066,-0.111778 51.515937", "From Northdown Street, King's Cross to Breams Buildings, Holborn"
"LINESTRING (-0.06142 51.532091,-0.0786 51.500647", "From Pritchard's Road, Bethnal Green to Tanner Street, Bermondsey"
"LINESTRING (-0.084985 51.509301,-0.0786 51.500647", "From Lower Thames Street, Monument to Tanner Street, Bermondsey"
"LINESTRING (-0.079684 51.516468,-0.0786 51.500647", "From Devonshire Square, Liverpool Street to Tanner Street, Bermondsey"
"LINESTRING (-0.0786 51.500647,-0.0786 51.500647", "From Tanner Street, Bermondsey to Tanner Street, Bermondsey"
"LINESTRING (-0.104193 51.49605,-0.0786 51.500647", "From Gaywood  Street, Elephant & Castle to Tanner Street, Bermondsey"
"LINESTRING (-0.113864 51.504027,-0.0786 51.500647", "From Waterloo Station 1, Waterloo to Tanner Street, Bermondsey"
"LINESTRING (-0.063471 51.497995,-0.0786 51.500647", "From Bermondsey Station, Bermondsey to Tanner Street, Bermondsey"
"LINESTRING (-0.014438 51.5112,-0.0786 51.500647", "From Chrisp Street Market, Poplar to Tanner Street, Bermondsey"
"LINESTRING (-0.071653 51.522617,-0.0786 51.500647", "From Brick Lane Market, Shoreditch to Tanner Street, Bermondsey"
"LINESTRING (-0.124826 51.516226,-0.0786 51.500647", "From High Holborn , Covent Garden to Tanner Street, Bermondsey"
"LINESTRING (-0.087587 51.514441,-0.0786 51.500647", "From Bank of England Museum, Bank to Tanner Street, Bermondsey"
"LINESTRING (-0.053558 51.511066,-0.0786 51.500647", "From Sutton Street, Shadwell to Tanner Street, Bermondsey"
"LINESTRING (-0.073537 51.514233,-0.0786 51.500647", "From Braham Street, Aldgate to Tanner Street, Bermondsey"
"LINESTRING (-0.087587 51.514441,-0.0786 51.500647", "From Bank of England Museum, Bank to Tanner Street, Bermondsey"
"LINESTRING (-0.054883 51.522561,-0.0786 51.500647", "From Cephas Street, Bethnal Green to Tanner Street, Bermondsey"
"LINESTRING (-0.063386 51.521905,-0.0786 51.500647", "From Selby Street, Whitechapel to Tanner Street, Bermondsey"
"LINESTRING (-0.073438 51.51838,-0.0786 51.500647", "From Fashion Street, Whitechapel to Tanner Street, Bermondsey"
"LINESTRING (-0.087262 51.506304,-0.0786 51.500647", "From Duke Street Hill, London Bridge to Tanner Street, Bermondsey"
"LINESTRING (-0.123616 51.529943,-0.0786 51.500647", "From Belgrove Street , King's Cross to Tanner Street, Bermondsey"
"LINESTRING (-0.082422 51.516154,-0.0786 51.500647", "From Wormwood Street, Liverpool Street to Tanner Street, Bermondsey"
"LINESTRING (-0.110699 51.501444,-0.0786 51.500647", "From Baylis Road, Waterloo to Tanner Street, Bermondsey"
"LINESTRING (-0.101384 51.49652,-0.0786 51.500647", "From Ontario Street, Elephant & Castle to Tanner Street, Bermondsey"
"LINESTRING (-0.093051 51.511246,-0.0786 51.500647", "From Queen Street 2, Bank to Tanner Street, Bermondsey"
"LINESTRING (-0.021596 51.502661,-0.0786 51.500647", "From Heron Quays DLR, Canary Wharf to Tanner Street, Bermondsey"
"LINESTRING (-0.138212 51.481335,-0.0786 51.500647", "From Riverlight South, Nine Elms to Tanner Street, Bermondsey"
"LINESTRING (-0.096518 51.491327,-0.0786 51.500647", "From Walworth Square, Walworth to Tanner Street, Bermondsey"
"LINESTRING (-0.053558 51.511066,-0.0786 51.500647", "From Sutton Street, Shadwell to Tanner Street, Bermondsey"
"LINESTRING (-0.130908 51.464995,-0.0786 51.500647", "From Gauden Road, Clapham to Tanner Street, Bermondsey"
"LINESTRING (-0.021596 51.502661,-0.0786 51.500647", "From Heron Quays DLR, Canary Wharf to Tanner Street, Bermondsey"
"LINESTRING (-0.087262 51.506304,-0.0786 51.500647", "From Duke Street Hill, London Bridge to Tanner Street, Bermondsey"
"LINESTRING (-0.086685 51.517075,-0.0786 51.500647", "From Finsbury Circus, Liverpool Street to Tanner Street, Bermondsey"
"LINESTRING (-0.09644 51.507385,-0.0786 51.500647", "From New Globe Walk, Bankside to Tanner Street, Bermondsey"
"LINESTRING (-0.026768 51.520398,-0.0786 51.500647", "From Ackroyd Drive, Bow to Tanner Street, Bermondsey"
"LINESTRING (-0.103132 51.498744,-0.0786 51.500647", "From LSBU (Borough Road), Elephant & Castle to Tanner Street, Bermondsey"
"LINESTRING (-0.00699 51.508981,-0.0786 51.500647", "From Naval Row, Blackwall to Tanner Street, Bermondsey"
"LINESTRING (-0.102996 51.486929,-0.0786 51.500647", "From Doddington Grove, Kennington to Tanner Street, Bermondsey"
"LINESTRING (-0.020068 51.50357,-0.0786 51.500647", "From Jubilee Plaza, Canary Wharf to Tanner Street, Bermondsey"
"LINESTRING (-0.0786 51.500647,-0.0786 51.500647", "From Tanner Street, Bermondsey to Tanner Street, Bermondsey"
"LINESTRING (-0.132102 51.498125,-0.115156 51.489479", "From Abbey Orchard Street, Westminster to Sancroft Street, Vauxhall"
"LINESTRING (-0.138733 51.496753,-0.115156 51.489479", "From Howick Place, Westminster to Sancroft Street, Vauxhall"
"LINESTRING (-0.123616 51.529943,-0.115156 51.489479", "From Belgrove Street , King's Cross to Sancroft Street, Vauxhall"
"LINESTRING (-0.112031 51.49914,-0.115156 51.489479", "From Lambeth North Station, Waterloo to Sancroft Street, Vauxhall"
"LINESTRING (-0.104193 51.49605,-0.115156 51.489479", "From Gaywood  Street, Elephant & Castle to Sancroft Street, Vauxhall"
"LINESTRING (-0.115156 51.489479,-0.115156 51.489479", "From Sancroft Street, Vauxhall to Sancroft Street, Vauxhall"
"LINESTRING (-0.081608 51.497855,-0.115156 51.489479", "From Bermondsey Street, Bermondsey to Sancroft Street, Vauxhall"
"LINESTRING (-0.115156 51.489479,-0.115156 51.489479", "From Sancroft Street, Vauxhall to Sancroft Street, Vauxhall"
"LINESTRING (-0.103078 51.511934,-0.115156 51.489479", "From Blackfriars Station, St. Paul's to Sancroft Street, Vauxhall"
"LINESTRING (-0.115156 51.489479,-0.115156 51.489479", "From Sancroft Street, Vauxhall to Sancroft Street, Vauxhall"
"LINESTRING (-0.115156 51.489479,-0.115156 51.489479", "From Sancroft Street, Vauxhall to Sancroft Street, Vauxhall"
"LINESTRING (-0.115156 51.489479,-0.115156 51.489479", "From Sancroft Street, Vauxhall to Sancroft Street, Vauxhall"
"LINESTRING (-0.110889 51.495718,-0.115156 51.489479", "From Kennington Road  , Vauxhall to Sancroft Street, Vauxhall"
"LINESTRING (-0.139956 51.493573,-0.115156 51.489479", "From Queen Mother Sports Centre, Victoria to Sancroft Street, Vauxhall"
"LINESTRING (-0.14177 51.479501,-0.115156 51.489479", "From Battersea Park Road, Nine Elms to Sancroft Street, Vauxhall"
"LINESTRING (-0.114842 51.50621,-0.115156 51.489479", "From Belvedere Road 2, South Bank to Sancroft Street, Vauxhall"
"LINESTRING (-0.129697 51.509087,-0.115156 51.489479", "From St. Martin's Street, West End to Sancroft Street, Vauxhall"
"LINESTRING (-0.070329 51.539083,-0.079684 51.516468", "From Shoreditch Court, Haggerston to Devonshire Square, Liverpool Street"
"LINESTRING (-0.105593 51.488852,-0.079684 51.516468", "From Kennington Station, Kennington to Devonshire Square, Liverpool Street"
"LINESTRING (-0.02296 51.50623,-0.079684 51.516468", "From Fisherman's Walk West, Canary Wharf to Devonshire Square, Liverpool Street"
"LINESTRING (-0.078505 51.53095,-0.079684 51.516468", "From Falkirk Street, Hoxton to Devonshire Square, Liverpool Street"
"LINESTRING (-0.055167 51.508447,-0.079684 51.516468", "From Garnet Street, Shadwell to Devonshire Square, Liverpool Street"
"LINESTRING (-0.141728 51.539099,-0.079684 51.516468", "From Greenland Road, Camden Town to Devonshire Square, Liverpool Street"
"LINESTRING (-0.075901 51.531091,-0.079684 51.516468", "From Hoxton Station, Hoxton to Devonshire Square, Liverpool Street"
"LINESTRING (-0.123179 51.506543,-0.079684 51.516468", "From Whitehall Place, Strand to Devonshire Square, Liverpool Street"
"LINESTRING (-0.070542 51.505697,-0.079684 51.516468", "From St. Katharine's Way, Tower to Devonshire Square, Liverpool Street"
"LINESTRING (-0.06111 51.518675,-0.079684 51.516468", "From Royal London Hospital, Whitechapel to Devonshire Square, Liverpool Street"
"LINESTRING (-0.101384 51.49652,-0.079684 51.516468", "From Ontario Street, Elephant & Castle to Devonshire Square, Liverpool Street"
"LINESTRING (-0.093051 51.511246,-0.079684 51.516468", "From Queen Street 2, Bank to Devonshire Square, Liverpool Street"
"LINESTRING (-0.112824 51.503791,-0.079684 51.516468", "From Waterloo Station 3, Waterloo to Devonshire Square, Liverpool Street"
"LINESTRING (-0.058641 51.515256,-0.079684 51.516468", "From Philpot Street, Whitechapel to Devonshire Square, Liverpool Street"
"LINESTRING (-0.108028 51.518825,-0.079684 51.516468", "From Hatton Garden, Holborn to Devonshire Square, Liverpool Street"
"LINESTRING (-0.114686 51.506133,-0.079684 51.516468", "From Belvedere Road 1, South Bank to Devonshire Square, Liverpool Street"
"LINESTRING (-0.091401 51.518093,-0.079684 51.516468", "From Fore Street Avenue, Guildhall to Devonshire Square, Liverpool Street"
"LINESTRING (-0.08249 51.53558,-0.079684 51.516468", "From Pitfield Street North,Hoxton to Devonshire Square, Liverpool Street"
"LINESTRING (-0.117974 51.494881,-0.079684 51.516468", "From Lambeth Road, Vauxhall to Devonshire Square, Liverpool Street"
"LINESTRING (-0.06691 51.507131,-0.079684 51.516468", "From Nesham Street, Wapping to Devonshire Square, Liverpool Street"
"LINESTRING (-0.038986 51.512871,-0.079684 51.516468", "From Flamborough Street, Limehouse to Devonshire Square, Liverpool Street"
"LINESTRING (-0.147857 51.477966,-0.079684 51.516468", "From Gas Holders, Battersea Park to Devonshire Square, Liverpool Street"
"LINESTRING (-0.055656 51.514222,-0.079684 51.516468", "From Watney Market, Stepney to Devonshire Square, Liverpool Street"
"LINESTRING (-0.074704 51.500845,-0.079684 51.516468", "From Tower Wharf, Bermondsey to Devonshire Square, Liverpool Street"
"LINESTRING (-0.091773 51.504627,-0.079684 51.516468", "From Hop Exchange, The Borough to Devonshire Square, Liverpool Street"
"LINESTRING (-0.111471 51.479601,-0.079684 51.516468", "From Cranmer Road, Stockwell to Devonshire Square, Liverpool Street"
"LINESTRING (-0.106237 51.507244,-0.079684 51.516468", "From Milroy Walk, South Bank to Devonshire Square, Liverpool Street"
"LINESTRING (-0.05438 51.520019,-0.079684 51.516468", "From Ansell House, Stepney to Devonshire Square, Liverpool Street"
"LINESTRING (-0.06691 51.507131,-0.079684 51.516468", "From Nesham Street, Wapping to Devonshire Square, Liverpool Street"
"LINESTRING (-0.125674 51.491884,-0.079684 51.516468", "From Millbank Tower, Pimlico to Devonshire Square, Liverpool Street"
"LINESTRING (-0.058826 51.54119,-0.079684 51.516468", "From London Fields, Hackney Central to Devonshire Square, Liverpool Street"
"LINESTRING (-0.100168 51.530344,-0.132053 51.518587", "From City Road, Angel to Bayley Street , Bloomsbury"
"LINESTRING (-0.082989 51.510484,-0.132053 51.518587", "From Great Tower Street, Monument to Bayley Street , Bloomsbury"
"LINESTRING (-0.109025 51.534408,-0.132053 51.518587", "From Cloudesley Road, Angel to Bayley Street , Bloomsbury"
"LINESTRING (-0.113864 51.504027,-0.132053 51.518587", "From Waterloo Station 1, Waterloo to Bayley Street , Bloomsbury"
"LINESTRING (-0.086379 51.534042,-0.132053 51.518587", "From Shoreditch Park, Hoxton to Bayley Street , Bloomsbury"
"LINESTRING (-0.17306 51.505014,-0.132053 51.518587", "From Serpentine Car Park, Hyde Park to Bayley Street , Bloomsbury"
"LINESTRING (-0.119123 51.519435,-0.132053 51.518587", "From Red Lion Square, Holborn to Bayley Street , Bloomsbury"
"LINESTRING (-0.124678 51.51908,-0.132053 51.518587", "From British Museum, Bloomsbury to Bayley Street , Bloomsbury"
"LINESTRING (-0.139016 51.520994,-0.132053 51.518587", "From Howland Street, Fitzrovia to Bayley Street , Bloomsbury"
"LINESTRING (-0.112432 51.526599,-0.132053 51.518587", "From Margery Street, Clerkenwell to Bayley Street , Bloomsbury"
"LINESTRING (-0.127854 51.517727,-0.132053 51.518587", "From Great Russell Street, Bloomsbury to Bayley Street , Bloomsbury"
"LINESTRING (-0.147983 51.519167,-0.132053 51.518587", "From New Cavendish Street, Marylebone to Bayley Street , Bloomsbury"
"LINESTRING (-0.116625 51.486965,-0.132053 51.518587", "From Vauxhall Street, Vauxhall to Bayley Street , Bloomsbury"
"LINESTRING (-0.154907 51.522481,-0.132053 51.518587", "From Westminster University, Marylebone to Bayley Street , Bloomsbury"
"LINESTRING (-0.193764 51.508605,-0.132053 51.518587", "From Palace Gardens Terrace, Notting Hill to Bayley Street , Bloomsbury"
"LINESTRING (-0.132053 51.518587,-0.132053 51.518587", "From Bayley Street , Bloomsbury to Bayley Street , Bloomsbury"
"LINESTRING (-0.136792 51.533005,-0.132053 51.518587", "From Eversholt Street , Camden Town to Bayley Street , Bloomsbury"
"LINESTRING (-0.113426 51.503919,-0.132053 51.518587", "From Waterloo Station 2, Waterloo to Bayley Street , Bloomsbury"
"LINESTRING (-0.173757 51.496471,-0.132053 51.518587", "From Exhibition Road Museums 1, South Kensington to Bayley Street , Bloomsbury"
"LINESTRING (-0.164207 51.517372,-0.132053 51.518587", "From Harrowby Street, Marylebone to Bayley Street , Bloomsbury"
"LINESTRING (-0.192165 51.457529,-0.132053 51.518587", "From Ram Street, Wandsworth to Bayley Street , Bloomsbury"
"LINESTRING (-0.121328 51.517606,-0.132053 51.518587", "From Southampton Place, Holborn to Bayley Street , Bloomsbury"
"LINESTRING (-0.141728 51.539099,-0.132053 51.518587", "From Greenland Road, Camden Town to Bayley Street , Bloomsbury"
"LINESTRING (-0.150481 51.51217,-0.132053 51.518587", "From Grosvenor Square, Mayfair to Bayley Street , Bloomsbury"
"LINESTRING (-0.122502 51.523951,-0.132053 51.518587", "From Brunswick Square, Bloomsbury to Bayley Street , Bloomsbury"
"LINESTRING (-0.129697 51.509087,-0.132053 51.518587", "From St. Martin's Street, West End to Bayley Street , Bloomsbury"
"LINESTRING (-0.116279 51.524564,-0.132053 51.518587", "From Wren Street, Holborn to Bayley Street , Bloomsbury"
"LINESTRING (-0.171681 51.522892,-0.132053 51.518587", "From Penfold Street, Marylebone to Bayley Street , Bloomsbury"
"LINESTRING (-0.119047 51.509631,-0.132053 51.518587", "From Embankment (Savoy), Strand to Bayley Street , Bloomsbury"
"LINESTRING (-0.07023 51.536654,-0.132053 51.518587", "From Belford House, Haggerston to Bayley Street , Bloomsbury"
"LINESTRING (-0.128279 51.5293,-0.132053 51.518587", "From Ossulston Street, Somers Town to Bayley Street , Bloomsbury"
"LINESTRING (-0.124749 51.509462,-0.132053 51.518587", "From William IV Street, Strand to Bayley Street , Bloomsbury"
"LINESTRING (-0.162298 51.522511,-0.132053 51.518587", "From Boston Place, Marylebone to Bayley Street , Bloomsbury"
"LINESTRING (-0.132053 51.518587,-0.132053 51.518587", "From Bayley Street , Bloomsbury to Bayley Street , Bloomsbury"
"LINESTRING (-0.123616 51.529943,-0.132053 51.518587", "From Belgrove Street , King's Cross to Bayley Street , Bloomsbury"
"LINESTRING (-0.098497 51.503688,-0.132053 51.518587", "From Union Street, The Borough to Bayley Street , Bloomsbury"
"LINESTRING (-0.123616 51.529943,-0.132053 51.518587", "From Belgrove Street , King's Cross to Bayley Street , Bloomsbury"
"LINESTRING (-0.113864 51.504027,-0.132053 51.518587", "From Waterloo Station 1, Waterloo to Bayley Street , Bloomsbury"
"LINESTRING (-0.062546 51.535678,-0.132053 51.518587", "From Regent's Row , Haggerston to Bayley Street , Bloomsbury"
"LINESTRING (-0.113864 51.504027,-0.132053 51.518587", "From Waterloo Station 1, Waterloo to Bayley Street , Bloomsbury"
"LINESTRING (-0.124678 51.51908,-0.132053 51.518587", "From British Museum, Bloomsbury to Bayley Street , Bloomsbury"
"LINESTRING (-0.111781 51.533319,-0.132053 51.518587", "From Risinghill Street, Angel to Bayley Street , Bloomsbury"
"LINESTRING (-0.123616 51.529943,-0.132053 51.518587", "From Belgrove Street , King's Cross to Bayley Street , Bloomsbury"
"LINESTRING (-0.135777 51.51953,-0.132053 51.518587", "From Charlotte Street, Fitzrovia to Bayley Street , Bloomsbury"
"LINESTRING (-0.124678 51.51908,-0.132053 51.518587", "From British Museum, Bloomsbury to Bayley Street , Bloomsbury"
"LINESTRING (-0.123509 51.52625,-0.132053 51.518587", "From Tavistock Place, Bloomsbury to Bayley Street , Bloomsbury"
"LINESTRING (-0.0985 51.51601,-0.132053 51.518587", "From King Edward Street, St Pauls to Bayley Street , Bloomsbury"
"LINESTRING (-0.138019 51.524438,-0.123509 51.52625", "From Warren Street Station, Euston to Tavistock Place, Bloomsbury"
"LINESTRING (-0.101026 51.528246,-0.123509 51.52625", "From Goswell Road (City Uni), Finsbury to Tavistock Place, Bloomsbury"
"LINESTRING (-0.106408 51.530515,-0.123509 51.52625", "From Chadwell Street, Angel to Tavistock Place, Bloomsbury"
"LINESTRING (-0.125441 51.541596,-0.123509 51.52625", "From York Way, Kings Cross to Tavistock Place, Bloomsbury"
"LINESTRING (-0.11258 51.473874,-0.123509 51.52625", "From Normandy Road, Stockwell to Tavistock Place, Bloomsbury"
"LINESTRING (-0.096496 51.517821,-0.123509 51.52625", "From Museum of London, Barbican to Tavistock Place, Bloomsbury"
"LINESTRING (-0.075885 51.536585,-0.123509 51.52625", "From Dunston Road , Haggerston to Tavistock Place, Bloomsbury"
"LINESTRING (-0.138535 51.538792,-0.123509 51.52625", "From St Martins Close, Camden Town to Tavistock Place, Bloomsbury"
"LINESTRING (-0.124678 51.51908,-0.123509 51.52625", "From British Museum, Bloomsbury to Tavistock Place, Bloomsbury"
"LINESTRING (-0.11258 51.473874,-0.123509 51.52625", "From Normandy Road, Stockwell to Tavistock Place, Bloomsbury"
"LINESTRING (-0.058826 51.54119,-0.123509 51.52625", "From London Fields, Hackney Central to Tavistock Place, Bloomsbury"
"LINESTRING (-0.13225 51.528833,-0.123509 51.52625", "From Doric Way , Somers Town to Tavistock Place, Bloomsbury"
"LINESTRING (-0.130431 51.52168,-0.123509 51.52625", "From Malet Street, Bloomsbury to Tavistock Place, Bloomsbury"
"LINESTRING (-0.070329 51.539083,-0.123509 51.52625", "From Shoreditch Court, Haggerston to Tavistock Place, Bloomsbury"
"LINESTRING (-0.162298 51.522511,-0.123509 51.52625", "From Boston Place, Marylebone to Tavistock Place, Bloomsbury"
"LINESTRING (-0.128377 51.523673,-0.123509 51.52625", "From Bedford Way, Bloomsbury to Tavistock Place, Bloomsbury"
"LINESTRING (-0.138853 51.541603,-0.123509 51.52625", "From Bonny Street, Camden Town to Tavistock Place, Bloomsbury"
"LINESTRING (-0.156285 51.535836,-0.123509 51.52625", "From London Zoo,  The Regent's Park to Tavistock Place, Bloomsbury"
"LINESTRING (-0.120202 51.523346,-0.123509 51.52625", "From Guilford Street , Bloomsbury to Tavistock Place, Bloomsbury"
"LINESTRING (-0.165842 51.522029,-0.123509 51.52625", "From Bell Street , Marylebone to Tavistock Place, Bloomsbury"
"LINESTRING (-0.108028 51.518825,-0.123509 51.52625", "From Hatton Garden, Holborn to Tavistock Place, Bloomsbury"
"LINESTRING (-0.147983 51.519167,-0.123509 51.52625", "From New Cavendish Street, Marylebone to Tavistock Place, Bloomsbury"
"LINESTRING (-0.143495 51.509992,-0.139174 51.533019", "From Grafton Street, Mayfair to Harrington Square 1, Camden Town"
"LINESTRING (-0.111606 51.505569,-0.139174 51.533019", "From Stamford Street, South Bank to Harrington Square 1, Camden Town"
"LINESTRING (-0.151126 51.510919,-0.139174 51.533019", "From Millennium Hotel, Mayfair to Harrington Square 1, Camden Town"
"LINESTRING (-0.138231 51.525542,-0.139174 51.533019", "From Hampstead Road, Euston to Harrington Square 1, Camden Town"
"LINESTRING (-0.110699 51.501444,-0.139174 51.533019", "From Baylis Road, Waterloo to Harrington Square 1, Camden Town"
"LINESTRING (-0.138072 51.517344,-0.139174 51.533019", "From Wells Street, Fitzrovia to Harrington Square 1, Camden Town"
"LINESTRING (-0.124826 51.516226,-0.139174 51.533019", "From High Holborn , Covent Garden to Harrington Square 1, Camden Town"
"LINESTRING (-0.068981 51.498585,-0.139174 51.533019", "From George Row, Bermondsey to Harrington Square 1, Camden Town"
"LINESTRING (-0.131213 51.513103,-0.139174 51.533019", "From Frith Street, Soho to Harrington Square 1, Camden Town"
"LINESTRING (-0.120202 51.523346,-0.139174 51.533019", "From Guilford Street , Bloomsbury to Harrington Square 1, Camden Town"
"LINESTRING (-0.167515 51.530529,-0.139174 51.533019", "From St. John's Wood Church, The Regent's Park to Harrington Square 1, Camden Town"
"LINESTRING (-0.113426 51.503919,-0.139174 51.533019", "From Waterloo Station 2, Waterloo to Harrington Square 1, Camden Town"
"LINESTRING (-0.137043 51.511897,-0.139174 51.533019", "From Golden Square, Soho to Harrington Square 1, Camden Town"
"LINESTRING (-0.138019 51.524438,-0.139174 51.533019", "From Warren Street Station, Euston to Harrington Square 1, Camden Town"
"LINESTRING (-0.129698 51.500703,-0.139174 51.533019", "From Storey's Gate, Westminster to Harrington Square 1, Camden Town"
"LINESTRING (-0.119123 51.519435,-0.139174 51.533019", "From Red Lion Square, Holborn to Harrington Square 1, Camden Town"
"LINESTRING (-0.131861 51.527068,-0.139174 51.533019", "From Euston Square Gardens, Euston to Harrington Square 1, Camden Town"
"LINESTRING (-0.028155 51.533283,-0.139174 51.533019", "From Hewison Street, Old Ford to Harrington Square 1, Camden Town"
"LINESTRING (-0.147983 51.519167,-0.139174 51.533019", "From New Cavendish Street, Marylebone to Harrington Square 1, Camden Town"
"LINESTRING (-0.138019 51.524438,-0.139174 51.533019", "From Warren Street Station, Euston to Harrington Square 1, Camden Town"
"LINESTRING (-0.172528 51.533043,-0.139174 51.533019", "From Wellington Road, St. John's Wood to Harrington Square 1, Camden Town"
"LINESTRING (-0.156166 51.518913,-0.139174 51.533019", "From Baker Street, Marylebone to Harrington Square 1, Camden Town"
"LINESTRING (-0.149004 51.485821,-0.139174 51.533019", "From Chelsea Bridge, Pimlico to Harrington Square 1, Camden Town"
"LINESTRING (-0.138019 51.524438,-0.139174 51.533019", "From Warren Street Station, Euston to Harrington Square 1, Camden Town"
"LINESTRING (-0.138231 51.525542,-0.139174 51.533019", "From Hampstead Road, Euston to Harrington Square 1, Camden Town"
"LINESTRING (-0.138019 51.524438,-0.139174 51.533019", "From Warren Street Station, Euston to Harrington Square 1, Camden Town"
"LINESTRING (-0.120718 51.511968,-0.139174 51.533019", "From Tavistock Street, Covent Garden to Harrington Square 1, Camden Town"
"LINESTRING (-0.139625 51.490962,-0.111014 51.493686", "From Gloucester Street, Pimlico to Walnut Tree Walk, Vauxhall"
"LINESTRING (-0.111471 51.479601,-0.111014 51.493686", "From Cranmer Road, Stockwell to Walnut Tree Walk, Vauxhall"
"LINESTRING (-0.098341 51.505409,-0.111014 51.493686", "From Southwark Street, Bankside to Walnut Tree Walk, Vauxhall"
"LINESTRING (-0.13151 51.509639,-0.111014 51.493686", "From Panton Street, West End to Walnut Tree Walk, Vauxhall"
"LINESTRING (-0.10044 51.498898,-0.111014 51.493686", "From Borough Road, Elephant & Castle to Walnut Tree Walk, Vauxhall"
"LINESTRING (-0.116628 51.500089,-0.111014 51.493686", "From Lambeth Palace Road, Waterloo to Walnut Tree Walk, Vauxhall"
"LINESTRING (-0.2135 51.496927,-0.111014 51.493686", "From Blythe Road, Olympia to Walnut Tree Walk, Vauxhall"
"LINESTRING (-0.112824 51.503791,-0.111014 51.493686", "From Waterloo Station 3, Waterloo to Walnut Tree Walk, Vauxhall"
"LINESTRING (-0.10988 51.49775,-0.111014 51.493686", "From King Edward Walk, Waterloo to Walnut Tree Walk, Vauxhall"
"LINESTRING (-0.120903 51.488124,-0.111014 51.493686", "From Vauxhall Walk, Vauxhall to Walnut Tree Walk, Vauxhall"
"LINESTRING (-0.111014 51.493686,-0.111014 51.493686", "From Walnut Tree Walk, Vauxhall to Walnut Tree Walk, Vauxhall"
"LINESTRING (-0.112031 51.49914,-0.111014 51.493686", "From Lambeth North Station, Waterloo to Walnut Tree Walk, Vauxhall"
"LINESTRING (-0.11258 51.473874,-0.111014 51.493686", "From Normandy Road, Stockwell to Walnut Tree Walk, Vauxhall"
"LINESTRING (-0.139956 51.493573,-0.111014 51.493686", "From Queen Mother Sports Centre, Victoria to Walnut Tree Walk, Vauxhall"
"LINESTRING (-0.104708 51.52326,-0.111014 51.493686", "From Clerkenwell Green, Clerkenwell to Walnut Tree Walk, Vauxhall"
"LINESTRING (-0.149569 51.50274,-0.111014 51.493686", "From Wellington Arch, Hyde Park to Walnut Tree Walk, Vauxhall"
"LINESTRING (-0.078869 51.521113,-0.111014 51.493686", "From Norton Folgate, Liverpool Street to Walnut Tree Walk, Vauxhall"
"LINESTRING (-0.106323 51.490757,-0.111014 51.493686", "From Cotton Garden Estate, Kennington to Walnut Tree Walk, Vauxhall"
"LINESTRING (-0.074189 51.502279,-0.111014 51.493686", "From Curlew Street, Shad Thames to Walnut Tree Walk, Vauxhall"
"LINESTRING (-0.110683 51.484788,-0.111014 51.493686", "From Kennington Road Post Office, Oval to Walnut Tree Walk, Vauxhall"
"LINESTRING (-0.074754 51.523648,-0.111014 51.493686", "From Bethnal Green Road, Shoreditch to Walnut Tree Walk, Vauxhall"
"LINESTRING (-0.11258 51.473874,-0.111014 51.493686", "From Normandy Road, Stockwell to Walnut Tree Walk, Vauxhall"
"LINESTRING (-0.110699 51.501444,-0.111014 51.493686", "From Baylis Road, Waterloo to Walnut Tree Walk, Vauxhall"
"LINESTRING (-0.115851 51.505044,-0.111014 51.493686", "From Concert Hall Approach 1, South Bank to Walnut Tree Walk, Vauxhall"
"LINESTRING (-0.109006 51.521661,-0.111014 51.493686", "From Hatton Wall, Holborn to Walnut Tree Walk, Vauxhall"
"LINESTRING (-0.144228 51.518117,-0.111014 51.493686", "From Broadcasting House, Marylebone to Walnut Tree Walk, Vauxhall"
"LINESTRING (-0.113864 51.504027,-0.111014 51.493686", "From Waterloo Station 1, Waterloo to Walnut Tree Walk, Vauxhall"
"LINESTRING (-0.149569 51.50274,-0.111014 51.493686", "From Wellington Arch, Hyde Park to Walnut Tree Walk, Vauxhall"
"LINESTRING (-0.172293 51.467454,-0.10044 51.498898", "From Ingrave Street, Clapham Junction to Borough Road, Elephant & Castle"
"LINESTRING (-0.110889 51.495718,-0.10044 51.498898", "From Kennington Road  , Vauxhall to Borough Road, Elephant & Castle"
"LINESTRING (-0.115851 51.505044,-0.10044 51.498898", "From Concert Hall Approach 1, South Bank to Borough Road, Elephant & Castle"
"LINESTRING (-0.130699 51.50777,-0.10044 51.498898", "From Pall Mall East, West End to Borough Road, Elephant & Castle"
"LINESTRING (-0.105312 51.504043,-0.10044 51.498898", "From Southwark Station 1, Southwark to Borough Road, Elephant & Castle"
"LINESTRING (-0.088285 51.519069,-0.10044 51.498898", "From Moorfields, Moorgate to Borough Road, Elephant & Castle"
"LINESTRING (-0.041378 51.522507,-0.10044 51.498898", "From Queen Mary's, Mile End to Borough Road, Elephant & Castle"
"LINESTRING (-0.131213 51.513103,-0.10044 51.498898", "From Frith Street, Soho to Borough Road, Elephant & Castle"
"LINESTRING (-0.093051 51.511246,-0.10044 51.498898", "From Queen Street 2, Bank to Borough Road, Elephant & Castle"
"LINESTRING (-0.117495 51.498241,-0.10044 51.498898", "From Archbishop's Park, Waterloo to Borough Road, Elephant & Castle"
"LINESTRING (-0.082422 51.516154,-0.10044 51.498898", "From Wormwood Street, Liverpool Street to Borough Road, Elephant & Castle"
"LINESTRING (-0.139221 51.461388,-0.10044 51.498898", "From Clapham Common Station, Clapham Common to Borough Road, Elephant & Castle"
"LINESTRING (-0.089887 51.520858,-0.10044 51.498898", "From Bunhill Row, Moorgate to Borough Road, Elephant & Castle"
"LINESTRING (-0.098341 51.505409,-0.10044 51.498898", "From Southwark Street, Bankside to Borough Road, Elephant & Castle"
"LINESTRING (-0.087262 51.506304,-0.10044 51.498898", "From Duke Street Hill, London Bridge to Borough Road, Elephant & Castle"
"LINESTRING (-0.17524 51.48902,-0.10044 51.498898", "From South Parade, Chelsea to Borough Road, Elephant & Castle"
"LINESTRING (-0.088285 51.519069,-0.10044 51.498898", "From Moorfields, Moorgate to Borough Road, Elephant & Castle"
"LINESTRING (-0.141923 51.489856,-0.10044 51.498898", "From Warwick Square, Pimlico to Borough Road, Elephant & Castle"
"LINESTRING (-0.086685 51.517075,-0.10044 51.498898", "From Finsbury Circus, Liverpool Street to Borough Road, Elephant & Castle"
"LINESTRING (-0.132102 51.498125,-0.10044 51.498898", "From Abbey Orchard Street, Westminster to Borough Road, Elephant & Castle"
"LINESTRING (-0.091773 51.504627,-0.10044 51.498898", "From Hop Exchange, The Borough to Borough Road, Elephant & Castle"
"LINESTRING (-0.09022 51.491484,-0.10044 51.498898", "From Rodney Road , Walworth to Borough Road, Elephant & Castle"
"LINESTRING (-0.085666 51.499075,-0.10044 51.498898", "From Long Lane , Bermondsey to Borough Road, Elephant & Castle"
"LINESTRING (-0.130504 51.526838,-0.10044 51.498898", "From Endsleigh Gardens, Euston to Borough Road, Elephant & Castle"
"LINESTRING (-0.109025 51.534408,-0.109025 51.534408", "From Cloudesley Road, Angel to Cloudesley Road, Angel"
"LINESTRING (-0.077121 51.511594,-0.109025 51.534408", "From Crosswall, Tower to Cloudesley Road, Angel"
"LINESTRING (-0.109256 51.526443,-0.109025 51.534408", "From Tysoe Street, Clerkenwell to Cloudesley Road, Angel"
"LINESTRING (-0.156166 51.518913,-0.109025 51.534408", "From Baker Street, Marylebone to Cloudesley Road, Angel"
"LINESTRING (-0.09315 51.53356,-0.109025 51.534408", "From Eagle Wharf Road, Hoxton to Cloudesley Road, Angel"
"LINESTRING (-0.145393 51.542138,-0.109025 51.534408", "From Castlehaven Road, Camden Town to Cloudesley Road, Angel"
"LINESTRING (-0.109025 51.534408,-0.109025 51.534408", "From Cloudesley Road, Angel to Cloudesley Road, Angel"
"LINESTRING (-0.082989 51.510484,-0.109025 51.534408", "From Great Tower Street, Monument to Cloudesley Road, Angel"
"LINESTRING (-0.128585 51.516118,-0.085814 51.495061", "From Earnshaw Street , Covent Garden to Bricklayers Arms, Borough"
"LINESTRING (-0.073537 51.514233,-0.085814 51.495061", "From Braham Street, Aldgate to Bricklayers Arms, Borough"
"LINESTRING (-0.089887 51.520858,-0.085814 51.495061", "From Bunhill Row, Moorgate to Bricklayers Arms, Borough"
"LINESTRING (-0.08974 51.500823,-0.085814 51.495061", "From Empire Square, The Borough to Bricklayers Arms, Borough"
"LINESTRING (-0.085814 51.495061,-0.085814 51.495061", "From Bricklayers Arms, Borough to Bricklayers Arms, Borough"
"LINESTRING (-0.113001 51.50486,-0.085814 51.495061", "From Waterloo Road, South Bank to Bricklayers Arms, Borough"
"LINESTRING (-0.053558 51.511066,-0.085814 51.495061", "From Sutton Street, Shadwell to Bricklayers Arms, Borough"
"LINESTRING (-0.099828 51.493146,-0.085814 51.495061", "From Strata, Elephant & Castle to Bricklayers Arms, Borough"
"LINESTRING (-0.103132 51.498744,-0.085814 51.495061", "From LSBU (Borough Road), Elephant & Castle to Bricklayers Arms, Borough"
"LINESTRING (-0.094475 51.521747,-0.085814 51.495061", "From Golden Lane, Barbican to Bricklayers Arms, Borough"
"LINESTRING (-0.092754 51.505974,-0.085814 51.495061", "From Park Street, Bankside to Bricklayers Arms, Borough"
"LINESTRING (-0.111778 51.515937,-0.085814 51.495061", "From Breams Buildings, Holborn to Bricklayers Arms, Borough"
"LINESTRING (-0.106237 51.507244,-0.085814 51.495061", "From Milroy Walk, South Bank to Bricklayers Arms, Borough"
"LINESTRING (-0.125972 51.49764,-0.085814 51.495061", "From Abingdon Green, Westminster to Bricklayers Arms, Borough"
"LINESTRING (-0.13011 51.513527,-0.085814 51.495061", "From Moor Street, Soho to Bricklayers Arms, Borough"
"LINESTRING (-0.113001 51.50486,-0.085814 51.495061", "From Waterloo Road, South Bank to Bricklayers Arms, Borough"
"LINESTRING (-0.113001 51.50486,-0.085814 51.495061", "From Waterloo Road, South Bank to Bricklayers Arms, Borough"
"LINESTRING (-0.092762 51.500296,-0.085814 51.495061", "From Swan Street, The Borough to Bricklayers Arms, Borough"
"LINESTRING (-0.093051 51.511246,-0.085814 51.495061", "From Queen Street 2, Bank to Bricklayers Arms, Borough"
"LINESTRING (-0.073537 51.514233,-0.085814 51.495061", "From Braham Street, Aldgate to Bricklayers Arms, Borough"
"LINESTRING (-0.102091 51.500693,-0.085814 51.495061", "From Webber Street , Southwark to Bricklayers Arms, Borough"
"LINESTRING (-0.131161 51.52505,-0.085814 51.495061", "From Taviton Street, Bloomsbury to Bricklayers Arms, Borough"
"LINESTRING (-0.087587 51.514441,-0.085814 51.495061", "From Bank of England Museum, Bank to Bricklayers Arms, Borough"
"LINESTRING (-0.063386 51.521905,-0.085814 51.495061", "From Selby Street, Whitechapel to Bricklayers Arms, Borough"
"LINESTRING (-0.121723 51.510701,-0.085814 51.495061", "From Southampton Street, Strand to Bricklayers Arms, Borough"
"LINESTRING (-0.13011 51.513527,-0.085814 51.495061", "From Moor Street, Soho to Bricklayers Arms, Borough"
"LINESTRING (-0.091773 51.504627,-0.085814 51.495061", "From Hop Exchange, The Borough to Bricklayers Arms, Borough"
"LINESTRING (-0.029138 51.516196,-0.085814 51.495061", "From Burdett Road, Mile End to Bricklayers Arms, Borough"
"LINESTRING (-0.148105 51.514759,-0.085814 51.495061", "From Marylebone Lane, Marylebone to Bricklayers Arms, Borough"
"LINESTRING (-0.117122 51.490994,-0.085814 51.495061", "From Black Prince Road, Vauxhall to Bricklayers Arms, Borough"
"LINESTRING (-0.111435 51.48894,-0.085814 51.495061", "From Kennington Cross, Kennington to Bricklayers Arms, Borough"
"LINESTRING (-0.054883 51.522561,-0.085814 51.495061", "From Cephas Street, Bethnal Green to Bricklayers Arms, Borough"
"LINESTRING (-0.104193 51.49605,-0.085814 51.495061", "From Gaywood  Street, Elephant & Castle to Bricklayers Arms, Borough"
"LINESTRING (-0.084439 51.524696,-0.085814 51.495061", "From Leonard Circus , Shoreditch to Bricklayers Arms, Borough"
"LINESTRING (-0.091773 51.504627,-0.085814 51.495061", "From Hop Exchange, The Borough to Bricklayers Arms, Borough"
"LINESTRING (-0.124749 51.509462,-0.085814 51.495061", "From William IV Street, Strand to Bricklayers Arms, Borough"
"LINESTRING (-0.098807 51.506725,-0.085814 51.495061", "From Tate Modern, Bankside to Bricklayers Arms, Borough"
"LINESTRING (-0.084985 51.509301,-0.085814 51.495061", "From Lower Thames Street, Monument to Bricklayers Arms, Borough"
"LINESTRING (-0.122492 51.486343,-0.085814 51.495061", "From Kennington Lane Rail Bridge, Vauxhall to Bricklayers Arms, Borough"
"LINESTRING (-0.085666 51.499075,-0.085814 51.495061", "From Long Lane , Bermondsey to Bricklayers Arms, Borough"
"LINESTRING (-0.094475 51.521747,-0.085814 51.495061", "From Golden Lane, Barbican to Bricklayers Arms, Borough"
"LINESTRING (-0.10834 51.52352,-0.09734 51.520841", "From Farringdon Lane, Clerkenwell to Aldersgate Street, Barbican"
"LINESTRING (-0.037366 51.534137,-0.09734 51.520841", "From Driffield Road, Old Ford to Aldersgate Street, Barbican"
"LINESTRING (-0.097122 51.529423,-0.09734 51.520841", "From Macclesfield Rd, St Lukes to Aldersgate Street, Barbican"
"LINESTRING (-0.089887 51.520858,-0.09734 51.520841", "From Bunhill Row, Moorgate to Aldersgate Street, Barbican"
"LINESTRING (-0.147301 51.514105,-0.09734 51.520841", "From Woodstock Street, Mayfair to Aldersgate Street, Barbican"
"LINESTRING (-0.085634 51.520962,-0.09734 51.520841", "From Finsbury Square , Moorgate to Aldersgate Street, Barbican"
"LINESTRING (-0.085634 51.520962,-0.09734 51.520841", "From Finsbury Square , Moorgate to Aldersgate Street, Barbican"
"LINESTRING (-0.109256 51.526443,-0.09734 51.520841", "From Tysoe Street, Clerkenwell to Aldersgate Street, Barbican"
"LINESTRING (-0.111435 51.48894,-0.09734 51.520841", "From Kennington Cross, Kennington to Aldersgate Street, Barbican"
"LINESTRING (-0.128279 51.5293,-0.09734 51.520841", "From Ossulston Street, Somers Town to Aldersgate Street, Barbican"
"LINESTRING (-0.053177 51.515975,-0.09734 51.520841", "From Jubilee Street, Stepney to Aldersgate Street, Barbican"
"LINESTRING (-0.119558 51.528279,-0.09734 51.520841", "From Cromer Street, Bloomsbury to Aldersgate Street, Barbican"
"LINESTRING (-0.123179 51.506543,-0.09734 51.520841", "From Whitehall Place, Strand to Aldersgate Street, Barbican"
"LINESTRING (-0.100791 51.518218,-0.09734 51.520841", "From West Smithfield Rotunda, Farringdon to Aldersgate Street, Barbican"
"LINESTRING (-0.081608 51.497855,-0.09734 51.520841", "From Bermondsey Street, Bermondsey to Aldersgate Street, Barbican"
"LINESTRING (-0.123616 51.529943,-0.09734 51.520841", "From Belgrove Street , King's Cross to Aldersgate Street, Barbican"
"LINESTRING (-0.113426 51.503919,-0.09734 51.520841", "From Waterloo Station 2, Waterloo to Aldersgate Street, Barbican"
"LINESTRING (-0.087262 51.506304,-0.09734 51.520841", "From Duke Street Hill, London Bridge to Aldersgate Street, Barbican"
"LINESTRING (-0.096317 51.526008,-0.09734 51.520841", "From Finsbury Leisure Centre, St. Luke's to Aldersgate Street, Barbican"
"LINESTRING (-0.141327 51.520253,-0.09734 51.520841", "From Great Titchfield Street, Fitzrovia to Aldersgate Street, Barbican"
"LINESTRING (-0.082422 51.516154,-0.09734 51.520841", "From Wormwood Street, Liverpool Street to Aldersgate Street, Barbican"
"LINESTRING (-0.094524 51.500694,-0.09734 51.520841", "From Borough High Street, The Borough to Aldersgate Street, Barbican"
"LINESTRING (-0.025296 51.527058,-0.09734 51.520841", "From Bow Road Station, Bow to Aldersgate Street, Barbican"
"LINESTRING (-0.129925 51.493072,-0.09734 51.520841", "From Vincent Street, Pimlico to Aldersgate Street, Barbican"
"LINESTRING (-0.099981 51.532661,-0.09734 51.520841", "From Graham Street, Angel to Aldersgate Street, Barbican"
"LINESTRING (-0.06111 51.518675,-0.09734 51.520841", "From Royal London Hospital, Whitechapel to Aldersgate Street, Barbican"
"LINESTRING (-0.112824 51.503791,-0.09734 51.520841", "From Waterloo Station 3, Waterloo to Aldersgate Street, Barbican"
"LINESTRING (-0.06111 51.518675,-0.09734 51.520841", "From Royal London Hospital, Whitechapel to Aldersgate Street, Barbican"
"LINESTRING (-0.109914 51.531666,-0.09734 51.520841", "From Claremont Square, Angel to Aldersgate Street, Barbican"
"LINESTRING (-0.109006 51.521661,-0.09734 51.520841", "From Hatton Wall, Holborn to Aldersgate Street, Barbican"
"LINESTRING (-0.101026 51.528246,-0.09734 51.520841", "From Goswell Road (City Uni), Finsbury to Aldersgate Street, Barbican"
"LINESTRING (-0.079249 51.518908,-0.09734 51.520841", "From Brushfield Street, Liverpool Street to Aldersgate Street, Barbican"
"LINESTRING (-0.079608 51.521668,-0.09734 51.520841", "From Worship Street, Shoreditch to Aldersgate Street, Barbican"
"LINESTRING (-0.09885 51.515418,-0.09734 51.520841", "From Newgate Street , St. Paul's to Aldersgate Street, Barbican"
"LINESTRING (-0.079608 51.521668,-0.09734 51.520841", "From Worship Street, Shoreditch to Aldersgate Street, Barbican"
"LINESTRING (-0.115057 51.512582,-0.09734 51.520841", "From Strand, Strand to Aldersgate Street, Barbican"
"LINESTRING (-0.147154 51.537349,-0.09734 51.520841", "From Gloucester Avenue, Camden Town to Aldersgate Street, Barbican"
"LINESTRING (-0.102208 51.526153,-0.09734 51.520841", "From Percival Street, Finsbury to Aldersgate Street, Barbican"
"LINESTRING (-0.135478 51.495827,-0.09734 51.520841", "From Rochester Row, Westminster to Aldersgate Street, Barbican"
"LINESTRING (-0.117863 51.515208,-0.09734 51.520841", "From Sardinia Street, Holborn to Aldersgate Street, Barbican"
"LINESTRING (-0.144228 51.518117,-0.09734 51.520841", "From Broadcasting House, Marylebone to Aldersgate Street, Barbican"
"LINESTRING (-0.104298 51.526717,-0.09734 51.520841", "From Finsbury Library , Finsbury to Aldersgate Street, Barbican"
"LINESTRING (-0.118295 51.52728,-0.09734 51.520841", "From Ampton Street , Clerkenwell to Aldersgate Street, Barbican"
"LINESTRING (-0.121723 51.510701,-0.09734 51.520841", "From Southampton Street, Strand to Aldersgate Street, Barbican"
"LINESTRING (-0.08299 51.53213,-0.09734 51.520841", "From Pitfield Street Central, Hoxton to Aldersgate Street, Barbican"
"LINESTRING (-0.074284 51.539328,-0.09734 51.520841", "From Haggerston Road, Haggerston to Aldersgate Street, Barbican"
"LINESTRING (-0.094524 51.500694,-0.09734 51.520841", "From Borough High Street, The Borough to Aldersgate Street, Barbican"
"LINESTRING (-0.135478 51.495827,-0.09734 51.520841", "From Rochester Row, Westminster to Aldersgate Street, Barbican"
"LINESTRING (-0.101026 51.528246,-0.09734 51.520841", "From Goswell Road (City Uni), Finsbury to Aldersgate Street, Barbican"
"LINESTRING (-0.112824 51.503791,-0.09734 51.520841", "From Waterloo Station 3, Waterloo to Aldersgate Street, Barbican"
"LINESTRING (-0.098031 51.505224,-0.09734 51.520841", "From Lavington Street, Bankside to Aldersgate Street, Barbican"
"LINESTRING (-0.083935 51.520009,-0.09734 51.520841", "From Sun Street, Liverpool Street to Aldersgate Street, Barbican"
"LINESTRING (-0.099994 51.522853,-0.078505 51.53095", "From Berry Street, Clerkenwell to Falkirk Street, Hoxton"
"LINESTRING (-0.150481 51.51217,-0.078505 51.53095", "From Grosvenor Square, Mayfair to Falkirk Street, Hoxton"
"LINESTRING (-0.093903 51.530991,-0.078505 51.53095", "From Wenlock Road , Hoxton to Falkirk Street, Hoxton"
"LINESTRING (-0.104724 51.52836,-0.078505 51.53095", "From St. John Street, Finsbury to Falkirk Street, Hoxton"
"LINESTRING (-0.075855 51.517475,-0.078505 51.53095", "From Bell Lane, Liverpool Street to Falkirk Street, Hoxton"
"LINESTRING (-0.025492 51.530535,-0.078505 51.53095", "From Mostyn Grove, Bow to Falkirk Street, Hoxton"
"LINESTRING (-0.08249 51.53558,-0.078505 51.53095", "From Pitfield Street North,Hoxton to Falkirk Street, Hoxton"
"LINESTRING (-0.075885 51.536585,-0.078505 51.53095", "From Dunston Road , Haggerston to Falkirk Street, Hoxton"
"LINESTRING (-0.093903 51.530991,-0.078505 51.53095", "From Wenlock Road , Hoxton to Falkirk Street, Hoxton"
"LINESTRING (-0.119123 51.519435,-0.078505 51.53095", "From Red Lion Square, Holborn to Falkirk Street, Hoxton"
"LINESTRING (-0.097122 51.529423,-0.078505 51.53095", "From Macclesfield Rd, St Lukes to Falkirk Street, Hoxton"
"LINESTRING (-0.08249 51.53558,-0.078505 51.53095", "From Pitfield Street North,Hoxton to Falkirk Street, Hoxton"
"LINESTRING (-0.147983 51.519167,-0.078505 51.53095", "From New Cavendish Street, Marylebone to Falkirk Street, Hoxton"
"LINESTRING (-0.075901 51.531091,-0.078505 51.53095", "From Hoxton Station, Hoxton to Falkirk Street, Hoxton"
"LINESTRING (-0.093421 51.529154,-0.078505 51.53095", "From Windsor Terrace, Hoxton to Falkirk Street, Hoxton"
"LINESTRING (-0.090847 51.525893,-0.078505 51.53095", "From Bath Street, St. Luke's to Falkirk Street, Hoxton"
"LINESTRING (-0.102757 51.536384,-0.078505 51.53095", "From Islington Green, Angel to Falkirk Street, Hoxton"
"LINESTRING (-0.054883 51.522561,-0.078505 51.53095", "From Cephas Street, Bethnal Green to Falkirk Street, Hoxton"
"LINESTRING (-0.083353 51.529537,-0.078505 51.53095", "From Fanshaw Street, Hoxton to Falkirk Street, Hoxton"
"LINESTRING (-0.079249 51.518908,-0.078505 51.53095", "From Brushfield Street, Liverpool Street to Falkirk Street, Hoxton"
"LINESTRING (-0.07962 51.503493,-0.078505 51.53095", "From Tooley Street, Bermondsey to Falkirk Street, Hoxton"
"LINESTRING (-0.187842 51.509908,-0.183834 51.497924", "From Black Lion Gate, Kensington Gardens to Gloucester Road (North), Kensington"
"LINESTRING (-0.187402 51.51031,-0.183834 51.497924", "From Queensway, Kensington Gardens to Gloucester Road (North), Kensington"
"LINESTRING (-0.190184 51.459953,-0.183834 51.497924", "From Morie Street, Wandsworth to Gloucester Road (North), Kensington"
"LINESTRING (-0.138072 51.517344,-0.183834 51.497924", "From Wells Street, Fitzrovia to Gloucester Road (North), Kensington"
"LINESTRING (-0.170983 51.486892,-0.183834 51.497924", "From Manresa Road, Chelsea to Gloucester Road (North), Kensington"
"LINESTRING (-0.194757 51.493343,-0.183834 51.497924", "From Nevern Place, Earl's Court to Gloucester Road (North), Kensington"
"LINESTRING (-0.139016 51.520994,-0.183834 51.497924", "From Howland Street, Fitzrovia to Gloucester Road (North), Kensington"
"LINESTRING (-0.205284 51.496712,-0.183834 51.497924", "From Warwick Road, Olympia to Gloucester Road (North), Kensington"
"LINESTRING (-0.196422 51.509353,-0.183834 51.497924", "From Notting Hill Gate Station, Notting Hill to Gloucester Road (North), Kensington"
"LINESTRING (-0.179702 51.499428,-0.183834 51.497924", "From Imperial College, Knightsbridge to Gloucester Road (North), Kensington"
"LINESTRING (-0.14296 51.497998,-0.183834 51.497924", "From Warwick Row, Westminster to Gloucester Road (North), Kensington"
"LINESTRING (-0.145827 51.507326,-0.183834 51.497924", "From Clarges Street, Mayfair to Gloucester Road (North), Kensington"
"LINESTRING (-0.147983 51.519167,-0.183834 51.497924", "From New Cavendish Street, Marylebone to Gloucester Road (North), Kensington"
"LINESTRING (-0.194757 51.493343,-0.183834 51.497924", "From Nevern Place, Earl's Court to Gloucester Road (North), Kensington"
"LINESTRING (-0.215895 51.476885,-0.183834 51.497924", "From Finlay Street, Fulham to Gloucester Road (North), Kensington"
"LINESTRING (-0.194757 51.493343,-0.183834 51.497924", "From Nevern Place, Earl's Court to Gloucester Road (North), Kensington"
"LINESTRING (-0.151126 51.510919,-0.183834 51.497924", "From Millennium Hotel, Mayfair to Gloucester Road (North), Kensington"
"LINESTRING (-0.211316 51.500088,-0.183834 51.497924", "From Russell Gardens, Olympia to Gloucester Road (North), Kensington"
"LINESTRING (-0.187404 51.487958,-0.183834 51.497924", "From Harcourt Terrace, West Brompton to Gloucester Road (North), Kensington"
"LINESTRING (-0.169821 51.466633,-0.183834 51.497924", "From Falcon Road, Clapham Junction to Gloucester Road (North), Kensington"
"LINESTRING (-0.193764 51.508605,-0.183834 51.497924", "From Palace Gardens Terrace, Notting Hill to Gloucester Road (North), Kensington"
"LINESTRING (-0.142844 51.506613,-0.183834 51.497924", "From Green Park Station, Mayfair to Gloucester Road (North), Kensington"
"LINESTRING (-0.173881 51.494412,-0.183834 51.497924", "From South Kensington Station, South Kensington to Gloucester Road (North), Kensington"
"LINESTRING (-0.16716 51.47518,-0.183834 51.497924", "From Surrey Lane, Battersea to Gloucester Road (North), Kensington"
"LINESTRING (-0.183834 51.497924,-0.183834 51.497924", "From Gloucester Road (North), Kensington to Gloucester Road (North), Kensington"
"LINESTRING (-0.120718 51.511968,-0.138231 51.525542", "From Tavistock Street, Covent Garden to Hampstead Road, Euston"
"LINESTRING (-0.165842 51.522029,-0.138231 51.525542", "From Bell Street , Marylebone to Hampstead Road, Euston"
"LINESTRING (-0.116688 51.520596,-0.138231 51.525542", "From Theobald's Road , Holborn to Hampstead Road, Euston"
"LINESTRING (-0.158963 51.524517,-0.138231 51.525542", "From Park Road (Baker Street), The Regent's Park to Hampstead Road, Euston"
"LINESTRING (-0.144466 51.528302,-0.138231 51.525542", "From Albany Street, The Regent's Park to Hampstead Road, Euston"
"LINESTRING (-0.138231 51.525542,-0.138231 51.525542", "From Hampstead Road, Euston to Hampstead Road, Euston"
"LINESTRING (-0.178433 51.492479,-0.138231 51.525542", "From Queen's Gate (South), South Kensington to Hampstead Road, Euston"
"LINESTRING (-0.070329 51.539083,-0.138231 51.525542", "From Shoreditch Court, Haggerston to Hampstead Road, Euston"
"LINESTRING (-0.141728 51.539099,-0.138231 51.525542", "From Greenland Road, Camden Town to Hampstead Road, Euston"
"LINESTRING (-0.125078 51.534667,-0.138231 51.525542", "From Good's Way, King's Cross to Hampstead Road, Euston"
"LINESTRING (-0.09315 51.53356,-0.138231 51.525542", "From Eagle Wharf Road, Hoxton to Hampstead Road, Euston"
"LINESTRING (-0.138853 51.541603,-0.138231 51.525542", "From Bonny Street, Camden Town to Hampstead Road, Euston"
"LINESTRING (-0.147301 51.514105,-0.138231 51.525542", "From Woodstock Street, Mayfair to Hampstead Road, Euston"
"LINESTRING (-0.086685 51.517075,-0.138231 51.525542", "From Finsbury Circus, Liverpool Street to Hampstead Road, Euston"
"LINESTRING (-0.094934 51.522954,-0.138231 51.525542", "From Roscoe Street, St. Luke's to Hampstead Road, Euston"
"LINESTRING (-0.183846 51.523344,-0.138231 51.525542", "From Warwick Avenue Station, Maida Vale to Hampstead Road, Euston"
"LINESTRING (-0.144466 51.528302,-0.138231 51.525542", "From Albany Street, The Regent's Park to Hampstead Road, Euston"
"LINESTRING (-0.133952 51.536264,-0.138231 51.525542", "From Royal College Street, Camden Town to Hampstead Road, Euston"
"LINESTRING (-0.153645 51.512911,-0.138231 51.525542", "From North Audley Street, Mayfair to Hampstead Road, Euston"
"LINESTRING (-0.200804 51.520509,-0.138231 51.525542", "From The Metropolitan, Portobello to Hampstead Road, Euston"
"LINESTRING (-0.141728 51.539099,-0.138231 51.525542", "From Greenland Road, Camden Town to Hampstead Road, Euston"
"LINESTRING (-0.171103 51.518268,-0.138231 51.525542", "From St Mary's Hospital, Paddington to Hampstead Road, Euston"
"LINESTRING (-0.144466 51.528302,-0.138231 51.525542", "From Albany Street, The Regent's Park to Hampstead Road, Euston"
"LINESTRING (-0.158963 51.524517,-0.138231 51.525542", "From Park Road (Baker Street), The Regent's Park to Hampstead Road, Euston"
"LINESTRING (-0.124749 51.509462,-0.138231 51.525542", "From William IV Street, Strand to Hampstead Road, Euston"
"LINESTRING (-0.158963 51.524517,-0.138231 51.525542", "From Park Road (Baker Street), The Regent's Park to Hampstead Road, Euston"
"LINESTRING (-0.124807 51.53724,-0.138231 51.525542", "From Handyside Street, King's Cross to Hampstead Road, Euston"
"LINESTRING (-0.138231 51.525542,-0.138231 51.525542", "From Hampstead Road, Euston to Hampstead Road, Euston"
"LINESTRING (-0.147154 51.537349,-0.138231 51.525542", "From Gloucester Avenue, Camden Town to Hampstead Road, Euston"
"LINESTRING (-0.009001 51.487129,-0.138231 51.525542", "From Saunders Ness Road, Cubitt Town to Hampstead Road, Euston"
"LINESTRING (-0.139174 51.533019,-0.138231 51.525542", "From Harrington Square 1, Camden Town to Hampstead Road, Euston"
"LINESTRING (-0.139174 51.533019,-0.138231 51.525542", "From Harrington Square 1, Camden Town to Hampstead Road, Euston"
"LINESTRING (-0.138853 51.541603,-0.138231 51.525542", "From Bonny Street, Camden Town to Hampstead Road, Euston"
"LINESTRING (-0.136792 51.533005,-0.138231 51.525542", "From Eversholt Street , Camden Town to Hampstead Road, Euston"
"LINESTRING (-0.162298 51.522511,-0.138231 51.525542", "From Boston Place, Marylebone to Hampstead Road, Euston"
"LINESTRING (-0.124749 51.509462,-0.138231 51.525542", "From William IV Street, Strand to Hampstead Road, Euston"
"LINESTRING (-0.10548 51.532199,-0.138231 51.525542", "From Torrens Street, Angel to Hampstead Road, Euston"
"LINESTRING (-0.176268 51.524826,-0.138231 51.525542", "From Aberdeen Place, St. John's Wood to Hampstead Road, Euston"
"LINESTRING (-0.109006 51.521661,-0.138231 51.525542", "From Hatton Wall, Holborn to Hampstead Road, Euston"
"LINESTRING (-0.133952 51.536264,-0.138231 51.525542", "From Royal College Street, Camden Town to Hampstead Road, Euston"
"LINESTRING (-0.158264 51.514577,-0.138231 51.525542", "From Old Quebec Street, Marylebone to Hampstead Road, Euston"
"LINESTRING (-0.139174 51.533019,-0.138231 51.525542", "From Harrington Square 1, Camden Town to Hampstead Road, Euston"
"LINESTRING (-0.19096 51.51244,-0.138231 51.525542", "From Ilchester Gardens, Bayswater to Hampstead Road, Euston"
"LINESTRING (-0.164393 51.516517,-0.158264 51.514577", "From Nutford Place, Marylebone to Old Quebec Street, Marylebone"
"LINESTRING (-0.142943 51.496863,-0.158264 51.514577", "From Allington Street, Victoria to Old Quebec Street, Marylebone"
"LINESTRING (-0.159237 51.501855,-0.158264 51.514577", "From Seville Street, Knightsbridge to Old Quebec Street, Marylebone"
"LINESTRING (-0.17677 51.530889,-0.158264 51.514577", "From Grove End Road, St. John's Wood to Old Quebec Street, Marylebone"
"LINESTRING (-0.145393 51.542138,-0.158264 51.514577", "From Castlehaven Road, Camden Town to Old Quebec Street, Marylebone"
"LINESTRING (-0.201554 51.512136,-0.158264 51.514577", "From Chepstow Villas, Notting Hill to Old Quebec Street, Marylebone"
"LINESTRING (-0.171681 51.522892,-0.158264 51.514577", "From Penfold Street, Marylebone to Old Quebec Street, Marylebone"
"LINESTRING (-0.179592 51.525575,-0.158264 51.514577", "From Clifton Road, Maida Vale to Old Quebec Street, Marylebone"
"LINESTRING (-0.147301 51.514105,-0.158264 51.514577", "From Woodstock Street, Mayfair to Old Quebec Street, Marylebone"
"LINESTRING (-0.158456 51.502953,-0.158264 51.514577", "From Albert Gate, Hyde Park to Old Quebec Street, Marylebone"
"LINESTRING (-0.155525 51.516204,-0.158264 51.514577", "From Portman Square, Marylebone to Old Quebec Street, Marylebone"
"LINESTRING (-0.19096 51.51244,-0.158264 51.514577", "From Ilchester Gardens, Bayswater to Old Quebec Street, Marylebone"
"LINESTRING (-0.147154 51.537349,-0.158264 51.514577", "From Gloucester Avenue, Camden Town to Old Quebec Street, Marylebone"
"LINESTRING (-0.157183 51.52026,-0.158264 51.514577", "From Crawford Street, Marylebone to Old Quebec Street, Marylebone"
"LINESTRING (-0.169249 51.515953,-0.158264 51.514577", "From Southwick Street, Paddington to Old Quebec Street, Marylebone"
"LINESTRING (-0.179369 51.487196,-0.158264 51.514577", "From Drayton Gardens, West Chelsea to Old Quebec Street, Marylebone"
"LINESTRING (-0.171103 51.518268,-0.158264 51.514577", "From St Mary's Hospital, Paddington to Old Quebec Street, Marylebone"
"LINESTRING (-0.124749 51.509462,-0.158264 51.514577", "From William IV Street, Strand to Old Quebec Street, Marylebone"
"LINESTRING (-0.168917 51.497056,-0.158264 51.514577", "From Holy Trinity Brompton, Knightsbridge to Old Quebec Street, Marylebone"
"LINESTRING (-0.15352 51.503117,-0.158264 51.514577", "From Hyde Park Corner, Hyde Park to Old Quebec Street, Marylebone"
"LINESTRING (-0.164393 51.516517,-0.158264 51.514577", "From Nutford Place, Marylebone to Old Quebec Street, Marylebone"
"LINESTRING (-0.130504 51.526838,-0.158264 51.514577", "From Endsleigh Gardens, Euston to Old Quebec Street, Marylebone"
"LINESTRING (-0.116191 51.535467,-0.158264 51.514577", "From Carnegie Street, King's Cross to Old Quebec Street, Marylebone"
"LINESTRING (-0.108028 51.518825,-0.158264 51.514577", "From Hatton Garden, Holborn to Old Quebec Street, Marylebone"
"LINESTRING (-0.17219 51.526448,-0.158264 51.514577", "From Lisson Grove, St. John's Wood to Old Quebec Street, Marylebone"
"LINESTRING (-0.142783 51.51196,-0.158264 51.514577", "From St. George Street, Mayfair to Old Quebec Street, Marylebone"
"LINESTRING (-0.158264 51.514577,-0.158264 51.514577", "From Old Quebec Street, Marylebone to Old Quebec Street, Marylebone"
"LINESTRING (-0.166878 51.488023,-0.158264 51.514577", "From Flood Street, Chelsea to Old Quebec Street, Marylebone"
"LINESTRING (-0.154106 51.517703,-0.158264 51.514577", "From George Street, Marylebone to Old Quebec Street, Marylebone"
"LINESTRING (-0.192165 51.457529,-0.158264 51.514577", "From Ram Street, Wandsworth to Old Quebec Street, Marylebone"
"LINESTRING (-0.165471 51.498884,-0.158264 51.514577", "From Montpelier Street, Knightsbridge to Old Quebec Street, Marylebone"
"LINESTRING (-0.142943 51.496863,-0.158264 51.514577", "From Allington Street, Victoria to Old Quebec Street, Marylebone"
"LINESTRING (-0.128585 51.516118,-0.158264 51.514577", "From Earnshaw Street , Covent Garden to Old Quebec Street, Marylebone"
"LINESTRING (-0.158264 51.514577,-0.158264 51.514577", "From Old Quebec Street, Marylebone to Old Quebec Street, Marylebone"
"LINESTRING (-0.165471 51.498884,-0.158264 51.514577", "From Montpelier Street, Knightsbridge to Old Quebec Street, Marylebone"
"LINESTRING (-0.14296 51.497998,-0.158264 51.514577", "From Warwick Row, Westminster to Old Quebec Street, Marylebone"
"LINESTRING (-0.148059 51.472865,-0.158264 51.514577", "From Silverthorne Road, Battersea to Old Quebec Street, Marylebone"
"LINESTRING (-0.191351 51.513489,-0.158264 51.514577", "From Princes Square, Bayswater to Old Quebec Street, Marylebone"
"LINESTRING (-0.190346 51.46822,-0.158264 51.514577", "From Stephendale Road, Sands End to Old Quebec Street, Marylebone"
"LINESTRING (-0.139016 51.520994,-0.158264 51.514577", "From Howland Street, Fitzrovia to Old Quebec Street, Marylebone"
"LINESTRING (-0.086685 51.517075,-0.158264 51.514577", "From Finsbury Circus, Liverpool Street to Old Quebec Street, Marylebone"
"LINESTRING (-0.171103 51.518268,-0.158264 51.514577", "From St Mary's Hospital, Paddington to Old Quebec Street, Marylebone"
"LINESTRING (-0.155525 51.516204,-0.158264 51.514577", "From Portman Square, Marylebone to Old Quebec Street, Marylebone"
"LINESTRING (-0.187842 51.509908,-0.158264 51.514577", "From Black Lion Gate, Kensington Gardens to Old Quebec Street, Marylebone"
"LINESTRING (-0.17977 51.51348,-0.158264 51.514577", "From Devonshire Terrace, Bayswater to Old Quebec Street, Marylebone"
"LINESTRING (-0.147449 51.509351,-0.158264 51.514577", "From Farm Street, Mayfair to Old Quebec Street, Marylebone"
"LINESTRING (-0.123616 51.529943,-0.158264 51.514577", "From Belgrove Street , King's Cross to Old Quebec Street, Marylebone"
"LINESTRING (-0.17977 51.51348,-0.158264 51.514577", "From Devonshire Terrace, Bayswater to Old Quebec Street, Marylebone"
"LINESTRING (-0.122492 51.486343,-0.158264 51.514577", "From Kennington Lane Rail Bridge, Vauxhall to Old Quebec Street, Marylebone"
"LINESTRING (-0.179369 51.487196,-0.158264 51.514577", "From Drayton Gardens, West Chelsea to Old Quebec Street, Marylebone"
"LINESTRING (-0.176267 51.472876,-0.122806 51.490435", "From Vicarage Crescent, Battersea to Albert Embankment, Vauxhall"
"LINESTRING (-0.147714 51.483507,-0.122806 51.490435", "From Battersea Power Station, Battersea Park to Albert Embankment, Vauxhall"
"LINESTRING (-0.111471 51.479601,-0.122806 51.490435", "From Cranmer Road, Stockwell to Albert Embankment, Vauxhall"
"LINESTRING (-0.136123 51.482362,-0.122806 51.490435", "From Riverlight North, Nine Elms to Albert Embankment, Vauxhall"
"LINESTRING (-0.123179 51.506543,-0.122806 51.490435", "From Whitehall Place, Strand to Albert Embankment, Vauxhall"
"LINESTRING (-0.200806 51.457059,-0.122806 51.490435", "From Santos Road, Wandsworth to Albert Embankment, Vauxhall"
"LINESTRING (-0.123823 51.501513,-0.122806 51.490435", "From Westminster Pier, Westminster to Albert Embankment, Vauxhall"
"LINESTRING (-0.085814 51.495061,-0.122806 51.490435", "From Bricklayers Arms, Borough to Albert Embankment, Vauxhall"
"LINESTRING (-0.115375 51.460232,-0.122806 51.490435", "From Saltoun Road, Brixton to Albert Embankment, Vauxhall"
"LINESTRING (-0.216305 51.483356,-0.122806 51.490435", "From Everington Street, Fulham to Albert Embankment, Vauxhall"
"LINESTRING (-0.123823 51.501513,-0.122806 51.490435", "From Westminster Pier, Westminster to Albert Embankment, Vauxhall"
"LINESTRING (-0.096317 51.526008,-0.122806 51.490435", "From Finsbury Leisure Centre, St. Luke's to Albert Embankment, Vauxhall"
"LINESTRING (-0.136123 51.482362,-0.122806 51.490435", "From Riverlight North, Nine Elms to Albert Embankment, Vauxhall"
"LINESTRING (-0.122806 51.490435,-0.122806 51.490435", "From Albert Embankment, Vauxhall to Albert Embankment, Vauxhall"
"LINESTRING (-0.087587 51.514441,-0.122806 51.490435", "From Bank of England Museum, Bank to Albert Embankment, Vauxhall"
"LINESTRING (-0.0786 51.500647,-0.122806 51.490435", "From Tanner Street, Bermondsey to Albert Embankment, Vauxhall"
"LINESTRING (-0.112824 51.503791,-0.09294 51.511553", "From Waterloo Station 3, Waterloo to Queen Street 1, Bank"
"LINESTRING (-0.025996 51.509303,-0.09294 51.511553", "From Westferry DLR, Limehouse to Queen Street 1, Bank"
"LINESTRING (-0.074431 51.519362,-0.09294 51.511553", "From Fournier Street, Whitechapel to Queen Street 1, Bank"
"LINESTRING (-0.091401 51.518093,-0.09294 51.511553", "From Fore Street Avenue, Guildhall to Queen Street 1, Bank"
"LINESTRING (-0.099489 51.524868,-0.09294 51.511553", "From Sadlers Sports Centre, Finsbury to Queen Street 1, Bank"
"LINESTRING (-0.094524 51.500694,-0.09294 51.511553", "From Borough High Street, The Borough to Queen Street 1, Bank"
"LINESTRING (-0.103132 51.498744,-0.09294 51.511553", "From LSBU (Borough Road), Elephant & Castle to Queen Street 1, Bank"
"LINESTRING (-0.109006 51.521661,-0.09294 51.511553", "From Hatton Wall, Holborn to Queen Street 1, Bank"
"LINESTRING (-0.042744 51.530326,-0.09294 51.511553", "From Twig Folly Bridge, Mile End to Queen Street 1, Bank"
"LINESTRING (-0.103604 51.517334,-0.09294 51.511553", "From Snow Hill, Farringdon to Queen Street 1, Bank"
"LINESTRING (-0.124749 51.509462,-0.09294 51.511553", "From William IV Street, Strand to Queen Street 1, Bank"
"LINESTRING (-0.180246 51.501026,-0.09294 51.511553", "From Queen's Gate (North), Kensington to Queen Street 1, Bank"
"LINESTRING (-0.191933 51.495866,-0.09294 51.511553", "From Lexham Gardens, Kensington to Queen Street 1, Bank"
"LINESTRING (-0.01051 51.54094,-0.09294 51.511553", "From Aquatic Centre, Queen Elizabeth Olympic Park to Queen Street 1, Bank"
"LINESTRING (-0.058631 51.524583,-0.09294 51.511553", "From Finnis Street, Bethnal Green to Queen Street 1, Bank"
"LINESTRING (-0.113864 51.504027,-0.09294 51.511553", "From Waterloo Station 1, Waterloo to Queen Street 1, Bank"
"LINESTRING (-0.097122 51.529423,-0.09294 51.511553", "From Macclesfield Rd, St Lukes to Queen Street 1, Bank"
"LINESTRING (-0.08974 51.500823,-0.09294 51.511553", "From Empire Square, The Borough to Queen Street 1, Bank"
"LINESTRING (-0.162418 51.490083,-0.09294 51.511553", "From Royal Avenue 2, Chelsea to Queen Street 1, Bank"
"LINESTRING (-0.055312 51.52568,-0.09294 51.511553", "From Bethnal Green Garden, Bethnal Green to Queen Street 1, Bank"
"LINESTRING (-0.134407 51.526236,-0.09294 51.511553", "From Euston Road, Euston to Queen Street 1, Bank"
"LINESTRING (-0.01051 51.54094,-0.09294 51.511553", "From Aquatic Centre, Queen Elizabeth Olympic Park to Queen Street 1, Bank"
"LINESTRING (-0.125972 51.49764,-0.09294 51.511553", "From Abingdon Green, Westminster to Queen Street 1, Bank"
"LINESTRING (-0.118478 51.514409,-0.09294 51.511553", "From Kingsway, Covent Garden to Queen Street 1, Bank"
"LINESTRING (-0.074284 51.539328,-0.09294 51.511553", "From Haggerston Road, Haggerston to Queen Street 1, Bank"
"LINESTRING (-0.099828 51.493146,-0.09294 51.511553", "From Strata, Elephant & Castle to Queen Street 1, Bank"
"LINESTRING (-0.104193 51.49605,-0.09294 51.511553", "From Gaywood  Street, Elephant & Castle to Queen Street 1, Bank"
"LINESTRING (-0.055846 51.499169,-0.09294 51.511553", "From Rotherhithe Roundabout, Rotherhithe to Queen Street 1, Bank"
"LINESTRING (-0.117619 51.509943,-0.09294 51.511553", "From Somerset House, Strand to Queen Street 1, Bank"
"LINESTRING (-0.091938 51.492807,-0.09294 51.511553", "From Victory Place, Walworth to Queen Street 1, Bank"
"LINESTRING (-0.119123 51.519435,-0.09294 51.511553", "From Red Lion Square, Holborn to Queen Street 1, Bank"
"LINESTRING (-0.039264 51.521564,-0.09294 51.511553", "From Harford Street, Mile End to Queen Street 1, Bank"
"LINESTRING (-0.100791 51.518218,-0.09294 51.511553", "From West Smithfield Rotunda, Farringdon to Queen Street 1, Bank"
"LINESTRING (-0.101384 51.49652,-0.09294 51.511553", "From Ontario Street, Elephant & Castle to Queen Street 1, Bank"
"LINESTRING (-0.099994 51.522853,-0.09294 51.511553", "From Berry Street, Clerkenwell to Queen Street 1, Bank"
"LINESTRING (-0.165842 51.522029,-0.09294 51.511553", "From Bell Street , Marylebone to Queen Street 1, Bank"
"LINESTRING (-0.086685 51.517075,-0.09294 51.511553", "From Finsbury Circus, Liverpool Street to Queen Street 1, Bank"
"LINESTRING (-0.113426 51.503919,-0.09294 51.511553", "From Waterloo Station 2, Waterloo to Queen Street 1, Bank"
"LINESTRING (-0.17306 51.505014,-0.09294 51.511553", "From Serpentine Car Park, Hyde Park to Queen Street 1, Bank"
"LINESTRING (-0.123179 51.506543,-0.09294 51.511553", "From Whitehall Place, Strand to Queen Street 1, Bank"
"LINESTRING (-0.113001 51.50486,-0.09294 51.511553", "From Waterloo Road, South Bank to Queen Street 1, Bank"
"LINESTRING (-0.083353 51.529537,-0.09294 51.511553", "From Fanshaw Street, Hoxton to Queen Street 1, Bank"
"LINESTRING (-0.086685 51.517075,-0.09294 51.511553", "From Finsbury Circus, Liverpool Street to Queen Street 1, Bank"
"LINESTRING (-0.11655 51.51824,-0.09294 51.511553", "From Red Lion Street, Holborn to Queen Street 1, Bank"
"LINESTRING (-0.113426 51.503919,-0.09294 51.511553", "From Waterloo Station 2, Waterloo to Queen Street 1, Bank"
"LINESTRING (-0.149551 51.477619,-0.09294 51.511553", "From Queen's Circus, Battersea Park to Queen Street 1, Bank"
"LINESTRING (-0.083159 51.500889,-0.09294 51.511553", "From Tyers Gate, Bermondsey to Queen Street 1, Bank"
"LINESTRING (-0.09315 51.53356,-0.09294 51.511553", "From Eagle Wharf Road, Hoxton to Queen Street 1, Bank"
"LINESTRING (-0.096496 51.517821,-0.09294 51.511553", "From Museum of London, Barbican to Queen Street 1, Bank"
"LINESTRING (-0.106408 51.530515,-0.09294 51.511553", "From Chadwell Street, Angel to Queen Street 1, Bank"
"LINESTRING (-0.078505 51.53095,-0.09294 51.511553", "From Falkirk Street, Hoxton to Queen Street 1, Bank"
"LINESTRING (-0.112824 51.503791,-0.09294 51.511553", "From Waterloo Station 3, Waterloo to Queen Street 1, Bank"
"LINESTRING (-0.092754 51.505974,-0.09294 51.511553", "From Park Street, Bankside to Queen Street 1, Bank"
"LINESTRING (-0.101026 51.528246,-0.09294 51.511553", "From Goswell Road (City Uni), Finsbury to Queen Street 1, Bank"
"LINESTRING (-0.074754 51.523648,-0.09294 51.511553", "From Bethnal Green Road, Shoreditch to Queen Street 1, Bank"
"LINESTRING (-0.108657 51.51795,-0.09294 51.511553", "From Holborn Circus, Holborn to Queen Street 1, Bank"
"LINESTRING (-0.166878 51.488023,-0.09294 51.511553", "From Flood Street, Chelsea to Queen Street 1, Bank"
"LINESTRING (-0.062546 51.535678,-0.09294 51.511553", "From Regent's Row , Haggerston to Queen Street 1, Bank"
"LINESTRING (-0.166221 51.490714,-0.09294 51.511553", "From Chelsea Green, Chelsea to Queen Street 1, Bank"
"LINESTRING (-0.099489 51.524868,-0.09294 51.511553", "From Sadlers Sports Centre, Finsbury to Queen Street 1, Bank"
"LINESTRING (-0.093903 51.530991,-0.09294 51.511553", "From Wenlock Road , Hoxton to Queen Street 1, Bank"
"LINESTRING (-0.099141 51.512484,-0.09294 51.511553", "From Godliman Street, St. Paul's to Queen Street 1, Bank"
"LINESTRING (-0.179135 51.516417,-0.09294 51.511553", "From Eastbourne Mews, Paddington to Queen Street 1, Bank"
"LINESTRING (-0.106237 51.507244,-0.09294 51.511553", "From Milroy Walk, South Bank to Queen Street 1, Bank"
"LINESTRING (-0.125441 51.541596,-0.09294 51.511553", "From York Way, Kings Cross to Queen Street 1, Bank"
"LINESTRING (-0.047218 51.526041,-0.09294 51.511553", "From Bancroft Road, Bethnal Green to Queen Street 1, Bank"
"LINESTRING (-0.063471 51.497995,-0.09294 51.511553", "From Bermondsey Station, Bermondsey to Queen Street 1, Bank"
"LINESTRING (-0.114079 51.522264,-0.09294 51.511553", "From Northington Street , Holborn to Queen Street 1, Bank"
"LINESTRING (-0.100791 51.518218,-0.09294 51.511553", "From West Smithfield Rotunda, Farringdon to Queen Street 1, Bank"
"LINESTRING (-0.112824 51.503791,-0.09294 51.511553", "From Waterloo Station 3, Waterloo to Queen Street 1, Bank"
"LINESTRING (-0.09294 51.511553,-0.09294 51.511553", "From Queen Street 1, Bank to Queen Street 1, Bank"
"LINESTRING (-0.12335 51.51746,-0.09294 51.511553", "From Bury Place, Holborn to Queen Street 1, Bank"
"LINESTRING (-0.105593 51.488852,-0.09294 51.511553", "From Kennington Station, Kennington to Queen Street 1, Bank"
"LINESTRING (-0.105596 51.505342,-0.09294 51.511553", "From Colombo Street, Southwark to Queen Street 1, Bank"
"LINESTRING (-0.06691 51.507131,-0.09294 51.511553", "From Nesham Street, Wapping to Queen Street 1, Bank"
"LINESTRING (-0.117619 51.509943,-0.09294 51.511553", "From Somerset House, Strand to Queen Street 1, Bank"
"LINESTRING (-0.075885 51.536585,-0.09294 51.511553", "From Dunston Road , Haggerston to Queen Street 1, Bank"
"LINESTRING (-0.113426 51.503919,-0.09294 51.511553", "From Waterloo Station 2, Waterloo to Queen Street 1, Bank"
"LINESTRING (-0.118256 51.47659,-0.09294 51.511553", "From Albert Square, Stockwell to Queen Street 1, Bank"
"LINESTRING (-0.10834 51.52352,-0.09294 51.511553", "From Farringdon Lane, Clerkenwell to Queen Street 1, Bank"
"LINESTRING (-0.088285 51.519069,-0.09294 51.511553", "From Moorfields, Moorgate to Queen Street 1, Bank"
"LINESTRING (-0.112824 51.503791,-0.09294 51.511553", "From Waterloo Station 3, Waterloo to Queen Street 1, Bank"
"LINESTRING (-0.163041 51.470538,-0.09294 51.511553", "From Sheepcote Lane, Battersea to Queen Street 1, Bank"
"LINESTRING (-0.074704 51.500845,-0.09294 51.511553", "From Tower Wharf, Bermondsey to Queen Street 1, Bank"
"LINESTRING (-0.078869 51.521113,-0.09294 51.511553", "From Norton Folgate, Liverpool Street to Queen Street 1, Bank"
"LINESTRING (-0.091938 51.492807,-0.09294 51.511553", "From Victory Place, Walworth to Queen Street 1, Bank"
"LINESTRING (-0.110699 51.501444,-0.09294 51.511553", "From Baylis Road, Waterloo to Queen Street 1, Bank"
"LINESTRING (-0.101384 51.49652,-0.09294 51.511553", "From Ontario Street, Elephant & Castle to Queen Street 1, Bank"
"LINESTRING (-0.00699 51.508981,-0.09294 51.511553", "From Naval Row, Blackwall to Queen Street 1, Bank"
"LINESTRING (-0.078869 51.521113,-0.09294 51.511553", "From Norton Folgate, Liverpool Street to Queen Street 1, Bank"
"LINESTRING (-0.087262 51.506304,-0.09294 51.511553", "From Duke Street Hill, London Bridge to Queen Street 1, Bank"
"LINESTRING (-0.184806 51.457991,-0.09294 51.511553", "From Alma Road, Wandsworth to Queen Street 1, Bank"
"LINESTRING (-0.09294 51.511553,-0.09294 51.511553", "From Queen Street 1, Bank to Queen Street 1, Bank"
"LINESTRING (-0.167894 51.493184,-0.09294 51.511553", "From Sloane Avenue, Knightsbridge to Queen Street 1, Bank"
"LINESTRING (-0.086685 51.517075,-0.09294 51.511553", "From Finsbury Circus, Liverpool Street to Queen Street 1, Bank"
"LINESTRING (-0.074754 51.523648,-0.09294 51.511553", "From Bethnal Green Road, Shoreditch to Queen Street 1, Bank"
"LINESTRING (-0.013475 51.51549,-0.09294 51.511553", "From Langdon Park, Poplar to Queen Street 1, Bank"
"LINESTRING (-0.01051 51.54094,-0.09294 51.511553", "From Aquatic Centre, Queen Elizabeth Olympic Park to Queen Street 1, Bank"
"LINESTRING (-0.140741 51.488057,-0.09294 51.511553", "From Alderney Street, Pimlico to Queen Street 1, Bank"
"LINESTRING (-0.092921 51.494436,-0.09294 51.511553", "From New Kent Road, The Borough to Queen Street 1, Bank"
"LINESTRING (-0.09734 51.520841,-0.09294 51.511553", "From Aldersgate Street, Barbican to Queen Street 1, Bank"
"LINESTRING (-0.113936 51.500139,-0.09294 51.511553", "From Lower Marsh, Waterloo to Queen Street 1, Bank"
"LINESTRING (-0.187402 51.51031,-0.09294 51.511553", "From Queensway, Kensington Gardens to Queen Street 1, Bank"
"LINESTRING (-0.082422 51.516154,-0.09294 51.511553", "From Wormwood Street, Liverpool Street to Queen Street 1, Bank"
"LINESTRING (-0.200838 51.514311,-0.09294 51.511553", "From Turquoise Island, Notting Hill to Queen Street 1, Bank"
"LINESTRING (-0.079249 51.518908,-0.09294 51.511553", "From Brushfield Street, Liverpool Street to Queen Street 1, Bank"
"LINESTRING (-0.057544 51.504749,-0.09294 51.511553", "From Wapping Lane, Wapping to Queen Street 1, Bank"
"LINESTRING (-0.113426 51.503919,-0.09294 51.511553", "From Waterloo Station 2, Waterloo to Queen Street 1, Bank"
"LINESTRING (-0.108028 51.518825,-0.09294 51.511553", "From Hatton Garden, Holborn to Queen Street 1, Bank"
"LINESTRING (-0.100791 51.518218,-0.09294 51.511553", "From West Smithfield Rotunda, Farringdon to Queen Street 1, Bank"
"LINESTRING (-0.103132 51.498744,-0.09294 51.511553", "From LSBU (Borough Road), Elephant & Castle to Queen Street 1, Bank"
"LINESTRING (-0.115533 51.504942,-0.09294 51.511553", "From Concert Hall Approach 2, South Bank to Queen Street 1, Bank"
"LINESTRING (-0.113426 51.503919,-0.09294 51.511553", "From Waterloo Station 2, Waterloo to Queen Street 1, Bank"
"LINESTRING (-0.099981 51.532661,-0.09294 51.511553", "From Graham Street, Angel to Queen Street 1, Bank"
"LINESTRING (-0.112824 51.503791,-0.09294 51.511553", "From Waterloo Station 3, Waterloo to Queen Street 1, Bank"
"LINESTRING (-0.074189 51.502279,-0.09294 51.511553", "From Curlew Street, Shad Thames to Queen Street 1, Bank"
"LINESTRING (-0.115533 51.504942,-0.09294 51.511553", "From Concert Hall Approach 2, South Bank to Queen Street 1, Bank"
"LINESTRING (-0.125674 51.491884,-0.09294 51.511553", "From Millbank Tower, Pimlico to Queen Street 1, Bank"
"LINESTRING (-0.038986 51.512871,-0.09294 51.511553", "From Flamborough Street, Limehouse to Queen Street 1, Bank"
"LINESTRING (-0.111257 51.514274,-0.09294 51.511553", "From Chancery Lane, Holborn to Queen Street 1, Bank"
"LINESTRING (-0.113864 51.504027,-0.09294 51.511553", "From Waterloo Station 1, Waterloo to Queen Street 1, Bank"
"LINESTRING (-0.099981 51.532661,-0.09294 51.511553", "From Graham Street, Angel to Queen Street 1, Bank"
"LINESTRING (-0.103132 51.498744,-0.09294 51.511553", "From LSBU (Borough Road), Elephant & Castle to Queen Street 1, Bank"
"LINESTRING (-0.084605 51.521283,-0.09294 51.511553", "From Christopher Street, Liverpool Street to Queen Street 1, Bank"
"LINESTRING (-0.097122 51.529423,-0.09294 51.511553", "From Macclesfield Rd, St Lukes to Queen Street 1, Bank"
"LINESTRING (-0.099828 51.493146,-0.09294 51.511553", "From Strata, Elephant & Castle to Queen Street 1, Bank"
"LINESTRING (-0.109006 51.521661,-0.09294 51.511553", "From Hatton Wall, Holborn to Queen Street 1, Bank"
"LINESTRING (-0.057159 51.511088,-0.09294 51.511553", "From Shadwell Station, Shadwell to Queen Street 1, Bank"
"LINESTRING (-0.132224 51.49206,-0.09294 51.511553", "From Regency Street, Westminster to Queen Street 1, Bank"
"LINESTRING (-0.032566 51.520597,-0.09294 51.511553", "From Mile End Park Leisure Centre, Mile End to Queen Street 1, Bank"
"LINESTRING (-0.085814 51.495061,-0.09294 51.511553", "From Bricklayers Arms, Borough to Queen Street 1, Bank"
"LINESTRING (-0.018703 51.528169,-0.076793 51.513406", "From Bow Church Station, Bow to Jewry Street, Aldgate"
"LINESTRING (-0.04667 51.521889,-0.076793 51.513406", "From Stepney Green Station, Stepney to Jewry Street, Aldgate"
"LINESTRING (-0.157788 51.465123,-0.076793 51.513406", "From Sugden Road, Clapham to Jewry Street, Aldgate"
"LINESTRING (-0.079608 51.521668,-0.076793 51.513406", "From Worship Street, Shoreditch to Jewry Street, Aldgate"
"LINESTRING (-0.116279 51.524564,-0.076793 51.513406", "From Wren Street, Holborn to Jewry Street, Aldgate"
"LINESTRING (-0.011889 51.538718,-0.076793 51.513406", "From Podium, Queen Elizabeth Olympic Park to Jewry Street, Aldgate"
"LINESTRING (-0.025996 51.509303,-0.076793 51.513406", "From Westferry DLR, Limehouse to Jewry Street, Aldgate"
"LINESTRING (-0.055312 51.52568,-0.076793 51.513406", "From Bethnal Green Garden, Bethnal Green to Jewry Street, Aldgate"
"LINESTRING (-0.074754 51.523648,-0.076793 51.513406", "From Bethnal Green Road, Shoreditch to Jewry Street, Aldgate"
"LINESTRING (-0.091938 51.492807,-0.076793 51.513406", "From Victory Place, Walworth to Jewry Street, Aldgate"
"LINESTRING (-0.025492 51.530535,-0.076793 51.513406", "From Mostyn Grove, Bow to Jewry Street, Aldgate"
"LINESTRING (-0.139221 51.461388,-0.076793 51.513406", "From Clapham Common Station, Clapham Common to Jewry Street, Aldgate"
"LINESTRING (-0.099981 51.532661,-0.076793 51.513406", "From Graham Street, Angel to Jewry Street, Aldgate"
"LINESTRING (-0.053177 51.515975,-0.076793 51.513406", "From Jubilee Street, Stepney to Jewry Street, Aldgate"
"LINESTRING (-0.102757 51.536384,-0.076793 51.513406", "From Islington Green, Angel to Jewry Street, Aldgate"
"LINESTRING (-0.112824 51.503791,-0.076793 51.513406", "From Waterloo Station 3, Waterloo to Jewry Street, Aldgate"
"LINESTRING (-0.103078 51.511934,-0.076793 51.513406", "From Blackfriars Station, St. Paul's to Jewry Street, Aldgate"
"LINESTRING (-0.076341 51.534464,-0.076793 51.513406", "From Whiston Road, Haggerston to Jewry Street, Aldgate"
"LINESTRING (-0.030556 51.523538,-0.076793 51.513406", "From Southern Grove, Bow to Jewry Street, Aldgate"
"LINESTRING (-0.053558 51.511066,-0.076793 51.513406", "From Sutton Street, Shadwell to Jewry Street, Aldgate"
"LINESTRING (-0.113656 51.505354,-0.076793 51.513406", "From Waterloo Bridge, South Bank to Jewry Street, Aldgate"
"LINESTRING (-0.013258 51.528828,-0.076793 51.513406", "From Bromley High Street, Bow to Jewry Street, Aldgate"
"LINESTRING (-0.073955 51.526293,-0.076793 51.513406", "From Palissy Street, Shoreditch to Jewry Street, Aldgate"
"LINESTRING (-0.116688 51.520596,-0.076793 51.513406", "From Theobald's Road , Holborn to Jewry Street, Aldgate"
"LINESTRING (-0.138853 51.541603,-0.076793 51.513406", "From Bonny Street, Camden Town to Jewry Street, Aldgate"
"LINESTRING (-0.09308 51.515735,-0.076793 51.513406", "From The Guildhall, Guildhall to Jewry Street, Aldgate"
"LINESTRING (-0.11655 51.51824,-0.076793 51.513406", "From Red Lion Street, Holborn to Jewry Street, Aldgate"
"LINESTRING (-0.029138 51.516196,-0.076793 51.513406", "From Burdett Road, Mile End to Jewry Street, Aldgate"
"LINESTRING (-0.102757 51.536384,-0.076793 51.513406", "From Islington Green, Angel to Jewry Street, Aldgate"
"LINESTRING (-0.057159 51.511088,-0.076793 51.513406", "From Shadwell Station, Shadwell to Jewry Street, Aldgate"
"LINESTRING (-0.112824 51.503791,-0.076793 51.513406", "From Waterloo Station 3, Waterloo to Jewry Street, Aldgate"
"LINESTRING (-0.075885 51.536585,-0.076793 51.513406", "From Dunston Road , Haggerston to Jewry Street, Aldgate"
"LINESTRING (-0.042744 51.530326,-0.076793 51.513406", "From Twig Folly Bridge, Mile End to Jewry Street, Aldgate"
"LINESTRING (-0.161113 51.522596,-0.076793 51.513406", "From Dorset Square, Marylebone to Jewry Street, Aldgate"
"LINESTRING (-0.103604 51.517334,-0.076793 51.513406", "From Snow Hill, Farringdon to Jewry Street, Aldgate"
"LINESTRING (-0.091773 51.504627,-0.076793 51.513406", "From Hop Exchange, The Borough to Jewry Street, Aldgate"
"LINESTRING (-0.020467 51.513757,-0.076793 51.513406", "From Lindfield Street, Poplar to Jewry Street, Aldgate"
"LINESTRING (-0.106823 51.508033,-0.076793 51.513406", "From Sea Containers, South Bank to Jewry Street, Aldgate"
"LINESTRING (-0.041378 51.522507,-0.076793 51.513406", "From Queen Mary's, Mile End to Jewry Street, Aldgate"
"LINESTRING (-0.081608 51.497855,-0.076793 51.513406", "From Bermondsey Street, Bermondsey to Jewry Street, Aldgate"
"LINESTRING (-0.117774 51.513875,-0.192538 51.504723", "From Kingsway Southbound, Strand to Vicarage Gate, Kensington"
"LINESTRING (-0.208888 51.5212,-0.192538 51.504723", "From Bevington Road West, North Kensington to Vicarage Gate, Kensington"
"LINESTRING (-0.165842 51.522029,-0.192538 51.504723", "From Bell Street , Marylebone to Vicarage Gate, Kensington"
"LINESTRING (-0.179702 51.499428,-0.192538 51.504723", "From Imperial College, Knightsbridge to Vicarage Gate, Kensington"
"LINESTRING (-0.209378 51.489591,-0.192538 51.504723", "From Vereker Road, West Kensington to Vicarage Gate, Kensington"
"LINESTRING (-0.153645 51.512911,-0.192538 51.504723", "From North Audley Street, Mayfair to Vicarage Gate, Kensington"
"LINESTRING (-0.202608 51.51632,-0.192538 51.504723", "From All Saints Church, Portobello to Vicarage Gate, Kensington"
"LINESTRING (-0.195455 51.500401,-0.192538 51.504723", "From Argyll Road, Kensington to Vicarage Gate, Kensington"
"LINESTRING (-0.208888 51.5212,-0.192538 51.504723", "From Bevington Road West, North Kensington to Vicarage Gate, Kensington"
"LINESTRING (-0.165471 51.498884,-0.192538 51.504723", "From Montpelier Street, Knightsbridge to Vicarage Gate, Kensington"
"LINESTRING (-0.165471 51.498884,-0.192538 51.504723", "From Montpelier Street, Knightsbridge to Vicarage Gate, Kensington"
"LINESTRING (-0.112824 51.503791,-0.077121 51.511594", "From Waterloo Station 3, Waterloo to Crosswall, Tower"
"LINESTRING (-0.093421 51.529154,-0.077121 51.511594", "From Windsor Terrace, Hoxton to Crosswall, Tower"
"LINESTRING (-0.053558 51.511066,-0.077121 51.511594", "From Sutton Street, Shadwell to Crosswall, Tower"
"LINESTRING (-0.132053 51.518587,-0.077121 51.511594", "From Bayley Street , Bloomsbury to Crosswall, Tower"
"LINESTRING (-0.141334 51.492345,-0.077121 51.511594", "From Guildhouse Street, Victoria to Crosswall, Tower"
"LINESTRING (-0.025996 51.509303,-0.077121 51.511594", "From Westferry DLR, Limehouse to Crosswall, Tower"
"LINESTRING (-0.126021 51.508103,-0.077121 51.511594", "From Craven Street, Strand to Crosswall, Tower"
"LINESTRING (-0.09885 51.515418,-0.077121 51.511594", "From Newgate Street , St. Paul's to Crosswall, Tower"
"LINESTRING (-0.102757 51.536384,-0.077121 51.511594", "From Islington Green, Angel to Crosswall, Tower"
"LINESTRING (-0.106237 51.507244,-0.077121 51.511594", "From Milroy Walk, South Bank to Crosswall, Tower"
"LINESTRING (-0.053558 51.511066,-0.077121 51.511594", "From Sutton Street, Shadwell to Crosswall, Tower"
"LINESTRING (-0.086379 51.534042,-0.077121 51.511594", "From Shoreditch Park, Hoxton to Crosswall, Tower"
"LINESTRING (-0.098807 51.506725,-0.077121 51.511594", "From Tate Modern, Bankside to Crosswall, Tower"
"LINESTRING (-0.079249 51.518908,-0.077121 51.511594", "From Brushfield Street, Liverpool Street to Crosswall, Tower"
"LINESTRING (-0.049067 51.51563,-0.077121 51.511594", "From Aylward Street, Stepney to Crosswall, Tower"
"LINESTRING (-0.107987 51.517428,-0.077121 51.511594", "From New Fetter Lane, Holborn to Crosswall, Tower"
"LINESTRING (-0.118272 51.516277,-0.077121 51.511594", "From Lincoln's Inn Fields, Holborn to Crosswall, Tower"
"LINESTRING (-0.130458 51.494816,-0.077121 51.511594", "From Horseferry Road, Westminster to Crosswall, Tower"
"LINESTRING (-0.091773 51.504627,-0.077121 51.511594", "From Hop Exchange, The Borough to Crosswall, Tower"
"LINESTRING (-0.138212 51.481335,-0.077121 51.511594", "From Riverlight South, Nine Elms to Crosswall, Tower"
"LINESTRING (-0.116764 51.51362,-0.077121 51.511594", "From Houghton Street, Strand to Crosswall, Tower"
"LINESTRING (-0.099141 51.512484,-0.077121 51.511594", "From Godliman Street, St. Paul's to Crosswall, Tower"
"LINESTRING (-0.06142 51.532091,-0.077121 51.511594", "From Pritchard's Road, Bethnal Green to Crosswall, Tower"
"LINESTRING (-0.120202 51.523346,-0.077121 51.511594", "From Guilford Street , Bloomsbury to Crosswall, Tower"
"LINESTRING (-0.131861 51.527068,-0.077121 51.511594", "From Euston Square Gardens, Euston to Crosswall, Tower"
"LINESTRING (-0.113426 51.503919,-0.077121 51.511594", "From Waterloo Station 2, Waterloo to Crosswall, Tower"
"LINESTRING (-0.117774 51.513875,-0.077121 51.511594", "From Kingsway Southbound, Strand to Crosswall, Tower"
"LINESTRING (-0.101384 51.49652,-0.077121 51.511594", "From Ontario Street, Elephant & Castle to Crosswall, Tower"
"LINESTRING (-0.18119 51.485587,-0.077121 51.511594", "From Limerston Street, West Chelsea to Crosswall, Tower"
"LINESTRING (-0.025996 51.509303,-0.077121 51.511594", "From Westferry DLR, Limehouse to Crosswall, Tower"
"LINESTRING (-0.025626 51.511811,-0.077121 51.511594", "From Canton Street, Poplar to Crosswall, Tower"
"LINESTRING (-0.108322 51.510981,-0.077121 51.511594", "From Temple Gardens, Temple to Crosswall, Tower"
"LINESTRING (-0.063531 51.504719,-0.077121 51.511594", "From Hermitage Court, Wapping to Crosswall, Tower"
"LINESTRING (-0.105312 51.504043,-0.077121 51.511594", "From Southwark Station 1, Southwark to Crosswall, Tower"
"LINESTRING (-0.174554 51.499917,-0.077121 51.511594", "From Exhibition Road, Knightsbridge to Crosswall, Tower"
"LINESTRING (-0.066078 51.514924,-0.077121 51.511594", "From LMU Commercial Road, Whitechapel to Crosswall, Tower"
"LINESTRING (-0.108657 51.51795,-0.077121 51.511594", "From Holborn Circus, Holborn to Crosswall, Tower"
"LINESTRING (-0.107927 51.513821,-0.077121 51.511594", "From Bouverie Street, Temple to Crosswall, Tower"
"LINESTRING (-0.110683 51.484788,-0.077121 51.511594", "From Kennington Road Post Office, Oval to Crosswall, Tower"
"LINESTRING (-0.047218 51.526041,-0.077121 51.511594", "From Bancroft Road, Bethnal Green to Crosswall, Tower"
"LINESTRING (-0.058826 51.54119,-0.077121 51.511594", "From London Fields, Hackney Central to Crosswall, Tower"
"LINESTRING (-0.062546 51.535678,-0.077121 51.511594", "From Regent's Row , Haggerston to Crosswall, Tower"
"LINESTRING (-0.070542 51.505697,-0.077121 51.511594", "From St. Katharine's Way, Tower to Crosswall, Tower"
"LINESTRING (-0.093421 51.529154,-0.077121 51.511594", "From Windsor Terrace, Hoxton to Crosswall, Tower"
"LINESTRING (-0.053558 51.511066,-0.077121 51.511594", "From Sutton Street, Shadwell to Crosswall, Tower"
"LINESTRING (-0.10548 51.532199,-0.077121 51.511594", "From Torrens Street, Angel to Crosswall, Tower"
"LINESTRING (-0.079684 51.516468,-0.077121 51.511594", "From Devonshire Square, Liverpool Street to Crosswall, Tower"
"LINESTRING (-0.0985 51.51601,-0.077121 51.511594", "From King Edward Street, St Pauls to Crosswall, Tower"
"LINESTRING (-0.091773 51.504627,-0.077121 51.511594", "From Hop Exchange, The Borough to Crosswall, Tower"
"LINESTRING (-0.166878 51.488023,-0.077121 51.511594", "From Flood Street, Chelsea to Crosswall, Tower"
"LINESTRING (-0.088285 51.519069,-0.077121 51.511594", "From Moorfields, Moorgate to Crosswall, Tower"
"LINESTRING (-0.074704 51.500845,-0.077121 51.511594", "From Tower Wharf, Bermondsey to Crosswall, Tower"
"LINESTRING (-0.09022 51.491484,-0.077121 51.511594", "From Rodney Road , Walworth to Crosswall, Tower"
"LINESTRING (-0.079249 51.518908,-0.077121 51.511594", "From Brushfield Street, Liverpool Street to Crosswall, Tower"
"LINESTRING (-0.092921 51.494436,-0.077121 51.511594", "From New Kent Road, The Borough to Crosswall, Tower"
"LINESTRING (-0.09734 51.520841,-0.077121 51.511594", "From Aldersgate Street, Barbican to Crosswall, Tower"
"LINESTRING (-0.113426 51.503919,-0.077121 51.511594", "From Waterloo Station 2, Waterloo to Crosswall, Tower"
"LINESTRING (-0.132328 51.515631,-0.077121 51.511594", "From Soho Square , Soho to Crosswall, Tower"
"LINESTRING (-0.109006 51.521661,-0.077121 51.511594", "From Hatton Wall, Holborn to Crosswall, Tower"
"LINESTRING (-0.125972 51.49764,-0.077121 51.511594", "From Abingdon Green, Westminster to Crosswall, Tower"
"LINESTRING (-0.121723 51.510701,-0.077121 51.511594", "From Southampton Street, Strand to Crosswall, Tower"
"LINESTRING (-0.09294 51.51397,-0.077121 51.511594", "From Cheapside, Bank to Crosswall, Tower"
"LINESTRING (-0.153233 51.490959,-0.077121 51.511594", "From Bourne Street, Belgravia to Crosswall, Tower"
"LINESTRING (-0.100168 51.530344,-0.077121 51.511594", "From City Road, Angel to Crosswall, Tower"
"LINESTRING (-0.108028 51.518825,-0.077121 51.511594", "From Hatton Garden, Holborn to Crosswall, Tower"
"LINESTRING (-0.048017 51.531127,-0.077121 51.511594", "From Old Ford Road, Bethnal Green to Crosswall, Tower"
"LINESTRING (-0.134621 51.507424,-0.077121 51.511594", "From St. James's Square, St. James's to Crosswall, Tower"
"LINESTRING (-0.115533 51.504942,-0.077121 51.511594", "From Concert Hall Approach 2, South Bank to Crosswall, Tower"
"LINESTRING (-0.068981 51.498585,-0.077121 51.511594", "From George Row, Bermondsey to Crosswall, Tower"
"LINESTRING (-0.0786 51.500647,-0.077121 51.511594", "From Tanner Street, Bermondsey to Crosswall, Tower"
"LINESTRING (-0.089659 51.52548,-0.077121 51.511594", "From Old Street Station, St. Luke's to Crosswall, Tower"
"LINESTRING (-0.112721 51.536392,-0.077121 51.511594", "From Charlotte Terrace, Angel to Crosswall, Tower"
"LINESTRING (-0.113426 51.503919,-0.077121 51.511594", "From Waterloo Station 2, Waterloo to Crosswall, Tower"
"LINESTRING (-0.183486 51.529857,-0.19024 51.515529", "From Maida Vale, Maida Vale to Westbourne Grove, Bayswater"
"LINESTRING (-0.196422 51.509353,-0.19024 51.515529", "From Notting Hill Gate Station, Notting Hill to Westbourne Grove, Bayswater"
"LINESTRING (-0.165164 51.514746,-0.19024 51.515529", "From Porchester Place, Paddington to Westbourne Grove, Bayswater"
"LINESTRING (-0.169774 51.519968,-0.19024 51.515529", "From Edgware Road Station, Marylebone to Westbourne Grove, Bayswater"
"LINESTRING (-0.183846 51.523344,-0.19024 51.515529", "From Warwick Avenue Station, Maida Vale to Westbourne Grove, Bayswater"
"LINESTRING (-0.186753 51.491615,-0.19024 51.515529", "From Collingham Gardens, Earl's Court to Westbourne Grove, Bayswater"
"LINESTRING (-0.186753 51.491615,-0.19024 51.515529", "From Collingham Gardens, Earl's Court to Westbourne Grove, Bayswater"
"LINESTRING (-0.200838 51.514311,-0.19024 51.515529", "From Turquoise Island, Notting Hill to Westbourne Grove, Bayswater"
"LINESTRING (-0.167894 51.493184,-0.19024 51.515529", "From Sloane Avenue, Knightsbridge to Westbourne Grove, Bayswater"
"LINESTRING (-0.208565 51.515108,-0.19024 51.515529", "From Blenheim Crescent, Ladbroke Grove to Westbourne Grove, Bayswater"
"LINESTRING (-0.200838 51.514311,-0.19024 51.515529", "From Turquoise Island, Notting Hill to Westbourne Grove, Bayswater"
"LINESTRING (-0.155525 51.516204,-0.19024 51.515529", "From Portman Square, Marylebone to Westbourne Grove, Bayswater"
"LINESTRING (-0.166221 51.490714,-0.19024 51.515529", "From Chelsea Green, Chelsea to Westbourne Grove, Bayswater"
"LINESTRING (-0.179135 51.516417,-0.19024 51.515529", "From Eastbourne Mews, Paddington to Westbourne Grove, Bayswater"
"LINESTRING (-0.14296 51.497998,-0.19024 51.515529", "From Warwick Row, Westminster to Westbourne Grove, Bayswater"
"LINESTRING (-0.17977 51.51348,-0.19024 51.515529", "From Devonshire Terrace, Bayswater to Westbourne Grove, Bayswater"
"LINESTRING (-0.142844 51.506613,-0.19024 51.515529", "From Green Park Station, Mayfair to Westbourne Grove, Bayswater"
"LINESTRING (-0.15934 51.500241,-0.19024 51.515529", "From Harriet Street, Knightsbridge to Westbourne Grove, Bayswater"
"LINESTRING (-0.158264 51.514577,-0.19024 51.515529", "From Old Quebec Street, Marylebone to Westbourne Grove, Bayswater"
"LINESTRING (-0.111014 51.493686,-0.19024 51.515529", "From Walnut Tree Walk, Vauxhall to Westbourne Grove, Bayswater"
"LINESTRING (-0.213872 51.51687,-0.19024 51.515529", "From St. Mark's Road, North Kensington to Westbourne Grove, Bayswater"
"LINESTRING (-0.17219 51.526448,-0.19024 51.515529", "From Lisson Grove, St. John's Wood to Westbourne Grove, Bayswater"
"LINESTRING (-0.201554 51.512136,-0.19024 51.515529", "From Chepstow Villas, Notting Hill to Westbourne Grove, Bayswater"
"LINESTRING (-0.118272 51.516277,-0.147301 51.514105", "From Lincoln's Inn Fields, Holborn to Woodstock Street, Mayfair"
"LINESTRING (-0.124749 51.509462,-0.147301 51.514105", "From William IV Street, Strand to Woodstock Street, Mayfair"
"LINESTRING (-0.163609 51.51809,-0.147301 51.514105", "From Shouldham Street, Marylebone to Woodstock Street, Mayfair"
"LINESTRING (-0.164393 51.516517,-0.147301 51.514105", "From Nutford Place, Marylebone to Woodstock Street, Mayfair"
"LINESTRING (-0.118272 51.516277,-0.147301 51.514105", "From Lincoln's Inn Fields, Holborn to Woodstock Street, Mayfair"
"LINESTRING (-0.148105 51.514759,-0.147301 51.514105", "From Marylebone Lane, Marylebone to Woodstock Street, Mayfair"
"LINESTRING (-0.131213 51.513103,-0.147301 51.514105", "From Frith Street, Soho to Woodstock Street, Mayfair"
"LINESTRING (-0.174411 51.511933,-0.147301 51.514105", "From Bayswater Road, Hyde Park to Woodstock Street, Mayfair"
"LINESTRING (-0.134621 51.507424,-0.147301 51.514105", "From St. James's Square, St. James's to Woodstock Street, Mayfair"
"LINESTRING (-0.09734 51.520841,-0.147301 51.514105", "From Aldersgate Street, Barbican to Woodstock Street, Mayfair"
"LINESTRING (-0.183846 51.523344,-0.147301 51.514105", "From Warwick Avenue Station, Maida Vale to Woodstock Street, Mayfair"
"LINESTRING (-0.154907 51.522481,-0.147301 51.514105", "From Westminster University, Marylebone to Woodstock Street, Mayfair"
"LINESTRING (-0.153645 51.512911,-0.147301 51.514105", "From North Audley Street, Mayfair to Woodstock Street, Mayfair"
"LINESTRING (-0.173881 51.494412,-0.147301 51.514105", "From South Kensington Station, South Kensington to Woodstock Street, Mayfair"
"LINESTRING (-0.123616 51.529943,-0.147301 51.514105", "From Belgrove Street , King's Cross to Woodstock Street, Mayfair"
"LINESTRING (-0.183846 51.523344,-0.147301 51.514105", "From Warwick Avenue Station, Maida Vale to Woodstock Street, Mayfair"
"LINESTRING (-0.157183 51.52026,-0.147301 51.514105", "From Crawford Street, Marylebone to Woodstock Street, Mayfair"
"LINESTRING (-0.138072 51.517344,-0.147301 51.514105", "From Wells Street, Fitzrovia to Woodstock Street, Mayfair"
"LINESTRING (-0.147301 51.514105,-0.147301 51.514105", "From Woodstock Street, Mayfair to Woodstock Street, Mayfair"
"LINESTRING (-0.158963 51.524517,-0.147301 51.514105", "From Park Road (Baker Street), The Regent's Park to Woodstock Street, Mayfair"
"LINESTRING (-0.157275 51.510017,-0.147301 51.514105", "From Park Lane , Hyde Park to Woodstock Street, Mayfair"
"LINESTRING (-0.105593 51.488852,-0.147301 51.514105", "From Kennington Station, Kennington to Woodstock Street, Mayfair"
"LINESTRING (-0.222456 51.488144,-0.147301 51.514105", "From Beryl Road, Hammersmith to Woodstock Street, Mayfair"
"LINESTRING (-0.118272 51.516277,-0.147301 51.514105", "From Lincoln's Inn Fields, Holborn to Woodstock Street, Mayfair"
"LINESTRING (-0.13558 51.513684,-0.147301 51.514105", "From Broadwick Street, Soho to Woodstock Street, Mayfair"
"LINESTRING (-0.130431 51.52168,-0.147301 51.514105", "From Malet Street, Bloomsbury to Woodstock Street, Mayfair"
"LINESTRING (-0.143495 51.509992,-0.147301 51.514105", "From Grafton Street, Mayfair to Woodstock Street, Mayfair"
"LINESTRING (-0.102091 51.500693,-0.147301 51.514105", "From Webber Street , Southwark to Woodstock Street, Mayfair"
"LINESTRING (-0.17977 51.51348,-0.147301 51.514105", "From Devonshire Terrace, Bayswater to Woodstock Street, Mayfair"
"LINESTRING (-0.147301 51.514105,-0.147301 51.514105", "From Woodstock Street, Mayfair to Woodstock Street, Mayfair"
"LINESTRING (-0.148105 51.514759,-0.147301 51.514105", "From Marylebone Lane, Marylebone to Woodstock Street, Mayfair"
"LINESTRING (-0.145827 51.507326,-0.147301 51.514105", "From Clarges Street, Mayfair to Woodstock Street, Mayfair"
"LINESTRING (-0.105344 51.515059,-0.147301 51.514105", "From St. Bride Street, Holborn to Woodstock Street, Mayfair"
"LINESTRING (-0.148105 51.514759,-0.147301 51.514105", "From Marylebone Lane, Marylebone to Woodstock Street, Mayfair"
"LINESTRING (-0.074754 51.523648,-0.096317 51.526008", "From Bethnal Green Road, Shoreditch to Finsbury Leisure Centre, St. Luke's"
"LINESTRING (-0.094475 51.521747,-0.096317 51.526008", "From Golden Lane, Barbican to Finsbury Leisure Centre, St. Luke's"
"LINESTRING (-0.053177 51.515975,-0.096317 51.526008", "From Jubilee Street, Stepney to Finsbury Leisure Centre, St. Luke's"
"LINESTRING (-0.09294 51.51397,-0.096317 51.526008", "From Cheapside, Bank to Finsbury Leisure Centre, St. Luke's"
"LINESTRING (-0.123509 51.52625,-0.096317 51.526008", "From Tavistock Place, Bloomsbury to Finsbury Leisure Centre, St. Luke's"
"LINESTRING (-0.098807 51.506725,-0.096317 51.526008", "From Tate Modern, Bankside to Finsbury Leisure Centre, St. Luke's"
"LINESTRING (-0.084605 51.521283,-0.096317 51.526008", "From Christopher Street, Liverpool Street to Finsbury Leisure Centre, St. Luke's"
"LINESTRING (-0.103604 51.517334,-0.096317 51.526008", "From Snow Hill, Farringdon to Finsbury Leisure Centre, St. Luke's"
"LINESTRING (-0.09315 51.53356,-0.096317 51.526008", "From Eagle Wharf Road, Hoxton to Finsbury Leisure Centre, St. Luke's"
"LINESTRING (-0.101026 51.528246,-0.096317 51.526008", "From Goswell Road (City Uni), Finsbury to Finsbury Leisure Centre, St. Luke's"
"LINESTRING (-0.091401 51.518093,-0.096317 51.526008", "From Fore Street Avenue, Guildhall to Finsbury Leisure Centre, St. Luke's"
"LINESTRING (-0.108657 51.51795,-0.096317 51.526008", "From Holborn Circus, Holborn to Finsbury Leisure Centre, St. Luke's"
"LINESTRING (-0.079249 51.518908,-0.096317 51.526008", "From Brushfield Street, Liverpool Street to Finsbury Leisure Centre, St. Luke's"
"LINESTRING (-0.086379 51.534042,-0.096317 51.526008", "From Shoreditch Park, Hoxton to Finsbury Leisure Centre, St. Luke's"
"LINESTRING (-0.096317 51.526008,-0.096317 51.526008", "From Finsbury Leisure Centre, St. Luke's to Finsbury Leisure Centre, St. Luke's"
"LINESTRING (-0.058826 51.54119,-0.096317 51.526008", "From London Fields, Hackney Central to Finsbury Leisure Centre, St. Luke's"
"LINESTRING (-0.085634 51.520962,-0.096317 51.526008", "From Finsbury Square , Moorgate to Finsbury Leisure Centre, St. Luke's"
"LINESTRING (-0.107987 51.517428,-0.096317 51.526008", "From New Fetter Lane, Holborn to Finsbury Leisure Centre, St. Luke's"
"LINESTRING (-0.087262 51.506304,-0.096317 51.526008", "From Duke Street Hill, London Bridge to Finsbury Leisure Centre, St. Luke's"
"LINESTRING (-0.096317 51.526008,-0.096317 51.526008", "From Finsbury Leisure Centre, St. Luke's to Finsbury Leisure Centre, St. Luke's"
"LINESTRING (-0.075901 51.531091,-0.096317 51.526008", "From Hoxton Station, Hoxton to Finsbury Leisure Centre, St. Luke's"
"LINESTRING (-0.096496 51.517821,-0.096317 51.526008", "From Museum of London, Barbican to Finsbury Leisure Centre, St. Luke's"
"LINESTRING (-0.122806 51.490435,-0.096317 51.526008", "From Albert Embankment, Vauxhall to Finsbury Leisure Centre, St. Luke's"
"LINESTRING (-0.082422 51.516154,-0.096317 51.526008", "From Wormwood Street, Liverpool Street to Finsbury Leisure Centre, St. Luke's"
"LINESTRING (-0.06555 51.528681,-0.096317 51.526008", "From Durant Street, Bethnal Green to Finsbury Leisure Centre, St. Luke's"
"LINESTRING (-0.154907 51.522481,-0.096317 51.526008", "From Westminster University, Marylebone to Finsbury Leisure Centre, St. Luke's"
"LINESTRING (-0.047548 51.528869,-0.096317 51.526008", "From Globe Town Market, Bethnal Green to Finsbury Leisure Centre, St. Luke's"
"LINESTRING (-0.101384 51.49652,-0.096317 51.526008", "From Ontario Street, Elephant & Castle to Finsbury Leisure Centre, St. Luke's"
"LINESTRING (-0.104708 51.52326,-0.096317 51.526008", "From Clerkenwell Green, Clerkenwell to Finsbury Leisure Centre, St. Luke's"
"LINESTRING (-0.07962 51.503493,-0.096317 51.526008", "From Tooley Street, Bermondsey to Finsbury Leisure Centre, St. Luke's"
"LINESTRING (-0.101026 51.528246,-0.096317 51.526008", "From Goswell Road (City Uni), Finsbury to Finsbury Leisure Centre, St. Luke's"
"LINESTRING (-0.113864 51.504027,-0.096317 51.526008", "From Waterloo Station 1, Waterloo to Finsbury Leisure Centre, St. Luke's"
"LINESTRING (-0.090075 51.517842,-0.096317 51.526008", "From Fore Street, Guildhall to Finsbury Leisure Centre, St. Luke's"
"LINESTRING (-0.083067 51.523196,-0.096317 51.526008", "From Clifton Street, Shoreditch to Finsbury Leisure Centre, St. Luke's"
"LINESTRING (-0.12335 51.51746,-0.096317 51.526008", "From Bury Place, Holborn to Finsbury Leisure Centre, St. Luke's"
"LINESTRING (-0.129386 51.534123,-0.096317 51.526008", "From Pancras Road, King's Cross to Finsbury Leisure Centre, St. Luke's"
"LINESTRING (-0.082422 51.516154,-0.096317 51.526008", "From Wormwood Street, Liverpool Street to Finsbury Leisure Centre, St. Luke's"
"LINESTRING (-0.11655 51.51824,-0.096317 51.526008", "From Red Lion Street, Holborn to Finsbury Leisure Centre, St. Luke's"
"LINESTRING (-0.101026 51.528246,-0.096317 51.526008", "From Goswell Road (City Uni), Finsbury to Finsbury Leisure Centre, St. Luke's"
"LINESTRING (-0.089659 51.52548,-0.096317 51.526008", "From Old Street Station, St. Luke's to Finsbury Leisure Centre, St. Luke's"
"LINESTRING (-0.106823 51.508033,-0.096317 51.526008", "From Sea Containers, South Bank to Finsbury Leisure Centre, St. Luke's"
"LINESTRING (-0.055846 51.499169,-0.096317 51.526008", "From Rotherhithe Roundabout, Rotherhithe to Finsbury Leisure Centre, St. Luke's"
"LINESTRING (-0.124749 51.509462,-0.096317 51.526008", "From William IV Street, Strand to Finsbury Leisure Centre, St. Luke's"
"LINESTRING (-0.125078 51.534667,-0.096317 51.526008", "From Good's Way, King's Cross to Finsbury Leisure Centre, St. Luke's"
"LINESTRING (-0.09734 51.520841,-0.096317 51.526008", "From Aldersgate Street, Barbican to Finsbury Leisure Centre, St. Luke's"
"LINESTRING (-0.089887 51.520858,-0.096317 51.526008", "From Bunhill Row, Moorgate to Finsbury Leisure Centre, St. Luke's"
"LINESTRING (-0.009935 51.546326,-0.096317 51.526008", "From East Village, Queen Elizabeth Olympic Park to Finsbury Leisure Centre, St. Luke's"
"LINESTRING (-0.06415 51.51295,-0.096317 51.526008", "From Christian Street, Whitechapel to Finsbury Leisure Centre, St. Luke's"
"LINESTRING (-0.175116 51.523353,-0.096317 51.526008", "From Frampton Street, Paddington to Finsbury Leisure Centre, St. Luke's"
"LINESTRING (-0.092921 51.494436,-0.096317 51.526008", "From New Kent Road, The Borough to Finsbury Leisure Centre, St. Luke's"
"LINESTRING (-0.113864 51.504027,-0.096317 51.526008", "From Waterloo Station 1, Waterloo to Finsbury Leisure Centre, St. Luke's"
"LINESTRING (-0.08249 51.53558,-0.096317 51.526008", "From Pitfield Street North,Hoxton to Finsbury Leisure Centre, St. Luke's"
"LINESTRING (-0.119123 51.519435,-0.096317 51.526008", "From Red Lion Square, Holborn to Finsbury Leisure Centre, St. Luke's"
"LINESTRING (-0.120903 51.488124,-0.132102 51.498125", "From Vauxhall Walk, Vauxhall to Abbey Orchard Street, Westminster"
"LINESTRING (-0.104193 51.49605,-0.132102 51.498125", "From Gaywood  Street, Elephant & Castle to Abbey Orchard Street, Westminster"
"LINESTRING (-0.103078 51.511934,-0.132102 51.498125", "From Blackfriars Station, St. Paul's to Abbey Orchard Street, Westminster"
"LINESTRING (-0.194392 51.501945,-0.132102 51.498125", "From Kensington Town Hall, Kensington to Abbey Orchard Street, Westminster"
"LINESTRING (-0.117495 51.498241,-0.132102 51.498125", "From Archbishop's Park, Waterloo to Abbey Orchard Street, Westminster"
"LINESTRING (-0.13151 51.509639,-0.132102 51.498125", "From Panton Street, West End to Abbey Orchard Street, Westminster"
"LINESTRING (-0.124749 51.509462,-0.132102 51.498125", "From William IV Street, Strand to Abbey Orchard Street, Westminster"
"LINESTRING (-0.162298 51.522511,-0.132102 51.498125", "From Boston Place, Marylebone to Abbey Orchard Street, Westminster"
"LINESTRING (-0.174411 51.511933,-0.132102 51.498125", "From Bayswater Road, Hyde Park to Abbey Orchard Street, Westminster"
"LINESTRING (-0.135635 51.488226,-0.132102 51.498125", "From St. George's Square, Pimlico to Abbey Orchard Street, Westminster"
"LINESTRING (-0.13151 51.509639,-0.132102 51.498125", "From Panton Street, West End to Abbey Orchard Street, Westminster"
"LINESTRING (-0.174347 51.476964,-0.132102 51.498125", "From Battersea Church Road, Battersea to Abbey Orchard Street, Westminster"
"LINESTRING (-0.130431 51.52168,-0.132102 51.498125", "From Malet Street, Bloomsbury to Abbey Orchard Street, Westminster"
"LINESTRING (-0.111435 51.48894,-0.132102 51.498125", "From Kennington Cross, Kennington to Abbey Orchard Street, Westminster"
"LINESTRING (-0.141923 51.489856,-0.132102 51.498125", "From Warwick Square, Pimlico to Abbey Orchard Street, Westminster"
"LINESTRING (-0.093421 51.529154,-0.132102 51.498125", "From Windsor Terrace, Hoxton to Abbey Orchard Street, Westminster"
"LINESTRING (-0.114934 51.49288,-0.132102 51.498125", "From Lollard Street, Vauxhall to Abbey Orchard Street, Westminster"
"LINESTRING (-0.122492 51.486343,-0.132102 51.498125", "From Kennington Lane Rail Bridge, Vauxhall to Abbey Orchard Street, Westminster"
"LINESTRING (-0.179135 51.516417,-0.132102 51.498125", "From Eastbourne Mews, Paddington to Abbey Orchard Street, Westminster"
"LINESTRING (-0.122492 51.486343,-0.132102 51.498125", "From Kennington Lane Rail Bridge, Vauxhall to Abbey Orchard Street, Westminster"
"LINESTRING (-0.108322 51.510981,-0.132102 51.498125", "From Temple Gardens, Temple to Abbey Orchard Street, Westminster"
"LINESTRING (-0.170703 51.470847,-0.132102 51.498125", "From Simpson Street, Clapham Junction to Abbey Orchard Street, Westminster"
"LINESTRING (-0.108322 51.510981,-0.132102 51.498125", "From Temple Gardens, Temple to Abbey Orchard Street, Westminster"
"LINESTRING (-0.170703 51.470847,-0.132102 51.498125", "From Simpson Street, Clapham Junction to Abbey Orchard Street, Westminster"
"LINESTRING (-0.15352 51.503117,-0.132102 51.498125", "From Hyde Park Corner, Hyde Park to Abbey Orchard Street, Westminster"
"LINESTRING (-0.120903 51.488124,-0.132102 51.498125", "From Vauxhall Walk, Vauxhall to Abbey Orchard Street, Westminster"
"LINESTRING (-0.17581 51.517335,-0.132102 51.498125", "From South Wharf Road, Paddington to Abbey Orchard Street, Westminster"
"LINESTRING (-0.148059 51.472865,-0.132102 51.498125", "From Silverthorne Road, Battersea to Abbey Orchard Street, Westminster"
"LINESTRING (-0.135777 51.51953,-0.132102 51.498125", "From Charlotte Street, Fitzrovia to Abbey Orchard Street, Westminster"
"LINESTRING (-0.180274 51.481805,-0.132102 51.498125", "From World's End Place, West Chelsea to Abbey Orchard Street, Westminster"
"LINESTRING (-0.179135 51.516417,-0.132102 51.498125", "From Eastbourne Mews, Paddington to Abbey Orchard Street, Westminster"
"LINESTRING (-0.13544 51.497829,-0.132102 51.498125", "From Butler Place, Westminster to Abbey Orchard Street, Westminster"
"LINESTRING (-0.142943 51.496863,-0.132102 51.498125", "From Allington Street, Victoria to Abbey Orchard Street, Westminster"
"LINESTRING (-0.141923 51.489856,-0.132102 51.498125", "From Warwick Square, Pimlico to Abbey Orchard Street, Westminster"
"LINESTRING (-0.082422 51.516154,-0.132102 51.498125", "From Wormwood Street, Liverpool Street to Abbey Orchard Street, Westminster"
"LINESTRING (-0.120909 51.516128,-0.132102 51.498125", "From Newton Street, Covent Garden to Abbey Orchard Street, Westminster"
"LINESTRING (-0.096518 51.491327,-0.132102 51.498125", "From Walworth Square, Walworth to Abbey Orchard Street, Westminster"
"LINESTRING (-0.121394 51.493699,-0.132102 51.498125", "From Fire Brigade Pier, Vauxhall to Abbey Orchard Street, Westminster"
"LINESTRING (-0.08497 51.50964,-0.132102 51.498125", "From Monument Street, Monument to Abbey Orchard Street, Westminster"
"LINESTRING (-0.149551 51.477619,-0.132102 51.498125", "From Queen's Circus, Battersea Park to Abbey Orchard Street, Westminster"
"LINESTRING (-0.075578 51.52127,-0.132102 51.498125", "From Commercial Street, Shoreditch to Abbey Orchard Street, Westminster"
"LINESTRING (-0.187842 51.509908,-0.132102 51.498125", "From Black Lion Gate, Kensington Gardens to Abbey Orchard Street, Westminster"
"LINESTRING (-0.119022 51.469202,-0.132102 51.498125", "From Sidney Road, Stockwell to Abbey Orchard Street, Westminster"
"LINESTRING (-0.113864 51.504027,-0.132102 51.498125", "From Waterloo Station 1, Waterloo to Abbey Orchard Street, Westminster"
"LINESTRING (-0.079249 51.518908,-0.132102 51.498125", "From Brushfield Street, Liverpool Street to Abbey Orchard Street, Westminster"
"LINESTRING (-0.123616 51.529943,-0.132102 51.498125", "From Belgrove Street , King's Cross to Abbey Orchard Street, Westminster"
"LINESTRING (-0.104193 51.49605,-0.132102 51.498125", "From Gaywood  Street, Elephant & Castle to Abbey Orchard Street, Westminster"
"LINESTRING (-0.118272 51.516277,-0.132102 51.498125", "From Lincoln's Inn Fields, Holborn to Abbey Orchard Street, Westminster"
"LINESTRING (-0.10834 51.52352,-0.132328 51.515631", "From Farringdon Lane, Clerkenwell to Soho Square , Soho"
"LINESTRING (-0.13225 51.528833,-0.132328 51.515631", "From Doric Way , Somers Town to Soho Square , Soho"
"LINESTRING (-0.090847 51.525893,-0.132328 51.515631", "From Bath Street, St. Luke's to Soho Square , Soho"
"LINESTRING (-0.090847 51.525893,-0.132328 51.515631", "From Bath Street, St. Luke's to Soho Square , Soho"
"LINESTRING (-0.141423 51.514499,-0.132328 51.515631", "From Little Argyll Street, West End to Soho Square , Soho"
"LINESTRING (-0.165471 51.498884,-0.132328 51.515631", "From Montpelier Street, Knightsbridge to Soho Square , Soho"
"LINESTRING (-0.143613 51.523518,-0.132328 51.515631", "From Bolsover Street, Fitzrovia to Soho Square , Soho"
"LINESTRING (-0.106408 51.530515,-0.132328 51.515631", "From Chadwell Street, Angel to Soho Square , Soho"
"LINESTRING (-0.086016 51.53114,-0.132328 51.515631", "From New North Road 2, Hoxton to Soho Square , Soho"
"LINESTRING (-0.116493 51.477839,-0.132328 51.515631", "From Caldwell Street, Stockwell to Soho Square , Soho"
"LINESTRING (-0.099981 51.532661,-0.132328 51.515631", "From Graham Street, Angel to Soho Square , Soho"
"LINESTRING (-0.132328 51.515631,-0.132328 51.515631", "From Soho Square , Soho to Soho Square , Soho"
"LINESTRING (-0.096518 51.491327,-0.132328 51.515631", "From Walworth Square, Walworth to Soho Square , Soho"
"LINESTRING (-0.091773 51.504627,-0.132328 51.515631", "From Hop Exchange, The Borough to Soho Square , Soho"
"LINESTRING (-0.096317 51.526008,-0.132328 51.515631", "From Finsbury Leisure Centre, St. Luke's to Soho Square , Soho"
"LINESTRING (-0.120718 51.511968,-0.132328 51.515631", "From Tavistock Street, Covent Garden to Soho Square , Soho"
"LINESTRING (-0.178433 51.492479,-0.132328 51.515631", "From Queen's Gate (South), South Kensington to Soho Square , Soho"
"LINESTRING (-0.112432 51.526599,-0.132328 51.515631", "From Margery Street, Clerkenwell to Soho Square , Soho"
"LINESTRING (-0.112824 51.503791,-0.132328 51.515631", "From Waterloo Station 3, Waterloo to Soho Square , Soho"
"LINESTRING (-0.104298 51.526717,-0.132328 51.515631", "From Finsbury Library , Finsbury to Soho Square , Soho"
"LINESTRING (-0.17977 51.51348,-0.132328 51.515631", "From Devonshire Terrace, Bayswater to Soho Square , Soho"
"LINESTRING (-0.156166 51.518913,-0.132328 51.515631", "From Baker Street, Marylebone to Soho Square , Soho"
"LINESTRING (-0.096518 51.491327,-0.132328 51.515631", "From Walworth Square, Walworth to Soho Square , Soho"
"LINESTRING (-0.086379 51.534042,-0.132328 51.515631", "From Shoreditch Park, Hoxton to Soho Square , Soho"
"LINESTRING (-0.197609 51.483911,-0.132328 51.515631", "From Halford Road, West Kensington to Soho Square , Soho"
"LINESTRING (-0.139016 51.520994,-0.132328 51.515631", "From Howland Street, Fitzrovia to Soho Square , Soho"
"LINESTRING (-0.132328 51.515631,-0.132328 51.515631", "From Soho Square , Soho to Soho Square , Soho"
"LINESTRING (-0.113426 51.503919,-0.132328 51.515631", "From Waterloo Station 2, Waterloo to Soho Square , Soho"
"LINESTRING (-0.120202 51.523346,-0.132328 51.515631", "From Guilford Street , Bloomsbury to Soho Square , Soho"
"LINESTRING (-0.112721 51.536392,-0.132328 51.515631", "From Charlotte Terrace, Angel to Soho Square , Soho"
"LINESTRING (-0.191496 51.503157,-0.132328 51.515631", "From Kensington Church Street, Kensington to Soho Square , Soho"
"LINESTRING (-0.100186 51.505817,-0.132328 51.515631", "From Bankside Mix, Bankside to Soho Square , Soho"
"LINESTRING (-0.128279 51.5293,-0.132328 51.515631", "From Ossulston Street, Somers Town to Soho Square , Soho"
"LINESTRING (-0.091773 51.504627,-0.132328 51.515631", "From Hop Exchange, The Borough to Soho Square , Soho"
"LINESTRING (-0.133201 51.512515,-0.132328 51.515631", "From Wardour Street, Soho to Soho Square , Soho"
"LINESTRING (-0.138231 51.525542,-0.132328 51.515631", "From Hampstead Road, Euston to Soho Square , Soho"
"LINESTRING (-0.102757 51.536384,-0.132328 51.515631", "From Islington Green, Angel to Soho Square , Soho"
"LINESTRING (-0.074284 51.539328,-0.132328 51.515631", "From Haggerston Road, Haggerston to Soho Square , Soho"
"LINESTRING (-0.154907 51.522481,-0.132328 51.515631", "From Westminster University, Marylebone to Soho Square , Soho"
"LINESTRING (-0.114079 51.522264,-0.132328 51.515631", "From Northington Street , Holborn to Soho Square , Soho"
"LINESTRING (-0.073537 51.514233,-0.132328 51.515631", "From Braham Street, Aldgate to Soho Square , Soho"
"LINESTRING (-0.138846 51.510048,-0.132328 51.515631", "From Sackville Street, Mayfair to Soho Square , Soho"
"LINESTRING (-0.143613 51.523518,-0.132328 51.515631", "From Bolsover Street, Fitzrovia to Soho Square , Soho"
"LINESTRING (-0.086685 51.517075,-0.132328 51.515631", "From Finsbury Circus, Liverpool Street to Soho Square , Soho"
"LINESTRING (-0.142207 51.485357,-0.132328 51.515631", "From Grosvenor Road, Pimlico to Soho Square , Soho"
"LINESTRING (-0.15352 51.503117,-0.132328 51.515631", "From Hyde Park Corner, Hyde Park to Soho Square , Soho"
"LINESTRING (-0.136039 51.519914,-0.132328 51.515631", "From Scala Street, Fitzrovia to Soho Square , Soho"
"LINESTRING (-0.141423 51.514499,-0.132328 51.515631", "From Little Argyll Street, West End to Soho Square , Soho"
"LINESTRING (-0.077121 51.511594,-0.132328 51.515631", "From Crosswall, Tower to Soho Square , Soho"
"LINESTRING (-0.120973 51.530059,-0.132328 51.515631", "From St. Chad's Street, King's Cross to Soho Square , Soho"
"LINESTRING (-0.179135 51.516417,-0.132328 51.515631", "From Eastbourne Mews, Paddington to Soho Square , Soho"
"LINESTRING (-0.104778 51.504044,-0.132328 51.515631", "From Southwark Station 2, Southwark to Soho Square , Soho"
"LINESTRING (-0.125979 51.526357,-0.132328 51.515631", "From Cartwright Gardens , Bloomsbury to Soho Square , Soho"
"LINESTRING (-0.173881 51.494412,-0.132328 51.515631", "From South Kensington Station, South Kensington to Soho Square , Soho"
"LINESTRING (-0.058631 51.524583,-0.132328 51.515631", "From Finnis Street, Bethnal Green to Soho Square , Soho"
"LINESTRING (-0.123616 51.529943,-0.132328 51.515631", "From Belgrove Street , King's Cross to Soho Square , Soho"
"LINESTRING (-0.126409 51.524,-0.132328 51.515631", "From Coram Street, Bloomsbury to Soho Square , Soho"
"LINESTRING (-0.130504 51.526838,-0.132328 51.515631", "From Endsleigh Gardens, Euston to Soho Square , Soho"
"LINESTRING (-0.083632 51.502153,-0.132328 51.515631", "From Snowsfields, London Bridge to Soho Square , Soho"
"LINESTRING (-0.130504 51.526838,-0.132328 51.515631", "From Endsleigh Gardens, Euston to Soho Square , Soho"
"LINESTRING (-0.141423 51.514499,-0.132328 51.515631", "From Little Argyll Street, West End to Soho Square , Soho"
"LINESTRING (-0.129698 51.500703,-0.132328 51.515631", "From Storey's Gate, Westminster to Soho Square , Soho"
"LINESTRING (-0.138733 51.496753,-0.132328 51.515631", "From Howick Place, Westminster to Soho Square , Soho"
"LINESTRING (-0.108657 51.51795,-0.132328 51.515631", "From Holborn Circus, Holborn to Soho Square , Soho"
"LINESTRING (-0.096317 51.526008,-0.132328 51.515631", "From Finsbury Leisure Centre, St. Luke's to Soho Square , Soho"
"LINESTRING (-0.054883 51.522561,-0.132328 51.515631", "From Cephas Street, Bethnal Green to Soho Square , Soho"
"LINESTRING (-0.141423 51.514499,-0.132328 51.515631", "From Little Argyll Street, West End to Soho Square , Soho"
"LINESTRING (-0.104298 51.526717,-0.132328 51.515631", "From Finsbury Library , Finsbury to Soho Square , Soho"
"LINESTRING (-0.138846 51.510048,-0.132328 51.515631", "From Sackville Street, Mayfair to Soho Square , Soho"
"LINESTRING (-0.147478 51.492369,-0.132328 51.515631", "From Elizabeth Bridge, Victoria to Soho Square , Soho"
"LINESTRING (-0.140947 51.49616,-0.132328 51.515631", "From Ashley Place, Victoria to Soho Square , Soho"
"LINESTRING (-0.150181 51.536922,-0.132328 51.515631", "From London Zoo Car Park, The Regent's Park to Soho Square , Soho"
"LINESTRING (-0.123616 51.529943,-0.132328 51.515631", "From Belgrove Street , King's Cross to Soho Square , Soho"
"LINESTRING (-0.162298 51.522511,-0.132328 51.515631", "From Boston Place, Marylebone to Soho Square , Soho"
"LINESTRING (-0.057159 51.511088,-0.132328 51.515631", "From Shadwell Station, Shadwell to Soho Square , Soho"
"LINESTRING (-0.139174 51.533019,-0.132328 51.515631", "From Harrington Square 1, Camden Town to Soho Square , Soho"
"LINESTRING (-0.077178 51.514449,-0.132328 51.515631", "From Houndsditch, Aldgate to Soho Square , Soho"
"LINESTRING (-0.142783 51.51196,-0.132328 51.515631", "From St. George Street, Mayfair to Soho Square , Soho"
"LINESTRING (-0.132328 51.515631,-0.132328 51.515631", "From Soho Square , Soho to Soho Square , Soho"
"LINESTRING (-0.179592 51.525575,-0.132328 51.515631", "From Clifton Road, Maida Vale to Soho Square , Soho"
"LINESTRING (-0.134407 51.526236,-0.132328 51.515631", "From Euston Road, Euston to Soho Square , Soho"
"LINESTRING (-0.102757 51.536384,-0.132328 51.515631", "From Islington Green, Angel to Soho Square , Soho"
"LINESTRING (-0.118295 51.52728,-0.132328 51.515631", "From Ampton Street , Clerkenwell to Soho Square , Soho"
"LINESTRING (-0.06555 51.528681,-0.132328 51.515631", "From Durant Street, Bethnal Green to Soho Square , Soho"
"LINESTRING (-0.179135 51.516417,-0.172528 51.533043", "From Eastbourne Mews, Paddington to Wellington Road, St. John's Wood"
"LINESTRING (-0.143613 51.523518,-0.172528 51.533043", "From Bolsover Street, Fitzrovia to Wellington Road, St. John's Wood"
"LINESTRING (-0.17677 51.530889,-0.172528 51.533043", "From Grove End Road, St. John's Wood to Wellington Road, St. John's Wood"
"LINESTRING (-0.145393 51.542138,-0.172528 51.533043", "From Castlehaven Road, Camden Town to Wellington Road, St. John's Wood"
"LINESTRING (-0.116688 51.520596,-0.172528 51.533043", "From Theobald's Road , Holborn to Wellington Road, St. John's Wood"
"LINESTRING (-0.125979 51.526357,-0.172528 51.533043", "From Cartwright Gardens , Bloomsbury to Wellington Road, St. John's Wood"
"LINESTRING (-0.161113 51.522596,-0.172528 51.533043", "From Dorset Square, Marylebone to Wellington Road, St. John's Wood"
"LINESTRING (-0.142783 51.51196,-0.172528 51.533043", "From St. George Street, Mayfair to Wellington Road, St. John's Wood"
"LINESTRING (-0.197574 51.499606,-0.172528 51.533043", "From Phillimore Gardens, Kensington to Wellington Road, St. John's Wood"
"LINESTRING (-0.190603 51.493631,-0.172528 51.533043", "From Knaresborough Place, Earl's Court to Wellington Road, St. John's Wood"
"LINESTRING (-0.147154 51.537349,-0.172528 51.533043", "From Gloucester Avenue, Camden Town to Wellington Road, St. John's Wood"
"LINESTRING (-0.157275 51.510017,-0.157275 51.510017", "From Park Lane , Hyde Park to Park Lane , Hyde Park"
"LINESTRING (-0.157275 51.510017,-0.157275 51.510017", "From Park Lane , Hyde Park to Park Lane , Hyde Park"
"LINESTRING (-0.170279 51.506451,-0.157275 51.510017", "From Triangle Car Park, Hyde Park to Park Lane , Hyde Park"
"LINESTRING (-0.179668 51.511654,-0.157275 51.510017", "From Lancaster Gate , Bayswater to Park Lane , Hyde Park"
"LINESTRING (-0.157275 51.510017,-0.157275 51.510017", "From Park Lane , Hyde Park to Park Lane , Hyde Park"
"LINESTRING (-0.098807 51.506725,-0.157275 51.510017", "From Tate Modern, Bankside to Park Lane , Hyde Park"
"LINESTRING (-0.151126 51.510919,-0.157275 51.510017", "From Millennium Hotel, Mayfair to Park Lane , Hyde Park"
"LINESTRING (-0.157275 51.510017,-0.157275 51.510017", "From Park Lane , Hyde Park to Park Lane , Hyde Park"
"LINESTRING (-0.187402 51.51031,-0.157275 51.510017", "From Queensway, Kensington Gardens to Park Lane , Hyde Park"
"LINESTRING (-0.179854 51.501715,-0.157275 51.510017", "From Queen's Gate, Kensington Gardens to Park Lane , Hyde Park"
"LINESTRING (-0.157275 51.510017,-0.157275 51.510017", "From Park Lane , Hyde Park to Park Lane , Hyde Park"
"LINESTRING (-0.098807 51.506725,-0.157275 51.510017", "From Tate Modern, Bankside to Park Lane , Hyde Park"
"LINESTRING (-0.147478 51.492369,-0.157275 51.510017", "From Elizabeth Bridge, Victoria to Park Lane , Hyde Park"
"LINESTRING (-0.209494 51.498157,-0.157275 51.510017", "From Kensington Olympia Station, Olympia to Park Lane , Hyde Park"
"LINESTRING (-0.17306 51.505014,-0.157275 51.510017", "From Serpentine Car Park, Hyde Park to Park Lane , Hyde Park"
"LINESTRING (-0.157275 51.510017,-0.157275 51.510017", "From Park Lane , Hyde Park to Park Lane , Hyde Park"
"LINESTRING (-0.131961 51.508446,-0.157275 51.510017", "From Charles II Street, West End to Park Lane , Hyde Park"
"LINESTRING (-0.215804 51.494347,-0.157275 51.510017", "From Brook Green South, Brook Green to Park Lane , Hyde Park"
"LINESTRING (-0.178433 51.492479,-0.157275 51.510017", "From Queen's Gate (South), South Kensington to Park Lane , Hyde Park"
"LINESTRING (-0.139956 51.493573,-0.157275 51.510017", "From Queen Mother Sports Centre, Victoria to Park Lane , Hyde Park"
"LINESTRING (-0.129925 51.493072,-0.157275 51.510017", "From Vincent Street, Pimlico to Park Lane , Hyde Park"
"LINESTRING (-0.098807 51.506725,-0.157275 51.510017", "From Tate Modern, Bankside to Park Lane , Hyde Park"
"LINESTRING (-0.157436 51.512276,-0.157275 51.510017", "From Green Street, Mayfair to Park Lane , Hyde Park"
"LINESTRING (-0.17306 51.505014,-0.157275 51.510017", "From Serpentine Car Park, Hyde Park to Park Lane , Hyde Park"
"LINESTRING (-0.187402 51.51031,-0.157275 51.510017", "From Queensway, Kensington Gardens to Park Lane , Hyde Park"
"LINESTRING (-0.17306 51.505014,-0.157275 51.510017", "From Serpentine Car Park, Hyde Park to Park Lane , Hyde Park"
"LINESTRING (-0.132845 51.489975,-0.157275 51.510017", "From Rampayne Street, Pimlico to Park Lane , Hyde Park"
"LINESTRING (-0.157436 51.512276,-0.157275 51.510017", "From Green Street, Mayfair to Park Lane , Hyde Park"
"LINESTRING (-0.132328 51.515631,-0.157275 51.510017", "From Soho Square , Soho to Park Lane , Hyde Park"
"LINESTRING (-0.179668 51.511654,-0.157275 51.510017", "From Lancaster Gate , Bayswater to Park Lane , Hyde Park"
"LINESTRING (-0.182435 51.478169,-0.157275 51.510017", "From Upcerne Road, West Chelsea to Park Lane , Hyde Park"
"LINESTRING (-0.170279 51.506451,-0.157275 51.510017", "From Triangle Car Park, Hyde Park to Park Lane , Hyde Park"
"LINESTRING (-0.157275 51.510017,-0.157275 51.510017", "From Park Lane , Hyde Park to Park Lane , Hyde Park"
"LINESTRING (-0.157275 51.510017,-0.157275 51.510017", "From Park Lane , Hyde Park to Park Lane , Hyde Park"
"LINESTRING (-0.157275 51.510017,-0.157275 51.510017", "From Park Lane , Hyde Park to Park Lane , Hyde Park"
"LINESTRING (-0.18377 51.5171,-0.157275 51.510017", "From Bishop's Bridge Road East, Bayswater to Park Lane , Hyde Park"
"LINESTRING (-0.157275 51.510017,-0.157275 51.510017", "From Park Lane , Hyde Park to Park Lane , Hyde Park"
"LINESTRING (-0.201005 51.51787,-0.157275 51.510017", "From Westbourne Park Road, Portobello to Park Lane , Hyde Park"
"LINESTRING (-0.187404 51.487958,-0.157275 51.510017", "From Harcourt Terrace, West Brompton to Park Lane , Hyde Park"
"LINESTRING (-0.158456 51.502953,-0.157275 51.510017", "From Albert Gate, Hyde Park to Park Lane , Hyde Park"
"LINESTRING (-0.182435 51.478169,-0.157275 51.510017", "From Upcerne Road, West Chelsea to Park Lane , Hyde Park"
"LINESTRING (-0.187404 51.487958,-0.157275 51.510017", "From Harcourt Terrace, West Brompton to Park Lane , Hyde Park"
"LINESTRING (-0.157275 51.510017,-0.157275 51.510017", "From Park Lane , Hyde Park to Park Lane , Hyde Park"
"LINESTRING (-0.17306 51.505014,-0.157275 51.510017", "From Serpentine Car Park, Hyde Park to Park Lane , Hyde Park"
"LINESTRING (-0.116628 51.500089,-0.157275 51.510017", "From Lambeth Palace Road, Waterloo to Park Lane , Hyde Park"
"LINESTRING (-0.162298 51.522511,-0.157275 51.510017", "From Boston Place, Marylebone to Park Lane , Hyde Park"
"LINESTRING (-0.182435 51.478169,-0.157275 51.510017", "From Upcerne Road, West Chelsea to Park Lane , Hyde Park"
"LINESTRING (-0.121328 51.517606,-0.157275 51.510017", "From Southampton Place, Holborn to Park Lane , Hyde Park"
"LINESTRING (-0.112824 51.503791,-0.157275 51.510017", "From Waterloo Station 3, Waterloo to Park Lane , Hyde Park"
"LINESTRING (-0.132328 51.515631,-0.157275 51.510017", "From Soho Square , Soho to Park Lane , Hyde Park"
"LINESTRING (-0.150666 51.506864,-0.157275 51.510017", "From Stanhope Gate, Mayfair to Park Lane , Hyde Park"
"LINESTRING (-0.170983 51.486892,-0.157275 51.510017", "From Manresa Road, Chelsea to Park Lane , Hyde Park"
"LINESTRING (-0.170279 51.506451,-0.157275 51.510017", "From Triangle Car Park, Hyde Park to Park Lane , Hyde Park"
"LINESTRING (-0.137424 51.498865,-0.157275 51.510017", "From Buckingham Gate, Westminster to Park Lane , Hyde Park"
"LINESTRING (-0.098807 51.506725,-0.157275 51.510017", "From Tate Modern, Bankside to Park Lane , Hyde Park"
"LINESTRING (-0.196422 51.509353,-0.157275 51.510017", "From Notting Hill Gate Station, Notting Hill to Park Lane , Hyde Park"
"LINESTRING (-0.209378 51.489591,-0.157275 51.510017", "From Vereker Road, West Kensington to Park Lane , Hyde Park"
"LINESTRING (-0.068161 51.509786,-0.157275 51.510017", "From Dock Street, Wapping to Park Lane , Hyde Park"
"LINESTRING (-0.18377 51.5171,-0.157275 51.510017", "From Bishop's Bridge Road East, Bayswater to Park Lane , Hyde Park"
"LINESTRING (-0.157275 51.510017,-0.157275 51.510017", "From Park Lane , Hyde Park to Park Lane , Hyde Park"
"LINESTRING (-0.114934 51.49288,-0.10527 51.515809", "From Lollard Street, Vauxhall to Stonecutter Street, Holborn"
"LINESTRING (-0.104778 51.504044,-0.10527 51.515809", "From Southwark Station 2, Southwark to Stonecutter Street, Holborn"
"LINESTRING (-0.10454 51.505461,-0.10527 51.515809", "From Blackfriars Road, Southwark to Stonecutter Street, Holborn"
"LINESTRING (-0.112824 51.503791,-0.10527 51.515809", "From Waterloo Station 3, Waterloo to Stonecutter Street, Holborn"
"LINESTRING (-0.113885 51.51165,-0.10527 51.515809", "From Arundel Street to Stonecutter Street, Holborn"
"LINESTRING (-0.104947 51.516785,-0.10527 51.515809", "From Farringdon Street, Holborn to Stonecutter Street, Holborn"
"LINESTRING (-0.112824 51.503791,-0.10527 51.515809", "From Waterloo Station 3, Waterloo to Stonecutter Street, Holborn"
"LINESTRING (-0.111471 51.479601,-0.10527 51.515809", "From Cranmer Road, Stockwell to Stonecutter Street, Holborn"
"LINESTRING (-0.074754 51.523648,-0.10527 51.515809", "From Bethnal Green Road, Shoreditch to Stonecutter Street, Holborn"
"LINESTRING (-0.119643 51.511756,-0.10527 51.515809", "From Wellington Street , Strand to Stonecutter Street, Holborn"
"LINESTRING (-0.140741 51.488057,-0.10527 51.515809", "From Alderney Street, Pimlico to Stonecutter Street, Holborn"
"LINESTRING (-0.113864 51.504027,-0.10527 51.515809", "From Waterloo Station 1, Waterloo to Stonecutter Street, Holborn"
"LINESTRING (-0.110121 51.488105,-0.10527 51.515809", "From Cleaver Street, Kennington to Stonecutter Street, Holborn"
"LINESTRING (-0.113864 51.504027,-0.10527 51.515809", "From Waterloo Station 1, Waterloo to Stonecutter Street, Holborn"
"LINESTRING (-0.091938 51.492807,-0.10527 51.515809", "From Victory Place, Walworth to Stonecutter Street, Holborn"
"LINESTRING (-0.113426 51.503919,-0.10527 51.515809", "From Waterloo Station 2, Waterloo to Stonecutter Street, Holborn"
"LINESTRING (-0.094524 51.500694,-0.10527 51.515809", "From Borough High Street, The Borough to Stonecutter Street, Holborn"
"LINESTRING (-0.089659 51.52548,-0.10527 51.515809", "From Old Street Station, St. Luke's to Stonecutter Street, Holborn"
"LINESTRING (-0.114686 51.506133,-0.10527 51.515809", "From Belvedere Road 1, South Bank to Stonecutter Street, Holborn"
"LINESTRING (-0.09885 51.515418,-0.10527 51.515809", "From Newgate Street , St. Paul's to Stonecutter Street, Holborn"
"LINESTRING (-0.13544 51.497829,-0.10527 51.515809", "From Butler Place, Westminster to Stonecutter Street, Holborn"
"LINESTRING (-0.113001 51.50486,-0.10527 51.515809", "From Waterloo Road, South Bank to Stonecutter Street, Holborn"
"LINESTRING (-0.106823 51.508033,-0.10527 51.515809", "From Sea Containers, South Bank to Stonecutter Street, Holborn"
"LINESTRING (-0.130504 51.526838,-0.10527 51.515809", "From Endsleigh Gardens, Euston to Stonecutter Street, Holborn"
"LINESTRING (-0.098497 51.503688,-0.10527 51.515809", "From Union Street, The Borough to Stonecutter Street, Holborn"
"LINESTRING (-0.112824 51.503791,-0.10527 51.515809", "From Waterloo Station 3, Waterloo to Stonecutter Street, Holborn"
"LINESTRING (-0.105593 51.488852,-0.10527 51.515809", "From Kennington Station, Kennington to Stonecutter Street, Holborn"
"LINESTRING (-0.091401 51.518093,-0.10527 51.515809", "From Fore Street Avenue, Guildhall to Stonecutter Street, Holborn"
"LINESTRING (-0.118272 51.516277,-0.10527 51.515809", "From Lincoln's Inn Fields, Holborn to Stonecutter Street, Holborn"
"LINESTRING (-0.149551 51.477619,-0.10527 51.515809", "From Queen's Circus, Battersea Park to Stonecutter Street, Holborn"
"LINESTRING (-0.0786 51.500647,-0.10527 51.515809", "From Tanner Street, Bermondsey to Stonecutter Street, Holborn"
"LINESTRING (-0.07813 51.526377,-0.10527 51.515809", "From Shoreditch High Street, Shoreditch to Stonecutter Street, Holborn"
"LINESTRING (-0.086685 51.517075,-0.10527 51.515809", "From Finsbury Circus, Liverpool Street to Stonecutter Street, Holborn"
"LINESTRING (-0.074431 51.519362,-0.10527 51.515809", "From Fournier Street, Whitechapel to Stonecutter Street, Holborn"
"LINESTRING (-0.18119 51.485587,-0.183289 51.496462", "From Limerston Street, West Chelsea to Gloucester Road (Central), South Kensington"
"LINESTRING (-0.179702 51.499428,-0.183289 51.496462", "From Imperial College, Knightsbridge to Gloucester Road (Central), South Kensington"
"LINESTRING (-0.183289 51.496462,-0.183289 51.496462", "From Gloucester Road (Central), South Kensington to Gloucester Road (Central), South Kensington"
"LINESTRING (-0.194757 51.493343,-0.183289 51.496462", "From Nevern Place, Earl's Court to Gloucester Road (Central), South Kensington"
"LINESTRING (-0.141327 51.520253,-0.183289 51.496462", "From Great Titchfield Street, Fitzrovia to Gloucester Road (Central), South Kensington"
"LINESTRING (-0.139016 51.520994,-0.183289 51.496462", "From Howland Street, Fitzrovia to Gloucester Road (Central), South Kensington"
"LINESTRING (-0.18119 51.485587,-0.183289 51.496462", "From Limerston Street, West Chelsea to Gloucester Road (Central), South Kensington"
"LINESTRING (-0.120718 51.511968,-0.183289 51.496462", "From Tavistock Street, Covent Garden to Gloucester Road (Central), South Kensington"
"LINESTRING (-0.199004 51.506584,-0.183289 51.496462", "From Campden Hill Road, Notting Hill to Gloucester Road (Central), South Kensington"
"LINESTRING (-0.20624 51.461999,-0.183289 51.496462", "From Putney Bridge Road, East Putney to Gloucester Road (Central), South Kensington"
"LINESTRING (-0.205876 51.475698,-0.183289 51.496462", "From Chesilton Road, Fulham to Gloucester Road (Central), South Kensington"
"LINESTRING (-0.190603 51.493631,-0.183289 51.496462", "From Knaresborough Place, Earl's Court to Gloucester Road (Central), South Kensington"
"LINESTRING (-0.150817 51.505426,-0.183289 51.496462", "From Park Lane, Mayfair to Gloucester Road (Central), South Kensington"
"LINESTRING (-0.179702 51.499428,-0.183289 51.496462", "From Imperial College, Knightsbridge to Gloucester Road (Central), South Kensington"
"LINESTRING (-0.190393 51.490163,-0.183289 51.496462", "From Bramham Gardens, Earl's Court to Gloucester Road (Central), South Kensington"
"LINESTRING (-0.19617 51.490853,-0.183289 51.496462", "From Trebovir Road, Earl's Court to Gloucester Road (Central), South Kensington"
"LINESTRING (-0.142844 51.506613,-0.183289 51.496462", "From Green Park Station, Mayfair to Gloucester Road (Central), South Kensington"
"LINESTRING (-0.15352 51.503117,-0.183289 51.496462", "From Hyde Park Corner, Hyde Park to Gloucester Road (Central), South Kensington"
"LINESTRING (-0.180389 51.46517,-0.183289 51.496462", "From Hibbert Street, Battersea to Gloucester Road (Central), South Kensington"
"LINESTRING (-0.082422 51.516154,-0.183289 51.496462", "From Wormwood Street, Liverpool Street to Gloucester Road (Central), South Kensington"
"LINESTRING (-0.138019 51.524438,-0.158963 51.524517", "From Warren Street Station, Euston to Park Road (Baker Street), The Regent's Park"
"LINESTRING (-0.168074 51.5343,-0.158963 51.524517", "From Charlbert Street, St. John's Wood to Park Road (Baker Street), The Regent's Park"
"LINESTRING (-0.144466 51.528302,-0.158963 51.524517", "From Albany Street, The Regent's Park to Park Road (Baker Street), The Regent's Park"
"LINESTRING (-0.093051 51.511246,-0.158963 51.524517", "From Queen Street 2, Bank to Park Road (Baker Street), The Regent's Park"
"LINESTRING (-0.143495 51.509992,-0.158963 51.524517", "From Grafton Street, Mayfair to Park Road (Baker Street), The Regent's Park"
"LINESTRING (-0.124749 51.509462,-0.158963 51.524517", "From William IV Street, Strand to Park Road (Baker Street), The Regent's Park"
"LINESTRING (-0.144466 51.528302,-0.158963 51.524517", "From Albany Street, The Regent's Park to Park Road (Baker Street), The Regent's Park"
"LINESTRING (-0.160854 51.535892,-0.158963 51.524517", "From Prince Albert Road, The Regent's Park to Park Road (Baker Street), The Regent's Park"
"LINESTRING (-0.144466 51.528302,-0.158963 51.524517", "From Albany Street, The Regent's Park to Park Road (Baker Street), The Regent's Park"
"LINESTRING (-0.144466 51.528302,-0.158963 51.524517", "From Albany Street, The Regent's Park to Park Road (Baker Street), The Regent's Park"
"LINESTRING (-0.139016 51.520994,-0.158963 51.524517", "From Howland Street, Fitzrovia to Park Road (Baker Street), The Regent's Park"
"LINESTRING (-0.139174 51.533019,-0.158963 51.524517", "From Harrington Square 1, Camden Town to Park Road (Baker Street), The Regent's Park"
"LINESTRING (-0.202608 51.51632,-0.158963 51.524517", "From All Saints Church, Portobello to Park Road (Baker Street), The Regent's Park"
"LINESTRING (-0.144466 51.528302,-0.158963 51.524517", "From Albany Street, The Regent's Park to Park Road (Baker Street), The Regent's Park"
"LINESTRING (-0.143495 51.509992,-0.158963 51.524517", "From Grafton Street, Mayfair to Park Road (Baker Street), The Regent's Park"
"LINESTRING (-0.144466 51.528302,-0.158963 51.524517", "From Albany Street, The Regent's Park to Park Road (Baker Street), The Regent's Park"
"LINESTRING (-0.138846 51.510048,-0.158963 51.524517", "From Sackville Street, Mayfair to Park Road (Baker Street), The Regent's Park"
"LINESTRING (-0.191933 51.495866,-0.158963 51.524517", "From Lexham Gardens, Kensington to Park Road (Baker Street), The Regent's Park"
"LINESTRING (-0.158963 51.524517,-0.158963 51.524517", "From Park Road (Baker Street), The Regent's Park to Park Road (Baker Street), The Regent's Park"
"LINESTRING (-0.16862 51.53256,-0.158963 51.524517", "From Greenberry Street, St.John's Wood to Park Road (Baker Street), The Regent's Park"
"LINESTRING (-0.138846 51.510048,-0.158963 51.524517", "From Sackville Street, Mayfair to Park Road (Baker Street), The Regent's Park"
"LINESTRING (-0.155525 51.516204,-0.158963 51.524517", "From Portman Square, Marylebone to Park Road (Baker Street), The Regent's Park"
"LINESTRING (-0.133201 51.512515,-0.158963 51.524517", "From Wardour Street, Soho to Park Road (Baker Street), The Regent's Park"
"LINESTRING (-0.131161 51.52505,-0.158963 51.524517", "From Taviton Street, Bloomsbury to Park Road (Baker Street), The Regent's Park"
"LINESTRING (-0.141423 51.514499,-0.158963 51.524517", "From Little Argyll Street, West End to Park Road (Baker Street), The Regent's Park"
"LINESTRING (-0.174653 51.527294,-0.158963 51.524517", "From St. John's Wood Road, St. John's Wood to Park Road (Baker Street), The Regent's Park"
"LINESTRING (-0.11655 51.51824,-0.158963 51.524517", "From Red Lion Street, Holborn to Park Road (Baker Street), The Regent's Park"
"LINESTRING (-0.163609 51.51809,-0.158963 51.524517", "From Shouldham Street, Marylebone to Park Road (Baker Street), The Regent's Park"
"LINESTRING (-0.136039 51.519914,-0.158963 51.524517", "From Scala Street, Fitzrovia to Park Road (Baker Street), The Regent's Park"
"LINESTRING (-0.124807 51.53724,-0.158963 51.524517", "From Handyside Street, King's Cross to Park Road (Baker Street), The Regent's Park"
"LINESTRING (-0.167515 51.530529,-0.158963 51.524517", "From St. John's Wood Church, The Regent's Park to Park Road (Baker Street), The Regent's Park"
"LINESTRING (-0.158963 51.524517,-0.158963 51.524517", "From Park Road (Baker Street), The Regent's Park to Park Road (Baker Street), The Regent's Park"
"LINESTRING (-0.145211 51.520715,-0.158963 51.524517", "From Portland Place, Marylebone to Park Road (Baker Street), The Regent's Park"
"LINESTRING (-0.169774 51.519968,-0.158963 51.524517", "From Edgware Road Station, Marylebone to Park Road (Baker Street), The Regent's Park"
"LINESTRING (-0.179592 51.525575,-0.158963 51.524517", "From Clifton Road, Maida Vale to Park Road (Baker Street), The Regent's Park"
"LINESTRING (-0.172528 51.533043,-0.158963 51.524517", "From Wellington Road, St. John's Wood to Park Road (Baker Street), The Regent's Park"
"LINESTRING (-0.17219 51.526448,-0.158963 51.524517", "From Lisson Grove, St. John's Wood to Park Road (Baker Street), The Regent's Park"
"LINESTRING (-0.148105 51.514759,-0.158963 51.524517", "From Marylebone Lane, Marylebone to Park Road (Baker Street), The Regent's Park"
"LINESTRING (-0.138072 51.517344,-0.158963 51.524517", "From Wells Street, Fitzrovia to Park Road (Baker Street), The Regent's Park"
"LINESTRING (-0.0786 51.500647,-0.073537 51.514233", "From Tanner Street, Bermondsey to Braham Street, Aldgate"
"LINESTRING (-0.011889 51.538718,-0.073537 51.514233", "From Podium, Queen Elizabeth Olympic Park to Braham Street, Aldgate"
"LINESTRING (-0.063471 51.497995,-0.073537 51.514233", "From Bermondsey Station, Bermondsey to Braham Street, Aldgate"
"LINESTRING (-0.085634 51.520962,-0.073537 51.514233", "From Finsbury Square , Moorgate to Braham Street, Aldgate"
"LINESTRING (-0.087587 51.514441,-0.073537 51.514233", "From Bank of England Museum, Bank to Braham Street, Aldgate"
"LINESTRING (-0.074189 51.502279,-0.073537 51.514233", "From Curlew Street, Shad Thames to Braham Street, Aldgate"
"LINESTRING (-0.098497 51.503688,-0.073537 51.514233", "From Union Street, The Borough to Braham Street, Aldgate"
"LINESTRING (-0.113426 51.503919,-0.073537 51.514233", "From Waterloo Station 2, Waterloo to Braham Street, Aldgate"
"LINESTRING (-0.068161 51.509786,-0.073537 51.514233", "From Dock Street, Wapping to Braham Street, Aldgate"
"LINESTRING (-0.111014 51.493686,-0.073537 51.514233", "From Walnut Tree Walk, Vauxhall to Braham Street, Aldgate"
"LINESTRING (-0.068981 51.498585,-0.073537 51.514233", "From George Row, Bermondsey to Braham Street, Aldgate"
"LINESTRING (-0.132053 51.518587,-0.073537 51.514233", "From Bayley Street , Bloomsbury to Braham Street, Aldgate"
"LINESTRING (-0.12367 51.471433,-0.073537 51.514233", "From Clapham Road, Lingham Street, Stockwell to Braham Street, Aldgate"
"LINESTRING (-0.087262 51.506304,-0.073537 51.514233", "From Duke Street Hill, London Bridge to Braham Street, Aldgate"
"LINESTRING (-0.113936 51.500139,-0.073537 51.514233", "From Lower Marsh, Waterloo to Braham Street, Aldgate"
"LINESTRING (-0.087459 51.528673,-0.073537 51.514233", "From East Road, Hoxton to Braham Street, Aldgate"
"LINESTRING (-0.06111 51.518675,-0.073537 51.514233", "From Royal London Hospital, Whitechapel to Braham Street, Aldgate"
"LINESTRING (-0.132102 51.498125,-0.073537 51.514233", "From Abbey Orchard Street, Westminster to Braham Street, Aldgate"
"LINESTRING (-0.029138 51.516196,-0.073537 51.514233", "From Burdett Road, Mile End to Braham Street, Aldgate"
"LINESTRING (-0.065076 51.52388,-0.073537 51.514233", "From Cheshire Street, Bethnal Green to Braham Street, Aldgate"
"LINESTRING (-0.108657 51.51795,-0.073537 51.514233", "From Holborn Circus, Holborn to Braham Street, Aldgate"
"LINESTRING (-0.119047 51.509631,-0.073537 51.514233", "From Embankment (Savoy), Strand to Braham Street, Aldgate"
"LINESTRING (-0.113864 51.504027,-0.073537 51.514233", "From Waterloo Station 1, Waterloo to Braham Street, Aldgate"
"LINESTRING (-0.115851 51.505044,-0.073537 51.514233", "From Concert Hall Approach 1, South Bank to Braham Street, Aldgate"
"LINESTRING (-0.101536 51.49217,-0.073537 51.514233", "From Hampton Street, Walworth to Braham Street, Aldgate"
"LINESTRING (-0.123179 51.506543,-0.073537 51.514233", "From Whitehall Place, Strand to Braham Street, Aldgate"
"LINESTRING (-0.10044 51.498898,-0.073537 51.514233", "From Borough Road, Elephant & Castle to Braham Street, Aldgate"
"LINESTRING (-0.101026 51.528246,-0.073537 51.514233", "From Goswell Road (City Uni), Finsbury to Braham Street, Aldgate"
"LINESTRING (-0.108028 51.518825,-0.073537 51.514233", "From Hatton Garden, Holborn to Braham Street, Aldgate"
"LINESTRING (-0.022793 51.497304,-0.073537 51.514233", "From Alpha Grove, Millwall to Braham Street, Aldgate"
"LINESTRING (-0.113426 51.503919,-0.073537 51.514233", "From Waterloo Station 2, Waterloo to Braham Street, Aldgate"
"LINESTRING (-0.037366 51.534137,-0.073537 51.514233", "From Driffield Road, Old Ford to Braham Street, Aldgate"
"LINESTRING (-0.07962 51.503493,-0.073537 51.514233", "From Tooley Street, Bermondsey to Braham Street, Aldgate"
"LINESTRING (-0.083632 51.502153,-0.073537 51.514233", "From Snowsfields, London Bridge to Braham Street, Aldgate"
"LINESTRING (-0.118256 51.47659,-0.073537 51.514233", "From Albert Square, Stockwell to Braham Street, Aldgate"
"LINESTRING (-0.108657 51.51795,-0.073537 51.514233", "From Holborn Circus, Holborn to Braham Street, Aldgate"
"LINESTRING (-0.053558 51.511066,-0.073537 51.514233", "From Sutton Street, Shadwell to Braham Street, Aldgate"
"LINESTRING (-0.051394 51.520893,-0.073537 51.514233", "From Cleveland Way, Stepney to Braham Street, Aldgate"
"LINESTRING (-0.06992 51.53385,-0.073537 51.514233", "From Queensbridge Road, Haggerston to Braham Street, Aldgate"
"LINESTRING (-0.137043 51.511897,-0.073537 51.514233", "From Golden Square, Soho to Braham Street, Aldgate"
"LINESTRING (-0.114686 51.506133,-0.073537 51.514233", "From Belvedere Road 1, South Bank to Braham Street, Aldgate"
"LINESTRING (-0.154106 51.517703,-0.073537 51.514233", "From George Street, Marylebone to Braham Street, Aldgate"
"LINESTRING (-0.081608 51.497855,-0.073537 51.514233", "From Bermondsey Street, Bermondsey to Braham Street, Aldgate"
"LINESTRING (-0.113426 51.503919,-0.073537 51.514233", "From Waterloo Station 2, Waterloo to Braham Street, Aldgate"
"LINESTRING (-0.039264 51.521564,-0.073537 51.514233", "From Harford Street, Mile End to Braham Street, Aldgate"
"LINESTRING (-0.015578 51.52512,-0.073537 51.514233", "From Devons Road, Bow to Braham Street, Aldgate"
"LINESTRING (-0.085666 51.499075,-0.073537 51.514233", "From Long Lane , Bermondsey to Braham Street, Aldgate"
"LINESTRING (-0.100168 51.530344,-0.073537 51.514233", "From City Road, Angel to Braham Street, Aldgate"
"LINESTRING (-0.113426 51.503919,-0.073537 51.514233", "From Waterloo Station 2, Waterloo to Braham Street, Aldgate"
"LINESTRING (-0.128585 51.516118,-0.073537 51.514233", "From Earnshaw Street , Covent Garden to Braham Street, Aldgate"
"LINESTRING (-0.020542 51.544909,-0.073537 51.514233", "From Copper Box Arena, Queen Elizabeth Olympic Park to Braham Street, Aldgate"
"LINESTRING (-0.077121 51.511594,-0.073537 51.514233", "From Crosswall, Tower to Braham Street, Aldgate"
"LINESTRING (-0.047218 51.526041,-0.073537 51.514233", "From Bancroft Road, Bethnal Green to Braham Street, Aldgate"
"LINESTRING (-0.09294 51.51397,-0.073537 51.514233", "From Cheapside, Bank to Braham Street, Aldgate"
"LINESTRING (-0.057159 51.511088,-0.073537 51.514233", "From Shadwell Station, Shadwell to Braham Street, Aldgate"
"LINESTRING (-0.112686 51.469217,-0.073537 51.514233", "From Wynne Road, Stockwell to Braham Street, Aldgate"
"LINESTRING (-0.069543 51.525645,-0.073537 51.514233", "From Granby Street, Shoreditch to Braham Street, Aldgate"
"LINESTRING (-0.06111 51.518675,-0.073537 51.514233", "From Royal London Hospital, Whitechapel to Braham Street, Aldgate"
"LINESTRING (-0.075901 51.531091,-0.073537 51.514233", "From Hoxton Station, Hoxton to Braham Street, Aldgate"
"LINESTRING (-0.084439 51.524696,-0.073537 51.514233", "From Leonard Circus , Shoreditch to Braham Street, Aldgate"
"LINESTRING (-0.112824 51.503791,-0.073537 51.514233", "From Waterloo Station 3, Waterloo to Braham Street, Aldgate"
"LINESTRING (-0.113426 51.503919,-0.073537 51.514233", "From Waterloo Station 2, Waterloo to Braham Street, Aldgate"
"LINESTRING (-0.113426 51.503919,-0.073537 51.514233", "From Waterloo Station 2, Waterloo to Braham Street, Aldgate"
"LINESTRING (-0.08974 51.500823,-0.073537 51.514233", "From Empire Square, The Borough to Braham Street, Aldgate"
"LINESTRING (-0.043371 51.518369,-0.073537 51.514233", "From Rectory Square, Stepney to Braham Street, Aldgate"
"LINESTRING (-0.074189 51.502279,-0.073537 51.514233", "From Curlew Street, Shad Thames to Braham Street, Aldgate"
"LINESTRING (-0.131861 51.527068,-0.073537 51.514233", "From Euston Square Gardens, Euston to Braham Street, Aldgate"
"LINESTRING (-0.063386 51.521905,-0.073537 51.514233", "From Selby Street, Whitechapel to Braham Street, Aldgate"
"LINESTRING (-0.086685 51.517075,-0.073537 51.514233", "From Finsbury Circus, Liverpool Street to Braham Street, Aldgate"
"LINESTRING (-0.149004 51.485821,-0.141423 51.514499", "From Chelsea Bridge, Pimlico to Little Argyll Street, West End"
"LINESTRING (-0.139016 51.520994,-0.141423 51.514499", "From Howland Street, Fitzrovia to Little Argyll Street, West End"
"LINESTRING (-0.0786 51.500647,-0.141423 51.514499", "From Tanner Street, Bermondsey to Little Argyll Street, West End"
"LINESTRING (-0.123616 51.529943,-0.141423 51.514499", "From Belgrove Street , King's Cross to Little Argyll Street, West End"
"LINESTRING (-0.123179 51.506543,-0.141423 51.514499", "From Whitehall Place, Strand to Little Argyll Street, West End"
"LINESTRING (-0.118478 51.514409,-0.141423 51.514499", "From Kingsway, Covent Garden to Little Argyll Street, West End"
"LINESTRING (-0.141423 51.514499,-0.141423 51.514499", "From Little Argyll Street, West End to Little Argyll Street, West End"
"LINESTRING (-0.077121 51.511594,-0.141423 51.514499", "From Crosswall, Tower to Little Argyll Street, West End"
"LINESTRING (-0.176267 51.472876,-0.141423 51.514499", "From Vicarage Crescent, Battersea to Little Argyll Street, West End"
"LINESTRING (-0.077121 51.511594,-0.141423 51.514499", "From Crosswall, Tower to Little Argyll Street, West End"
"LINESTRING (-0.141728 51.539099,-0.141423 51.514499", "From Greenland Road, Camden Town to Little Argyll Street, West End"
"LINESTRING (-0.108657 51.51795,-0.141423 51.514499", "From Holborn Circus, Holborn to Little Argyll Street, West End"
"LINESTRING (-0.123179 51.506543,-0.141423 51.514499", "From Whitehall Place, Strand to Little Argyll Street, West End"
"LINESTRING (-0.074431 51.519362,-0.141423 51.514499", "From Fournier Street, Whitechapel to Little Argyll Street, West End"
"LINESTRING (-0.109256 51.526443,-0.141423 51.514499", "From Tysoe Street, Clerkenwell to Little Argyll Street, West End"
"LINESTRING (-0.075901 51.531091,-0.141423 51.514499", "From Hoxton Station, Hoxton to Little Argyll Street, West End"
"LINESTRING (-0.106823 51.508033,-0.141423 51.514499", "From Sea Containers, South Bank to Little Argyll Street, West End"
"LINESTRING (-0.19617 51.490853,-0.141423 51.514499", "From Trebovir Road, Earl's Court to Little Argyll Street, West End"
"LINESTRING (-0.179369 51.487196,-0.141423 51.514499", "From Drayton Gardens, West Chelsea to Little Argyll Street, West End"
"LINESTRING (-0.137598 51.497698,-0.141423 51.514499", "From Kings Gate House, Westminster to Little Argyll Street, West End"
"LINESTRING (-0.173693 51.495948,-0.141423 51.514499", "From Exhibition Road Museums 2, South Kensington to Little Argyll Street, West End"
"LINESTRING (-0.141423 51.514499,-0.141423 51.514499", "From Little Argyll Street, West End to Little Argyll Street, West End"
"LINESTRING (-0.159322 51.461343,-0.141423 51.514499", "From Clapham Common North Side, Clapham Common to Little Argyll Street, West End"
"LINESTRING (-0.09022 51.491484,-0.141423 51.514499", "From Rodney Road , Walworth to Little Argyll Street, West End"
"LINESTRING (-0.150908 51.47505,-0.141423 51.514499", "From Alfreda Street, Battersea Park to Little Argyll Street, West End"
"LINESTRING (-0.122299 51.530199,-0.141423 51.514499", "From Birkenhead Street, King's Cross to Little Argyll Street, West End"
"LINESTRING (-0.167515 51.530529,-0.141423 51.514499", "From St. John's Wood Church, The Regent's Park to Little Argyll Street, West End"
"LINESTRING (-0.158456 51.502953,-0.141423 51.514499", "From Albert Gate, Hyde Park to Little Argyll Street, West End"
"LINESTRING (-0.121328 51.517606,-0.141423 51.514499", "From Southampton Place, Holborn to Little Argyll Street, West End"
"LINESTRING (-0.191462 51.501364,-0.141423 51.514499", "From Derry Street, Kensington to Little Argyll Street, West End"
"LINESTRING (-0.141423 51.514499,-0.141423 51.514499", "From Little Argyll Street, West End to Little Argyll Street, West End"
"LINESTRING (-0.123179 51.506543,-0.141423 51.514499", "From Whitehall Place, Strand to Little Argyll Street, West End"
"LINESTRING (-0.197245 51.497387,-0.141423 51.514499", "From Abingdon Villas, Kensington to Little Argyll Street, West End"
"LINESTRING (-0.183486 51.529857,-0.141423 51.514499", "From Maida Vale, Maida Vale to Little Argyll Street, West End"
"LINESTRING (-0.125979 51.526357,-0.141423 51.514499", "From Cartwright Gardens , Bloomsbury to Little Argyll Street, West End"
"LINESTRING (-0.174554 51.499917,-0.141423 51.514499", "From Exhibition Road, Knightsbridge to Little Argyll Street, West End"
"LINESTRING (-0.18697 51.51616,-0.141423 51.514499", "From Bishop's Bridge Road West, Bayswater to Little Argyll Street, West End"
"LINESTRING (-0.148105 51.514759,-0.141423 51.514499", "From Marylebone Lane, Marylebone to Little Argyll Street, West End"
"LINESTRING (-0.187842 51.509908,-0.141423 51.514499", "From Black Lion Gate, Kensington Gardens to Little Argyll Street, West End"
"LINESTRING (-0.077121 51.511594,-0.141423 51.514499", "From Crosswall, Tower to Little Argyll Street, West End"
"LINESTRING (-0.154106 51.517703,-0.141423 51.514499", "From George Street, Marylebone to Little Argyll Street, West End"
"LINESTRING (-0.097122 51.529423,-0.141423 51.514499", "From Macclesfield Rd, St Lukes to Little Argyll Street, West End"
"LINESTRING (-0.089782 51.53089,-0.141423 51.514499", "From Murray Grove , Hoxton to Little Argyll Street, West End"
"LINESTRING (-0.077121 51.511594,-0.141423 51.514499", "From Crosswall, Tower to Little Argyll Street, West End"
"LINESTRING (-0.141423 51.514499,-0.141423 51.514499", "From Little Argyll Street, West End to Little Argyll Street, West End"
"LINESTRING (-0.116191 51.535467,-0.141423 51.514499", "From Carnegie Street, King's Cross to Little Argyll Street, West End"
"LINESTRING (-0.119123 51.519435,-0.141423 51.514499", "From Red Lion Square, Holborn to Little Argyll Street, West End"
"LINESTRING (-0.166304 51.525051,-0.141423 51.514499", "From Mallory Street, Marylebone to Little Argyll Street, West End"
"LINESTRING (-0.130699 51.50777,-0.141423 51.514499", "From Pall Mall East, West End to Little Argyll Street, West End"
"LINESTRING (-0.17219 51.526448,-0.141423 51.514499", "From Lisson Grove, St. John's Wood to Little Argyll Street, West End"
"LINESTRING (-0.077121 51.511594,-0.141423 51.514499", "From Crosswall, Tower to Little Argyll Street, West End"
"LINESTRING (-0.120202 51.523346,-0.141423 51.514499", "From Guilford Street , Bloomsbury to Little Argyll Street, West End"
"LINESTRING (-0.111778 51.515937,-0.141423 51.514499", "From Breams Buildings, Holborn to Little Argyll Street, West End"
"LINESTRING (-0.077121 51.511594,-0.141423 51.514499", "From Crosswall, Tower to Little Argyll Street, West End"
"LINESTRING (-0.142844 51.506613,-0.141423 51.514499", "From Green Park Station, Mayfair to Little Argyll Street, West End"
"LINESTRING (-0.145211 51.520715,-0.141423 51.514499", "From Portland Place, Marylebone to Little Argyll Street, West End"
"LINESTRING (-0.132845 51.489975,-0.141423 51.514499", "From Rampayne Street, Pimlico to Little Argyll Street, West End"
"LINESTRING (-0.102208 51.526153,-0.141423 51.514499", "From Percival Street, Finsbury to Little Argyll Street, West End"
"LINESTRING (-0.077121 51.511594,-0.141423 51.514499", "From Crosswall, Tower to Little Argyll Street, West End"
"LINESTRING (-0.079608 51.521668,-0.141423 51.514499", "From Worship Street, Shoreditch to Little Argyll Street, West End"
"LINESTRING (-0.111781 51.533319,-0.141423 51.514499", "From Risinghill Street, Angel to Little Argyll Street, West End"
"LINESTRING (-0.144466 51.528302,-0.141423 51.514499", "From Albany Street, The Regent's Park to Little Argyll Street, West End"
"LINESTRING (-0.19096 51.51244,-0.141423 51.514499", "From Ilchester Gardens, Bayswater to Little Argyll Street, West End"
"LINESTRING (-0.18119 51.485587,-0.141423 51.514499", "From Limerston Street, West Chelsea to Little Argyll Street, West End"
"LINESTRING (-0.158264 51.514577,-0.141423 51.514499", "From Old Quebec Street, Marylebone to Little Argyll Street, West End"
"LINESTRING (-0.165471 51.498884,-0.141423 51.514499", "From Montpelier Street, Knightsbridge to Little Argyll Street, West End"
"LINESTRING (-0.123179 51.506543,-0.141423 51.514499", "From Whitehall Place, Strand to Little Argyll Street, West End"
"LINESTRING (-0.082422 51.516154,-0.141423 51.514499", "From Wormwood Street, Liverpool Street to Little Argyll Street, West End"
"LINESTRING (-0.070329 51.539083,-0.141423 51.514499", "From Shoreditch Court, Haggerston to Little Argyll Street, West End"
"LINESTRING (-0.187404 51.487958,-0.141423 51.514499", "From Harcourt Terrace, West Brompton to Little Argyll Street, West End"
"LINESTRING (-0.112686 51.469217,-0.141423 51.514499", "From Wynne Road, Stockwell to Little Argyll Street, West End"
"LINESTRING (-0.144083 51.525595,-0.141423 51.514499", "From Longford Street, The Regent's Park to Little Argyll Street, West End"
"LINESTRING (-0.151359 51.522008,-0.141423 51.514499", "From Beaumont Street, Marylebone to Little Argyll Street, West End"
"LINESTRING (-0.123179 51.506543,-0.141423 51.514499", "From Whitehall Place, Strand to Little Argyll Street, West End"
"LINESTRING (-0.143613 51.523518,-0.141423 51.514499", "From Bolsover Street, Fitzrovia to Little Argyll Street, West End"
"LINESTRING (-0.119643 51.511756,-0.141423 51.514499", "From Wellington Street , Strand to Little Argyll Street, West End"
"LINESTRING (-0.141423 51.514499,-0.141423 51.514499", "From Little Argyll Street, West End to Little Argyll Street, West End"
"LINESTRING (-0.197245 51.497387,-0.141423 51.514499", "From Abingdon Villas, Kensington to Little Argyll Street, West End"
"LINESTRING (-0.179369 51.487196,-0.141423 51.514499", "From Drayton Gardens, West Chelsea to Little Argyll Street, West End"
"LINESTRING (-0.154701 51.520583,-0.141423 51.514499", "From Paddington Street, Marylebone to Little Argyll Street, West End"
"LINESTRING (-0.142844 51.506613,-0.141423 51.514499", "From Green Park Station, Mayfair to Little Argyll Street, West End"
"LINESTRING (-0.0786 51.500647,-0.141423 51.514499", "From Tanner Street, Bermondsey to Little Argyll Street, West End"
"LINESTRING (-0.202608 51.51632,-0.141423 51.514499", "From All Saints Church, Portobello to Little Argyll Street, West End"
"LINESTRING (-0.19096 51.51244,-0.141423 51.514499", "From Ilchester Gardens, Bayswater to Little Argyll Street, West End"
"LINESTRING (-0.169249 51.515953,-0.141423 51.514499", "From Southwick Street, Paddington to Little Argyll Street, West End"
"LINESTRING (-0.141423 51.514499,-0.141423 51.514499", "From Little Argyll Street, West End to Little Argyll Street, West End"
"LINESTRING (-0.111435 51.48894,-0.141423 51.514499", "From Kennington Cross, Kennington to Little Argyll Street, West End"
"LINESTRING (-0.200742 51.502319,-0.141423 51.514499", "From Holland Park, Kensington to Little Argyll Street, West End"
"LINESTRING (-0.149569 51.50274,-0.141423 51.514499", "From Wellington Arch, Hyde Park to Little Argyll Street, West End"
"LINESTRING (-0.099828 51.493146,-0.141423 51.514499", "From Strata, Elephant & Castle to Little Argyll Street, West End"
"LINESTRING (-0.164207 51.517372,-0.141423 51.514499", "From Harrowby Street, Marylebone to Little Argyll Street, West End"
"LINESTRING (-0.150817 51.505426,-0.141423 51.514499", "From Park Lane, Mayfair to Little Argyll Street, West End"
"LINESTRING (-0.141423 51.514499,-0.141423 51.514499", "From Little Argyll Street, West End to Little Argyll Street, West End"
"LINESTRING (-0.135777 51.51953,-0.114934 51.49288", "From Charlotte Street, Fitzrovia to Lollard Street, Vauxhall"
"LINESTRING (-0.15352 51.503117,-0.114934 51.49288", "From Hyde Park Corner, Hyde Park to Lollard Street, Vauxhall"
"LINESTRING (-0.099828 51.493146,-0.114934 51.49288", "From Strata, Elephant & Castle to Lollard Street, Vauxhall"
"LINESTRING (-0.130908 51.464995,-0.114934 51.49288", "From Gauden Road, Clapham to Lollard Street, Vauxhall"
"LINESTRING (-0.099828 51.493146,-0.114934 51.49288", "From Strata, Elephant & Castle to Lollard Street, Vauxhall"
"LINESTRING (-0.111471 51.479601,-0.114934 51.49288", "From Cranmer Road, Stockwell to Lollard Street, Vauxhall"
"LINESTRING (-0.133201 51.512515,-0.114934 51.49288", "From Wardour Street, Soho to Lollard Street, Vauxhall"
"LINESTRING (-0.124642 51.481747,-0.114934 51.49288", "From South Lambeth Road, Vauxhall to Lollard Street, Vauxhall"
"LINESTRING (-0.113864 51.504027,-0.114934 51.49288", "From Waterloo Station 1, Waterloo to Lollard Street, Vauxhall"
"LINESTRING (-0.105596 51.505342,-0.114934 51.49288", "From Colombo Street, Southwark to Lollard Street, Vauxhall"
"LINESTRING (-0.157788 51.465123,-0.114934 51.49288", "From Sugden Road, Clapham to Lollard Street, Vauxhall"
"LINESTRING (-0.122492 51.486343,-0.114934 51.49288", "From Kennington Lane Rail Bridge, Vauxhall to Lollard Street, Vauxhall"
"LINESTRING (-0.113936 51.500139,-0.114934 51.49288", "From Lower Marsh, Waterloo to Lollard Street, Vauxhall"
"LINESTRING (-0.114934 51.49288,-0.114934 51.49288", "From Lollard Street, Vauxhall to Lollard Street, Vauxhall"
"LINESTRING (-0.147714 51.483507,-0.114934 51.49288", "From Battersea Power Station, Battersea Park to Lollard Street, Vauxhall"
"LINESTRING (-0.113936 51.500139,-0.114934 51.49288", "From Lower Marsh, Waterloo to Lollard Street, Vauxhall"
"LINESTRING (-0.106823 51.508033,-0.114934 51.49288", "From Sea Containers, South Bank to Lollard Street, Vauxhall"
"LINESTRING (-0.110699 51.501444,-0.114934 51.49288", "From Baylis Road, Waterloo to Lollard Street, Vauxhall"
"LINESTRING (-0.112031 51.49914,-0.114934 51.49288", "From Lambeth North Station, Waterloo to Lollard Street, Vauxhall"
"LINESTRING (-0.14177 51.479501,-0.114934 51.49288", "From Battersea Park Road, Nine Elms to Lollard Street, Vauxhall"
"LINESTRING (-0.131961 51.508446,-0.114934 51.49288", "From Charles II Street, West End to Lollard Street, Vauxhall"
"LINESTRING (-0.124469 51.485917,-0.114934 51.49288", "From Vauxhall Cross, Vauxhall to Lollard Street, Vauxhall"
"LINESTRING (-0.105593 51.488852,-0.114934 51.49288", "From Kennington Station, Kennington to Lollard Street, Vauxhall"
"LINESTRING (-0.110683 51.484788,-0.114934 51.49288", "From Kennington Road Post Office, Oval to Lollard Street, Vauxhall"
"LINESTRING (-0.103078 51.511934,-0.114934 51.49288", "From Blackfriars Station, St. Paul's to Lollard Street, Vauxhall"
"LINESTRING (-0.101384 51.49652,-0.114934 51.49288", "From Ontario Street, Elephant & Castle to Lollard Street, Vauxhall"
"LINESTRING (-0.174554 51.499917,-0.114934 51.49288", "From Exhibition Road, Knightsbridge to Lollard Street, Vauxhall"
"LINESTRING (-0.08974 51.500823,-0.114934 51.49288", "From Empire Square, The Borough to Lollard Street, Vauxhall"
"LINESTRING (-0.116625 51.486965,-0.114934 51.49288", "From Vauxhall Street, Vauxhall to Lollard Street, Vauxhall"
"LINESTRING (-0.15352 51.503117,-0.114934 51.49288", "From Hyde Park Corner, Hyde Park to Lollard Street, Vauxhall"
"LINESTRING (-0.132102 51.498125,-0.114934 51.49288", "From Abbey Orchard Street, Westminster to Lollard Street, Vauxhall"
"LINESTRING (-0.137598 51.497698,-0.114934 51.49288", "From Kings Gate House, Westminster to Lollard Street, Vauxhall"
"LINESTRING (-0.100791 51.518218,-0.114934 51.49288", "From West Smithfield Rotunda, Farringdon to Lollard Street, Vauxhall"
"LINESTRING (-0.112031 51.49914,-0.114934 51.49288", "From Lambeth North Station, Waterloo to Lollard Street, Vauxhall"
"LINESTRING (-0.129925 51.493072,-0.114934 51.49288", "From Vincent Street, Pimlico to Lollard Street, Vauxhall"
"LINESTRING (-0.110699 51.501444,-0.114934 51.49288", "From Baylis Road, Waterloo to Lollard Street, Vauxhall"
"LINESTRING (-0.126874 51.47787,-0.114934 51.49288", "From Hartington Road, Stockwell to Lollard Street, Vauxhall"
"LINESTRING (-0.15934 51.500241,-0.135478 51.495827", "From Harriet Street, Knightsbridge to Rochester Row, Westminster"
"LINESTRING (-0.148059 51.472865,-0.135478 51.495827", "From Silverthorne Road, Battersea to Rochester Row, Westminster"
"LINESTRING (-0.143613 51.523518,-0.135478 51.495827", "From Bolsover Street, Fitzrovia to Rochester Row, Westminster"
"LINESTRING (-0.124749 51.509462,-0.135478 51.495827", "From William IV Street, Strand to Rochester Row, Westminster"
"LINESTRING (-0.10044 51.498898,-0.135478 51.495827", "From Borough Road, Elephant & Castle to Rochester Row, Westminster"
"LINESTRING (-0.162727 51.489932,-0.135478 51.495827", "From Royal Avenue 1, Chelsea to Rochester Row, Westminster"
"LINESTRING (-0.13011 51.513527,-0.135478 51.495827", "From Moor Street, Soho to Rochester Row, Westminster"
"LINESTRING (-0.142207 51.485357,-0.135478 51.495827", "From Grosvenor Road, Pimlico to Rochester Row, Westminster"
"LINESTRING (-0.132102 51.498125,-0.135478 51.495827", "From Abbey Orchard Street, Westminster to Rochester Row, Westminster"
"LINESTRING (-0.055656 51.514222,-0.135478 51.495827", "From Watney Market, Stepney to Rochester Row, Westminster"
"LINESTRING (-0.14296 51.497998,-0.135478 51.495827", "From Warwick Row, Westminster to Rochester Row, Westminster"
"LINESTRING (-0.141923 51.489856,-0.135478 51.495827", "From Warwick Square, Pimlico to Rochester Row, Westminster"
"LINESTRING (-0.136123 51.482362,-0.135478 51.495827", "From Riverlight North, Nine Elms to Rochester Row, Westminster"
"LINESTRING (-0.150905 51.496544,-0.135478 51.495827", "From Eaton Square, Belgravia to Rochester Row, Westminster"
"LINESTRING (-0.176267 51.472876,-0.135478 51.495827", "From Vicarage Crescent, Battersea to Rochester Row, Westminster"
"LINESTRING (-0.141923 51.489856,-0.135478 51.495827", "From Warwick Square, Pimlico to Rochester Row, Westminster"
"LINESTRING (-0.116628 51.500089,-0.135478 51.495827", "From Lambeth Palace Road, Waterloo to Rochester Row, Westminster"
"LINESTRING (-0.101536 51.49217,-0.135478 51.495827", "From Hampton Street, Walworth to Rochester Row, Westminster"
"LINESTRING (-0.135478 51.495827,-0.135478 51.495827", "From Rochester Row, Westminster to Rochester Row, Westminster"
"LINESTRING (-0.156876 51.49313,-0.135478 51.495827", "From Sedding Street, Sloane Square to Rochester Row, Westminster"
"LINESTRING (-0.111778 51.515937,-0.135478 51.495827", "From Breams Buildings, Holborn to Rochester Row, Westminster"
"LINESTRING (-0.132845 51.489975,-0.135478 51.495827", "From Rampayne Street, Pimlico to Rochester Row, Westminster"
"LINESTRING (-0.171103 51.518268,-0.135478 51.495827", "From St Mary's Hospital, Paddington to Rochester Row, Westminster"
"LINESTRING (-0.161113 51.522596,-0.090847 51.525893", "From Dorset Square, Marylebone to Bath Street, St. Luke's"
"LINESTRING (-0.142844 51.506613,-0.090847 51.525893", "From Green Park Station, Mayfair to Bath Street, St. Luke's"
"LINESTRING (-0.09315 51.53356,-0.090847 51.525893", "From Eagle Wharf Road, Hoxton to Bath Street, St. Luke's"
"LINESTRING (-0.090847 51.525893,-0.090847 51.525893", "From Bath Street, St. Luke's to Bath Street, St. Luke's"
"LINESTRING (-0.093421 51.529154,-0.090847 51.525893", "From Windsor Terrace, Hoxton to Bath Street, St. Luke's"
"LINESTRING (-0.099981 51.532661,-0.090847 51.525893", "From Graham Street, Angel to Bath Street, St. Luke's"
"LINESTRING (-0.110683 51.484788,-0.090847 51.525893", "From Kennington Road Post Office, Oval to Bath Street, St. Luke's"
"LINESTRING (-0.109025 51.534408,-0.090847 51.525893", "From Cloudesley Road, Angel to Bath Street, St. Luke's"
"LINESTRING (-0.102208 51.526153,-0.090847 51.525893", "From Percival Street, Finsbury to Bath Street, St. Luke's"
"LINESTRING (-0.120202 51.523346,-0.090847 51.525893", "From Guilford Street , Bloomsbury to Bath Street, St. Luke's"
"LINESTRING (-0.063531 51.504719,-0.090847 51.525893", "From Hermitage Court, Wapping to Bath Street, St. Luke's"
"LINESTRING (-0.120202 51.523346,-0.090847 51.525893", "From Guilford Street , Bloomsbury to Bath Street, St. Luke's"
"LINESTRING (-0.105596 51.505342,-0.090847 51.525893", "From Colombo Street, Southwark to Bath Street, St. Luke's"
"LINESTRING (-0.131861 51.527068,-0.090847 51.525893", "From Euston Square Gardens, Euston to Bath Street, St. Luke's"
"LINESTRING (-0.067937 51.51793,-0.090847 51.525893", "From Old Montague Street, Whitechapel to Bath Street, St. Luke's"
"LINESTRING (-0.053558 51.511066,-0.090847 51.525893", "From Sutton Street, Shadwell to Bath Street, St. Luke's"
"LINESTRING (-0.09315 51.53356,-0.090847 51.525893", "From Eagle Wharf Road, Hoxton to Bath Street, St. Luke's"
"LINESTRING (-0.069542 51.512363,-0.090847 51.525893", "From Leman Street, Aldgate to Bath Street, St. Luke's"
"LINESTRING (-0.131161 51.52505,-0.090847 51.525893", "From Taviton Street, Bloomsbury to Bath Street, St. Luke's"
"LINESTRING (-0.135777 51.51953,-0.090847 51.525893", "From Charlotte Street, Fitzrovia to Bath Street, St. Luke's"
"LINESTRING (-0.09315 51.53356,-0.090847 51.525893", "From Eagle Wharf Road, Hoxton to Bath Street, St. Luke's"
"LINESTRING (-0.054162 51.536424,-0.090847 51.525893", "From Victoria Park Road, Hackney Central to Bath Street, St. Luke's"
"LINESTRING (-0.04915 51.498439,-0.090847 51.525893", "From Canada Water Station, Rotherhithe to Bath Street, St. Luke's"
"LINESTRING (-0.118272 51.516277,-0.090847 51.525893", "From Lincoln's Inn Fields, Holborn to Bath Street, St. Luke's"
"LINESTRING (-0.106323 51.490757,-0.090847 51.525893", "From Cotton Garden Estate, Kennington to Bath Street, St. Luke's"
"LINESTRING (-0.08249 51.53558,-0.090847 51.525893", "From Pitfield Street North,Hoxton to Bath Street, St. Luke's"
"LINESTRING (-0.10454 51.505461,-0.090847 51.525893", "From Blackfriars Road, Southwark to Bath Street, St. Luke's"
"LINESTRING (-0.089782 51.53089,-0.090847 51.525893", "From Murray Grove , Hoxton to Bath Street, St. Luke's"
"LINESTRING (-0.087262 51.506304,-0.090847 51.525893", "From Duke Street Hill, London Bridge to Bath Street, St. Luke's"
"LINESTRING (-0.070133 51.515231,-0.090847 51.525893", "From Central House, Whitechapel to Bath Street, St. Luke's"
"LINESTRING (-0.054162 51.536424,-0.090847 51.525893", "From Victoria Park Road, Hackney Central to Bath Street, St. Luke's"
"LINESTRING (-0.097122 51.529423,-0.090847 51.525893", "From Macclesfield Rd, St Lukes to Bath Street, St. Luke's"
"LINESTRING (-0.139016 51.520994,-0.090847 51.525893", "From Howland Street, Fitzrovia to Bath Street, St. Luke's"
"LINESTRING (-0.079201 51.537277,-0.090847 51.525893", "From Hertford Road, De Beauvoir Town to Bath Street, St. Luke's"
"LINESTRING (-0.090847 51.525893,-0.090847 51.525893", "From Bath Street, St. Luke's to Bath Street, St. Luke's"
"LINESTRING (-0.115851 51.505044,-0.090847 51.525893", "From Concert Hall Approach 1, South Bank to Bath Street, St. Luke's"
"LINESTRING (-0.09315 51.53356,-0.090847 51.525893", "From Eagle Wharf Road, Hoxton to Bath Street, St. Luke's"
"LINESTRING (-0.115057 51.512582,-0.090847 51.525893", "From Strand, Strand to Bath Street, St. Luke's"
"LINESTRING (-0.106823 51.508033,-0.090847 51.525893", "From Sea Containers, South Bank to Bath Street, St. Luke's"
"LINESTRING (-0.112824 51.503791,-0.090847 51.525893", "From Waterloo Station 3, Waterloo to Bath Street, St. Luke's"
"LINESTRING (-0.113001 51.50486,-0.090847 51.525893", "From Waterloo Road, South Bank to Bath Street, St. Luke's"
"LINESTRING (-0.13214 51.519572,-0.090847 51.525893", "From Store Street, Bloomsbury to Bath Street, St. Luke's"
"LINESTRING (-0.122492 51.486343,-0.090847 51.525893", "From Kennington Lane Rail Bridge, Vauxhall to Bath Street, St. Luke's"
"LINESTRING (-0.120202 51.523346,-0.090847 51.525893", "From Guilford Street , Bloomsbury to Bath Street, St. Luke's"
"LINESTRING (-0.09315 51.53356,-0.090847 51.525893", "From Eagle Wharf Road, Hoxton to Bath Street, St. Luke's"
"LINESTRING (-0.112432 51.526599,-0.090847 51.525893", "From Margery Street, Clerkenwell to Bath Street, St. Luke's"
"LINESTRING (-0.113426 51.503919,-0.090847 51.525893", "From Waterloo Station 2, Waterloo to Bath Street, St. Luke's"
"LINESTRING (-0.08249 51.53558,-0.090847 51.525893", "From Pitfield Street North,Hoxton to Bath Street, St. Luke's"
"LINESTRING (-0.099828 51.493146,-0.090847 51.525893", "From Strata, Elephant & Castle to Bath Street, St. Luke's"
"LINESTRING (-0.09315 51.53356,-0.090847 51.525893", "From Eagle Wharf Road, Hoxton to Bath Street, St. Luke's"
"LINESTRING (-0.070133 51.515231,-0.090847 51.525893", "From Central House, Whitechapel to Bath Street, St. Luke's"
"LINESTRING (-0.087587 51.514441,-0.090847 51.525893", "From Bank of England Museum, Bank to Bath Street, St. Luke's"
"LINESTRING (-0.10548 51.532199,-0.090847 51.525893", "From Torrens Street, Angel to Bath Street, St. Luke's"
"LINESTRING (-0.07813 51.526377,-0.09308 51.515735", "From Shoreditch High Street, Shoreditch to The Guildhall, Guildhall"
"LINESTRING (-0.094475 51.521747,-0.09308 51.515735", "From Golden Lane, Barbican to The Guildhall, Guildhall"
"LINESTRING (-0.063531 51.504719,-0.09308 51.515735", "From Hermitage Court, Wapping to The Guildhall, Guildhall"
"LINESTRING (-0.15213 51.470475,-0.09308 51.515735", "From Stanley Grove, Battersea to The Guildhall, Guildhall"
"LINESTRING (-0.093903 51.530991,-0.09308 51.515735", "From Wenlock Road , Hoxton to The Guildhall, Guildhall"
"LINESTRING (-0.076793 51.513406,-0.09308 51.515735", "From Jewry Street, Aldgate to The Guildhall, Guildhall"
"LINESTRING (-0.116625 51.486965,-0.09308 51.515735", "From Vauxhall Street, Vauxhall to The Guildhall, Guildhall"
"LINESTRING (-0.130504 51.526838,-0.09308 51.515735", "From Endsleigh Gardens, Euston to The Guildhall, Guildhall"
"LINESTRING (-0.139221 51.461388,-0.09308 51.515735", "From Clapham Common Station, Clapham Common to The Guildhall, Guildhall"
"LINESTRING (-0.057544 51.504749,-0.09308 51.515735", "From Wapping Lane, Wapping to The Guildhall, Guildhall"
"LINESTRING (-0.112824 51.503791,-0.09308 51.515735", "From Waterloo Station 3, Waterloo to The Guildhall, Guildhall"
"LINESTRING (-0.083353 51.529537,-0.09308 51.515735", "From Fanshaw Street, Hoxton to The Guildhall, Guildhall"
"LINESTRING (-0.15352 51.503117,-0.09308 51.515735", "From Hyde Park Corner, Hyde Park to The Guildhall, Guildhall"
"LINESTRING (-0.116688 51.520596,-0.09308 51.515735", "From Theobald's Road , Holborn to The Guildhall, Guildhall"
"LINESTRING (-0.159322 51.461343,-0.09308 51.515735", "From Clapham Common North Side, Clapham Common to The Guildhall, Guildhall"
"LINESTRING (-0.100168 51.530344,-0.09308 51.515735", "From City Road, Angel to The Guildhall, Guildhall"
"LINESTRING (-0.075459 51.509506,-0.09308 51.515735", "From Tower Gardens , Tower to The Guildhall, Guildhall"
"LINESTRING (-0.09315 51.53356,-0.09308 51.515735", "From Eagle Wharf Road, Hoxton to The Guildhall, Guildhall"
"LINESTRING (-0.149569 51.50274,-0.09308 51.515735", "From Wellington Arch, Hyde Park to The Guildhall, Guildhall"
"LINESTRING (-0.074704 51.500845,-0.09308 51.515735", "From Tower Wharf, Bermondsey to The Guildhall, Guildhall"
"LINESTRING (-0.113426 51.503919,-0.09308 51.515735", "From Waterloo Station 2, Waterloo to The Guildhall, Guildhall"
"LINESTRING (-0.112824 51.503791,-0.09308 51.515735", "From Waterloo Station 3, Waterloo to The Guildhall, Guildhall"
"LINESTRING (-0.085666 51.499075,-0.09308 51.515735", "From Long Lane , Bermondsey to The Guildhall, Guildhall"
"LINESTRING (-0.09308 51.515735,-0.09308 51.515735", "From The Guildhall, Guildhall to The Guildhall, Guildhall"
"LINESTRING (-0.116688 51.520596,-0.09308 51.515735", "From Theobald's Road , Holborn to The Guildhall, Guildhall"
"LINESTRING (-0.099828 51.493146,-0.09308 51.515735", "From Strata, Elephant & Castle to The Guildhall, Guildhall"
"LINESTRING (-0.113001 51.50486,-0.09308 51.515735", "From Waterloo Road, South Bank to The Guildhall, Guildhall"
"LINESTRING (-0.074189 51.502279,-0.09308 51.515735", "From Curlew Street, Shad Thames to The Guildhall, Guildhall"
"LINESTRING (-0.09885 51.515418,-0.09308 51.515735", "From Newgate Street , St. Paul's to The Guildhall, Guildhall"
"LINESTRING (-0.025626 51.511811,-0.09308 51.515735", "From Canton Street, Poplar to The Guildhall, Guildhall"
"LINESTRING (-0.105596 51.505342,-0.09308 51.515735", "From Colombo Street, Southwark to The Guildhall, Guildhall"
"LINESTRING (-0.113426 51.503919,-0.09308 51.515735", "From Waterloo Station 2, Waterloo to The Guildhall, Guildhall"
"LINESTRING (-0.025492 51.530535,-0.09308 51.515735", "From Mostyn Grove, Bow to The Guildhall, Guildhall"
"LINESTRING (-0.179854 51.501715,-0.156166 51.518913", "From Queen's Gate, Kensington Gardens to Baker Street, Marylebone"
"LINESTRING (-0.171103 51.518268,-0.156166 51.518913", "From St Mary's Hospital, Paddington to Baker Street, Marylebone"
"LINESTRING (-0.17677 51.530889,-0.156166 51.518913", "From Grove End Road, St. John's Wood to Baker Street, Marylebone"
"LINESTRING (-0.190393 51.490163,-0.156166 51.518913", "From Bramham Gardens, Earl's Court to Baker Street, Marylebone"
"LINESTRING (-0.176645 51.518622,-0.156166 51.518913", "From North Wharf Road, Paddington to Baker Street, Marylebone"
"LINESTRING (-0.09294 51.51397,-0.156166 51.518913", "From Cheapside, Bank to Baker Street, Marylebone"
"LINESTRING (-0.113426 51.503919,-0.156166 51.518913", "From Waterloo Station 2, Waterloo to Baker Street, Marylebone"
"LINESTRING (-0.116542 51.504636,-0.156166 51.518913", "From Jubilee Gardens, South Bank to Baker Street, Marylebone"
"LINESTRING (-0.169774 51.519968,-0.156166 51.518913", "From Edgware Road Station, Marylebone to Baker Street, Marylebone"
"LINESTRING (-0.183846 51.523344,-0.156166 51.518913", "From Warwick Avenue Station, Maida Vale to Baker Street, Marylebone"
"LINESTRING (-0.172528 51.533043,-0.156166 51.518913", "From Wellington Road, St. John's Wood to Baker Street, Marylebone"
"LINESTRING (-0.197524 51.511084,-0.156166 51.518913", "From Pembridge Villas, Notting Hill to Baker Street, Marylebone"
"LINESTRING (-0.147983 51.519167,-0.156166 51.518913", "From New Cavendish Street, Marylebone to Baker Street, Marylebone"
"LINESTRING (-0.160854 51.535892,-0.156166 51.518913", "From Prince Albert Road, The Regent's Park to Baker Street, Marylebone"
"LINESTRING (-0.156166 51.518913,-0.156166 51.518913", "From Baker Street, Marylebone to Baker Street, Marylebone"
"LINESTRING (-0.185296 51.495362,-0.156166 51.518913", "From Emperor's Gate, South Kensington to Baker Street, Marylebone"
"LINESTRING (-0.164786 51.477292,-0.156166 51.518913", "From Ethelburga Estate, Battersea Park to Baker Street, Marylebone"
"LINESTRING (-0.140741 51.488057,-0.156166 51.518913", "From Alderney Street, Pimlico to Baker Street, Marylebone"
"LINESTRING (-0.194757 51.493343,-0.156166 51.518913", "From Nevern Place, Earl's Court to Baker Street, Marylebone"
"LINESTRING (-0.210941 51.504199,-0.156166 51.518913", "From Addison Road, Holland Park to Baker Street, Marylebone"
"LINESTRING (-0.205876 51.475698,-0.156166 51.518913", "From Chesilton Road, Fulham to Baker Street, Marylebone"
"LINESTRING (-0.145211 51.520715,-0.156166 51.518913", "From Portland Place, Marylebone to Baker Street, Marylebone"
"LINESTRING (-0.156166 51.518913,-0.156166 51.518913", "From Baker Street, Marylebone to Baker Street, Marylebone"
"LINESTRING (-0.123702 51.506767,-0.156166 51.518913", "From Northumberland Avenue, Strand to Baker Street, Marylebone"
"LINESTRING (-0.156166 51.518913,-0.156166 51.518913", "From Baker Street, Marylebone to Baker Street, Marylebone"
"LINESTRING (-0.175407 51.462305,-0.156166 51.518913", "From Plough Terrace, Clapham Junction to Baker Street, Marylebone"
"LINESTRING (-0.168292 51.462392,-0.156166 51.518913", "From St. John's Road, Clapham Junction to Baker Street, Marylebone"
"LINESTRING (-0.192538 51.504723,-0.156166 51.518913", "From Vicarage Gate, Kensington to Baker Street, Marylebone"
"LINESTRING (-0.165164 51.514746,-0.156166 51.518913", "From Porchester Place, Paddington to Baker Street, Marylebone"
"LINESTRING (-0.124749 51.509462,-0.156166 51.518913", "From William IV Street, Strand to Baker Street, Marylebone"
"LINESTRING (-0.127854 51.517727,-0.156166 51.518913", "From Great Russell Street, Bloomsbury to Baker Street, Marylebone"
"LINESTRING (-0.144132 51.493204,-0.156166 51.518913", "From Belgrave Road, Victoria to Baker Street, Marylebone"
"LINESTRING (-0.139016 51.520994,-0.156166 51.518913", "From Howland Street, Fitzrovia to Baker Street, Marylebone"
"LINESTRING (-0.168074 51.5343,-0.156166 51.518913", "From Charlbert Street, St. John's Wood to Baker Street, Marylebone"
"LINESTRING (-0.15934 51.500241,-0.156166 51.518913", "From Harriet Street, Knightsbridge to Baker Street, Marylebone"
"LINESTRING (-0.143613 51.523518,-0.156166 51.518913", "From Bolsover Street, Fitzrovia to Baker Street, Marylebone"
"LINESTRING (-0.091773 51.504627,-0.156166 51.518913", "From Hop Exchange, The Borough to Baker Street, Marylebone"
"LINESTRING (-0.179702 51.499428,-0.156166 51.518913", "From Imperial College, Knightsbridge to Baker Street, Marylebone"
"LINESTRING (-0.15934 51.500241,-0.156166 51.518913", "From Harriet Street, Knightsbridge to Baker Street, Marylebone"
"LINESTRING (-0.204666 51.509591,-0.156166 51.518913", "From Lansdowne Walk, Ladbroke Grove to Baker Street, Marylebone"
"LINESTRING (-0.175116 51.523353,-0.156166 51.518913", "From Frampton Street, Paddington to Baker Street, Marylebone"
"LINESTRING (-0.16862 51.53256,-0.156166 51.518913", "From Greenberry Street, St.John's Wood to Baker Street, Marylebone"
"LINESTRING (-0.158264 51.514577,-0.156166 51.518913", "From Old Quebec Street, Marylebone to Baker Street, Marylebone"
"LINESTRING (-0.168074 51.5343,-0.156166 51.518913", "From Charlbert Street, St. John's Wood to Baker Street, Marylebone"
"LINESTRING (-0.163609 51.51809,-0.156166 51.518913", "From Shouldham Street, Marylebone to Baker Street, Marylebone"
"LINESTRING (-0.135025 51.518162,-0.156166 51.518913", "From Rathbone Street, Fitzrovia to Baker Street, Marylebone"
"LINESTRING (-0.161113 51.522596,-0.156166 51.518913", "From Dorset Square, Marylebone to Baker Street, Marylebone"
"LINESTRING (-0.179135 51.516417,-0.156166 51.518913", "From Eastbourne Mews, Paddington to Baker Street, Marylebone"
"LINESTRING (-0.165164 51.514746,-0.156166 51.518913", "From Porchester Place, Paddington to Baker Street, Marylebone"
"LINESTRING (-0.19096 51.51244,-0.156166 51.518913", "From Ilchester Gardens, Bayswater to Baker Street, Marylebone"
"LINESTRING (-0.161113 51.522596,-0.156166 51.518913", "From Dorset Square, Marylebone to Baker Street, Marylebone"
"LINESTRING (-0.147624 51.49395,-0.156166 51.518913", "From Eccleston Place, Victoria to Baker Street, Marylebone"
"LINESTRING (-0.175116 51.523353,-0.156166 51.518913", "From Frampton Street, Paddington to Baker Street, Marylebone"
"LINESTRING (-0.124826 51.516226,-0.156166 51.518913", "From High Holborn , Covent Garden to Baker Street, Marylebone"
"LINESTRING (-0.075885 51.536585,-0.078869 51.521113", "From Dunston Road , Haggerston to Norton Folgate, Liverpool Street"
"LINESTRING (-0.047548 51.528869,-0.078869 51.521113", "From Globe Town Market, Bethnal Green to Norton Folgate, Liverpool Street"
"LINESTRING (-0.10454 51.505461,-0.078869 51.521113", "From Blackfriars Road, Southwark to Norton Folgate, Liverpool Street"
"LINESTRING (-0.112824 51.503791,-0.078869 51.521113", "From Waterloo Station 3, Waterloo to Norton Folgate, Liverpool Street"
"LINESTRING (-0.113426 51.503919,-0.078869 51.521113", "From Waterloo Station 2, Waterloo to Norton Folgate, Liverpool Street"
"LINESTRING (-0.108657 51.51795,-0.078869 51.521113", "From Holborn Circus, Holborn to Norton Folgate, Liverpool Street"
"LINESTRING (-0.113426 51.503919,-0.078869 51.521113", "From Waterloo Station 2, Waterloo to Norton Folgate, Liverpool Street"
"LINESTRING (-0.112824 51.503791,-0.078869 51.521113", "From Waterloo Station 3, Waterloo to Norton Folgate, Liverpool Street"
"LINESTRING (-0.096191 51.498597,-0.078869 51.521113", "From Harper Road, The Borough to Norton Folgate, Liverpool Street"
"LINESTRING (-0.00481 51.541793,-0.078869 51.521113", "From Stratford Station, Stratford to Norton Folgate, Liverpool Street"
"LINESTRING (-0.07023 51.536654,-0.078869 51.521113", "From Belford House, Haggerston to Norton Folgate, Liverpool Street"
"LINESTRING (-0.020467 51.513757,-0.078869 51.521113", "From Lindfield Street, Poplar to Norton Folgate, Liverpool Street"
"LINESTRING (-0.083067 51.523196,-0.078869 51.521113", "From Clifton Street, Shoreditch to Norton Folgate, Liverpool Street"
"LINESTRING (-0.113864 51.504027,-0.078869 51.521113", "From Waterloo Station 1, Waterloo to Norton Folgate, Liverpool Street"
"LINESTRING (-0.086379 51.534042,-0.078869 51.521113", "From Shoreditch Park, Hoxton to Norton Folgate, Liverpool Street"
"LINESTRING (-0.122299 51.530199,-0.078869 51.521113", "From Birkenhead Street, King's Cross to Norton Folgate, Liverpool Street"
"LINESTRING (-0.112824 51.503791,-0.078869 51.521113", "From Waterloo Station 3, Waterloo to Norton Folgate, Liverpool Street"
"LINESTRING (-0.049591 51.53341,-0.078869 51.521113", "From Bonner Gate, Victoria Park to Norton Folgate, Liverpool Street"
"LINESTRING (-0.05438 51.520019,-0.078869 51.521113", "From Ansell House, Stepney to Norton Folgate, Liverpool Street"
"LINESTRING (-0.108657 51.51795,-0.078869 51.521113", "From Holborn Circus, Holborn to Norton Folgate, Liverpool Street"
"LINESTRING (-0.077121 51.511594,-0.078869 51.521113", "From Crosswall, Tower to Norton Folgate, Liverpool Street"
"LINESTRING (-0.087262 51.506304,-0.078869 51.521113", "From Duke Street Hill, London Bridge to Norton Folgate, Liverpool Street"
"LINESTRING (-0.081608 51.497855,-0.078869 51.521113", "From Bermondsey Street, Bermondsey to Norton Folgate, Liverpool Street"
"LINESTRING (-0.110889 51.495718,-0.078869 51.521113", "From Kennington Road  , Vauxhall to Norton Folgate, Liverpool Street"
"LINESTRING (-0.070329 51.539083,-0.078869 51.521113", "From Shoreditch Court, Haggerston to Norton Folgate, Liverpool Street"
"LINESTRING (-0.058826 51.54119,-0.078869 51.521113", "From London Fields, Hackney Central to Norton Folgate, Liverpool Street"
"LINESTRING (-0.068161 51.509786,-0.078869 51.521113", "From Dock Street, Wapping to Norton Folgate, Liverpool Street"
"LINESTRING (-0.096317 51.526008,-0.078869 51.521113", "From Finsbury Leisure Centre, St. Luke's to Norton Folgate, Liverpool Street"
"LINESTRING (-0.096317 51.526008,-0.078869 51.521113", "From Finsbury Leisure Centre, St. Luke's to Norton Folgate, Liverpool Street"
"LINESTRING (-0.028155 51.533283,-0.078869 51.521113", "From Hewison Street, Old Ford to Norton Folgate, Liverpool Street"
"LINESTRING (-0.100791 51.518218,-0.078869 51.521113", "From West Smithfield Rotunda, Farringdon to Norton Folgate, Liverpool Street"
"LINESTRING (-0.060291 51.535716,-0.078869 51.521113", "From Ada Street, Hackney Central to Norton Folgate, Liverpool Street"
"LINESTRING (-0.026262 51.536039,-0.078869 51.521113", "From Wendon Street, Old Ford to Norton Folgate, Liverpool Street"
"LINESTRING (-0.087262 51.506304,-0.078869 51.521113", "From Duke Street Hill, London Bridge to Norton Folgate, Liverpool Street"
"LINESTRING (-0.066035 51.531864,-0.078869 51.521113", "From Goldsmith's Row, Haggerston to Norton Folgate, Liverpool Street"
"LINESTRING (-0.11934 51.531066,-0.078869 51.521113", "From Northdown Street, King's Cross to Norton Folgate, Liverpool Street"
"LINESTRING (-0.058826 51.54119,-0.078869 51.521113", "From London Fields, Hackney Central to Norton Folgate, Liverpool Street"
"LINESTRING (-0.054883 51.522561,-0.078869 51.521113", "From Cephas Street, Bethnal Green to Norton Folgate, Liverpool Street"
"LINESTRING (-0.096191 51.498597,-0.078869 51.521113", "From Harper Road, The Borough to Norton Folgate, Liverpool Street"
"LINESTRING (-0.047218 51.526041,-0.078869 51.521113", "From Bancroft Road, Bethnal Green to Norton Folgate, Liverpool Street"
"LINESTRING (-0.058826 51.54119,-0.078869 51.521113", "From London Fields, Hackney Central to Norton Folgate, Liverpool Street"
"LINESTRING (-0.09885 51.515418,-0.104724 51.52836", "From Newgate Street , St. Paul's to St. John Street, Finsbury"
"LINESTRING (-0.075375 51.528187,-0.104724 51.52836", "From Columbia Road, Shoreditch to St. John Street, Finsbury"
"LINESTRING (-0.077178 51.514449,-0.104724 51.52836", "From Houndsditch, Aldgate to St. John Street, Finsbury"
"LINESTRING (-0.109256 51.526443,-0.104724 51.52836", "From Tysoe Street, Clerkenwell to St. John Street, Finsbury"
"LINESTRING (-0.13558 51.513684,-0.104724 51.52836", "From Broadwick Street, Soho to St. John Street, Finsbury"
"LINESTRING (-0.0985 51.51601,-0.104724 51.52836", "From King Edward Street, St Pauls to St. John Street, Finsbury"
"LINESTRING (-0.132053 51.518587,-0.104724 51.52836", "From Bayley Street , Bloomsbury to St. John Street, Finsbury"
"LINESTRING (-0.109025 51.534408,-0.104724 51.52836", "From Cloudesley Road, Angel to St. John Street, Finsbury"
"LINESTRING (-0.07813 51.526377,-0.104724 51.52836", "From Shoreditch High Street, Shoreditch to St. John Street, Finsbury"
"LINESTRING (-0.09294 51.511553,-0.104724 51.52836", "From Queen Street 1, Bank to St. John Street, Finsbury"
"LINESTRING (-0.106992 51.534504,-0.104724 51.52836", "From Liverpool Road (N1 Centre), Angel to St. John Street, Finsbury"
"LINESTRING (-0.106408 51.530515,-0.104724 51.52836", "From Chadwell Street, Angel to St. John Street, Finsbury"
"LINESTRING (-0.111778 51.515937,-0.104724 51.52836", "From Breams Buildings, Holborn to St. John Street, Finsbury"
"LINESTRING (-0.075901 51.531091,-0.104724 51.52836", "From Hoxton Station, Hoxton to St. John Street, Finsbury"
"LINESTRING (-0.104724 51.52836,-0.104724 51.52836", "From St. John Street, Finsbury to St. John Street, Finsbury"
"LINESTRING (-0.199004 51.506584,-0.150905 51.496544", "From Campden Hill Road, Notting Hill to Eaton Square, Belgravia"
"LINESTRING (-0.193254 51.476259,-0.150905 51.496544", "From Eel Brook Common, Walham Green to Eaton Square, Belgravia"
"LINESTRING (-0.134234 51.494591,-0.150905 51.496544", "From Greycoat Street , Westminster to Eaton Square, Belgravia"
"LINESTRING (-0.159237 51.501855,-0.150905 51.496544", "From Seville Street, Knightsbridge to Eaton Square, Belgravia"
"LINESTRING (-0.138733 51.496753,-0.150905 51.496544", "From Howick Place, Westminster to Eaton Square, Belgravia"
"LINESTRING (-0.144466 51.528302,-0.150905 51.496544", "From Albany Street, The Regent's Park to Eaton Square, Belgravia"
"LINESTRING (-0.089446 51.497382,-0.150905 51.496544", "From Great Dover Street, The Borough to Eaton Square, Belgravia"
"LINESTRING (-0.208485 51.478939,-0.150905 51.496544", "From St. Peter's Terrace, Fulham to Eaton Square, Belgravia"
"LINESTRING (-0.180246 51.501026,-0.150905 51.496544", "From Queen's Gate (North), Kensington to Eaton Square, Belgravia"
"LINESTRING (-0.141923 51.489856,-0.150905 51.496544", "From Warwick Square, Pimlico to Eaton Square, Belgravia"
"LINESTRING (-0.149551 51.477619,-0.150905 51.496544", "From Queen's Circus, Battersea Park to Eaton Square, Belgravia"
"LINESTRING (-0.140947 51.49616,-0.150905 51.496544", "From Ashley Place, Victoria to Eaton Square, Belgravia"
"LINESTRING (-0.126874 51.47787,-0.150905 51.496544", "From Hartington Road, Stockwell to Eaton Square, Belgravia"
"LINESTRING (-0.205535 51.507481,-0.150905 51.496544", "From Lansdowne Road, Ladbroke Grove to Eaton Square, Belgravia"
"LINESTRING (-0.189155 51.477292,-0.150905 51.496544", "From Michael Road, Walham Green to Eaton Square, Belgravia"
"LINESTRING (-0.120903 51.488124,-0.150905 51.496544", "From Vauxhall Walk, Vauxhall to Eaton Square, Belgravia"
"LINESTRING (-0.204815 51.484386,-0.150905 51.496544", "From Normand Park, West Kensington to Eaton Square, Belgravia"
"LINESTRING (-0.102996 51.486929,-0.094524 51.500694", "From Doddington Grove, Kennington to Borough High Street, The Borough"
"LINESTRING (-0.174554 51.499917,-0.094524 51.500694", "From Exhibition Road, Knightsbridge to Borough High Street, The Borough"
"LINESTRING (-0.098031 51.505224,-0.094524 51.500694", "From Lavington Street, Bankside to Borough High Street, The Borough"
"LINESTRING (-0.107349 51.511891,-0.094524 51.500694", "From Tallis Street, Temple to Borough High Street, The Borough"
"LINESTRING (-0.115851 51.505044,-0.094524 51.500694", "From Concert Hall Approach 1, South Bank to Borough High Street, The Borough"
"LINESTRING (-0.101384 51.49652,-0.094524 51.500694", "From Ontario Street, Elephant & Castle to Borough High Street, The Borough"
"LINESTRING (-0.101536 51.49217,-0.094524 51.500694", "From Hampton Street, Walworth to Borough High Street, The Borough"
"LINESTRING (-0.092921 51.494436,-0.094524 51.500694", "From New Kent Road, The Borough to Borough High Street, The Borough"
"LINESTRING (-0.100186 51.505817,-0.094524 51.500694", "From Bankside Mix, Bankside to Borough High Street, The Borough"
"LINESTRING (-0.08066 51.514225,-0.094524 51.500694", "From St. Mary Axe, Aldgate to Borough High Street, The Borough"
"LINESTRING (-0.152248 51.467185,-0.094524 51.500694", "From Ashley Crescent, Battersea to Borough High Street, The Borough"
"LINESTRING (-0.073438 51.51838,-0.094524 51.500694", "From Fashion Street, Whitechapel to Borough High Street, The Borough"
"LINESTRING (-0.111471 51.479601,-0.094524 51.500694", "From Cranmer Road, Stockwell to Borough High Street, The Borough"
"LINESTRING (-0.11258 51.473874,-0.094524 51.500694", "From Normandy Road, Stockwell to Borough High Street, The Borough"
"LINESTRING (-0.122492 51.486343,-0.094524 51.500694", "From Kennington Lane Rail Bridge, Vauxhall to Borough High Street, The Borough"
"LINESTRING (-0.137424 51.498865,-0.094524 51.500694", "From Buckingham Gate, Westminster to Borough High Street, The Borough"
"LINESTRING (-0.138212 51.481335,-0.094524 51.500694", "From Riverlight South, Nine Elms to Borough High Street, The Borough"
"LINESTRING (-0.121723 51.510701,-0.094524 51.500694", "From Southampton Street, Strand to Borough High Street, The Borough"
"LINESTRING (-0.089446 51.497382,-0.094524 51.500694", "From Great Dover Street, The Borough to Borough High Street, The Borough"
"LINESTRING (-0.099828 51.493146,-0.094524 51.500694", "From Strata, Elephant & Castle to Borough High Street, The Borough"
"LINESTRING (-0.085666 51.499075,-0.094524 51.500694", "From Long Lane , Bermondsey to Borough High Street, The Borough"
"LINESTRING (-0.14296 51.497998,-0.094524 51.500694", "From Warwick Row, Westminster to Borough High Street, The Borough"
"LINESTRING (-0.082422 51.516154,-0.094524 51.500694", "From Wormwood Street, Liverpool Street to Borough High Street, The Borough"
"LINESTRING (-0.104193 51.49605,-0.094524 51.500694", "From Gaywood  Street, Elephant & Castle to Borough High Street, The Borough"
"LINESTRING (-0.113426 51.503919,-0.096496 51.517821", "From Waterloo Station 2, Waterloo to Museum of London, Barbican"
"LINESTRING (-0.113426 51.503919,-0.096496 51.517821", "From Waterloo Station 2, Waterloo to Museum of London, Barbican"
"LINESTRING (-0.027581 51.526578,-0.096496 51.517821", "From Merchant Street, Bow to Museum of London, Barbican"
"LINESTRING (-0.10997 51.529163,-0.096496 51.517821", "From River Street , Clerkenwell to Museum of London, Barbican"
"LINESTRING (-0.047784 51.51328,-0.096496 51.517821", "From Albert Gardens, Stepney to Museum of London, Barbican"
"LINESTRING (-0.06111 51.518675,-0.096496 51.517821", "From Royal London Hospital, Whitechapel to Museum of London, Barbican"
"LINESTRING (-0.096317 51.526008,-0.096496 51.517821", "From Finsbury Leisure Centre, St. Luke's to Museum of London, Barbican"
"LINESTRING (-0.114079 51.522264,-0.096496 51.517821", "From Northington Street , Holborn to Museum of London, Barbican"
"LINESTRING (-0.085666 51.499075,-0.096496 51.517821", "From Long Lane , Bermondsey to Museum of London, Barbican"
"LINESTRING (-0.099994 51.522853,-0.096496 51.517821", "From Berry Street, Clerkenwell to Museum of London, Barbican"
"LINESTRING (-0.101026 51.528246,-0.096496 51.517821", "From Goswell Road (City Uni), Finsbury to Museum of London, Barbican"
"LINESTRING (-0.079248 51.524526,-0.096496 51.517821", "From New Inn Yard, Shoreditch to Museum of London, Barbican"
"LINESTRING (-0.161113 51.522596,-0.096496 51.517821", "From Dorset Square, Marylebone to Museum of London, Barbican"
"LINESTRING (-0.09294 51.51397,-0.096496 51.517821", "From Cheapside, Bank to Museum of London, Barbican"
"LINESTRING (-0.114686 51.506133,-0.096496 51.517821", "From Belvedere Road 1, South Bank to Museum of London, Barbican"
"LINESTRING (-0.102208 51.526153,-0.096496 51.517821", "From Percival Street, Finsbury to Museum of London, Barbican"
"LINESTRING (-0.099981 51.532661,-0.096496 51.517821", "From Graham Street, Angel to Museum of London, Barbican"
"LINESTRING (-0.077178 51.514449,-0.096496 51.517821", "From Houndsditch, Aldgate to Museum of London, Barbican"
"LINESTRING (-0.089782 51.53089,-0.096496 51.517821", "From Murray Grove , Hoxton to Museum of London, Barbican"
"LINESTRING (-0.104708 51.52326,-0.096496 51.517821", "From Clerkenwell Green, Clerkenwell to Museum of London, Barbican"
"LINESTRING (-0.112824 51.503791,-0.096496 51.517821", "From Waterloo Station 3, Waterloo to Museum of London, Barbican"
"LINESTRING (-0.087262 51.506304,-0.096496 51.517821", "From Duke Street Hill, London Bridge to Museum of London, Barbican"
"LINESTRING (-0.10834 51.52352,-0.096496 51.517821", "From Farringdon Lane, Clerkenwell to Museum of London, Barbican"
"LINESTRING (-0.113864 51.504027,-0.096496 51.517821", "From Waterloo Station 1, Waterloo to Museum of London, Barbican"
"LINESTRING (-0.097122 51.529423,-0.096496 51.517821", "From Macclesfield Rd, St Lukes to Museum of London, Barbican"
"LINESTRING (-0.097122 51.529423,-0.096496 51.517821", "From Macclesfield Rd, St Lukes to Museum of London, Barbican"
"LINESTRING (-0.112824 51.503791,-0.096496 51.517821", "From Waterloo Station 3, Waterloo to Museum of London, Barbican"
"LINESTRING (-0.102757 51.536384,-0.096496 51.517821", "From Islington Green, Angel to Museum of London, Barbican"
"LINESTRING (-0.093421 51.529154,-0.096496 51.517821", "From Windsor Terrace, Hoxton to Museum of London, Barbican"
"LINESTRING (-0.121328 51.517606,-0.096496 51.517821", "From Southampton Place, Holborn to Museum of London, Barbican"
"LINESTRING (-0.020467 51.513757,-0.096496 51.517821", "From Lindfield Street, Poplar to Museum of London, Barbican"
"LINESTRING (-0.083159 51.500889,-0.096496 51.517821", "From Tyers Gate, Bermondsey to Museum of London, Barbican"
"LINESTRING (-0.096317 51.526008,-0.096496 51.517821", "From Finsbury Leisure Centre, St. Luke's to Museum of London, Barbican"
"LINESTRING (-0.108028 51.518825,-0.096496 51.517821", "From Hatton Garden, Holborn to Museum of London, Barbican"
"LINESTRING (-0.116688 51.520596,-0.096496 51.517821", "From Theobald's Road , Holborn to Museum of London, Barbican"
"LINESTRING (-0.081608 51.497855,-0.096496 51.517821", "From Bermondsey Street, Bermondsey to Museum of London, Barbican"
"LINESTRING (-0.141923 51.489856,-0.096496 51.517821", "From Warwick Square, Pimlico to Museum of London, Barbican"
"LINESTRING (-0.099489 51.524868,-0.096496 51.517821", "From Sadlers Sports Centre, Finsbury to Museum of London, Barbican"
"LINESTRING (-0.090075 51.517842,-0.096496 51.517821", "From Fore Street, Guildhall to Museum of London, Barbican"
"LINESTRING (-0.09885 51.515418,-0.096496 51.517821", "From Newgate Street , St. Paul's to Museum of London, Barbican"
"LINESTRING (-0.0985 51.51601,-0.096496 51.517821", "From King Edward Street, St Pauls to Museum of London, Barbican"
"LINESTRING (-0.075375 51.528187,-0.096496 51.517821", "From Columbia Road, Shoreditch to Museum of London, Barbican"
"LINESTRING (-0.086685 51.517075,-0.096496 51.517821", "From Finsbury Circus, Liverpool Street to Museum of London, Barbican"
"LINESTRING (-0.116191 51.535467,-0.096496 51.517821", "From Carnegie Street, King's Cross to Museum of London, Barbican"
"LINESTRING (-0.087262 51.506304,-0.096496 51.517821", "From Duke Street Hill, London Bridge to Museum of London, Barbican"
"LINESTRING (-0.074704 51.500845,-0.096496 51.517821", "From Tower Wharf, Bermondsey to Museum of London, Barbican"
"LINESTRING (-0.078505 51.53095,-0.096496 51.517821", "From Falkirk Street, Hoxton to Museum of London, Barbican"
"LINESTRING (-0.083353 51.529537,-0.096496 51.517821", "From Fanshaw Street, Hoxton to Museum of London, Barbican"
"LINESTRING (-0.112824 51.503791,-0.093885 51.517008", "From Waterloo Station 3, Waterloo to Wood Street, Guildhall"
"LINESTRING (-0.074189 51.502279,-0.093885 51.517008", "From Curlew Street, Shad Thames to Wood Street, Guildhall"
"LINESTRING (-0.068161 51.509786,-0.093885 51.517008", "From Dock Street, Wapping to Wood Street, Guildhall"
"LINESTRING (-0.063531 51.504719,-0.093885 51.517008", "From Hermitage Court, Wapping to Wood Street, Guildhall"
"LINESTRING (-0.06797 51.504904,-0.093885 51.517008", "From Wapping High Street, Wapping to Wood Street, Guildhall"
"LINESTRING (-0.105593 51.488852,-0.093885 51.517008", "From Kennington Station, Kennington to Wood Street, Guildhall"
"LINESTRING (-0.113426 51.503919,-0.093885 51.517008", "From Waterloo Station 2, Waterloo to Wood Street, Guildhall"
"LINESTRING (-0.118272 51.516277,-0.093885 51.517008", "From Lincoln's Inn Fields, Holborn to Wood Street, Guildhall"
"LINESTRING (-0.161765 51.487964,-0.093885 51.517008", "From Ormonde Gate, Chelsea to Wood Street, Guildhall"
"LINESTRING (-0.134621 51.507424,-0.093885 51.517008", "From St. James's Square, St. James's to Wood Street, Guildhall"
"LINESTRING (-0.08299 51.53213,-0.093885 51.517008", "From Pitfield Street Central, Hoxton to Wood Street, Guildhall"
"LINESTRING (-0.13225 51.528833,-0.093885 51.517008", "From Doric Way , Somers Town to Wood Street, Guildhall"
"LINESTRING (-0.089659 51.52548,-0.093885 51.517008", "From Old Street Station, St. Luke's to Wood Street, Guildhall"
"LINESTRING (-0.091773 51.504627,-0.093885 51.517008", "From Hop Exchange, The Borough to Wood Street, Guildhall"
"LINESTRING (-0.079201 51.537277,-0.093885 51.517008", "From Hertford Road, De Beauvoir Town to Wood Street, Guildhall"
"LINESTRING (-0.107987 51.517428,-0.093885 51.517008", "From New Fetter Lane, Holborn to Wood Street, Guildhall"
"LINESTRING (-0.113864 51.504027,-0.093885 51.517008", "From Waterloo Station 1, Waterloo to Wood Street, Guildhall"
"LINESTRING (-0.070542 51.505697,-0.093885 51.517008", "From St. Katharine's Way, Tower to Wood Street, Guildhall"
"LINESTRING (-0.112824 51.503791,-0.093885 51.517008", "From Waterloo Station 3, Waterloo to Wood Street, Guildhall"
"LINESTRING (-0.099141 51.512484,-0.093885 51.517008", "From Godliman Street, St. Paul's to Wood Street, Guildhall"
"LINESTRING (-0.093421 51.529154,-0.093885 51.517008", "From Windsor Terrace, Hoxton to Wood Street, Guildhall"
"LINESTRING (-0.112824 51.503791,-0.093885 51.517008", "From Waterloo Station 3, Waterloo to Wood Street, Guildhall"
"LINESTRING (-0.089887 51.520858,-0.093885 51.517008", "From Bunhill Row, Moorgate to Wood Street, Guildhall"
"LINESTRING (-0.122219 51.51477,-0.093885 51.517008", "From Drury Lane, Covent Garden to Wood Street, Guildhall"
"LINESTRING (-0.069542 51.512363,-0.093885 51.517008", "From Leman Street, Aldgate to Wood Street, Guildhall"
"LINESTRING (-0.19701 51.473763,-0.185296 51.495362", "From Irene Road, Parsons Green to Emperor's Gate, South Kensington"
"LINESTRING (-0.118478 51.514409,-0.185296 51.495362", "From Kingsway, Covent Garden to Emperor's Gate, South Kensington"
"LINESTRING (-0.222293 51.501594,-0.185296 51.495362", "From Shepherd's Bush Road North, Shepherd's Bush to Emperor's Gate, South Kensington"
"LINESTRING (-0.187404 51.487958,-0.185296 51.495362", "From Harcourt Terrace, West Brompton to Emperor's Gate, South Kensington"
"LINESTRING (-0.170703 51.470847,-0.185296 51.495362", "From Simpson Street, Clapham Junction to Emperor's Gate, South Kensington"
"LINESTRING (-0.162298 51.522511,-0.185296 51.495362", "From Boston Place, Marylebone to Emperor's Gate, South Kensington"
"LINESTRING (-0.173757 51.496471,-0.185296 51.495362", "From Exhibition Road Museums 1, South Kensington to Emperor's Gate, South Kensington"
"LINESTRING (-0.149569 51.50274,-0.185296 51.495362", "From Wellington Arch, Hyde Park to Emperor's Gate, South Kensington"
"LINESTRING (-0.204764 51.519042,-0.185296 51.495362", "From All Saints' Road, Portobello to Emperor's Gate, South Kensington"
"LINESTRING (-0.194392 51.501945,-0.185296 51.495362", "From Kensington Town Hall, Kensington to Emperor's Gate, South Kensington"
"LINESTRING (-0.190346 51.46822,-0.185296 51.495362", "From Stephendale Road, Sands End to Emperor's Gate, South Kensington"
"LINESTRING (-0.117863 51.515208,-0.185296 51.495362", "From Sardinia Street, Holborn to Emperor's Gate, South Kensington"
"LINESTRING (-0.168292 51.462392,-0.185296 51.495362", "From St. John's Road, Clapham Junction to Emperor's Gate, South Kensington"
"LINESTRING (-0.214428 51.486062,-0.185296 51.495362", "From Greyhound Road, Hammersmith to Emperor's Gate, South Kensington"
"LINESTRING (-0.179135 51.516417,-0.185296 51.495362", "From Eastbourne Mews, Paddington to Emperor's Gate, South Kensington"
"LINESTRING (-0.170279 51.506451,-0.185296 51.495362", "From Triangle Car Park, Hyde Park to Emperor's Gate, South Kensington"
"LINESTRING (-0.169774 51.519968,-0.185296 51.495362", "From Edgware Road Station, Marylebone to Emperor's Gate, South Kensington"
"LINESTRING (-0.178433 51.492479,-0.185296 51.495362", "From Queen's Gate (South), South Kensington to Emperor's Gate, South Kensington"
"LINESTRING (-0.179369 51.487196,-0.185296 51.495362", "From Drayton Gardens, West Chelsea to Emperor's Gate, South Kensington"
"LINESTRING (-0.186753 51.491615,-0.185296 51.495362", "From Collingham Gardens, Earl's Court to Emperor's Gate, South Kensington"
"LINESTRING (-0.209494 51.498157,-0.185296 51.495362", "From Kensington Olympia Station, Olympia to Emperor's Gate, South Kensington"
"LINESTRING (-0.191462 51.501364,-0.185296 51.495362", "From Derry Street, Kensington to Emperor's Gate, South Kensington"
"LINESTRING (-0.183853 51.480898,-0.185296 51.495362", "From Thorndike Close, West Chelsea to Emperor's Gate, South Kensington"
"LINESTRING (-0.178732 51.493967,-0.185296 51.495362", "From Queen's Gate (Central), South Kensington to Emperor's Gate, South Kensington"
"LINESTRING (-0.18498 51.501737,-0.185296 51.495362", "From De Vere Gardens, Kensington to Emperor's Gate, South Kensington"
"LINESTRING (-0.071653 51.522617,-0.137043 51.511897", "From Brick Lane Market, Shoreditch to Golden Square, Soho"
"LINESTRING (-0.15352 51.503117,-0.137043 51.511897", "From Hyde Park Corner, Hyde Park to Golden Square, Soho"
"LINESTRING (-0.201968 51.475089,-0.137043 51.511897", "From Parsons Green Station, Parsons Green to Golden Square, Soho"
"LINESTRING (-0.14296 51.497998,-0.137043 51.511897", "From Warwick Row, Westminster to Golden Square, Soho"
"LINESTRING (-0.171681 51.522892,-0.137043 51.511897", "From Penfold Street, Marylebone to Golden Square, Soho"
"LINESTRING (-0.123616 51.529943,-0.137043 51.511897", "From Belgrove Street , King's Cross to Golden Square, Soho"
"LINESTRING (-0.161203 51.496886,-0.137043 51.511897", "From Pont Street, Knightsbridge to Golden Square, Soho"
"LINESTRING (-0.151296 51.50923,-0.137043 51.511897", "From South Audley Street, Mayfair to Golden Square, Soho"
"LINESTRING (-0.161203 51.496886,-0.137043 51.511897", "From Pont Street, Knightsbridge to Golden Square, Soho"
"LINESTRING (-0.151926 51.516814,-0.137043 51.511897", "From Hinde Street, Marylebone to Golden Square, Soho"
"LINESTRING (-0.123616 51.529943,-0.137043 51.511897", "From Belgrove Street , King's Cross to Golden Square, Soho"
"LINESTRING (-0.205876 51.475698,-0.137043 51.511897", "From Chesilton Road, Fulham to Golden Square, Soho"
"LINESTRING (-0.13225 51.528833,-0.137043 51.511897", "From Doric Way , Somers Town to Golden Square, Soho"
"LINESTRING (-0.112824 51.503791,-0.137043 51.511897", "From Waterloo Station 3, Waterloo to Golden Square, Soho"
"LINESTRING (-0.137424 51.498865,-0.137043 51.511897", "From Buckingham Gate, Westminster to Golden Square, Soho"
"LINESTRING (-0.148105 51.514759,-0.137043 51.511897", "From Marylebone Lane, Marylebone to Golden Square, Soho"
"LINESTRING (-0.18697 51.51616,-0.137043 51.511897", "From Bishop's Bridge Road West, Bayswater to Golden Square, Soho"
"LINESTRING (-0.149186 51.490491,-0.137043 51.511897", "From Ebury Bridge, Pimlico to Golden Square, Soho"
"LINESTRING (-0.136052 51.527326,-0.137043 51.511897", "From Drummond Street , Euston to Golden Square, Soho"
"LINESTRING (-0.131861 51.527068,-0.137043 51.511897", "From Euston Square Gardens, Euston to Golden Square, Soho"
"LINESTRING (-0.116625 51.486965,-0.137043 51.511897", "From Vauxhall Street, Vauxhall to Golden Square, Soho"
"LINESTRING (-0.100186 51.505817,-0.137043 51.511897", "From Bankside Mix, Bankside to Golden Square, Soho"
"LINESTRING (-0.142844 51.506613,-0.137043 51.511897", "From Green Park Station, Mayfair to Golden Square, Soho"
"LINESTRING (-0.098807 51.506725,-0.137043 51.511897", "From Tate Modern, Bankside to Golden Square, Soho"
"LINESTRING (-0.089659 51.52548,-0.137043 51.511897", "From Old Street Station, St. Luke's to Golden Square, Soho"
"LINESTRING (-0.138535 51.538792,-0.137043 51.511897", "From St Martins Close, Camden Town to Golden Square, Soho"
"LINESTRING (-0.116628 51.500089,-0.137043 51.511897", "From Lambeth Palace Road, Waterloo to Golden Square, Soho"
"LINESTRING (-0.176268 51.524826,-0.137043 51.511897", "From Aberdeen Place, St. John's Wood to Golden Square, Soho"
"LINESTRING (-0.149569 51.50274,-0.137043 51.511897", "From Wellington Arch, Hyde Park to Golden Square, Soho"
"LINESTRING (-0.19024 51.515529,-0.137043 51.511897", "From Westbourne Grove, Bayswater to Golden Square, Soho"
"LINESTRING (-0.136052 51.527326,-0.137043 51.511897", "From Drummond Street , Euston to Golden Square, Soho"
"LINESTRING (-0.078505 51.53095,-0.137043 51.511897", "From Falkirk Street, Hoxton to Golden Square, Soho"
"LINESTRING (-0.116279 51.524564,-0.137043 51.511897", "From Wren Street, Holborn to Golden Square, Soho"
"LINESTRING (-0.120202 51.523346,-0.137043 51.511897", "From Guilford Street , Bloomsbury to Golden Square, Soho"
"LINESTRING (-0.149569 51.50274,-0.137043 51.511897", "From Wellington Arch, Hyde Park to Golden Square, Soho"
"LINESTRING (-0.18377 51.5171,-0.137043 51.511897", "From Bishop's Bridge Road East, Bayswater to Golden Square, Soho"
"LINESTRING (-0.099994 51.522853,-0.137043 51.511897", "From Berry Street, Clerkenwell to Golden Square, Soho"
"LINESTRING (-0.138364 51.492111,-0.137043 51.511897", "From Tachbrook Street, Victoria to Golden Square, Soho"
"LINESTRING (-0.144165 51.510736,-0.137043 51.511897", "From Bruton Street, Mayfair to Golden Square, Soho"
"LINESTRING (-0.133201 51.512515,-0.137043 51.511897", "From Wardour Street, Soho to Golden Square, Soho"
"LINESTRING (-0.124749 51.509462,-0.137043 51.511897", "From William IV Street, Strand to Golden Square, Soho"
"LINESTRING (-0.063531 51.504719,-0.075459 51.509506", "From Hermitage Court, Wapping to Tower Gardens , Tower"
"LINESTRING (-0.099828 51.493146,-0.075459 51.509506", "From Strata, Elephant & Castle to Tower Gardens , Tower"
"LINESTRING (-0.144132 51.493204,-0.075459 51.509506", "From Belgrave Road, Victoria to Tower Gardens , Tower"
"LINESTRING (-0.110699 51.501444,-0.075459 51.509506", "From Baylis Road, Waterloo to Tower Gardens , Tower"
"LINESTRING (-0.017676 51.503083,-0.075459 51.509506", "From Upper Bank Street, Canary Wharf to Tower Gardens , Tower"
"LINESTRING (-0.123179 51.506543,-0.075459 51.509506", "From Whitehall Place, Strand to Tower Gardens , Tower"
"LINESTRING (-0.074431 51.519362,-0.075459 51.509506", "From Fournier Street, Whitechapel to Tower Gardens , Tower"
"LINESTRING (-0.07962 51.503493,-0.075459 51.509506", "From Tooley Street, Bermondsey to Tower Gardens , Tower"
"LINESTRING (-0.057159 51.511088,-0.075459 51.509506", "From Shadwell Station, Shadwell to Tower Gardens , Tower"
"LINESTRING (-0.123179 51.506543,-0.075459 51.509506", "From Whitehall Place, Strand to Tower Gardens , Tower"
"LINESTRING (-0.070542 51.505697,-0.075459 51.509506", "From St. Katharine's Way, Tower to Tower Gardens , Tower"
"LINESTRING (-0.133952 51.536264,-0.075459 51.509506", "From Royal College Street, Camden Town to Tower Gardens , Tower"
"LINESTRING (-0.101384 51.49652,-0.075459 51.509506", "From Ontario Street, Elephant & Castle to Tower Gardens , Tower"
"LINESTRING (-0.081608 51.497855,-0.075459 51.509506", "From Bermondsey Street, Bermondsey to Tower Gardens , Tower"
"LINESTRING (-0.123179 51.506543,-0.075459 51.509506", "From Whitehall Place, Strand to Tower Gardens , Tower"
"LINESTRING (-0.057544 51.504749,-0.075459 51.509506", "From Wapping Lane, Wapping to Tower Gardens , Tower"
"LINESTRING (-0.014438 51.5112,-0.075459 51.509506", "From Chrisp Street Market, Poplar to Tower Gardens , Tower"
"LINESTRING (-0.101384 51.49652,-0.075459 51.509506", "From Ontario Street, Elephant & Castle to Tower Gardens , Tower"
"LINESTRING (-0.101026 51.528246,-0.075459 51.509506", "From Goswell Road (City Uni), Finsbury to Tower Gardens , Tower"
"LINESTRING (-0.058681 51.506946,-0.075459 51.509506", "From Reardon Street, Wapping to Tower Gardens , Tower"
"LINESTRING (-0.123179 51.506543,-0.075459 51.509506", "From Whitehall Place, Strand to Tower Gardens , Tower"
"LINESTRING (-0.137424 51.498865,-0.075459 51.509506", "From Buckingham Gate, Westminster to Tower Gardens , Tower"
"LINESTRING (-0.008428 51.503143,-0.075459 51.509506", "From Lancaster Drive, Blackwall to Tower Gardens , Tower"
"LINESTRING (-0.145393 51.542138,-0.075459 51.509506", "From Castlehaven Road, Camden Town to Tower Gardens , Tower"
"LINESTRING (-0.135478 51.495827,-0.075459 51.509506", "From Rochester Row, Westminster to Tower Gardens , Tower"
"LINESTRING (-0.070133 51.515231,-0.075459 51.509506", "From Central House, Whitechapel to Tower Gardens , Tower"
"LINESTRING (-0.074284 51.539328,-0.075459 51.509506", "From Haggerston Road, Haggerston to Tower Gardens , Tower"
"LINESTRING (-0.10454 51.505461,-0.075459 51.509506", "From Blackfriars Road, Southwark to Tower Gardens , Tower"
"LINESTRING (-0.116542 51.504636,-0.075459 51.509506", "From Jubilee Gardens, South Bank to Tower Gardens , Tower"
"LINESTRING (-0.082422 51.516154,-0.075459 51.509506", "From Wormwood Street, Liverpool Street to Tower Gardens , Tower"
"LINESTRING (-0.018703 51.528169,-0.075459 51.509506", "From Bow Church Station, Bow to Tower Gardens , Tower"
"LINESTRING (-0.09022 51.491484,-0.075459 51.509506", "From Rodney Road , Walworth to Tower Gardens , Tower"
"LINESTRING (-0.121723 51.510701,-0.075459 51.509506", "From Southampton Street, Strand to Tower Gardens , Tower"
"LINESTRING (-0.130504 51.526838,-0.075459 51.509506", "From Endsleigh Gardens, Euston to Tower Gardens , Tower"
"LINESTRING (-0.06691 51.507131,-0.075459 51.509506", "From Nesham Street, Wapping to Tower Gardens , Tower"
"LINESTRING (-0.063531 51.504719,-0.075459 51.509506", "From Hermitage Court, Wapping to Tower Gardens , Tower"
"LINESTRING (-0.111471 51.479601,-0.075459 51.509506", "From Cranmer Road, Stockwell to Tower Gardens , Tower"
"LINESTRING (-0.106823 51.508033,-0.075459 51.509506", "From Sea Containers, South Bank to Tower Gardens , Tower"
"LINESTRING (-0.123702 51.506767,-0.075459 51.509506", "From Northumberland Avenue, Strand to Tower Gardens , Tower"
"LINESTRING (-0.058681 51.506946,-0.075459 51.509506", "From Reardon Street, Wapping to Tower Gardens , Tower"
"LINESTRING (-0.06691 51.507131,-0.075459 51.509506", "From Nesham Street, Wapping to Tower Gardens , Tower"
"LINESTRING (-0.053177 51.515975,-0.075459 51.509506", "From Jubilee Street, Stepney to Tower Gardens , Tower"
"LINESTRING (-0.099141 51.512484,-0.075459 51.509506", "From Godliman Street, St. Paul's to Tower Gardens , Tower"
"LINESTRING (-0.09022 51.491484,-0.075459 51.509506", "From Rodney Road , Walworth to Tower Gardens , Tower"
"LINESTRING (-0.074704 51.500845,-0.075459 51.509506", "From Tower Wharf, Bermondsey to Tower Gardens , Tower"
"LINESTRING (-0.047218 51.526041,-0.075459 51.509506", "From Bancroft Road, Bethnal Green to Tower Gardens , Tower"
"LINESTRING (-0.112824 51.503791,-0.075459 51.509506", "From Waterloo Station 3, Waterloo to Tower Gardens , Tower"
"LINESTRING (-0.149551 51.477619,-0.075459 51.509506", "From Queen's Circus, Battersea Park to Tower Gardens , Tower"
"LINESTRING (-0.074431 51.519362,-0.075459 51.509506", "From Fournier Street, Whitechapel to Tower Gardens , Tower"
"LINESTRING (-0.074284 51.539328,-0.075459 51.509506", "From Haggerston Road, Haggerston to Tower Gardens , Tower"
"LINESTRING (-0.121723 51.510701,-0.075459 51.509506", "From Southampton Street, Strand to Tower Gardens , Tower"
"LINESTRING (-0.0786 51.500647,-0.075459 51.509506", "From Tanner Street, Bermondsey to Tower Gardens , Tower"
"LINESTRING (-0.115533 51.504942,-0.075459 51.509506", "From Concert Hall Approach 2, South Bank to Tower Gardens , Tower"
"LINESTRING (-0.074284 51.539328,-0.075459 51.509506", "From Haggerston Road, Haggerston to Tower Gardens , Tower"
"LINESTRING (-0.117619 51.509943,-0.075459 51.509506", "From Somerset House, Strand to Tower Gardens , Tower"
"LINESTRING (-0.02296 51.50623,-0.075459 51.509506", "From Fisherman's Walk West, Canary Wharf to Tower Gardens , Tower"
"LINESTRING (-0.106823 51.508033,-0.075459 51.509506", "From Sea Containers, South Bank to Tower Gardens , Tower"
"LINESTRING (-0.088542 51.527025,-0.075459 51.509506", "From Baldwin Street, St. Luke's to Tower Gardens , Tower"
"LINESTRING (-0.065006 51.508622,-0.075459 51.509506", "From Pennington Street, Wapping to Tower Gardens , Tower"
"LINESTRING (-0.137424 51.498865,-0.075459 51.509506", "From Buckingham Gate, Westminster to Tower Gardens , Tower"
"LINESTRING (-0.117619 51.509943,-0.075459 51.509506", "From Somerset House, Strand to Tower Gardens , Tower"
"LINESTRING (-0.178656 51.501432,-0.075459 51.509506", "From Kensington Gore, Knightsbridge to Tower Gardens , Tower"
"LINESTRING (-0.144132 51.493204,-0.075459 51.509506", "From Belgrave Road, Victoria to Tower Gardens , Tower"
"LINESTRING (-0.101384 51.49652,-0.075459 51.509506", "From Ontario Street, Elephant & Castle to Tower Gardens , Tower"
"LINESTRING (-0.112824 51.503791,-0.075459 51.509506", "From Waterloo Station 3, Waterloo to Tower Gardens , Tower"
"LINESTRING (-0.091773 51.504627,-0.075459 51.509506", "From Hop Exchange, The Borough to Tower Gardens , Tower"
"LINESTRING (-0.123179 51.506543,-0.075459 51.509506", "From Whitehall Place, Strand to Tower Gardens , Tower"
"LINESTRING (-0.145393 51.542138,-0.075459 51.509506", "From Castlehaven Road, Camden Town to Tower Gardens , Tower"
"LINESTRING (-0.017676 51.503083,-0.075459 51.509506", "From Upper Bank Street, Canary Wharf to Tower Gardens , Tower"
"LINESTRING (-0.0786 51.500647,-0.075459 51.509506", "From Tanner Street, Bermondsey to Tower Gardens , Tower"
"LINESTRING (-0.193487 51.513735,-0.075459 51.509506", "From Hereford Road, Bayswater to Tower Gardens , Tower"
"LINESTRING (-0.07962 51.503493,-0.075459 51.509506", "From Tooley Street, Bermondsey to Tower Gardens , Tower"
"LINESTRING (-0.087262 51.506304,-0.075459 51.509506", "From Duke Street Hill, London Bridge to Tower Gardens , Tower"
"LINESTRING (-0.074189 51.502279,-0.075459 51.509506", "From Curlew Street, Shad Thames to Tower Gardens , Tower"
"LINESTRING (-0.053177 51.515975,-0.075459 51.509506", "From Jubilee Street, Stepney to Tower Gardens , Tower"
"LINESTRING (-0.125078 51.534667,-0.136792 51.533005", "From Good's Way, King's Cross to Eversholt Street , Camden Town"
"LINESTRING (-0.123616 51.529943,-0.136792 51.533005", "From Belgrove Street , King's Cross to Eversholt Street , Camden Town"
"LINESTRING (-0.133952 51.536264,-0.136792 51.533005", "From Royal College Street, Camden Town to Eversholt Street , Camden Town"
"LINESTRING (-0.099994 51.522853,-0.136792 51.533005", "From Berry Street, Clerkenwell to Eversholt Street , Camden Town"
"LINESTRING (-0.138019 51.524438,-0.136792 51.533005", "From Warren Street Station, Euston to Eversholt Street , Camden Town"
"LINESTRING (-0.13225 51.528833,-0.136792 51.533005", "From Doric Way , Somers Town to Eversholt Street , Camden Town"
"LINESTRING (-0.138019 51.524438,-0.136792 51.533005", "From Warren Street Station, Euston to Eversholt Street , Camden Town"
"LINESTRING (-0.10044 51.498898,-0.136792 51.533005", "From Borough Road, Elephant & Castle to Eversholt Street , Camden Town"
"LINESTRING (-0.131161 51.52505,-0.136792 51.533005", "From Taviton Street, Bloomsbury to Eversholt Street , Camden Town"
"LINESTRING (-0.126409 51.524,-0.136792 51.533005", "From Coram Street, Bloomsbury to Eversholt Street , Camden Town"
"LINESTRING (-0.122502 51.523951,-0.136792 51.533005", "From Brunswick Square, Bloomsbury to Eversholt Street , Camden Town"
"LINESTRING (-0.125979 51.526357,-0.136792 51.533005", "From Cartwright Gardens , Bloomsbury to Eversholt Street , Camden Town"
"LINESTRING (-0.10044 51.498898,-0.136792 51.533005", "From Borough Road, Elephant & Castle to Eversholt Street , Camden Town"
"LINESTRING (-0.112432 51.526599,-0.136792 51.533005", "From Margery Street, Clerkenwell to Eversholt Street , Camden Town"
"LINESTRING (-0.123616 51.529943,-0.136792 51.533005", "From Belgrove Street , King's Cross to Eversholt Street , Camden Town"
"LINESTRING (-0.13011 51.513527,-0.136792 51.533005", "From Moor Street, Soho to Eversholt Street , Camden Town"
"LINESTRING (-0.114079 51.522264,-0.136792 51.533005", "From Northington Street , Holborn to Eversholt Street , Camden Town"
"LINESTRING (-0.138231 51.525542,-0.136792 51.533005", "From Hampstead Road, Euston to Eversholt Street , Camden Town"
"LINESTRING (-0.124121 51.523418,-0.136792 51.533005", "From Russell Square Station, Bloomsbury to Eversholt Street , Camden Town"
"LINESTRING (-0.130431 51.52168,-0.136792 51.533005", "From Malet Street, Bloomsbury to Eversholt Street , Camden Town"
"LINESTRING (-0.109914 51.531666,-0.074754 51.523648", "From Claremont Square, Angel to Bethnal Green Road, Shoreditch"
"LINESTRING (-0.058631 51.524583,-0.074754 51.523648", "From Finnis Street, Bethnal Green to Bethnal Green Road, Shoreditch"
"LINESTRING (-0.067937 51.51793,-0.074754 51.523648", "From Old Montague Street, Whitechapel to Bethnal Green Road, Shoreditch"
"LINESTRING (-0.075901 51.531091,-0.074754 51.523648", "From Hoxton Station, Hoxton to Bethnal Green Road, Shoreditch"
"LINESTRING (-0.096317 51.526008,-0.074754 51.523648", "From Finsbury Leisure Centre, St. Luke's to Bethnal Green Road, Shoreditch"
"LINESTRING (-0.018703 51.528169,-0.074754 51.523648", "From Bow Church Station, Bow to Bethnal Green Road, Shoreditch"
"LINESTRING (-0.086685 51.517075,-0.074754 51.523648", "From Finsbury Circus, Liverpool Street to Bethnal Green Road, Shoreditch"
"LINESTRING (-0.115781 51.464019,-0.074754 51.523648", "From Ferndale Road, Brixton to Bethnal Green Road, Shoreditch"
"LINESTRING (-0.130504 51.526838,-0.074754 51.523648", "From Endsleigh Gardens, Euston to Bethnal Green Road, Shoreditch"
"LINESTRING (-0.075901 51.531091,-0.074754 51.523648", "From Hoxton Station, Hoxton to Bethnal Green Road, Shoreditch"
"LINESTRING (-0.125078 51.534667,-0.074754 51.523648", "From Good's Way, King's Cross to Bethnal Green Road, Shoreditch"
"LINESTRING (-0.14296 51.497998,-0.074754 51.523648", "From Warwick Row, Westminster to Bethnal Green Road, Shoreditch"
"LINESTRING (-0.085814 51.495061,-0.074754 51.523648", "From Bricklayers Arms, Borough to Bethnal Green Road, Shoreditch"
"LINESTRING (-0.089782 51.53089,-0.074754 51.523648", "From Murray Grove , Hoxton to Bethnal Green Road, Shoreditch"
"LINESTRING (-0.051394 51.520893,-0.074754 51.523648", "From Cleveland Way, Stepney to Bethnal Green Road, Shoreditch"
"LINESTRING (-0.062546 51.535678,-0.074754 51.523648", "From Regent's Row , Haggerston to Bethnal Green Road, Shoreditch"
"LINESTRING (-0.065006 51.508622,-0.074754 51.523648", "From Pennington Street, Wapping to Bethnal Green Road, Shoreditch"
"LINESTRING (-0.058631 51.524583,-0.074754 51.523648", "From Finnis Street, Bethnal Green to Bethnal Green Road, Shoreditch"
"LINESTRING (-0.053177 51.515975,-0.074754 51.523648", "From Jubilee Street, Stepney to Bethnal Green Road, Shoreditch"
"LINESTRING (-0.09885 51.515418,-0.074754 51.523648", "From Newgate Street , St. Paul's to Bethnal Green Road, Shoreditch"
"LINESTRING (-0.089887 51.520858,-0.074754 51.523648", "From Bunhill Row, Moorgate to Bethnal Green Road, Shoreditch"
"LINESTRING (-0.093051 51.511246,-0.074754 51.523648", "From Queen Street 2, Bank to Bethnal Green Road, Shoreditch"
"LINESTRING (-0.062546 51.535678,-0.074754 51.523648", "From Regent's Row , Haggerston to Bethnal Green Road, Shoreditch"
"LINESTRING (-0.037366 51.534137,-0.074754 51.523648", "From Driffield Road, Old Ford to Bethnal Green Road, Shoreditch"
"LINESTRING (-0.134621 51.507424,-0.074754 51.523648", "From St. James's Square, St. James's to Bethnal Green Road, Shoreditch"
"LINESTRING (-0.106 51.496127,-0.074754 51.523648", "From Geraldine Street, Elephant & Castle to Bethnal Green Road, Shoreditch"
"LINESTRING (-0.10997 51.529163,-0.074754 51.523648", "From River Street , Clerkenwell to Bethnal Green Road, Shoreditch"
"LINESTRING (-0.079249 51.518908,-0.074754 51.523648", "From Brushfield Street, Liverpool Street to Bethnal Green Road, Shoreditch"
"LINESTRING (-0.065076 51.52388,-0.074754 51.523648", "From Cheshire Street, Bethnal Green to Bethnal Green Road, Shoreditch"
"LINESTRING (-0.033085 51.532513,-0.074754 51.523648", "From Ford Road, Old Ford to Bethnal Green Road, Shoreditch"
"LINESTRING (-0.074754 51.523648,-0.074754 51.523648", "From Bethnal Green Road, Shoreditch to Bethnal Green Road, Shoreditch"
"LINESTRING (-0.055894 51.528936,-0.074754 51.523648", "From York Hall, Bethnal Green to Bethnal Green Road, Shoreditch"
"LINESTRING (-0.027616 51.529452,-0.074754 51.523648", "From Malmesbury Road, Bow to Bethnal Green Road, Shoreditch"
"LINESTRING (-0.116688 51.520596,-0.074754 51.523648", "From Theobald's Road , Holborn to Bethnal Green Road, Shoreditch"
"LINESTRING (-0.09308 51.515735,-0.074754 51.523648", "From The Guildhall, Guildhall to Bethnal Green Road, Shoreditch"
"LINESTRING (-0.020542 51.544909,-0.074754 51.523648", "From Copper Box Arena, Queen Elizabeth Olympic Park to Bethnal Green Road, Shoreditch"
"LINESTRING (-0.021345 51.519265,-0.074754 51.523648", "From Furze Green, Bow to Bethnal Green Road, Shoreditch"
"LINESTRING (-0.093903 51.530991,-0.074754 51.523648", "From Wenlock Road , Hoxton to Bethnal Green Road, Shoreditch"
"LINESTRING (-0.083353 51.529537,-0.074754 51.523648", "From Fanshaw Street, Hoxton to Bethnal Green Road, Shoreditch"
"LINESTRING (-0.087587 51.514441,-0.074754 51.523648", "From Bank of England Museum, Bank to Bethnal Green Road, Shoreditch"
"LINESTRING (-0.027616 51.529452,-0.074754 51.523648", "From Malmesbury Road, Bow to Bethnal Green Road, Shoreditch"
"LINESTRING (-0.108657 51.51795,-0.074754 51.523648", "From Holborn Circus, Holborn to Bethnal Green Road, Shoreditch"
"LINESTRING (-0.093051 51.511246,-0.074754 51.523648", "From Queen Street 2, Bank to Bethnal Green Road, Shoreditch"
"LINESTRING (-0.125078 51.534667,-0.074754 51.523648", "From Good's Way, King's Cross to Bethnal Green Road, Shoreditch"
"LINESTRING (-0.125078 51.534667,-0.074754 51.523648", "From Good's Way, King's Cross to Bethnal Green Road, Shoreditch"
"LINESTRING (-0.055312 51.52568,-0.074754 51.523648", "From Bethnal Green Garden, Bethnal Green to Bethnal Green Road, Shoreditch"
"LINESTRING (-0.09885 51.515418,-0.074754 51.523648", "From Newgate Street , St. Paul's to Bethnal Green Road, Shoreditch"
"LINESTRING (-0.06111 51.518675,-0.074754 51.523648", "From Royal London Hospital, Whitechapel to Bethnal Green Road, Shoreditch"
"LINESTRING (-0.10527 51.515809,-0.074754 51.523648", "From Stonecutter Street, Holborn to Bethnal Green Road, Shoreditch"
"LINESTRING (-0.090075 51.517842,-0.074754 51.523648", "From Fore Street, Guildhall to Bethnal Green Road, Shoreditch"
"LINESTRING (-0.047548 51.528869,-0.074754 51.523648", "From Globe Town Market, Bethnal Green to Bethnal Green Road, Shoreditch"
"LINESTRING (-0.117774 51.513875,-0.074754 51.523648", "From Kingsway Southbound, Strand to Bethnal Green Road, Shoreditch"
"LINESTRING (-0.087587 51.514441,-0.074754 51.523648", "From Bank of England Museum, Bank to Bethnal Green Road, Shoreditch"
"LINESTRING (-0.08299 51.53213,-0.074754 51.523648", "From Pitfield Street Central, Hoxton to Bethnal Green Road, Shoreditch"
"LINESTRING (-0.054883 51.522561,-0.074754 51.523648", "From Cephas Street, Bethnal Green to Bethnal Green Road, Shoreditch"
"LINESTRING (-0.07813 51.526377,-0.074754 51.523648", "From Shoreditch High Street, Shoreditch to Bethnal Green Road, Shoreditch"
"LINESTRING (-0.06142 51.532091,-0.074754 51.523648", "From Pritchard's Road, Bethnal Green to Bethnal Green Road, Shoreditch"
"LINESTRING (-0.075885 51.536585,-0.074754 51.523648", "From Dunston Road , Haggerston to Bethnal Green Road, Shoreditch"
"LINESTRING (-0.079249 51.518908,-0.074754 51.523648", "From Brushfield Street, Liverpool Street to Bethnal Green Road, Shoreditch"
"LINESTRING (-0.123616 51.529943,-0.074754 51.523648", "From Belgrove Street , King's Cross to Bethnal Green Road, Shoreditch"
"LINESTRING (-0.037366 51.534137,-0.074754 51.523648", "From Driffield Road, Old Ford to Bethnal Green Road, Shoreditch"
"LINESTRING (-0.070133 51.515231,-0.074754 51.523648", "From Central House, Whitechapel to Bethnal Green Road, Shoreditch"
"LINESTRING (-0.047548 51.528869,-0.074754 51.523648", "From Globe Town Market, Bethnal Green to Bethnal Green Road, Shoreditch"
"LINESTRING (-0.063386 51.521905,-0.074754 51.523648", "From Selby Street, Whitechapel to Bethnal Green Road, Shoreditch"
"LINESTRING (-0.112824 51.503791,-0.074754 51.523648", "From Waterloo Station 3, Waterloo to Bethnal Green Road, Shoreditch"
"LINESTRING (-0.058826 51.54119,-0.074754 51.523648", "From London Fields, Hackney Central to Bethnal Green Road, Shoreditch"
"LINESTRING (-0.10997 51.529163,-0.074754 51.523648", "From River Street , Clerkenwell to Bethnal Green Road, Shoreditch"
"LINESTRING (-0.098497 51.503688,-0.074754 51.523648", "From Union Street, The Borough to Bethnal Green Road, Shoreditch"
"LINESTRING (-0.118272 51.516277,-0.074754 51.523648", "From Lincoln's Inn Fields, Holborn to Bethnal Green Road, Shoreditch"
"LINESTRING (-0.118295 51.52728,-0.074754 51.523648", "From Ampton Street , Clerkenwell to Bethnal Green Road, Shoreditch"
"LINESTRING (-0.13011 51.513527,-0.074754 51.523648", "From Moor Street, Soho to Bethnal Green Road, Shoreditch"
"LINESTRING (-0.066078 51.514924,-0.074754 51.523648", "From LMU Commercial Road, Whitechapel to Bethnal Green Road, Shoreditch"
"LINESTRING (-0.09885 51.515418,-0.074754 51.523648", "From Newgate Street , St. Paul's to Bethnal Green Road, Shoreditch"
"LINESTRING (-0.10834 51.52352,-0.074754 51.523648", "From Farringdon Lane, Clerkenwell to Bethnal Green Road, Shoreditch"
"LINESTRING (-0.09885 51.515418,-0.074754 51.523648", "From Newgate Street , St. Paul's to Bethnal Green Road, Shoreditch"
"LINESTRING (-0.122219 51.51477,-0.074754 51.523648", "From Drury Lane, Covent Garden to Bethnal Green Road, Shoreditch"
"LINESTRING (-0.138072 51.517344,-0.074754 51.523648", "From Wells Street, Fitzrovia to Bethnal Green Road, Shoreditch"
"LINESTRING (-0.079248 51.524526,-0.074754 51.523648", "From New Inn Yard, Shoreditch to Bethnal Green Road, Shoreditch"
"LINESTRING (-0.102091 51.500693,-0.074754 51.523648", "From Webber Street , Southwark to Bethnal Green Road, Shoreditch"
"LINESTRING (-0.082422 51.516154,-0.074754 51.523648", "From Wormwood Street, Liverpool Street to Bethnal Green Road, Shoreditch"
"LINESTRING (-0.079684 51.516468,-0.074754 51.523648", "From Devonshire Square, Liverpool Street to Bethnal Green Road, Shoreditch"
"LINESTRING (-0.125078 51.534667,-0.074754 51.523648", "From Good's Way, King's Cross to Bethnal Green Road, Shoreditch"
"LINESTRING (-0.092762 51.500296,-0.074754 51.523648", "From Swan Street, The Borough to Bethnal Green Road, Shoreditch"
"LINESTRING (-0.049591 51.53341,-0.074754 51.523648", "From Bonner Gate, Victoria Park to Bethnal Green Road, Shoreditch"
"LINESTRING (-0.100791 51.518218,-0.074754 51.523648", "From West Smithfield Rotunda, Farringdon to Bethnal Green Road, Shoreditch"
"LINESTRING (-0.07813 51.526377,-0.074754 51.523648", "From Shoreditch High Street, Shoreditch to Bethnal Green Road, Shoreditch"
"LINESTRING (-0.02163 51.540311,-0.074754 51.523648", "From Monier Road, Hackney Wick to Bethnal Green Road, Shoreditch"
"LINESTRING (-0.101026 51.528246,-0.074754 51.523648", "From Goswell Road (City Uni), Finsbury to Bethnal Green Road, Shoreditch"
"LINESTRING (-0.084605 51.521283,-0.074754 51.523648", "From Christopher Street, Liverpool Street to Bethnal Green Road, Shoreditch"
"LINESTRING (-0.088285 51.519069,-0.074754 51.523648", "From Moorfields, Moorgate to Bethnal Green Road, Shoreditch"
"LINESTRING (-0.042744 51.530326,-0.074754 51.523648", "From Twig Folly Bridge, Mile End to Bethnal Green Road, Shoreditch"
"LINESTRING (-0.149569 51.50274,-0.074754 51.523648", "From Wellington Arch, Hyde Park to Bethnal Green Road, Shoreditch"
"LINESTRING (-0.089446 51.497382,-0.074754 51.523648", "From Great Dover Street, The Borough to Bethnal Green Road, Shoreditch"
"LINESTRING (-0.062546 51.535678,-0.074754 51.523648", "From Regent's Row , Haggerston to Bethnal Green Road, Shoreditch"
"LINESTRING (-0.135777 51.51953,-0.074754 51.523648", "From Charlotte Street, Fitzrovia to Bethnal Green Road, Shoreditch"
"LINESTRING (-0.112721 51.536392,-0.074754 51.523648", "From Charlotte Terrace, Angel to Bethnal Green Road, Shoreditch"
"LINESTRING (-0.079249 51.518908,-0.074754 51.523648", "From Brushfield Street, Liverpool Street to Bethnal Green Road, Shoreditch"
"LINESTRING (-0.070329 51.539083,-0.074754 51.523648", "From Shoreditch Court, Haggerston to Bethnal Green Road, Shoreditch"
"LINESTRING (-0.042744 51.530326,-0.074754 51.523648", "From Twig Folly Bridge, Mile End to Bethnal Green Road, Shoreditch"
"LINESTRING (-0.058826 51.54119,-0.074754 51.523648", "From London Fields, Hackney Central to Bethnal Green Road, Shoreditch"
"LINESTRING (-0.123616 51.529943,-0.074754 51.523648", "From Belgrove Street , King's Cross to Bethnal Green Road, Shoreditch"
"LINESTRING (-0.062546 51.535678,-0.074754 51.523648", "From Regent's Row , Haggerston to Bethnal Green Road, Shoreditch"
"LINESTRING (-0.106323 51.490757,-0.074754 51.523648", "From Cotton Garden Estate, Kennington to Bethnal Green Road, Shoreditch"
"LINESTRING (-0.079249 51.518908,-0.074754 51.523648", "From Brushfield Street, Liverpool Street to Bethnal Green Road, Shoreditch"
"LINESTRING (-0.079684 51.516468,-0.074754 51.523648", "From Devonshire Square, Liverpool Street to Bethnal Green Road, Shoreditch"
"LINESTRING (-0.005659 51.513548,-0.074754 51.523648", "From Aberfeldy Street, Poplar to Bethnal Green Road, Shoreditch"
"LINESTRING (-0.198286 51.493724,-0.191462 51.501364", "From West Cromwell Road, Earl's Court to Derry Street, Kensington"
"LINESTRING (-0.18119 51.490945,-0.191462 51.501364", "From Old Brompton Road, South Kensington to Derry Street, Kensington"
"LINESTRING (-0.148105 51.514759,-0.191462 51.501364", "From Marylebone Lane, Marylebone to Derry Street, Kensington"
"LINESTRING (-0.131213 51.513103,-0.191462 51.501364", "From Frith Street, Soho to Derry Street, Kensington"
"LINESTRING (-0.161203 51.496886,-0.191462 51.501364", "From Pont Street, Knightsbridge to Derry Street, Kensington"
"LINESTRING (-0.130699 51.50777,-0.191462 51.501364", "From Pall Mall East, West End to Derry Street, Kensington"
"LINESTRING (-0.142844 51.506613,-0.191462 51.501364", "From Green Park Station, Mayfair to Derry Street, Kensington"
"LINESTRING (-0.18119 51.490945,-0.191462 51.501364", "From Old Brompton Road, South Kensington to Derry Street, Kensington"
"LINESTRING (-0.151126 51.510919,-0.191462 51.501364", "From Millennium Hotel, Mayfair to Derry Street, Kensington"
"LINESTRING (-0.197574 51.499606,-0.191462 51.501364", "From Phillimore Gardens, Kensington to Derry Street, Kensington"
"LINESTRING (-0.169821 51.466633,-0.191462 51.501364", "From Falcon Road, Clapham Junction to Derry Street, Kensington"
"LINESTRING (-0.151126 51.510919,-0.191462 51.501364", "From Millennium Hotel, Mayfair to Derry Street, Kensington"
"LINESTRING (-0.154701 51.520583,-0.191462 51.501364", "From Paddington Street, Marylebone to Derry Street, Kensington"
"LINESTRING (-0.180246 51.501026,-0.191462 51.501364", "From Queen's Gate (North), Kensington to Derry Street, Kensington"
"LINESTRING (-0.18267 51.494185,-0.191462 51.501364", "From Gloucester Road Station, South Kensington to Derry Street, Kensington"
"LINESTRING (-0.172078 51.482567,-0.191462 51.501364", "From Danvers Street, West Chelsea to Derry Street, Kensington"
"LINESTRING (-0.107913 51.498386,-0.191462 51.501364", "From Westminster Bridge Road, Elephant & Castle to Derry Street, Kensington"
"LINESTRING (-0.215087 51.490217,-0.191462 51.501364", "From Barons Court Station, West Kensington to Derry Street, Kensington"
"LINESTRING (-0.197245 51.497387,-0.191462 51.501364", "From Abingdon Villas, Kensington to Derry Street, Kensington"
"LINESTRING (-0.197574 51.499606,-0.191462 51.501364", "From Phillimore Gardens, Kensington to Derry Street, Kensington"
"LINESTRING (-0.190346 51.46822,-0.191462 51.501364", "From Stephendale Road, Sands End to Derry Street, Kensington"
"LINESTRING (-0.165471 51.498884,-0.191462 51.501364", "From Montpelier Street, Knightsbridge to Derry Street, Kensington"
"LINESTRING (-0.194116 51.479932,-0.191462 51.501364", "From Fulham Broadway, Walham Green to Derry Street, Kensington"
"LINESTRING (-0.193764 51.508605,-0.191462 51.501364", "From Palace Gardens Terrace, Notting Hill to Derry Street, Kensington"
"LINESTRING (-0.205284 51.496712,-0.191462 51.501364", "From Warwick Road, Olympia to Derry Street, Kensington"
"LINESTRING (-0.214428 51.486062,-0.191462 51.501364", "From Greyhound Road, Hammersmith to Derry Street, Kensington"
"LINESTRING (-0.18697 51.51616,-0.191462 51.501364", "From Bishop's Bridge Road West, Bayswater to Derry Street, Kensington"
"LINESTRING (-0.071881 51.534776,-0.191462 51.501364", "From Thurtle Road, Haggerston to Derry Street, Kensington"
"LINESTRING (-0.18267 51.494185,-0.191462 51.501364", "From Gloucester Road Station, South Kensington to Derry Street, Kensington"
"LINESTRING (-0.21819 51.511486,-0.191462 51.501364", "From Evesham Street, Avondale to Derry Street, Kensington"
"LINESTRING (-0.185296 51.495362,-0.191462 51.501364", "From Emperor's Gate, South Kensington to Derry Street, Kensington"
"LINESTRING (-0.121723 51.510701,-0.191462 51.501364", "From Southampton Street, Strand to Derry Street, Kensington"
"LINESTRING (-0.209973 51.481021,-0.191462 51.501364", "From Aintree Street, Fulham to Derry Street, Kensington"
"LINESTRING (-0.151126 51.510919,-0.191462 51.501364", "From Millennium Hotel, Mayfair to Derry Street, Kensington"
"LINESTRING (-0.165164 51.514746,-0.191462 51.501364", "From Porchester Place, Paddington to Derry Street, Kensington"
"LINESTRING (-0.18119 51.490945,-0.191462 51.501364", "From Old Brompton Road, South Kensington to Derry Street, Kensington"
"LINESTRING (-0.151126 51.510919,-0.191462 51.501364", "From Millennium Hotel, Mayfair to Derry Street, Kensington"
"LINESTRING (-0.200742 51.502319,-0.191462 51.501364", "From Holland Park, Kensington to Derry Street, Kensington"
"LINESTRING (-0.191351 51.513489,-0.191462 51.501364", "From Princes Square, Bayswater to Derry Street, Kensington"
"LINESTRING (-0.186753 51.491615,-0.191462 51.501364", "From Collingham Gardens, Earl's Court to Derry Street, Kensington"
"LINESTRING (-0.190603 51.493631,-0.191462 51.501364", "From Knaresborough Place, Earl's Court to Derry Street, Kensington"
"LINESTRING (-0.183486 51.529857,-0.191462 51.501364", "From Maida Vale, Maida Vale to Derry Street, Kensington"
"LINESTRING (-0.173693 51.495948,-0.191462 51.501364", "From Exhibition Road Museums 2, South Kensington to Derry Street, Kensington"
"LINESTRING (-0.190393 51.490163,-0.191462 51.501364", "From Bramham Gardens, Earl's Court to Derry Street, Kensington"
"LINESTRING (-0.179702 51.499428,-0.191462 51.501364", "From Imperial College, Knightsbridge to Derry Street, Kensington"
"LINESTRING (-0.168917 51.497056,-0.191462 51.501364", "From Holy Trinity Brompton, Knightsbridge to Derry Street, Kensington"
"LINESTRING (-0.188098 51.517919,-0.191462 51.501364", "From Gloucester Terrace, Bayswater to Derry Street, Kensington"
"LINESTRING (-0.193764 51.508605,-0.191462 51.501364", "From Palace Gardens Terrace, Notting Hill to Derry Street, Kensington"
"LINESTRING (-0.186753 51.491615,-0.191462 51.501364", "From Collingham Gardens, Earl's Court to Derry Street, Kensington"
"LINESTRING (-0.197524 51.511084,-0.191462 51.501364", "From Pembridge Villas, Notting Hill to Derry Street, Kensington"
"LINESTRING (-0.18267 51.494185,-0.191462 51.501364", "From Gloucester Road Station, South Kensington to Derry Street, Kensington"
"LINESTRING (-0.209494 51.498157,-0.191462 51.501364", "From Kensington Olympia Station, Olympia to Derry Street, Kensington"
"LINESTRING (-0.200742 51.502319,-0.191462 51.501364", "From Holland Park, Kensington to Derry Street, Kensington"
"LINESTRING (-0.191933 51.495866,-0.191462 51.501364", "From Lexham Gardens, Kensington to Derry Street, Kensington"
"LINESTRING (-0.18119 51.490945,-0.191462 51.501364", "From Old Brompton Road, South Kensington to Derry Street, Kensington"
"LINESTRING (-0.193764 51.508605,-0.191462 51.501364", "From Palace Gardens Terrace, Notting Hill to Derry Street, Kensington"
"LINESTRING (-0.18267 51.494185,-0.191462 51.501364", "From Gloucester Road Station, South Kensington to Derry Street, Kensington"
"LINESTRING (-0.19617 51.490853,-0.191462 51.501364", "From Trebovir Road, Earl's Court to Derry Street, Kensington"
"LINESTRING (-0.151359 51.522008,-0.191462 51.501364", "From Beaumont Street, Marylebone to Derry Street, Kensington"
"LINESTRING (-0.09885 51.515418,-0.06797 51.504904", "From Newgate Street , St. Paul's to Wapping High Street, Wapping"
"LINESTRING (-0.057544 51.504749,-0.06797 51.504904", "From Wapping Lane, Wapping to Wapping High Street, Wapping"
"LINESTRING (-0.06691 51.507131,-0.06797 51.504904", "From Nesham Street, Wapping to Wapping High Street, Wapping"
"LINESTRING (-0.096496 51.517821,-0.06797 51.504904", "From Museum of London, Barbican to Wapping High Street, Wapping"
"LINESTRING (-0.057544 51.504749,-0.06797 51.504904", "From Wapping Lane, Wapping to Wapping High Street, Wapping"
"LINESTRING (-0.049591 51.53341,-0.06797 51.504904", "From Bonner Gate, Victoria Park to Wapping High Street, Wapping"
"LINESTRING (-0.077178 51.514449,-0.06797 51.504904", "From Houndsditch, Aldgate to Wapping High Street, Wapping"
"LINESTRING (-0.115057 51.512582,-0.06797 51.504904", "From Strand, Strand to Wapping High Street, Wapping"
"LINESTRING (-0.093885 51.517008,-0.06797 51.504904", "From Wood Street, Guildhall to Wapping High Street, Wapping"
"LINESTRING (-0.06691 51.507131,-0.06797 51.504904", "From Nesham Street, Wapping to Wapping High Street, Wapping"
"LINESTRING (-0.127554 51.493978,-0.06797 51.504904", "From Page Street, Westminster to Wapping High Street, Wapping"
"LINESTRING (-0.088542 51.527025,-0.06797 51.504904", "From Baldwin Street, St. Luke's to Wapping High Street, Wapping"
"LINESTRING (-0.074284 51.539328,-0.06797 51.504904", "From Haggerston Road, Haggerston to Wapping High Street, Wapping"
"LINESTRING (-0.07962 51.503493,-0.06797 51.504904", "From Tooley Street, Bermondsey to Wapping High Street, Wapping"
"LINESTRING (-0.117974 51.494881,-0.104708 51.52326", "From Lambeth Road, Vauxhall to Clerkenwell Green, Clerkenwell"
"LINESTRING (-0.162298 51.522511,-0.104708 51.52326", "From Boston Place, Marylebone to Clerkenwell Green, Clerkenwell"
"LINESTRING (-0.073537 51.514233,-0.104708 51.52326", "From Braham Street, Aldgate to Clerkenwell Green, Clerkenwell"
"LINESTRING (-0.075375 51.528187,-0.104708 51.52326", "From Columbia Road, Shoreditch to Clerkenwell Green, Clerkenwell"
"LINESTRING (-0.132328 51.515631,-0.104708 51.52326", "From Soho Square , Soho to Clerkenwell Green, Clerkenwell"
"LINESTRING (-0.132328 51.515631,-0.104708 51.52326", "From Soho Square , Soho to Clerkenwell Green, Clerkenwell"
"LINESTRING (-0.132053 51.518587,-0.104708 51.52326", "From Bayley Street , Bloomsbury to Clerkenwell Green, Clerkenwell"
"LINESTRING (-0.086685 51.517075,-0.104708 51.52326", "From Finsbury Circus, Liverpool Street to Clerkenwell Green, Clerkenwell"
"LINESTRING (-0.116688 51.520596,-0.104708 51.52326", "From Theobald's Road , Holborn to Clerkenwell Green, Clerkenwell"
"LINESTRING (-0.093051 51.511246,-0.104708 51.52326", "From Queen Street 2, Bank to Clerkenwell Green, Clerkenwell"
"LINESTRING (-0.109256 51.526443,-0.104708 51.52326", "From Tysoe Street, Clerkenwell to Clerkenwell Green, Clerkenwell"
"LINESTRING (-0.118272 51.516277,-0.104708 51.52326", "From Lincoln's Inn Fields, Holborn to Clerkenwell Green, Clerkenwell"
"LINESTRING (-0.096317 51.526008,-0.104708 51.52326", "From Finsbury Leisure Centre, St. Luke's to Clerkenwell Green, Clerkenwell"
"LINESTRING (-0.125441 51.541596,-0.104708 51.52326", "From York Way, Kings Cross to Clerkenwell Green, Clerkenwell"
"LINESTRING (-0.058631 51.524583,-0.104708 51.52326", "From Finnis Street, Bethnal Green to Clerkenwell Green, Clerkenwell"
"LINESTRING (-0.115851 51.505044,-0.104708 51.52326", "From Concert Hall Approach 1, South Bank to Clerkenwell Green, Clerkenwell"
"LINESTRING (-0.151126 51.510919,-0.104708 51.52326", "From Millennium Hotel, Mayfair to Clerkenwell Green, Clerkenwell"
"LINESTRING (-0.111781 51.533319,-0.104708 51.52326", "From Risinghill Street, Angel to Clerkenwell Green, Clerkenwell"
"LINESTRING (-0.193764 51.508605,-0.104708 51.52326", "From Palace Gardens Terrace, Notting Hill to Clerkenwell Green, Clerkenwell"
"LINESTRING (-0.139174 51.533019,-0.104708 51.52326", "From Harrington Square 1, Camden Town to Clerkenwell Green, Clerkenwell"
"LINESTRING (-0.112753 51.51501,-0.104708 51.52326", "From Carey Street, Holborn to Clerkenwell Green, Clerkenwell"
"LINESTRING (-0.085634 51.520962,-0.104708 51.52326", "From Finsbury Square , Moorgate to Clerkenwell Green, Clerkenwell"
"LINESTRING (-0.152248 51.467185,-0.104708 51.52326", "From Ashley Crescent, Battersea to Clerkenwell Green, Clerkenwell"
"LINESTRING (-0.143613 51.523518,-0.104708 51.52326", "From Bolsover Street, Fitzrovia to Clerkenwell Green, Clerkenwell"
"LINESTRING (-0.123616 51.529943,-0.104708 51.52326", "From Belgrove Street , King's Cross to Clerkenwell Green, Clerkenwell"
"LINESTRING (-0.107987 51.517428,-0.104708 51.52326", "From New Fetter Lane, Holborn to Clerkenwell Green, Clerkenwell"
"LINESTRING (-0.096496 51.517821,-0.104708 51.52326", "From Museum of London, Barbican to Clerkenwell Green, Clerkenwell"
"LINESTRING (-0.137043 51.511897,-0.104708 51.52326", "From Golden Square, Soho to Clerkenwell Green, Clerkenwell"
"LINESTRING (-0.12335 51.51746,-0.104708 51.52326", "From Bury Place, Holborn to Clerkenwell Green, Clerkenwell"
"LINESTRING (-0.132328 51.515631,-0.104708 51.52326", "From Soho Square , Soho to Clerkenwell Green, Clerkenwell"
"LINESTRING (-0.0985 51.51601,-0.104708 51.52326", "From King Edward Street, St Pauls to Clerkenwell Green, Clerkenwell"
"LINESTRING (-0.130504 51.526838,-0.104708 51.52326", "From Endsleigh Gardens, Euston to Clerkenwell Green, Clerkenwell"
"LINESTRING (-0.109256 51.526443,-0.104708 51.52326", "From Tysoe Street, Clerkenwell to Clerkenwell Green, Clerkenwell"
"LINESTRING (-0.112824 51.503791,-0.104708 51.52326", "From Waterloo Station 3, Waterloo to Clerkenwell Green, Clerkenwell"
"LINESTRING (-0.084439 51.524696,-0.104708 51.52326", "From Leonard Circus , Shoreditch to Clerkenwell Green, Clerkenwell"
"LINESTRING (-0.100791 51.518218,-0.104708 51.52326", "From West Smithfield Rotunda, Farringdon to Clerkenwell Green, Clerkenwell"
"LINESTRING (-0.13558 51.513684,-0.104708 51.52326", "From Broadwick Street, Soho to Clerkenwell Green, Clerkenwell"
"LINESTRING (-0.103078 51.511934,-0.104708 51.52326", "From Blackfriars Station, St. Paul's to Clerkenwell Green, Clerkenwell"
"LINESTRING (-0.085666 51.499075,-0.104708 51.52326", "From Long Lane , Bermondsey to Clerkenwell Green, Clerkenwell"
"LINESTRING (-0.104708 51.52326,-0.104708 51.52326", "From Clerkenwell Green, Clerkenwell to Clerkenwell Green, Clerkenwell"
"LINESTRING (-0.138089 51.484839,-0.104708 51.52326", "From Claverton Street, Pimlico to Clerkenwell Green, Clerkenwell"
"LINESTRING (-0.047218 51.526041,-0.104708 51.52326", "From Bancroft Road, Bethnal Green to Clerkenwell Green, Clerkenwell"
"LINESTRING (-0.14296 51.497998,-0.104708 51.52326", "From Warwick Row, Westminster to Clerkenwell Green, Clerkenwell"
"LINESTRING (-0.106408 51.530515,-0.104708 51.52326", "From Chadwell Street, Angel to Clerkenwell Green, Clerkenwell"
"LINESTRING (-0.113426 51.503919,-0.104708 51.52326", "From Waterloo Station 2, Waterloo to Clerkenwell Green, Clerkenwell"
"LINESTRING (-0.100791 51.518218,-0.104708 51.52326", "From West Smithfield Rotunda, Farringdon to Clerkenwell Green, Clerkenwell"
"LINESTRING (-0.06142 51.532091,-0.104708 51.52326", "From Pritchard's Road, Bethnal Green to Clerkenwell Green, Clerkenwell"
"LINESTRING (-0.139016 51.520994,-0.104708 51.52326", "From Howland Street, Fitzrovia to Clerkenwell Green, Clerkenwell"
"LINESTRING (-0.075375 51.528187,-0.104708 51.52326", "From Columbia Road, Shoreditch to Clerkenwell Green, Clerkenwell"
"LINESTRING (-0.058826 51.54119,-0.104708 51.52326", "From London Fields, Hackney Central to Clerkenwell Green, Clerkenwell"
"LINESTRING (-0.094934 51.522954,-0.104708 51.52326", "From Roscoe Street, St. Luke's to Clerkenwell Green, Clerkenwell"
"LINESTRING (-0.100186 51.505817,-0.097441 51.511961", "From Bankside Mix, Bankside to Queen Victoria Street, St. Paul's"
"LINESTRING (-0.112824 51.503791,-0.097441 51.511961", "From Waterloo Station 3, Waterloo to Queen Victoria Street, St. Paul's"
"LINESTRING (-0.119047 51.509631,-0.097441 51.511961", "From Embankment (Savoy), Strand to Queen Victoria Street, St. Paul's"
"LINESTRING (-0.200838 51.514311,-0.097441 51.511961", "From Turquoise Island, Notting Hill to Queen Victoria Street, St. Paul's"
"LINESTRING (-0.139956 51.493573,-0.097441 51.511961", "From Queen Mother Sports Centre, Victoria to Queen Victoria Street, St. Paul's"
"LINESTRING (-0.123179 51.506543,-0.097441 51.511961", "From Whitehall Place, Strand to Queen Victoria Street, St. Paul's"
"LINESTRING (-0.172528 51.533043,-0.097441 51.511961", "From Wellington Road, St. John's Wood to Queen Victoria Street, St. Paul's"
"LINESTRING (-0.115533 51.504942,-0.097441 51.511961", "From Concert Hall Approach 2, South Bank to Queen Victoria Street, St. Paul's"
"LINESTRING (-0.082989 51.510484,-0.097441 51.511961", "From Great Tower Street, Monument to Queen Victoria Street, St. Paul's"
"LINESTRING (-0.11548 51.528915,-0.097441 51.511961", "From Great Percy Street, Clerkenwell to Queen Victoria Street, St. Paul's"
"LINESTRING (-0.157788 51.465123,-0.097441 51.511961", "From Sugden Road, Clapham to Queen Victoria Street, St. Paul's"
"LINESTRING (-0.09022 51.491484,-0.097441 51.511961", "From Rodney Road , Walworth to Queen Victoria Street, St. Paul's"
"LINESTRING (-0.197245 51.497387,-0.097441 51.511961", "From Abingdon Villas, Kensington to Queen Victoria Street, St. Paul's"
"LINESTRING (-0.084439 51.524696,-0.097441 51.511961", "From Leonard Circus , Shoreditch to Queen Victoria Street, St. Paul's"
"LINESTRING (-0.113426 51.503919,-0.097441 51.511961", "From Waterloo Station 2, Waterloo to Queen Victoria Street, St. Paul's"
"LINESTRING (-0.130458 51.494816,-0.097441 51.511961", "From Horseferry Road, Westminster to Queen Victoria Street, St. Paul's"
"LINESTRING (-0.17977 51.51348,-0.097441 51.511961", "From Devonshire Terrace, Bayswater to Queen Victoria Street, St. Paul's"
"LINESTRING (-0.113426 51.503919,-0.097441 51.511961", "From Waterloo Station 2, Waterloo to Queen Victoria Street, St. Paul's"
"LINESTRING (-0.13225 51.528833,-0.097441 51.511961", "From Doric Way , Somers Town to Queen Victoria Street, St. Paul's"
"LINESTRING (-0.134234 51.494591,-0.097441 51.511961", "From Greycoat Street , Westminster to Queen Victoria Street, St. Paul's"
"LINESTRING (-0.106237 51.507244,-0.097441 51.511961", "From Milroy Walk, South Bank to Queen Victoria Street, St. Paul's"
"LINESTRING (-0.106408 51.530515,-0.097441 51.511961", "From Chadwell Street, Angel to Queen Victoria Street, St. Paul's"
"LINESTRING (-0.115156 51.489479,-0.097441 51.511961", "From Sancroft Street, Vauxhall to Queen Victoria Street, St. Paul's"
"LINESTRING (-0.084985 51.509301,-0.097441 51.511961", "From Lower Thames Street, Monument to Queen Victoria Street, St. Paul's"
"LINESTRING (-0.113426 51.503919,-0.097441 51.511961", "From Waterloo Station 2, Waterloo to Queen Victoria Street, St. Paul's"
"LINESTRING (-0.187427 51.460864,-0.097441 51.511961", "From Wandsworth Town Station, Wandsworth to Queen Victoria Street, St. Paul's"
"LINESTRING (-0.174411 51.511933,-0.097441 51.511961", "From Bayswater Road, Hyde Park to Queen Victoria Street, St. Paul's"
"LINESTRING (-0.109025 51.534408,-0.097441 51.511961", "From Cloudesley Road, Angel to Queen Victoria Street, St. Paul's"
"LINESTRING (-0.162418 51.490083,-0.097441 51.511961", "From Royal Avenue 2, Chelsea to Queen Victoria Street, St. Paul's"
"LINESTRING (-0.070542 51.505697,-0.097441 51.511961", "From St. Katharine's Way, Tower to Queen Victoria Street, St. Paul's"
"LINESTRING (-0.079248 51.524526,-0.097441 51.511961", "From New Inn Yard, Shoreditch to Queen Victoria Street, St. Paul's"
"LINESTRING (-0.153233 51.490959,-0.097441 51.511961", "From Bourne Street, Belgravia to Queen Victoria Street, St. Paul's"
"LINESTRING (-0.107349 51.511891,-0.097441 51.511961", "From Tallis Street, Temple to Queen Victoria Street, St. Paul's"
"LINESTRING (-0.157436 51.512276,-0.157436 51.512276", "From Green Street, Mayfair to Green Street, Mayfair"
"LINESTRING (-0.135478 51.495827,-0.157436 51.512276", "From Rochester Row, Westminster to Green Street, Mayfair"
"LINESTRING (-0.171103 51.518268,-0.157436 51.512276", "From St Mary's Hospital, Paddington to Green Street, Mayfair"
"LINESTRING (-0.120909 51.516128,-0.157436 51.512276", "From Newton Street, Covent Garden to Green Street, Mayfair"
"LINESTRING (-0.157275 51.510017,-0.157436 51.512276", "From Park Lane , Hyde Park to Green Street, Mayfair"
"LINESTRING (-0.145904 51.507069,-0.157436 51.512276", "From Curzon Street, Mayfair to Green Street, Mayfair"
"LINESTRING (-0.191722 51.461083,-0.157436 51.512276", "From Smugglers Way, Wandsworth to Green Street, Mayfair"
"LINESTRING (-0.165471 51.498884,-0.157436 51.512276", "From Montpelier Street, Knightsbridge to Green Street, Mayfair"
"LINESTRING (-0.122203 51.534474,-0.157436 51.512276", "From Crinan Street, King's Cross to Green Street, Mayfair"
"LINESTRING (-0.165471 51.498884,-0.157436 51.512276", "From Montpelier Street, Knightsbridge to Green Street, Mayfair"
"LINESTRING (-0.147301 51.514105,-0.157436 51.512276", "From Woodstock Street, Mayfair to Green Street, Mayfair"
"LINESTRING (-0.139016 51.520994,-0.157436 51.512276", "From Howland Street, Fitzrovia to Green Street, Mayfair"
"LINESTRING (-0.17306 51.505014,-0.157436 51.512276", "From Serpentine Car Park, Hyde Park to Green Street, Mayfair"
"LINESTRING (-0.105312 51.504043,-0.157436 51.512276", "From Southwark Station 1, Southwark to Green Street, Mayfair"
"LINESTRING (-0.147301 51.514105,-0.157436 51.512276", "From Woodstock Street, Mayfair to Green Street, Mayfair"
"LINESTRING (-0.106823 51.508033,-0.157436 51.512276", "From Sea Containers, South Bank to Green Street, Mayfair"
"LINESTRING (-0.224103 51.509158,-0.157436 51.512276", "From Westfield Ariel Way, White City to Green Street, Mayfair"
"LINESTRING (-0.132328 51.515631,-0.157436 51.512276", "From Soho Square , Soho to Green Street, Mayfair"
"LINESTRING (-0.138231 51.525542,-0.157436 51.512276", "From Hampstead Road, Euston to Green Street, Mayfair"
"LINESTRING (-0.164207 51.517372,-0.157436 51.512276", "From Harrowby Street, Marylebone to Green Street, Mayfair"
"LINESTRING (-0.147301 51.514105,-0.157436 51.512276", "From Woodstock Street, Mayfair to Green Street, Mayfair"
"LINESTRING (-0.15934 51.500241,-0.157436 51.512276", "From Harriet Street, Knightsbridge to Green Street, Mayfair"
"LINESTRING (-0.170279 51.506451,-0.157436 51.512276", "From Triangle Car Park, Hyde Park to Green Street, Mayfair"
"LINESTRING (-0.139956 51.493573,-0.157436 51.512276", "From Queen Mother Sports Centre, Victoria to Green Street, Mayfair"
"LINESTRING (-0.167515 51.530529,-0.157436 51.512276", "From St. John's Wood Church, The Regent's Park to Green Street, Mayfair"
"LINESTRING (-0.140947 51.49616,-0.157436 51.512276", "From Ashley Place, Victoria to Green Street, Mayfair"
"LINESTRING (-0.149004 51.485821,-0.157436 51.512276", "From Chelsea Bridge, Pimlico to Green Street, Mayfair"
"LINESTRING (-0.11934 51.531066,-0.157436 51.512276", "From Northdown Street, King's Cross to Green Street, Mayfair"
"LINESTRING (-0.139016 51.520994,-0.157436 51.512276", "From Howland Street, Fitzrovia to Green Street, Mayfair"
"LINESTRING (-0.124121 51.523418,-0.157436 51.512276", "From Russell Square Station, Bloomsbury to Green Street, Mayfair"
"LINESTRING (-0.112824 51.503791,-0.157436 51.512276", "From Waterloo Station 3, Waterloo to Green Street, Mayfair"
"LINESTRING (-0.161113 51.522596,-0.157436 51.512276", "From Dorset Square, Marylebone to Green Street, Mayfair"
"LINESTRING (-0.157275 51.510017,-0.157436 51.512276", "From Park Lane , Hyde Park to Green Street, Mayfair"
"LINESTRING (-0.183716 51.517932,-0.157436 51.512276", "From Orsett Terrace, Bayswater to Green Street, Mayfair"
"LINESTRING (-0.147301 51.514105,-0.157436 51.512276", "From Woodstock Street, Mayfair to Green Street, Mayfair"
"LINESTRING (-0.168917 51.497056,-0.157436 51.512276", "From Holy Trinity Brompton, Knightsbridge to Green Street, Mayfair"
"LINESTRING (-0.216145 51.46161,-0.157436 51.512276", "From Disraeli Road, Putney to Green Street, Mayfair"
"LINESTRING (-0.17306 51.505014,-0.157436 51.512276", "From Serpentine Car Park, Hyde Park to Green Street, Mayfair"
"LINESTRING (-0.205991 51.501391,-0.157436 51.512276", "From Abbotsbury Road, Holland Park to Green Street, Mayfair"
"LINESTRING (-0.157436 51.512276,-0.157436 51.512276", "From Green Street, Mayfair to Green Street, Mayfair"
"LINESTRING (-0.145904 51.507069,-0.157436 51.512276", "From Curzon Street, Mayfair to Green Street, Mayfair"
"LINESTRING (-0.165471 51.498884,-0.157436 51.512276", "From Montpelier Street, Knightsbridge to Green Street, Mayfair"
"LINESTRING (-0.145904 51.507069,-0.157436 51.512276", "From Curzon Street, Mayfair to Green Street, Mayfair"
"LINESTRING (-0.142844 51.506613,-0.157436 51.512276", "From Green Park Station, Mayfair to Green Street, Mayfair"
"LINESTRING (-0.17306 51.505014,-0.157436 51.512276", "From Serpentine Car Park, Hyde Park to Green Street, Mayfair"
"LINESTRING (-0.111781 51.533319,-0.157436 51.512276", "From Risinghill Street, Angel to Green Street, Mayfair"
"LINESTRING (-0.190603 51.493631,-0.157436 51.512276", "From Knaresborough Place, Earl's Court to Green Street, Mayfair"
"LINESTRING (-0.104708 51.52326,-0.117974 51.494881", "From Clerkenwell Green, Clerkenwell to Lambeth Road, Vauxhall"
"LINESTRING (-0.091773 51.504627,-0.117974 51.494881", "From Hop Exchange, The Borough to Lambeth Road, Vauxhall"
"LINESTRING (-0.164786 51.477292,-0.117974 51.494881", "From Ethelburga Estate, Battersea Park to Lambeth Road, Vauxhall"
"LINESTRING (-0.106823 51.508033,-0.117974 51.494881", "From Sea Containers, South Bank to Lambeth Road, Vauxhall"
"LINESTRING (-0.110699 51.501444,-0.117974 51.494881", "From Baylis Road, Waterloo to Lambeth Road, Vauxhall"
"LINESTRING (-0.079249 51.518908,-0.117974 51.494881", "From Brushfield Street, Liverpool Street to Lambeth Road, Vauxhall"
"LINESTRING (-0.116628 51.500089,-0.117974 51.494881", "From Lambeth Palace Road, Waterloo to Lambeth Road, Vauxhall"
"LINESTRING (-0.122492 51.486343,-0.117974 51.494881", "From Kennington Lane Rail Bridge, Vauxhall to Lambeth Road, Vauxhall"
"LINESTRING (-0.199783 51.472817,-0.117974 51.494881", "From Parson's Green , Parson's Green to Lambeth Road, Vauxhall"
"LINESTRING (-0.08066 51.514225,-0.117974 51.494881", "From St. Mary Axe, Aldgate to Lambeth Road, Vauxhall"
"LINESTRING (-0.122492 51.486343,-0.117974 51.494881", "From Kennington Lane Rail Bridge, Vauxhall to Lambeth Road, Vauxhall"
"LINESTRING (-0.138212 51.481335,-0.117974 51.494881", "From Riverlight South, Nine Elms to Lambeth Road, Vauxhall"
"LINESTRING (-0.10044 51.498898,-0.117974 51.494881", "From Borough Road, Elephant & Castle to Lambeth Road, Vauxhall"
"LINESTRING (-0.092176 51.520044,-0.117974 51.494881", "From Barbican Centre, Barbican to Lambeth Road, Vauxhall"
"LINESTRING (-0.130504 51.526838,-0.117974 51.494881", "From Endsleigh Gardens, Euston to Lambeth Road, Vauxhall"
"LINESTRING (-0.104193 51.49605,-0.117974 51.494881", "From Gaywood  Street, Elephant & Castle to Lambeth Road, Vauxhall"
"LINESTRING (-0.106237 51.507244,-0.117974 51.494881", "From Milroy Walk, South Bank to Lambeth Road, Vauxhall"
"LINESTRING (-0.089887 51.520858,-0.117974 51.494881", "From Bunhill Row, Moorgate to Lambeth Road, Vauxhall"
"LINESTRING (-0.17306 51.505014,-0.117974 51.494881", "From Serpentine Car Park, Hyde Park to Lambeth Road, Vauxhall"
"LINESTRING (-0.103078 51.511934,-0.117974 51.494881", "From Blackfriars Station, St. Paul's to Lambeth Road, Vauxhall"
"LINESTRING (-0.123616 51.529943,-0.117974 51.494881", "From Belgrove Street , King's Cross to Lambeth Road, Vauxhall"
"LINESTRING (-0.124469 51.485917,-0.117974 51.494881", "From Vauxhall Cross, Vauxhall to Lambeth Road, Vauxhall"
"LINESTRING (-0.110699 51.501444,-0.117974 51.494881", "From Baylis Road, Waterloo to Lambeth Road, Vauxhall"
"LINESTRING (-0.123616 51.529943,-0.117974 51.494881", "From Belgrove Street , King's Cross to Lambeth Road, Vauxhall"
"LINESTRING (-0.075855 51.517475,-0.085634 51.520962", "From Bell Lane, Liverpool Street to Finsbury Square , Moorgate"
"LINESTRING (-0.07813 51.526377,-0.085634 51.520962", "From Shoreditch High Street, Shoreditch to Finsbury Square , Moorgate"
"LINESTRING (-0.092176 51.520044,-0.085634 51.520962", "From Barbican Centre, Barbican to Finsbury Square , Moorgate"
"LINESTRING (-0.053558 51.511066,-0.085634 51.520962", "From Sutton Street, Shadwell to Finsbury Square , Moorgate"
"LINESTRING (-0.13225 51.528833,-0.085634 51.520962", "From Doric Way , Somers Town to Finsbury Square , Moorgate"
"LINESTRING (-0.075459 51.509506,-0.085634 51.520962", "From Tower Gardens , Tower to Finsbury Square , Moorgate"
"LINESTRING (-0.089782 51.53089,-0.085634 51.520962", "From Murray Grove , Hoxton to Finsbury Square , Moorgate"
"LINESTRING (-0.092176 51.520044,-0.085634 51.520962", "From Barbican Centre, Barbican to Finsbury Square , Moorgate"
"LINESTRING (-0.083159 51.500889,-0.085634 51.520962", "From Tyers Gate, Bermondsey to Finsbury Square , Moorgate"
"LINESTRING (-0.147983 51.519167,-0.085634 51.520962", "From New Cavendish Street, Marylebone to Finsbury Square , Moorgate"
"LINESTRING (-0.09315 51.53356,-0.085634 51.520962", "From Eagle Wharf Road, Hoxton to Finsbury Square , Moorgate"
"LINESTRING (-0.099994 51.522853,-0.085634 51.520962", "From Berry Street, Clerkenwell to Finsbury Square , Moorgate"
"LINESTRING (-0.131213 51.513103,-0.085634 51.520962", "From Frith Street, Soho to Finsbury Square , Moorgate"
"LINESTRING (-0.113426 51.503919,-0.085634 51.520962", "From Waterloo Station 2, Waterloo to Finsbury Square , Moorgate"
"LINESTRING (-0.07813 51.526377,-0.085634 51.520962", "From Shoreditch High Street, Shoreditch to Finsbury Square , Moorgate"
"LINESTRING (-0.087262 51.506304,-0.085634 51.520962", "From Duke Street Hill, London Bridge to Finsbury Square , Moorgate"
"LINESTRING (-0.073955 51.526293,-0.085634 51.520962", "From Palissy Street, Shoreditch to Finsbury Square , Moorgate"
"LINESTRING (-0.087262 51.506304,-0.085634 51.520962", "From Duke Street Hill, London Bridge to Finsbury Square , Moorgate"
"LINESTRING (-0.09315 51.53356,-0.085634 51.520962", "From Eagle Wharf Road, Hoxton to Finsbury Square , Moorgate"
"LINESTRING (-0.112824 51.503791,-0.085634 51.520962", "From Waterloo Station 3, Waterloo to Finsbury Square , Moorgate"
"LINESTRING (-0.107927 51.513821,-0.085634 51.520962", "From Bouverie Street, Temple to Finsbury Square , Moorgate"
"LINESTRING (-0.096317 51.526008,-0.085634 51.520962", "From Finsbury Leisure Centre, St. Luke's to Finsbury Square , Moorgate"
"LINESTRING (-0.101026 51.528246,-0.085634 51.520962", "From Goswell Road (City Uni), Finsbury to Finsbury Square , Moorgate"
"LINESTRING (-0.112824 51.503791,-0.085634 51.520962", "From Waterloo Station 3, Waterloo to Finsbury Square , Moorgate"
"LINESTRING (-0.06142 51.532091,-0.085634 51.520962", "From Pritchard's Road, Bethnal Green to Finsbury Square , Moorgate"
"LINESTRING (-0.115533 51.504942,-0.085634 51.520962", "From Concert Hall Approach 2, South Bank to Finsbury Square , Moorgate"
"LINESTRING (-0.120202 51.523346,-0.085634 51.520962", "From Guilford Street , Bloomsbury to Finsbury Square , Moorgate"
"LINESTRING (-0.103078 51.511934,-0.085634 51.520962", "From Blackfriars Station, St. Paul's to Finsbury Square , Moorgate"
"LINESTRING (-0.06142 51.532091,-0.085634 51.520962", "From Pritchard's Road, Bethnal Green to Finsbury Square , Moorgate"
"LINESTRING (-0.067937 51.51793,-0.085634 51.520962", "From Old Montague Street, Whitechapel to Finsbury Square , Moorgate"
"LINESTRING (-0.101026 51.528246,-0.085634 51.520962", "From Goswell Road (City Uni), Finsbury to Finsbury Square , Moorgate"
"LINESTRING (-0.119643 51.511756,-0.085634 51.520962", "From Wellington Street , Strand to Finsbury Square , Moorgate"
"LINESTRING (-0.102208 51.526153,-0.085634 51.520962", "From Percival Street, Finsbury to Finsbury Square , Moorgate"
"LINESTRING (-0.102757 51.536384,-0.085634 51.520962", "From Islington Green, Angel to Finsbury Square , Moorgate"
"LINESTRING (-0.090847 51.525893,-0.085634 51.520962", "From Bath Street, St. Luke's to Finsbury Square , Moorgate"
"LINESTRING (-0.109256 51.526443,-0.085634 51.520962", "From Tysoe Street, Clerkenwell to Finsbury Square , Moorgate"
"LINESTRING (-0.084439 51.524696,-0.085634 51.520962", "From Leonard Circus , Shoreditch to Finsbury Square , Moorgate"
"LINESTRING (-0.092176 51.520044,-0.085634 51.520962", "From Barbican Centre, Barbican to Finsbury Square , Moorgate"
"LINESTRING (-0.098497 51.503688,-0.085634 51.520962", "From Union Street, The Borough to Finsbury Square , Moorgate"
"LINESTRING (-0.029138 51.516196,-0.085634 51.520962", "From Burdett Road, Mile End to Finsbury Square , Moorgate"
"LINESTRING (-0.123616 51.529943,-0.085634 51.520962", "From Belgrove Street , King's Cross to Finsbury Square , Moorgate"
"LINESTRING (-0.020157 51.499041,-0.085634 51.520962", "From Lightermans Road, Millwall to Finsbury Square , Moorgate"
"LINESTRING (-0.111781 51.533319,-0.085634 51.520962", "From Risinghill Street, Angel to Finsbury Square , Moorgate"
"LINESTRING (-0.086379 51.534042,-0.085634 51.520962", "From Shoreditch Park, Hoxton to Finsbury Square , Moorgate"
"LINESTRING (-0.131213 51.513103,-0.085634 51.520962", "From Frith Street, Soho to Finsbury Square , Moorgate"
"LINESTRING (-0.08249 51.53558,-0.085634 51.520962", "From Pitfield Street North,Hoxton to Finsbury Square , Moorgate"
"LINESTRING (-0.087262 51.506304,-0.085634 51.520962", "From Duke Street Hill, London Bridge to Finsbury Square , Moorgate"
"LINESTRING (-0.17677 51.530889,-0.147203 51.515308", "From Grove End Road, St. John's Wood to Chapel Place, Marylebone"
"LINESTRING (-0.09885 51.515418,-0.147203 51.515308", "From Newgate Street , St. Paul's to Chapel Place, Marylebone"
"LINESTRING (-0.18119 51.490945,-0.147203 51.515308", "From Old Brompton Road, South Kensington to Chapel Place, Marylebone"
"LINESTRING (-0.13225 51.528833,-0.147203 51.515308", "From Doric Way , Somers Town to Chapel Place, Marylebone"
"LINESTRING (-0.123616 51.529943,-0.147203 51.515308", "From Belgrove Street , King's Cross to Chapel Place, Marylebone"
"LINESTRING (-0.151926 51.516814,-0.147203 51.515308", "From Hinde Street, Marylebone to Chapel Place, Marylebone"
"LINESTRING (-0.139174 51.533019,-0.147203 51.515308", "From Harrington Square 1, Camden Town to Chapel Place, Marylebone"
"LINESTRING (-0.120202 51.523346,-0.147203 51.515308", "From Guilford Street , Bloomsbury to Chapel Place, Marylebone"
"LINESTRING (-0.136039 51.519914,-0.147203 51.515308", "From Scala Street, Fitzrovia to Chapel Place, Marylebone"
"LINESTRING (-0.131161 51.52505,-0.147203 51.515308", "From Taviton Street, Bloomsbury to Chapel Place, Marylebone"
"LINESTRING (-0.138846 51.510048,-0.147203 51.515308", "From Sackville Street, Mayfair to Chapel Place, Marylebone"
"LINESTRING (-0.191462 51.501364,-0.147203 51.515308", "From Derry Street, Kensington to Chapel Place, Marylebone"
"LINESTRING (-0.113426 51.503919,-0.147203 51.515308", "From Waterloo Station 2, Waterloo to Chapel Place, Marylebone"
"LINESTRING (-0.171103 51.518268,-0.147203 51.515308", "From St Mary's Hospital, Paddington to Chapel Place, Marylebone"
"LINESTRING (-0.191462 51.501364,-0.147203 51.515308", "From Derry Street, Kensington to Chapel Place, Marylebone"
"LINESTRING (-0.089659 51.52548,-0.147203 51.515308", "From Old Street Station, St. Luke's to Chapel Place, Marylebone"
"LINESTRING (-0.134621 51.507424,-0.147203 51.515308", "From St. James's Square, St. James's to Chapel Place, Marylebone"
"LINESTRING (-0.144083 51.525595,-0.147203 51.515308", "From Longford Street, The Regent's Park to Chapel Place, Marylebone"
"LINESTRING (-0.162298 51.522511,-0.147203 51.515308", "From Boston Place, Marylebone to Chapel Place, Marylebone"
"LINESTRING (-0.115533 51.504942,-0.147203 51.515308", "From Concert Hall Approach 2, South Bank to Chapel Place, Marylebone"
"LINESTRING (-0.148105 51.514759,-0.147203 51.515308", "From Marylebone Lane, Marylebone to Chapel Place, Marylebone"
"LINESTRING (-0.191462 51.501364,-0.147203 51.515308", "From Derry Street, Kensington to Chapel Place, Marylebone"
"LINESTRING (-0.122502 51.523951,-0.147203 51.515308", "From Brunswick Square, Bloomsbury to Chapel Place, Marylebone"
"LINESTRING (-0.17977 51.51348,-0.147203 51.515308", "From Devonshire Terrace, Bayswater to Chapel Place, Marylebone"
"LINESTRING (-0.17977 51.51348,-0.147203 51.515308", "From Devonshire Terrace, Bayswater to Chapel Place, Marylebone"
"LINESTRING (-0.09315 51.53356,-0.147203 51.515308", "From Eagle Wharf Road, Hoxton to Chapel Place, Marylebone"
"LINESTRING (-0.200838 51.514311,-0.147203 51.515308", "From Turquoise Island, Notting Hill to Chapel Place, Marylebone"
"LINESTRING (-0.130699 51.50777,-0.147203 51.515308", "From Pall Mall East, West End to Chapel Place, Marylebone"
"LINESTRING (-0.132328 51.515631,-0.147203 51.515308", "From Soho Square , Soho to Chapel Place, Marylebone"
"LINESTRING (-0.147203 51.515308,-0.147203 51.515308", "From Chapel Place, Marylebone to Chapel Place, Marylebone"
"LINESTRING (-0.121723 51.510701,-0.147203 51.515308", "From Southampton Street, Strand to Chapel Place, Marylebone"
"LINESTRING (-0.123616 51.529943,-0.147203 51.515308", "From Belgrove Street , King's Cross to Chapel Place, Marylebone"
"LINESTRING (-0.158963 51.524517,-0.147203 51.515308", "From Park Road (Baker Street), The Regent's Park to Chapel Place, Marylebone"
"LINESTRING (-0.124678 51.51908,-0.147203 51.515308", "From British Museum, Bloomsbury to Chapel Place, Marylebone"
"LINESTRING (-0.097122 51.529423,-0.147203 51.515308", "From Macclesfield Rd, St Lukes to Chapel Place, Marylebone"
"LINESTRING (-0.145211 51.520715,-0.147203 51.515308", "From Portland Place, Marylebone to Chapel Place, Marylebone"
"LINESTRING (-0.191462 51.501364,-0.147203 51.515308", "From Derry Street, Kensington to Chapel Place, Marylebone"
"LINESTRING (-0.123616 51.529943,-0.147203 51.515308", "From Belgrove Street , King's Cross to Chapel Place, Marylebone"
"LINESTRING (-0.16862 51.53256,-0.147203 51.515308", "From Greenberry Street, St.John's Wood to Chapel Place, Marylebone"
"LINESTRING (-0.111435 51.48894,-0.147203 51.515308", "From Kennington Cross, Kennington to Chapel Place, Marylebone"
"LINESTRING (-0.200838 51.514311,-0.147203 51.515308", "From Turquoise Island, Notting Hill to Chapel Place, Marylebone"
"LINESTRING (-0.124749 51.509462,-0.147203 51.515308", "From William IV Street, Strand to Chapel Place, Marylebone"
"LINESTRING (-0.161203 51.496886,-0.147203 51.515308", "From Pont Street, Knightsbridge to Chapel Place, Marylebone"
"LINESTRING (-0.14296 51.497998,-0.147203 51.515308", "From Warwick Row, Westminster to Chapel Place, Marylebone"
"LINESTRING (-0.162298 51.522511,-0.147203 51.515308", "From Boston Place, Marylebone to Chapel Place, Marylebone"
"LINESTRING (-0.176645 51.518622,-0.147203 51.515308", "From North Wharf Road, Paddington to Chapel Place, Marylebone"
"LINESTRING (-0.13151 51.509639,-0.147203 51.515308", "From Panton Street, West End to Chapel Place, Marylebone"
"LINESTRING (-0.193068 51.500397,-0.198286 51.493724", "From Wright's Lane, Kensington to West Cromwell Road, Earl's Court"
"LINESTRING (-0.202038 51.48357,-0.198286 51.493724", "From Coomer Place, West Kensington to West Cromwell Road, Earl's Court"
"LINESTRING (-0.18267 51.494185,-0.198286 51.493724", "From Gloucester Road Station, South Kensington to West Cromwell Road, Earl's Court"
"LINESTRING (-0.087587 51.514441,-0.198286 51.493724", "From Bank of England Museum, Bank to West Cromwell Road, Earl's Court"
"LINESTRING (-0.185273 51.481765,-0.198286 51.493724", "From Hortensia Road, West Brompton to West Cromwell Road, Earl's Court"
"LINESTRING (-0.223868 51.496664,-0.198286 51.493724", "From Little Brook Green, Brook Green to West Cromwell Road, Earl's Court"
"LINESTRING (-0.116542 51.504636,-0.198286 51.493724", "From Jubilee Gardens, South Bank to West Cromwell Road, Earl's Court"
"LINESTRING (-0.179077 51.495592,-0.198286 51.493724", "From Natural History Museum, South Kensington to West Cromwell Road, Earl's Court"
"LINESTRING (-0.192369 51.491593,-0.198286 51.493724", "From Penywern Road, Earl's Court to West Cromwell Road, Earl's Court"
"LINESTRING (-0.173715 51.491211,-0.198286 51.493724", "From Sumner Place, South Kensington to West Cromwell Road, Earl's Court"
"LINESTRING (-0.132224 51.49206,-0.198286 51.493724", "From Regency Street, Westminster to West Cromwell Road, Earl's Court"
"LINESTRING (-0.21985 51.493267,-0.198286 51.493724", "From Hammersmith Road, Hammersmith to West Cromwell Road, Earl's Court"
"LINESTRING (-0.226606 51.488108,-0.198286 51.493724", "From Crisp Road, Hammersmith to West Cromwell Road, Earl's Court"
"LINESTRING (-0.205284 51.496712,-0.198286 51.493724", "From Warwick Road, Olympia to West Cromwell Road, Earl's Court"
"LINESTRING (-0.174554 51.499917,-0.198286 51.493724", "From Exhibition Road, Knightsbridge to West Cromwell Road, Earl's Court"
"LINESTRING (-0.202038 51.48357,-0.198286 51.493724", "From Coomer Place, West Kensington to West Cromwell Road, Earl's Court"
"LINESTRING (-0.192369 51.491593,-0.198286 51.493724", "From Penywern Road, Earl's Court to West Cromwell Road, Earl's Court"
"LINESTRING (-0.185296 51.495362,-0.198286 51.493724", "From Emperor's Gate, South Kensington to West Cromwell Road, Earl's Court"
"LINESTRING (-0.173693 51.495948,-0.198286 51.493724", "From Exhibition Road Museums 2, South Kensington to West Cromwell Road, Earl's Court"
"LINESTRING (-0.173693 51.495948,-0.198286 51.493724", "From Exhibition Road Museums 2, South Kensington to West Cromwell Road, Earl's Court"
"LINESTRING (-0.142844 51.506613,-0.161203 51.496886", "From Green Park Station, Mayfair to Pont Street, Knightsbridge"
"LINESTRING (-0.147203 51.515308,-0.161203 51.496886", "From Chapel Place, Marylebone to Pont Street, Knightsbridge"
"LINESTRING (-0.140947 51.49616,-0.161203 51.496886", "From Ashley Place, Victoria to Pont Street, Knightsbridge"
"LINESTRING (-0.14296 51.497998,-0.161203 51.496886", "From Warwick Row, Westminster to Pont Street, Knightsbridge"
"LINESTRING (-0.150905 51.496544,-0.161203 51.496886", "From Eaton Square, Belgravia to Pont Street, Knightsbridge"
"LINESTRING (-0.183834 51.497924,-0.161203 51.496886", "From Gloucester Road (North), Kensington to Pont Street, Knightsbridge"
"LINESTRING (-0.163347 51.474392,-0.161203 51.496886", "From Albert Bridge Road, Battersea Park to Pont Street, Knightsbridge"
"LINESTRING (-0.167894 51.493184,-0.161203 51.496886", "From Sloane Avenue, Knightsbridge to Pont Street, Knightsbridge"
"LINESTRING (-0.164393 51.516517,-0.161203 51.496886", "From Nutford Place, Marylebone to Pont Street, Knightsbridge"
"LINESTRING (-0.157275 51.510017,-0.161203 51.496886", "From Park Lane , Hyde Park to Pont Street, Knightsbridge"
"LINESTRING (-0.166221 51.490714,-0.161203 51.496886", "From Chelsea Green, Chelsea to Pont Street, Knightsbridge"
"LINESTRING (-0.117619 51.509943,-0.161203 51.496886", "From Somerset House, Strand to Pont Street, Knightsbridge"
"LINESTRING (-0.178433 51.492479,-0.161203 51.496886", "From Queen's Gate (South), South Kensington to Pont Street, Knightsbridge"
"LINESTRING (-0.112824 51.503791,-0.161203 51.496886", "From Waterloo Station 3, Waterloo to Pont Street, Knightsbridge"
"LINESTRING (-0.139625 51.490962,-0.161203 51.496886", "From Gloucester Street, Pimlico to Pont Street, Knightsbridge"
"LINESTRING (-0.216305 51.483356,-0.161203 51.496886", "From Everington Street, Fulham to Pont Street, Knightsbridge"
"LINESTRING (-0.147857 51.477966,-0.161203 51.496886", "From Gas Holders, Battersea Park to Pont Street, Knightsbridge"
"LINESTRING (-0.179369 51.487196,-0.161203 51.496886", "From Drayton Gardens, West Chelsea to Pont Street, Knightsbridge"
"LINESTRING (-0.179668 51.511654,-0.161203 51.496886", "From Lancaster Gate , Bayswater to Pont Street, Knightsbridge"
"LINESTRING (-0.156166 51.518913,-0.161203 51.496886", "From Baker Street, Marylebone to Pont Street, Knightsbridge"
"LINESTRING (-0.167894 51.493184,-0.161203 51.496886", "From Sloane Avenue, Knightsbridge to Pont Street, Knightsbridge"
"LINESTRING (-0.151926 51.516814,-0.161203 51.496886", "From Hinde Street, Marylebone to Pont Street, Knightsbridge"
"LINESTRING (-0.145904 51.507069,-0.161203 51.496886", "From Curzon Street, Mayfair to Pont Street, Knightsbridge"
"LINESTRING (-0.183165 51.474665,-0.161203 51.496886", "From Imperial Wharf Station, Sands End to Pont Street, Knightsbridge"
"LINESTRING (-0.158105 51.494645,-0.161203 51.496886", "From Cadogan Place, Knightsbridge to Pont Street, Knightsbridge"
"LINESTRING (-0.157275 51.510017,-0.161203 51.496886", "From Park Lane , Hyde Park to Pont Street, Knightsbridge"
"LINESTRING (-0.153233 51.490959,-0.161203 51.496886", "From Bourne Street, Belgravia to Pont Street, Knightsbridge"
"LINESTRING (-0.126874 51.47787,-0.161203 51.496886", "From Hartington Road, Stockwell to Pont Street, Knightsbridge"
"LINESTRING (-0.151926 51.516814,-0.161203 51.496886", "From Hinde Street, Marylebone to Pont Street, Knightsbridge"
"LINESTRING (-0.113134 51.483145,-0.111435 51.48894", "From Kennington Oval, Oval to Kennington Cross, Kennington"
"LINESTRING (-0.093913 51.496791,-0.111435 51.48894", "From Dickens Square, Borough to Kennington Cross, Kennington"
"LINESTRING (-0.119643 51.511756,-0.111435 51.48894", "From Wellington Street , Strand to Kennington Cross, Kennington"
"LINESTRING (-0.195777 51.479463,-0.111435 51.48894", "From Erin Close, Walham Green to Kennington Cross, Kennington"
"LINESTRING (-0.21186 51.483217,-0.111435 51.48894", "From Humbolt Road, Fulham to Kennington Cross, Kennington"
"LINESTRING (-0.119643 51.511756,-0.111435 51.48894", "From Wellington Street , Strand to Kennington Cross, Kennington"
"LINESTRING (-0.111257 51.514274,-0.111435 51.48894", "From Chancery Lane, Holborn to Kennington Cross, Kennington"
"LINESTRING (-0.09315 51.53356,-0.111435 51.48894", "From Eagle Wharf Road, Hoxton to Kennington Cross, Kennington"
"LINESTRING (-0.126021 51.508103,-0.111435 51.48894", "From Craven Street, Strand to Kennington Cross, Kennington"
"LINESTRING (-0.113936 51.500139,-0.111435 51.48894", "From Lower Marsh, Waterloo to Kennington Cross, Kennington"
"LINESTRING (-0.156876 51.49313,-0.111435 51.48894", "From Sedding Street, Sloane Square to Kennington Cross, Kennington"
"LINESTRING (-0.122492 51.486343,-0.111435 51.48894", "From Kennington Lane Rail Bridge, Vauxhall to Kennington Cross, Kennington"
"LINESTRING (-0.117495 51.498241,-0.111435 51.48894", "From Archbishop's Park, Waterloo to Kennington Cross, Kennington"
"LINESTRING (-0.081608 51.497855,-0.111435 51.48894", "From Bermondsey Street, Bermondsey to Kennington Cross, Kennington"
"LINESTRING (-0.087262 51.506304,-0.111435 51.48894", "From Duke Street Hill, London Bridge to Kennington Cross, Kennington"
"LINESTRING (-0.122492 51.486343,-0.111435 51.48894", "From Kennington Lane Rail Bridge, Vauxhall to Kennington Cross, Kennington"
"LINESTRING (-0.117495 51.498241,-0.111435 51.48894", "From Archbishop's Park, Waterloo to Kennington Cross, Kennington"
"LINESTRING (-0.111257 51.514274,-0.111435 51.48894", "From Chancery Lane, Holborn to Kennington Cross, Kennington"
"LINESTRING (-0.13151 51.509639,-0.111435 51.48894", "From Panton Street, West End to Kennington Cross, Kennington"
"LINESTRING (-0.098341 51.505409,-0.111435 51.48894", "From Southwark Street, Bankside to Kennington Cross, Kennington"
"LINESTRING (-0.08974 51.500823,-0.111435 51.48894", "From Empire Square, The Borough to Kennington Cross, Kennington"
"LINESTRING (-0.086685 51.517075,-0.111435 51.48894", "From Finsbury Circus, Liverpool Street to Kennington Cross, Kennington"
"LINESTRING (-0.124469 51.485917,-0.111435 51.48894", "From Vauxhall Cross, Vauxhall to Kennington Cross, Kennington"
"LINESTRING (-0.110699 51.501444,-0.111435 51.48894", "From Baylis Road, Waterloo to Kennington Cross, Kennington"
"LINESTRING (-0.109256 51.526443,-0.111435 51.48894", "From Tysoe Street, Clerkenwell to Kennington Cross, Kennington"
"LINESTRING (-0.091773 51.504627,-0.111435 51.48894", "From Hop Exchange, The Borough to Kennington Cross, Kennington"
"LINESTRING (-0.069542 51.512363,-0.111435 51.48894", "From Leman Street, Aldgate to Kennington Cross, Kennington"
"LINESTRING (-0.084439 51.524696,-0.111435 51.48894", "From Leonard Circus , Shoreditch to Kennington Cross, Kennington"
"LINESTRING (-0.117863 51.515208,-0.111435 51.48894", "From Sardinia Street, Holborn to Kennington Cross, Kennington"
"LINESTRING (-0.113656 51.505354,-0.111435 51.48894", "From Waterloo Bridge, South Bank to Kennington Cross, Kennington"
"LINESTRING (-0.113656 51.505354,-0.111435 51.48894", "From Waterloo Bridge, South Bank to Kennington Cross, Kennington"
"LINESTRING (-0.122492 51.486343,-0.111435 51.48894", "From Kennington Lane Rail Bridge, Vauxhall to Kennington Cross, Kennington"
"LINESTRING (-0.117495 51.498241,-0.111435 51.48894", "From Archbishop's Park, Waterloo to Kennington Cross, Kennington"
"LINESTRING (-0.099828 51.493146,-0.111435 51.48894", "From Strata, Elephant & Castle to Kennington Cross, Kennington"
"LINESTRING (-0.141423 51.514499,-0.111435 51.48894", "From Little Argyll Street, West End to Kennington Cross, Kennington"
"LINESTRING (-0.116625 51.486965,-0.111435 51.48894", "From Vauxhall Street, Vauxhall to Kennington Cross, Kennington"
"LINESTRING (-0.085814 51.495061,-0.111435 51.48894", "From Bricklayers Arms, Borough to Kennington Cross, Kennington"
"LINESTRING (-0.130431 51.52168,-0.111435 51.48894", "From Malet Street, Bloomsbury to Kennington Cross, Kennington"
"LINESTRING (-0.141923 51.489856,-0.111435 51.48894", "From Warwick Square, Pimlico to Kennington Cross, Kennington"
"LINESTRING (-0.099828 51.493146,-0.111435 51.48894", "From Strata, Elephant & Castle to Kennington Cross, Kennington"
"LINESTRING (-0.110699 51.501444,-0.111435 51.48894", "From Baylis Road, Waterloo to Kennington Cross, Kennington"
"LINESTRING (-0.120903 51.488124,-0.111435 51.48894", "From Vauxhall Walk, Vauxhall to Kennington Cross, Kennington"
"LINESTRING (-0.121394 51.493699,-0.111435 51.48894", "From Fire Brigade Pier, Vauxhall to Kennington Cross, Kennington"
"LINESTRING (-0.132102 51.498125,-0.111435 51.48894", "From Abbey Orchard Street, Westminster to Kennington Cross, Kennington"
"LINESTRING (-0.122831 51.472509,-0.111435 51.48894", "From Binfield Road, Stockwell to Kennington Cross, Kennington"
"LINESTRING (-0.110699 51.501444,-0.111435 51.48894", "From Baylis Road, Waterloo to Kennington Cross, Kennington"
"LINESTRING (-0.147478 51.492369,-0.111435 51.48894", "From Elizabeth Bridge, Victoria to Kennington Cross, Kennington"
"LINESTRING (-0.215895 51.476885,-0.202759 51.500743", "From Finlay Street, Fulham to Ilchester Place, Kensington"
"LINESTRING (-0.193068 51.500397,-0.202759 51.500743", "From Wright's Lane, Kensington to Ilchester Place, Kensington"
"LINESTRING (-0.08497 51.50964,-0.129361 51.488365", "From Monument Street, Monument to Vauxhall Bridge , Pimlico"
"LINESTRING (-0.183853 51.480898,-0.129361 51.488365", "From Thorndike Close, West Chelsea to Vauxhall Bridge , Pimlico"
"LINESTRING (-0.137043 51.511897,-0.129361 51.488365", "From Golden Square, Soho to Vauxhall Bridge , Pimlico"
"LINESTRING (-0.111778 51.515937,-0.129361 51.488365", "From Breams Buildings, Holborn to Vauxhall Bridge , Pimlico"
"LINESTRING (-0.16716 51.47518,-0.129361 51.488365", "From Surrey Lane, Battersea to Vauxhall Bridge , Pimlico"
"LINESTRING (-0.176267 51.472876,-0.129361 51.488365", "From Vicarage Crescent, Battersea to Vauxhall Bridge , Pimlico"
"LINESTRING (-0.131773 51.506633,-0.129361 51.488365", "From Waterloo Place, St. James's to Vauxhall Bridge , Pimlico"
"LINESTRING (-0.111257 51.514274,-0.129361 51.488365", "From Chancery Lane, Holborn to Vauxhall Bridge , Pimlico"
"LINESTRING (-0.147203 51.515308,-0.129361 51.488365", "From Chapel Place, Marylebone to Vauxhall Bridge , Pimlico"
"LINESTRING (-0.155525 51.516204,-0.129361 51.488365", "From Portman Square, Marylebone to Vauxhall Bridge , Pimlico"
"LINESTRING (-0.129361 51.488365,-0.129361 51.488365", "From Vauxhall Bridge , Pimlico to Vauxhall Bridge , Pimlico"
"LINESTRING (-0.140741 51.488057,-0.129361 51.488365", "From Alderney Street, Pimlico to Vauxhall Bridge , Pimlico"
"LINESTRING (-0.088285 51.519069,-0.129361 51.488365", "From Moorfields, Moorgate to Vauxhall Bridge , Pimlico"
"LINESTRING (-0.158249 51.516892,-0.129361 51.488365", "From George Place Mews, Marylebone to Vauxhall Bridge , Pimlico"
"LINESTRING (-0.134407 51.526236,-0.129361 51.488365", "From Euston Road, Euston to Vauxhall Bridge , Pimlico"
"LINESTRING (-0.122806 51.490435,-0.129361 51.488365", "From Albert Embankment, Vauxhall to Vauxhall Bridge , Pimlico"
"LINESTRING (-0.157275 51.510017,-0.129361 51.488365", "From Park Lane , Hyde Park to Vauxhall Bridge , Pimlico"
"LINESTRING (-0.15823 51.46879,-0.138364 51.492111", "From Holden Street, Battersea to Tachbrook Street, Victoria"
"LINESTRING (-0.129697 51.509087,-0.138364 51.492111", "From St. Martin's Street, West End to Tachbrook Street, Victoria"
"LINESTRING (-0.083632 51.502153,-0.138364 51.492111", "From Snowsfields, London Bridge to Tachbrook Street, Victoria"
"LINESTRING (-0.14296 51.497998,-0.138364 51.492111", "From Warwick Row, Westminster to Tachbrook Street, Victoria"
"LINESTRING (-0.130699 51.50777,-0.138364 51.492111", "From Pall Mall East, West End to Tachbrook Street, Victoria"
"LINESTRING (-0.144132 51.493204,-0.138364 51.492111", "From Belgrave Road, Victoria to Tachbrook Street, Victoria"
"LINESTRING (-0.129925 51.493072,-0.138364 51.492111", "From Vincent Street, Pimlico to Tachbrook Street, Victoria"
"LINESTRING (-0.129925 51.493072,-0.138364 51.492111", "From Vincent Street, Pimlico to Tachbrook Street, Victoria"
"LINESTRING (-0.068981 51.498585,-0.138364 51.492111", "From George Row, Bermondsey to Tachbrook Street, Victoria"
"LINESTRING (-0.105312 51.504043,-0.138364 51.492111", "From Southwark Station 1, Southwark to Tachbrook Street, Victoria"
"LINESTRING (-0.155442 51.474376,-0.138364 51.492111", "From Austin Road, Battersea Park to Tachbrook Street, Victoria"
"LINESTRING (-0.123179 51.506543,-0.138364 51.492111", "From Whitehall Place, Strand to Tachbrook Street, Victoria"
"LINESTRING (-0.132224 51.49206,-0.138364 51.492111", "From Regency Street, Westminster to Tachbrook Street, Victoria"
"LINESTRING (-0.085666 51.499075,-0.138364 51.492111", "From Long Lane , Bermondsey to Tachbrook Street, Victoria"
"LINESTRING (-0.132102 51.498125,-0.138364 51.492111", "From Abbey Orchard Street, Westminster to Tachbrook Street, Victoria"
"LINESTRING (-0.138733 51.496753,-0.138364 51.492111", "From Howick Place, Westminster to Tachbrook Street, Victoria"
"LINESTRING (-0.129925 51.493072,-0.138364 51.492111", "From Vincent Street, Pimlico to Tachbrook Street, Victoria"
"LINESTRING (-0.124642 51.481747,-0.138364 51.492111", "From South Lambeth Road, Vauxhall to Tachbrook Street, Victoria"
"LINESTRING (-0.083632 51.502153,-0.138364 51.492111", "From Snowsfields, London Bridge to Tachbrook Street, Victoria"
"LINESTRING (-0.147714 51.483507,-0.138364 51.492111", "From Battersea Power Station, Battersea Park to Tachbrook Street, Victoria"
"LINESTRING (-0.092762 51.500296,-0.138364 51.492111", "From Swan Street, The Borough to Tachbrook Street, Victoria"
"LINESTRING (-0.130699 51.50777,-0.110683 51.484788", "From Pall Mall East, West End to Kennington Road Post Office, Oval"
"LINESTRING (-0.10834 51.52352,-0.110683 51.484788", "From Farringdon Lane, Clerkenwell to Kennington Road Post Office, Oval"
"LINESTRING (-0.075901 51.531091,-0.110683 51.484788", "From Hoxton Station, Hoxton to Kennington Road Post Office, Oval"
"LINESTRING (-0.127554 51.493978,-0.110683 51.484788", "From Page Street, Westminster to Kennington Road Post Office, Oval"
"LINESTRING (-0.124642 51.481747,-0.110683 51.484788", "From South Lambeth Road, Vauxhall to Kennington Road Post Office, Oval"
"LINESTRING (-0.101536 51.49217,-0.110683 51.484788", "From Hampton Street, Walworth to Kennington Road Post Office, Oval"
"LINESTRING (-0.200804 51.520509,-0.110683 51.484788", "From The Metropolitan, Portobello to Kennington Road Post Office, Oval"
"LINESTRING (-0.116625 51.486965,-0.110683 51.484788", "From Vauxhall Street, Vauxhall to Kennington Road Post Office, Oval"
"LINESTRING (-0.106323 51.490757,-0.110683 51.484788", "From Cotton Garden Estate, Kennington to Kennington Road Post Office, Oval"
"LINESTRING (-0.09022 51.491484,-0.110683 51.484788", "From Rodney Road , Walworth to Kennington Road Post Office, Oval"
"LINESTRING (-0.122492 51.486343,-0.110683 51.484788", "From Kennington Lane Rail Bridge, Vauxhall to Kennington Road Post Office, Oval"
"LINESTRING (-0.110889 51.495718,-0.110683 51.484788", "From Kennington Road  , Vauxhall to Kennington Road Post Office, Oval"
"LINESTRING (-0.144165 51.510736,-0.110683 51.484788", "From Bruton Street, Mayfair to Kennington Road Post Office, Oval"
"LINESTRING (-0.086685 51.517075,-0.110683 51.484788", "From Finsbury Circus, Liverpool Street to Kennington Road Post Office, Oval"
"LINESTRING (-0.116628 51.500089,-0.110683 51.484788", "From Lambeth Palace Road, Waterloo to Kennington Road Post Office, Oval"
"LINESTRING (-0.200804 51.520509,-0.110683 51.484788", "From The Metropolitan, Portobello to Kennington Road Post Office, Oval"
"LINESTRING (-0.098497 51.503688,-0.110683 51.484788", "From Union Street, The Borough to Kennington Road Post Office, Oval"
"LINESTRING (-0.110889 51.495718,-0.110683 51.484788", "From Kennington Road  , Vauxhall to Kennington Road Post Office, Oval"
"LINESTRING (-0.11258 51.473874,-0.110683 51.484788", "From Normandy Road, Stockwell to Kennington Road Post Office, Oval"
"LINESTRING (-0.110683 51.484788,-0.110683 51.484788", "From Kennington Road Post Office, Oval to Kennington Road Post Office, Oval"
"LINESTRING (-0.116493 51.477839,-0.110683 51.484788", "From Caldwell Street, Stockwell to Kennington Road Post Office, Oval"
"LINESTRING (-0.116542 51.504636,-0.110683 51.484788", "From Jubilee Gardens, South Bank to Kennington Road Post Office, Oval"
"LINESTRING (-0.200804 51.520509,-0.110683 51.484788", "From The Metropolitan, Portobello to Kennington Road Post Office, Oval"
"LINESTRING (-0.077121 51.511594,-0.110683 51.484788", "From Crosswall, Tower to Kennington Road Post Office, Oval"
"LINESTRING (-0.068161 51.509786,-0.110683 51.484788", "From Dock Street, Wapping to Kennington Road Post Office, Oval"
"LINESTRING (-0.124121 51.523418,-0.110683 51.484788", "From Russell Square Station, Bloomsbury to Kennington Road Post Office, Oval"
"LINESTRING (-0.117122 51.490994,-0.110683 51.484788", "From Black Prince Road, Vauxhall to Kennington Road Post Office, Oval"
"LINESTRING (-0.131773 51.506633,-0.168917 51.497056", "From Waterloo Place, St. James's to Holy Trinity Brompton, Knightsbridge"
"LINESTRING (-0.173715 51.491211,-0.168917 51.497056", "From Sumner Place, South Kensington to Holy Trinity Brompton, Knightsbridge"
"LINESTRING (-0.17581 51.517335,-0.168917 51.497056", "From South Wharf Road, Paddington to Holy Trinity Brompton, Knightsbridge"
"LINESTRING (-0.142844 51.506613,-0.168917 51.497056", "From Green Park Station, Mayfair to Holy Trinity Brompton, Knightsbridge"
"LINESTRING (-0.157436 51.512276,-0.168917 51.497056", "From Green Street, Mayfair to Holy Trinity Brompton, Knightsbridge"
"LINESTRING (-0.149551 51.477619,-0.168917 51.497056", "From Queen's Circus, Battersea Park to Holy Trinity Brompton, Knightsbridge"
"LINESTRING (-0.215895 51.476885,-0.168917 51.497056", "From Finlay Street, Fulham to Holy Trinity Brompton, Knightsbridge"
"LINESTRING (-0.192404 51.496481,-0.168917 51.497056", "From Marloes Road, Kensington to Holy Trinity Brompton, Knightsbridge"
"LINESTRING (-0.18267 51.494185,-0.168917 51.497056", "From Gloucester Road Station, South Kensington to Holy Trinity Brompton, Knightsbridge"
"LINESTRING (-0.149569 51.50274,-0.168917 51.497056", "From Wellington Arch, Hyde Park to Holy Trinity Brompton, Knightsbridge"
"LINESTRING (-0.178732 51.493967,-0.168917 51.497056", "From Queen's Gate (Central), South Kensington to Holy Trinity Brompton, Knightsbridge"
"LINESTRING (-0.170194 51.489716,-0.168917 51.497056", "From St. Luke's Church, Chelsea to Holy Trinity Brompton, Knightsbridge"
"LINESTRING (-0.139956 51.493573,-0.168917 51.497056", "From Queen Mother Sports Centre, Victoria to Holy Trinity Brompton, Knightsbridge"
"LINESTRING (-0.162298 51.522511,-0.168917 51.497056", "From Boston Place, Marylebone to Holy Trinity Brompton, Knightsbridge"
"LINESTRING (-0.077121 51.511594,-0.168917 51.497056", "From Crosswall, Tower to Holy Trinity Brompton, Knightsbridge"
"LINESTRING (-0.161203 51.496886,-0.168917 51.497056", "From Pont Street, Knightsbridge to Holy Trinity Brompton, Knightsbridge"
"LINESTRING (-0.187402 51.51031,-0.168917 51.497056", "From Queensway, Kensington Gardens to Holy Trinity Brompton, Knightsbridge"
"LINESTRING (-0.197524 51.511084,-0.168917 51.497056", "From Pembridge Villas, Notting Hill to Holy Trinity Brompton, Knightsbridge"
"LINESTRING (-0.147624 51.49395,-0.168917 51.497056", "From Eccleston Place, Victoria to Holy Trinity Brompton, Knightsbridge"
"LINESTRING (-0.179369 51.487196,-0.168917 51.497056", "From Drayton Gardens, West Chelsea to Holy Trinity Brompton, Knightsbridge"
"LINESTRING (-0.142844 51.506613,-0.168917 51.497056", "From Green Park Station, Mayfair to Holy Trinity Brompton, Knightsbridge"
"LINESTRING (-0.208485 51.478939,-0.168917 51.497056", "From St. Peter's Terrace, Fulham to Holy Trinity Brompton, Knightsbridge"
"LINESTRING (-0.208485 51.478939,-0.168917 51.497056", "From St. Peter's Terrace, Fulham to Holy Trinity Brompton, Knightsbridge"
"LINESTRING (-0.144165 51.510736,-0.168917 51.497056", "From Bruton Street, Mayfair to Holy Trinity Brompton, Knightsbridge"
"LINESTRING (-0.214428 51.486062,-0.168917 51.497056", "From Greyhound Road, Hammersmith to Holy Trinity Brompton, Knightsbridge"
"LINESTRING (-0.167029 51.460333,-0.168917 51.497056", "From Abyssinia Close, Clapham Junction to Holy Trinity Brompton, Knightsbridge"
"LINESTRING (-0.147624 51.49395,-0.168917 51.497056", "From Eccleston Place, Victoria to Holy Trinity Brompton, Knightsbridge"
"LINESTRING (-0.183834 51.497924,-0.168917 51.497056", "From Gloucester Road (North), Kensington to Holy Trinity Brompton, Knightsbridge"
"LINESTRING (-0.077121 51.511594,-0.168917 51.497056", "From Crosswall, Tower to Holy Trinity Brompton, Knightsbridge"
"LINESTRING (-0.194116 51.479932,-0.168917 51.497056", "From Fulham Broadway, Walham Green to Holy Trinity Brompton, Knightsbridge"
"LINESTRING (-0.131161 51.52505,-0.168917 51.497056", "From Taviton Street, Bloomsbury to Holy Trinity Brompton, Knightsbridge"
"LINESTRING (-0.191462 51.501364,-0.168917 51.497056", "From Derry Street, Kensington to Holy Trinity Brompton, Knightsbridge"
"LINESTRING (-0.178732 51.493967,-0.168917 51.497056", "From Queen's Gate (Central), South Kensington to Holy Trinity Brompton, Knightsbridge"
"LINESTRING (-0.173715 51.491211,-0.168917 51.497056", "From Sumner Place, South Kensington to Holy Trinity Brompton, Knightsbridge"
"LINESTRING (-0.19024 51.515529,-0.201554 51.512136", "From Westbourne Grove, Bayswater to Chepstow Villas, Notting Hill"
"LINESTRING (-0.134621 51.507424,-0.201554 51.512136", "From St. James's Square, St. James's to Chepstow Villas, Notting Hill"
"LINESTRING (-0.211593 51.51323,-0.201554 51.512136", "From Clarendon Road, Avondale to Chepstow Villas, Notting Hill"
"LINESTRING (-0.200838 51.514311,-0.201554 51.512136", "From Turquoise Island, Notting Hill to Chepstow Villas, Notting Hill"
"LINESTRING (-0.196422 51.509353,-0.201554 51.512136", "From Notting Hill Gate Station, Notting Hill to Chepstow Villas, Notting Hill"
"LINESTRING (-0.202608 51.51632,-0.201554 51.512136", "From All Saints Church, Portobello to Chepstow Villas, Notting Hill"
"LINESTRING (-0.187402 51.51031,-0.201554 51.512136", "From Queensway, Kensington Gardens to Chepstow Villas, Notting Hill"
"LINESTRING (-0.158264 51.514577,-0.201554 51.512136", "From Old Quebec Street, Marylebone to Chepstow Villas, Notting Hill"
"LINESTRING (-0.174411 51.511933,-0.201554 51.512136", "From Bayswater Road, Hyde Park to Chepstow Villas, Notting Hill"
"LINESTRING (-0.150905 51.496544,-0.201554 51.512136", "From Eaton Square, Belgravia to Chepstow Villas, Notting Hill"
"LINESTRING (-0.170983 51.486892,-0.201554 51.512136", "From Manresa Road, Chelsea to Chepstow Villas, Notting Hill"
"LINESTRING (-0.073537 51.514233,-0.101536 51.49217", "From Braham Street, Aldgate to Hampton Street, Walworth"
"LINESTRING (-0.100186 51.505817,-0.101536 51.49217", "From Bankside Mix, Bankside to Hampton Street, Walworth"
"LINESTRING (-0.10454 51.505461,-0.101536 51.49217", "From Blackfriars Road, Southwark to Hampton Street, Walworth"
"LINESTRING (-0.099994 51.522853,-0.101536 51.49217", "From Berry Street, Clerkenwell to Hampton Street, Walworth"
"LINESTRING (-0.138231 51.525542,-0.101536 51.49217", "From Hampstead Road, Euston to Hampton Street, Walworth"
"LINESTRING (-0.091773 51.504627,-0.101536 51.49217", "From Hop Exchange, The Borough to Hampton Street, Walworth"
"LINESTRING (-0.120909 51.516128,-0.101536 51.49217", "From Newton Street, Covent Garden to Hampton Street, Walworth"
"LINESTRING (-0.122492 51.486343,-0.101536 51.49217", "From Kennington Lane Rail Bridge, Vauxhall to Hampton Street, Walworth"
"LINESTRING (-0.136123 51.482362,-0.101536 51.49217", "From Riverlight North, Nine Elms to Hampton Street, Walworth"
"LINESTRING (-0.134407 51.526236,-0.101536 51.49217", "From Euston Road, Euston to Hampton Street, Walworth"
"LINESTRING (-0.101536 51.49217,-0.101536 51.49217", "From Hampton Street, Walworth to Hampton Street, Walworth"
"LINESTRING (-0.110683 51.484788,-0.101536 51.49217", "From Kennington Road Post Office, Oval to Hampton Street, Walworth"
"LINESTRING (-0.092754 51.505974,-0.101536 51.49217", "From Park Street, Bankside to Hampton Street, Walworth"
"LINESTRING (-0.164786 51.477292,-0.101536 51.49217", "From Ethelburga Estate, Battersea Park to Hampton Street, Walworth"
"LINESTRING (-0.114934 51.49288,-0.101536 51.49217", "From Lollard Street, Vauxhall to Hampton Street, Walworth"
"LINESTRING (-0.110683 51.484788,-0.101536 51.49217", "From Kennington Road Post Office, Oval to Hampton Street, Walworth"
"LINESTRING (-0.096518 51.491327,-0.101536 51.49217", "From Walworth Square, Walworth to Hampton Street, Walworth"
"LINESTRING (-0.099994 51.522853,-0.101536 51.49217", "From Berry Street, Clerkenwell to Hampton Street, Walworth"
"LINESTRING (-0.120909 51.516128,-0.101536 51.49217", "From Newton Street, Covent Garden to Hampton Street, Walworth"
"LINESTRING (-0.116628 51.500089,-0.101536 51.49217", "From Lambeth Palace Road, Waterloo to Hampton Street, Walworth"
"LINESTRING (-0.140485 51.519181,-0.101536 51.49217", "From Foley Street, Fitzrovia to Hampton Street, Walworth"
"LINESTRING (-0.110121 51.488105,-0.101536 51.49217", "From Cleaver Street, Kennington to Hampton Street, Walworth"
"LINESTRING (-0.051394 51.520893,-0.101536 51.49217", "From Cleveland Way, Stepney to Hampton Street, Walworth"
"LINESTRING (-0.113936 51.500139,-0.101536 51.49217", "From Lower Marsh, Waterloo to Hampton Street, Walworth"
"LINESTRING (-0.126021 51.508103,-0.101536 51.49217", "From Craven Street, Strand to Hampton Street, Walworth"
"LINESTRING (-0.124642 51.481747,-0.101536 51.49217", "From South Lambeth Road, Vauxhall to Hampton Street, Walworth"
"LINESTRING (-0.105593 51.488852,-0.101536 51.49217", "From Kennington Station, Kennington to Hampton Street, Walworth"
"LINESTRING (-0.13011 51.513527,-0.101536 51.49217", "From Moor Street, Soho to Hampton Street, Walworth"
"LINESTRING (-0.099994 51.522853,-0.101536 51.49217", "From Berry Street, Clerkenwell to Hampton Street, Walworth"
"LINESTRING (-0.091773 51.504627,-0.101536 51.49217", "From Hop Exchange, The Borough to Hampton Street, Walworth"
"LINESTRING (-0.114605 51.495656,-0.101536 51.49217", "From Sail Street, Vauxhall to Hampton Street, Walworth"
"LINESTRING (-0.096518 51.491327,-0.101536 51.49217", "From Walworth Square, Walworth to Hampton Street, Walworth"
"LINESTRING (-0.15934 51.500241,-0.101536 51.49217", "From Harriet Street, Knightsbridge to Hampton Street, Walworth"
"LINESTRING (-0.117661 51.482678,-0.101536 51.49217", "From Ashmole Estate, Oval to Hampton Street, Walworth"
"LINESTRING (-0.147857 51.477966,-0.101536 51.49217", "From Gas Holders, Battersea Park to Hampton Street, Walworth"
"LINESTRING (-0.077178 51.514449,-0.101536 51.49217", "From Houndsditch, Aldgate to Hampton Street, Walworth"
"LINESTRING (-0.147301 51.514105,-0.101536 51.49217", "From Woodstock Street, Mayfair to Hampton Street, Walworth"
"LINESTRING (-0.091773 51.504627,-0.101536 51.49217", "From Hop Exchange, The Borough to Hampton Street, Walworth"
"LINESTRING (-0.18267 51.494185,-0.174411 51.511933", "From Gloucester Road Station, South Kensington to Bayswater Road, Hyde Park"
"LINESTRING (-0.173757 51.496471,-0.174411 51.511933", "From Exhibition Road Museums 1, South Kensington to Bayswater Road, Hyde Park"
"LINESTRING (-0.194116 51.479932,-0.174411 51.511933", "From Fulham Broadway, Walham Green to Bayswater Road, Hyde Park"
"LINESTRING (-0.170279 51.506451,-0.174411 51.511933", "From Triangle Car Park, Hyde Park to Bayswater Road, Hyde Park"
"LINESTRING (-0.097441 51.511961,-0.174411 51.511933", "From Queen Victoria Street, St. Paul's to Bayswater Road, Hyde Park"
"LINESTRING (-0.205284 51.496712,-0.174411 51.511933", "From Warwick Road, Olympia to Bayswater Road, Hyde Park"
"LINESTRING (-0.174411 51.511933,-0.174411 51.511933", "From Bayswater Road, Hyde Park to Bayswater Road, Hyde Park"
"LINESTRING (-0.149569 51.50274,-0.174411 51.511933", "From Wellington Arch, Hyde Park to Bayswater Road, Hyde Park"
"LINESTRING (-0.193764 51.508605,-0.174411 51.511933", "From Palace Gardens Terrace, Notting Hill to Bayswater Road, Hyde Park"
"LINESTRING (-0.142345 51.510662,-0.174411 51.511933", "From Clifford Street, Mayfair to Bayswater Road, Hyde Park"
"LINESTRING (-0.179854 51.501715,-0.174411 51.511933", "From Queen's Gate, Kensington Gardens to Bayswater Road, Hyde Park"
"LINESTRING (-0.173715 51.491211,-0.174411 51.511933", "From Sumner Place, South Kensington to Bayswater Road, Hyde Park"
"LINESTRING (-0.175116 51.523353,-0.174411 51.511933", "From Frampton Street, Paddington to Bayswater Road, Hyde Park"
"LINESTRING (-0.116688 51.520596,-0.174411 51.511933", "From Theobald's Road , Holborn to Bayswater Road, Hyde Park"
"LINESTRING (-0.204764 51.519042,-0.174411 51.511933", "From All Saints' Road, Portobello to Bayswater Road, Hyde Park"
"LINESTRING (-0.169774 51.519968,-0.174411 51.511933", "From Edgware Road Station, Marylebone to Bayswater Road, Hyde Park"
"LINESTRING (-0.170279 51.506451,-0.174411 51.511933", "From Triangle Car Park, Hyde Park to Bayswater Road, Hyde Park"
"LINESTRING (-0.205284 51.496712,-0.174411 51.511933", "From Warwick Road, Olympia to Bayswater Road, Hyde Park"
"LINESTRING (-0.126409 51.524,-0.174411 51.511933", "From Coram Street, Bloomsbury to Bayswater Road, Hyde Park"
"LINESTRING (-0.222293 51.501594,-0.174411 51.511933", "From Shepherd's Bush Road North, Shepherd's Bush to Bayswater Road, Hyde Park"
"LINESTRING (-0.148105 51.514759,-0.174411 51.511933", "From Marylebone Lane, Marylebone to Bayswater Road, Hyde Park"
"LINESTRING (-0.191496 51.503157,-0.174411 51.511933", "From Kensington Church Street, Kensington to Bayswater Road, Hyde Park"
"LINESTRING (-0.127575 51.495805,-0.174411 51.511933", "From Smith Square, Westminster to Bayswater Road, Hyde Park"
"LINESTRING (-0.141423 51.514499,-0.174411 51.511933", "From Little Argyll Street, West End to Bayswater Road, Hyde Park"
"LINESTRING (-0.17977 51.51348,-0.174411 51.511933", "From Devonshire Terrace, Bayswater to Bayswater Road, Hyde Park"
"LINESTRING (-0.167894 51.493184,-0.174411 51.511933", "From Sloane Avenue, Knightsbridge to Bayswater Road, Hyde Park"
"LINESTRING (-0.165164 51.514746,-0.174411 51.511933", "From Porchester Place, Paddington to Bayswater Road, Hyde Park"
"LINESTRING (-0.120718 51.511968,-0.174411 51.511933", "From Tavistock Street, Covent Garden to Bayswater Road, Hyde Park"
"LINESTRING (-0.075885 51.536585,-0.174411 51.511933", "From Dunston Road , Haggerston to Bayswater Road, Hyde Park"
"LINESTRING (-0.083935 51.520009,-0.112824 51.503791", "From Sun Street, Liverpool Street to Waterloo Station 3, Waterloo"
"LINESTRING (-0.111014 51.493686,-0.112824 51.503791", "From Walnut Tree Walk, Vauxhall to Waterloo Station 3, Waterloo"
"LINESTRING (-0.09885 51.515418,-0.112824 51.503791", "From Newgate Street , St. Paul's to Waterloo Station 3, Waterloo"
"LINESTRING (-0.09294 51.51397,-0.112824 51.503791", "From Cheapside, Bank to Waterloo Station 3, Waterloo"
"LINESTRING (-0.103132 51.498744,-0.112824 51.503791", "From LSBU (Borough Road), Elephant & Castle to Waterloo Station 3, Waterloo"
"LINESTRING (-0.119123 51.519435,-0.112824 51.503791", "From Red Lion Square, Holborn to Waterloo Station 3, Waterloo"
"LINESTRING (-0.156166 51.518913,-0.112824 51.503791", "From Baker Street, Marylebone to Waterloo Station 3, Waterloo"
"LINESTRING (-0.09308 51.515735,-0.112824 51.503791", "From The Guildhall, Guildhall to Waterloo Station 3, Waterloo"
"LINESTRING (-0.088285 51.519069,-0.112824 51.503791", "From Moorfields, Moorgate to Waterloo Station 3, Waterloo"
"LINESTRING (-0.107987 51.517428,-0.112824 51.503791", "From New Fetter Lane, Holborn to Waterloo Station 3, Waterloo"
"LINESTRING (-0.142783 51.51196,-0.112824 51.503791", "From St. George Street, Mayfair to Waterloo Station 3, Waterloo"
"LINESTRING (-0.09308 51.515735,-0.112824 51.503791", "From The Guildhall, Guildhall to Waterloo Station 3, Waterloo"
"LINESTRING (-0.090847 51.525893,-0.112824 51.503791", "From Bath Street, St. Luke's to Waterloo Station 3, Waterloo"
"LINESTRING (-0.108028 51.518825,-0.112824 51.503791", "From Hatton Garden, Holborn to Waterloo Station 3, Waterloo"
"LINESTRING (-0.142783 51.51196,-0.112824 51.503791", "From St. George Street, Mayfair to Waterloo Station 3, Waterloo"
"LINESTRING (-0.107349 51.511891,-0.112824 51.503791", "From Tallis Street, Temple to Waterloo Station 3, Waterloo"
"LINESTRING (-0.10527 51.515809,-0.112824 51.503791", "From Stonecutter Street, Holborn to Waterloo Station 3, Waterloo"
"LINESTRING (-0.091401 51.518093,-0.112824 51.503791", "From Fore Street Avenue, Guildhall to Waterloo Station 3, Waterloo"
"LINESTRING (-0.082989 51.510484,-0.112824 51.503791", "From Great Tower Street, Monument to Waterloo Station 3, Waterloo"
"LINESTRING (-0.077121 51.511594,-0.112824 51.503791", "From Crosswall, Tower to Waterloo Station 3, Waterloo"
"LINESTRING (-0.08066 51.514225,-0.112824 51.503791", "From St. Mary Axe, Aldgate to Waterloo Station 3, Waterloo"
"LINESTRING (-0.078869 51.521113,-0.112824 51.503791", "From Norton Folgate, Liverpool Street to Waterloo Station 3, Waterloo"
"LINESTRING (-0.083935 51.520009,-0.112824 51.503791", "From Sun Street, Liverpool Street to Waterloo Station 3, Waterloo"
"LINESTRING (-0.089887 51.520858,-0.112824 51.503791", "From Bunhill Row, Moorgate to Waterloo Station 3, Waterloo"
"LINESTRING (-0.139016 51.520994,-0.112824 51.503791", "From Howland Street, Fitzrovia to Waterloo Station 3, Waterloo"
"LINESTRING (-0.09294 51.511553,-0.112824 51.503791", "From Queen Street 1, Bank to Waterloo Station 3, Waterloo"
"LINESTRING (-0.119643 51.511756,-0.112824 51.503791", "From Wellington Street , Strand to Waterloo Station 3, Waterloo"
"LINESTRING (-0.09885 51.515418,-0.112824 51.503791", "From Newgate Street , St. Paul's to Waterloo Station 3, Waterloo"
"LINESTRING (-0.103078 51.511934,-0.112824 51.503791", "From Blackfriars Station, St. Paul's to Waterloo Station 3, Waterloo"
"LINESTRING (-0.147714 51.483507,-0.112824 51.503791", "From Battersea Power Station, Battersea Park to Waterloo Station 3, Waterloo"
"LINESTRING (-0.10454 51.505461,-0.112824 51.503791", "From Blackfriars Road, Southwark to Waterloo Station 3, Waterloo"
"LINESTRING (-0.125674 51.491884,-0.112824 51.503791", "From Millbank Tower, Pimlico to Waterloo Station 3, Waterloo"
"LINESTRING (-0.107349 51.511891,-0.112824 51.503791", "From Tallis Street, Temple to Waterloo Station 3, Waterloo"
"LINESTRING (-0.09294 51.511553,-0.112824 51.503791", "From Queen Street 1, Bank to Waterloo Station 3, Waterloo"
"LINESTRING (-0.142345 51.510662,-0.112824 51.503791", "From Clifford Street, Mayfair to Waterloo Station 3, Waterloo"
"LINESTRING (-0.13011 51.513527,-0.112824 51.503791", "From Moor Street, Soho to Waterloo Station 3, Waterloo"
"LINESTRING (-0.107987 51.517428,-0.112824 51.503791", "From New Fetter Lane, Holborn to Waterloo Station 3, Waterloo"
"LINESTRING (-0.084605 51.521283,-0.112824 51.503791", "From Christopher Street, Liverpool Street to Waterloo Station 3, Waterloo"
"LINESTRING (-0.098031 51.505224,-0.112824 51.503791", "From Lavington Street, Bankside to Waterloo Station 3, Waterloo"
"LINESTRING (-0.084985 51.509301,-0.112824 51.503791", "From Lower Thames Street, Monument to Waterloo Station 3, Waterloo"
"LINESTRING (-0.09644 51.507385,-0.112824 51.503791", "From New Globe Walk, Bankside to Waterloo Station 3, Waterloo"
"LINESTRING (-0.108028 51.518825,-0.112824 51.503791", "From Hatton Garden, Holborn to Waterloo Station 3, Waterloo"
"LINESTRING (-0.102091 51.500693,-0.112824 51.503791", "From Webber Street , Southwark to Waterloo Station 3, Waterloo"
"LINESTRING (-0.082422 51.516154,-0.112824 51.503791", "From Wormwood Street, Liverpool Street to Waterloo Station 3, Waterloo"
"LINESTRING (-0.082422 51.516154,-0.112824 51.503791", "From Wormwood Street, Liverpool Street to Waterloo Station 3, Waterloo"
"LINESTRING (-0.130458 51.494816,-0.112824 51.503791", "From Horseferry Road, Westminster to Waterloo Station 3, Waterloo"
"LINESTRING (-0.108657 51.51795,-0.112824 51.503791", "From Holborn Circus, Holborn to Waterloo Station 3, Waterloo"
"LINESTRING (-0.108657 51.51795,-0.112824 51.503791", "From Holborn Circus, Holborn to Waterloo Station 3, Waterloo"
"LINESTRING (-0.104947 51.516785,-0.112824 51.503791", "From Farringdon Street, Holborn to Waterloo Station 3, Waterloo"
"LINESTRING (-0.108028 51.518825,-0.112824 51.503791", "From Hatton Garden, Holborn to Waterloo Station 3, Waterloo"
"LINESTRING (-0.107349 51.511891,-0.112824 51.503791", "From Tallis Street, Temple to Waterloo Station 3, Waterloo"
"LINESTRING (-0.096496 51.517821,-0.112824 51.503791", "From Museum of London, Barbican to Waterloo Station 3, Waterloo"
"LINESTRING (-0.100791 51.518218,-0.112824 51.503791", "From West Smithfield Rotunda, Farringdon to Waterloo Station 3, Waterloo"
"LINESTRING (-0.14296 51.497998,-0.112824 51.503791", "From Warwick Row, Westminster to Waterloo Station 3, Waterloo"
"LINESTRING (-0.123616 51.529943,-0.112824 51.503791", "From Belgrove Street , King's Cross to Waterloo Station 3, Waterloo"
"LINESTRING (-0.111778 51.515937,-0.112824 51.503791", "From Breams Buildings, Holborn to Waterloo Station 3, Waterloo"
"LINESTRING (-0.165471 51.498884,-0.112824 51.503791", "From Montpelier Street, Knightsbridge to Waterloo Station 3, Waterloo"
"LINESTRING (-0.09294 51.51397,-0.112824 51.503791", "From Cheapside, Bank to Waterloo Station 3, Waterloo"
"LINESTRING (-0.099141 51.512484,-0.112824 51.503791", "From Godliman Street, St. Paul's to Waterloo Station 3, Waterloo"
"LINESTRING (-0.087587 51.514441,-0.112824 51.503791", "From Bank of England Museum, Bank to Waterloo Station 3, Waterloo"
"LINESTRING (-0.082422 51.516154,-0.112824 51.503791", "From Wormwood Street, Liverpool Street to Waterloo Station 3, Waterloo"
"LINESTRING (-0.085634 51.520962,-0.112824 51.503791", "From Finsbury Square , Moorgate to Waterloo Station 3, Waterloo"
"LINESTRING (-0.107927 51.513821,-0.112824 51.503791", "From Bouverie Street, Temple to Waterloo Station 3, Waterloo"
"LINESTRING (-0.096496 51.517821,-0.112824 51.503791", "From Museum of London, Barbican to Waterloo Station 3, Waterloo"
"LINESTRING (-0.147203 51.515308,-0.112824 51.503791", "From Chapel Place, Marylebone to Waterloo Station 3, Waterloo"
"LINESTRING (-0.10527 51.515809,-0.112824 51.503791", "From Stonecutter Street, Holborn to Waterloo Station 3, Waterloo"
"LINESTRING (-0.09294 51.511553,-0.112824 51.503791", "From Queen Street 1, Bank to Waterloo Station 3, Waterloo"
"LINESTRING (-0.075459 51.509506,-0.112824 51.503791", "From Tower Gardens , Tower to Waterloo Station 3, Waterloo"
"LINESTRING (-0.103604 51.517334,-0.112824 51.503791", "From Snow Hill, Farringdon to Waterloo Station 3, Waterloo"
"LINESTRING (-0.10454 51.505461,-0.112824 51.503791", "From Blackfriars Road, Southwark to Waterloo Station 3, Waterloo"
"LINESTRING (-0.112824 51.503791,-0.112824 51.503791", "From Waterloo Station 3, Waterloo to Waterloo Station 3, Waterloo"
"LINESTRING (-0.093051 51.511246,-0.112824 51.503791", "From Queen Street 2, Bank to Waterloo Station 3, Waterloo"
"LINESTRING (-0.159237 51.501855,-0.112824 51.503791", "From Seville Street, Knightsbridge to Waterloo Station 3, Waterloo"
"LINESTRING (-0.111778 51.515937,-0.112824 51.503791", "From Breams Buildings, Holborn to Waterloo Station 3, Waterloo"
"LINESTRING (-0.138231 51.525542,-0.112824 51.503791", "From Hampstead Road, Euston to Waterloo Station 3, Waterloo"
"LINESTRING (-0.089887 51.520858,-0.112824 51.503791", "From Bunhill Row, Moorgate to Waterloo Station 3, Waterloo"
"LINESTRING (-0.08066 51.514225,-0.112824 51.503791", "From St. Mary Axe, Aldgate to Waterloo Station 3, Waterloo"
"LINESTRING (-0.09294 51.511553,-0.112824 51.503791", "From Queen Street 1, Bank to Waterloo Station 3, Waterloo"
"LINESTRING (-0.082422 51.516154,-0.112824 51.503791", "From Wormwood Street, Liverpool Street to Waterloo Station 3, Waterloo"
"LINESTRING (-0.13544 51.497829,-0.112824 51.503791", "From Butler Place, Westminster to Waterloo Station 3, Waterloo"
"LINESTRING (-0.088285 51.519069,-0.112824 51.503791", "From Moorfields, Moorgate to Waterloo Station 3, Waterloo"
"LINESTRING (-0.082422 51.516154,-0.112824 51.503791", "From Wormwood Street, Liverpool Street to Waterloo Station 3, Waterloo"
"LINESTRING (-0.09315 51.53356,-0.112824 51.503791", "From Eagle Wharf Road, Hoxton to Waterloo Station 3, Waterloo"
"LINESTRING (-0.119643 51.511756,-0.112824 51.503791", "From Wellington Street , Strand to Waterloo Station 3, Waterloo"
"LINESTRING (-0.091773 51.504627,-0.112824 51.503791", "From Hop Exchange, The Borough to Waterloo Station 3, Waterloo"
"LINESTRING (-0.09315 51.53356,-0.112824 51.503791", "From Eagle Wharf Road, Hoxton to Waterloo Station 3, Waterloo"
"LINESTRING (-0.078869 51.521113,-0.112824 51.503791", "From Norton Folgate, Liverpool Street to Waterloo Station 3, Waterloo"
"LINESTRING (-0.11655 51.51824,-0.112824 51.503791", "From Red Lion Street, Holborn to Waterloo Station 3, Waterloo"
"LINESTRING (-0.09294 51.511553,-0.112824 51.503791", "From Queen Street 1, Bank to Waterloo Station 3, Waterloo"
"LINESTRING (-0.099489 51.524868,-0.112824 51.503791", "From Sadlers Sports Centre, Finsbury to Waterloo Station 3, Waterloo"
"LINESTRING (-0.09294 51.51397,-0.112824 51.503791", "From Cheapside, Bank to Waterloo Station 3, Waterloo"
"LINESTRING (-0.142783 51.51196,-0.112824 51.503791", "From St. George Street, Mayfair to Waterloo Station 3, Waterloo"
"LINESTRING (-0.132328 51.515631,-0.112824 51.503791", "From Soho Square , Soho to Waterloo Station 3, Waterloo"
"LINESTRING (-0.096496 51.517821,-0.112824 51.503791", "From Museum of London, Barbican to Waterloo Station 3, Waterloo"
"LINESTRING (-0.084439 51.524696,-0.112824 51.503791", "From Leonard Circus , Shoreditch to Waterloo Station 3, Waterloo"
"LINESTRING (-0.090075 51.517842,-0.112824 51.503791", "From Fore Street, Guildhall to Waterloo Station 3, Waterloo"
"LINESTRING (-0.129698 51.500703,-0.112824 51.503791", "From Storey's Gate, Westminster to Waterloo Station 3, Waterloo"
"LINESTRING (-0.099994 51.522853,-0.112824 51.503791", "From Berry Street, Clerkenwell to Waterloo Station 3, Waterloo"
"LINESTRING (-0.111778 51.515937,-0.112824 51.503791", "From Breams Buildings, Holborn to Waterloo Station 3, Waterloo"
"LINESTRING (-0.082422 51.516154,-0.112824 51.503791", "From Wormwood Street, Liverpool Street to Waterloo Station 3, Waterloo"
"LINESTRING (-0.108657 51.51795,-0.112824 51.503791", "From Holborn Circus, Holborn to Waterloo Station 3, Waterloo"
"LINESTRING (-0.10527 51.515809,-0.112824 51.503791", "From Stonecutter Street, Holborn to Waterloo Station 3, Waterloo"
"LINESTRING (-0.139174 51.533019,-0.112824 51.503791", "From Harrington Square 1, Camden Town to Waterloo Station 3, Waterloo"
"LINESTRING (-0.09734 51.520841,-0.112824 51.503791", "From Aldersgate Street, Barbican to Waterloo Station 3, Waterloo"
"LINESTRING (-0.102757 51.536384,-0.112824 51.503791", "From Islington Green, Angel to Waterloo Station 3, Waterloo"
"LINESTRING (-0.096496 51.517821,-0.112824 51.503791", "From Museum of London, Barbican to Waterloo Station 3, Waterloo"
"LINESTRING (-0.108657 51.51795,-0.112824 51.503791", "From Holborn Circus, Holborn to Waterloo Station 3, Waterloo"
"LINESTRING (-0.075459 51.509506,-0.112824 51.503791", "From Tower Gardens , Tower to Waterloo Station 3, Waterloo"
"LINESTRING (-0.10527 51.515809,-0.112824 51.503791", "From Stonecutter Street, Holborn to Waterloo Station 3, Waterloo"
"LINESTRING (-0.093885 51.517008,-0.112824 51.503791", "From Wood Street, Guildhall to Waterloo Station 3, Waterloo"
"LINESTRING (-0.082989 51.510484,-0.112824 51.503791", "From Great Tower Street, Monument to Waterloo Station 3, Waterloo"
"LINESTRING (-0.085634 51.520962,-0.112824 51.503791", "From Finsbury Square , Moorgate to Waterloo Station 3, Waterloo"
"LINESTRING (-0.058641 51.515256,-0.112824 51.503791", "From Philpot Street, Whitechapel to Waterloo Station 3, Waterloo"
"LINESTRING (-0.104947 51.516785,-0.112824 51.503791", "From Farringdon Street, Holborn to Waterloo Station 3, Waterloo"
"LINESTRING (-0.093051 51.511246,-0.112824 51.503791", "From Queen Street 2, Bank to Waterloo Station 3, Waterloo"
"LINESTRING (-0.087587 51.514441,-0.112824 51.503791", "From Bank of England Museum, Bank to Waterloo Station 3, Waterloo"
"LINESTRING (-0.107987 51.517428,-0.112824 51.503791", "From New Fetter Lane, Holborn to Waterloo Station 3, Waterloo"
"LINESTRING (-0.088285 51.519069,-0.112824 51.503791", "From Moorfields, Moorgate to Waterloo Station 3, Waterloo"
"LINESTRING (-0.089887 51.520858,-0.112824 51.503791", "From Bunhill Row, Moorgate to Waterloo Station 3, Waterloo"
"LINESTRING (-0.09885 51.515418,-0.112824 51.503791", "From Newgate Street , St. Paul's to Waterloo Station 3, Waterloo"
"LINESTRING (-0.106823 51.508033,-0.112824 51.503791", "From Sea Containers, South Bank to Waterloo Station 3, Waterloo"
"LINESTRING (-0.089887 51.520858,-0.112824 51.503791", "From Bunhill Row, Moorgate to Waterloo Station 3, Waterloo"
"LINESTRING (-0.087587 51.514441,-0.112824 51.503791", "From Bank of England Museum, Bank to Waterloo Station 3, Waterloo"
"LINESTRING (-0.093885 51.517008,-0.112824 51.503791", "From Wood Street, Guildhall to Waterloo Station 3, Waterloo"
"LINESTRING (-0.145211 51.520715,-0.112824 51.503791", "From Portland Place, Marylebone to Waterloo Station 3, Waterloo"
"LINESTRING (-0.09294 51.511553,-0.112824 51.503791", "From Queen Street 1, Bank to Waterloo Station 3, Waterloo"
"LINESTRING (-0.105344 51.515059,-0.112824 51.503791", "From St. Bride Street, Holborn to Waterloo Station 3, Waterloo"
"LINESTRING (-0.093051 51.511246,-0.112824 51.503791", "From Queen Street 2, Bank to Waterloo Station 3, Waterloo"
"LINESTRING (-0.073537 51.514233,-0.112824 51.503791", "From Braham Street, Aldgate to Waterloo Station 3, Waterloo"
"LINESTRING (-0.092762 51.500296,-0.112824 51.503791", "From Swan Street, The Borough to Waterloo Station 3, Waterloo"
"LINESTRING (-0.10527 51.515809,-0.112824 51.503791", "From Stonecutter Street, Holborn to Waterloo Station 3, Waterloo"
"LINESTRING (-0.085666 51.499075,-0.112824 51.503791", "From Long Lane , Bermondsey to Waterloo Station 3, Waterloo"
"LINESTRING (-0.082989 51.510484,-0.112824 51.503791", "From Great Tower Street, Monument to Waterloo Station 3, Waterloo"
"LINESTRING (-0.078869 51.521113,-0.112824 51.503791", "From Norton Folgate, Liverpool Street to Waterloo Station 3, Waterloo"
"LINESTRING (-0.125441 51.541596,-0.112824 51.503791", "From York Way, Kings Cross to Waterloo Station 3, Waterloo"
"LINESTRING (-0.088285 51.519069,-0.112824 51.503791", "From Moorfields, Moorgate to Waterloo Station 3, Waterloo"
"LINESTRING (-0.137043 51.511897,-0.112824 51.503791", "From Golden Square, Soho to Waterloo Station 3, Waterloo"
"LINESTRING (-0.127554 51.493978,-0.112824 51.503791", "From Page Street, Westminster to Waterloo Station 3, Waterloo"
"LINESTRING (-0.09294 51.51397,-0.112824 51.503791", "From Cheapside, Bank to Waterloo Station 3, Waterloo"
"LINESTRING (-0.099994 51.522853,-0.112824 51.503791", "From Berry Street, Clerkenwell to Waterloo Station 3, Waterloo"
"LINESTRING (-0.088285 51.519069,-0.112824 51.503791", "From Moorfields, Moorgate to Waterloo Station 3, Waterloo"
"LINESTRING (-0.125078 51.534667,-0.112824 51.503791", "From Good's Way, King's Cross to Waterloo Station 3, Waterloo"
"LINESTRING (-0.117974 51.494881,-0.112824 51.503791", "From Lambeth Road, Vauxhall to Waterloo Station 3, Waterloo"
"LINESTRING (-0.128585 51.516118,-0.112824 51.503791", "From Earnshaw Street , Covent Garden to Waterloo Station 3, Waterloo"
"LINESTRING (-0.09885 51.515418,-0.112824 51.503791", "From Newgate Street , St. Paul's to Waterloo Station 3, Waterloo"
"LINESTRING (-0.108657 51.51795,-0.112824 51.503791", "From Holborn Circus, Holborn to Waterloo Station 3, Waterloo"
"LINESTRING (-0.084605 51.521283,-0.112824 51.503791", "From Christopher Street, Liverpool Street to Waterloo Station 3, Waterloo"
"LINESTRING (-0.077121 51.511594,-0.112824 51.503791", "From Crosswall, Tower to Waterloo Station 3, Waterloo"
"LINESTRING (-0.115057 51.512582,-0.112824 51.503791", "From Strand, Strand to Waterloo Station 3, Waterloo"
"LINESTRING (-0.0985 51.51601,-0.112824 51.503791", "From King Edward Street, St Pauls to Waterloo Station 3, Waterloo"
"LINESTRING (-0.088285 51.519069,-0.112824 51.503791", "From Moorfields, Moorgate to Waterloo Station 3, Waterloo"
"LINESTRING (-0.077178 51.514449,-0.112824 51.503791", "From Houndsditch, Aldgate to Waterloo Station 3, Waterloo"
"LINESTRING (-0.087587 51.514441,-0.112824 51.503791", "From Bank of England Museum, Bank to Waterloo Station 3, Waterloo"
"LINESTRING (-0.09294 51.51397,-0.112824 51.503791", "From Cheapside, Bank to Waterloo Station 3, Waterloo"
"LINESTRING (-0.10527 51.515809,-0.112824 51.503791", "From Stonecutter Street, Holborn to Waterloo Station 3, Waterloo"
"LINESTRING (-0.114079 51.522264,-0.112824 51.503791", "From Northington Street , Holborn to Waterloo Station 3, Waterloo"
"LINESTRING (-0.124749 51.509462,-0.112824 51.503791", "From William IV Street, Strand to Waterloo Station 3, Waterloo"
"LINESTRING (-0.09734 51.520841,-0.112824 51.503791", "From Aldersgate Street, Barbican to Waterloo Station 3, Waterloo"
"LINESTRING (-0.105344 51.515059,-0.112824 51.503791", "From St. Bride Street, Holborn to Waterloo Station 3, Waterloo"
"LINESTRING (-0.096496 51.517821,-0.112824 51.503791", "From Museum of London, Barbican to Waterloo Station 3, Waterloo"
"LINESTRING (-0.137598 51.497698,-0.112824 51.503791", "From Kings Gate House, Westminster to Waterloo Station 3, Waterloo"
"LINESTRING (-0.10527 51.515809,-0.112824 51.503791", "From Stonecutter Street, Holborn to Waterloo Station 3, Waterloo"
"LINESTRING (-0.093051 51.511246,-0.112824 51.503791", "From Queen Street 2, Bank to Waterloo Station 3, Waterloo"
"LINESTRING (-0.089887 51.520858,-0.112824 51.503791", "From Bunhill Row, Moorgate to Waterloo Station 3, Waterloo"
"LINESTRING (-0.121328 51.517606,-0.112824 51.503791", "From Southampton Place, Holborn to Waterloo Station 3, Waterloo"
"LINESTRING (-0.10834 51.52352,-0.112824 51.503791", "From Farringdon Lane, Clerkenwell to Waterloo Station 3, Waterloo"
"LINESTRING (-0.138212 51.481335,-0.112824 51.503791", "From Riverlight South, Nine Elms to Waterloo Station 3, Waterloo"
"LINESTRING (-0.088542 51.527025,-0.112824 51.503791", "From Baldwin Street, St. Luke's to Waterloo Station 3, Waterloo"
"LINESTRING (-0.078869 51.521113,-0.112824 51.503791", "From Norton Folgate, Liverpool Street to Waterloo Station 3, Waterloo"
"LINESTRING (-0.107349 51.511891,-0.112824 51.503791", "From Tallis Street, Temple to Waterloo Station 3, Waterloo"
"LINESTRING (-0.087587 51.514441,-0.112824 51.503791", "From Bank of England Museum, Bank to Waterloo Station 3, Waterloo"
"LINESTRING (-0.113885 51.51165,-0.112824 51.503791", "From Arundel Street to Waterloo Station 3, Waterloo"
"LINESTRING (-0.088285 51.519069,-0.112824 51.503791", "From Moorfields, Moorgate to Waterloo Station 3, Waterloo"
"LINESTRING (-0.09294 51.511553,-0.112824 51.503791", "From Queen Street 1, Bank to Waterloo Station 3, Waterloo"
"LINESTRING (-0.08066 51.514225,-0.112824 51.503791", "From St. Mary Axe, Aldgate to Waterloo Station 3, Waterloo"
"LINESTRING (-0.078869 51.521113,-0.112824 51.503791", "From Norton Folgate, Liverpool Street to Waterloo Station 3, Waterloo"
"LINESTRING (-0.09885 51.515418,-0.112824 51.503791", "From Newgate Street , St. Paul's to Waterloo Station 3, Waterloo"
"LINESTRING (-0.082422 51.516154,-0.112824 51.503791", "From Wormwood Street, Liverpool Street to Waterloo Station 3, Waterloo"
"LINESTRING (-0.112432 51.526599,-0.112824 51.503791", "From Margery Street, Clerkenwell to Waterloo Station 3, Waterloo"
"LINESTRING (-0.082989 51.510484,-0.112824 51.503791", "From Great Tower Street, Monument to Waterloo Station 3, Waterloo"
"LINESTRING (-0.111778 51.515937,-0.112824 51.503791", "From Breams Buildings, Holborn to Waterloo Station 3, Waterloo"
"LINESTRING (-0.070133 51.515231,-0.112824 51.503791", "From Central House, Whitechapel to Waterloo Station 3, Waterloo"
"LINESTRING (-0.104947 51.516785,-0.112824 51.503791", "From Farringdon Street, Holborn to Waterloo Station 3, Waterloo"
"LINESTRING (-0.093885 51.517008,-0.112824 51.503791", "From Wood Street, Guildhall to Waterloo Station 3, Waterloo"
"LINESTRING (-0.134621 51.507424,-0.112824 51.503791", "From St. James's Square, St. James's to Waterloo Station 3, Waterloo"
"LINESTRING (-0.088285 51.519069,-0.112824 51.503791", "From Moorfields, Moorgate to Waterloo Station 3, Waterloo"
"LINESTRING (-0.09294 51.51397,-0.112824 51.503791", "From Cheapside, Bank to Waterloo Station 3, Waterloo"
"LINESTRING (-0.138846 51.510048,-0.112824 51.503791", "From Sackville Street, Mayfair to Waterloo Station 3, Waterloo"
"LINESTRING (-0.09885 51.515418,-0.112824 51.503791", "From Newgate Street , St. Paul's to Waterloo Station 3, Waterloo"
"LINESTRING (-0.09885 51.515418,-0.112824 51.503791", "From Newgate Street , St. Paul's to Waterloo Station 3, Waterloo"
"LINESTRING (-0.142345 51.510662,-0.112824 51.503791", "From Clifford Street, Mayfair to Waterloo Station 3, Waterloo"
"LINESTRING (-0.078869 51.521113,-0.112824 51.503791", "From Norton Folgate, Liverpool Street to Waterloo Station 3, Waterloo"
"LINESTRING (-0.136123 51.482362,-0.191933 51.495866", "From Riverlight North, Nine Elms to Lexham Gardens, Kensington"
"LINESTRING (-0.170329 51.477684,-0.191933 51.495866", "From Westbridge Road, Battersea to Lexham Gardens, Kensington"
"LINESTRING (-0.151126 51.510919,-0.191933 51.495866", "From Millennium Hotel, Mayfair to Lexham Gardens, Kensington"
"LINESTRING (-0.174971 51.485121,-0.191933 51.495866", "From The Vale, Chelsea to Lexham Gardens, Kensington"
"LINESTRING (-0.149035 51.481121,-0.191933 51.495866", "From Sopwith Way, Battersea Park to Lexham Gardens, Kensington"
"LINESTRING (-0.180791 51.46193,-0.191933 51.495866", "From Nantes Close, Wandsworth to Lexham Gardens, Kensington"
"LINESTRING (-0.134621 51.507424,-0.191933 51.495866", "From St. James's Square, St. James's to Lexham Gardens, Kensington"
"LINESTRING (-0.17524 51.48902,-0.191933 51.495866", "From South Parade, Chelsea to Lexham Gardens, Kensington"
"LINESTRING (-0.174554 51.499917,-0.191933 51.495866", "From Exhibition Road, Knightsbridge to Lexham Gardens, Kensington"
"LINESTRING (-0.195777 51.479463,-0.191933 51.495866", "From Erin Close, Walham Green to Lexham Gardens, Kensington"
"LINESTRING (-0.166878 51.488023,-0.191933 51.495866", "From Flood Street, Chelsea to Lexham Gardens, Kensington"
"LINESTRING (-0.191933 51.495866,-0.191933 51.495866", "From Lexham Gardens, Kensington to Lexham Gardens, Kensington"
"LINESTRING (-0.179702 51.499428,-0.191933 51.495866", "From Imperial College, Knightsbridge to Lexham Gardens, Kensington"
"LINESTRING (-0.193764 51.508605,-0.191933 51.495866", "From Palace Gardens Terrace, Notting Hill to Lexham Gardens, Kensington"
"LINESTRING (-0.142844 51.506613,-0.191933 51.495866", "From Green Park Station, Mayfair to Lexham Gardens, Kensington"
"LINESTRING (-0.158963 51.524517,-0.191933 51.495866", "From Park Road (Baker Street), The Regent's Park to Lexham Gardens, Kensington"
"LINESTRING (-0.191462 51.501364,-0.191933 51.495866", "From Derry Street, Kensington to Lexham Gardens, Kensington"
"LINESTRING (-0.174554 51.499917,-0.191933 51.495866", "From Exhibition Road, Knightsbridge to Lexham Gardens, Kensington"
"LINESTRING (-0.191933 51.495866,-0.191933 51.495866", "From Lexham Gardens, Kensington to Lexham Gardens, Kensington"
"LINESTRING (-0.149569 51.50274,-0.191933 51.495866", "From Wellington Arch, Hyde Park to Lexham Gardens, Kensington"
"LINESTRING (-0.195777 51.479463,-0.191933 51.495866", "From Erin Close, Walham Green to Lexham Gardens, Kensington"
"LINESTRING (-0.174554 51.499917,-0.191933 51.495866", "From Exhibition Road, Knightsbridge to Lexham Gardens, Kensington"
"LINESTRING (-0.179702 51.499428,-0.191933 51.495866", "From Imperial College, Knightsbridge to Lexham Gardens, Kensington"
"LINESTRING (-0.145211 51.520715,-0.191933 51.495866", "From Portland Place, Marylebone to Lexham Gardens, Kensington"
"LINESTRING (-0.222293 51.501594,-0.191933 51.495866", "From Shepherd's Bush Road North, Shepherd's Bush to Lexham Gardens, Kensington"
"LINESTRING (-0.205284 51.496712,-0.191933 51.495866", "From Warwick Road, Olympia to Lexham Gardens, Kensington"
"LINESTRING (-0.187842 51.509908,-0.191933 51.495866", "From Black Lion Gate, Kensington Gardens to Lexham Gardens, Kensington"
"LINESTRING (-0.211358 51.510101,-0.191933 51.495866", "From Walmer Road, Avondale to Lexham Gardens, Kensington"
"LINESTRING (-0.125979 51.526357,-0.092921 51.494436", "From Cartwright Gardens , Bloomsbury to New Kent Road, The Borough"
"LINESTRING (-0.102996 51.486929,-0.092921 51.494436", "From Doddington Grove, Kennington to New Kent Road, The Borough"
"LINESTRING (-0.129698 51.500703,-0.092921 51.494436", "From Storey's Gate, Westminster to New Kent Road, The Borough"
"LINESTRING (-0.105593 51.488852,-0.092921 51.494436", "From Kennington Station, Kennington to New Kent Road, The Borough"
"LINESTRING (-0.069542 51.512363,-0.092921 51.494436", "From Leman Street, Aldgate to New Kent Road, The Borough"
"LINESTRING (-0.102996 51.486929,-0.092921 51.494436", "From Doddington Grove, Kennington to New Kent Road, The Borough"
"LINESTRING (-0.117774 51.513875,-0.092921 51.494436", "From Kingsway Southbound, Strand to New Kent Road, The Borough"
"LINESTRING (-0.074704 51.500845,-0.092921 51.494436", "From Tower Wharf, Bermondsey to New Kent Road, The Borough"
"LINESTRING (-0.117495 51.498241,-0.092921 51.494436", "From Archbishop's Park, Waterloo to New Kent Road, The Borough"
"LINESTRING (-0.136123 51.482362,-0.092921 51.494436", "From Riverlight North, Nine Elms to New Kent Road, The Borough"
"LINESTRING (-0.123179 51.506543,-0.092921 51.494436", "From Whitehall Place, Strand to New Kent Road, The Borough"
"LINESTRING (-0.087262 51.506304,-0.092921 51.494436", "From Duke Street Hill, London Bridge to New Kent Road, The Borough"
"LINESTRING (-0.123823 51.501513,-0.092921 51.494436", "From Westminster Pier, Westminster to New Kent Road, The Borough"
"LINESTRING (-0.128279 51.5293,-0.092921 51.494436", "From Ossulston Street, Somers Town to New Kent Road, The Borough"
"LINESTRING (-0.092762 51.500296,-0.092921 51.494436", "From Swan Street, The Borough to New Kent Road, The Borough"
"LINESTRING (-0.0786 51.500647,-0.092921 51.494436", "From Tanner Street, Bermondsey to New Kent Road, The Borough"
"LINESTRING (-0.147478 51.492369,-0.092921 51.494436", "From Elizabeth Bridge, Victoria to New Kent Road, The Borough"
"LINESTRING (-0.063471 51.497995,-0.092921 51.494436", "From Bermondsey Station, Bermondsey to New Kent Road, The Borough"
"LINESTRING (-0.067937 51.51793,-0.092921 51.494436", "From Old Montague Street, Whitechapel to New Kent Road, The Borough"
"LINESTRING (-0.08066 51.514225,-0.092921 51.494436", "From St. Mary Axe, Aldgate to New Kent Road, The Borough"
"LINESTRING (-0.108657 51.51795,-0.092921 51.494436", "From Holborn Circus, Holborn to New Kent Road, The Borough"
"LINESTRING (-0.123823 51.501513,-0.092921 51.494436", "From Westminster Pier, Westminster to New Kent Road, The Borough"
"LINESTRING (-0.122219 51.51477,-0.092921 51.494436", "From Drury Lane, Covent Garden to New Kent Road, The Borough"
"LINESTRING (-0.093051 51.511246,-0.092921 51.494436", "From Queen Street 2, Bank to New Kent Road, The Borough"
"LINESTRING (-0.197609 51.483911,-0.193068 51.500397", "From Halford Road, West Kensington to Wright's Lane, Kensington"
"LINESTRING (-0.197609 51.483911,-0.193068 51.500397", "From Halford Road, West Kensington to Wright's Lane, Kensington"
"LINESTRING (-0.151126 51.510919,-0.193068 51.500397", "From Millennium Hotel, Mayfair to Wright's Lane, Kensington"
"LINESTRING (-0.15352 51.503117,-0.193068 51.500397", "From Hyde Park Corner, Hyde Park to Wright's Lane, Kensington"
"LINESTRING (-0.138846 51.510048,-0.193068 51.500397", "From Sackville Street, Mayfair to Wright's Lane, Kensington"
"LINESTRING (-0.205284 51.496712,-0.193068 51.500397", "From Warwick Road, Olympia to Wright's Lane, Kensington"
"LINESTRING (-0.193254 51.476259,-0.193068 51.500397", "From Eel Brook Common, Walham Green to Wright's Lane, Kensington"
"LINESTRING (-0.190603 51.493631,-0.193068 51.500397", "From Knaresborough Place, Earl's Court to Wright's Lane, Kensington"
"LINESTRING (-0.2135 51.496927,-0.193068 51.500397", "From Blythe Road, Olympia to Wright's Lane, Kensington"
"LINESTRING (-0.142943 51.496863,-0.193068 51.500397", "From Allington Street, Victoria to Wright's Lane, Kensington"
"LINESTRING (-0.191803 51.473611,-0.193068 51.500397", "From Sandilands Road, Walham Green to Wright's Lane, Kensington"
"LINESTRING (-0.185296 51.495362,-0.193068 51.500397", "From Emperor's Gate, South Kensington to Wright's Lane, Kensington"
"LINESTRING (-0.179135 51.516417,-0.193068 51.500397", "From Eastbourne Mews, Paddington to Wright's Lane, Kensington"
"LINESTRING (-0.194757 51.493343,-0.193068 51.500397", "From Nevern Place, Earl's Court to Wright's Lane, Kensington"
"LINESTRING (-0.15352 51.503117,-0.193068 51.500397", "From Hyde Park Corner, Hyde Park to Wright's Lane, Kensington"
"LINESTRING (-0.18498 51.501737,-0.193068 51.500397", "From De Vere Gardens, Kensington to Wright's Lane, Kensington"
"LINESTRING (-0.205284 51.496712,-0.193068 51.500397", "From Warwick Road, Olympia to Wright's Lane, Kensington"
"LINESTRING (-0.183846 51.523344,-0.193068 51.500397", "From Warwick Avenue Station, Maida Vale to Wright's Lane, Kensington"
"LINESTRING (-0.15352 51.503117,-0.193068 51.500397", "From Hyde Park Corner, Hyde Park to Wright's Lane, Kensington"
"LINESTRING (-0.19096 51.51244,-0.193068 51.500397", "From Ilchester Gardens, Bayswater to Wright's Lane, Kensington"
"LINESTRING (-0.168917 51.497056,-0.193068 51.500397", "From Holy Trinity Brompton, Knightsbridge to Wright's Lane, Kensington"
"LINESTRING (-0.179668 51.511654,-0.193068 51.500397", "From Lancaster Gate , Bayswater to Wright's Lane, Kensington"
"LINESTRING (-0.157436 51.512276,-0.193068 51.500397", "From Green Street, Mayfair to Wright's Lane, Kensington"
"LINESTRING (-0.211316 51.500088,-0.193068 51.500397", "From Russell Gardens, Olympia to Wright's Lane, Kensington"
"LINESTRING (-0.185296 51.495362,-0.193068 51.500397", "From Emperor's Gate, South Kensington to Wright's Lane, Kensington"
"LINESTRING (-0.209121 51.491026,-0.193068 51.500397", "From Gwendwr Road, West Kensington to Wright's Lane, Kensington"
"LINESTRING (-0.214762 51.5129,-0.193068 51.500397", "From Grenfell Road, Avondale to Wright's Lane, Kensington"
"LINESTRING (-0.126021 51.508103,-0.193068 51.500397", "From Craven Street, Strand to Wright's Lane, Kensington"
"LINESTRING (-0.173715 51.491211,-0.193068 51.500397", "From Sumner Place, South Kensington to Wright's Lane, Kensington"
"LINESTRING (-0.185296 51.495362,-0.193068 51.500397", "From Emperor's Gate, South Kensington to Wright's Lane, Kensington"
"LINESTRING (-0.18119 51.485587,-0.193068 51.500397", "From Limerston Street, West Chelsea to Wright's Lane, Kensington"
"LINESTRING (-0.179592 51.525575,-0.193068 51.500397", "From Clifton Road, Maida Vale to Wright's Lane, Kensington"
"LINESTRING (-0.13011 51.513527,-0.193068 51.500397", "From Moor Street, Soho to Wright's Lane, Kensington"
"LINESTRING (-0.18119 51.490945,-0.193068 51.500397", "From Old Brompton Road, South Kensington to Wright's Lane, Kensington"
"LINESTRING (-0.19617 51.490853,-0.193068 51.500397", "From Trebovir Road, Earl's Court to Wright's Lane, Kensington"
"LINESTRING (-0.219346 51.482944,-0.193068 51.500397", "From Crabtree Lane, Fulham to Wright's Lane, Kensington"
"LINESTRING (-0.149569 51.50274,-0.193068 51.500397", "From Wellington Arch, Hyde Park to Wright's Lane, Kensington"
"LINESTRING (-0.217515 51.500353,-0.193068 51.500397", "From Richmond Way, Shepherd's Bush to Wright's Lane, Kensington"
"LINESTRING (-0.197245 51.497387,-0.193068 51.500397", "From Abingdon Villas, Kensington to Wright's Lane, Kensington"
"LINESTRING (-0.197245 51.497387,-0.193068 51.500397", "From Abingdon Villas, Kensington to Wright's Lane, Kensington"
"LINESTRING (-0.150666 51.506864,-0.19617 51.490853", "From Stanhope Gate, Mayfair to Trebovir Road, Earl's Court"
"LINESTRING (-0.18267 51.494185,-0.19617 51.490853", "From Gloucester Road Station, South Kensington to Trebovir Road, Earl's Court"
"LINESTRING (-0.191462 51.501364,-0.19617 51.490853", "From Derry Street, Kensington to Trebovir Road, Earl's Court"
"LINESTRING (-0.185273 51.481765,-0.19617 51.490853", "From Hortensia Road, West Brompton to Trebovir Road, Earl's Court"
"LINESTRING (-0.208485 51.478939,-0.19617 51.490853", "From St. Peter's Terrace, Fulham to Trebovir Road, Earl's Court"
"LINESTRING (-0.173757 51.496471,-0.19617 51.490853", "From Exhibition Road Museums 1, South Kensington to Trebovir Road, Earl's Court"
"LINESTRING (-0.187404 51.487958,-0.19617 51.490853", "From Harcourt Terrace, West Brompton to Trebovir Road, Earl's Court"
"LINESTRING (-0.217515 51.500353,-0.19617 51.490853", "From Richmond Way, Shepherd's Bush to Trebovir Road, Earl's Court"
"LINESTRING (-0.19617 51.490853,-0.19617 51.490853", "From Trebovir Road, Earl's Court to Trebovir Road, Earl's Court"
"LINESTRING (-0.166221 51.490714,-0.19617 51.490853", "From Chelsea Green, Chelsea to Trebovir Road, Earl's Court"
"LINESTRING (-0.19617 51.490853,-0.19617 51.490853", "From Trebovir Road, Earl's Court to Trebovir Road, Earl's Court"
"LINESTRING (-0.216305 51.483356,-0.19617 51.490853", "From Everington Street, Fulham to Trebovir Road, Earl's Court"
"LINESTRING (-0.17524 51.48902,-0.19617 51.490853", "From South Parade, Chelsea to Trebovir Road, Earl's Court"
"LINESTRING (-0.178433 51.492479,-0.19617 51.490853", "From Queen's Gate (South), South Kensington to Trebovir Road, Earl's Court"
"LINESTRING (-0.18498 51.501737,-0.19617 51.490853", "From De Vere Gardens, Kensington to Trebovir Road, Earl's Court"
"LINESTRING (-0.180389 51.46517,-0.19617 51.490853", "From Hibbert Street, Battersea to Trebovir Road, Earl's Court"
"LINESTRING (-0.214428 51.486062,-0.19617 51.490853", "From Greyhound Road, Hammersmith to Trebovir Road, Earl's Court"
"LINESTRING (-0.209973 51.481021,-0.19617 51.490853", "From Aintree Street, Fulham to Trebovir Road, Earl's Court"
"LINESTRING (-0.209973 51.481021,-0.19617 51.490853", "From Aintree Street, Fulham to Trebovir Road, Earl's Court"
"LINESTRING (-0.191462 51.501364,-0.19617 51.490853", "From Derry Street, Kensington to Trebovir Road, Earl's Court"
"LINESTRING (-0.215808 51.503802,-0.19617 51.490853", "From Hansard Mews, Holland Park to Trebovir Road, Earl's Court"
"LINESTRING (-0.205876 51.475698,-0.19617 51.490853", "From Chesilton Road, Fulham to Trebovir Road, Earl's Court"
"LINESTRING (-0.193764 51.508605,-0.19617 51.490853", "From Palace Gardens Terrace, Notting Hill to Trebovir Road, Earl's Court"
"LINESTRING (-0.217995 51.487285,-0.19617 51.490853", "From Charing Cross Hospital, Hammersmith to Trebovir Road, Earl's Court"
"LINESTRING (-0.180274 51.481805,-0.19617 51.490853", "From World's End Place, West Chelsea to Trebovir Road, Earl's Court"
"LINESTRING (-0.169774 51.519968,-0.131773 51.506633", "From Edgware Road Station, Marylebone to Waterloo Place, St. James's"
"LINESTRING (-0.191496 51.503157,-0.131773 51.506633", "From Kensington Church Street, Kensington to Waterloo Place, St. James's"
"LINESTRING (-0.130458 51.494816,-0.131773 51.506633", "From Horseferry Road, Westminster to Waterloo Place, St. James's"
"LINESTRING (-0.170329 51.477684,-0.131773 51.506633", "From Westbridge Road, Battersea to Waterloo Place, St. James's"
"LINESTRING (-0.168917 51.497056,-0.131773 51.506633", "From Holy Trinity Brompton, Knightsbridge to Waterloo Place, St. James's"
"LINESTRING (-0.183486 51.529857,-0.131773 51.506633", "From Maida Vale, Maida Vale to Waterloo Place, St. James's"
"LINESTRING (-0.115057 51.512582,-0.131773 51.506633", "From Strand, Strand to Waterloo Place, St. James's"
"LINESTRING (-0.130458 51.494816,-0.131773 51.506633", "From Horseferry Road, Westminster to Waterloo Place, St. James's"
"LINESTRING (-0.116628 51.500089,-0.131773 51.506633", "From Lambeth Palace Road, Waterloo to Waterloo Place, St. James's"
"LINESTRING (-0.18267 51.494185,-0.131773 51.506633", "From Gloucester Road Station, South Kensington to Waterloo Place, St. James's"
"LINESTRING (-0.115057 51.512582,-0.131773 51.506633", "From Strand, Strand to Waterloo Place, St. James's"
"LINESTRING (-0.09885 51.515418,-0.131773 51.506633", "From Newgate Street , St. Paul's to Waterloo Place, St. James's"
"LINESTRING (-0.141923 51.489856,-0.131773 51.506633", "From Warwick Square, Pimlico to Waterloo Place, St. James's"
"LINESTRING (-0.117122 51.490994,-0.131773 51.506633", "From Black Prince Road, Vauxhall to Waterloo Place, St. James's"
"LINESTRING (-0.149569 51.50274,-0.131773 51.506633", "From Wellington Arch, Hyde Park to Waterloo Place, St. James's"
"LINESTRING (-0.108028 51.518825,-0.131773 51.506633", "From Hatton Garden, Holborn to Waterloo Place, St. James's"
"LINESTRING (-0.176267 51.472876,-0.131773 51.506633", "From Vicarage Crescent, Battersea to Waterloo Place, St. James's"
"LINESTRING (-0.144466 51.528302,-0.131773 51.506633", "From Albany Street, The Regent's Park to Waterloo Place, St. James's"
"LINESTRING (-0.144466 51.528302,-0.131773 51.506633", "From Albany Street, The Regent's Park to Waterloo Place, St. James's"
"LINESTRING (-0.099141 51.512484,-0.131773 51.506633", "From Godliman Street, St. Paul's to Waterloo Place, St. James's"
"LINESTRING (-0.130458 51.494816,-0.131773 51.506633", "From Horseferry Road, Westminster to Waterloo Place, St. James's"
"LINESTRING (-0.079249 51.518908,-0.131773 51.506633", "From Brushfield Street, Liverpool Street to Waterloo Place, St. James's"
"LINESTRING (-0.129361 51.488365,-0.131773 51.506633", "From Vauxhall Bridge , Pimlico to Waterloo Place, St. James's"
"LINESTRING (-0.127554 51.493978,-0.131773 51.506633", "From Page Street, Westminster to Waterloo Place, St. James's"
"LINESTRING (-0.117122 51.490994,-0.131773 51.506633", "From Black Prince Road, Vauxhall to Waterloo Place, St. James's"
"LINESTRING (-0.149569 51.50274,-0.131773 51.506633", "From Wellington Arch, Hyde Park to Waterloo Place, St. James's"
"LINESTRING (-0.089887 51.520858,-0.131773 51.506633", "From Bunhill Row, Moorgate to Waterloo Place, St. James's"
"LINESTRING (-0.139956 51.493573,-0.131773 51.506633", "From Queen Mother Sports Centre, Victoria to Waterloo Place, St. James's"
"LINESTRING (-0.149569 51.50274,-0.131773 51.506633", "From Wellington Arch, Hyde Park to Waterloo Place, St. James's"
"LINESTRING (-0.085666 51.499075,-0.131773 51.506633", "From Long Lane , Bermondsey to Waterloo Place, St. James's"
"LINESTRING (-0.147478 51.492369,-0.141334 51.492345", "From Elizabeth Bridge, Victoria to Guildhouse Street, Victoria"
"LINESTRING (-0.157788 51.465123,-0.141334 51.492345", "From Sugden Road, Clapham to Guildhouse Street, Victoria"
"LINESTRING (-0.106408 51.530515,-0.141334 51.492345", "From Chadwell Street, Angel to Guildhouse Street, Victoria"
"LINESTRING (-0.150817 51.505426,-0.141334 51.492345", "From Park Lane, Mayfair to Guildhouse Street, Victoria"
"LINESTRING (-0.173881 51.494412,-0.141334 51.492345", "From South Kensington Station, South Kensington to Guildhouse Street, Victoria"
"LINESTRING (-0.150905 51.496544,-0.141334 51.492345", "From Eaton Square, Belgravia to Guildhouse Street, Victoria"
"LINESTRING (-0.127554 51.493978,-0.141334 51.492345", "From Page Street, Westminster to Guildhouse Street, Victoria"
"LINESTRING (-0.127554 51.493978,-0.141334 51.492345", "From Page Street, Westminster to Guildhouse Street, Victoria"
"LINESTRING (-0.150908 51.47505,-0.141334 51.492345", "From Alfreda Street, Battersea Park to Guildhouse Street, Victoria"
"LINESTRING (-0.125972 51.49764,-0.141334 51.492345", "From Abingdon Green, Westminster to Guildhouse Street, Victoria"
"LINESTRING (-0.156876 51.49313,-0.141334 51.492345", "From Sedding Street, Sloane Square to Guildhouse Street, Victoria"
"LINESTRING (-0.129925 51.493072,-0.141334 51.492345", "From Vincent Street, Pimlico to Guildhouse Street, Victoria"
"LINESTRING (-0.135478 51.495827,-0.141334 51.492345", "From Rochester Row, Westminster to Guildhouse Street, Victoria"
"LINESTRING (-0.129925 51.493072,-0.141334 51.492345", "From Vincent Street, Pimlico to Guildhouse Street, Victoria"
"LINESTRING (-0.149004 51.485821,-0.141334 51.492345", "From Chelsea Bridge, Pimlico to Guildhouse Street, Victoria"
"LINESTRING (-0.176267 51.472876,-0.141334 51.492345", "From Vicarage Crescent, Battersea to Guildhouse Street, Victoria"
"LINESTRING (-0.171103 51.518268,-0.141334 51.492345", "From St Mary's Hospital, Paddington to Guildhouse Street, Victoria"
"LINESTRING (-0.124469 51.485917,-0.121328 51.517606", "From Vauxhall Cross, Vauxhall to Southampton Place, Holborn"
"LINESTRING (-0.043371 51.518369,-0.121328 51.517606", "From Rectory Square, Stepney to Southampton Place, Holborn"
"LINESTRING (-0.070133 51.515231,-0.121328 51.517606", "From Central House, Whitechapel to Southampton Place, Holborn"
"LINESTRING (-0.131161 51.52505,-0.121328 51.517606", "From Taviton Street, Bloomsbury to Southampton Place, Holborn"
"LINESTRING (-0.205876 51.475698,-0.121328 51.517606", "From Chesilton Road, Fulham to Southampton Place, Holborn"
"LINESTRING (-0.112824 51.503791,-0.121328 51.517606", "From Waterloo Station 3, Waterloo to Southampton Place, Holborn"
"LINESTRING (-0.111257 51.514274,-0.121328 51.517606", "From Chancery Lane, Holborn to Southampton Place, Holborn"
"LINESTRING (-0.116688 51.520596,-0.121328 51.517606", "From Theobald's Road , Holborn to Southampton Place, Holborn"
"LINESTRING (-0.074754 51.523648,-0.121328 51.517606", "From Bethnal Green Road, Shoreditch to Southampton Place, Holborn"
"LINESTRING (-0.138733 51.496753,-0.121328 51.517606", "From Howick Place, Westminster to Southampton Place, Holborn"
"LINESTRING (-0.130699 51.50777,-0.121328 51.517606", "From Pall Mall East, West End to Southampton Place, Holborn"
"LINESTRING (-0.123509 51.52625,-0.121328 51.517606", "From Tavistock Place, Bloomsbury to Southampton Place, Holborn"
"LINESTRING (-0.098497 51.503688,-0.121328 51.517606", "From Union Street, The Borough to Southampton Place, Holborn"
"LINESTRING (-0.138019 51.524438,-0.121328 51.517606", "From Warren Street Station, Euston to Southampton Place, Holborn"
"LINESTRING (-0.09294 51.51397,-0.121328 51.517606", "From Cheapside, Bank to Southampton Place, Holborn"
"LINESTRING (-0.179135 51.516417,-0.121328 51.517606", "From Eastbourne Mews, Paddington to Southampton Place, Holborn"
"LINESTRING (-0.13225 51.528833,-0.121328 51.517606", "From Doric Way , Somers Town to Southampton Place, Holborn"
"LINESTRING (-0.097122 51.529423,-0.121328 51.517606", "From Macclesfield Rd, St Lukes to Southampton Place, Holborn"
"LINESTRING (-0.144165 51.510736,-0.121328 51.517606", "From Bruton Street, Mayfair to Southampton Place, Holborn"
"LINESTRING (-0.124749 51.509462,-0.121328 51.517606", "From William IV Street, Strand to Southampton Place, Holborn"
"LINESTRING (-0.13225 51.528833,-0.121328 51.517606", "From Doric Way , Somers Town to Southampton Place, Holborn"
"LINESTRING (-0.13225 51.528833,-0.121328 51.517606", "From Doric Way , Somers Town to Southampton Place, Holborn"
"LINESTRING (-0.138072 51.517344,-0.121328 51.517606", "From Wells Street, Fitzrovia to Southampton Place, Holborn"
"LINESTRING (-0.105344 51.515059,-0.121328 51.517606", "From St. Bride Street, Holborn to Southampton Place, Holborn"
"LINESTRING (-0.084439 51.524696,-0.121328 51.517606", "From Leonard Circus , Shoreditch to Southampton Place, Holborn"
"LINESTRING (-0.074704 51.500845,-0.121328 51.517606", "From Tower Wharf, Bermondsey to Southampton Place, Holborn"
"LINESTRING (-0.157183 51.52026,-0.121328 51.517606", "From Crawford Street, Marylebone to Southampton Place, Holborn"
"LINESTRING (-0.141728 51.539099,-0.121328 51.517606", "From Greenland Road, Camden Town to Southampton Place, Holborn"
"LINESTRING (-0.077121 51.511594,-0.121328 51.517606", "From Crosswall, Tower to Southampton Place, Holborn"
"LINESTRING (-0.077121 51.511594,-0.121328 51.517606", "From Crosswall, Tower to Southampton Place, Holborn"
"LINESTRING (-0.179592 51.525575,-0.121328 51.517606", "From Clifton Road, Maida Vale to Southampton Place, Holborn"
"LINESTRING (-0.198286 51.493724,-0.121328 51.517606", "From West Cromwell Road, Earl's Court to Southampton Place, Holborn"
"LINESTRING (-0.099489 51.524868,-0.121328 51.517606", "From Sadlers Sports Centre, Finsbury to Southampton Place, Holborn"
"LINESTRING (-0.063531 51.504719,-0.121328 51.517606", "From Hermitage Court, Wapping to Southampton Place, Holborn"
"LINESTRING (-0.159322 51.461343,-0.167894 51.493184", "From Clapham Common North Side, Clapham Common to Sloane Avenue, Knightsbridge"
"LINESTRING (-0.139956 51.493573,-0.167894 51.493184", "From Queen Mother Sports Centre, Victoria to Sloane Avenue, Knightsbridge"
"LINESTRING (-0.155442 51.474376,-0.167894 51.493184", "From Austin Road, Battersea Park to Sloane Avenue, Knightsbridge"
"LINESTRING (-0.179135 51.516417,-0.167894 51.493184", "From Eastbourne Mews, Paddington to Sloane Avenue, Knightsbridge"
"LINESTRING (-0.174411 51.511933,-0.167894 51.493184", "From Bayswater Road, Hyde Park to Sloane Avenue, Knightsbridge"
"LINESTRING (-0.18119 51.485587,-0.167894 51.493184", "From Limerston Street, West Chelsea to Sloane Avenue, Knightsbridge"
"LINESTRING (-0.205279 51.487244,-0.167894 51.493184", "From Star Road, West Kensington to Sloane Avenue, Knightsbridge"
"LINESTRING (-0.169821 51.466633,-0.167894 51.493184", "From Falcon Road, Clapham Junction to Sloane Avenue, Knightsbridge"
"LINESTRING (-0.190603 51.493631,-0.167894 51.493184", "From Knaresborough Place, Earl's Court to Sloane Avenue, Knightsbridge"
"LINESTRING (-0.208565 51.515108,-0.167894 51.493184", "From Blenheim Crescent, Ladbroke Grove to Sloane Avenue, Knightsbridge"
"LINESTRING (-0.142844 51.506613,-0.167894 51.493184", "From Green Park Station, Mayfair to Sloane Avenue, Knightsbridge"
"LINESTRING (-0.190603 51.493631,-0.167894 51.493184", "From Knaresborough Place, Earl's Court to Sloane Avenue, Knightsbridge"
"LINESTRING (-0.137235 51.473116,-0.167894 51.493184", "From Stewart's Road, Wandsworth Road to Sloane Avenue, Knightsbridge"
"LINESTRING (-0.18119 51.490945,-0.167894 51.493184", "From Old Brompton Road, South Kensington to Sloane Avenue, Knightsbridge"
"LINESTRING (-0.179369 51.487196,-0.167894 51.493184", "From Drayton Gardens, West Chelsea to Sloane Avenue, Knightsbridge"
"LINESTRING (-0.187842 51.509908,-0.167894 51.493184", "From Black Lion Gate, Kensington Gardens to Sloane Avenue, Knightsbridge"
"LINESTRING (-0.198735 51.46067,-0.167894 51.493184", "From Osiers Road, Wandsworth to Sloane Avenue, Knightsbridge"
"LINESTRING (-0.161203 51.496886,-0.167894 51.493184", "From Pont Street, Knightsbridge to Sloane Avenue, Knightsbridge"
"LINESTRING (-0.147449 51.509351,-0.167894 51.493184", "From Farm Street, Mayfair to Sloane Avenue, Knightsbridge"
"LINESTRING (-0.156876 51.49313,-0.167894 51.493184", "From Sedding Street, Sloane Square to Sloane Avenue, Knightsbridge"
"LINESTRING (-0.174971 51.485121,-0.167894 51.493184", "From The Vale, Chelsea to Sloane Avenue, Knightsbridge"
"LINESTRING (-0.138212 51.481335,-0.167894 51.493184", "From Riverlight South, Nine Elms to Sloane Avenue, Knightsbridge"
"LINESTRING (-0.180389 51.46517,-0.167894 51.493184", "From Hibbert Street, Battersea to Sloane Avenue, Knightsbridge"
"LINESTRING (-0.191496 51.503157,-0.167894 51.493184", "From Kensington Church Street, Kensington to Sloane Avenue, Knightsbridge"
"LINESTRING (-0.170194 51.489716,-0.167894 51.493184", "From St. Luke's Church, Chelsea to Sloane Avenue, Knightsbridge"
"LINESTRING (-0.183165 51.474665,-0.167894 51.493184", "From Imperial Wharf Station, Sands End to Sloane Avenue, Knightsbridge"
"LINESTRING (-0.18119 51.490945,-0.167894 51.493184", "From Old Brompton Road, South Kensington to Sloane Avenue, Knightsbridge"
"LINESTRING (-0.093051 51.511246,-0.167894 51.493184", "From Queen Street 2, Bank to Sloane Avenue, Knightsbridge"
"LINESTRING (-0.204815 51.484386,-0.167894 51.493184", "From Normand Park, West Kensington to Sloane Avenue, Knightsbridge"
"LINESTRING (-0.159169 51.475153,-0.167894 51.493184", "From Prince of Wales Drive, Battersea Park to Sloane Avenue, Knightsbridge"
"LINESTRING (-0.163347 51.474392,-0.167894 51.493184", "From Albert Bridge Road, Battersea Park to Sloane Avenue, Knightsbridge"
"LINESTRING (-0.174554 51.499917,-0.167894 51.493184", "From Exhibition Road, Knightsbridge to Sloane Avenue, Knightsbridge"
"LINESTRING (-0.174411 51.511933,-0.167894 51.493184", "From Bayswater Road, Hyde Park to Sloane Avenue, Knightsbridge"
"LINESTRING (-0.179369 51.487196,-0.167894 51.493184", "From Drayton Gardens, West Chelsea to Sloane Avenue, Knightsbridge"
"LINESTRING (-0.172293 51.467454,-0.167894 51.493184", "From Ingrave Street, Clapham Junction to Sloane Avenue, Knightsbridge"
"LINESTRING (-0.201554 51.512136,-0.167894 51.493184", "From Chepstow Villas, Notting Hill to Sloane Avenue, Knightsbridge"
"LINESTRING (-0.169821 51.466633,-0.167894 51.493184", "From Falcon Road, Clapham Junction to Sloane Avenue, Knightsbridge"
"LINESTRING (-0.173881 51.494412,-0.167894 51.493184", "From South Kensington Station, South Kensington to Sloane Avenue, Knightsbridge"
"LINESTRING (-0.172078 51.482567,-0.167894 51.493184", "From Danvers Street, West Chelsea to Sloane Avenue, Knightsbridge"
"LINESTRING (-0.174347 51.476964,-0.167894 51.493184", "From Battersea Church Road, Battersea to Sloane Avenue, Knightsbridge"
"LINESTRING (-0.176267 51.472876,-0.167894 51.493184", "From Vicarage Crescent, Battersea to Sloane Avenue, Knightsbridge"
"LINESTRING (-0.166878 51.488023,-0.167894 51.493184", "From Flood Street, Chelsea to Sloane Avenue, Knightsbridge"
"LINESTRING (-0.185296 51.495362,-0.167894 51.493184", "From Emperor's Gate, South Kensington to Sloane Avenue, Knightsbridge"
"LINESTRING (-0.157436 51.512276,-0.167894 51.493184", "From Green Street, Mayfair to Sloane Avenue, Knightsbridge"
"LINESTRING (-0.179369 51.487196,-0.167894 51.493184", "From Drayton Gardens, West Chelsea to Sloane Avenue, Knightsbridge"
"LINESTRING (-0.197609 51.483911,-0.167894 51.493184", "From Halford Road, West Kensington to Sloane Avenue, Knightsbridge"
"LINESTRING (-0.129925 51.493072,-0.167894 51.493184", "From Vincent Street, Pimlico to Sloane Avenue, Knightsbridge"
"LINESTRING (-0.161765 51.487964,-0.167894 51.493184", "From Ormonde Gate, Chelsea to Sloane Avenue, Knightsbridge"
"LINESTRING (-0.18119 51.490945,-0.167894 51.493184", "From Old Brompton Road, South Kensington to Sloane Avenue, Knightsbridge"
"LINESTRING (-0.13151 51.509639,-0.167894 51.493184", "From Panton Street, West End to Sloane Avenue, Knightsbridge"
"LINESTRING (-0.180274 51.481805,-0.167894 51.493184", "From World's End Place, West Chelsea to Sloane Avenue, Knightsbridge"
"LINESTRING (-0.208485 51.478939,-0.167894 51.493184", "From St. Peter's Terrace, Fulham to Sloane Avenue, Knightsbridge"
"LINESTRING (-0.136123 51.482362,-0.167894 51.493184", "From Riverlight North, Nine Elms to Sloane Avenue, Knightsbridge"
"LINESTRING (-0.167894 51.493184,-0.167894 51.493184", "From Sloane Avenue, Knightsbridge to Sloane Avenue, Knightsbridge"
"LINESTRING (-0.17306 51.505014,-0.167894 51.493184", "From Serpentine Car Park, Hyde Park to Sloane Avenue, Knightsbridge"
"LINESTRING (-0.142207 51.485357,-0.167894 51.493184", "From Grosvenor Road, Pimlico to Sloane Avenue, Knightsbridge"
"LINESTRING (-0.185273 51.481765,-0.167894 51.493184", "From Hortensia Road, West Brompton to Sloane Avenue, Knightsbridge"
"LINESTRING (-0.190393 51.490163,-0.167894 51.493184", "From Bramham Gardens, Earl's Court to Sloane Avenue, Knightsbridge"
"LINESTRING (-0.153194 51.501352,-0.167894 51.493184", "From Grosvenor Crescent, Belgravia to Sloane Avenue, Knightsbridge"
"LINESTRING (-0.138212 51.481335,-0.167894 51.493184", "From Riverlight South, Nine Elms to Sloane Avenue, Knightsbridge"
"LINESTRING (-0.149186 51.490491,-0.167894 51.493184", "From Ebury Bridge, Pimlico to Sloane Avenue, Knightsbridge"
"LINESTRING (-0.179702 51.499428,-0.167894 51.493184", "From Imperial College, Knightsbridge to Sloane Avenue, Knightsbridge"
"LINESTRING (-0.176267 51.472876,-0.167894 51.493184", "From Vicarage Crescent, Battersea to Sloane Avenue, Knightsbridge"
"LINESTRING (-0.187404 51.487958,-0.167894 51.493184", "From Harcourt Terrace, West Brompton to Sloane Avenue, Knightsbridge"
"LINESTRING (-0.159169 51.475153,-0.167894 51.493184", "From Prince of Wales Drive, Battersea Park to Sloane Avenue, Knightsbridge"
"LINESTRING (-0.191462 51.501364,-0.167894 51.493184", "From Derry Street, Kensington to Sloane Avenue, Knightsbridge"
"LINESTRING (-0.144165 51.510736,-0.167894 51.493184", "From Bruton Street, Mayfair to Sloane Avenue, Knightsbridge"
"LINESTRING (-0.18119 51.485587,-0.167894 51.493184", "From Limerston Street, West Chelsea to Sloane Avenue, Knightsbridge"
"LINESTRING (-0.147857 51.477966,-0.167894 51.493184", "From Gas Holders, Battersea Park to Sloane Avenue, Knightsbridge"
"LINESTRING (-0.183834 51.497924,-0.167894 51.493184", "From Gloucester Road (North), Kensington to Sloane Avenue, Knightsbridge"
"LINESTRING (-0.195777 51.479463,-0.167894 51.493184", "From Erin Close, Walham Green to Sloane Avenue, Knightsbridge"
"LINESTRING (-0.107349 51.511891,-0.167894 51.493184", "From Tallis Street, Temple to Sloane Avenue, Knightsbridge"
"LINESTRING (-0.149035 51.481121,-0.167894 51.493184", "From Sopwith Way, Battersea Park to Sloane Avenue, Knightsbridge"
"LINESTRING (-0.174347 51.476964,-0.167894 51.493184", "From Battersea Church Road, Battersea to Sloane Avenue, Knightsbridge"
"LINESTRING (-0.179369 51.487196,-0.167894 51.493184", "From Drayton Gardens, West Chelsea to Sloane Avenue, Knightsbridge"
"LINESTRING (-0.18119 51.485587,-0.167894 51.493184", "From Limerston Street, West Chelsea to Sloane Avenue, Knightsbridge"
"LINESTRING (-0.174554 51.499917,-0.167894 51.493184", "From Exhibition Road, Knightsbridge to Sloane Avenue, Knightsbridge"
"LINESTRING (-0.134621 51.507424,-0.167894 51.493184", "From St. James's Square, St. James's to Sloane Avenue, Knightsbridge"
"LINESTRING (-0.179854 51.501715,-0.183118 51.515607", "From Queen's Gate, Kensington Gardens to Cleveland Gardens, Bayswater"
"LINESTRING (-0.208565 51.515108,-0.183118 51.515607", "From Blenheim Crescent, Ladbroke Grove to Cleveland Gardens, Bayswater"
"LINESTRING (-0.156166 51.518913,-0.183118 51.515607", "From Baker Street, Marylebone to Cleveland Gardens, Bayswater"
"LINESTRING (-0.157436 51.512276,-0.183118 51.515607", "From Green Street, Mayfair to Cleveland Gardens, Bayswater"
"LINESTRING (-0.176645 51.518622,-0.183118 51.515607", "From North Wharf Road, Paddington to Cleveland Gardens, Bayswater"
"LINESTRING (-0.156876 51.49313,-0.183118 51.515607", "From Sedding Street, Sloane Square to Cleveland Gardens, Bayswater"
"LINESTRING (-0.157436 51.512276,-0.183118 51.515607", "From Green Street, Mayfair to Cleveland Gardens, Bayswater"
"LINESTRING (-0.179702 51.499428,-0.183118 51.515607", "From Imperial College, Knightsbridge to Cleveland Gardens, Bayswater"
"LINESTRING (-0.157436 51.512276,-0.183118 51.515607", "From Green Street, Mayfair to Cleveland Gardens, Bayswater"
"LINESTRING (-0.196422 51.509353,-0.183118 51.515607", "From Notting Hill Gate Station, Notting Hill to Cleveland Gardens, Bayswater"
"LINESTRING (-0.145827 51.507326,-0.183118 51.515607", "From Clarges Street, Mayfair to Cleveland Gardens, Bayswater"
"LINESTRING (-0.144132 51.493204,-0.183118 51.515607", "From Belgrave Road, Victoria to Cleveland Gardens, Bayswater"
"LINESTRING (-0.151359 51.522008,-0.183118 51.515607", "From Beaumont Street, Marylebone to Cleveland Gardens, Bayswater"
"LINESTRING (-0.175116 51.523353,-0.183118 51.515607", "From Frampton Street, Paddington to Cleveland Gardens, Bayswater"
"LINESTRING (-0.183118 51.515607,-0.183118 51.515607", "From Cleveland Gardens, Bayswater to Cleveland Gardens, Bayswater"
"LINESTRING (-0.19096 51.51244,-0.183716 51.517932", "From Ilchester Gardens, Bayswater to Orsett Terrace, Bayswater"
"LINESTRING (-0.154701 51.520583,-0.183716 51.517932", "From Paddington Street, Marylebone to Orsett Terrace, Bayswater"
"LINESTRING (-0.224103 51.509158,-0.183716 51.517932", "From Westfield Ariel Way, White City to Orsett Terrace, Bayswater"
"LINESTRING (-0.124749 51.509462,-0.183716 51.517932", "From William IV Street, Strand to Orsett Terrace, Bayswater"
"LINESTRING (-0.149569 51.50274,-0.183716 51.517932", "From Wellington Arch, Hyde Park to Orsett Terrace, Bayswater"
"LINESTRING (-0.174411 51.511933,-0.183716 51.517932", "From Bayswater Road, Hyde Park to Orsett Terrace, Bayswater"
"LINESTRING (-0.158963 51.524517,-0.183716 51.517932", "From Park Road (Baker Street), The Regent's Park to Orsett Terrace, Bayswater"
"LINESTRING (-0.153933 51.494561,-0.159237 51.501855", "From Eaton Square (South), Belgravia to Seville Street, Knightsbridge"
"LINESTRING (-0.101536 51.49217,-0.159237 51.501855", "From Hampton Street, Walworth to Seville Street, Knightsbridge"
"LINESTRING (-0.06111 51.518675,-0.159237 51.501855", "From Royal London Hospital, Whitechapel to Seville Street, Knightsbridge"
"LINESTRING (-0.144165 51.510736,-0.159237 51.501855", "From Bruton Street, Mayfair to Seville Street, Knightsbridge"
"LINESTRING (-0.150905 51.496544,-0.159237 51.501855", "From Eaton Square, Belgravia to Seville Street, Knightsbridge"
"LINESTRING (-0.157788 51.465123,-0.159237 51.501855", "From Sugden Road, Clapham to Seville Street, Knightsbridge"
"LINESTRING (-0.224303 51.506093,-0.159237 51.501855", "From Westfield Library Corner, Shepherd's Bush to Seville Street, Knightsbridge"
"LINESTRING (-0.130699 51.50777,-0.159237 51.501855", "From Pall Mall East, West End to Seville Street, Knightsbridge"
"LINESTRING (-0.126021 51.508103,-0.159237 51.501855", "From Craven Street, Strand to Seville Street, Knightsbridge"
"LINESTRING (-0.154106 51.517703,-0.159237 51.501855", "From George Street, Marylebone to Seville Street, Knightsbridge"
"LINESTRING (-0.153645 51.512911,-0.159237 51.501855", "From North Audley Street, Mayfair to Seville Street, Knightsbridge"
"LINESTRING (-0.142943 51.496863,-0.159237 51.501855", "From Allington Street, Victoria to Seville Street, Knightsbridge"
"LINESTRING (-0.145827 51.507326,-0.159237 51.501855", "From Clarges Street, Mayfair to Seville Street, Knightsbridge"
"LINESTRING (-0.167894 51.493184,-0.159237 51.501855", "From Sloane Avenue, Knightsbridge to Seville Street, Knightsbridge"
"LINESTRING (-0.13558 51.513684,-0.159237 51.501855", "From Broadwick Street, Soho to Seville Street, Knightsbridge"
"LINESTRING (-0.15934 51.500241,-0.159237 51.501855", "From Harriet Street, Knightsbridge to Seville Street, Knightsbridge"
"LINESTRING (-0.216145 51.46161,-0.159237 51.501855", "From Disraeli Road, Putney to Seville Street, Knightsbridge"
"LINESTRING (-0.126021 51.508103,-0.159237 51.501855", "From Craven Street, Strand to Seville Street, Knightsbridge"
"LINESTRING (-0.142207 51.485357,-0.159237 51.501855", "From Grosvenor Road, Pimlico to Seville Street, Knightsbridge"
"LINESTRING (-0.174411 51.511933,-0.159237 51.501855", "From Bayswater Road, Hyde Park to Seville Street, Knightsbridge"
"LINESTRING (-0.200804 51.520509,-0.159237 51.501855", "From The Metropolitan, Portobello to Seville Street, Knightsbridge"
"LINESTRING (-0.167894 51.493184,-0.159237 51.501855", "From Sloane Avenue, Knightsbridge to Seville Street, Knightsbridge"
"LINESTRING (-0.154106 51.517703,-0.159237 51.501855", "From George Street, Marylebone to Seville Street, Knightsbridge"
"LINESTRING (-0.11258 51.473874,-0.147624 51.49395", "From Normandy Road, Stockwell to Eccleston Place, Victoria"
"LINESTRING (-0.197609 51.483911,-0.147624 51.49395", "From Halford Road, West Kensington to Eccleston Place, Victoria"
"LINESTRING (-0.118256 51.47659,-0.147624 51.49395", "From Albert Square, Stockwell to Eccleston Place, Victoria"
"LINESTRING (-0.156166 51.518913,-0.147624 51.49395", "From Baker Street, Marylebone to Eccleston Place, Victoria"
"LINESTRING (-0.150666 51.506864,-0.147624 51.49395", "From Stanhope Gate, Mayfair to Eccleston Place, Victoria"
"LINESTRING (-0.132845 51.489975,-0.147624 51.49395", "From Rampayne Street, Pimlico to Eccleston Place, Victoria"
"LINESTRING (-0.118478 51.514409,-0.147624 51.49395", "From Kingsway, Covent Garden to Eccleston Place, Victoria"
"LINESTRING (-0.17581 51.517335,-0.147624 51.49395", "From South Wharf Road, Paddington to Eccleston Place, Victoria"
"LINESTRING (-0.164786 51.477292,-0.147624 51.49395", "From Ethelburga Estate, Battersea Park to Eccleston Place, Victoria"
"LINESTRING (-0.142844 51.506613,-0.147624 51.49395", "From Green Park Station, Mayfair to Eccleston Place, Victoria"
"LINESTRING (-0.183853 51.480898,-0.147624 51.49395", "From Thorndike Close, West Chelsea to Eccleston Place, Victoria"
"LINESTRING (-0.208565 51.515108,-0.147624 51.49395", "From Blenheim Crescent, Ladbroke Grove to Eccleston Place, Victoria"
"LINESTRING (-0.215895 51.476885,-0.147624 51.49395", "From Finlay Street, Fulham to Eccleston Place, Victoria"
"LINESTRING (-0.137043 51.511897,-0.147624 51.49395", "From Golden Square, Soho to Eccleston Place, Victoria"
"LINESTRING (-0.176645 51.518622,-0.147624 51.49395", "From North Wharf Road, Paddington to Eccleston Place, Victoria"
"LINESTRING (-0.150817 51.505426,-0.147624 51.49395", "From Park Lane, Mayfair to Eccleston Place, Victoria"
"LINESTRING (-0.168917 51.497056,-0.147624 51.49395", "From Holy Trinity Brompton, Knightsbridge to Eccleston Place, Victoria"
"LINESTRING (-0.190393 51.490163,-0.147624 51.49395", "From Bramham Gardens, Earl's Court to Eccleston Place, Victoria"
"LINESTRING (-0.17581 51.517335,-0.147624 51.49395", "From South Wharf Road, Paddington to Eccleston Place, Victoria"
"LINESTRING (-0.116628 51.500089,-0.147624 51.49395", "From Lambeth Palace Road, Waterloo to Eccleston Place, Victoria"
"LINESTRING (-0.2174 51.504038,-0.147624 51.49395", "From Woodstock Grove, Shepherd's Bush to Eccleston Place, Victoria"
"LINESTRING (-0.197574 51.499606,-0.147624 51.49395", "From Phillimore Gardens, Kensington to Eccleston Place, Victoria"
"LINESTRING (-0.118478 51.514409,-0.147624 51.49395", "From Kingsway, Covent Garden to Eccleston Place, Victoria"
"LINESTRING (-0.145827 51.507326,-0.147624 51.49395", "From Clarges Street, Mayfair to Eccleston Place, Victoria"
"LINESTRING (-0.217515 51.500353,-0.147624 51.49395", "From Richmond Way, Shepherd's Bush to Eccleston Place, Victoria"
"LINESTRING (-0.142844 51.506613,-0.147624 51.49395", "From Green Park Station, Mayfair to Eccleston Place, Victoria"
"LINESTRING (-0.168917 51.497056,-0.147624 51.49395", "From Holy Trinity Brompton, Knightsbridge to Eccleston Place, Victoria"
"LINESTRING (-0.132845 51.489975,-0.147624 51.49395", "From Rampayne Street, Pimlico to Eccleston Place, Victoria"
"LINESTRING (-0.170194 51.489716,-0.147624 51.49395", "From St. Luke's Church, Chelsea to Eccleston Place, Victoria"
"LINESTRING (-0.197524 51.511084,-0.147624 51.49395", "From Pembridge Villas, Notting Hill to Eccleston Place, Victoria"
"LINESTRING (-0.208485 51.478939,-0.147624 51.49395", "From St. Peter's Terrace, Fulham to Eccleston Place, Victoria"
"LINESTRING (-0.125674 51.491884,-0.147624 51.49395", "From Millbank Tower, Pimlico to Eccleston Place, Victoria"
"LINESTRING (-0.131773 51.506633,-0.147624 51.49395", "From Waterloo Place, St. James's to Eccleston Place, Victoria"
"LINESTRING (-0.187404 51.487958,-0.147624 51.49395", "From Harcourt Terrace, West Brompton to Eccleston Place, Victoria"
"LINESTRING (-0.117619 51.509943,-0.147624 51.49395", "From Somerset House, Strand to Eccleston Place, Victoria"
"LINESTRING (-0.132224 51.49206,-0.147624 51.49395", "From Regency Street, Westminster to Eccleston Place, Victoria"
"LINESTRING (-0.166221 51.490714,-0.147624 51.49395", "From Chelsea Green, Chelsea to Eccleston Place, Victoria"
"LINESTRING (-0.179592 51.525575,-0.147624 51.49395", "From Clifton Road, Maida Vale to Eccleston Place, Victoria"
"LINESTRING (-0.179135 51.516417,-0.147624 51.49395", "From Eastbourne Mews, Paddington to Eccleston Place, Victoria"
"LINESTRING (-0.157275 51.510017,-0.147624 51.49395", "From Park Lane , Hyde Park to Eccleston Place, Victoria"
"LINESTRING (-0.123823 51.501513,-0.147624 51.49395", "From Westminster Pier, Westminster to Eccleston Place, Victoria"
"LINESTRING (-0.110121 51.488105,-0.147624 51.49395", "From Cleaver Street, Kennington to Eccleston Place, Victoria"
"LINESTRING (-0.158249 51.516892,-0.147624 51.49395", "From George Place Mews, Marylebone to Eccleston Place, Victoria"
"LINESTRING (-0.167894 51.493184,-0.147624 51.49395", "From Sloane Avenue, Knightsbridge to Eccleston Place, Victoria"
"LINESTRING (-0.131961 51.508446,-0.147624 51.49395", "From Charles II Street, West End to Eccleston Place, Victoria"
"LINESTRING (-0.190346 51.46822,-0.147624 51.49395", "From Stephendale Road, Sands End to Eccleston Place, Victoria"
"LINESTRING (-0.17581 51.517335,-0.147624 51.49395", "From South Wharf Road, Paddington to Eccleston Place, Victoria"
"LINESTRING (-0.182435 51.478169,-0.147624 51.49395", "From Upcerne Road, West Chelsea to Eccleston Place, Victoria"
"LINESTRING (-0.170194 51.489716,-0.147624 51.49395", "From St. Luke's Church, Chelsea to Eccleston Place, Victoria"
"LINESTRING (-0.127575 51.495805,-0.147624 51.49395", "From Smith Square, Westminster to Eccleston Place, Victoria"
"LINESTRING (-0.146544 51.468669,-0.147624 51.49395", "From Heath Road, Battersea to Eccleston Place, Victoria"
"LINESTRING (-0.162298 51.522511,-0.147624 51.49395", "From Boston Place, Marylebone to Eccleston Place, Victoria"
"LINESTRING (-0.083632 51.502153,-0.147624 51.49395", "From Snowsfields, London Bridge to Eccleston Place, Victoria"
"LINESTRING (-0.167919 51.484984,-0.147624 51.49395", "From Phene Street, Chelsea to Eccleston Place, Victoria"
"LINESTRING (-0.164786 51.477292,-0.147624 51.49395", "From Ethelburga Estate, Battersea Park to Eccleston Place, Victoria"
"LINESTRING (-0.13011 51.513527,-0.147624 51.49395", "From Moor Street, Soho to Eccleston Place, Victoria"
"LINESTRING (-0.156876 51.49313,-0.147624 51.49395", "From Sedding Street, Sloane Square to Eccleston Place, Victoria"
"LINESTRING (-0.164207 51.517372,-0.147624 51.49395", "From Harrowby Street, Marylebone to Eccleston Place, Victoria"
"LINESTRING (-0.183118 51.515607,-0.147624 51.49395", "From Cleveland Gardens, Bayswater to Eccleston Place, Victoria"
"LINESTRING (-0.131213 51.513103,-0.147624 51.49395", "From Frith Street, Soho to Eccleston Place, Victoria"
"LINESTRING (-0.18697 51.51616,-0.147624 51.49395", "From Bishop's Bridge Road West, Bayswater to Eccleston Place, Victoria"
"LINESTRING (-0.171103 51.518268,-0.147624 51.49395", "From St Mary's Hospital, Paddington to Eccleston Place, Victoria"
"LINESTRING (-0.098807 51.506725,-0.147624 51.49395", "From Tate Modern, Bankside to Eccleston Place, Victoria"
"LINESTRING (-0.184318 51.468819,-0.147624 51.49395", "From William Morris Way, Sands End to Eccleston Place, Victoria"
"LINESTRING (-0.164786 51.477292,-0.147624 51.49395", "From Ethelburga Estate, Battersea Park to Eccleston Place, Victoria"
"LINESTRING (-0.185273 51.481765,-0.147624 51.49395", "From Hortensia Road, West Brompton to Eccleston Place, Victoria"
"LINESTRING (-0.147714 51.483507,-0.147624 51.49395", "From Battersea Power Station, Battersea Park to Eccleston Place, Victoria"
"LINESTRING (-0.083632 51.502153,-0.147624 51.49395", "From Snowsfields, London Bridge to Eccleston Place, Victoria"
"LINESTRING (-0.190346 51.46822,-0.147624 51.49395", "From Stephendale Road, Sands End to Eccleston Place, Victoria"
"LINESTRING (-0.164786 51.477292,-0.147624 51.49395", "From Ethelburga Estate, Battersea Park to Eccleston Place, Victoria"
"LINESTRING (-0.16375 51.465064,-0.147624 51.49395", "From Dorothy Road, Clapham Junction to Eccleston Place, Victoria"
"LINESTRING (-0.18119 51.490945,-0.147624 51.49395", "From Old Brompton Road, South Kensington to Eccleston Place, Victoria"
"LINESTRING (-0.190603 51.493631,-0.195455 51.500401", "From Knaresborough Place, Earl's Court to Argyll Road, Kensington"
"LINESTRING (-0.193068 51.500397,-0.195455 51.500401", "From Wright's Lane, Kensington to Argyll Road, Kensington"
"LINESTRING (-0.193764 51.508605,-0.195455 51.500401", "From Palace Gardens Terrace, Notting Hill to Argyll Road, Kensington"
"LINESTRING (-0.141423 51.514499,-0.195455 51.500401", "From Little Argyll Street, West End to Argyll Road, Kensington"
"LINESTRING (-0.126021 51.508103,-0.195455 51.500401", "From Craven Street, Strand to Argyll Road, Kensington"
"LINESTRING (-0.185273 51.481765,-0.195455 51.500401", "From Hortensia Road, West Brompton to Argyll Road, Kensington"
"LINESTRING (-0.224103 51.509158,-0.195455 51.500401", "From Westfield Ariel Way, White City to Argyll Road, Kensington"
"LINESTRING (-0.18498 51.501737,-0.195455 51.500401", "From De Vere Gardens, Kensington to Argyll Road, Kensington"
"LINESTRING (-0.202759 51.500743,-0.195455 51.500401", "From Ilchester Place, Kensington to Argyll Road, Kensington"
"LINESTRING (-0.105312 51.504043,-0.195455 51.500401", "From Southwark Station 1, Southwark to Argyll Road, Kensington"
"LINESTRING (-0.205991 51.501391,-0.195455 51.500401", "From Abbotsbury Road, Holland Park to Argyll Road, Kensington"
"LINESTRING (-0.199004 51.506584,-0.195455 51.500401", "From Campden Hill Road, Notting Hill to Argyll Road, Kensington"
"LINESTRING (-0.187402 51.51031,-0.195455 51.500401", "From Queensway, Kensington Gardens to Argyll Road, Kensington"
"LINESTRING (-0.228188 51.494499,-0.195455 51.500401", "From Southerton Road, Hammersmith to Argyll Road, Kensington"
"LINESTRING (-0.142844 51.506613,-0.195455 51.500401", "From Green Park Station, Mayfair to Argyll Road, Kensington"
"LINESTRING (-0.223616 51.485743,-0.195455 51.500401", "From Manbre Road, Hammersmith to Argyll Road, Kensington"
"LINESTRING (-0.167894 51.493184,-0.195455 51.500401", "From Sloane Avenue, Knightsbridge to Argyll Road, Kensington"
"LINESTRING (-0.197574 51.499606,-0.195455 51.500401", "From Phillimore Gardens, Kensington to Argyll Road, Kensington"
"LINESTRING (-0.16375 51.465064,-0.195455 51.500401", "From Dorothy Road, Clapham Junction to Argyll Road, Kensington"
"LINESTRING (-0.141423 51.514499,-0.195455 51.500401", "From Little Argyll Street, West End to Argyll Road, Kensington"
"LINESTRING (-0.149569 51.50274,-0.195455 51.500401", "From Wellington Arch, Hyde Park to Argyll Road, Kensington"
"LINESTRING (-0.205284 51.496712,-0.195455 51.500401", "From Warwick Road, Olympia to Argyll Road, Kensington"
"LINESTRING (-0.136039 51.519914,-0.165164 51.514746", "From Scala Street, Fitzrovia to Porchester Place, Paddington"
"LINESTRING (-0.162727 51.489932,-0.165164 51.514746", "From Royal Avenue 1, Chelsea to Porchester Place, Paddington"
"LINESTRING (-0.176645 51.518622,-0.165164 51.514746", "From North Wharf Road, Paddington to Porchester Place, Paddington"
"LINESTRING (-0.169249 51.515953,-0.165164 51.514746", "From Southwick Street, Paddington to Porchester Place, Paddington"
"LINESTRING (-0.142844 51.506613,-0.165164 51.514746", "From Green Park Station, Mayfair to Porchester Place, Paddington"
"LINESTRING (-0.173693 51.495948,-0.165164 51.514746", "From Exhibition Road Museums 2, South Kensington to Porchester Place, Paddington"
"LINESTRING (-0.145393 51.542138,-0.165164 51.514746", "From Castlehaven Road, Camden Town to Porchester Place, Paddington"
"LINESTRING (-0.08497 51.50964,-0.165164 51.514746", "From Monument Street, Monument to Porchester Place, Paddington"
"LINESTRING (-0.148105 51.514759,-0.165164 51.514746", "From Marylebone Lane, Marylebone to Porchester Place, Paddington"
"LINESTRING (-0.135025 51.518162,-0.165164 51.514746", "From Rathbone Street, Fitzrovia to Porchester Place, Paddington"
"LINESTRING (-0.165164 51.514746,-0.165164 51.514746", "From Porchester Place, Paddington to Porchester Place, Paddington"
"LINESTRING (-0.17977 51.51348,-0.165164 51.514746", "From Devonshire Terrace, Bayswater to Porchester Place, Paddington"
"LINESTRING (-0.109256 51.526443,-0.165164 51.514746", "From Tysoe Street, Clerkenwell to Porchester Place, Paddington"
"LINESTRING (-0.139016 51.520994,-0.165164 51.514746", "From Howland Street, Fitzrovia to Porchester Place, Paddington"
"LINESTRING (-0.158963 51.524517,-0.165164 51.514746", "From Park Road (Baker Street), The Regent's Park to Porchester Place, Paddington"
"LINESTRING (-0.15352 51.503117,-0.165164 51.514746", "From Hyde Park Corner, Hyde Park to Porchester Place, Paddington"
"LINESTRING (-0.126021 51.508103,-0.165164 51.514746", "From Craven Street, Strand to Porchester Place, Paddington"
"LINESTRING (-0.15352 51.503117,-0.165164 51.514746", "From Hyde Park Corner, Hyde Park to Porchester Place, Paddington"
"LINESTRING (-0.155349 51.502757,-0.165164 51.514746", "From Knightsbridge, Hyde Park to Porchester Place, Paddington"
"LINESTRING (-0.151926 51.516814,-0.165164 51.514746", "From Hinde Street, Marylebone to Porchester Place, Paddington"
"LINESTRING (-0.173881 51.494412,-0.165164 51.514746", "From South Kensington Station, South Kensington to Porchester Place, Paddington"
"LINESTRING (-0.155349 51.502757,-0.165164 51.514746", "From Knightsbridge, Hyde Park to Porchester Place, Paddington"
"LINESTRING (-0.161765 51.487964,-0.165164 51.514746", "From Ormonde Gate, Chelsea to Porchester Place, Paddington"
"LINESTRING (-0.142844 51.506613,-0.165164 51.514746", "From Green Park Station, Mayfair to Porchester Place, Paddington"
"LINESTRING (-0.153645 51.512911,-0.165164 51.514746", "From North Audley Street, Mayfair to Porchester Place, Paddington"
"LINESTRING (-0.142844 51.506613,-0.165164 51.514746", "From Green Park Station, Mayfair to Porchester Place, Paddington"
"LINESTRING (-0.183486 51.529857,-0.165164 51.514746", "From Maida Vale, Maida Vale to Porchester Place, Paddington"
"LINESTRING (-0.18267 51.494185,-0.165164 51.514746", "From Gloucester Road Station, South Kensington to Porchester Place, Paddington"
"LINESTRING (-0.154701 51.520583,-0.165164 51.514746", "From Paddington Street, Marylebone to Porchester Place, Paddington"
"LINESTRING (-0.149186 51.490491,-0.165164 51.514746", "From Ebury Bridge, Pimlico to Porchester Place, Paddington"
"LINESTRING (-0.19024 51.515529,-0.165164 51.514746", "From Westbourne Grove, Bayswater to Porchester Place, Paddington"
"LINESTRING (-0.138846 51.510048,-0.165164 51.514746", "From Sackville Street, Mayfair to Porchester Place, Paddington"
"LINESTRING (-0.165164 51.514746,-0.165164 51.514746", "From Porchester Place, Paddington to Porchester Place, Paddington"
"LINESTRING (-0.18498 51.501737,-0.165164 51.514746", "From De Vere Gardens, Kensington to Porchester Place, Paddington"
"LINESTRING (-0.102757 51.536384,-0.108068 51.527842", "From Islington Green, Angel to Hardwick Street, Clerkenwell"
"LINESTRING (-0.103604 51.517334,-0.108068 51.527842", "From Snow Hill, Farringdon to Hardwick Street, Clerkenwell"
"LINESTRING (-0.117863 51.515208,-0.108068 51.527842", "From Sardinia Street, Holborn to Hardwick Street, Clerkenwell"
"LINESTRING (-0.09315 51.53356,-0.108068 51.527842", "From Eagle Wharf Road, Hoxton to Hardwick Street, Clerkenwell"
"LINESTRING (-0.049591 51.53341,-0.108068 51.527842", "From Bonner Gate, Victoria Park to Hardwick Street, Clerkenwell"
"LINESTRING (-0.139016 51.520994,-0.108068 51.527842", "From Howland Street, Fitzrovia to Hardwick Street, Clerkenwell"
"LINESTRING (-0.116279 51.524564,-0.108068 51.527842", "From Wren Street, Holborn to Hardwick Street, Clerkenwell"
"LINESTRING (-0.11655 51.51824,-0.108068 51.527842", "From Red Lion Street, Holborn to Hardwick Street, Clerkenwell"
"LINESTRING (-0.13011 51.513527,-0.108068 51.527842", "From Moor Street, Soho to Hardwick Street, Clerkenwell"
"LINESTRING (-0.089659 51.52548,-0.108068 51.527842", "From Old Street Station, St. Luke's to Hardwick Street, Clerkenwell"
"LINESTRING (-0.073955 51.526293,-0.108068 51.527842", "From Palissy Street, Shoreditch to Hardwick Street, Clerkenwell"
"LINESTRING (-0.070329 51.539083,-0.108068 51.527842", "From Shoreditch Court, Haggerston to Hardwick Street, Clerkenwell"
"LINESTRING (-0.112824 51.503791,-0.108068 51.527842", "From Waterloo Station 3, Waterloo to Hardwick Street, Clerkenwell"
"LINESTRING (-0.079249 51.518908,-0.108068 51.527842", "From Brushfield Street, Liverpool Street to Hardwick Street, Clerkenwell"
"LINESTRING (-0.131161 51.52505,-0.108068 51.527842", "From Taviton Street, Bloomsbury to Hardwick Street, Clerkenwell"
"LINESTRING (-0.086016 51.53114,-0.108068 51.527842", "From New North Road 2, Hoxton to Hardwick Street, Clerkenwell"
"LINESTRING (-0.096317 51.526008,-0.108068 51.527842", "From Finsbury Leisure Centre, St. Luke's to Hardwick Street, Clerkenwell"
"LINESTRING (-0.117863 51.515208,-0.108068 51.527842", "From Sardinia Street, Holborn to Hardwick Street, Clerkenwell"
"LINESTRING (-0.191462 51.501364,-0.186753 51.491615", "From Derry Street, Kensington to Collingham Gardens, Earl's Court"
"LINESTRING (-0.191462 51.501364,-0.186753 51.491615", "From Derry Street, Kensington to Collingham Gardens, Earl's Court"
"LINESTRING (-0.219486 51.512981,-0.186753 51.491615", "From Freston Road, Avondale to Collingham Gardens, Earl's Court"
"LINESTRING (-0.182435 51.478169,-0.186753 51.491615", "From Upcerne Road, West Chelsea to Collingham Gardens, Earl's Court"
"LINESTRING (-0.18498 51.501737,-0.186753 51.491615", "From De Vere Gardens, Kensington to Collingham Gardens, Earl's Court"
"LINESTRING (-0.202038 51.48357,-0.186753 51.491615", "From Coomer Place, West Kensington to Collingham Gardens, Earl's Court"
"LINESTRING (-0.20624 51.461999,-0.186753 51.491615", "From Putney Bridge Road, East Putney to Collingham Gardens, Earl's Court"
"LINESTRING (-0.167894 51.493184,-0.186753 51.491615", "From Sloane Avenue, Knightsbridge to Collingham Gardens, Earl's Court"
"LINESTRING (-0.18267 51.494185,-0.186753 51.491615", "From Gloucester Road Station, South Kensington to Collingham Gardens, Earl's Court"
"LINESTRING (-0.205535 51.507481,-0.186753 51.491615", "From Lansdowne Road, Ladbroke Grove to Collingham Gardens, Earl's Court"
"LINESTRING (-0.167894 51.493184,-0.186753 51.491615", "From Sloane Avenue, Knightsbridge to Collingham Gardens, Earl's Court"
"LINESTRING (-0.236769 51.494223,-0.186753 51.491615", "From Ravenscourt Park Station, Hammersmith to Collingham Gardens, Earl's Court"
"LINESTRING (-0.179369 51.487196,-0.186753 51.491615", "From Drayton Gardens, West Chelsea to Collingham Gardens, Earl's Court"
"LINESTRING (-0.161203 51.496886,-0.186753 51.491615", "From Pont Street, Knightsbridge to Collingham Gardens, Earl's Court"
"LINESTRING (-0.13011 51.513527,-0.186753 51.491615", "From Moor Street, Soho to Collingham Gardens, Earl's Court"
"LINESTRING (-0.158264 51.514577,-0.186753 51.491615", "From Old Quebec Street, Marylebone to Collingham Gardens, Earl's Court"
"LINESTRING (-0.179369 51.487196,-0.186753 51.491615", "From Drayton Gardens, West Chelsea to Collingham Gardens, Earl's Court"
"LINESTRING (-0.20624 51.461999,-0.186753 51.491615", "From Putney Bridge Road, East Putney to Collingham Gardens, Earl's Court"
"LINESTRING (-0.202038 51.48357,-0.186753 51.491615", "From Coomer Place, West Kensington to Collingham Gardens, Earl's Court"
"LINESTRING (-0.192369 51.491593,-0.186753 51.491615", "From Penywern Road, Earl's Court to Collingham Gardens, Earl's Court"
"LINESTRING (-0.147983 51.519167,-0.186753 51.491615", "From New Cavendish Street, Marylebone to Collingham Gardens, Earl's Court"
"LINESTRING (-0.176267 51.472876,-0.173715 51.491211", "From Vicarage Crescent, Battersea to Sumner Place, South Kensington"
"LINESTRING (-0.18119 51.485587,-0.173715 51.491211", "From Limerston Street, West Chelsea to Sumner Place, South Kensington"
"LINESTRING (-0.149551 51.477619,-0.173715 51.491211", "From Queen's Circus, Battersea Park to Sumner Place, South Kensington"
"LINESTRING (-0.159322 51.461343,-0.173715 51.491211", "From Clapham Common North Side, Clapham Common to Sumner Place, South Kensington"
"LINESTRING (-0.209973 51.481021,-0.173715 51.491211", "From Aintree Street, Fulham to Sumner Place, South Kensington"
"LINESTRING (-0.159322 51.461343,-0.173715 51.491211", "From Clapham Common North Side, Clapham Common to Sumner Place, South Kensington"
"LINESTRING (-0.229116 51.492084,-0.173715 51.491211", "From Bridge Avenue, Hammersmith to Sumner Place, South Kensington"
"LINESTRING (-0.161203 51.496886,-0.173715 51.491211", "From Pont Street, Knightsbridge to Sumner Place, South Kensington"
"LINESTRING (-0.186753 51.491615,-0.173715 51.491211", "From Collingham Gardens, Earl's Court to Sumner Place, South Kensington"
"LINESTRING (-0.139625 51.490962,-0.173715 51.491211", "From Gloucester Street, Pimlico to Sumner Place, South Kensington"
"LINESTRING (-0.215618 51.464786,-0.173715 51.491211", "From Felsham Road, Putney to Sumner Place, South Kensington"
"LINESTRING (-0.134621 51.507424,-0.173715 51.491211", "From St. James's Square, St. James's to Sumner Place, South Kensington"
"LINESTRING (-0.139625 51.490962,-0.173715 51.491211", "From Gloucester Street, Pimlico to Sumner Place, South Kensington"
"LINESTRING (-0.165164 51.514746,-0.173715 51.491211", "From Porchester Place, Paddington to Sumner Place, South Kensington"
"LINESTRING (-0.194116 51.479932,-0.173715 51.491211", "From Fulham Broadway, Walham Green to Sumner Place, South Kensington"
"LINESTRING (-0.170279 51.506451,-0.173715 51.491211", "From Triangle Car Park, Hyde Park to Sumner Place, South Kensington"
"LINESTRING (-0.169821 51.466633,-0.173715 51.491211", "From Falcon Road, Clapham Junction to Sumner Place, South Kensington"
"LINESTRING (-0.169821 51.466633,-0.173715 51.491211", "From Falcon Road, Clapham Junction to Sumner Place, South Kensington"
"LINESTRING (-0.171103 51.518268,-0.173715 51.491211", "From St Mary's Hospital, Paddington to Sumner Place, South Kensington"
"LINESTRING (-0.171681 51.522892,-0.173715 51.491211", "From Penfold Street, Marylebone to Sumner Place, South Kensington"
"LINESTRING (-0.183165 51.474665,-0.173715 51.491211", "From Imperial Wharf Station, Sands End to Sumner Place, South Kensington"
"LINESTRING (-0.122219 51.51477,-0.173715 51.491211", "From Drury Lane, Covent Garden to Sumner Place, South Kensington"
"LINESTRING (-0.173881 51.494412,-0.173715 51.491211", "From South Kensington Station, South Kensington to Sumner Place, South Kensington"
"LINESTRING (-0.173881 51.494412,-0.173715 51.491211", "From South Kensington Station, South Kensington to Sumner Place, South Kensington"
"LINESTRING (-0.150908 51.47505,-0.173715 51.491211", "From Alfreda Street, Battersea Park to Sumner Place, South Kensington"
"LINESTRING (-0.113179 51.466232,-0.173715 51.491211", "From St John's Crescent, Brixton to Sumner Place, South Kensington"
"LINESTRING (-0.169821 51.466633,-0.173715 51.491211", "From Falcon Road, Clapham Junction to Sumner Place, South Kensington"
"LINESTRING (-0.187404 51.487958,-0.173715 51.491211", "From Harcourt Terrace, West Brompton to Sumner Place, South Kensington"
"LINESTRING (-0.182435 51.478169,-0.173715 51.491211", "From Upcerne Road, West Chelsea to Sumner Place, South Kensington"
"LINESTRING (-0.100791 51.518218,-0.113001 51.50486", "From West Smithfield Rotunda, Farringdon to Waterloo Road, South Bank"
"LINESTRING (-0.10527 51.515809,-0.113001 51.50486", "From Stonecutter Street, Holborn to Waterloo Road, South Bank"
"LINESTRING (-0.089446 51.497382,-0.113001 51.50486", "From Great Dover Street, The Borough to Waterloo Road, South Bank"
"LINESTRING (-0.076793 51.513406,-0.113001 51.50486", "From Jewry Street, Aldgate to Waterloo Road, South Bank"
"LINESTRING (-0.06142 51.532091,-0.113001 51.50486", "From Pritchard's Road, Bethnal Green to Waterloo Road, South Bank"
"LINESTRING (-0.104193 51.49605,-0.113001 51.50486", "From Gaywood  Street, Elephant & Castle to Waterloo Road, South Bank"
"LINESTRING (-0.123616 51.529943,-0.113001 51.50486", "From Belgrove Street , King's Cross to Waterloo Road, South Bank"
"LINESTRING (-0.110889 51.495718,-0.113001 51.50486", "From Kennington Road  , Vauxhall to Waterloo Road, South Bank"
"LINESTRING (-0.118295 51.52728,-0.113001 51.50486", "From Ampton Street , Clerkenwell to Waterloo Road, South Bank"
"LINESTRING (-0.098807 51.506725,-0.113001 51.50486", "From Tate Modern, Bankside to Waterloo Road, South Bank"
"LINESTRING (-0.09294 51.51397,-0.113001 51.50486", "From Cheapside, Bank to Waterloo Road, South Bank"
"LINESTRING (-0.083493 51.520955,-0.113001 51.50486", "From Pindar Street, Liverpool Street to Waterloo Road, South Bank"
"LINESTRING (-0.097122 51.529423,-0.113001 51.50486", "From Macclesfield Rd, St Lukes to Waterloo Road, South Bank"
"LINESTRING (-0.110889 51.495718,-0.113001 51.50486", "From Kennington Road  , Vauxhall to Waterloo Road, South Bank"
"LINESTRING (-0.102757 51.536384,-0.113001 51.50486", "From Islington Green, Angel to Waterloo Road, South Bank"
"LINESTRING (-0.149551 51.477619,-0.113001 51.50486", "From Queen's Circus, Battersea Park to Waterloo Road, South Bank"
"LINESTRING (-0.134621 51.507424,-0.113001 51.50486", "From St. James's Square, St. James's to Waterloo Road, South Bank"
"LINESTRING (-0.097441 51.511961,-0.113001 51.50486", "From Queen Victoria Street, St. Paul's to Waterloo Road, South Bank"
"LINESTRING (-0.139016 51.520994,-0.113001 51.50486", "From Howland Street, Fitzrovia to Waterloo Road, South Bank"
"LINESTRING (-0.097122 51.529423,-0.113001 51.50486", "From Macclesfield Rd, St Lukes to Waterloo Road, South Bank"
"LINESTRING (-0.093913 51.496791,-0.113001 51.50486", "From Dickens Square, Borough to Waterloo Road, South Bank"
"LINESTRING (-0.09885 51.515418,-0.113001 51.50486", "From Newgate Street , St. Paul's to Waterloo Road, South Bank"
"LINESTRING (-0.098031 51.505224,-0.113001 51.50486", "From Lavington Street, Bankside to Waterloo Road, South Bank"
"LINESTRING (-0.067937 51.51793,-0.113001 51.50486", "From Old Montague Street, Whitechapel to Waterloo Road, South Bank"
"LINESTRING (-0.084985 51.509301,-0.113001 51.50486", "From Lower Thames Street, Monument to Waterloo Road, South Bank"
"LINESTRING (-0.070133 51.515231,-0.113001 51.50486", "From Central House, Whitechapel to Waterloo Road, South Bank"
"LINESTRING (-0.089446 51.497382,-0.113001 51.50486", "From Great Dover Street, The Borough to Waterloo Road, South Bank"
"LINESTRING (-0.091773 51.504627,-0.113001 51.50486", "From Hop Exchange, The Borough to Waterloo Road, South Bank"
"LINESTRING (-0.073438 51.51838,-0.113001 51.50486", "From Fashion Street, Whitechapel to Waterloo Road, South Bank"
"LINESTRING (-0.091773 51.504627,-0.113001 51.50486", "From Hop Exchange, The Borough to Waterloo Road, South Bank"
"LINESTRING (-0.120909 51.516128,-0.113001 51.50486", "From Newton Street, Covent Garden to Waterloo Road, South Bank"
"LINESTRING (-0.079684 51.516468,-0.113001 51.50486", "From Devonshire Square, Liverpool Street to Waterloo Road, South Bank"
"LINESTRING (-0.113134 51.483145,-0.113001 51.50486", "From Kennington Oval, Oval to Waterloo Road, South Bank"
"LINESTRING (-0.119643 51.511756,-0.113001 51.50486", "From Wellington Street , Strand to Waterloo Road, South Bank"
"LINESTRING (-0.0786 51.500647,-0.113001 51.50486", "From Tanner Street, Bermondsey to Waterloo Road, South Bank"
"LINESTRING (-0.099141 51.512484,-0.115057 51.512582", "From Godliman Street, St. Paul's to Strand, Strand"
"LINESTRING (-0.06111 51.518675,-0.115057 51.512582", "From Royal London Hospital, Whitechapel to Strand, Strand"
"LINESTRING (-0.125972 51.49764,-0.115057 51.512582", "From Abingdon Green, Westminster to Strand, Strand"
"LINESTRING (-0.098807 51.506725,-0.115057 51.512582", "From Tate Modern, Bankside to Strand, Strand"
"LINESTRING (-0.086685 51.517075,-0.115057 51.512582", "From Finsbury Circus, Liverpool Street to Strand, Strand"
"LINESTRING (-0.099981 51.532661,-0.115057 51.512582", "From Graham Street, Angel to Strand, Strand"
"LINESTRING (-0.115057 51.512582,-0.115057 51.512582", "From Strand, Strand to Strand, Strand"
"LINESTRING (-0.100186 51.505817,-0.115057 51.512582", "From Bankside Mix, Bankside to Strand, Strand"
"LINESTRING (-0.138846 51.510048,-0.115057 51.512582", "From Sackville Street, Mayfair to Strand, Strand"
"LINESTRING (-0.13225 51.528833,-0.115057 51.512582", "From Doric Way , Somers Town to Strand, Strand"
"LINESTRING (-0.126021 51.508103,-0.115057 51.512582", "From Craven Street, Strand to Strand, Strand"
"LINESTRING (-0.127575 51.495805,-0.115057 51.512582", "From Smith Square, Westminster to Strand, Strand"
"LINESTRING (-0.091773 51.504627,-0.115057 51.512582", "From Hop Exchange, The Borough to Strand, Strand"
"LINESTRING (-0.082422 51.516154,-0.115057 51.512582", "From Wormwood Street, Liverpool Street to Strand, Strand"
"LINESTRING (-0.124121 51.523418,-0.115057 51.512582", "From Russell Square Station, Bloomsbury to Strand, Strand"
"LINESTRING (-0.079201 51.537277,-0.115057 51.512582", "From Hertford Road, De Beauvoir Town to Strand, Strand"
"LINESTRING (-0.073955 51.526293,-0.115057 51.512582", "From Palissy Street, Shoreditch to Strand, Strand"
"LINESTRING (-0.111257 51.514274,-0.115057 51.512582", "From Chancery Lane, Holborn to Strand, Strand"
"LINESTRING (-0.132102 51.498125,-0.115057 51.512582", "From Abbey Orchard Street, Westminster to Strand, Strand"
"LINESTRING (-0.144228 51.518117,-0.115057 51.512582", "From Broadcasting House, Marylebone to Strand, Strand"
"LINESTRING (-0.09294 51.51397,-0.115057 51.512582", "From Cheapside, Bank to Strand, Strand"
"LINESTRING (-0.136792 51.533005,-0.115057 51.512582", "From Eversholt Street , Camden Town to Strand, Strand"
"LINESTRING (-0.129925 51.493072,-0.115057 51.512582", "From Vincent Street, Pimlico to Strand, Strand"
"LINESTRING (-0.090075 51.517842,-0.115057 51.512582", "From Fore Street, Guildhall to Strand, Strand"
"LINESTRING (-0.113426 51.503919,-0.115057 51.512582", "From Waterloo Station 2, Waterloo to Strand, Strand"
"LINESTRING (-0.112824 51.503791,-0.115057 51.512582", "From Waterloo Station 3, Waterloo to Strand, Strand"
"LINESTRING (-0.09294 51.51397,-0.115057 51.512582", "From Cheapside, Bank to Strand, Strand"
"LINESTRING (-0.092921 51.494436,-0.115057 51.512582", "From New Kent Road, The Borough to Strand, Strand"
"LINESTRING (-0.162418 51.490083,-0.115057 51.512582", "From Royal Avenue 2, Chelsea to Strand, Strand"
"LINESTRING (-0.09294 51.511553,-0.115057 51.512582", "From Queen Street 1, Bank to Strand, Strand"
"LINESTRING (-0.115057 51.512582,-0.115057 51.512582", "From Strand, Strand to Strand, Strand"
"LINESTRING (-0.115057 51.512582,-0.115057 51.512582", "From Strand, Strand to Strand, Strand"
"LINESTRING (-0.119643 51.511756,-0.115057 51.512582", "From Wellington Street , Strand to Strand, Strand"
"LINESTRING (-0.026768 51.520398,-0.079608 51.521668", "From Ackroyd Drive, Bow to Worship Street, Shoreditch"
"LINESTRING (-0.112432 51.526599,-0.079608 51.521668", "From Margery Street, Clerkenwell to Worship Street, Shoreditch"
"LINESTRING (-0.079608 51.521668,-0.079608 51.521668", "From Worship Street, Shoreditch to Worship Street, Shoreditch"
"LINESTRING (-0.060291 51.535716,-0.079608 51.521668", "From Ada Street, Hackney Central to Worship Street, Shoreditch"
"LINESTRING (-0.099141 51.512484,-0.079608 51.521668", "From Godliman Street, St. Paul's to Worship Street, Shoreditch"
"LINESTRING (-0.104708 51.52326,-0.079608 51.521668", "From Clerkenwell Green, Clerkenwell to Worship Street, Shoreditch"
"LINESTRING (-0.096317 51.526008,-0.079608 51.521668", "From Finsbury Leisure Centre, St. Luke's to Worship Street, Shoreditch"
"LINESTRING (-0.090075 51.517842,-0.079608 51.521668", "From Fore Street, Guildhall to Worship Street, Shoreditch"
"LINESTRING (-0.091401 51.518093,-0.079608 51.521668", "From Fore Street Avenue, Guildhall to Worship Street, Shoreditch"
"LINESTRING (-0.069543 51.525645,-0.079608 51.521668", "From Granby Street, Shoreditch to Worship Street, Shoreditch"
"LINESTRING (-0.01646 51.505772,-0.079608 51.521668", "From Import Dock, Canary Wharf to Worship Street, Shoreditch"
"LINESTRING (-0.113426 51.503919,-0.079608 51.521668", "From Waterloo Station 2, Waterloo to Worship Street, Shoreditch"
"LINESTRING (-0.21555 51.463211,-0.079608 51.521668", "From Montserrat Road , Putney to Worship Street, Shoreditch"
"LINESTRING (-0.099981 51.532661,-0.079608 51.521668", "From Graham Street, Angel to Worship Street, Shoreditch"
"LINESTRING (-0.108657 51.51795,-0.079608 51.521668", "From Holborn Circus, Holborn to Worship Street, Shoreditch"
"LINESTRING (-0.099981 51.532661,-0.079608 51.521668", "From Graham Street, Angel to Worship Street, Shoreditch"
"LINESTRING (-0.079684 51.516468,-0.079608 51.521668", "From Devonshire Square, Liverpool Street to Worship Street, Shoreditch"
"LINESTRING (-0.070133 51.515231,-0.079608 51.521668", "From Central House, Whitechapel to Worship Street, Shoreditch"
"LINESTRING (-0.06691 51.507131,-0.079608 51.521668", "From Nesham Street, Wapping to Worship Street, Shoreditch"
"LINESTRING (-0.027616 51.529452,-0.079608 51.521668", "From Malmesbury Road, Bow to Worship Street, Shoreditch"
"LINESTRING (-0.092762 51.500296,-0.079608 51.521668", "From Swan Street, The Borough to Worship Street, Shoreditch"
"LINESTRING (-0.099994 51.522853,-0.079608 51.521668", "From Berry Street, Clerkenwell to Worship Street, Shoreditch"
"LINESTRING (-0.141923 51.489856,-0.079608 51.521668", "From Warwick Square, Pimlico to Worship Street, Shoreditch"
"LINESTRING (-0.032566 51.520597,-0.079608 51.521668", "From Mile End Park Leisure Centre, Mile End to Worship Street, Shoreditch"
"LINESTRING (-0.066035 51.531864,-0.079608 51.521668", "From Goldsmith's Row, Haggerston to Worship Street, Shoreditch"
"LINESTRING (-0.114934 51.49288,-0.079608 51.521668", "From Lollard Street, Vauxhall to Worship Street, Shoreditch"
"LINESTRING (-0.076341 51.534464,-0.079608 51.521668", "From Whiston Road, Haggerston to Worship Street, Shoreditch"
"LINESTRING (-0.100168 51.530344,-0.079608 51.521668", "From City Road, Angel to Worship Street, Shoreditch"
"LINESTRING (-0.08249 51.53558,-0.079608 51.521668", "From Pitfield Street North,Hoxton to Worship Street, Shoreditch"
"LINESTRING (-0.057159 51.511088,-0.079608 51.521668", "From Shadwell Station, Shadwell to Worship Street, Shoreditch"
"LINESTRING (-0.069542 51.512363,-0.079608 51.521668", "From Leman Street, Aldgate to Worship Street, Shoreditch"
"LINESTRING (-0.089887 51.520858,-0.079608 51.521668", "From Bunhill Row, Moorgate to Worship Street, Shoreditch"
"LINESTRING (-0.092176 51.520044,-0.079608 51.521668", "From Barbican Centre, Barbican to Worship Street, Shoreditch"
"LINESTRING (-0.09022 51.491484,-0.079608 51.521668", "From Rodney Road , Walworth to Worship Street, Shoreditch"
"LINESTRING (-0.155525 51.516204,-0.079608 51.521668", "From Portman Square, Marylebone to Worship Street, Shoreditch"
"LINESTRING (-0.06797 51.504904,-0.079608 51.521668", "From Wapping High Street, Wapping to Worship Street, Shoreditch"
"LINESTRING (-0.062546 51.535678,-0.079608 51.521668", "From Regent's Row , Haggerston to Worship Street, Shoreditch"
"LINESTRING (-0.109006 51.521661,-0.079608 51.521668", "From Hatton Wall, Holborn to Worship Street, Shoreditch"
"LINESTRING (-0.108657 51.51795,-0.079608 51.521668", "From Holborn Circus, Holborn to Worship Street, Shoreditch"
"LINESTRING (-0.115375 51.460232,-0.079608 51.521668", "From Saltoun Road, Brixton to Worship Street, Shoreditch"
"LINESTRING (-0.089659 51.52548,-0.079608 51.521668", "From Old Street Station, St. Luke's to Worship Street, Shoreditch"
"LINESTRING (-0.125979 51.526357,-0.079608 51.521668", "From Cartwright Gardens , Bloomsbury to Worship Street, Shoreditch"
"LINESTRING (-0.102208 51.526153,-0.079608 51.521668", "From Percival Street, Finsbury to Worship Street, Shoreditch"
"LINESTRING (-0.10548 51.532199,-0.079608 51.521668", "From Torrens Street, Angel to Worship Street, Shoreditch"
"LINESTRING (-0.074431 51.519362,-0.079608 51.521668", "From Fournier Street, Whitechapel to Worship Street, Shoreditch"
"LINESTRING (-0.093421 51.529154,-0.079608 51.521668", "From Windsor Terrace, Hoxton to Worship Street, Shoreditch"
"LINESTRING (-0.087459 51.528673,-0.079608 51.521668", "From East Road, Hoxton to Worship Street, Shoreditch"
"LINESTRING (-0.079248 51.524526,-0.079608 51.521668", "From New Inn Yard, Shoreditch to Worship Street, Shoreditch"
"LINESTRING (-0.09315 51.53356,-0.079608 51.521668", "From Eagle Wharf Road, Hoxton to Worship Street, Shoreditch"
"LINESTRING (-0.058826 51.54119,-0.079608 51.521668", "From London Fields, Hackney Central to Worship Street, Shoreditch"
"LINESTRING (-0.112824 51.503791,-0.079608 51.521668", "From Waterloo Station 3, Waterloo to Worship Street, Shoreditch"
"LINESTRING (-0.093903 51.530991,-0.079608 51.521668", "From Wenlock Road , Hoxton to Worship Street, Shoreditch"
"LINESTRING (-0.073537 51.514233,-0.079608 51.521668", "From Braham Street, Aldgate to Worship Street, Shoreditch"
"LINESTRING (-0.025626 51.511811,-0.079608 51.521668", "From Canton Street, Poplar to Worship Street, Shoreditch"
"LINESTRING (-0.047784 51.51328,-0.079608 51.521668", "From Albert Gardens, Stepney to Worship Street, Shoreditch"
"LINESTRING (-0.188098 51.517919,-0.188098 51.517919", "From Gloucester Terrace, Bayswater to Gloucester Terrace, Bayswater"
"LINESTRING (-0.180884 51.459225,-0.188098 51.517919", "From Spanish Road, Clapham Junction to Gloucester Terrace, Bayswater"
"LINESTRING (-0.205535 51.507481,-0.188098 51.517919", "From Lansdowne Road, Ladbroke Grove to Gloucester Terrace, Bayswater"
"LINESTRING (-0.188098 51.517919,-0.188098 51.517919", "From Gloucester Terrace, Bayswater to Gloucester Terrace, Bayswater"
"LINESTRING (-0.192404 51.496481,-0.188098 51.517919", "From Marloes Road, Kensington to Gloucester Terrace, Bayswater"
"LINESTRING (-0.213872 51.51687,-0.188098 51.517919", "From St. Mark's Road, North Kensington to Gloucester Terrace, Bayswater"
"LINESTRING (-0.178656 51.501432,-0.188098 51.517919", "From Kensington Gore, Knightsbridge to Gloucester Terrace, Bayswater"
"LINESTRING (-0.150481 51.51217,-0.188098 51.517919", "From Grosvenor Square, Mayfair to Gloucester Terrace, Bayswater"
"LINESTRING (-0.193764 51.508605,-0.188098 51.517919", "From Palace Gardens Terrace, Notting Hill to Gloucester Terrace, Bayswater"
"LINESTRING (-0.174593 51.520205,-0.188098 51.517919", "From Paddington Green, Paddington to Gloucester Terrace, Bayswater"
"LINESTRING (-0.211358 51.510101,-0.188098 51.517919", "From Walmer Road, Avondale to Gloucester Terrace, Bayswater"
"LINESTRING (-0.099994 51.522853,-0.188098 51.517919", "From Berry Street, Clerkenwell to Gloucester Terrace, Bayswater"
"LINESTRING (-0.156166 51.518913,-0.188098 51.517919", "From Baker Street, Marylebone to Gloucester Terrace, Bayswater"
"LINESTRING (-0.18498 51.501737,-0.188098 51.517919", "From De Vere Gardens, Kensington to Gloucester Terrace, Bayswater"
"LINESTRING (-0.193487 51.513735,-0.188098 51.517919", "From Hereford Road, Bayswater to Gloucester Terrace, Bayswater"
"LINESTRING (-0.144228 51.518117,-0.140947 51.49616", "From Broadcasting House, Marylebone to Ashley Place, Victoria"
"LINESTRING (-0.115375 51.460232,-0.140947 51.49616", "From Saltoun Road, Brixton to Ashley Place, Victoria"
"LINESTRING (-0.129925 51.493072,-0.140947 51.49616", "From Vincent Street, Pimlico to Ashley Place, Victoria"
"LINESTRING (-0.132328 51.515631,-0.140947 51.49616", "From Soho Square , Soho to Ashley Place, Victoria"
"LINESTRING (-0.105312 51.504043,-0.140947 51.49616", "From Southwark Station 1, Southwark to Ashley Place, Victoria"
"LINESTRING (-0.132224 51.49206,-0.140947 51.49616", "From Regency Street, Westminster to Ashley Place, Victoria"
"LINESTRING (-0.104193 51.49605,-0.140947 51.49616", "From Gaywood  Street, Elephant & Castle to Ashley Place, Victoria"
"LINESTRING (-0.135635 51.488226,-0.140947 51.49616", "From St. George's Square, Pimlico to Ashley Place, Victoria"
"LINESTRING (-0.10834 51.52352,-0.140947 51.49616", "From Farringdon Lane, Clerkenwell to Ashley Place, Victoria"
"LINESTRING (-0.176645 51.518622,-0.140947 51.49616", "From North Wharf Road, Paddington to Ashley Place, Victoria"
"LINESTRING (-0.129925 51.493072,-0.140947 51.49616", "From Vincent Street, Pimlico to Ashley Place, Victoria"
"LINESTRING (-0.116493 51.477839,-0.140947 51.49616", "From Caldwell Street, Stockwell to Ashley Place, Victoria"
"LINESTRING (-0.105312 51.504043,-0.140947 51.49616", "From Southwark Station 1, Southwark to Ashley Place, Victoria"
"LINESTRING (-0.117495 51.498241,-0.140947 51.49616", "From Archbishop's Park, Waterloo to Ashley Place, Victoria"
"LINESTRING (-0.096191 51.498597,-0.140947 51.49616", "From Harper Road, The Borough to Ashley Place, Victoria"
"LINESTRING (-0.124826 51.516226,-0.140947 51.49616", "From High Holborn , Covent Garden to Ashley Place, Victoria"
"LINESTRING (-0.18697 51.51616,-0.140947 51.49616", "From Bishop's Bridge Road West, Bayswater to Ashley Place, Victoria"
"LINESTRING (-0.129698 51.500703,-0.140947 51.49616", "From Storey's Gate, Westminster to Ashley Place, Victoria"
"LINESTRING (-0.116493 51.477839,-0.140947 51.49616", "From Caldwell Street, Stockwell to Ashley Place, Victoria"
"LINESTRING (-0.135635 51.488226,-0.140947 51.49616", "From St. George's Square, Pimlico to Ashley Place, Victoria"
"LINESTRING (-0.140947 51.49616,-0.140947 51.49616", "From Ashley Place, Victoria to Ashley Place, Victoria"
"LINESTRING (-0.140741 51.488057,-0.140947 51.49616", "From Alderney Street, Pimlico to Ashley Place, Victoria"
"LINESTRING (-0.127554 51.493978,-0.140947 51.49616", "From Page Street, Westminster to Ashley Place, Victoria"
"LINESTRING (-0.129697 51.509087,-0.140947 51.49616", "From St. Martin's Street, West End to Ashley Place, Victoria"
"LINESTRING (-0.127554 51.493978,-0.140947 51.49616", "From Page Street, Westminster to Ashley Place, Victoria"
"LINESTRING (-0.129925 51.493072,-0.140947 51.49616", "From Vincent Street, Pimlico to Ashley Place, Victoria"
"LINESTRING (-0.08974 51.500823,-0.140947 51.49616", "From Empire Square, The Borough to Ashley Place, Victoria"
"LINESTRING (-0.130699 51.50777,-0.140947 51.49616", "From Pall Mall East, West End to Ashley Place, Victoria"
"LINESTRING (-0.151926 51.516814,-0.140947 51.49616", "From Hinde Street, Marylebone to Ashley Place, Victoria"
"LINESTRING (-0.130504 51.526838,-0.140947 51.49616", "From Endsleigh Gardens, Euston to Ashley Place, Victoria"
"LINESTRING (-0.082422 51.516154,-0.140947 51.49616", "From Wormwood Street, Liverpool Street to Ashley Place, Victoria"
"LINESTRING (-0.111471 51.479601,-0.140947 51.49616", "From Cranmer Road, Stockwell to Ashley Place, Victoria"
"LINESTRING (-0.127575 51.495805,-0.140947 51.49616", "From Smith Square, Westminster to Ashley Place, Victoria"
"LINESTRING (-0.117619 51.509943,-0.141923 51.489856", "From Somerset House, Strand to Warwick Square, Pimlico"
"LINESTRING (-0.191496 51.503157,-0.141923 51.489856", "From Kensington Church Street, Kensington to Warwick Square, Pimlico"
"LINESTRING (-0.149004 51.485821,-0.141923 51.489856", "From Chelsea Bridge, Pimlico to Warwick Square, Pimlico"
"LINESTRING (-0.211358 51.510101,-0.141923 51.489856", "From Walmer Road, Avondale to Warwick Square, Pimlico"
"LINESTRING (-0.131773 51.506633,-0.141923 51.489856", "From Waterloo Place, St. James's to Warwick Square, Pimlico"
"LINESTRING (-0.114079 51.522264,-0.141923 51.489856", "From Northington Street , Holborn to Warwick Square, Pimlico"
"LINESTRING (-0.132845 51.489975,-0.141923 51.489856", "From Rampayne Street, Pimlico to Warwick Square, Pimlico"
"LINESTRING (-0.149004 51.485821,-0.141923 51.489856", "From Chelsea Bridge, Pimlico to Warwick Square, Pimlico"
"LINESTRING (-0.093051 51.511246,-0.141923 51.489856", "From Queen Street 2, Bank to Warwick Square, Pimlico"
"LINESTRING (-0.147857 51.477966,-0.141923 51.489856", "From Gas Holders, Battersea Park to Warwick Square, Pimlico"
"LINESTRING (-0.155525 51.516204,-0.141923 51.489856", "From Portman Square, Marylebone to Warwick Square, Pimlico"
"LINESTRING (-0.134621 51.507424,-0.141923 51.489856", "From St. James's Square, St. James's to Warwick Square, Pimlico"
"LINESTRING (-0.141423 51.514499,-0.141923 51.489856", "From Little Argyll Street, West End to Warwick Square, Pimlico"
"LINESTRING (-0.147624 51.49395,-0.141923 51.489856", "From Eccleston Place, Victoria to Warwick Square, Pimlico"
"LINESTRING (-0.196422 51.509353,-0.141923 51.489856", "From Notting Hill Gate Station, Notting Hill to Warwick Square, Pimlico"
"LINESTRING (-0.129925 51.493072,-0.141923 51.489856", "From Vincent Street, Pimlico to Warwick Square, Pimlico"
"LINESTRING (-0.179854 51.501715,-0.141923 51.489856", "From Queen's Gate, Kensington Gardens to Warwick Square, Pimlico"
"LINESTRING (-0.187427 51.460864,-0.141923 51.489856", "From Wandsworth Town Station, Wandsworth to Warwick Square, Pimlico"
"LINESTRING (-0.13544 51.497829,-0.141923 51.489856", "From Butler Place, Westminster to Warwick Square, Pimlico"
"LINESTRING (-0.113864 51.504027,-0.141923 51.489856", "From Waterloo Station 1, Waterloo to Warwick Square, Pimlico"
"LINESTRING (-0.149035 51.481121,-0.141923 51.489856", "From Sopwith Way, Battersea Park to Warwick Square, Pimlico"
"LINESTRING (-0.124469 51.485917,-0.141923 51.489856", "From Vauxhall Cross, Vauxhall to Warwick Square, Pimlico"
"LINESTRING (-0.088285 51.519069,-0.141923 51.489856", "From Moorfields, Moorgate to Warwick Square, Pimlico"
"LINESTRING (-0.163609 51.51809,-0.153645 51.512911", "From Shouldham Street, Marylebone to North Audley Street, Mayfair"
"LINESTRING (-0.161113 51.522596,-0.153645 51.512911", "From Dorset Square, Marylebone to North Audley Street, Mayfair"
"LINESTRING (-0.141423 51.514499,-0.153645 51.512911", "From Little Argyll Street, West End to North Audley Street, Mayfair"
"LINESTRING (-0.142844 51.506613,-0.153645 51.512911", "From Green Park Station, Mayfair to North Audley Street, Mayfair"
"LINESTRING (-0.179702 51.499428,-0.153645 51.512911", "From Imperial College, Knightsbridge to North Audley Street, Mayfair"
"LINESTRING (-0.107987 51.517428,-0.153645 51.512911", "From New Fetter Lane, Holborn to North Audley Street, Mayfair"
"LINESTRING (-0.183486 51.529857,-0.153645 51.512911", "From Maida Vale, Maida Vale to North Audley Street, Mayfair"
"LINESTRING (-0.075375 51.528187,-0.153645 51.512911", "From Columbia Road, Shoreditch to North Audley Street, Mayfair"
"LINESTRING (-0.141423 51.514499,-0.153645 51.512911", "From Little Argyll Street, West End to North Audley Street, Mayfair"
"LINESTRING (-0.17581 51.517335,-0.153645 51.512911", "From South Wharf Road, Paddington to North Audley Street, Mayfair"
"LINESTRING (-0.18267 51.494185,-0.153645 51.512911", "From Gloucester Road Station, South Kensington to North Audley Street, Mayfair"
"LINESTRING (-0.174554 51.499917,-0.153645 51.512911", "From Exhibition Road, Knightsbridge to North Audley Street, Mayfair"
"LINESTRING (-0.216573 51.466907,-0.153645 51.512911", "From Putney Pier, Wandsworth to North Audley Street, Mayfair"
"LINESTRING (-0.142844 51.506613,-0.153645 51.512911", "From Green Park Station, Mayfair to North Audley Street, Mayfair"
"LINESTRING (-0.191462 51.501364,-0.153645 51.512911", "From Derry Street, Kensington to North Audley Street, Mayfair"
"LINESTRING (-0.18119 51.485587,-0.153645 51.512911", "From Limerston Street, West Chelsea to North Audley Street, Mayfair"
"LINESTRING (-0.165164 51.514746,-0.153645 51.512911", "From Porchester Place, Paddington to North Audley Street, Mayfair"
"LINESTRING (-0.136039 51.519914,-0.153645 51.512911", "From Scala Street, Fitzrovia to North Audley Street, Mayfair"
"LINESTRING (-0.088542 51.527025,-0.153645 51.512911", "From Baldwin Street, St. Luke's to North Audley Street, Mayfair"
"LINESTRING (-0.123616 51.529943,-0.153645 51.512911", "From Belgrove Street , King's Cross to North Audley Street, Mayfair"
"LINESTRING (-0.174554 51.499917,-0.153645 51.512911", "From Exhibition Road, Knightsbridge to North Audley Street, Mayfair"
"LINESTRING (-0.145904 51.507069,-0.153645 51.512911", "From Curzon Street, Mayfair to North Audley Street, Mayfair"
"LINESTRING (-0.208485 51.478939,-0.153645 51.512911", "From St. Peter's Terrace, Fulham to North Audley Street, Mayfair"
"LINESTRING (-0.155525 51.516204,-0.153645 51.512911", "From Portman Square, Marylebone to North Audley Street, Mayfair"
"LINESTRING (-0.168074 51.5343,-0.153645 51.512911", "From Charlbert Street, St. John's Wood to North Audley Street, Mayfair"
"LINESTRING (-0.128585 51.516118,-0.153645 51.512911", "From Earnshaw Street , Covent Garden to North Audley Street, Mayfair"
"LINESTRING (-0.174554 51.499917,-0.153645 51.512911", "From Exhibition Road, Knightsbridge to North Audley Street, Mayfair"
"LINESTRING (-0.157275 51.510017,-0.153645 51.512911", "From Park Lane , Hyde Park to North Audley Street, Mayfair"
"LINESTRING (-0.205876 51.475698,-0.153645 51.512911", "From Chesilton Road, Fulham to North Audley Street, Mayfair"
"LINESTRING (-0.15934 51.500241,-0.153645 51.512911", "From Harriet Street, Knightsbridge to North Audley Street, Mayfair"
"LINESTRING (-0.148105 51.514759,-0.153645 51.512911", "From Marylebone Lane, Marylebone to North Audley Street, Mayfair"
"LINESTRING (-0.173715 51.491211,-0.153645 51.512911", "From Sumner Place, South Kensington to North Audley Street, Mayfair"
"LINESTRING (-0.174411 51.511933,-0.153645 51.512911", "From Bayswater Road, Hyde Park to North Audley Street, Mayfair"
"LINESTRING (-0.157183 51.52026,-0.152317 51.499412", "From Crawford Street, Marylebone to Belgrave Square, Belgravia"
"LINESTRING (-0.165471 51.498884,-0.152317 51.499412", "From Montpelier Street, Knightsbridge to Belgrave Square, Belgravia"
"LINESTRING (-0.114605 51.495656,-0.152317 51.499412", "From Sail Street, Vauxhall to Belgrave Square, Belgravia"
"LINESTRING (-0.114605 51.495656,-0.152317 51.499412", "From Sail Street, Vauxhall to Belgrave Square, Belgravia"
"LINESTRING (-0.138072 51.517344,-0.152317 51.499412", "From Wells Street, Fitzrovia to Belgrave Square, Belgravia"
"LINESTRING (-0.104193 51.49605,-0.152317 51.499412", "From Gaywood  Street, Elephant & Castle to Belgrave Square, Belgravia"
"LINESTRING (-0.194116 51.479932,-0.152317 51.499412", "From Fulham Broadway, Walham Green to Belgrave Square, Belgravia"
"LINESTRING (-0.124749 51.509462,-0.152317 51.499412", "From William IV Street, Strand to Belgrave Square, Belgravia"
"LINESTRING (-0.113426 51.503919,-0.152317 51.499412", "From Waterloo Station 2, Waterloo to Belgrave Square, Belgravia"
"LINESTRING (-0.150481 51.51217,-0.152317 51.499412", "From Grosvenor Square, Mayfair to Belgrave Square, Belgravia"
"LINESTRING (-0.193068 51.500397,-0.152317 51.499412", "From Wright's Lane, Kensington to Belgrave Square, Belgravia"
"LINESTRING (-0.113864 51.504027,-0.152317 51.499412", "From Waterloo Station 1, Waterloo to Belgrave Square, Belgravia"
"LINESTRING (-0.187842 51.509908,-0.152317 51.499412", "From Black Lion Gate, Kensington Gardens to Belgrave Square, Belgravia"
"LINESTRING (-0.114934 51.49288,-0.152317 51.499412", "From Lollard Street, Vauxhall to Belgrave Square, Belgravia"
"LINESTRING (-0.193254 51.476259,-0.152317 51.499412", "From Eel Brook Common, Walham Green to Belgrave Square, Belgravia"
"LINESTRING (-0.159237 51.501855,-0.152317 51.499412", "From Seville Street, Knightsbridge to Belgrave Square, Belgravia"
"LINESTRING (-0.2135 51.496927,-0.152317 51.499412", "From Blythe Road, Olympia to Belgrave Square, Belgravia"
"LINESTRING (-0.148105 51.514759,-0.165842 51.522029", "From Marylebone Lane, Marylebone to Bell Street , Marylebone"
"LINESTRING (-0.147301 51.514105,-0.165842 51.522029", "From Woodstock Street, Mayfair to Bell Street , Marylebone"
"LINESTRING (-0.106323 51.490757,-0.165842 51.522029", "From Cotton Garden Estate, Kennington to Bell Street , Marylebone"
"LINESTRING (-0.193487 51.513735,-0.165842 51.522029", "From Hereford Road, Bayswater to Bell Street , Marylebone"
"LINESTRING (-0.179592 51.525575,-0.165842 51.522029", "From Clifton Road, Maida Vale to Bell Street , Marylebone"
"LINESTRING (-0.179592 51.525575,-0.165842 51.522029", "From Clifton Road, Maida Vale to Bell Street , Marylebone"
"LINESTRING (-0.139016 51.520994,-0.165842 51.522029", "From Howland Street, Fitzrovia to Bell Street , Marylebone"
"LINESTRING (-0.154907 51.522481,-0.165842 51.522029", "From Westminster University, Marylebone to Bell Street , Marylebone"
"LINESTRING (-0.171592 51.5289,-0.165842 51.522029", "From Lord's, St. John's Wood to Bell Street , Marylebone"
"LINESTRING (-0.157183 51.52026,-0.165842 51.522029", "From Crawford Street, Marylebone to Bell Street , Marylebone"
"LINESTRING (-0.185296 51.495362,-0.165842 51.522029", "From Emperor's Gate, South Kensington to Bell Street , Marylebone"
"LINESTRING (-0.192538 51.504723,-0.165842 51.522029", "From Vicarage Gate, Kensington to Bell Street , Marylebone"
"LINESTRING (-0.198286 51.493724,-0.165842 51.522029", "From West Cromwell Road, Earl's Court to Bell Street , Marylebone"
"LINESTRING (-0.183486 51.529857,-0.165842 51.522029", "From Maida Vale, Maida Vale to Bell Street , Marylebone"
"LINESTRING (-0.125674 51.491884,-0.165842 51.522029", "From Millbank Tower, Pimlico to Bell Street , Marylebone"
"LINESTRING (-0.17677 51.530889,-0.165842 51.522029", "From Grove End Road, St. John's Wood to Bell Street , Marylebone"
"LINESTRING (-0.165668 51.524561,-0.165842 51.522029", "From Broadley Terrace, Marylebone to Bell Street , Marylebone"
"LINESTRING (-0.169774 51.519968,-0.165842 51.522029", "From Edgware Road Station, Marylebone to Bell Street , Marylebone"
"LINESTRING (-0.11655 51.51824,-0.165842 51.522029", "From Red Lion Street, Holborn to Bell Street , Marylebone"
"LINESTRING (-0.187842 51.509908,-0.165842 51.522029", "From Black Lion Gate, Kensington Gardens to Bell Street , Marylebone"
"LINESTRING (-0.147203 51.515308,-0.165842 51.522029", "From Chapel Place, Marylebone to Bell Street , Marylebone"
"LINESTRING (-0.145827 51.507326,-0.165842 51.522029", "From Clarges Street, Mayfair to Bell Street , Marylebone"
"LINESTRING (-0.158456 51.502953,-0.165842 51.522029", "From Albert Gate, Hyde Park to Bell Street , Marylebone"
"LINESTRING (-0.168917 51.497056,-0.165842 51.522029", "From Holy Trinity Brompton, Knightsbridge to Bell Street , Marylebone"
"LINESTRING (-0.141327 51.520253,-0.165842 51.522029", "From Great Titchfield Street, Fitzrovia to Bell Street , Marylebone"
"LINESTRING (-0.18697 51.51616,-0.165842 51.522029", "From Bishop's Bridge Road West, Bayswater to Bell Street , Marylebone"
"LINESTRING (-0.14296 51.497998,-0.165842 51.522029", "From Warwick Row, Westminster to Bell Street , Marylebone"
"LINESTRING (-0.217995 51.487285,-0.165842 51.522029", "From Charing Cross Hospital, Hammersmith to Bell Street , Marylebone"
"LINESTRING (-0.140485 51.519181,-0.165842 51.522029", "From Foley Street, Fitzrovia to Bell Street , Marylebone"
"LINESTRING (-0.200838 51.514311,-0.165842 51.522029", "From Turquoise Island, Notting Hill to Bell Street , Marylebone"
"LINESTRING (-0.17977 51.51348,-0.165842 51.522029", "From Devonshire Terrace, Bayswater to Bell Street , Marylebone"
"LINESTRING (-0.165164 51.514746,-0.165842 51.522029", "From Porchester Place, Paddington to Bell Street , Marylebone"
"LINESTRING (-0.139956 51.493573,-0.165842 51.522029", "From Queen Mother Sports Centre, Victoria to Bell Street , Marylebone"
"LINESTRING (-0.165842 51.522029,-0.165842 51.522029", "From Bell Street , Marylebone to Bell Street , Marylebone"
"LINESTRING (-0.16862 51.53256,-0.165842 51.522029", "From Greenberry Street, St.John's Wood to Bell Street , Marylebone"
"LINESTRING (-0.124469 51.485917,-0.136123 51.482362", "From Vauxhall Cross, Vauxhall to Riverlight North, Nine Elms"
"LINESTRING (-0.147857 51.477966,-0.136123 51.482362", "From Gas Holders, Battersea Park to Riverlight North, Nine Elms"
"LINESTRING (-0.098807 51.506725,-0.136123 51.482362", "From Tate Modern, Bankside to Riverlight North, Nine Elms"
"LINESTRING (-0.081608 51.497855,-0.136123 51.482362", "From Bermondsey Street, Bermondsey to Riverlight North, Nine Elms"
"LINESTRING (-0.124469 51.485917,-0.136123 51.482362", "From Vauxhall Cross, Vauxhall to Riverlight North, Nine Elms"
"LINESTRING (-0.09885 51.515418,-0.136123 51.482362", "From Newgate Street , St. Paul's to Riverlight North, Nine Elms"
"LINESTRING (-0.141327 51.520253,-0.136123 51.482362", "From Great Titchfield Street, Fitzrovia to Riverlight North, Nine Elms"
"LINESTRING (-0.099828 51.493146,-0.136123 51.482362", "From Strata, Elephant & Castle to Riverlight North, Nine Elms"
"LINESTRING (-0.117122 51.490994,-0.136123 51.482362", "From Black Prince Road, Vauxhall to Riverlight North, Nine Elms"
"LINESTRING (-0.124469 51.485917,-0.136123 51.482362", "From Vauxhall Cross, Vauxhall to Riverlight North, Nine Elms"
"LINESTRING (-0.092754 51.505974,-0.136123 51.482362", "From Park Street, Bankside to Riverlight North, Nine Elms"
"LINESTRING (-0.159169 51.475153,-0.136123 51.482362", "From Prince of Wales Drive, Battersea Park to Riverlight North, Nine Elms"
"LINESTRING (-0.126021 51.508103,-0.136123 51.482362", "From Craven Street, Strand to Riverlight North, Nine Elms"
"LINESTRING (-0.11258 51.473874,-0.136123 51.482362", "From Normandy Road, Stockwell to Riverlight North, Nine Elms"
"LINESTRING (-0.086685 51.517075,-0.136123 51.482362", "From Finsbury Circus, Liverpool Street to Riverlight North, Nine Elms"
"LINESTRING (-0.082422 51.516154,-0.136123 51.482362", "From Wormwood Street, Liverpool Street to Riverlight North, Nine Elms"
"LINESTRING (-0.151359 51.522008,-0.136123 51.482362", "From Beaumont Street, Marylebone to Riverlight North, Nine Elms"
"LINESTRING (-0.082422 51.516154,-0.136123 51.482362", "From Wormwood Street, Liverpool Street to Riverlight North, Nine Elms"
"LINESTRING (-0.132328 51.515631,-0.136123 51.482362", "From Soho Square , Soho to Riverlight North, Nine Elms"
"LINESTRING (-0.138089 51.484839,-0.136123 51.482362", "From Claverton Street, Pimlico to Riverlight North, Nine Elms"
"LINESTRING (-0.0786 51.500647,-0.136123 51.482362", "From Tanner Street, Bermondsey to Riverlight North, Nine Elms"
"LINESTRING (-0.091773 51.504627,-0.136123 51.482362", "From Hop Exchange, The Borough to Riverlight North, Nine Elms"
"LINESTRING (-0.189155 51.477292,-0.136123 51.482362", "From Michael Road, Walham Green to Riverlight North, Nine Elms"
"LINESTRING (-0.149035 51.481121,-0.136123 51.482362", "From Sopwith Way, Battersea Park to Riverlight North, Nine Elms"
"LINESTRING (-0.10834 51.52352,-0.136123 51.482362", "From Farringdon Lane, Clerkenwell to Riverlight North, Nine Elms"
"LINESTRING (-0.106823 51.508033,-0.136123 51.482362", "From Sea Containers, South Bank to Riverlight North, Nine Elms"
"LINESTRING (-0.156876 51.49313,-0.136123 51.482362", "From Sedding Street, Sloane Square to Riverlight North, Nine Elms"
"LINESTRING (-0.091773 51.504627,-0.136123 51.482362", "From Hop Exchange, The Borough to Riverlight North, Nine Elms"
"LINESTRING (-0.091773 51.504627,-0.136123 51.482362", "From Hop Exchange, The Borough to Riverlight North, Nine Elms"
"LINESTRING (-0.147714 51.483507,-0.136123 51.482362", "From Battersea Power Station, Battersea Park to Riverlight North, Nine Elms"
"LINESTRING (-0.131861 51.527068,-0.136123 51.482362", "From Euston Square Gardens, Euston to Riverlight North, Nine Elms"
"LINESTRING (-0.116628 51.500089,-0.136123 51.482362", "From Lambeth Palace Road, Waterloo to Riverlight North, Nine Elms"
"LINESTRING (-0.124469 51.485917,-0.136123 51.482362", "From Vauxhall Cross, Vauxhall to Riverlight North, Nine Elms"
"LINESTRING (-0.179702 51.499428,-0.136123 51.482362", "From Imperial College, Knightsbridge to Riverlight North, Nine Elms"
"LINESTRING (-0.110699 51.501444,-0.136123 51.482362", "From Baylis Road, Waterloo to Riverlight North, Nine Elms"
"LINESTRING (-0.124469 51.485917,-0.136123 51.482362", "From Vauxhall Cross, Vauxhall to Riverlight North, Nine Elms"
"LINESTRING (-0.144664 51.538071,-0.145211 51.520715", "From Parkway, Camden Town to Portland Place, Marylebone"
"LINESTRING (-0.132328 51.515631,-0.145211 51.520715", "From Soho Square , Soho to Portland Place, Marylebone"
"LINESTRING (-0.169774 51.519968,-0.145211 51.520715", "From Edgware Road Station, Marylebone to Portland Place, Marylebone"
"LINESTRING (-0.150181 51.536922,-0.145211 51.520715", "From London Zoo Car Park, The Regent's Park to Portland Place, Marylebone"
"LINESTRING (-0.142943 51.496863,-0.145211 51.520715", "From Allington Street, Victoria to Portland Place, Marylebone"
"LINESTRING (-0.143613 51.523518,-0.145211 51.520715", "From Bolsover Street, Fitzrovia to Portland Place, Marylebone"
"LINESTRING (-0.143495 51.509992,-0.145211 51.520715", "From Grafton Street, Mayfair to Portland Place, Marylebone"
"LINESTRING (-0.112721 51.536392,-0.145211 51.520715", "From Charlotte Terrace, Angel to Portland Place, Marylebone"
"LINESTRING (-0.118295 51.52728,-0.145211 51.520715", "From Ampton Street , Clerkenwell to Portland Place, Marylebone"
"LINESTRING (-0.117661 51.482678,-0.145211 51.520715", "From Ashmole Estate, Oval to Portland Place, Marylebone"
"LINESTRING (-0.16862 51.53256,-0.145211 51.520715", "From Greenberry Street, St.John's Wood to Portland Place, Marylebone"
"LINESTRING (-0.134621 51.507424,-0.145211 51.520715", "From St. James's Square, St. James's to Portland Place, Marylebone"
"LINESTRING (-0.132053 51.518587,-0.145211 51.520715", "From Bayley Street , Bloomsbury to Portland Place, Marylebone"
"LINESTRING (-0.202608 51.51632,-0.145211 51.520715", "From All Saints Church, Portobello to Portland Place, Marylebone"
"LINESTRING (-0.147624 51.49395,-0.145211 51.520715", "From Eccleston Place, Victoria to Portland Place, Marylebone"
"LINESTRING (-0.128585 51.516118,-0.145211 51.520715", "From Earnshaw Street , Covent Garden to Portland Place, Marylebone"
"LINESTRING (-0.171103 51.518268,-0.145211 51.520715", "From St Mary's Hospital, Paddington to Portland Place, Marylebone"
"LINESTRING (-0.154701 51.520583,-0.145211 51.520715", "From Paddington Street, Marylebone to Portland Place, Marylebone"
"LINESTRING (-0.124469 51.485917,-0.145211 51.520715", "From Vauxhall Cross, Vauxhall to Portland Place, Marylebone"
"LINESTRING (-0.153463 51.525367,-0.145211 51.520715", "From The Tennis Courts, The Regent's Park to Portland Place, Marylebone"
"LINESTRING (-0.130458 51.494816,-0.145211 51.520715", "From Horseferry Road, Westminster to Portland Place, Marylebone"
"LINESTRING (-0.193487 51.513735,-0.145211 51.520715", "From Hereford Road, Bayswater to Portland Place, Marylebone"
"LINESTRING (-0.065076 51.52388,-0.145211 51.520715", "From Cheshire Street, Bethnal Green to Portland Place, Marylebone"
"LINESTRING (-0.160854 51.535892,-0.145211 51.520715", "From Prince Albert Road, The Regent's Park to Portland Place, Marylebone"
"LINESTRING (-0.17581 51.517335,-0.145211 51.520715", "From South Wharf Road, Paddington to Portland Place, Marylebone"
"LINESTRING (-0.065076 51.52388,-0.145211 51.520715", "From Cheshire Street, Bethnal Green to Portland Place, Marylebone"
"LINESTRING (-0.160854 51.535892,-0.145211 51.520715", "From Prince Albert Road, The Regent's Park to Portland Place, Marylebone"
"LINESTRING (-0.171103 51.518268,-0.145211 51.520715", "From St Mary's Hospital, Paddington to Portland Place, Marylebone"
"LINESTRING (-0.169774 51.519968,-0.145211 51.520715", "From Edgware Road Station, Marylebone to Portland Place, Marylebone"
"LINESTRING (-0.111014 51.493686,-0.145211 51.520715", "From Walnut Tree Walk, Vauxhall to Portland Place, Marylebone"
"LINESTRING (-0.147983 51.519167,-0.145211 51.520715", "From New Cavendish Street, Marylebone to Portland Place, Marylebone"
"LINESTRING (-0.151926 51.516814,-0.145211 51.520715", "From Hinde Street, Marylebone to Portland Place, Marylebone"
"LINESTRING (-0.142345 51.510662,-0.145211 51.520715", "From Clifford Street, Mayfair to Portland Place, Marylebone"
"LINESTRING (-0.13011 51.513527,-0.145211 51.520715", "From Moor Street, Soho to Portland Place, Marylebone"
"LINESTRING (-0.112432 51.526599,-0.145211 51.520715", "From Margery Street, Clerkenwell to Portland Place, Marylebone"
"LINESTRING (-0.125078 51.534667,-0.145211 51.520715", "From Good's Way, King's Cross to Portland Place, Marylebone"
"LINESTRING (-0.118677 51.5338,-0.145211 51.520715", "From Killick Street, King's Cross to Portland Place, Marylebone"
"LINESTRING (-0.150481 51.51217,-0.145211 51.520715", "From Grosvenor Square, Mayfair to Portland Place, Marylebone"
"LINESTRING (-0.130431 51.52168,-0.145211 51.520715", "From Malet Street, Bloomsbury to Portland Place, Marylebone"
"LINESTRING (-0.149551 51.477619,-0.140741 51.488057", "From Queen's Circus, Battersea Park to Alderney Street, Pimlico"
"LINESTRING (-0.08066 51.514225,-0.140741 51.488057", "From St. Mary Axe, Aldgate to Alderney Street, Pimlico"
"LINESTRING (-0.159237 51.501855,-0.140741 51.488057", "From Seville Street, Knightsbridge to Alderney Street, Pimlico"
"LINESTRING (-0.147857 51.477966,-0.140741 51.488057", "From Gas Holders, Battersea Park to Alderney Street, Pimlico"
"LINESTRING (-0.183853 51.480898,-0.140741 51.488057", "From Thorndike Close, West Chelsea to Alderney Street, Pimlico"
"LINESTRING (-0.149035 51.481121,-0.140741 51.488057", "From Sopwith Way, Battersea Park to Alderney Street, Pimlico"
"LINESTRING (-0.136928 51.493985,-0.140741 51.488057", "From Vincent Square, Westminster to Alderney Street, Pimlico"
"LINESTRING (-0.147857 51.477966,-0.140741 51.488057", "From Gas Holders, Battersea Park to Alderney Street, Pimlico"
"LINESTRING (-0.14177 51.479501,-0.140741 51.488057", "From Battersea Park Road, Nine Elms to Alderney Street, Pimlico"
"LINESTRING (-0.141334 51.492345,-0.140741 51.488057", "From Guildhouse Street, Victoria to Alderney Street, Pimlico"
"LINESTRING (-0.144132 51.493204,-0.140741 51.488057", "From Belgrave Road, Victoria to Alderney Street, Pimlico"
"LINESTRING (-0.14177 51.479501,-0.140741 51.488057", "From Battersea Park Road, Nine Elms to Alderney Street, Pimlico"
"LINESTRING (-0.167919 51.484984,-0.140741 51.488057", "From Phene Street, Chelsea to Alderney Street, Pimlico"
"LINESTRING (-0.167919 51.484984,-0.140741 51.488057", "From Phene Street, Chelsea to Alderney Street, Pimlico"
"LINESTRING (-0.183834 51.497924,-0.140741 51.488057", "From Gloucester Road (North), Kensington to Alderney Street, Pimlico"
"LINESTRING (-0.127854 51.517727,-0.140741 51.488057", "From Great Russell Street, Bloomsbury to Alderney Street, Pimlico"
"LINESTRING (-0.149004 51.485821,-0.140741 51.488057", "From Chelsea Bridge, Pimlico to Alderney Street, Pimlico"
"LINESTRING (-0.153233 51.490959,-0.140741 51.488057", "From Bourne Street, Belgravia to Alderney Street, Pimlico"
"LINESTRING (-0.13558 51.513684,-0.140741 51.488057", "From Broadwick Street, Soho to Alderney Street, Pimlico"
"LINESTRING (-0.161765 51.487964,-0.140741 51.488057", "From Ormonde Gate, Chelsea to Alderney Street, Pimlico"
"LINESTRING (-0.09885 51.515418,-0.140741 51.488057", "From Newgate Street , St. Paul's to Alderney Street, Pimlico"
"LINESTRING (-0.127554 51.493978,-0.140741 51.488057", "From Page Street, Westminster to Alderney Street, Pimlico"
"LINESTRING (-0.13214 51.519572,-0.17581 51.517335", "From Store Street, Bloomsbury to South Wharf Road, Paddington"
"LINESTRING (-0.144228 51.518117,-0.17581 51.517335", "From Broadcasting House, Marylebone to South Wharf Road, Paddington"
"LINESTRING (-0.157183 51.52026,-0.17581 51.517335", "From Crawford Street, Marylebone to South Wharf Road, Paddington"
"LINESTRING (-0.147624 51.49395,-0.17581 51.517335", "From Eccleston Place, Victoria to South Wharf Road, Paddington"
"LINESTRING (-0.145827 51.507326,-0.17581 51.517335", "From Clarges Street, Mayfair to South Wharf Road, Paddington"
"LINESTRING (-0.130458 51.494816,-0.17581 51.517335", "From Horseferry Road, Westminster to South Wharf Road, Paddington"
"LINESTRING (-0.116279 51.524564,-0.17581 51.517335", "From Wren Street, Holborn to South Wharf Road, Paddington"
"LINESTRING (-0.175116 51.523353,-0.17581 51.517335", "From Frampton Street, Paddington to South Wharf Road, Paddington"
"LINESTRING (-0.116279 51.524564,-0.17581 51.517335", "From Wren Street, Holborn to South Wharf Road, Paddington"
"LINESTRING (-0.16375 51.465064,-0.17581 51.517335", "From Dorothy Road, Clapham Junction to South Wharf Road, Paddington"
"LINESTRING (-0.136052 51.527326,-0.17581 51.517335", "From Drummond Street , Euston to South Wharf Road, Paddington"
"LINESTRING (-0.165471 51.498884,-0.17581 51.517335", "From Montpelier Street, Knightsbridge to South Wharf Road, Paddington"
"LINESTRING (-0.147624 51.49395,-0.17581 51.517335", "From Eccleston Place, Victoria to South Wharf Road, Paddington"
"LINESTRING (-0.142943 51.496863,-0.17581 51.517335", "From Allington Street, Victoria to South Wharf Road, Paddington"
"LINESTRING (-0.144228 51.518117,-0.17581 51.517335", "From Broadcasting House, Marylebone to South Wharf Road, Paddington"
"LINESTRING (-0.151359 51.522008,-0.17581 51.517335", "From Beaumont Street, Marylebone to South Wharf Road, Paddington"
"LINESTRING (-0.204764 51.519042,-0.17581 51.517335", "From All Saints' Road, Portobello to South Wharf Road, Paddington"
"LINESTRING (-0.13225 51.528833,-0.17581 51.517335", "From Doric Way , Somers Town to South Wharf Road, Paddington"
"LINESTRING (-0.151926 51.516814,-0.17581 51.517335", "From Hinde Street, Marylebone to South Wharf Road, Paddington"
"LINESTRING (-0.079249 51.518908,-0.17581 51.517335", "From Brushfield Street, Liverpool Street to South Wharf Road, Paddington"
"LINESTRING (-0.150666 51.506864,-0.17581 51.517335", "From Stanhope Gate, Mayfair to South Wharf Road, Paddington"
"LINESTRING (-0.124678 51.51908,-0.17581 51.517335", "From British Museum, Bloomsbury to South Wharf Road, Paddington"
"LINESTRING (-0.131961 51.508446,-0.17581 51.517335", "From Charles II Street, West End to South Wharf Road, Paddington"
"LINESTRING (-0.185296 51.495362,-0.17581 51.517335", "From Emperor's Gate, South Kensington to South Wharf Road, Paddington"
"LINESTRING (-0.163347 51.474392,-0.17581 51.517335", "From Albert Bridge Road, Battersea Park to South Wharf Road, Paddington"
"LINESTRING (-0.133201 51.512515,-0.17581 51.517335", "From Wardour Street, Soho to South Wharf Road, Paddington"
"LINESTRING (-0.138231 51.525542,-0.17581 51.517335", "From Hampstead Road, Euston to South Wharf Road, Paddington"
"LINESTRING (-0.206029 51.49087,-0.17581 51.517335", "From West Kensington Station, West Kensington to South Wharf Road, Paddington"
"LINESTRING (-0.083935 51.520009,-0.17581 51.517335", "From Sun Street, Liverpool Street to South Wharf Road, Paddington"
"LINESTRING (-0.149569 51.50274,-0.17581 51.517335", "From Wellington Arch, Hyde Park to South Wharf Road, Paddington"
"LINESTRING (-0.134621 51.507424,-0.17581 51.517335", "From St. James's Square, St. James's to South Wharf Road, Paddington"
"LINESTRING (-0.147624 51.49395,-0.17581 51.517335", "From Eccleston Place, Victoria to South Wharf Road, Paddington"
"LINESTRING (-0.123179 51.506543,-0.17581 51.517335", "From Whitehall Place, Strand to South Wharf Road, Paddington"
"LINESTRING (-0.174554 51.499917,-0.17581 51.517335", "From Exhibition Road, Knightsbridge to South Wharf Road, Paddington"
"LINESTRING (-0.204764 51.519042,-0.17581 51.517335", "From All Saints' Road, Portobello to South Wharf Road, Paddington"
"LINESTRING (-0.153645 51.512911,-0.17581 51.517335", "From North Audley Street, Mayfair to South Wharf Road, Paddington"
"LINESTRING (-0.197609 51.483911,-0.17581 51.517335", "From Halford Road, West Kensington to South Wharf Road, Paddington"
"LINESTRING (-0.126409 51.524,-0.17581 51.517335", "From Coram Street, Bloomsbury to South Wharf Road, Paddington"
"LINESTRING (-0.17977 51.51348,-0.17581 51.517335", "From Devonshire Terrace, Bayswater to South Wharf Road, Paddington"
"LINESTRING (-0.151296 51.50923,-0.17581 51.517335", "From South Audley Street, Mayfair to South Wharf Road, Paddington"
"LINESTRING (-0.13544 51.497829,-0.17581 51.517335", "From Butler Place, Westminster to South Wharf Road, Paddington"
"LINESTRING (-0.204764 51.519042,-0.17581 51.517335", "From All Saints' Road, Portobello to South Wharf Road, Paddington"
"LINESTRING (-0.147624 51.49395,-0.17581 51.517335", "From Eccleston Place, Victoria to South Wharf Road, Paddington"
"LINESTRING (-0.116688 51.520596,-0.17581 51.517335", "From Theobald's Road , Holborn to South Wharf Road, Paddington"
"LINESTRING (-0.136039 51.519914,-0.17581 51.517335", "From Scala Street, Fitzrovia to South Wharf Road, Paddington"
"LINESTRING (-0.204764 51.519042,-0.17581 51.517335", "From All Saints' Road, Portobello to South Wharf Road, Paddington"
"LINESTRING (-0.147983 51.519167,-0.17581 51.517335", "From New Cavendish Street, Marylebone to South Wharf Road, Paddington"
"LINESTRING (-0.169774 51.519968,-0.17581 51.517335", "From Edgware Road Station, Marylebone to South Wharf Road, Paddington"
"LINESTRING (-0.113426 51.503919,-0.17581 51.517335", "From Waterloo Station 2, Waterloo to South Wharf Road, Paddington"
"LINESTRING (-0.197609 51.483911,-0.17581 51.517335", "From Halford Road, West Kensington to South Wharf Road, Paddington"
"LINESTRING (-0.157183 51.52026,-0.17581 51.517335", "From Crawford Street, Marylebone to South Wharf Road, Paddington"
"LINESTRING (-0.159237 51.501855,-0.17581 51.517335", "From Seville Street, Knightsbridge to South Wharf Road, Paddington"
"LINESTRING (-0.178433 51.492479,-0.17581 51.517335", "From Queen's Gate (South), South Kensington to South Wharf Road, Paddington"
"LINESTRING (-0.132845 51.489975,-0.17581 51.517335", "From Rampayne Street, Pimlico to South Wharf Road, Paddington"
"LINESTRING (-0.091773 51.504627,-0.17581 51.517335", "From Hop Exchange, The Borough to South Wharf Road, Paddington"
"LINESTRING (-0.18119 51.485587,-0.17581 51.517335", "From Limerston Street, West Chelsea to South Wharf Road, Paddington"
"LINESTRING (-0.157436 51.512276,-0.17581 51.517335", "From Green Street, Mayfair to South Wharf Road, Paddington"
"LINESTRING (-0.132102 51.498125,-0.17581 51.517335", "From Abbey Orchard Street, Westminster to South Wharf Road, Paddington"
"LINESTRING (-0.156166 51.518913,-0.17581 51.517335", "From Baker Street, Marylebone to South Wharf Road, Paddington"
"LINESTRING (-0.117619 51.509943,-0.178433 51.492479", "From Somerset House, Strand to Queen's Gate (South), South Kensington"
"LINESTRING (-0.167894 51.493184,-0.178433 51.492479", "From Sloane Avenue, Knightsbridge to Queen's Gate (South), South Kensington"
"LINESTRING (-0.174971 51.485121,-0.178433 51.492479", "From The Vale, Chelsea to Queen's Gate (South), South Kensington"
"LINESTRING (-0.175116 51.523353,-0.178433 51.492479", "From Frampton Street, Paddington to Queen's Gate (South), South Kensington"
"LINESTRING (-0.173715 51.491211,-0.178433 51.492479", "From Sumner Place, South Kensington to Queen's Gate (South), South Kensington"
"LINESTRING (-0.170279 51.506451,-0.178433 51.492479", "From Triangle Car Park, Hyde Park to Queen's Gate (South), South Kensington"
"LINESTRING (-0.185273 51.481765,-0.178433 51.492479", "From Hortensia Road, West Brompton to Queen's Gate (South), South Kensington"
"LINESTRING (-0.15352 51.503117,-0.178433 51.492479", "From Hyde Park Corner, Hyde Park to Queen's Gate (South), South Kensington"
"LINESTRING (-0.18498 51.501737,-0.178433 51.492479", "From De Vere Gardens, Kensington to Queen's Gate (South), South Kensington"
"LINESTRING (-0.147983 51.519167,-0.178433 51.492479", "From New Cavendish Street, Marylebone to Queen's Gate (South), South Kensington"
"LINESTRING (-0.174691 51.45787,-0.178433 51.492479", "From Spencer Park, Wandsworth Common to Queen's Gate (South), South Kensington"
"LINESTRING (-0.185273 51.481765,-0.178433 51.492479", "From Hortensia Road, West Brompton to Queen's Gate (South), South Kensington"
"LINESTRING (-0.191462 51.501364,-0.178433 51.492479", "From Derry Street, Kensington to Queen's Gate (South), South Kensington"
"LINESTRING (-0.179702 51.499428,-0.178433 51.492479", "From Imperial College, Knightsbridge to Queen's Gate (South), South Kensington"
"LINESTRING (-0.191462 51.501364,-0.178433 51.492479", "From Derry Street, Kensington to Queen's Gate (South), South Kensington"
"LINESTRING (-0.214749 51.473036,-0.178433 51.492479", "From Bishop's Avenue, Fulham to Queen's Gate (South), South Kensington"
"LINESTRING (-0.174554 51.499917,-0.178433 51.492479", "From Exhibition Road, Knightsbridge to Queen's Gate (South), South Kensington"
"LINESTRING (-0.202038 51.48357,-0.178433 51.492479", "From Coomer Place, West Kensington to Queen's Gate (South), South Kensington"
"LINESTRING (-0.190393 51.490163,-0.178433 51.492479", "From Bramham Gardens, Earl's Court to Queen's Gate (South), South Kensington"
"LINESTRING (-0.179854 51.501715,-0.178433 51.492479", "From Queen's Gate, Kensington Gardens to Queen's Gate (South), South Kensington"
"LINESTRING (-0.185273 51.481765,-0.178433 51.492479", "From Hortensia Road, West Brompton to Queen's Gate (South), South Kensington"
"LINESTRING (-0.142844 51.506613,-0.178433 51.492479", "From Green Park Station, Mayfair to Queen's Gate (South), South Kensington"
"LINESTRING (-0.179369 51.487196,-0.178433 51.492479", "From Drayton Gardens, West Chelsea to Queen's Gate (South), South Kensington"
"LINESTRING (-0.182435 51.478169,-0.178433 51.492479", "From Upcerne Road, West Chelsea to Queen's Gate (South), South Kensington"
"LINESTRING (-0.145827 51.507326,-0.178433 51.492479", "From Clarges Street, Mayfair to Queen's Gate (South), South Kensington"
"LINESTRING (-0.156876 51.49313,-0.178433 51.492479", "From Sedding Street, Sloane Square to Queen's Gate (South), South Kensington"
"LINESTRING (-0.183165 51.474665,-0.178433 51.492479", "From Imperial Wharf Station, Sands End to Queen's Gate (South), South Kensington"
"LINESTRING (-0.199135 51.468418,-0.178433 51.492479", "From Broomhouse Lane, Parsons Green to Queen's Gate (South), South Kensington"
"LINESTRING (-0.174653 51.527294,-0.164393 51.516517", "From St. John's Wood Road, St. John's Wood to Nutford Place, Marylebone"
"LINESTRING (-0.141327 51.520253,-0.164393 51.516517", "From Great Titchfield Street, Fitzrovia to Nutford Place, Marylebone"
"LINESTRING (-0.141327 51.520253,-0.164393 51.516517", "From Great Titchfield Street, Fitzrovia to Nutford Place, Marylebone"
"LINESTRING (-0.141327 51.520253,-0.164393 51.516517", "From Great Titchfield Street, Fitzrovia to Nutford Place, Marylebone"
"LINESTRING (-0.161113 51.522596,-0.164393 51.516517", "From Dorset Square, Marylebone to Nutford Place, Marylebone"
"LINESTRING (-0.225787 51.514767,-0.164393 51.516517", "From BBC White City, White City to Nutford Place, Marylebone"
"LINESTRING (-0.183486 51.529857,-0.164393 51.516517", "From Maida Vale, Maida Vale to Nutford Place, Marylebone"
"LINESTRING (-0.132328 51.515631,-0.164393 51.516517", "From Soho Square , Soho to Nutford Place, Marylebone"
"LINESTRING (-0.144228 51.518117,-0.164393 51.516517", "From Broadcasting House, Marylebone to Nutford Place, Marylebone"
"LINESTRING (-0.138072 51.517344,-0.164393 51.516517", "From Wells Street, Fitzrovia to Nutford Place, Marylebone"
"LINESTRING (-0.131213 51.513103,-0.164393 51.516517", "From Frith Street, Soho to Nutford Place, Marylebone"
"LINESTRING (-0.147983 51.519167,-0.164393 51.516517", "From New Cavendish Street, Marylebone to Nutford Place, Marylebone"
"LINESTRING (-0.200804 51.520509,-0.164393 51.516517", "From The Metropolitan, Portobello to Nutford Place, Marylebone"
"LINESTRING (-0.155525 51.516204,-0.164393 51.516517", "From Portman Square, Marylebone to Nutford Place, Marylebone"
"LINESTRING (-0.158264 51.514577,-0.164393 51.516517", "From Old Quebec Street, Marylebone to Nutford Place, Marylebone"
"LINESTRING (-0.196422 51.509353,-0.164393 51.516517", "From Notting Hill Gate Station, Notting Hill to Nutford Place, Marylebone"
"LINESTRING (-0.154701 51.520583,-0.164393 51.516517", "From Paddington Street, Marylebone to Nutford Place, Marylebone"
"LINESTRING (-0.18377 51.5171,-0.164393 51.516517", "From Bishop's Bridge Road East, Bayswater to Nutford Place, Marylebone"
"LINESTRING (-0.131161 51.52505,-0.109914 51.531666", "From Taviton Street, Bloomsbury to Claremont Square, Angel"
"LINESTRING (-0.09734 51.520841,-0.109914 51.531666", "From Aldersgate Street, Barbican to Claremont Square, Angel"
"LINESTRING (-0.058826 51.54119,-0.109914 51.531666", "From London Fields, Hackney Central to Claremont Square, Angel"
"LINESTRING (-0.079608 51.521668,-0.109914 51.531666", "From Worship Street, Shoreditch to Claremont Square, Angel"
"LINESTRING (-0.109256 51.526443,-0.109914 51.531666", "From Tysoe Street, Clerkenwell to Claremont Square, Angel"
"LINESTRING (-0.138019 51.524438,-0.109914 51.531666", "From Warren Street Station, Euston to Claremont Square, Angel"
"LINESTRING (-0.075885 51.536585,-0.109914 51.531666", "From Dunston Road , Haggerston to Claremont Square, Angel"
"LINESTRING (-0.13225 51.528833,-0.109914 51.531666", "From Doric Way , Somers Town to Claremont Square, Angel"
"LINESTRING (-0.145393 51.542138,-0.109914 51.531666", "From Castlehaven Road, Camden Town to Claremont Square, Angel"
"LINESTRING (-0.154907 51.522481,-0.109914 51.531666", "From Westminster University, Marylebone to Claremont Square, Angel"
"LINESTRING (-0.085634 51.520962,-0.109914 51.531666", "From Finsbury Square , Moorgate to Claremont Square, Angel"
"LINESTRING (-0.079608 51.521668,-0.109914 51.531666", "From Worship Street, Shoreditch to Claremont Square, Angel"
"LINESTRING (-0.170194 51.489716,-0.132845 51.489975", "From St. Luke's Church, Chelsea to Rampayne Street, Pimlico"
"LINESTRING (-0.138733 51.496753,-0.132845 51.489975", "From Howick Place, Westminster to Rampayne Street, Pimlico"
"LINESTRING (-0.132845 51.489975,-0.132845 51.489975", "From Rampayne Street, Pimlico to Rampayne Street, Pimlico"
"LINESTRING (-0.111014 51.493686,-0.132845 51.489975", "From Walnut Tree Walk, Vauxhall to Rampayne Street, Pimlico"
"LINESTRING (-0.180274 51.481805,-0.132845 51.489975", "From World's End Place, West Chelsea to Rampayne Street, Pimlico"
"LINESTRING (-0.185273 51.481765,-0.132845 51.489975", "From Hortensia Road, West Brompton to Rampayne Street, Pimlico"
"LINESTRING (-0.125674 51.491884,-0.132845 51.489975", "From Millbank Tower, Pimlico to Rampayne Street, Pimlico"
"LINESTRING (-0.13544 51.497829,-0.132845 51.489975", "From Butler Place, Westminster to Rampayne Street, Pimlico"
"LINESTRING (-0.149004 51.485821,-0.132845 51.489975", "From Chelsea Bridge, Pimlico to Rampayne Street, Pimlico"
"LINESTRING (-0.129697 51.509087,-0.132845 51.489975", "From St. Martin's Street, West End to Rampayne Street, Pimlico"
"LINESTRING (-0.15785 51.471095,-0.132845 51.489975", "From Culvert Road, Battersea to Rampayne Street, Pimlico"
"LINESTRING (-0.134621 51.507424,-0.132845 51.489975", "From St. James's Square, St. James's to Rampayne Street, Pimlico"
"LINESTRING (-0.153233 51.490959,-0.132845 51.489975", "From Bourne Street, Belgravia to Rampayne Street, Pimlico"
"LINESTRING (-0.141923 51.489856,-0.132845 51.489975", "From Warwick Square, Pimlico to Rampayne Street, Pimlico"
"LINESTRING (-0.14296 51.497998,-0.132845 51.489975", "From Warwick Row, Westminster to Rampayne Street, Pimlico"
"LINESTRING (-0.162727 51.489932,-0.132845 51.489975", "From Royal Avenue 1, Chelsea to Rampayne Street, Pimlico"
"LINESTRING (-0.127554 51.493978,-0.132845 51.489975", "From Page Street, Westminster to Rampayne Street, Pimlico"
"LINESTRING (-0.139956 51.493573,-0.132845 51.489975", "From Queen Mother Sports Centre, Victoria to Rampayne Street, Pimlico"
"LINESTRING (-0.121394 51.493699,-0.132845 51.489975", "From Fire Brigade Pier, Vauxhall to Rampayne Street, Pimlico"
"LINESTRING (-0.13151 51.509639,-0.132845 51.489975", "From Panton Street, West End to Rampayne Street, Pimlico"
"LINESTRING (-0.090075 51.517842,-0.132845 51.489975", "From Fore Street, Guildhall to Rampayne Street, Pimlico"
"LINESTRING (-0.139625 51.490962,-0.132845 51.489975", "From Gloucester Street, Pimlico to Rampayne Street, Pimlico"
"LINESTRING (-0.094524 51.500694,-0.132845 51.489975", "From Borough High Street, The Borough to Rampayne Street, Pimlico"
"LINESTRING (-0.131773 51.506633,-0.132845 51.489975", "From Waterloo Place, St. James's to Rampayne Street, Pimlico"
"LINESTRING (-0.183853 51.480898,-0.132845 51.489975", "From Thorndike Close, West Chelsea to Rampayne Street, Pimlico"
"LINESTRING (-0.18119 51.485587,-0.132845 51.489975", "From Limerston Street, West Chelsea to Rampayne Street, Pimlico"
"LINESTRING (-0.129925 51.493072,-0.132845 51.489975", "From Vincent Street, Pimlico to Rampayne Street, Pimlico"
"LINESTRING (-0.125674 51.491884,-0.132845 51.489975", "From Millbank Tower, Pimlico to Rampayne Street, Pimlico"
"LINESTRING (-0.178433 51.492479,-0.132845 51.489975", "From Queen's Gate (South), South Kensington to Rampayne Street, Pimlico"
"LINESTRING (-0.139956 51.493573,-0.132845 51.489975", "From Queen Mother Sports Centre, Victoria to Rampayne Street, Pimlico"
"LINESTRING (-0.166878 51.488023,-0.132845 51.489975", "From Flood Street, Chelsea to Rampayne Street, Pimlico"
"LINESTRING (-0.138212 51.481335,-0.132845 51.489975", "From Riverlight South, Nine Elms to Rampayne Street, Pimlico"
"LINESTRING (-0.116625 51.486965,-0.132845 51.489975", "From Vauxhall Street, Vauxhall to Rampayne Street, Pimlico"
"LINESTRING (-0.150481 51.51217,-0.132845 51.489975", "From Grosvenor Square, Mayfair to Rampayne Street, Pimlico"
"LINESTRING (-0.138364 51.492111,-0.132845 51.489975", "From Tachbrook Street, Victoria to Rampayne Street, Pimlico"
"LINESTRING (-0.142345 51.510662,-0.132845 51.489975", "From Clifford Street, Mayfair to Rampayne Street, Pimlico"
"LINESTRING (-0.182435 51.478169,-0.132845 51.489975", "From Upcerne Road, West Chelsea to Rampayne Street, Pimlico"
"LINESTRING (-0.139625 51.490962,-0.132845 51.489975", "From Gloucester Street, Pimlico to Rampayne Street, Pimlico"
"LINESTRING (-0.202759 51.500743,-0.132845 51.489975", "From Ilchester Place, Kensington to Rampayne Street, Pimlico"
"LINESTRING (-0.153233 51.490959,-0.132845 51.489975", "From Bourne Street, Belgravia to Rampayne Street, Pimlico"
"LINESTRING (-0.18119 51.485587,-0.132845 51.489975", "From Limerston Street, West Chelsea to Rampayne Street, Pimlico"
"LINESTRING (-0.159322 51.461343,-0.132845 51.489975", "From Clapham Common North Side, Clapham Common to Rampayne Street, Pimlico"
"LINESTRING (-0.179668 51.511654,-0.132845 51.489975", "From Lancaster Gate , Bayswater to Rampayne Street, Pimlico"
"LINESTRING (-0.139956 51.493573,-0.132845 51.489975", "From Queen Mother Sports Centre, Victoria to Rampayne Street, Pimlico"
"LINESTRING (-0.211358 51.510101,-0.15352 51.503117", "From Walmer Road, Avondale to Hyde Park Corner, Hyde Park"
"LINESTRING (-0.15352 51.503117,-0.15352 51.503117", "From Hyde Park Corner, Hyde Park to Hyde Park Corner, Hyde Park"
"LINESTRING (-0.151926 51.516814,-0.15352 51.503117", "From Hinde Street, Marylebone to Hyde Park Corner, Hyde Park"
"LINESTRING (-0.224103 51.509158,-0.15352 51.503117", "From Westfield Ariel Way, White City to Hyde Park Corner, Hyde Park"
"LINESTRING (-0.15352 51.503117,-0.15352 51.503117", "From Hyde Park Corner, Hyde Park to Hyde Park Corner, Hyde Park"
"LINESTRING (-0.15352 51.503117,-0.15352 51.503117", "From Hyde Park Corner, Hyde Park to Hyde Park Corner, Hyde Park"
"LINESTRING (-0.17306 51.505014,-0.15352 51.503117", "From Serpentine Car Park, Hyde Park to Hyde Park Corner, Hyde Park"
"LINESTRING (-0.187842 51.509908,-0.15352 51.503117", "From Black Lion Gate, Kensington Gardens to Hyde Park Corner, Hyde Park"
"LINESTRING (-0.15352 51.503117,-0.15352 51.503117", "From Hyde Park Corner, Hyde Park to Hyde Park Corner, Hyde Park"
"LINESTRING (-0.101384 51.49652,-0.15352 51.503117", "From Ontario Street, Elephant & Castle to Hyde Park Corner, Hyde Park"
"LINESTRING (-0.228188 51.494499,-0.15352 51.503117", "From Southerton Road, Hammersmith to Hyde Park Corner, Hyde Park"
"LINESTRING (-0.141812 51.469259,-0.15352 51.503117", "From Wandsworth Rd, Isley Court, Wandsworth Road to Hyde Park Corner, Hyde Park"
"LINESTRING (-0.15352 51.503117,-0.15352 51.503117", "From Hyde Park Corner, Hyde Park to Hyde Park Corner, Hyde Park"
"LINESTRING (-0.150908 51.47505,-0.15352 51.503117", "From Alfreda Street, Battersea Park to Hyde Park Corner, Hyde Park"
"LINESTRING (-0.108028 51.518825,-0.15352 51.503117", "From Hatton Garden, Holborn to Hyde Park Corner, Hyde Park"
"LINESTRING (-0.100186 51.505817,-0.15352 51.503117", "From Bankside Mix, Bankside to Hyde Park Corner, Hyde Park"
"LINESTRING (-0.15352 51.503117,-0.15352 51.503117", "From Hyde Park Corner, Hyde Park to Hyde Park Corner, Hyde Park"
"LINESTRING (-0.15352 51.503117,-0.15352 51.503117", "From Hyde Park Corner, Hyde Park to Hyde Park Corner, Hyde Park"
"LINESTRING (-0.136928 51.493985,-0.15352 51.503117", "From Vincent Square, Westminster to Hyde Park Corner, Hyde Park"
"LINESTRING (-0.197524 51.511084,-0.15352 51.503117", "From Pembridge Villas, Notting Hill to Hyde Park Corner, Hyde Park"
"LINESTRING (-0.15352 51.503117,-0.15352 51.503117", "From Hyde Park Corner, Hyde Park to Hyde Park Corner, Hyde Park"
"LINESTRING (-0.161113 51.522596,-0.15352 51.503117", "From Dorset Square, Marylebone to Hyde Park Corner, Hyde Park"
"LINESTRING (-0.2135 51.496927,-0.15352 51.503117", "From Blythe Road, Olympia to Hyde Park Corner, Hyde Park"
"LINESTRING (-0.15352 51.503117,-0.15352 51.503117", "From Hyde Park Corner, Hyde Park to Hyde Park Corner, Hyde Park"
"LINESTRING (-0.185273 51.481765,-0.15352 51.503117", "From Hortensia Road, West Brompton to Hyde Park Corner, Hyde Park"
"LINESTRING (-0.161113 51.522596,-0.15352 51.503117", "From Dorset Square, Marylebone to Hyde Park Corner, Hyde Park"
"LINESTRING (-0.142844 51.506613,-0.15352 51.503117", "From Green Park Station, Mayfair to Hyde Park Corner, Hyde Park"
"LINESTRING (-0.157275 51.510017,-0.15352 51.503117", "From Park Lane , Hyde Park to Hyde Park Corner, Hyde Park"
"LINESTRING (-0.14296 51.497998,-0.15352 51.503117", "From Warwick Row, Westminster to Hyde Park Corner, Hyde Park"
"LINESTRING (-0.187842 51.509908,-0.15352 51.503117", "From Black Lion Gate, Kensington Gardens to Hyde Park Corner, Hyde Park"
"LINESTRING (-0.119047 51.509631,-0.15352 51.503117", "From Embankment (Savoy), Strand to Hyde Park Corner, Hyde Park"
"LINESTRING (-0.157275 51.510017,-0.15352 51.503117", "From Park Lane , Hyde Park to Hyde Park Corner, Hyde Park"
"LINESTRING (-0.158249 51.516892,-0.15352 51.503117", "From George Place Mews, Marylebone to Hyde Park Corner, Hyde Park"
"LINESTRING (-0.179854 51.501715,-0.15352 51.503117", "From Queen's Gate, Kensington Gardens to Hyde Park Corner, Hyde Park"
"LINESTRING (-0.187402 51.51031,-0.15352 51.503117", "From Queensway, Kensington Gardens to Hyde Park Corner, Hyde Park"
"LINESTRING (-0.15352 51.503117,-0.15352 51.503117", "From Hyde Park Corner, Hyde Park to Hyde Park Corner, Hyde Park"
"LINESTRING (-0.14296 51.497998,-0.15352 51.503117", "From Warwick Row, Westminster to Hyde Park Corner, Hyde Park"
"LINESTRING (-0.21186 51.483217,-0.15352 51.503117", "From Humbolt Road, Fulham to Hyde Park Corner, Hyde Park"
"LINESTRING (-0.179854 51.501715,-0.15352 51.503117", "From Queen's Gate, Kensington Gardens to Hyde Park Corner, Hyde Park"
"LINESTRING (-0.187402 51.51031,-0.15352 51.503117", "From Queensway, Kensington Gardens to Hyde Park Corner, Hyde Park"
"LINESTRING (-0.123823 51.501513,-0.15352 51.503117", "From Westminster Pier, Westminster to Hyde Park Corner, Hyde Park"
"LINESTRING (-0.13011 51.513527,-0.15352 51.503117", "From Moor Street, Soho to Hyde Park Corner, Hyde Park"
"LINESTRING (-0.174554 51.499917,-0.15352 51.503117", "From Exhibition Road, Knightsbridge to Hyde Park Corner, Hyde Park"
"LINESTRING (-0.183716 51.517932,-0.15352 51.503117", "From Orsett Terrace, Bayswater to Hyde Park Corner, Hyde Park"
"LINESTRING (-0.136928 51.493985,-0.15352 51.503117", "From Vincent Square, Westminster to Hyde Park Corner, Hyde Park"
"LINESTRING (-0.10527 51.515809,-0.15352 51.503117", "From Stonecutter Street, Holborn to Hyde Park Corner, Hyde Park"
"LINESTRING (-0.09308 51.515735,-0.15352 51.503117", "From The Guildhall, Guildhall to Hyde Park Corner, Hyde Park"
"LINESTRING (-0.121723 51.510701,-0.15352 51.503117", "From Southampton Street, Strand to Hyde Park Corner, Hyde Park"
"LINESTRING (-0.13151 51.509639,-0.15352 51.503117", "From Panton Street, West End to Hyde Park Corner, Hyde Park"
"LINESTRING (-0.170279 51.506451,-0.15352 51.503117", "From Triangle Car Park, Hyde Park to Hyde Park Corner, Hyde Park"
"LINESTRING (-0.123823 51.501513,-0.15352 51.503117", "From Westminster Pier, Westminster to Hyde Park Corner, Hyde Park"
"LINESTRING (-0.141923 51.489856,-0.15352 51.503117", "From Warwick Square, Pimlico to Hyde Park Corner, Hyde Park"
"LINESTRING (-0.179854 51.501715,-0.15352 51.503117", "From Queen's Gate, Kensington Gardens to Hyde Park Corner, Hyde Park"
"LINESTRING (-0.15352 51.503117,-0.15352 51.503117", "From Hyde Park Corner, Hyde Park to Hyde Park Corner, Hyde Park"
"LINESTRING (-0.190393 51.490163,-0.15352 51.503117", "From Bramham Gardens, Earl's Court to Hyde Park Corner, Hyde Park"
"LINESTRING (-0.158249 51.516892,-0.15352 51.503117", "From George Place Mews, Marylebone to Hyde Park Corner, Hyde Park"
"LINESTRING (-0.192369 51.491593,-0.15352 51.503117", "From Penywern Road, Earl's Court to Hyde Park Corner, Hyde Park"
"LINESTRING (-0.145246 51.539957,-0.15352 51.503117", "From Arlington Road, Camden Town to Hyde Park Corner, Hyde Park"
"LINESTRING (-0.198735 51.46067,-0.15352 51.503117", "From Osiers Road, Wandsworth to Hyde Park Corner, Hyde Park"
"LINESTRING (-0.15352 51.503117,-0.15352 51.503117", "From Hyde Park Corner, Hyde Park to Hyde Park Corner, Hyde Park"
"LINESTRING (-0.104947 51.516785,-0.15352 51.503117", "From Farringdon Street, Holborn to Hyde Park Corner, Hyde Park"
"LINESTRING (-0.121723 51.510701,-0.15352 51.503117", "From Southampton Street, Strand to Hyde Park Corner, Hyde Park"
"LINESTRING (-0.15352 51.503117,-0.15352 51.503117", "From Hyde Park Corner, Hyde Park to Hyde Park Corner, Hyde Park"
"LINESTRING (-0.15352 51.503117,-0.15352 51.503117", "From Hyde Park Corner, Hyde Park to Hyde Park Corner, Hyde Park"
"LINESTRING (-0.187842 51.509908,-0.15352 51.503117", "From Black Lion Gate, Kensington Gardens to Hyde Park Corner, Hyde Park"
"LINESTRING (-0.183165 51.474665,-0.15352 51.503117", "From Imperial Wharf Station, Sands End to Hyde Park Corner, Hyde Park"
"LINESTRING (-0.19096 51.51244,-0.15352 51.503117", "From Ilchester Gardens, Bayswater to Hyde Park Corner, Hyde Park"
"LINESTRING (-0.156876 51.49313,-0.15352 51.503117", "From Sedding Street, Sloane Square to Hyde Park Corner, Hyde Park"
"LINESTRING (-0.15352 51.503117,-0.15352 51.503117", "From Hyde Park Corner, Hyde Park to Hyde Park Corner, Hyde Park"
"LINESTRING (-0.208485 51.478939,-0.15352 51.503117", "From St. Peter's Terrace, Fulham to Hyde Park Corner, Hyde Park"
"LINESTRING (-0.224103 51.509158,-0.15352 51.503117", "From Westfield Ariel Way, White City to Hyde Park Corner, Hyde Park"
"LINESTRING (-0.15352 51.503117,-0.15352 51.503117", "From Hyde Park Corner, Hyde Park to Hyde Park Corner, Hyde Park"
"LINESTRING (-0.200838 51.514311,-0.15352 51.503117", "From Turquoise Island, Notting Hill to Hyde Park Corner, Hyde Park"
"LINESTRING (-0.193764 51.508605,-0.15352 51.503117", "From Palace Gardens Terrace, Notting Hill to Hyde Park Corner, Hyde Park"
"LINESTRING (-0.204815 51.484386,-0.15352 51.503117", "From Normand Park, West Kensington to Hyde Park Corner, Hyde Park"
"LINESTRING (-0.170703 51.470847,-0.15352 51.503117", "From Simpson Street, Clapham Junction to Hyde Park Corner, Hyde Park"
"LINESTRING (-0.187842 51.509908,-0.15352 51.503117", "From Black Lion Gate, Kensington Gardens to Hyde Park Corner, Hyde Park"
"LINESTRING (-0.174554 51.499917,-0.15352 51.503117", "From Exhibition Road, Knightsbridge to Hyde Park Corner, Hyde Park"
"LINESTRING (-0.173757 51.496471,-0.15352 51.503117", "From Exhibition Road Museums 1, South Kensington to Hyde Park Corner, Hyde Park"
"LINESTRING (-0.15352 51.503117,-0.15352 51.503117", "From Hyde Park Corner, Hyde Park to Hyde Park Corner, Hyde Park"
"LINESTRING (-0.149569 51.50274,-0.15352 51.503117", "From Wellington Arch, Hyde Park to Hyde Park Corner, Hyde Park"
"LINESTRING (-0.086685 51.517075,-0.15352 51.503117", "From Finsbury Circus, Liverpool Street to Hyde Park Corner, Hyde Park"
"LINESTRING (-0.13151 51.509639,-0.15352 51.503117", "From Panton Street, West End to Hyde Park Corner, Hyde Park"
"LINESTRING (-0.187842 51.509908,-0.15352 51.503117", "From Black Lion Gate, Kensington Gardens to Hyde Park Corner, Hyde Park"
"LINESTRING (-0.15352 51.503117,-0.15352 51.503117", "From Hyde Park Corner, Hyde Park to Hyde Park Corner, Hyde Park"
"LINESTRING (-0.15352 51.503117,-0.15352 51.503117", "From Hyde Park Corner, Hyde Park to Hyde Park Corner, Hyde Park"
"LINESTRING (-0.15352 51.503117,-0.15352 51.503117", "From Hyde Park Corner, Hyde Park to Hyde Park Corner, Hyde Park"
"LINESTRING (-0.1844 51.502042,-0.15352 51.503117", "From Palace Gate, Kensington Gardens to Hyde Park Corner, Hyde Park"
"LINESTRING (-0.179854 51.501715,-0.15352 51.503117", "From Queen's Gate, Kensington Gardens to Hyde Park Corner, Hyde Park"
"LINESTRING (-0.149551 51.477619,-0.15352 51.503117", "From Queen's Circus, Battersea Park to Hyde Park Corner, Hyde Park"
"LINESTRING (-0.173757 51.496471,-0.15352 51.503117", "From Exhibition Road Museums 1, South Kensington to Hyde Park Corner, Hyde Park"
"LINESTRING (-0.179854 51.501715,-0.15352 51.503117", "From Queen's Gate, Kensington Gardens to Hyde Park Corner, Hyde Park"
"LINESTRING (-0.158249 51.516892,-0.15352 51.503117", "From George Place Mews, Marylebone to Hyde Park Corner, Hyde Park"
"LINESTRING (-0.114934 51.49288,-0.15352 51.503117", "From Lollard Street, Vauxhall to Hyde Park Corner, Hyde Park"
"LINESTRING (-0.099828 51.493146,-0.15352 51.503117", "From Strata, Elephant & Castle to Hyde Park Corner, Hyde Park"
"LINESTRING (-0.157436 51.512276,-0.15352 51.503117", "From Green Street, Mayfair to Hyde Park Corner, Hyde Park"
"LINESTRING (-0.15352 51.503117,-0.15352 51.503117", "From Hyde Park Corner, Hyde Park to Hyde Park Corner, Hyde Park"
"LINESTRING (-0.147624 51.49395,-0.15352 51.503117", "From Eccleston Place, Victoria to Hyde Park Corner, Hyde Park"
"LINESTRING (-0.178732 51.493967,-0.15352 51.503117", "From Queen's Gate (Central), South Kensington to Hyde Park Corner, Hyde Park"
"LINESTRING (-0.13011 51.513527,-0.15352 51.503117", "From Moor Street, Soho to Hyde Park Corner, Hyde Park"
"LINESTRING (-0.134407 51.526236,-0.15352 51.503117", "From Euston Road, Euston to Hyde Park Corner, Hyde Park"
"LINESTRING (-0.150481 51.51217,-0.15352 51.503117", "From Grosvenor Square, Mayfair to Hyde Park Corner, Hyde Park"
"LINESTRING (-0.121723 51.510701,-0.15352 51.503117", "From Southampton Street, Strand to Hyde Park Corner, Hyde Park"
"LINESTRING (-0.198286 51.493724,-0.15352 51.503117", "From West Cromwell Road, Earl's Court to Hyde Park Corner, Hyde Park"
"LINESTRING (-0.111778 51.515937,-0.15352 51.503117", "From Breams Buildings, Holborn to Hyde Park Corner, Hyde Park"
"LINESTRING (-0.138019 51.524438,-0.15352 51.503117", "From Warren Street Station, Euston to Hyde Park Corner, Hyde Park"
"LINESTRING (-0.15352 51.503117,-0.15352 51.503117", "From Hyde Park Corner, Hyde Park to Hyde Park Corner, Hyde Park"
"LINESTRING (-0.1844 51.502042,-0.15352 51.503117", "From Palace Gate, Kensington Gardens to Hyde Park Corner, Hyde Park"
"LINESTRING (-0.15352 51.503117,-0.15352 51.503117", "From Hyde Park Corner, Hyde Park to Hyde Park Corner, Hyde Park"
"LINESTRING (-0.15352 51.503117,-0.15352 51.503117", "From Hyde Park Corner, Hyde Park to Hyde Park Corner, Hyde Park"
"LINESTRING (-0.133201 51.512515,-0.15352 51.503117", "From Wardour Street, Soho to Hyde Park Corner, Hyde Park"
"LINESTRING (-0.183118 51.515607,-0.15352 51.503117", "From Cleveland Gardens, Bayswater to Hyde Park Corner, Hyde Park"
"LINESTRING (-0.15352 51.503117,-0.15352 51.503117", "From Hyde Park Corner, Hyde Park to Hyde Park Corner, Hyde Park"
"LINESTRING (-0.170279 51.506451,-0.15352 51.503117", "From Triangle Car Park, Hyde Park to Hyde Park Corner, Hyde Park"
"LINESTRING (-0.15352 51.503117,-0.15352 51.503117", "From Hyde Park Corner, Hyde Park to Hyde Park Corner, Hyde Park"
"LINESTRING (-0.13544 51.497829,-0.15352 51.503117", "From Butler Place, Westminster to Hyde Park Corner, Hyde Park"
"LINESTRING (-0.17306 51.505014,-0.15352 51.503117", "From Serpentine Car Park, Hyde Park to Hyde Park Corner, Hyde Park"
"LINESTRING (-0.153645 51.512911,-0.15352 51.503117", "From North Audley Street, Mayfair to Hyde Park Corner, Hyde Park"
"LINESTRING (-0.120202 51.523346,-0.133201 51.512515", "From Guilford Street , Bloomsbury to Wardour Street, Soho"
"LINESTRING (-0.098497 51.503688,-0.133201 51.512515", "From Union Street, The Borough to Wardour Street, Soho"
"LINESTRING (-0.091938 51.492807,-0.133201 51.512515", "From Victory Place, Walworth to Wardour Street, Soho"
"LINESTRING (-0.125972 51.49764,-0.133201 51.512515", "From Abingdon Green, Westminster to Wardour Street, Soho"
"LINESTRING (-0.147301 51.514105,-0.133201 51.512515", "From Woodstock Street, Mayfair to Wardour Street, Soho"
"LINESTRING (-0.084439 51.524696,-0.133201 51.512515", "From Leonard Circus , Shoreditch to Wardour Street, Soho"
"LINESTRING (-0.154907 51.522481,-0.133201 51.512515", "From Westminster University, Marylebone to Wardour Street, Soho"
"LINESTRING (-0.102757 51.536384,-0.133201 51.512515", "From Islington Green, Angel to Wardour Street, Soho"
"LINESTRING (-0.106823 51.508033,-0.133201 51.512515", "From Sea Containers, South Bank to Wardour Street, Soho"
"LINESTRING (-0.13558 51.513684,-0.133201 51.512515", "From Broadwick Street, Soho to Wardour Street, Soho"
"LINESTRING (-0.121328 51.517606,-0.133201 51.512515", "From Southampton Place, Holborn to Wardour Street, Soho"
"LINESTRING (-0.138846 51.510048,-0.133201 51.512515", "From Sackville Street, Mayfair to Wardour Street, Soho"
"LINESTRING (-0.151926 51.516814,-0.133201 51.512515", "From Hinde Street, Marylebone to Wardour Street, Soho"
"LINESTRING (-0.139016 51.520994,-0.133201 51.512515", "From Howland Street, Fitzrovia to Wardour Street, Soho"
"LINESTRING (-0.055846 51.499169,-0.133201 51.512515", "From Rotherhithe Roundabout, Rotherhithe to Wardour Street, Soho"
"LINESTRING (-0.112432 51.526599,-0.133201 51.512515", "From Margery Street, Clerkenwell to Wardour Street, Soho"
"LINESTRING (-0.108322 51.510981,-0.133201 51.512515", "From Temple Gardens, Temple to Wardour Street, Soho"
"LINESTRING (-0.106408 51.530515,-0.133201 51.512515", "From Chadwell Street, Angel to Wardour Street, Soho"
"LINESTRING (-0.115851 51.505044,-0.133201 51.512515", "From Concert Hall Approach 1, South Bank to Wardour Street, Soho"
"LINESTRING (-0.187402 51.51031,-0.133201 51.512515", "From Queensway, Kensington Gardens to Wardour Street, Soho"
"LINESTRING (-0.158963 51.524517,-0.133201 51.512515", "From Park Road (Baker Street), The Regent's Park to Wardour Street, Soho"
"LINESTRING (-0.121328 51.517606,-0.133201 51.512515", "From Southampton Place, Holborn to Wardour Street, Soho"
"LINESTRING (-0.122219 51.51477,-0.133201 51.512515", "From Drury Lane, Covent Garden to Wardour Street, Soho"
"LINESTRING (-0.178433 51.492479,-0.133201 51.512515", "From Queen's Gate (South), South Kensington to Wardour Street, Soho"
"LINESTRING (-0.11655 51.51824,-0.133201 51.512515", "From Red Lion Street, Holborn to Wardour Street, Soho"
"LINESTRING (-0.083353 51.529537,-0.133201 51.512515", "From Fanshaw Street, Hoxton to Wardour Street, Soho"
"LINESTRING (-0.102757 51.536384,-0.133201 51.512515", "From Islington Green, Angel to Wardour Street, Soho"
"LINESTRING (-0.13558 51.513684,-0.133201 51.512515", "From Broadwick Street, Soho to Wardour Street, Soho"
"LINESTRING (-0.18119 51.490945,-0.133201 51.512515", "From Old Brompton Road, South Kensington to Wardour Street, Soho"
"LINESTRING (-0.081608 51.497855,-0.133201 51.512515", "From Bermondsey Street, Bermondsey to Wardour Street, Soho"
"LINESTRING (-0.145827 51.507326,-0.133201 51.512515", "From Clarges Street, Mayfair to Wardour Street, Soho"
"LINESTRING (-0.191496 51.503157,-0.133201 51.512515", "From Kensington Church Street, Kensington to Wardour Street, Soho"
"LINESTRING (-0.077178 51.514449,-0.133201 51.512515", "From Houndsditch, Aldgate to Wardour Street, Soho"
"LINESTRING (-0.106823 51.508033,-0.133201 51.512515", "From Sea Containers, South Bank to Wardour Street, Soho"
"LINESTRING (-0.094934 51.522954,-0.133201 51.512515", "From Roscoe Street, St. Luke's to Wardour Street, Soho"
"LINESTRING (-0.183165 51.474665,-0.133201 51.512515", "From Imperial Wharf Station, Sands End to Wardour Street, Soho"
"LINESTRING (-0.141327 51.520253,-0.133201 51.512515", "From Great Titchfield Street, Fitzrovia to Wardour Street, Soho"
"LINESTRING (-0.158456 51.502953,-0.133201 51.512515", "From Albert Gate, Hyde Park to Wardour Street, Soho"
"LINESTRING (-0.191351 51.513489,-0.133201 51.512515", "From Princes Square, Bayswater to Wardour Street, Soho"
"LINESTRING (-0.114934 51.49288,-0.133201 51.512515", "From Lollard Street, Vauxhall to Wardour Street, Soho"
"LINESTRING (-0.145904 51.507069,-0.133201 51.512515", "From Curzon Street, Mayfair to Wardour Street, Soho"
"LINESTRING (-0.125979 51.526357,-0.133201 51.512515", "From Cartwright Gardens , Bloomsbury to Wardour Street, Soho"
"LINESTRING (-0.091773 51.504627,-0.133201 51.512515", "From Hop Exchange, The Borough to Wardour Street, Soho"
"LINESTRING (-0.132328 51.515631,-0.133201 51.512515", "From Soho Square , Soho to Wardour Street, Soho"
"LINESTRING (-0.115851 51.505044,-0.133201 51.512515", "From Concert Hall Approach 1, South Bank to Wardour Street, Soho"
"LINESTRING (-0.109025 51.534408,-0.133201 51.512515", "From Cloudesley Road, Angel to Wardour Street, Soho"
"LINESTRING (-0.209494 51.498157,-0.133201 51.512515", "From Kensington Olympia Station, Olympia to Wardour Street, Soho"
"LINESTRING (-0.174554 51.499917,-0.133201 51.512515", "From Exhibition Road, Knightsbridge to Wardour Street, Soho"
"LINESTRING (-0.131773 51.506633,-0.133201 51.512515", "From Waterloo Place, St. James's to Wardour Street, Soho"
"LINESTRING (-0.172078 51.482567,-0.133201 51.512515", "From Danvers Street, West Chelsea to Wardour Street, Soho"
"LINESTRING (-0.173757 51.496471,-0.133201 51.512515", "From Exhibition Road Museums 1, South Kensington to Wardour Street, Soho"
"LINESTRING (-0.115851 51.505044,-0.133201 51.512515", "From Concert Hall Approach 1, South Bank to Wardour Street, Soho"
"LINESTRING (-0.151926 51.516814,-0.133201 51.512515", "From Hinde Street, Marylebone to Wardour Street, Soho"
"LINESTRING (-0.121328 51.517606,-0.133201 51.512515", "From Southampton Place, Holborn to Wardour Street, Soho"
"LINESTRING (-0.116279 51.524564,-0.133201 51.512515", "From Wren Street, Holborn to Wardour Street, Soho"
"LINESTRING (-0.124749 51.509462,-0.133201 51.512515", "From William IV Street, Strand to Wardour Street, Soho"
"LINESTRING (-0.14326 51.541007,-0.133201 51.512515", "From Hawley Crescent, Camden Town to Wardour Street, Soho"
"LINESTRING (-0.125972 51.49764,-0.133201 51.512515", "From Abingdon Green, Westminster to Wardour Street, Soho"
"LINESTRING (-0.07962 51.503493,-0.133201 51.512515", "From Tooley Street, Bermondsey to Wardour Street, Soho"
"LINESTRING (-0.191462 51.501364,-0.133201 51.512515", "From Derry Street, Kensington to Wardour Street, Soho"
"LINESTRING (-0.13558 51.513684,-0.133201 51.512515", "From Broadwick Street, Soho to Wardour Street, Soho"
"LINESTRING (-0.118256 51.47659,-0.100186 51.505817", "From Albert Square, Stockwell to Bankside Mix, Bankside"
"LINESTRING (-0.098031 51.505224,-0.100186 51.505817", "From Lavington Street, Bankside to Bankside Mix, Bankside"
"LINESTRING (-0.110889 51.495718,-0.100186 51.505817", "From Kennington Road  , Vauxhall to Bankside Mix, Bankside"
"LINESTRING (-0.089446 51.497382,-0.100186 51.505817", "From Great Dover Street, The Borough to Bankside Mix, Bankside"
"LINESTRING (-0.078869 51.521113,-0.100186 51.505817", "From Norton Folgate, Liverpool Street to Bankside Mix, Bankside"
"LINESTRING (-0.113426 51.503919,-0.100186 51.505817", "From Waterloo Station 2, Waterloo to Bankside Mix, Bankside"
"LINESTRING (-0.110889 51.495718,-0.100186 51.505817", "From Kennington Road  , Vauxhall to Bankside Mix, Bankside"
"LINESTRING (-0.083159 51.500889,-0.100186 51.505817", "From Tyers Gate, Bermondsey to Bankside Mix, Bankside"
"LINESTRING (-0.121723 51.510701,-0.100186 51.505817", "From Southampton Street, Strand to Bankside Mix, Bankside"
"LINESTRING (-0.093913 51.496791,-0.100186 51.505817", "From Dickens Square, Borough to Bankside Mix, Bankside"
"LINESTRING (-0.091773 51.504627,-0.100186 51.505817", "From Hop Exchange, The Borough to Bankside Mix, Bankside"
"LINESTRING (-0.09294 51.51397,-0.100186 51.505817", "From Cheapside, Bank to Bankside Mix, Bankside"
"LINESTRING (-0.145246 51.539957,-0.100186 51.505817", "From Arlington Road, Camden Town to Bankside Mix, Bankside"
"LINESTRING (-0.173757 51.496471,-0.100186 51.505817", "From Exhibition Road Museums 1, South Kensington to Bankside Mix, Bankside"
"LINESTRING (-0.115851 51.505044,-0.100186 51.505817", "From Concert Hall Approach 1, South Bank to Bankside Mix, Bankside"
"LINESTRING (-0.091773 51.504627,-0.100186 51.505817", "From Hop Exchange, The Borough to Bankside Mix, Bankside"
"LINESTRING (-0.140741 51.488057,-0.100186 51.505817", "From Alderney Street, Pimlico to Bankside Mix, Bankside"
"LINESTRING (-0.113864 51.504027,-0.100186 51.505817", "From Waterloo Station 1, Waterloo to Bankside Mix, Bankside"
"LINESTRING (-0.138212 51.481335,-0.100186 51.505817", "From Riverlight South, Nine Elms to Bankside Mix, Bankside"
"LINESTRING (-0.134621 51.507424,-0.100186 51.505817", "From St. James's Square, St. James's to Bankside Mix, Bankside"
"LINESTRING (-0.149551 51.477619,-0.100186 51.505817", "From Queen's Circus, Battersea Park to Bankside Mix, Bankside"
"LINESTRING (-0.215618 51.464786,-0.100186 51.505817", "From Felsham Road, Putney to Bankside Mix, Bankside"
"LINESTRING (-0.101384 51.49652,-0.100186 51.505817", "From Ontario Street, Elephant & Castle to Bankside Mix, Bankside"
"LINESTRING (-0.098341 51.505409,-0.100186 51.505817", "From Southwark Street, Bankside to Bankside Mix, Bankside"
"LINESTRING (-0.114686 51.506133,-0.100186 51.505817", "From Belvedere Road 1, South Bank to Bankside Mix, Bankside"
"LINESTRING (-0.101536 51.49217,-0.100186 51.505817", "From Hampton Street, Walworth to Bankside Mix, Bankside"
"LINESTRING (-0.082422 51.516154,-0.100186 51.505817", "From Wormwood Street, Liverpool Street to Bankside Mix, Bankside"
"LINESTRING (-0.113426 51.503919,-0.100186 51.505817", "From Waterloo Station 2, Waterloo to Bankside Mix, Bankside"
"LINESTRING (-0.083159 51.500889,-0.100186 51.505817", "From Tyers Gate, Bermondsey to Bankside Mix, Bankside"
"LINESTRING (-0.126021 51.508103,-0.100186 51.505817", "From Craven Street, Strand to Bankside Mix, Bankside"
"LINESTRING (-0.092762 51.500296,-0.100186 51.505817", "From Swan Street, The Borough to Bankside Mix, Bankside"
"LINESTRING (-0.112824 51.503791,-0.100186 51.505817", "From Waterloo Station 3, Waterloo to Bankside Mix, Bankside"
"LINESTRING (-0.113864 51.504027,-0.100186 51.505817", "From Waterloo Station 1, Waterloo to Bankside Mix, Bankside"
"LINESTRING (-0.100186 51.505817,-0.100186 51.505817", "From Bankside Mix, Bankside to Bankside Mix, Bankside"
"LINESTRING (-0.111014 51.493686,-0.100186 51.505817", "From Walnut Tree Walk, Vauxhall to Bankside Mix, Bankside"
"LINESTRING (-0.141423 51.514499,-0.100186 51.505817", "From Little Argyll Street, West End to Bankside Mix, Bankside"
"LINESTRING (-0.082422 51.516154,-0.100186 51.505817", "From Wormwood Street, Liverpool Street to Bankside Mix, Bankside"
"LINESTRING (-0.081608 51.497855,-0.100186 51.505817", "From Bermondsey Street, Bermondsey to Bankside Mix, Bankside"
"LINESTRING (-0.116764 51.51362,-0.100186 51.505817", "From Houghton Street, Strand to Bankside Mix, Bankside"
"LINESTRING (-0.111014 51.493686,-0.100186 51.505817", "From Walnut Tree Walk, Vauxhall to Bankside Mix, Bankside"
"LINESTRING (-0.09294 51.511553,-0.100186 51.505817", "From Queen Street 1, Bank to Bankside Mix, Bankside"
"LINESTRING (-0.19024 51.515529,-0.100186 51.505817", "From Westbourne Grove, Bayswater to Bankside Mix, Bankside"
"LINESTRING (-0.115057 51.512582,-0.100186 51.505817", "From Strand, Strand to Bankside Mix, Bankside"
"LINESTRING (-0.149551 51.477619,-0.100186 51.505817", "From Queen's Circus, Battersea Park to Bankside Mix, Bankside"
"LINESTRING (-0.091773 51.504627,-0.091773 51.504627", "From Hop Exchange, The Borough to Hop Exchange, The Borough"
"LINESTRING (-0.098341 51.505409,-0.091773 51.504627", "From Southwark Street, Bankside to Hop Exchange, The Borough"
"LINESTRING (-0.076793 51.513406,-0.091773 51.504627", "From Jewry Street, Aldgate to Hop Exchange, The Borough"
"LINESTRING (-0.099981 51.532661,-0.091773 51.504627", "From Graham Street, Angel to Hop Exchange, The Borough"
"LINESTRING (-0.112824 51.503791,-0.091773 51.504627", "From Waterloo Station 3, Waterloo to Hop Exchange, The Borough"
"LINESTRING (-0.14296 51.497998,-0.091773 51.504627", "From Warwick Row, Westminster to Hop Exchange, The Borough"
"LINESTRING (-0.056667 51.511542,-0.091773 51.504627", "From Watney Street, Shadwell to Hop Exchange, The Borough"
"LINESTRING (-0.062546 51.535678,-0.091773 51.504627", "From Regent's Row , Haggerston to Hop Exchange, The Borough"
"LINESTRING (-0.11258 51.473874,-0.091773 51.504627", "From Normandy Road, Stockwell to Hop Exchange, The Borough"
"LINESTRING (-0.09294 51.51397,-0.091773 51.504627", "From Cheapside, Bank to Hop Exchange, The Borough"
"LINESTRING (-0.076793 51.513406,-0.091773 51.504627", "From Jewry Street, Aldgate to Hop Exchange, The Borough"
"LINESTRING (-0.147624 51.49395,-0.091773 51.504627", "From Eccleston Place, Victoria to Hop Exchange, The Borough"
"LINESTRING (-0.091773 51.504627,-0.091773 51.504627", "From Hop Exchange, The Borough to Hop Exchange, The Borough"
"LINESTRING (-0.092921 51.494436,-0.091773 51.504627", "From New Kent Road, The Borough to Hop Exchange, The Borough"
"LINESTRING (-0.186753 51.491615,-0.091773 51.504627", "From Collingham Gardens, Earl's Court to Hop Exchange, The Borough"
"LINESTRING (-0.09294 51.51397,-0.091773 51.504627", "From Cheapside, Bank to Hop Exchange, The Borough"
"LINESTRING (-0.047784 51.51328,-0.091773 51.504627", "From Albert Gardens, Stepney to Hop Exchange, The Borough"
"LINESTRING (-0.068981 51.498585,-0.091773 51.504627", "From George Row, Bermondsey to Hop Exchange, The Borough"
"LINESTRING (-0.091773 51.504627,-0.091773 51.504627", "From Hop Exchange, The Borough to Hop Exchange, The Borough"
"LINESTRING (-0.113001 51.50486,-0.091773 51.504627", "From Waterloo Road, South Bank to Hop Exchange, The Borough"
"LINESTRING (-0.129698 51.500703,-0.091773 51.504627", "From Storey's Gate, Westminster to Hop Exchange, The Borough"
"LINESTRING (-0.07813 51.526377,-0.091773 51.504627", "From Shoreditch High Street, Shoreditch to Hop Exchange, The Borough"
"LINESTRING (-0.092921 51.494436,-0.091773 51.504627", "From New Kent Road, The Borough to Hop Exchange, The Borough"
"LINESTRING (-0.09644 51.507385,-0.091773 51.504627", "From New Globe Walk, Bankside to Hop Exchange, The Borough"
"LINESTRING (-0.115851 51.505044,-0.091773 51.504627", "From Concert Hall Approach 1, South Bank to Hop Exchange, The Borough"
"LINESTRING (-0.107913 51.498386,-0.091773 51.504627", "From Westminster Bridge Road, Elephant & Castle to Hop Exchange, The Borough"
"LINESTRING (-0.132328 51.515631,-0.091773 51.504627", "From Soho Square , Soho to Hop Exchange, The Borough"
"LINESTRING (-0.112824 51.503791,-0.091773 51.504627", "From Waterloo Station 3, Waterloo to Hop Exchange, The Borough"
"LINESTRING (-0.09294 51.511553,-0.091773 51.504627", "From Queen Street 1, Bank to Hop Exchange, The Borough"
"LINESTRING (-0.075459 51.509506,-0.091773 51.504627", "From Tower Gardens , Tower to Hop Exchange, The Borough"
"LINESTRING (-0.082422 51.516154,-0.091773 51.504627", "From Wormwood Street, Liverpool Street to Hop Exchange, The Borough"
"LINESTRING (-0.149004 51.485821,-0.091773 51.504627", "From Chelsea Bridge, Pimlico to Hop Exchange, The Borough"
"LINESTRING (-0.09644 51.507385,-0.091773 51.504627", "From New Globe Walk, Bankside to Hop Exchange, The Borough"
"LINESTRING (-0.123823 51.501513,-0.091773 51.504627", "From Westminster Pier, Westminster to Hop Exchange, The Borough"
"LINESTRING (-0.130908 51.464995,-0.091773 51.504627", "From Gauden Road, Clapham to Hop Exchange, The Borough"
"LINESTRING (-0.098497 51.503688,-0.091773 51.504627", "From Union Street, The Borough to Hop Exchange, The Borough"
"LINESTRING (-0.111435 51.48894,-0.091773 51.504627", "From Kennington Cross, Kennington to Hop Exchange, The Borough"
"LINESTRING (-0.119123 51.519435,-0.091773 51.504627", "From Red Lion Square, Holborn to Hop Exchange, The Borough"
"LINESTRING (-0.117495 51.498241,-0.091773 51.504627", "From Archbishop's Park, Waterloo to Hop Exchange, The Borough"
"LINESTRING (-0.113134 51.483145,-0.091773 51.504627", "From Kennington Oval, Oval to Hop Exchange, The Borough"
"LINESTRING (-0.068161 51.509786,-0.091773 51.504627", "From Dock Street, Wapping to Hop Exchange, The Borough"
"LINESTRING (-0.105596 51.505342,-0.091773 51.504627", "From Colombo Street, Southwark to Hop Exchange, The Borough"
"LINESTRING (-0.144083 51.525595,-0.091773 51.504627", "From Longford Street, The Regent's Park to Hop Exchange, The Borough"
"LINESTRING (-0.100186 51.505817,-0.091773 51.504627", "From Bankside Mix, Bankside to Hop Exchange, The Borough"
"LINESTRING (-0.082422 51.516154,-0.091773 51.504627", "From Wormwood Street, Liverpool Street to Hop Exchange, The Borough"
"LINESTRING (-0.144228 51.518117,-0.091773 51.504627", "From Broadcasting House, Marylebone to Hop Exchange, The Borough"
"LINESTRING (-0.092921 51.494436,-0.091773 51.504627", "From New Kent Road, The Borough to Hop Exchange, The Borough"
"LINESTRING (-0.081608 51.497855,-0.091773 51.504627", "From Bermondsey Street, Bermondsey to Hop Exchange, The Borough"
"LINESTRING (-0.164786 51.477292,-0.091773 51.504627", "From Ethelburga Estate, Battersea Park to Hop Exchange, The Borough"
"LINESTRING (-0.083067 51.523196,-0.091773 51.504627", "From Clifton Street, Shoreditch to Hop Exchange, The Borough"
"LINESTRING (-0.075855 51.517475,-0.091773 51.504627", "From Bell Lane, Liverpool Street to Hop Exchange, The Borough"
"LINESTRING (-0.083935 51.520009,-0.091773 51.504627", "From Sun Street, Liverpool Street to Hop Exchange, The Borough"
"LINESTRING (-0.028941 51.542118,-0.091773 51.504627", "From Cadogan Close, Victoria Park to Hop Exchange, The Borough"
"LINESTRING (-0.09644 51.507385,-0.091773 51.504627", "From New Globe Walk, Bankside to Hop Exchange, The Borough"
"LINESTRING (-0.10454 51.505461,-0.091773 51.504627", "From Blackfriars Road, Southwark to Hop Exchange, The Borough"
"LINESTRING (-0.105312 51.504043,-0.091773 51.504627", "From Southwark Station 1, Southwark to Hop Exchange, The Borough"
"LINESTRING (-0.069542 51.512363,-0.091773 51.504627", "From Leman Street, Aldgate to Hop Exchange, The Borough"
"LINESTRING (-0.123823 51.501513,-0.091773 51.504627", "From Westminster Pier, Westminster to Hop Exchange, The Borough"
"LINESTRING (-0.123616 51.529943,-0.091773 51.504627", "From Belgrove Street , King's Cross to Hop Exchange, The Borough"
"LINESTRING (-0.055894 51.528936,-0.091773 51.504627", "From York Hall, Bethnal Green to Hop Exchange, The Borough"
"LINESTRING (-0.062546 51.535678,-0.091773 51.504627", "From Regent's Row , Haggerston to Hop Exchange, The Borough"
"LINESTRING (-0.106237 51.507244,-0.091773 51.504627", "From Milroy Walk, South Bank to Hop Exchange, The Borough"
"LINESTRING (-0.075459 51.509506,-0.091773 51.504627", "From Tower Gardens , Tower to Hop Exchange, The Borough"
"LINESTRING (-0.133952 51.536264,-0.091773 51.504627", "From Royal College Street, Camden Town to Hop Exchange, The Borough"
"LINESTRING (-0.091938 51.492807,-0.091773 51.504627", "From Victory Place, Walworth to Hop Exchange, The Borough"
"LINESTRING (-0.117974 51.494881,-0.091773 51.504627", "From Lambeth Road, Vauxhall to Hop Exchange, The Borough"
"LINESTRING (-0.074704 51.500845,-0.091773 51.504627", "From Tower Wharf, Bermondsey to Hop Exchange, The Borough"
"LINESTRING (-0.068161 51.509786,-0.091773 51.504627", "From Dock Street, Wapping to Hop Exchange, The Borough"
"LINESTRING (-0.106237 51.507244,-0.091773 51.504627", "From Milroy Walk, South Bank to Hop Exchange, The Borough"
"LINESTRING (-0.09294 51.51397,-0.091773 51.504627", "From Cheapside, Bank to Hop Exchange, The Borough"
"LINESTRING (-0.079608 51.521668,-0.091773 51.504627", "From Worship Street, Shoreditch to Hop Exchange, The Borough"
"LINESTRING (-0.114605 51.495656,-0.091773 51.504627", "From Sail Street, Vauxhall to Hop Exchange, The Borough"
"LINESTRING (-0.123823 51.501513,-0.091773 51.504627", "From Westminster Pier, Westminster to Hop Exchange, The Borough"
"LINESTRING (-0.083935 51.520009,-0.091773 51.504627", "From Sun Street, Liverpool Street to Hop Exchange, The Borough"
"LINESTRING (-0.089446 51.497382,-0.091773 51.504627", "From Great Dover Street, The Borough to Hop Exchange, The Borough"
"LINESTRING (-0.103137 51.506692,-0.091773 51.504627", "From Poured Lines, Bankside to Hop Exchange, The Borough"
"LINESTRING (-0.079249 51.518908,-0.091773 51.504627", "From Brushfield Street, Liverpool Street to Hop Exchange, The Borough"
"LINESTRING (-0.092176 51.520044,-0.091773 51.504627", "From Barbican Centre, Barbican to Hop Exchange, The Borough"
"LINESTRING (-0.098807 51.506725,-0.091773 51.504627", "From Tate Modern, Bankside to Hop Exchange, The Borough"
"LINESTRING (-0.119643 51.511756,-0.091773 51.504627", "From Wellington Street , Strand to Hop Exchange, The Borough"
"LINESTRING (-0.106237 51.507244,-0.091773 51.504627", "From Milroy Walk, South Bank to Hop Exchange, The Borough"
"LINESTRING (-0.103137 51.506692,-0.091773 51.504627", "From Poured Lines, Bankside to Hop Exchange, The Borough"
"LINESTRING (-0.09294 51.51397,-0.091773 51.504627", "From Cheapside, Bank to Hop Exchange, The Borough"
"LINESTRING (-0.094524 51.500694,-0.091773 51.504627", "From Borough High Street, The Borough to Hop Exchange, The Borough"
"LINESTRING (-0.047784 51.51328,-0.091773 51.504627", "From Albert Gardens, Stepney to Hop Exchange, The Borough"
"LINESTRING (-0.103137 51.506692,-0.091773 51.504627", "From Poured Lines, Bankside to Hop Exchange, The Borough"
"LINESTRING (-0.078505 51.53095,-0.091773 51.504627", "From Falkirk Street, Hoxton to Hop Exchange, The Borough"
"LINESTRING (-0.111014 51.493686,-0.091773 51.504627", "From Walnut Tree Walk, Vauxhall to Hop Exchange, The Borough"
"LINESTRING (-0.077121 51.511594,-0.091773 51.504627", "From Crosswall, Tower to Hop Exchange, The Borough"
"LINESTRING (-0.116625 51.486965,-0.091773 51.504627", "From Vauxhall Street, Vauxhall to Hop Exchange, The Borough"
"LINESTRING (-0.085814 51.495061,-0.091773 51.504627", "From Bricklayers Arms, Borough to Hop Exchange, The Borough"
"LINESTRING (-0.148059 51.472865,-0.091773 51.504627", "From Silverthorne Road, Battersea to Hop Exchange, The Borough"
"LINESTRING (-0.116625 51.486965,-0.091773 51.504627", "From Vauxhall Street, Vauxhall to Hop Exchange, The Borough"
"LINESTRING (-0.122219 51.51477,-0.091773 51.504627", "From Drury Lane, Covent Garden to Hop Exchange, The Borough"
"LINESTRING (-0.162418 51.490083,-0.091773 51.504627", "From Royal Avenue 2, Chelsea to Hop Exchange, The Borough"
"LINESTRING (-0.10527 51.515809,-0.091773 51.504627", "From Stonecutter Street, Holborn to Hop Exchange, The Borough"
"LINESTRING (-0.149569 51.50274,-0.091773 51.504627", "From Wellington Arch, Hyde Park to Hop Exchange, The Borough"
"LINESTRING (-0.113936 51.500139,-0.091773 51.504627", "From Lower Marsh, Waterloo to Hop Exchange, The Borough"
"LINESTRING (-0.091773 51.504627,-0.091773 51.504627", "From Hop Exchange, The Borough to Hop Exchange, The Borough"
"LINESTRING (-0.129386 51.534123,-0.091773 51.504627", "From Pancras Road, King's Cross to Hop Exchange, The Borough"
"LINESTRING (-0.085814 51.495061,-0.091773 51.504627", "From Bricklayers Arms, Borough to Hop Exchange, The Borough"
"LINESTRING (-0.111471 51.479601,-0.091773 51.504627", "From Cranmer Road, Stockwell to Hop Exchange, The Borough"
"LINESTRING (-0.119123 51.519435,-0.091773 51.504627", "From Red Lion Square, Holborn to Hop Exchange, The Borough"
"LINESTRING (-0.123823 51.501513,-0.091773 51.504627", "From Westminster Pier, Westminster to Hop Exchange, The Borough"
"LINESTRING (-0.092762 51.500296,-0.091773 51.504627", "From Swan Street, The Borough to Hop Exchange, The Borough"
"LINESTRING (-0.133201 51.512515,-0.091773 51.504627", "From Wardour Street, Soho to Hop Exchange, The Borough"
"LINESTRING (-0.08066 51.514225,-0.091773 51.504627", "From St. Mary Axe, Aldgate to Hop Exchange, The Borough"
"LINESTRING (-0.104947 51.516785,-0.091773 51.504627", "From Farringdon Street, Holborn to Hop Exchange, The Borough"
"LINESTRING (-0.075459 51.509506,-0.091773 51.504627", "From Tower Gardens , Tower to Hop Exchange, The Borough"
"LINESTRING (-0.083353 51.529537,-0.091773 51.504627", "From Fanshaw Street, Hoxton to Hop Exchange, The Borough"
"LINESTRING (-0.13225 51.528833,-0.091773 51.504627", "From Doric Way , Somers Town to Hop Exchange, The Borough"
"LINESTRING (-0.10454 51.505461,-0.091773 51.504627", "From Blackfriars Road, Southwark to Hop Exchange, The Borough"
"LINESTRING (-0.073537 51.514233,-0.091773 51.504627", "From Braham Street, Aldgate to Hop Exchange, The Borough"
"LINESTRING (-0.09734 51.520841,-0.091773 51.504627", "From Aldersgate Street, Barbican to Hop Exchange, The Borough"
"LINESTRING (-0.075459 51.509506,-0.091773 51.504627", "From Tower Gardens , Tower to Hop Exchange, The Borough"
"LINESTRING (-0.074431 51.519362,-0.091773 51.504627", "From Fournier Street, Whitechapel to Hop Exchange, The Borough"
"LINESTRING (-0.098807 51.506725,-0.091773 51.504627", "From Tate Modern, Bankside to Hop Exchange, The Borough"
"LINESTRING (-0.085666 51.499075,-0.091773 51.504627", "From Long Lane , Bermondsey to Hop Exchange, The Borough"
"LINESTRING (-0.101536 51.49217,-0.091773 51.504627", "From Hampton Street, Walworth to Hop Exchange, The Borough"
"LINESTRING (-0.104193 51.49605,-0.091773 51.504627", "From Gaywood  Street, Elephant & Castle to Hop Exchange, The Borough"
"LINESTRING (-0.191351 51.513489,-0.091773 51.504627", "From Princes Square, Bayswater to Hop Exchange, The Borough"
"LINESTRING (-0.09294 51.51397,-0.091773 51.504627", "From Cheapside, Bank to Hop Exchange, The Borough"
"LINESTRING (-0.123823 51.501513,-0.091773 51.504627", "From Westminster Pier, Westminster to Hop Exchange, The Borough"
"LINESTRING (-0.093421 51.529154,-0.091773 51.504627", "From Windsor Terrace, Hoxton to Hop Exchange, The Borough"
"LINESTRING (-0.124642 51.481747,-0.091773 51.504627", "From South Lambeth Road, Vauxhall to Hop Exchange, The Borough"
"LINESTRING (-0.020467 51.513757,-0.091773 51.504627", "From Lindfield Street, Poplar to Hop Exchange, The Borough"
"LINESTRING (-0.079608 51.521668,-0.091773 51.504627", "From Worship Street, Shoreditch to Hop Exchange, The Borough"
"LINESTRING (-0.103137 51.506692,-0.091773 51.504627", "From Poured Lines, Bankside to Hop Exchange, The Borough"
"LINESTRING (-0.118256 51.47659,-0.091773 51.504627", "From Albert Square, Stockwell to Hop Exchange, The Borough"
"LINESTRING (-0.082422 51.516154,-0.091773 51.504627", "From Wormwood Street, Liverpool Street to Hop Exchange, The Borough"
"LINESTRING (-0.140947 51.49616,-0.091773 51.504627", "From Ashley Place, Victoria to Hop Exchange, The Borough"
"LINESTRING (-0.020157 51.499041,-0.091773 51.504627", "From Lightermans Road, Millwall to Hop Exchange, The Borough"
"LINESTRING (-0.117661 51.482678,-0.091773 51.504627", "From Ashmole Estate, Oval to Hop Exchange, The Borough"
"LINESTRING (-0.075459 51.509506,-0.091773 51.504627", "From Tower Gardens , Tower to Hop Exchange, The Borough"
"LINESTRING (-0.112824 51.503791,-0.091773 51.504627", "From Waterloo Station 3, Waterloo to Hop Exchange, The Borough"
"LINESTRING (-0.115375 51.460232,-0.091773 51.504627", "From Saltoun Road, Brixton to Hop Exchange, The Borough"
"LINESTRING (-0.132224 51.49206,-0.091773 51.504627", "From Regency Street, Westminster to Hop Exchange, The Borough"
"LINESTRING (-0.152248 51.467185,-0.091773 51.504627", "From Ashley Crescent, Battersea to Hop Exchange, The Borough"
"LINESTRING (-0.13558 51.513684,-0.091773 51.504627", "From Broadwick Street, Soho to Hop Exchange, The Borough"
"LINESTRING (-0.099489 51.524868,-0.091773 51.504627", "From Sadlers Sports Centre, Finsbury to Hop Exchange, The Borough"
"LINESTRING (-0.09022 51.491484,-0.091773 51.504627", "From Rodney Road , Walworth to Hop Exchange, The Borough"
"LINESTRING (-0.05438 51.520019,-0.091773 51.504627", "From Ansell House, Stepney to Hop Exchange, The Borough"
"LINESTRING (-0.117495 51.498241,-0.091773 51.504627", "From Archbishop's Park, Waterloo to Hop Exchange, The Borough"
"LINESTRING (-0.122299 51.530199,-0.091773 51.504627", "From Birkenhead Street, King's Cross to Hop Exchange, The Borough"
"LINESTRING (-0.075459 51.509506,-0.091773 51.504627", "From Tower Gardens , Tower to Hop Exchange, The Borough"
"LINESTRING (-0.099828 51.493146,-0.091773 51.504627", "From Strata, Elephant & Castle to Hop Exchange, The Borough"
"LINESTRING (-0.100292 51.501732,-0.091773 51.504627", "From Great Suffolk Street, The Borough to Hop Exchange, The Borough"
"LINESTRING (-0.091938 51.492807,-0.091773 51.504627", "From Victory Place, Walworth to Hop Exchange, The Borough"
"LINESTRING (-0.159322 51.461343,-0.091773 51.504627", "From Clapham Common North Side, Clapham Common to Hop Exchange, The Borough"
"LINESTRING (-0.099141 51.512484,-0.091773 51.504627", "From Godliman Street, St. Paul's to Hop Exchange, The Borough"
"LINESTRING (-0.101536 51.49217,-0.091773 51.504627", "From Hampton Street, Walworth to Hop Exchange, The Borough"
"LINESTRING (-0.117495 51.498241,-0.091773 51.504627", "From Archbishop's Park, Waterloo to Hop Exchange, The Borough"
"LINESTRING (-0.114686 51.506133,-0.091773 51.504627", "From Belvedere Road 1, South Bank to Hop Exchange, The Borough"
"LINESTRING (-0.101536 51.49217,-0.091773 51.504627", "From Hampton Street, Walworth to Hop Exchange, The Borough"
"LINESTRING (-0.12367 51.471433,-0.091773 51.504627", "From Clapham Road, Lingham Street, Stockwell to Hop Exchange, The Borough"
"LINESTRING (-0.11548 51.528915,-0.106237 51.507244", "From Great Percy Street, Clerkenwell to Milroy Walk, South Bank"
"LINESTRING (-0.178656 51.501432,-0.106237 51.507244", "From Kensington Gore, Knightsbridge to Milroy Walk, South Bank"
"LINESTRING (-0.101536 51.49217,-0.106237 51.507244", "From Hampton Street, Walworth to Milroy Walk, South Bank"
"LINESTRING (-0.205279 51.487244,-0.106237 51.507244", "From Star Road, West Kensington to Milroy Walk, South Bank"
"LINESTRING (-0.12335 51.51746,-0.106237 51.507244", "From Bury Place, Holborn to Milroy Walk, South Bank"
"LINESTRING (-0.179854 51.501715,-0.106237 51.507244", "From Queen's Gate, Kensington Gardens to Milroy Walk, South Bank"
"LINESTRING (-0.100292 51.501732,-0.106237 51.507244", "From Great Suffolk Street, The Borough to Milroy Walk, South Bank"
"LINESTRING (-0.123616 51.529943,-0.106237 51.507244", "From Belgrove Street , King's Cross to Milroy Walk, South Bank"
"LINESTRING (-0.09315 51.53356,-0.106237 51.507244", "From Eagle Wharf Road, Hoxton to Milroy Walk, South Bank"
"LINESTRING (-0.087587 51.514441,-0.106237 51.507244", "From Bank of England Museum, Bank to Milroy Walk, South Bank"
"LINESTRING (-0.088542 51.527025,-0.106237 51.507244", "From Baldwin Street, St. Luke's to Milroy Walk, South Bank"
"LINESTRING (-0.131213 51.513103,-0.106237 51.507244", "From Frith Street, Soho to Milroy Walk, South Bank"
"LINESTRING (-0.111606 51.505569,-0.106237 51.507244", "From Stamford Street, South Bank to Milroy Walk, South Bank"
"LINESTRING (-0.082422 51.516154,-0.106237 51.507244", "From Wormwood Street, Liverpool Street to Milroy Walk, South Bank"
"LINESTRING (-0.10527 51.515809,-0.106237 51.507244", "From Stonecutter Street, Holborn to Milroy Walk, South Bank"
"LINESTRING (-0.124121 51.523418,-0.106237 51.507244", "From Russell Square Station, Bloomsbury to Milroy Walk, South Bank"
"LINESTRING (-0.099828 51.493146,-0.106237 51.507244", "From Strata, Elephant & Castle to Milroy Walk, South Bank"
"LINESTRING (-0.106 51.496127,-0.106237 51.507244", "From Geraldine Street, Elephant & Castle to Milroy Walk, South Bank"
"LINESTRING (-0.092762 51.500296,-0.106237 51.507244", "From Swan Street, The Borough to Milroy Walk, South Bank"
"LINESTRING (-0.123823 51.501513,-0.106237 51.507244", "From Westminster Pier, Westminster to Milroy Walk, South Bank"
"LINESTRING (-0.087262 51.506304,-0.106237 51.507244", "From Duke Street Hill, London Bridge to Milroy Walk, South Bank"
"LINESTRING (-0.100791 51.518218,-0.106237 51.507244", "From West Smithfield Rotunda, Farringdon to Milroy Walk, South Bank"
"LINESTRING (-0.096317 51.526008,-0.106237 51.507244", "From Finsbury Leisure Centre, St. Luke's to Milroy Walk, South Bank"
"LINESTRING (-0.082422 51.516154,-0.106237 51.507244", "From Wormwood Street, Liverpool Street to Milroy Walk, South Bank"
"LINESTRING (-0.110699 51.501444,-0.106237 51.507244", "From Baylis Road, Waterloo to Milroy Walk, South Bank"
"LINESTRING (-0.138019 51.524438,-0.106237 51.507244", "From Warren Street Station, Euston to Milroy Walk, South Bank"
"LINESTRING (-0.138212 51.481335,-0.106237 51.507244", "From Riverlight South, Nine Elms to Milroy Walk, South Bank"
"LINESTRING (-0.137598 51.497698,-0.106237 51.507244", "From Kings Gate House, Westminster to Milroy Walk, South Bank"
"LINESTRING (-0.124121 51.523418,-0.106237 51.507244", "From Russell Square Station, Bloomsbury to Milroy Walk, South Bank"
"LINESTRING (-0.139174 51.533019,-0.106237 51.507244", "From Harrington Square 1, Camden Town to Milroy Walk, South Bank"
"LINESTRING (-0.179854 51.501715,-0.106237 51.507244", "From Queen's Gate, Kensington Gardens to Milroy Walk, South Bank"
"LINESTRING (-0.104708 51.52326,-0.106237 51.507244", "From Clerkenwell Green, Clerkenwell to Milroy Walk, South Bank"
"LINESTRING (-0.106237 51.507244,-0.106237 51.507244", "From Milroy Walk, South Bank to Milroy Walk, South Bank"
"LINESTRING (-0.079201 51.537277,-0.106237 51.507244", "From Hertford Road, De Beauvoir Town to Milroy Walk, South Bank"
"LINESTRING (-0.102757 51.536384,-0.106237 51.507244", "From Islington Green, Angel to Milroy Walk, South Bank"
"LINESTRING (-0.113936 51.500139,-0.106237 51.507244", "From Lower Marsh, Waterloo to Milroy Walk, South Bank"
"LINESTRING (-0.110121 51.488105,-0.106237 51.507244", "From Cleaver Street, Kennington to Milroy Walk, South Bank"
"LINESTRING (-0.138212 51.481335,-0.106237 51.507244", "From Riverlight South, Nine Elms to Milroy Walk, South Bank"
"LINESTRING (-0.105312 51.504043,-0.106237 51.507244", "From Southwark Station 1, Southwark to Milroy Walk, South Bank"
"LINESTRING (-0.121394 51.493699,-0.106237 51.507244", "From Fire Brigade Pier, Vauxhall to Milroy Walk, South Bank"
"LINESTRING (-0.106237 51.507244,-0.106237 51.507244", "From Milroy Walk, South Bank to Milroy Walk, South Bank"
"LINESTRING (-0.106323 51.490757,-0.106237 51.507244", "From Cotton Garden Estate, Kennington to Milroy Walk, South Bank"
"LINESTRING (-0.074704 51.500845,-0.106237 51.507244", "From Tower Wharf, Bermondsey to Milroy Walk, South Bank"
"LINESTRING (-0.081608 51.497855,-0.106237 51.507244", "From Bermondsey Street, Bermondsey to Milroy Walk, South Bank"
"LINESTRING (-0.085814 51.495061,-0.106237 51.507244", "From Bricklayers Arms, Borough to Milroy Walk, South Bank"
"LINESTRING (-0.085666 51.499075,-0.106237 51.507244", "From Long Lane , Bermondsey to Milroy Walk, South Bank"
"LINESTRING (-0.091773 51.504627,-0.098497 51.503688", "From Hop Exchange, The Borough to Union Street, The Borough"
"LINESTRING (-0.100186 51.505817,-0.098497 51.503688", "From Bankside Mix, Bankside to Union Street, The Borough"
"LINESTRING (-0.104708 51.52326,-0.098497 51.503688", "From Clerkenwell Green, Clerkenwell to Union Street, The Borough"
"LINESTRING (-0.0786 51.500647,-0.098497 51.503688", "From Tanner Street, Bermondsey to Union Street, The Borough"
"LINESTRING (-0.14296 51.497998,-0.098497 51.503688", "From Warwick Row, Westminster to Union Street, The Borough"
"LINESTRING (-0.09294 51.51397,-0.098497 51.503688", "From Cheapside, Bank to Union Street, The Borough"
"LINESTRING (-0.135025 51.518162,-0.098497 51.503688", "From Rathbone Street, Fitzrovia to Union Street, The Borough"
"LINESTRING (-0.07962 51.503493,-0.098497 51.503688", "From Tooley Street, Bermondsey to Union Street, The Borough"
"LINESTRING (-0.058631 51.524583,-0.098497 51.503688", "From Finnis Street, Bethnal Green to Union Street, The Borough"
"LINESTRING (-0.124749 51.509462,-0.098497 51.503688", "From William IV Street, Strand to Union Street, The Borough"
"LINESTRING (-0.07813 51.526377,-0.098497 51.503688", "From Shoreditch High Street, Shoreditch to Union Street, The Borough"
"LINESTRING (-0.058631 51.524583,-0.098497 51.503688", "From Finnis Street, Bethnal Green to Union Street, The Borough"
"LINESTRING (-0.098031 51.505224,-0.098497 51.503688", "From Lavington Street, Bankside to Union Street, The Borough"
"LINESTRING (-0.074704 51.500845,-0.098497 51.503688", "From Tower Wharf, Bermondsey to Union Street, The Borough"
"LINESTRING (-0.123179 51.506543,-0.098497 51.503688", "From Whitehall Place, Strand to Union Street, The Borough"
"LINESTRING (-0.113179 51.466232,-0.098497 51.503688", "From St John's Crescent, Brixton to Union Street, The Borough"
"LINESTRING (-0.107913 51.498386,-0.098497 51.503688", "From Westminster Bridge Road, Elephant & Castle to Union Street, The Borough"
"LINESTRING (-0.08974 51.500823,-0.098497 51.503688", "From Empire Square, The Borough to Union Street, The Borough"
"LINESTRING (-0.078505 51.53095,-0.098497 51.503688", "From Falkirk Street, Hoxton to Union Street, The Borough"
"LINESTRING (-0.106323 51.490757,-0.098497 51.503688", "From Cotton Garden Estate, Kennington to Union Street, The Borough"
"LINESTRING (-0.121394 51.493699,-0.098497 51.503688", "From Fire Brigade Pier, Vauxhall to Union Street, The Borough"
"LINESTRING (-0.088285 51.519069,-0.098497 51.503688", "From Moorfields, Moorgate to Union Street, The Borough"
"LINESTRING (-0.141334 51.492345,-0.098497 51.503688", "From Guildhouse Street, Victoria to Union Street, The Borough"
"LINESTRING (-0.122219 51.51477,-0.098497 51.503688", "From Drury Lane, Covent Garden to Union Street, The Borough"
"LINESTRING (-0.123179 51.506543,-0.098497 51.503688", "From Whitehall Place, Strand to Union Street, The Borough"
"LINESTRING (-0.08974 51.500823,-0.098497 51.503688", "From Empire Square, The Borough to Union Street, The Borough"
"LINESTRING (-0.073537 51.514233,-0.098497 51.503688", "From Braham Street, Aldgate to Union Street, The Borough"
"LINESTRING (-0.149569 51.50274,-0.098497 51.503688", "From Wellington Arch, Hyde Park to Union Street, The Borough"
"LINESTRING (-0.134621 51.507424,-0.098497 51.503688", "From St. James's Square, St. James's to Union Street, The Borough"
"LINESTRING (-0.13214 51.519572,-0.098497 51.503688", "From Store Street, Bloomsbury to Union Street, The Borough"
"LINESTRING (-0.117122 51.490994,-0.098497 51.503688", "From Black Prince Road, Vauxhall to Union Street, The Borough"
"LINESTRING (-0.092762 51.500296,-0.098497 51.503688", "From Swan Street, The Borough to Union Street, The Borough"
"LINESTRING (-0.066078 51.514924,-0.098497 51.503688", "From LMU Commercial Road, Whitechapel to Union Street, The Borough"
"LINESTRING (-0.135025 51.518162,-0.098497 51.503688", "From Rathbone Street, Fitzrovia to Union Street, The Borough"
"LINESTRING (-0.10988 51.49775,-0.098497 51.503688", "From King Edward Walk, Waterloo to Union Street, The Borough"
"LINESTRING (-0.074704 51.500845,-0.098497 51.503688", "From Tower Wharf, Bermondsey to Union Street, The Borough"
"LINESTRING (-0.117069 51.53136,-0.111606 51.505569", "From Calshot Street , King's Cross to Stamford Street, South Bank"
"LINESTRING (-0.100791 51.518218,-0.111606 51.505569", "From West Smithfield Rotunda, Farringdon to Stamford Street, South Bank"
"LINESTRING (-0.09315 51.53356,-0.111606 51.505569", "From Eagle Wharf Road, Hoxton to Stamford Street, South Bank"
"LINESTRING (-0.123616 51.529943,-0.111606 51.505569", "From Belgrove Street , King's Cross to Stamford Street, South Bank"
"LINESTRING (-0.069543 51.525645,-0.111606 51.505569", "From Granby Street, Shoreditch to Stamford Street, South Bank"
"LINESTRING (-0.124749 51.509462,-0.111606 51.505569", "From William IV Street, Strand to Stamford Street, South Bank"
"LINESTRING (-0.086685 51.517075,-0.111606 51.505569", "From Finsbury Circus, Liverpool Street to Stamford Street, South Bank"
"LINESTRING (-0.135635 51.488226,-0.111606 51.505569", "From St. George's Square, Pimlico to Stamford Street, South Bank"
"LINESTRING (-0.144165 51.510736,-0.111606 51.505569", "From Bruton Street, Mayfair to Stamford Street, South Bank"
"LINESTRING (-0.085666 51.499075,-0.111606 51.505569", "From Long Lane , Bermondsey to Stamford Street, South Bank"
"LINESTRING (-0.114605 51.495656,-0.111606 51.505569", "From Sail Street, Vauxhall to Stamford Street, South Bank"
"LINESTRING (-0.049591 51.53341,-0.111606 51.505569", "From Bonner Gate, Victoria Park to Stamford Street, South Bank"
"LINESTRING (-0.092921 51.494436,-0.111606 51.505569", "From New Kent Road, The Borough to Stamford Street, South Bank"
"LINESTRING (-0.083493 51.520955,-0.111606 51.505569", "From Pindar Street, Liverpool Street to Stamford Street, South Bank"
"LINESTRING (-0.088285 51.519069,-0.111606 51.505569", "From Moorfields, Moorgate to Stamford Street, South Bank"
"LINESTRING (-0.120903 51.488124,-0.111606 51.505569", "From Vauxhall Walk, Vauxhall to Stamford Street, South Bank"
"LINESTRING (-0.09294 51.511553,-0.111606 51.505569", "From Queen Street 1, Bank to Stamford Street, South Bank"
"LINESTRING (-0.093421 51.529154,-0.111606 51.505569", "From Windsor Terrace, Hoxton to Stamford Street, South Bank"
"LINESTRING (-0.09644 51.507385,-0.111606 51.505569", "From New Globe Walk, Bankside to Stamford Street, South Bank"
"LINESTRING (-0.09644 51.507385,-0.111606 51.505569", "From New Globe Walk, Bankside to Stamford Street, South Bank"
"LINESTRING (-0.104708 51.52326,-0.111606 51.505569", "From Clerkenwell Green, Clerkenwell to Stamford Street, South Bank"
"LINESTRING (-0.118295 51.52728,-0.111606 51.505569", "From Ampton Street , Clerkenwell to Stamford Street, South Bank"
"LINESTRING (-0.142207 51.485357,-0.111606 51.505569", "From Grosvenor Road, Pimlico to Stamford Street, South Bank"
"LINESTRING (-0.102091 51.500693,-0.111606 51.505569", "From Webber Street , Southwark to Stamford Street, South Bank"
"LINESTRING (-0.09294 51.511553,-0.111606 51.505569", "From Queen Street 1, Bank to Stamford Street, South Bank"
"LINESTRING (-0.111778 51.515937,-0.111606 51.505569", "From Breams Buildings, Holborn to Stamford Street, South Bank"
"LINESTRING (-0.082422 51.516154,-0.111606 51.505569", "From Wormwood Street, Liverpool Street to Stamford Street, South Bank"
"LINESTRING (-0.111606 51.505569,-0.111606 51.505569", "From Stamford Street, South Bank to Stamford Street, South Bank"
"LINESTRING (-0.104947 51.516785,-0.111606 51.505569", "From Farringdon Street, Holborn to Stamford Street, South Bank"
"LINESTRING (-0.09885 51.515418,-0.111606 51.505569", "From Newgate Street , St. Paul's to Stamford Street, South Bank"
"LINESTRING (-0.13558 51.513684,-0.111606 51.505569", "From Broadwick Street, Soho to Stamford Street, South Bank"
"LINESTRING (-0.093051 51.511246,-0.111606 51.505569", "From Queen Street 2, Bank to Stamford Street, South Bank"
"LINESTRING (-0.111435 51.48894,-0.111606 51.505569", "From Kennington Cross, Kennington to Stamford Street, South Bank"
"LINESTRING (-0.08299 51.53213,-0.111606 51.505569", "From Pitfield Street Central, Hoxton to Stamford Street, South Bank"
"LINESTRING (-0.091773 51.504627,-0.111606 51.505569", "From Hop Exchange, The Borough to Stamford Street, South Bank"
"LINESTRING (-0.069543 51.525645,-0.111606 51.505569", "From Granby Street, Shoreditch to Stamford Street, South Bank"
"LINESTRING (-0.089446 51.497382,-0.111606 51.505569", "From Great Dover Street, The Borough to Stamford Street, South Bank"
"LINESTRING (-0.085814 51.495061,-0.111606 51.505569", "From Bricklayers Arms, Borough to Stamford Street, South Bank"
"LINESTRING (-0.099994 51.522853,-0.111606 51.505569", "From Berry Street, Clerkenwell to Stamford Street, South Bank"
"LINESTRING (-0.142943 51.496863,-0.111606 51.505569", "From Allington Street, Victoria to Stamford Street, South Bank"
"LINESTRING (-0.055846 51.499169,-0.111606 51.505569", "From Rotherhithe Roundabout, Rotherhithe to Stamford Street, South Bank"
"LINESTRING (-0.106823 51.508033,-0.111606 51.505569", "From Sea Containers, South Bank to Stamford Street, South Bank"
"LINESTRING (-0.082422 51.516154,-0.111606 51.505569", "From Wormwood Street, Liverpool Street to Stamford Street, South Bank"
"LINESTRING (-0.083632 51.502153,-0.111606 51.505569", "From Snowsfields, London Bridge to Stamford Street, South Bank"
"LINESTRING (-0.104708 51.52326,-0.111606 51.505569", "From Clerkenwell Green, Clerkenwell to Stamford Street, South Bank"
"LINESTRING (-0.131161 51.52505,-0.111606 51.505569", "From Taviton Street, Bloomsbury to Stamford Street, South Bank"
"LINESTRING (-0.122219 51.51477,-0.111606 51.505569", "From Drury Lane, Covent Garden to Stamford Street, South Bank"
"LINESTRING (-0.077121 51.511594,-0.111606 51.505569", "From Crosswall, Tower to Stamford Street, South Bank"
"LINESTRING (-0.111778 51.515937,-0.082989 51.510484", "From Breams Buildings, Holborn to Great Tower Street, Monument"
"LINESTRING (-0.038986 51.512871,-0.082989 51.510484", "From Flamborough Street, Limehouse to Great Tower Street, Monument"
"LINESTRING (-0.068161 51.509786,-0.082989 51.510484", "From Dock Street, Wapping to Great Tower Street, Monument"
"LINESTRING (-0.110699 51.501444,-0.082989 51.510484", "From Baylis Road, Waterloo to Great Tower Street, Monument"
"LINESTRING (-0.082989 51.510484,-0.082989 51.510484", "From Great Tower Street, Monument to Great Tower Street, Monument"
"LINESTRING (-0.132224 51.49206,-0.082989 51.510484", "From Regency Street, Westminster to Great Tower Street, Monument"
"LINESTRING (-0.112824 51.503791,-0.082989 51.510484", "From Waterloo Station 3, Waterloo to Great Tower Street, Monument"
"LINESTRING (-0.130504 51.526838,-0.082989 51.510484", "From Endsleigh Gardens, Euston to Great Tower Street, Monument"
"LINESTRING (-0.087459 51.528673,-0.082989 51.510484", "From East Road, Hoxton to Great Tower Street, Monument"
"LINESTRING (-0.055894 51.528936,-0.082989 51.510484", "From York Hall, Bethnal Green to Great Tower Street, Monument"
"LINESTRING (-0.099994 51.522853,-0.082989 51.510484", "From Berry Street, Clerkenwell to Great Tower Street, Monument"
"LINESTRING (-0.103078 51.511934,-0.082989 51.510484", "From Blackfriars Station, St. Paul's to Great Tower Street, Monument"
"LINESTRING (-0.042744 51.530326,-0.082989 51.510484", "From Twig Folly Bridge, Mile End to Great Tower Street, Monument"
"LINESTRING (-0.075459 51.509506,-0.082989 51.510484", "From Tower Gardens , Tower to Great Tower Street, Monument"
"LINESTRING (-0.063531 51.504719,-0.082989 51.510484", "From Hermitage Court, Wapping to Great Tower Street, Monument"
"LINESTRING (-0.204815 51.484386,-0.082989 51.510484", "From Normand Park, West Kensington to Great Tower Street, Monument"
"LINESTRING (-0.104947 51.516785,-0.082989 51.510484", "From Farringdon Street, Holborn to Great Tower Street, Monument"
"LINESTRING (-0.103132 51.498744,-0.082989 51.510484", "From LSBU (Borough Road), Elephant & Castle to Great Tower Street, Monument"
"LINESTRING (-0.070329 51.539083,-0.082989 51.510484", "From Shoreditch Court, Haggerston to Great Tower Street, Monument"
"LINESTRING (-0.09315 51.53356,-0.082989 51.510484", "From Eagle Wharf Road, Hoxton to Great Tower Street, Monument"
"LINESTRING (-0.112824 51.503791,-0.082989 51.510484", "From Waterloo Station 3, Waterloo to Great Tower Street, Monument"
"LINESTRING (-0.112824 51.503791,-0.082989 51.510484", "From Waterloo Station 3, Waterloo to Great Tower Street, Monument"
"LINESTRING (-0.085634 51.520962,-0.082989 51.510484", "From Finsbury Square , Moorgate to Great Tower Street, Monument"
"LINESTRING (-0.117619 51.509943,-0.082989 51.510484", "From Somerset House, Strand to Great Tower Street, Monument"
"LINESTRING (-0.069542 51.512363,-0.082989 51.510484", "From Leman Street, Aldgate to Great Tower Street, Monument"
"LINESTRING (-0.087262 51.506304,-0.082989 51.510484", "From Duke Street Hill, London Bridge to Great Tower Street, Monument"
"LINESTRING (-0.122203 51.534474,-0.082989 51.510484", "From Crinan Street, King's Cross to Great Tower Street, Monument"
"LINESTRING (-0.174554 51.499917,-0.082989 51.510484", "From Exhibition Road, Knightsbridge to Great Tower Street, Monument"
"LINESTRING (-0.13225 51.528833,-0.082989 51.510484", "From Doric Way , Somers Town to Great Tower Street, Monument"
"LINESTRING (-0.058681 51.506946,-0.082989 51.510484", "From Reardon Street, Wapping to Great Tower Street, Monument"
"LINESTRING (-0.13151 51.509639,-0.082989 51.510484", "From Panton Street, West End to Great Tower Street, Monument"
"LINESTRING (-0.093903 51.530991,-0.082989 51.510484", "From Wenlock Road , Hoxton to Great Tower Street, Monument"
"LINESTRING (-0.113426 51.503919,-0.082989 51.510484", "From Waterloo Station 2, Waterloo to Great Tower Street, Monument"
"LINESTRING (-0.079248 51.524526,-0.082989 51.510484", "From New Inn Yard, Shoreditch to Great Tower Street, Monument"
"LINESTRING (-0.112824 51.503791,-0.082989 51.510484", "From Waterloo Station 3, Waterloo to Great Tower Street, Monument"
"LINESTRING (-0.139956 51.493573,-0.082989 51.510484", "From Queen Mother Sports Centre, Victoria to Great Tower Street, Monument"
"LINESTRING (-0.091773 51.504627,-0.082989 51.510484", "From Hop Exchange, The Borough to Great Tower Street, Monument"
"LINESTRING (-0.140485 51.519181,-0.082989 51.510484", "From Foley Street, Fitzrovia to Great Tower Street, Monument"
"LINESTRING (-0.106823 51.508033,-0.082989 51.510484", "From Sea Containers, South Bank to Great Tower Street, Monument"
"LINESTRING (-0.083067 51.523196,-0.082989 51.510484", "From Clifton Street, Shoreditch to Great Tower Street, Monument"
"LINESTRING (-0.005659 51.513548,-0.082989 51.510484", "From Aberfeldy Street, Poplar to Great Tower Street, Monument"
"LINESTRING (-0.116764 51.51362,-0.082989 51.510484", "From Houghton Street, Strand to Great Tower Street, Monument"
"LINESTRING (-0.075459 51.509506,-0.082989 51.510484", "From Tower Gardens , Tower to Great Tower Street, Monument"
"LINESTRING (-0.099141 51.512484,-0.082989 51.510484", "From Godliman Street, St. Paul's to Great Tower Street, Monument"
"LINESTRING (-0.096496 51.517821,-0.082989 51.510484", "From Museum of London, Barbican to Great Tower Street, Monument"
"LINESTRING (-0.096317 51.526008,-0.082989 51.510484", "From Finsbury Leisure Centre, St. Luke's to Great Tower Street, Monument"
"LINESTRING (-0.04915 51.498439,-0.082989 51.510484", "From Canada Water Station, Rotherhithe to Great Tower Street, Monument"
"LINESTRING (-0.082989 51.510484,-0.082989 51.510484", "From Great Tower Street, Monument to Great Tower Street, Monument"
"LINESTRING (-0.198286 51.493724,-0.082989 51.510484", "From West Cromwell Road, Earl's Court to Great Tower Street, Monument"
"LINESTRING (-0.174554 51.499917,-0.082989 51.510484", "From Exhibition Road, Knightsbridge to Great Tower Street, Monument"
"LINESTRING (-0.075459 51.509506,-0.082989 51.510484", "From Tower Gardens , Tower to Great Tower Street, Monument"
"LINESTRING (-0.162298 51.522511,-0.082989 51.510484", "From Boston Place, Marylebone to Great Tower Street, Monument"
"LINESTRING (-0.069743 51.528222,-0.082989 51.510484", "From Wellington Row, Bethnal Green to Great Tower Street, Monument"
"LINESTRING (-0.0786 51.500647,-0.082989 51.510484", "From Tanner Street, Bermondsey to Great Tower Street, Monument"
"LINESTRING (-0.047784 51.51328,-0.082989 51.510484", "From Albert Gardens, Stepney to Great Tower Street, Monument"
"LINESTRING (-0.078505 51.53095,-0.082989 51.510484", "From Falkirk Street, Hoxton to Great Tower Street, Monument"
"LINESTRING (-0.05438 51.520019,-0.082989 51.510484", "From Ansell House, Stepney to Great Tower Street, Monument"
"LINESTRING (-0.058681 51.506946,-0.082989 51.510484", "From Reardon Street, Wapping to Great Tower Street, Monument"
"LINESTRING (-0.104778 51.504044,-0.082989 51.510484", "From Southwark Station 2, Southwark to Great Tower Street, Monument"
"LINESTRING (-0.057159 51.511088,-0.082989 51.510484", "From Shadwell Station, Shadwell to Great Tower Street, Monument"
"LINESTRING (-0.058631 51.524583,-0.082989 51.510484", "From Finnis Street, Bethnal Green to Great Tower Street, Monument"
"LINESTRING (-0.082989 51.510484,-0.082989 51.510484", "From Great Tower Street, Monument to Great Tower Street, Monument"
"LINESTRING (-0.01646 51.505772,-0.082989 51.510484", "From Import Dock, Canary Wharf to Great Tower Street, Monument"
"LINESTRING (-0.111606 51.505569,-0.082989 51.510484", "From Stamford Street, South Bank to Great Tower Street, Monument"
"LINESTRING (-0.074754 51.523648,-0.082989 51.510484", "From Bethnal Green Road, Shoreditch to Great Tower Street, Monument"
"LINESTRING (-0.102208 51.526153,-0.082989 51.510484", "From Percival Street, Finsbury to Great Tower Street, Monument"
"LINESTRING (-0.087459 51.528673,-0.082989 51.510484", "From East Road, Hoxton to Great Tower Street, Monument"
"LINESTRING (-0.08299 51.53213,-0.082989 51.510484", "From Pitfield Street Central, Hoxton to Great Tower Street, Monument"
"LINESTRING (-0.071653 51.522617,-0.082989 51.510484", "From Brick Lane Market, Shoreditch to Great Tower Street, Monument"
"LINESTRING (-0.082989 51.510484,-0.082989 51.510484", "From Great Tower Street, Monument to Great Tower Street, Monument"
"LINESTRING (-0.058681 51.506946,-0.082989 51.510484", "From Reardon Street, Wapping to Great Tower Street, Monument"
"LINESTRING (-0.08497 51.50964,-0.082989 51.510484", "From Monument Street, Monument to Great Tower Street, Monument"
"LINESTRING (-0.086379 51.534042,-0.082989 51.510484", "From Shoreditch Park, Hoxton to Great Tower Street, Monument"
"LINESTRING (-0.087262 51.506304,-0.082989 51.510484", "From Duke Street Hill, London Bridge to Great Tower Street, Monument"
"LINESTRING (-0.093051 51.511246,-0.082989 51.510484", "From Queen Street 2, Bank to Great Tower Street, Monument"
"LINESTRING (-0.092176 51.520044,-0.082989 51.510484", "From Barbican Centre, Barbican to Great Tower Street, Monument"
"LINESTRING (-0.082989 51.510484,-0.082989 51.510484", "From Great Tower Street, Monument to Great Tower Street, Monument"
"LINESTRING (-0.087459 51.528673,-0.082989 51.510484", "From East Road, Hoxton to Great Tower Street, Monument"
"LINESTRING (-0.069543 51.525645,-0.082989 51.510484", "From Granby Street, Shoreditch to Great Tower Street, Monument"
"LINESTRING (-0.09315 51.53356,-0.082989 51.510484", "From Eagle Wharf Road, Hoxton to Great Tower Street, Monument"
"LINESTRING (-0.093421 51.529154,-0.082989 51.510484", "From Windsor Terrace, Hoxton to Great Tower Street, Monument"
"LINESTRING (-0.073955 51.526293,-0.082989 51.510484", "From Palissy Street, Shoreditch to Great Tower Street, Monument"
"LINESTRING (-0.088285 51.519069,-0.082989 51.510484", "From Moorfields, Moorgate to Great Tower Street, Monument"
"LINESTRING (-0.07813 51.526377,-0.066078 51.514924", "From Shoreditch High Street, Shoreditch to LMU Commercial Road, Whitechapel"
"LINESTRING (-0.108657 51.51795,-0.066078 51.514924", "From Holborn Circus, Holborn to LMU Commercial Road, Whitechapel"
"LINESTRING (-0.07813 51.526377,-0.066078 51.514924", "From Shoreditch High Street, Shoreditch to LMU Commercial Road, Whitechapel"
"LINESTRING (-0.089659 51.52548,-0.066078 51.514924", "From Old Street Station, St. Luke's to LMU Commercial Road, Whitechapel"
"LINESTRING (-0.027772 51.505703,-0.066078 51.514924", "From Westferry Circus, Canary Wharf to LMU Commercial Road, Whitechapel"
"LINESTRING (-0.077178 51.514449,-0.066078 51.514924", "From Houndsditch, Aldgate to LMU Commercial Road, Whitechapel"
"LINESTRING (-0.058005 51.527152,-0.066078 51.514924", "From Pott Street, Bethnal Green to LMU Commercial Road, Whitechapel"
"LINESTRING (-0.06415 51.51295,-0.066078 51.514924", "From Christian Street, Whitechapel to LMU Commercial Road, Whitechapel"
"LINESTRING (-0.055894 51.528936,-0.066078 51.514924", "From York Hall, Bethnal Green to LMU Commercial Road, Whitechapel"
"LINESTRING (-0.089659 51.52548,-0.066078 51.514924", "From Old Street Station, St. Luke's to LMU Commercial Road, Whitechapel"
"LINESTRING (-0.07962 51.503493,-0.066078 51.514924", "From Tooley Street, Bermondsey to LMU Commercial Road, Whitechapel"
"LINESTRING (-0.083067 51.523196,-0.066078 51.514924", "From Clifton Street, Shoreditch to LMU Commercial Road, Whitechapel"
"LINESTRING (-0.088285 51.519069,-0.066078 51.514924", "From Moorfields, Moorgate to LMU Commercial Road, Whitechapel"
"LINESTRING (-0.025492 51.530535,-0.066078 51.514924", "From Mostyn Grove, Bow to LMU Commercial Road, Whitechapel"
"LINESTRING (-0.079249 51.518908,-0.066078 51.514924", "From Brushfield Street, Liverpool Street to LMU Commercial Road, Whitechapel"
"LINESTRING (-0.082422 51.516154,-0.066078 51.514924", "From Wormwood Street, Liverpool Street to LMU Commercial Road, Whitechapel"
"LINESTRING (-0.075855 51.517475,-0.066078 51.514924", "From Bell Lane, Liverpool Street to LMU Commercial Road, Whitechapel"
"LINESTRING (-0.099994 51.522853,-0.066078 51.514924", "From Berry Street, Clerkenwell to LMU Commercial Road, Whitechapel"
"LINESTRING (-0.034903 51.518541,-0.066078 51.514924", "From Mile End Stadium, Mile End to LMU Commercial Road, Whitechapel"
"LINESTRING (-0.077121 51.511594,-0.066078 51.514924", "From Crosswall, Tower to LMU Commercial Road, Whitechapel"
"LINESTRING (-0.077121 51.511594,-0.066078 51.514924", "From Crosswall, Tower to LMU Commercial Road, Whitechapel"
"LINESTRING (-0.105344 51.515059,-0.066078 51.514924", "From St. Bride Street, Holborn to LMU Commercial Road, Whitechapel"
"LINESTRING (-0.08497 51.50964,-0.066078 51.514924", "From Monument Street, Monument to LMU Commercial Road, Whitechapel"
"LINESTRING (-0.054883 51.522561,-0.066078 51.514924", "From Cephas Street, Bethnal Green to LMU Commercial Road, Whitechapel"
"LINESTRING (-0.097441 51.511961,-0.066078 51.514924", "From Queen Victoria Street, St. Paul's to LMU Commercial Road, Whitechapel"
"LINESTRING (-0.144165 51.510736,-0.066078 51.514924", "From Bruton Street, Mayfair to LMU Commercial Road, Whitechapel"
"LINESTRING (-0.08066 51.514225,-0.066078 51.514924", "From St. Mary Axe, Aldgate to LMU Commercial Road, Whitechapel"
"LINESTRING (-0.08066 51.514225,-0.066078 51.514924", "From St. Mary Axe, Aldgate to LMU Commercial Road, Whitechapel"
"LINESTRING (-0.100168 51.530344,-0.066078 51.514924", "From City Road, Angel to LMU Commercial Road, Whitechapel"
"LINESTRING (-0.055656 51.514222,-0.066078 51.514924", "From Watney Market, Stepney to LMU Commercial Road, Whitechapel"
"LINESTRING (-0.086379 51.534042,-0.066078 51.514924", "From Shoreditch Park, Hoxton to LMU Commercial Road, Whitechapel"
"LINESTRING (-0.073537 51.514233,-0.066078 51.514924", "From Braham Street, Aldgate to LMU Commercial Road, Whitechapel"
"LINESTRING (-0.098497 51.503688,-0.066078 51.514924", "From Union Street, The Borough to LMU Commercial Road, Whitechapel"
"LINESTRING (-0.086685 51.517075,-0.066078 51.514924", "From Finsbury Circus, Liverpool Street to LMU Commercial Road, Whitechapel"
"LINESTRING (-0.103078 51.511934,-0.066078 51.514924", "From Blackfriars Station, St. Paul's to LMU Commercial Road, Whitechapel"
"LINESTRING (-0.073537 51.514233,-0.066078 51.514924", "From Braham Street, Aldgate to LMU Commercial Road, Whitechapel"
"LINESTRING (-0.132053 51.518587,-0.066078 51.514924", "From Bayley Street , Bloomsbury to LMU Commercial Road, Whitechapel"
"LINESTRING (-0.08066 51.514225,-0.066078 51.514924", "From St. Mary Axe, Aldgate to LMU Commercial Road, Whitechapel"
"LINESTRING (-0.108657 51.51795,-0.066078 51.514924", "From Holborn Circus, Holborn to LMU Commercial Road, Whitechapel"
"LINESTRING (-0.153463 51.525367,-0.161113 51.522596", "From The Tennis Courts, The Regent's Park to Dorset Square, Marylebone"
"LINESTRING (-0.148105 51.514759,-0.161113 51.522596", "From Marylebone Lane, Marylebone to Dorset Square, Marylebone"
"LINESTRING (-0.171592 51.5289,-0.161113 51.522596", "From Lord's, St. John's Wood to Dorset Square, Marylebone"
"LINESTRING (-0.171681 51.522892,-0.161113 51.522596", "From Penfold Street, Marylebone to Dorset Square, Marylebone"
"LINESTRING (-0.179854 51.501715,-0.161113 51.522596", "From Queen's Gate, Kensington Gardens to Dorset Square, Marylebone"
"LINESTRING (-0.158456 51.502953,-0.161113 51.522596", "From Albert Gate, Hyde Park to Dorset Square, Marylebone"
"LINESTRING (-0.164393 51.516517,-0.161113 51.522596", "From Nutford Place, Marylebone to Dorset Square, Marylebone"
"LINESTRING (-0.176645 51.518622,-0.161113 51.522596", "From North Wharf Road, Paddington to Dorset Square, Marylebone"
"LINESTRING (-0.172528 51.533043,-0.161113 51.522596", "From Wellington Road, St. John's Wood to Dorset Square, Marylebone"
"LINESTRING (-0.109006 51.521661,-0.161113 51.522596", "From Hatton Wall, Holborn to Dorset Square, Marylebone"
"LINESTRING (-0.174347 51.476964,-0.161113 51.522596", "From Battersea Church Road, Battersea to Dorset Square, Marylebone"
"LINESTRING (-0.115851 51.505044,-0.161113 51.522596", "From Concert Hall Approach 1, South Bank to Dorset Square, Marylebone"
"LINESTRING (-0.129698 51.500703,-0.161113 51.522596", "From Storey's Gate, Westminster to Dorset Square, Marylebone"
"LINESTRING (-0.145246 51.539957,-0.161113 51.522596", "From Arlington Road, Camden Town to Dorset Square, Marylebone"
"LINESTRING (-0.141423 51.514499,-0.161113 51.522596", "From Little Argyll Street, West End to Dorset Square, Marylebone"
"LINESTRING (-0.142844 51.506613,-0.161113 51.522596", "From Green Park Station, Mayfair to Dorset Square, Marylebone"
"LINESTRING (-0.155525 51.516204,-0.161113 51.522596", "From Portman Square, Marylebone to Dorset Square, Marylebone"
"LINESTRING (-0.13011 51.513527,-0.161113 51.522596", "From Moor Street, Soho to Dorset Square, Marylebone"
"LINESTRING (-0.143613 51.523518,-0.161113 51.522596", "From Bolsover Street, Fitzrovia to Dorset Square, Marylebone"
"LINESTRING (-0.120973 51.530059,-0.161113 51.522596", "From St. Chad's Street, King's Cross to Dorset Square, Marylebone"
"LINESTRING (-0.151359 51.522008,-0.161113 51.522596", "From Beaumont Street, Marylebone to Dorset Square, Marylebone"
"LINESTRING (-0.147983 51.519167,-0.161113 51.522596", "From New Cavendish Street, Marylebone to Dorset Square, Marylebone"
"LINESTRING (-0.150481 51.51217,-0.161113 51.522596", "From Grosvenor Square, Mayfair to Dorset Square, Marylebone"
"LINESTRING (-0.16862 51.53256,-0.161113 51.522596", "From Greenberry Street, St.John's Wood to Dorset Square, Marylebone"
"LINESTRING (-0.128279 51.5293,-0.161113 51.522596", "From Ossulston Street, Somers Town to Dorset Square, Marylebone"
"LINESTRING (-0.137598 51.497698,-0.161113 51.522596", "From Kings Gate House, Westminster to Dorset Square, Marylebone"
"LINESTRING (-0.17677 51.530889,-0.161113 51.522596", "From Grove End Road, St. John's Wood to Dorset Square, Marylebone"
"LINESTRING (-0.116688 51.520596,-0.161113 51.522596", "From Theobald's Road , Holborn to Dorset Square, Marylebone"
"LINESTRING (-0.136039 51.519914,-0.161113 51.522596", "From Scala Street, Fitzrovia to Dorset Square, Marylebone"
"LINESTRING (-0.142943 51.496863,-0.161113 51.522596", "From Allington Street, Victoria to Dorset Square, Marylebone"
"LINESTRING (-0.183716 51.517932,-0.161113 51.522596", "From Orsett Terrace, Bayswater to Dorset Square, Marylebone"
"LINESTRING (-0.09885 51.515418,-0.161113 51.522596", "From Newgate Street , St. Paul's to Dorset Square, Marylebone"
"LINESTRING (-0.123179 51.506543,-0.161113 51.522596", "From Whitehall Place, Strand to Dorset Square, Marylebone"
"LINESTRING (-0.158456 51.502953,-0.161113 51.522596", "From Albert Gate, Hyde Park to Dorset Square, Marylebone"
"LINESTRING (-0.165668 51.524561,-0.161113 51.522596", "From Broadley Terrace, Marylebone to Dorset Square, Marylebone"
"LINESTRING (-0.147983 51.519167,-0.161113 51.522596", "From New Cavendish Street, Marylebone to Dorset Square, Marylebone"
"LINESTRING (-0.169774 51.519968,-0.161113 51.522596", "From Edgware Road Station, Marylebone to Dorset Square, Marylebone"
"LINESTRING (-0.142345 51.510662,-0.161113 51.522596", "From Clifford Street, Mayfair to Dorset Square, Marylebone"
"LINESTRING (-0.17219 51.526448,-0.161113 51.522596", "From Lisson Grove, St. John's Wood to Dorset Square, Marylebone"
"LINESTRING (-0.169774 51.519968,-0.161113 51.522596", "From Edgware Road Station, Marylebone to Dorset Square, Marylebone"
"LINESTRING (-0.168074 51.5343,-0.161113 51.522596", "From Charlbert Street, St. John's Wood to Dorset Square, Marylebone"
"LINESTRING (-0.141423 51.514499,-0.161113 51.522596", "From Little Argyll Street, West End to Dorset Square, Marylebone"
"LINESTRING (-0.16862 51.53256,-0.161113 51.522596", "From Greenberry Street, St.John's Wood to Dorset Square, Marylebone"
"LINESTRING (-0.176268 51.524826,-0.161113 51.522596", "From Aberdeen Place, St. John's Wood to Dorset Square, Marylebone"
"LINESTRING (-0.128279 51.5293,-0.161113 51.522596", "From Ossulston Street, Somers Town to Dorset Square, Marylebone"
"LINESTRING (-0.166304 51.525051,-0.161113 51.522596", "From Mallory Street, Marylebone to Dorset Square, Marylebone"
"LINESTRING (-0.169774 51.519968,-0.161113 51.522596", "From Edgware Road Station, Marylebone to Dorset Square, Marylebone"
"LINESTRING (-0.183486 51.529857,-0.161113 51.522596", "From Maida Vale, Maida Vale to Dorset Square, Marylebone"
"LINESTRING (-0.119123 51.519435,-0.161113 51.522596", "From Red Lion Square, Holborn to Dorset Square, Marylebone"
"LINESTRING (-0.174653 51.527294,-0.161113 51.522596", "From St. John's Wood Road, St. John's Wood to Dorset Square, Marylebone"
"LINESTRING (-0.169774 51.519968,-0.161113 51.522596", "From Edgware Road Station, Marylebone to Dorset Square, Marylebone"
"LINESTRING (-0.17677 51.530889,-0.161113 51.522596", "From Grove End Road, St. John's Wood to Dorset Square, Marylebone"
"LINESTRING (-0.183716 51.517932,-0.161113 51.522596", "From Orsett Terrace, Bayswater to Dorset Square, Marylebone"
"LINESTRING (-0.09294 51.51397,-0.161113 51.522596", "From Cheapside, Bank to Dorset Square, Marylebone"
"LINESTRING (-0.153645 51.512911,-0.161113 51.522596", "From North Audley Street, Mayfair to Dorset Square, Marylebone"
"LINESTRING (-0.16862 51.53256,-0.161113 51.522596", "From Greenberry Street, St.John's Wood to Dorset Square, Marylebone"
"LINESTRING (-0.147203 51.515308,-0.161113 51.522596", "From Chapel Place, Marylebone to Dorset Square, Marylebone"
"LINESTRING (-0.128585 51.516118,-0.161113 51.522596", "From Earnshaw Street , Covent Garden to Dorset Square, Marylebone"
"LINESTRING (-0.123616 51.529943,-0.161113 51.522596", "From Belgrove Street , King's Cross to Dorset Square, Marylebone"
"LINESTRING (-0.188098 51.517919,-0.161113 51.522596", "From Gloucester Terrace, Bayswater to Dorset Square, Marylebone"
"LINESTRING (-0.172528 51.533043,-0.161113 51.522596", "From Wellington Road, St. John's Wood to Dorset Square, Marylebone"
"LINESTRING (-0.079608 51.521668,-0.069542 51.512363", "From Worship Street, Shoreditch to Leman Street, Aldgate"
"LINESTRING (-0.073955 51.526293,-0.069542 51.512363", "From Palissy Street, Shoreditch to Leman Street, Aldgate"
"LINESTRING (-0.073537 51.514233,-0.069542 51.512363", "From Braham Street, Aldgate to Leman Street, Aldgate"
"LINESTRING (-0.098341 51.505409,-0.069542 51.512363", "From Southwark Street, Bankside to Leman Street, Aldgate"
"LINESTRING (-0.057159 51.511088,-0.069542 51.512363", "From Shadwell Station, Shadwell to Leman Street, Aldgate"
"LINESTRING (-0.110121 51.488105,-0.069542 51.512363", "From Cleaver Street, Kennington to Leman Street, Aldgate"
"LINESTRING (-0.098497 51.503688,-0.069542 51.512363", "From Union Street, The Borough to Leman Street, Aldgate"
"LINESTRING (-0.01646 51.505772,-0.069542 51.512363", "From Import Dock, Canary Wharf to Leman Street, Aldgate"
"LINESTRING (-0.138019 51.524438,-0.069542 51.512363", "From Warren Street Station, Euston to Leman Street, Aldgate"
"LINESTRING (-0.103078 51.511934,-0.069542 51.512363", "From Blackfriars Station, St. Paul's to Leman Street, Aldgate"
"LINESTRING (-0.074754 51.523648,-0.069542 51.512363", "From Bethnal Green Road, Shoreditch to Leman Street, Aldgate"
"LINESTRING (-0.073955 51.526293,-0.069542 51.512363", "From Palissy Street, Shoreditch to Leman Street, Aldgate"
"LINESTRING (-0.06691 51.507131,-0.069542 51.512363", "From Nesham Street, Wapping to Leman Street, Aldgate"
"LINESTRING (-0.122759 51.487807,-0.069542 51.512363", "From New Spring Gardens Walk, Vauxhall to Leman Street, Aldgate"
"LINESTRING (-0.062697 51.518154,-0.069542 51.512363", "From New Road 1 , Whitechapel to Leman Street, Aldgate"
"LINESTRING (-0.117619 51.509943,-0.069542 51.512363", "From Somerset House, Strand to Leman Street, Aldgate"
"LINESTRING (-0.062697 51.518154,-0.069542 51.512363", "From New Road 1 , Whitechapel to Leman Street, Aldgate"
"LINESTRING (-0.09294 51.51397,-0.069542 51.512363", "From Cheapside, Bank to Leman Street, Aldgate"
"LINESTRING (-0.074189 51.502279,-0.069542 51.512363", "From Curlew Street, Shad Thames to Leman Street, Aldgate"
"LINESTRING (-0.00699 51.508981,-0.069542 51.512363", "From Naval Row, Blackwall to Leman Street, Aldgate"
"LINESTRING (-0.087587 51.514441,-0.069542 51.512363", "From Bank of England Museum, Bank to Leman Street, Aldgate"
"LINESTRING (-0.053558 51.511066,-0.069542 51.512363", "From Sutton Street, Shadwell to Leman Street, Aldgate"
"LINESTRING (-0.13214 51.519572,-0.069542 51.512363", "From Store Street, Bloomsbury to Leman Street, Aldgate"
"LINESTRING (-0.065006 51.508622,-0.069542 51.512363", "From Pennington Street, Wapping to Leman Street, Aldgate"
"LINESTRING (-0.06555 51.528681,-0.069542 51.512363", "From Durant Street, Bethnal Green to Leman Street, Aldgate"
"LINESTRING (-0.101384 51.49652,-0.069542 51.512363", "From Ontario Street, Elephant & Castle to Leman Street, Aldgate"
"LINESTRING (-0.074754 51.523648,-0.069542 51.512363", "From Bethnal Green Road, Shoreditch to Leman Street, Aldgate"
"LINESTRING (-0.110699 51.501444,-0.069542 51.512363", "From Baylis Road, Waterloo to Leman Street, Aldgate"
"LINESTRING (-0.07962 51.503493,-0.069542 51.512363", "From Tooley Street, Bermondsey to Leman Street, Aldgate"
"LINESTRING (-0.085634 51.520962,-0.069542 51.512363", "From Finsbury Square , Moorgate to Leman Street, Aldgate"
"LINESTRING (-0.108657 51.51795,-0.069542 51.512363", "From Holborn Circus, Holborn to Leman Street, Aldgate"
"LINESTRING (-0.09294 51.51397,-0.069542 51.512363", "From Cheapside, Bank to Leman Street, Aldgate"
"LINESTRING (-0.08497 51.50964,-0.069542 51.512363", "From Monument Street, Monument to Leman Street, Aldgate"
"LINESTRING (-0.052099 51.51417,-0.069542 51.512363", "From St. Mary & St. Michael Church, Stepney to Leman Street, Aldgate"
"LINESTRING (-0.087262 51.506304,-0.069542 51.512363", "From Duke Street Hill, London Bridge to Leman Street, Aldgate"
"LINESTRING (-0.06797 51.504904,-0.069542 51.512363", "From Wapping High Street, Wapping to Leman Street, Aldgate"
"LINESTRING (-0.070542 51.505697,-0.069542 51.512363", "From St. Katharine's Way, Tower to Leman Street, Aldgate"
"LINESTRING (-0.094934 51.522954,-0.069542 51.512363", "From Roscoe Street, St. Luke's to Leman Street, Aldgate"
"LINESTRING (-0.08066 51.514225,-0.069542 51.512363", "From St. Mary Axe, Aldgate to Leman Street, Aldgate"
"LINESTRING (-0.068981 51.498585,-0.069542 51.512363", "From George Row, Bermondsey to Leman Street, Aldgate"
"LINESTRING (-0.063531 51.504719,-0.069542 51.512363", "From Hermitage Court, Wapping to Leman Street, Aldgate"
"LINESTRING (-0.082989 51.510484,-0.069542 51.512363", "From Great Tower Street, Monument to Leman Street, Aldgate"
"LINESTRING (-0.099489 51.524868,-0.100791 51.518218", "From Sadlers Sports Centre, Finsbury to West Smithfield Rotunda, Farringdon"
"LINESTRING (-0.112824 51.503791,-0.100791 51.518218", "From Waterloo Station 3, Waterloo to West Smithfield Rotunda, Farringdon"
"LINESTRING (-0.15823 51.46879,-0.100791 51.518218", "From Holden Street, Battersea to West Smithfield Rotunda, Farringdon"
"LINESTRING (-0.077121 51.511594,-0.100791 51.518218", "From Crosswall, Tower to West Smithfield Rotunda, Farringdon"
"LINESTRING (-0.09294 51.511553,-0.100791 51.518218", "From Queen Street 1, Bank to West Smithfield Rotunda, Farringdon"
"LINESTRING (-0.09734 51.520841,-0.100791 51.518218", "From Aldersgate Street, Barbican to West Smithfield Rotunda, Farringdon"
"LINESTRING (-0.109256 51.526443,-0.100791 51.518218", "From Tysoe Street, Clerkenwell to West Smithfield Rotunda, Farringdon"
"LINESTRING (-0.074704 51.500845,-0.100791 51.518218", "From Tower Wharf, Bermondsey to West Smithfield Rotunda, Farringdon"
"LINESTRING (-0.111781 51.533319,-0.100791 51.518218", "From Risinghill Street, Angel to West Smithfield Rotunda, Farringdon"
"LINESTRING (-0.112824 51.503791,-0.100791 51.518218", "From Waterloo Station 3, Waterloo to West Smithfield Rotunda, Farringdon"
"LINESTRING (-0.135025 51.518162,-0.100791 51.518218", "From Rathbone Street, Fitzrovia to West Smithfield Rotunda, Farringdon"
"LINESTRING (-0.117495 51.498241,-0.100791 51.518218", "From Archbishop's Park, Waterloo to West Smithfield Rotunda, Farringdon"
"LINESTRING (-0.123616 51.529943,-0.100791 51.518218", "From Belgrove Street , King's Cross to West Smithfield Rotunda, Farringdon"
"LINESTRING (-0.09734 51.520841,-0.100791 51.518218", "From Aldersgate Street, Barbican to West Smithfield Rotunda, Farringdon"
"LINESTRING (-0.108657 51.51795,-0.100791 51.518218", "From Holborn Circus, Holborn to West Smithfield Rotunda, Farringdon"
"LINESTRING (-0.053558 51.511066,-0.100791 51.518218", "From Sutton Street, Shadwell to West Smithfield Rotunda, Farringdon"
"LINESTRING (-0.093051 51.511246,-0.100791 51.518218", "From Queen Street 2, Bank to West Smithfield Rotunda, Farringdon"
"LINESTRING (-0.083935 51.520009,-0.100791 51.518218", "From Sun Street, Liverpool Street to West Smithfield Rotunda, Farringdon"
"LINESTRING (-0.041378 51.522507,-0.100791 51.518218", "From Queen Mary's, Mile End to West Smithfield Rotunda, Farringdon"
"LINESTRING (-0.115851 51.505044,-0.100791 51.518218", "From Concert Hall Approach 1, South Bank to West Smithfield Rotunda, Farringdon"
"LINESTRING (-0.179135 51.516417,-0.100791 51.518218", "From Eastbourne Mews, Paddington to West Smithfield Rotunda, Farringdon"
"LINESTRING (-0.074754 51.523648,-0.100791 51.518218", "From Bethnal Green Road, Shoreditch to West Smithfield Rotunda, Farringdon"
"LINESTRING (-0.083353 51.529537,-0.100791 51.518218", "From Fanshaw Street, Hoxton to West Smithfield Rotunda, Farringdon"
"LINESTRING (-0.108657 51.51795,-0.100791 51.518218", "From Holborn Circus, Holborn to West Smithfield Rotunda, Farringdon"
"LINESTRING (-0.086685 51.517075,-0.100791 51.518218", "From Finsbury Circus, Liverpool Street to West Smithfield Rotunda, Farringdon"
"LINESTRING (-0.08974 51.500823,-0.100791 51.518218", "From Empire Square, The Borough to West Smithfield Rotunda, Farringdon"
"LINESTRING (-0.079249 51.518908,-0.100791 51.518218", "From Brushfield Street, Liverpool Street to West Smithfield Rotunda, Farringdon"
"LINESTRING (-0.112824 51.503791,-0.100791 51.518218", "From Waterloo Station 3, Waterloo to West Smithfield Rotunda, Farringdon"
"LINESTRING (-0.084439 51.524696,-0.100791 51.518218", "From Leonard Circus , Shoreditch to West Smithfield Rotunda, Farringdon"
"LINESTRING (-0.079608 51.521668,-0.100791 51.518218", "From Worship Street, Shoreditch to West Smithfield Rotunda, Farringdon"
"LINESTRING (-0.093903 51.530991,-0.100791 51.518218", "From Wenlock Road , Hoxton to West Smithfield Rotunda, Farringdon"
"LINESTRING (-0.088542 51.527025,-0.100791 51.518218", "From Baldwin Street, St. Luke's to West Smithfield Rotunda, Farringdon"
"LINESTRING (-0.122502 51.523951,-0.100791 51.518218", "From Brunswick Square, Bloomsbury to West Smithfield Rotunda, Farringdon"
"LINESTRING (-0.124678 51.51908,-0.100791 51.518218", "From British Museum, Bloomsbury to West Smithfield Rotunda, Farringdon"
"LINESTRING (-0.058631 51.524583,-0.100791 51.518218", "From Finnis Street, Bethnal Green to West Smithfield Rotunda, Farringdon"
"LINESTRING (-0.112824 51.503791,-0.100791 51.518218", "From Waterloo Station 3, Waterloo to West Smithfield Rotunda, Farringdon"
"LINESTRING (-0.138212 51.481335,-0.100791 51.518218", "From Riverlight South, Nine Elms to West Smithfield Rotunda, Farringdon"
"LINESTRING (-0.083493 51.520955,-0.100791 51.518218", "From Pindar Street, Liverpool Street to West Smithfield Rotunda, Farringdon"
"LINESTRING (-0.09294 51.511553,-0.100791 51.518218", "From Queen Street 1, Bank to West Smithfield Rotunda, Farringdon"
"LINESTRING (-0.114934 51.49288,-0.100791 51.518218", "From Lollard Street, Vauxhall to West Smithfield Rotunda, Farringdon"
"LINESTRING (-0.09734 51.520841,-0.100791 51.518218", "From Aldersgate Street, Barbican to West Smithfield Rotunda, Farringdon"
"LINESTRING (-0.110699 51.501444,-0.100791 51.518218", "From Baylis Road, Waterloo to West Smithfield Rotunda, Farringdon"
"LINESTRING (-0.079608 51.521668,-0.100791 51.518218", "From Worship Street, Shoreditch to West Smithfield Rotunda, Farringdon"
"LINESTRING (-0.082422 51.516154,-0.100791 51.518218", "From Wormwood Street, Liverpool Street to West Smithfield Rotunda, Farringdon"
"LINESTRING (-0.063471 51.497995,-0.100791 51.518218", "From Bermondsey Station, Bermondsey to West Smithfield Rotunda, Farringdon"
"LINESTRING (-0.083067 51.523196,-0.100791 51.518218", "From Clifton Street, Shoreditch to West Smithfield Rotunda, Farringdon"
"LINESTRING (-0.106408 51.530515,-0.100791 51.518218", "From Chadwell Street, Angel to West Smithfield Rotunda, Farringdon"
"LINESTRING (-0.079248 51.524526,-0.100791 51.518218", "From New Inn Yard, Shoreditch to West Smithfield Rotunda, Farringdon"
"LINESTRING (-0.104708 51.52326,-0.100791 51.518218", "From Clerkenwell Green, Clerkenwell to West Smithfield Rotunda, Farringdon"
"LINESTRING (-0.112824 51.503791,-0.100791 51.518218", "From Waterloo Station 3, Waterloo to West Smithfield Rotunda, Farringdon"
"LINESTRING (-0.020068 51.50357,-0.100791 51.518218", "From Jubilee Plaza, Canary Wharf to West Smithfield Rotunda, Farringdon"
"LINESTRING (-0.113426 51.503919,-0.100791 51.518218", "From Waterloo Station 2, Waterloo to West Smithfield Rotunda, Farringdon"
"LINESTRING (-0.111781 51.533319,-0.100791 51.518218", "From Risinghill Street, Angel to West Smithfield Rotunda, Farringdon"
"LINESTRING (-0.113864 51.504027,-0.100791 51.518218", "From Waterloo Station 1, Waterloo to West Smithfield Rotunda, Farringdon"
"LINESTRING (-0.083935 51.520009,-0.100791 51.518218", "From Sun Street, Liverpool Street to West Smithfield Rotunda, Farringdon"
"LINESTRING (-0.077121 51.511594,-0.100791 51.518218", "From Crosswall, Tower to West Smithfield Rotunda, Farringdon"
"LINESTRING (-0.107349 51.511891,-0.100791 51.518218", "From Tallis Street, Temple to West Smithfield Rotunda, Farringdon"
"LINESTRING (-0.058826 51.54119,-0.112432 51.526599", "From London Fields, Hackney Central to Margery Street, Clerkenwell"
"LINESTRING (-0.17581 51.517335,-0.112432 51.526599", "From South Wharf Road, Paddington to Margery Street, Clerkenwell"
"LINESTRING (-0.106992 51.534504,-0.112432 51.526599", "From Liverpool Road (N1 Centre), Angel to Margery Street, Clerkenwell"
"LINESTRING (-0.123616 51.529943,-0.112432 51.526599", "From Belgrove Street , King's Cross to Margery Street, Clerkenwell"
"LINESTRING (-0.083632 51.502153,-0.112432 51.526599", "From Snowsfields, London Bridge to Margery Street, Clerkenwell"
"LINESTRING (-0.139016 51.520994,-0.112432 51.526599", "From Howland Street, Fitzrovia to Margery Street, Clerkenwell"
"LINESTRING (-0.11548 51.528915,-0.112432 51.526599", "From Great Percy Street, Clerkenwell to Margery Street, Clerkenwell"
"LINESTRING (-0.088542 51.527025,-0.112432 51.526599", "From Baldwin Street, St. Luke's to Margery Street, Clerkenwell"
"LINESTRING (-0.126409 51.524,-0.112432 51.526599", "From Coram Street, Bloomsbury to Margery Street, Clerkenwell"
"LINESTRING (-0.128377 51.523673,-0.112432 51.526599", "From Bedford Way, Bloomsbury to Margery Street, Clerkenwell"
"LINESTRING (-0.11655 51.51824,-0.112432 51.526599", "From Red Lion Street, Holborn to Margery Street, Clerkenwell"
"LINESTRING (-0.09885 51.515418,-0.112432 51.526599", "From Newgate Street , St. Paul's to Margery Street, Clerkenwell"
"LINESTRING (-0.090847 51.525893,-0.112432 51.526599", "From Bath Street, St. Luke's to Margery Street, Clerkenwell"
"LINESTRING (-0.079608 51.521668,-0.112432 51.526599", "From Worship Street, Shoreditch to Margery Street, Clerkenwell"
"LINESTRING (-0.143613 51.523518,-0.112432 51.526599", "From Bolsover Street, Fitzrovia to Margery Street, Clerkenwell"
"LINESTRING (-0.124121 51.523418,-0.112432 51.526599", "From Russell Square Station, Bloomsbury to Margery Street, Clerkenwell"
"LINESTRING (-0.107987 51.517428,-0.112432 51.526599", "From New Fetter Lane, Holborn to Margery Street, Clerkenwell"
"LINESTRING (-0.124121 51.523418,-0.112432 51.526599", "From Russell Square Station, Bloomsbury to Margery Street, Clerkenwell"
"LINESTRING (-0.120973 51.530059,-0.112432 51.526599", "From St. Chad's Street, King's Cross to Margery Street, Clerkenwell"
"LINESTRING (-0.089887 51.520858,-0.112432 51.526599", "From Bunhill Row, Moorgate to Margery Street, Clerkenwell"
"LINESTRING (-0.116191 51.535467,-0.112432 51.526599", "From Carnegie Street, King's Cross to Margery Street, Clerkenwell"
"LINESTRING (-0.131161 51.52505,-0.112432 51.526599", "From Taviton Street, Bloomsbury to Margery Street, Clerkenwell"
"LINESTRING (-0.029138 51.516196,-0.062697 51.518154", "From Burdett Road, Mile End to New Road 1 , Whitechapel"
"LINESTRING (-0.0985 51.51601,-0.062697 51.518154", "From King Edward Street, St Pauls to New Road 1 , Whitechapel"
"LINESTRING (-0.025296 51.527058,-0.062697 51.518154", "From Bow Road Station, Bow to New Road 1 , Whitechapel"
"LINESTRING (-0.027581 51.526578,-0.062697 51.518154", "From Merchant Street, Bow to New Road 1 , Whitechapel"
"LINESTRING (-0.038775 51.516,-0.062697 51.518154", "From Aston Street, Stepney to New Road 1 , Whitechapel"
"LINESTRING (-0.090847 51.525893,-0.062697 51.518154", "From Bath Street, St. Luke's to New Road 1 , Whitechapel"
"LINESTRING (-0.013258 51.528828,-0.062697 51.518154", "From Bromley High Street, Bow to New Road 1 , Whitechapel"
"LINESTRING (-0.021345 51.519265,-0.062697 51.518154", "From Furze Green, Bow to New Road 1 , Whitechapel"
"LINESTRING (-0.055312 51.52568,-0.062697 51.518154", "From Bethnal Green Garden, Bethnal Green to New Road 1 , Whitechapel"
"LINESTRING (-0.099489 51.524868,-0.062697 51.518154", "From Sadlers Sports Centre, Finsbury to New Road 1 , Whitechapel"
"LINESTRING (-0.077178 51.514449,-0.062697 51.518154", "From Houndsditch, Aldgate to New Road 1 , Whitechapel"
"LINESTRING (-0.099489 51.524868,-0.062697 51.518154", "From Sadlers Sports Centre, Finsbury to New Road 1 , Whitechapel"
"LINESTRING (-0.062697 51.518154,-0.062697 51.518154", "From New Road 1 , Whitechapel to New Road 1 , Whitechapel"
"LINESTRING (-0.079249 51.518908,-0.062697 51.518154", "From Brushfield Street, Liverpool Street to New Road 1 , Whitechapel"
"LINESTRING (-0.105312 51.504043,-0.062697 51.518154", "From Southwark Station 1, Southwark to New Road 1 , Whitechapel"
"LINESTRING (-0.0786 51.500647,-0.062697 51.518154", "From Tanner Street, Bermondsey to New Road 1 , Whitechapel"
"LINESTRING (-0.055167 51.508447,-0.062697 51.518154", "From Garnet Street, Shadwell to New Road 1 , Whitechapel"
"LINESTRING (-0.060291 51.535716,-0.062697 51.518154", "From Ada Street, Hackney Central to New Road 1 , Whitechapel"
"LINESTRING (-0.027772 51.505703,-0.062697 51.518154", "From Westferry Circus, Canary Wharf to New Road 1 , Whitechapel"
"LINESTRING (-0.069543 51.525645,-0.062697 51.518154", "From Granby Street, Shoreditch to New Road 1 , Whitechapel"
"LINESTRING (-0.073955 51.526293,-0.062697 51.518154", "From Palissy Street, Shoreditch to New Road 1 , Whitechapel"
"LINESTRING (-0.100168 51.530344,-0.062697 51.518154", "From City Road, Angel to New Road 1 , Whitechapel"
"LINESTRING (-0.110889 51.495718,-0.062697 51.518154", "From Kennington Road  , Vauxhall to New Road 1 , Whitechapel"
"LINESTRING (-0.079249 51.518908,-0.062697 51.518154", "From Brushfield Street, Liverpool Street to New Road 1 , Whitechapel"
"LINESTRING (-0.099994 51.522853,-0.062697 51.518154", "From Berry Street, Clerkenwell to New Road 1 , Whitechapel"
"LINESTRING (-0.063386 51.521905,-0.062697 51.518154", "From Selby Street, Whitechapel to New Road 1 , Whitechapel"
"LINESTRING (-0.131213 51.513103,-0.062697 51.518154", "From Frith Street, Soho to New Road 1 , Whitechapel"
"LINESTRING (-0.085634 51.520962,-0.062697 51.518154", "From Finsbury Square , Moorgate to New Road 1 , Whitechapel"
"LINESTRING (-0.073537 51.514233,-0.062697 51.518154", "From Braham Street, Aldgate to New Road 1 , Whitechapel"
"LINESTRING (-0.06142 51.532091,-0.062697 51.518154", "From Pritchard's Road, Bethnal Green to New Road 1 , Whitechapel"
"LINESTRING (-0.069542 51.512363,-0.062697 51.518154", "From Leman Street, Aldgate to New Road 1 , Whitechapel"
"LINESTRING (-0.075855 51.517475,-0.062697 51.518154", "From Bell Lane, Liverpool Street to New Road 1 , Whitechapel"
"LINESTRING (-0.065076 51.52388,-0.062697 51.518154", "From Cheshire Street, Bethnal Green to New Road 1 , Whitechapel"
"LINESTRING (-0.037471 51.528224,-0.062697 51.518154", "From Antill Road, Mile End to New Road 1 , Whitechapel"
"LINESTRING (-0.058681 51.506946,-0.062697 51.518154", "From Reardon Street, Wapping to New Road 1 , Whitechapel"
"LINESTRING (-0.071653 51.522617,-0.062697 51.518154", "From Brick Lane Market, Shoreditch to New Road 1 , Whitechapel"
"LINESTRING (-0.06555 51.528681,-0.062697 51.518154", "From Durant Street, Bethnal Green to New Road 1 , Whitechapel"
"LINESTRING (-0.049067 51.51563,-0.062697 51.518154", "From Aylward Street, Stepney to New Road 1 , Whitechapel"
"LINESTRING (-0.11655 51.51824,-0.062697 51.518154", "From Red Lion Street, Holborn to New Road 1 , Whitechapel"
"LINESTRING (-0.086685 51.517075,-0.153194 51.501352", "From Finsbury Circus, Liverpool Street to Grosvenor Crescent, Belgravia"
"LINESTRING (-0.123179 51.506543,-0.153194 51.501352", "From Whitehall Place, Strand to Grosvenor Crescent, Belgravia"
"LINESTRING (-0.168917 51.497056,-0.153194 51.501352", "From Holy Trinity Brompton, Knightsbridge to Grosvenor Crescent, Belgravia"
"LINESTRING (-0.126994 51.470732,-0.153194 51.501352", "From Clarence Walk, Stockwell to Grosvenor Crescent, Belgravia"
"LINESTRING (-0.205535 51.507481,-0.153194 51.501352", "From Lansdowne Road, Ladbroke Grove to Grosvenor Crescent, Belgravia"
"LINESTRING (-0.117661 51.482678,-0.153194 51.501352", "From Ashmole Estate, Oval to Grosvenor Crescent, Belgravia"
"LINESTRING (-0.161765 51.487964,-0.153194 51.501352", "From Ormonde Gate, Chelsea to Grosvenor Crescent, Belgravia"
"LINESTRING (-0.14296 51.497998,-0.153194 51.501352", "From Warwick Row, Westminster to Grosvenor Crescent, Belgravia"
"LINESTRING (-0.162418 51.490083,-0.153194 51.501352", "From Royal Avenue 2, Chelsea to Grosvenor Crescent, Belgravia"
"LINESTRING (-0.158264 51.514577,-0.166304 51.525051", "From Old Quebec Street, Marylebone to Mallory Street, Marylebone"
"LINESTRING (-0.145211 51.520715,-0.166304 51.525051", "From Portland Place, Marylebone to Mallory Street, Marylebone"
"LINESTRING (-0.147983 51.519167,-0.166304 51.525051", "From New Cavendish Street, Marylebone to Mallory Street, Marylebone"
"LINESTRING (-0.166304 51.525051,-0.166304 51.525051", "From Mallory Street, Marylebone to Mallory Street, Marylebone"
"LINESTRING (-0.169774 51.519968,-0.166304 51.525051", "From Edgware Road Station, Marylebone to Mallory Street, Marylebone"
"LINESTRING (-0.136039 51.519914,-0.166304 51.525051", "From Scala Street, Fitzrovia to Mallory Street, Marylebone"
"LINESTRING (-0.138231 51.525542,-0.166304 51.525051", "From Hampstead Road, Euston to Mallory Street, Marylebone"
"LINESTRING (-0.158264 51.514577,-0.166304 51.525051", "From Old Quebec Street, Marylebone to Mallory Street, Marylebone"
"LINESTRING (-0.145211 51.520715,-0.166304 51.525051", "From Portland Place, Marylebone to Mallory Street, Marylebone"
"LINESTRING (-0.174653 51.527294,-0.166304 51.525051", "From St. John's Wood Road, St. John's Wood to Mallory Street, Marylebone"
"LINESTRING (-0.160854 51.535892,-0.166304 51.525051", "From Prince Albert Road, The Regent's Park to Mallory Street, Marylebone"
"LINESTRING (-0.158264 51.514577,-0.166304 51.525051", "From Old Quebec Street, Marylebone to Mallory Street, Marylebone"
"LINESTRING (-0.153463 51.525367,-0.166304 51.525051", "From The Tennis Courts, The Regent's Park to Mallory Street, Marylebone"
"LINESTRING (-0.134621 51.507424,-0.166304 51.525051", "From St. James's Square, St. James's to Mallory Street, Marylebone"
"LINESTRING (-0.138019 51.524438,-0.166304 51.525051", "From Warren Street Station, Euston to Mallory Street, Marylebone"
"LINESTRING (-0.180246 51.501026,-0.166304 51.525051", "From Queen's Gate (North), Kensington to Mallory Street, Marylebone"
"LINESTRING (-0.145211 51.520715,-0.166304 51.525051", "From Portland Place, Marylebone to Mallory Street, Marylebone"
"LINESTRING (-0.178656 51.501432,-0.166304 51.525051", "From Kensington Gore, Knightsbridge to Mallory Street, Marylebone"
"LINESTRING (-0.14326 51.541007,-0.151926 51.516814", "From Hawley Crescent, Camden Town to Hinde Street, Marylebone"
"LINESTRING (-0.138019 51.524438,-0.151926 51.516814", "From Warren Street Station, Euston to Hinde Street, Marylebone"
"LINESTRING (-0.141423 51.514499,-0.151926 51.516814", "From Little Argyll Street, West End to Hinde Street, Marylebone"
"LINESTRING (-0.115533 51.504942,-0.151926 51.516814", "From Concert Hall Approach 2, South Bank to Hinde Street, Marylebone"
"LINESTRING (-0.183486 51.529857,-0.151926 51.516814", "From Maida Vale, Maida Vale to Hinde Street, Marylebone"
"LINESTRING (-0.165471 51.498884,-0.151926 51.516814", "From Montpelier Street, Knightsbridge to Hinde Street, Marylebone"
"LINESTRING (-0.121328 51.517606,-0.151926 51.516814", "From Southampton Place, Holborn to Hinde Street, Marylebone"
"LINESTRING (-0.179668 51.511654,-0.151926 51.516814", "From Lancaster Gate , Bayswater to Hinde Street, Marylebone"
"LINESTRING (-0.140485 51.519181,-0.151926 51.516814", "From Foley Street, Fitzrovia to Hinde Street, Marylebone"
"LINESTRING (-0.147154 51.537349,-0.151926 51.516814", "From Gloucester Avenue, Camden Town to Hinde Street, Marylebone"
"LINESTRING (-0.205921 51.511624,-0.151926 51.516814", "From Ladbroke Grove Central, Ladbroke Grove to Hinde Street, Marylebone"
"LINESTRING (-0.147714 51.483507,-0.151926 51.516814", "From Battersea Power Station, Battersea Park to Hinde Street, Marylebone"
"LINESTRING (-0.13151 51.509639,-0.151926 51.516814", "From Panton Street, West End to Hinde Street, Marylebone"
"LINESTRING (-0.165164 51.514746,-0.151926 51.516814", "From Porchester Place, Paddington to Hinde Street, Marylebone"
"LINESTRING (-0.17977 51.51348,-0.151926 51.516814", "From Devonshire Terrace, Bayswater to Hinde Street, Marylebone"
"LINESTRING (-0.117619 51.509943,-0.151926 51.516814", "From Somerset House, Strand to Hinde Street, Marylebone"
"LINESTRING (-0.142783 51.51196,-0.151926 51.516814", "From St. George Street, Mayfair to Hinde Street, Marylebone"
"LINESTRING (-0.099994 51.522853,-0.151926 51.516814", "From Berry Street, Clerkenwell to Hinde Street, Marylebone"
"LINESTRING (-0.134621 51.507424,-0.151926 51.516814", "From St. James's Square, St. James's to Hinde Street, Marylebone"
"LINESTRING (-0.163609 51.51809,-0.151926 51.516814", "From Shouldham Street, Marylebone to Hinde Street, Marylebone"
"LINESTRING (-0.147154 51.537349,-0.151926 51.516814", "From Gloucester Avenue, Camden Town to Hinde Street, Marylebone"
"LINESTRING (-0.170983 51.486892,-0.151926 51.516814", "From Manresa Road, Chelsea to Hinde Street, Marylebone"
"LINESTRING (-0.120202 51.523346,-0.151926 51.516814", "From Guilford Street , Bloomsbury to Hinde Street, Marylebone"
"LINESTRING (-0.183486 51.529857,-0.151926 51.516814", "From Maida Vale, Maida Vale to Hinde Street, Marylebone"
"LINESTRING (-0.165164 51.514746,-0.151926 51.516814", "From Porchester Place, Paddington to Hinde Street, Marylebone"
"LINESTRING (-0.209494 51.498157,-0.151926 51.516814", "From Kensington Olympia Station, Olympia to Hinde Street, Marylebone"
"LINESTRING (-0.151359 51.522008,-0.151926 51.516814", "From Beaumont Street, Marylebone to Hinde Street, Marylebone"
"LINESTRING (-0.194757 51.493343,-0.151926 51.516814", "From Nevern Place, Earl's Court to Hinde Street, Marylebone"
"LINESTRING (-0.14326 51.541007,-0.151926 51.516814", "From Hawley Crescent, Camden Town to Hinde Street, Marylebone"
"LINESTRING (-0.151359 51.522008,-0.151926 51.516814", "From Beaumont Street, Marylebone to Hinde Street, Marylebone"
"LINESTRING (-0.112824 51.503791,-0.151926 51.516814", "From Waterloo Station 3, Waterloo to Hinde Street, Marylebone"
"LINESTRING (-0.197609 51.483911,-0.151926 51.516814", "From Halford Road, West Kensington to Hinde Street, Marylebone"
"LINESTRING (-0.190393 51.490163,-0.151926 51.516814", "From Bramham Gardens, Earl's Court to Hinde Street, Marylebone"
"LINESTRING (-0.136052 51.527326,-0.151926 51.516814", "From Drummond Street , Euston to Hinde Street, Marylebone"
"LINESTRING (-0.13558 51.513684,-0.151926 51.516814", "From Broadwick Street, Soho to Hinde Street, Marylebone"
"LINESTRING (-0.193487 51.513735,-0.151926 51.516814", "From Hereford Road, Bayswater to Hinde Street, Marylebone"
"LINESTRING (-0.136052 51.527326,-0.151926 51.516814", "From Drummond Street , Euston to Hinde Street, Marylebone"
"LINESTRING (-0.131213 51.513103,-0.151926 51.516814", "From Frith Street, Soho to Hinde Street, Marylebone"
"LINESTRING (-0.163609 51.51809,-0.151926 51.516814", "From Shouldham Street, Marylebone to Hinde Street, Marylebone"
"LINESTRING (-0.131773 51.506633,-0.151926 51.516814", "From Waterloo Place, St. James's to Hinde Street, Marylebone"
"LINESTRING (-0.135025 51.518162,-0.151926 51.516814", "From Rathbone Street, Fitzrovia to Hinde Street, Marylebone"
"LINESTRING (-0.153463 51.525367,-0.151926 51.516814", "From The Tennis Courts, The Regent's Park to Hinde Street, Marylebone"
"LINESTRING (-0.162298 51.522511,-0.151926 51.516814", "From Boston Place, Marylebone to Hinde Street, Marylebone"
"LINESTRING (-0.191496 51.503157,-0.151926 51.516814", "From Kensington Church Street, Kensington to Hinde Street, Marylebone"
"LINESTRING (-0.106992 51.534504,-0.151926 51.516814", "From Liverpool Road (N1 Centre), Angel to Hinde Street, Marylebone"
"LINESTRING (-0.207842 51.471079,-0.151926 51.516814", "From Elysium Place, Fulham to Hinde Street, Marylebone"
"LINESTRING (-0.124678 51.51908,-0.151926 51.516814", "From British Museum, Bloomsbury to Hinde Street, Marylebone"
"LINESTRING (-0.151926 51.516814,-0.151926 51.516814", "From Hinde Street, Marylebone to Hinde Street, Marylebone"
"LINESTRING (-0.153463 51.525367,-0.151926 51.516814", "From The Tennis Courts, The Regent's Park to Hinde Street, Marylebone"
"LINESTRING (-0.123616 51.529943,-0.151926 51.516814", "From Belgrove Street , King's Cross to Hinde Street, Marylebone"
"LINESTRING (-0.078505 51.53095,-0.151926 51.516814", "From Falkirk Street, Hoxton to Hinde Street, Marylebone"
"LINESTRING (-0.13151 51.509639,-0.151926 51.516814", "From Panton Street, West End to Hinde Street, Marylebone"
"LINESTRING (-0.132328 51.515631,-0.151926 51.516814", "From Soho Square , Soho to Hinde Street, Marylebone"
"LINESTRING (-0.116542 51.504636,-0.151926 51.516814", "From Jubilee Gardens, South Bank to Hinde Street, Marylebone"
"LINESTRING (-0.17581 51.517335,-0.151926 51.516814", "From South Wharf Road, Paddington to Hinde Street, Marylebone"
"LINESTRING (-0.13151 51.509639,-0.151926 51.516814", "From Panton Street, West End to Hinde Street, Marylebone"
"LINESTRING (-0.179135 51.516417,-0.151926 51.516814", "From Eastbourne Mews, Paddington to Hinde Street, Marylebone"
"LINESTRING (-0.165842 51.522029,-0.151926 51.516814", "From Bell Street , Marylebone to Hinde Street, Marylebone"
"LINESTRING (-0.156166 51.518913,-0.151926 51.516814", "From Baker Street, Marylebone to Hinde Street, Marylebone"
"LINESTRING (-0.110121 51.488105,-0.151926 51.516814", "From Cleaver Street, Kennington to Hinde Street, Marylebone"
"LINESTRING (-0.08066 51.514225,-0.151926 51.516814", "From St. Mary Axe, Aldgate to Hinde Street, Marylebone"
"LINESTRING (-0.125972 51.49764,-0.158105 51.494645", "From Abingdon Green, Westminster to Cadogan Place, Knightsbridge"
"LINESTRING (-0.127575 51.495805,-0.158105 51.494645", "From Smith Square, Westminster to Cadogan Place, Knightsbridge"
"LINESTRING (-0.165164 51.514746,-0.158105 51.494645", "From Porchester Place, Paddington to Cadogan Place, Knightsbridge"
"LINESTRING (-0.187402 51.51031,-0.158105 51.494645", "From Queensway, Kensington Gardens to Cadogan Place, Knightsbridge"
"LINESTRING (-0.19024 51.515529,-0.158105 51.494645", "From Westbourne Grove, Bayswater to Cadogan Place, Knightsbridge"
"LINESTRING (-0.147449 51.509351,-0.158105 51.494645", "From Farm Street, Mayfair to Cadogan Place, Knightsbridge"
"LINESTRING (-0.149569 51.50274,-0.158105 51.494645", "From Wellington Arch, Hyde Park to Cadogan Place, Knightsbridge"
"LINESTRING (-0.191496 51.503157,-0.158105 51.494645", "From Kensington Church Street, Kensington to Cadogan Place, Knightsbridge"
"LINESTRING (-0.180274 51.481805,-0.158105 51.494645", "From World's End Place, West Chelsea to Cadogan Place, Knightsbridge"
"LINESTRING (-0.155525 51.516204,-0.158105 51.494645", "From Portman Square, Marylebone to Cadogan Place, Knightsbridge"
"LINESTRING (-0.161765 51.487964,-0.158105 51.494645", "From Ormonde Gate, Chelsea to Cadogan Place, Knightsbridge"
"LINESTRING (-0.204764 51.519042,-0.158105 51.494645", "From All Saints' Road, Portobello to Cadogan Place, Knightsbridge"
"LINESTRING (-0.171103 51.518268,-0.158105 51.494645", "From St Mary's Hospital, Paddington to Cadogan Place, Knightsbridge"
"LINESTRING (-0.147449 51.509351,-0.158105 51.494645", "From Farm Street, Mayfair to Cadogan Place, Knightsbridge"
"LINESTRING (-0.142844 51.506613,-0.158105 51.494645", "From Green Park Station, Mayfair to Cadogan Place, Knightsbridge"
"LINESTRING (-0.130699 51.50777,-0.158105 51.494645", "From Pall Mall East, West End to Cadogan Place, Knightsbridge"
"LINESTRING (-0.110699 51.501444,-0.158105 51.494645", "From Baylis Road, Waterloo to Cadogan Place, Knightsbridge"
"LINESTRING (-0.175116 51.523353,-0.158105 51.494645", "From Frampton Street, Paddington to Cadogan Place, Knightsbridge"
"LINESTRING (-0.183853 51.480898,-0.158105 51.494645", "From Thorndike Close, West Chelsea to Cadogan Place, Knightsbridge"
"LINESTRING (-0.133201 51.512515,-0.158105 51.494645", "From Wardour Street, Soho to Cadogan Place, Knightsbridge"
"LINESTRING (-0.18697 51.51616,-0.158105 51.494645", "From Bishop's Bridge Road West, Bayswater to Cadogan Place, Knightsbridge"
"LINESTRING (-0.179135 51.516417,-0.158105 51.494645", "From Eastbourne Mews, Paddington to Cadogan Place, Knightsbridge"
"LINESTRING (-0.187402 51.51031,-0.158105 51.494645", "From Queensway, Kensington Gardens to Cadogan Place, Knightsbridge"
"LINESTRING (-0.179135 51.516417,-0.158105 51.494645", "From Eastbourne Mews, Paddington to Cadogan Place, Knightsbridge"
"LINESTRING (-0.162298 51.522511,-0.158105 51.494645", "From Boston Place, Marylebone to Cadogan Place, Knightsbridge"
"LINESTRING (-0.168917 51.497056,-0.158105 51.494645", "From Holy Trinity Brompton, Knightsbridge to Cadogan Place, Knightsbridge"
"LINESTRING (-0.187278 51.475142,-0.158105 51.494645", "From Imperial Road, Sands End to Cadogan Place, Knightsbridge"
"LINESTRING (-0.091938 51.492807,-0.158105 51.494645", "From Victory Place, Walworth to Cadogan Place, Knightsbridge"
"LINESTRING (-0.162298 51.522511,-0.158105 51.494645", "From Boston Place, Marylebone to Cadogan Place, Knightsbridge"
"LINESTRING (-0.15352 51.503117,-0.158105 51.494645", "From Hyde Park Corner, Hyde Park to Cadogan Place, Knightsbridge"
"LINESTRING (-0.180274 51.481805,-0.158105 51.494645", "From World's End Place, West Chelsea to Cadogan Place, Knightsbridge"
"LINESTRING (-0.174971 51.485121,-0.158105 51.494645", "From The Vale, Chelsea to Cadogan Place, Knightsbridge"
"LINESTRING (-0.145827 51.507326,-0.158105 51.494645", "From Clarges Street, Mayfair to Cadogan Place, Knightsbridge"
"LINESTRING (-0.136123 51.482362,-0.158105 51.494645", "From Riverlight North, Nine Elms to Cadogan Place, Knightsbridge"
"LINESTRING (-0.17581 51.517335,-0.158105 51.494645", "From South Wharf Road, Paddington to Cadogan Place, Knightsbridge"
"LINESTRING (-0.147624 51.49395,-0.158105 51.494645", "From Eccleston Place, Victoria to Cadogan Place, Knightsbridge"
"LINESTRING (-0.157275 51.510017,-0.158105 51.494645", "From Park Lane , Hyde Park to Cadogan Place, Knightsbridge"
"LINESTRING (-0.208565 51.515108,-0.158105 51.494645", "From Blenheim Crescent, Ladbroke Grove to Cadogan Place, Knightsbridge"
"LINESTRING (-0.149004 51.485821,-0.158105 51.494645", "From Chelsea Bridge, Pimlico to Cadogan Place, Knightsbridge"
"LINESTRING (-0.157788 51.465123,-0.158105 51.494645", "From Sugden Road, Clapham to Cadogan Place, Knightsbridge"
"LINESTRING (-0.179668 51.511654,-0.158105 51.494645", "From Lancaster Gate , Bayswater to Cadogan Place, Knightsbridge"
"LINESTRING (-0.162298 51.522511,-0.158105 51.494645", "From Boston Place, Marylebone to Cadogan Place, Knightsbridge"
"LINESTRING (-0.215895 51.476885,-0.158105 51.494645", "From Finlay Street, Fulham to Cadogan Place, Knightsbridge"
"LINESTRING (-0.216016 51.509224,-0.199004 51.506584", "From Rifle Place, Avondale to Campden Hill Road, Notting Hill"
"LINESTRING (-0.197574 51.499606,-0.199004 51.506584", "From Phillimore Gardens, Kensington to Campden Hill Road, Notting Hill"
"LINESTRING (-0.197574 51.499606,-0.199004 51.506584", "From Phillimore Gardens, Kensington to Campden Hill Road, Notting Hill"
"LINESTRING (-0.197574 51.499606,-0.199004 51.506584", "From Phillimore Gardens, Kensington to Campden Hill Road, Notting Hill"
"LINESTRING (-0.178732 51.493967,-0.199004 51.506584", "From Queen's Gate (Central), South Kensington to Campden Hill Road, Notting Hill"
"LINESTRING (-0.192538 51.504723,-0.199004 51.506584", "From Vicarage Gate, Kensington to Campden Hill Road, Notting Hill"
"LINESTRING (-0.183118 51.515607,-0.199004 51.506584", "From Cleveland Gardens, Bayswater to Campden Hill Road, Notting Hill"
"LINESTRING (-0.155525 51.516204,-0.199004 51.506584", "From Portman Square, Marylebone to Campden Hill Road, Notting Hill"
"LINESTRING (-0.197574 51.499606,-0.199004 51.506584", "From Phillimore Gardens, Kensington to Campden Hill Road, Notting Hill"
"LINESTRING (-0.149569 51.50274,-0.149569 51.50274", "From Wellington Arch, Hyde Park to Wellington Arch, Hyde Park"
"LINESTRING (-0.218337 51.506256,-0.149569 51.50274", "From Westfield Southern Terrace ,Shepherd's Bush to Wellington Arch, Hyde Park"
"LINESTRING (-0.161203 51.496886,-0.149569 51.50274", "From Pont Street, Knightsbridge to Wellington Arch, Hyde Park"
"LINESTRING (-0.08497 51.50964,-0.149569 51.50274", "From Monument Street, Monument to Wellington Arch, Hyde Park"
"LINESTRING (-0.124469 51.485917,-0.149569 51.50274", "From Vauxhall Cross, Vauxhall to Wellington Arch, Hyde Park"
"LINESTRING (-0.129697 51.509087,-0.149569 51.50274", "From St. Martin's Street, West End to Wellington Arch, Hyde Park"
"LINESTRING (-0.115533 51.504942,-0.149569 51.50274", "From Concert Hall Approach 2, South Bank to Wellington Arch, Hyde Park"
"LINESTRING (-0.104778 51.504044,-0.149569 51.50274", "From Southwark Station 2, Southwark to Wellington Arch, Hyde Park"
"LINESTRING (-0.179592 51.525575,-0.149569 51.50274", "From Clifton Road, Maida Vale to Wellington Arch, Hyde Park"
"LINESTRING (-0.236769 51.494223,-0.149569 51.50274", "From Ravenscourt Park Station, Hammersmith to Wellington Arch, Hyde Park"
"LINESTRING (-0.130699 51.50777,-0.149569 51.50274", "From Pall Mall East, West End to Wellington Arch, Hyde Park"
"LINESTRING (-0.113426 51.503919,-0.149569 51.50274", "From Waterloo Station 2, Waterloo to Wellington Arch, Hyde Park"
"LINESTRING (-0.083935 51.520009,-0.149569 51.50274", "From Sun Street, Liverpool Street to Wellington Arch, Hyde Park"
"LINESTRING (-0.142844 51.506613,-0.149569 51.50274", "From Green Park Station, Mayfair to Wellington Arch, Hyde Park"
"LINESTRING (-0.165668 51.524561,-0.149569 51.50274", "From Broadley Terrace, Marylebone to Wellington Arch, Hyde Park"
"LINESTRING (-0.135478 51.495827,-0.149569 51.50274", "From Rochester Row, Westminster to Wellington Arch, Hyde Park"
"LINESTRING (-0.101384 51.49652,-0.149569 51.50274", "From Ontario Street, Elephant & Castle to Wellington Arch, Hyde Park"
"LINESTRING (-0.134234 51.494591,-0.149569 51.50274", "From Greycoat Street , Westminster to Wellington Arch, Hyde Park"
"LINESTRING (-0.197524 51.511084,-0.149569 51.50274", "From Pembridge Villas, Notting Hill to Wellington Arch, Hyde Park"
"LINESTRING (-0.131773 51.506633,-0.149569 51.50274", "From Waterloo Place, St. James's to Wellington Arch, Hyde Park"
"LINESTRING (-0.083632 51.502153,-0.149569 51.50274", "From Snowsfields, London Bridge to Wellington Arch, Hyde Park"
"LINESTRING (-0.213872 51.51687,-0.149569 51.50274", "From St. Mark's Road, North Kensington to Wellington Arch, Hyde Park"
"LINESTRING (-0.110889 51.495718,-0.149569 51.50274", "From Kennington Road  , Vauxhall to Wellington Arch, Hyde Park"
"LINESTRING (-0.188098 51.517919,-0.149569 51.50274", "From Gloucester Terrace, Bayswater to Wellington Arch, Hyde Park"
"LINESTRING (-0.138733 51.496753,-0.149569 51.50274", "From Howick Place, Westminster to Wellington Arch, Hyde Park"
"LINESTRING (-0.129698 51.500703,-0.149569 51.50274", "From Storey's Gate, Westminster to Wellington Arch, Hyde Park"
"LINESTRING (-0.129697 51.509087,-0.149569 51.50274", "From St. Martin's Street, West End to Wellington Arch, Hyde Park"
"LINESTRING (-0.149569 51.50274,-0.149569 51.50274", "From Wellington Arch, Hyde Park to Wellington Arch, Hyde Park"
"LINESTRING (-0.158456 51.502953,-0.149569 51.50274", "From Albert Gate, Hyde Park to Wellington Arch, Hyde Park"
"LINESTRING (-0.09022 51.491484,-0.149569 51.50274", "From Rodney Road , Walworth to Wellington Arch, Hyde Park"
"LINESTRING (-0.195777 51.479463,-0.149569 51.50274", "From Erin Close, Walham Green to Wellington Arch, Hyde Park"
"LINESTRING (-0.190393 51.490163,-0.149569 51.50274", "From Bramham Gardens, Earl's Court to Wellington Arch, Hyde Park"
"LINESTRING (-0.13544 51.497829,-0.149569 51.50274", "From Butler Place, Westminster to Wellington Arch, Hyde Park"
"LINESTRING (-0.13011 51.513527,-0.149569 51.50274", "From Moor Street, Soho to Wellington Arch, Hyde Park"
"LINESTRING (-0.105344 51.515059,-0.149569 51.50274", "From St. Bride Street, Holborn to Wellington Arch, Hyde Park"
"LINESTRING (-0.209494 51.498157,-0.149569 51.50274", "From Kensington Olympia Station, Olympia to Wellington Arch, Hyde Park"
"LINESTRING (-0.131773 51.506633,-0.149569 51.50274", "From Waterloo Place, St. James's to Wellington Arch, Hyde Park"
"LINESTRING (-0.209378 51.489591,-0.149569 51.50274", "From Vereker Road, West Kensington to Wellington Arch, Hyde Park"
"LINESTRING (-0.134234 51.494591,-0.149569 51.50274", "From Greycoat Street , Westminster to Wellington Arch, Hyde Park"
"LINESTRING (-0.149569 51.50274,-0.149569 51.50274", "From Wellington Arch, Hyde Park to Wellington Arch, Hyde Park"
"LINESTRING (-0.214428 51.486062,-0.149569 51.50274", "From Greyhound Road, Hammersmith to Wellington Arch, Hyde Park"
"LINESTRING (-0.085634 51.520962,-0.149569 51.50274", "From Finsbury Square , Moorgate to Wellington Arch, Hyde Park"
"LINESTRING (-0.126021 51.508103,-0.149569 51.50274", "From Craven Street, Strand to Wellington Arch, Hyde Park"
"LINESTRING (-0.13011 51.513527,-0.149569 51.50274", "From Moor Street, Soho to Wellington Arch, Hyde Park"
"LINESTRING (-0.224103 51.509158,-0.149569 51.50274", "From Westfield Ariel Way, White City to Wellington Arch, Hyde Park"
"LINESTRING (-0.14296 51.497998,-0.149569 51.50274", "From Warwick Row, Westminster to Wellington Arch, Hyde Park"
"LINESTRING (-0.149569 51.50274,-0.149569 51.50274", "From Wellington Arch, Hyde Park to Wellington Arch, Hyde Park"
"LINESTRING (-0.129698 51.500703,-0.149569 51.50274", "From Storey's Gate, Westminster to Wellington Arch, Hyde Park"
"LINESTRING (-0.113864 51.504027,-0.149569 51.50274", "From Waterloo Station 1, Waterloo to Wellington Arch, Hyde Park"
"LINESTRING (-0.129698 51.500703,-0.149569 51.50274", "From Storey's Gate, Westminster to Wellington Arch, Hyde Park"
"LINESTRING (-0.083935 51.520009,-0.149569 51.50274", "From Sun Street, Liverpool Street to Wellington Arch, Hyde Park"
"LINESTRING (-0.113426 51.503919,-0.149569 51.50274", "From Waterloo Station 2, Waterloo to Wellington Arch, Hyde Park"
"LINESTRING (-0.214428 51.486062,-0.149569 51.50274", "From Greyhound Road, Hammersmith to Wellington Arch, Hyde Park"
"LINESTRING (-0.208486 51.506465,-0.149569 51.50274", "From Princedale Road , Holland Park to Wellington Arch, Hyde Park"
"LINESTRING (-0.114934 51.49288,-0.149569 51.50274", "From Lollard Street, Vauxhall to Wellington Arch, Hyde Park"
"LINESTRING (-0.092754 51.505974,-0.149569 51.50274", "From Park Street, Bankside to Wellington Arch, Hyde Park"
"LINESTRING (-0.207842 51.471079,-0.149569 51.50274", "From Elysium Place, Fulham to Wellington Arch, Hyde Park"
"LINESTRING (-0.116628 51.500089,-0.149569 51.50274", "From Lambeth Palace Road, Waterloo to Wellington Arch, Hyde Park"
"LINESTRING (-0.104724 51.52836,-0.149569 51.50274", "From St. John Street, Finsbury to Wellington Arch, Hyde Park"
"LINESTRING (-0.179135 51.516417,-0.149569 51.50274", "From Eastbourne Mews, Paddington to Wellington Arch, Hyde Park"
"LINESTRING (-0.142844 51.506613,-0.149569 51.50274", "From Green Park Station, Mayfair to Wellington Arch, Hyde Park"
"LINESTRING (-0.14296 51.497998,-0.149569 51.50274", "From Warwick Row, Westminster to Wellington Arch, Hyde Park"
"LINESTRING (-0.178433 51.492479,-0.149569 51.50274", "From Queen's Gate (South), South Kensington to Wellington Arch, Hyde Park"
"LINESTRING (-0.149569 51.50274,-0.149569 51.50274", "From Wellington Arch, Hyde Park to Wellington Arch, Hyde Park"
"LINESTRING (-0.149569 51.50274,-0.149569 51.50274", "From Wellington Arch, Hyde Park to Wellington Arch, Hyde Park"
"LINESTRING (-0.06415 51.51295,-0.149569 51.50274", "From Christian Street, Whitechapel to Wellington Arch, Hyde Park"
"LINESTRING (-0.113426 51.503919,-0.149569 51.50274", "From Waterloo Station 2, Waterloo to Wellington Arch, Hyde Park"
"LINESTRING (-0.149569 51.50274,-0.149569 51.50274", "From Wellington Arch, Hyde Park to Wellington Arch, Hyde Park"
"LINESTRING (-0.216305 51.483356,-0.149569 51.50274", "From Everington Street, Fulham to Wellington Arch, Hyde Park"
"LINESTRING (-0.131773 51.506633,-0.149569 51.50274", "From Waterloo Place, St. James's to Wellington Arch, Hyde Park"
"LINESTRING (-0.17581 51.517335,-0.149569 51.50274", "From South Wharf Road, Paddington to Wellington Arch, Hyde Park"
"LINESTRING (-0.129698 51.500703,-0.149569 51.50274", "From Storey's Gate, Westminster to Wellington Arch, Hyde Park"
"LINESTRING (-0.188098 51.517919,-0.149569 51.50274", "From Gloucester Terrace, Bayswater to Wellington Arch, Hyde Park"
"LINESTRING (-0.067937 51.51793,-0.149569 51.50274", "From Old Montague Street, Whitechapel to Wellington Arch, Hyde Park"
"LINESTRING (-0.077121 51.511594,-0.149569 51.50274", "From Crosswall, Tower to Wellington Arch, Hyde Park"
"LINESTRING (-0.134234 51.494591,-0.149569 51.50274", "From Greycoat Street , Westminster to Wellington Arch, Hyde Park"
"LINESTRING (-0.104778 51.504044,-0.149569 51.50274", "From Southwark Station 2, Southwark to Wellington Arch, Hyde Park"
"LINESTRING (-0.113426 51.503919,-0.149569 51.50274", "From Waterloo Station 2, Waterloo to Wellington Arch, Hyde Park"
"LINESTRING (-0.126021 51.508103,-0.149569 51.50274", "From Craven Street, Strand to Wellington Arch, Hyde Park"
"LINESTRING (-0.183486 51.529857,-0.149569 51.50274", "From Maida Vale, Maida Vale to Wellington Arch, Hyde Park"
"LINESTRING (-0.130699 51.50777,-0.149569 51.50274", "From Pall Mall East, West End to Wellington Arch, Hyde Park"
"LINESTRING (-0.18498 51.501737,-0.149569 51.50274", "From De Vere Gardens, Kensington to Wellington Arch, Hyde Park"
"LINESTRING (-0.188098 51.517919,-0.149569 51.50274", "From Gloucester Terrace, Bayswater to Wellington Arch, Hyde Park"
"LINESTRING (-0.113426 51.503919,-0.149569 51.50274", "From Waterloo Station 2, Waterloo to Wellington Arch, Hyde Park"
"LINESTRING (-0.101536 51.49217,-0.149569 51.50274", "From Hampton Street, Walworth to Wellington Arch, Hyde Park"
"LINESTRING (-0.113426 51.503919,-0.149569 51.50274", "From Waterloo Station 2, Waterloo to Wellington Arch, Hyde Park"
"LINESTRING (-0.130699 51.50777,-0.149569 51.50274", "From Pall Mall East, West End to Wellington Arch, Hyde Park"
"LINESTRING (-0.176267 51.472876,-0.149569 51.50274", "From Vicarage Crescent, Battersea to Wellington Arch, Hyde Park"
"LINESTRING (-0.138072 51.517344,-0.130504 51.526838", "From Wells Street, Fitzrovia to Endsleigh Gardens, Euston"
"LINESTRING (-0.094934 51.522954,-0.130504 51.526838", "From Roscoe Street, St. Luke's to Endsleigh Gardens, Euston"
"LINESTRING (-0.122502 51.523951,-0.130504 51.526838", "From Brunswick Square, Bloomsbury to Endsleigh Gardens, Euston"
"LINESTRING (-0.082989 51.510484,-0.130504 51.526838", "From Great Tower Street, Monument to Endsleigh Gardens, Euston"
"LINESTRING (-0.104778 51.504044,-0.130504 51.526838", "From Southwark Station 2, Southwark to Endsleigh Gardens, Euston"
"LINESTRING (-0.079249 51.518908,-0.130504 51.526838", "From Brushfield Street, Liverpool Street to Endsleigh Gardens, Euston"
"LINESTRING (-0.122219 51.51477,-0.130504 51.526838", "From Drury Lane, Covent Garden to Endsleigh Gardens, Euston"
"LINESTRING (-0.159322 51.461343,-0.130504 51.526838", "From Clapham Common North Side, Clapham Common to Endsleigh Gardens, Euston"
"LINESTRING (-0.123616 51.529943,-0.130504 51.526838", "From Belgrove Street , King's Cross to Endsleigh Gardens, Euston"
"LINESTRING (-0.097122 51.529423,-0.130504 51.526838", "From Macclesfield Rd, St Lukes to Endsleigh Gardens, Euston"
"LINESTRING (-0.125441 51.541596,-0.130504 51.526838", "From York Way, Kings Cross to Endsleigh Gardens, Euston"
"LINESTRING (-0.122219 51.51477,-0.130504 51.526838", "From Drury Lane, Covent Garden to Endsleigh Gardens, Euston"
"LINESTRING (-0.087587 51.514441,-0.130504 51.526838", "From Bank of England Museum, Bank to Endsleigh Gardens, Euston"
"LINESTRING (-0.082422 51.516154,-0.130504 51.526838", "From Wormwood Street, Liverpool Street to Endsleigh Gardens, Euston"
"LINESTRING (-0.117069 51.53136,-0.130504 51.526838", "From Calshot Street , King's Cross to Endsleigh Gardens, Euston"
"LINESTRING (-0.069743 51.528222,-0.130504 51.526838", "From Wellington Row, Bethnal Green to Endsleigh Gardens, Euston"
"LINESTRING (-0.112824 51.503791,-0.130504 51.526838", "From Waterloo Station 3, Waterloo to Endsleigh Gardens, Euston"
"LINESTRING (-0.133952 51.536264,-0.130504 51.526838", "From Royal College Street, Camden Town to Endsleigh Gardens, Euston"
"LINESTRING (-0.133952 51.536264,-0.130504 51.526838", "From Royal College Street, Camden Town to Endsleigh Gardens, Euston"
"LINESTRING (-0.108657 51.51795,-0.130504 51.526838", "From Holborn Circus, Holborn to Endsleigh Gardens, Euston"
"LINESTRING (-0.096191 51.498597,-0.130504 51.526838", "From Harper Road, The Borough to Endsleigh Gardens, Euston"
"LINESTRING (-0.084605 51.521283,-0.130504 51.526838", "From Christopher Street, Liverpool Street to Endsleigh Gardens, Euston"
"LINESTRING (-0.105344 51.515059,-0.130504 51.526838", "From St. Bride Street, Holborn to Endsleigh Gardens, Euston"
"LINESTRING (-0.121328 51.517606,-0.130504 51.526838", "From Southampton Place, Holborn to Endsleigh Gardens, Euston"
"LINESTRING (-0.103078 51.511934,-0.130504 51.526838", "From Blackfriars Station, St. Paul's to Endsleigh Gardens, Euston"
"LINESTRING (-0.117974 51.494881,-0.130504 51.526838", "From Lambeth Road, Vauxhall to Endsleigh Gardens, Euston"
"LINESTRING (-0.099141 51.512484,-0.130504 51.526838", "From Godliman Street, St. Paul's to Endsleigh Gardens, Euston"
"LINESTRING (-0.104708 51.52326,-0.130504 51.526838", "From Clerkenwell Green, Clerkenwell to Endsleigh Gardens, Euston"
"LINESTRING (-0.135777 51.51953,-0.130504 51.526838", "From Charlotte Street, Fitzrovia to Endsleigh Gardens, Euston"
"LINESTRING (-0.11934 51.531066,-0.130504 51.526838", "From Northdown Street, King's Cross to Endsleigh Gardens, Euston"
"LINESTRING (-0.09294 51.51397,-0.130504 51.526838", "From Cheapside, Bank to Endsleigh Gardens, Euston"
"LINESTRING (-0.125441 51.541596,-0.130504 51.526838", "From York Way, Kings Cross to Endsleigh Gardens, Euston"
"LINESTRING (-0.130699 51.50777,-0.130504 51.526838", "From Pall Mall East, West End to Endsleigh Gardens, Euston"
"LINESTRING (-0.133952 51.536264,-0.130504 51.526838", "From Royal College Street, Camden Town to Endsleigh Gardens, Euston"
"LINESTRING (-0.122299 51.530199,-0.130504 51.526838", "From Birkenhead Street, King's Cross to Endsleigh Gardens, Euston"
"LINESTRING (-0.106992 51.534504,-0.130504 51.526838", "From Liverpool Road (N1 Centre), Angel to Endsleigh Gardens, Euston"
"LINESTRING (-0.122219 51.51477,-0.130504 51.526838", "From Drury Lane, Covent Garden to Endsleigh Gardens, Euston"
"LINESTRING (-0.143613 51.523518,-0.130504 51.526838", "From Bolsover Street, Fitzrovia to Endsleigh Gardens, Euston"
"LINESTRING (-0.054883 51.522561,-0.130504 51.526838", "From Cephas Street, Bethnal Green to Endsleigh Gardens, Euston"
"LINESTRING (-0.128279 51.5293,-0.130504 51.526838", "From Ossulston Street, Somers Town to Endsleigh Gardens, Euston"
"LINESTRING (-0.139174 51.533019,-0.130504 51.526838", "From Harrington Square 1, Camden Town to Endsleigh Gardens, Euston"
"LINESTRING (-0.109256 51.526443,-0.130504 51.526838", "From Tysoe Street, Clerkenwell to Endsleigh Gardens, Euston"
"LINESTRING (-0.122219 51.51477,-0.130504 51.526838", "From Drury Lane, Covent Garden to Endsleigh Gardens, Euston"
"LINESTRING (-0.138853 51.541603,-0.130504 51.526838", "From Bonny Street, Camden Town to Endsleigh Gardens, Euston"
"LINESTRING (-0.132328 51.515631,-0.130504 51.526838", "From Soho Square , Soho to Endsleigh Gardens, Euston"
"LINESTRING (-0.122299 51.530199,-0.130504 51.526838", "From Birkenhead Street, King's Cross to Endsleigh Gardens, Euston"
"LINESTRING (-0.094524 51.500694,-0.130504 51.526838", "From Borough High Street, The Borough to Endsleigh Gardens, Euston"
"LINESTRING (-0.105344 51.515059,-0.130504 51.526838", "From St. Bride Street, Holborn to Endsleigh Gardens, Euston"
"LINESTRING (-0.10044 51.498898,-0.088285 51.519069", "From Borough Road, Elephant & Castle to Moorfields, Moorgate"
"LINESTRING (-0.065076 51.52388,-0.088285 51.519069", "From Cheshire Street, Bethnal Green to Moorfields, Moorgate"
"LINESTRING (-0.084439 51.524696,-0.088285 51.519069", "From Leonard Circus , Shoreditch to Moorfields, Moorgate"
"LINESTRING (-0.111606 51.505569,-0.088285 51.519069", "From Stamford Street, South Bank to Moorfields, Moorgate"
"LINESTRING (-0.100292 51.501732,-0.088285 51.519069", "From Great Suffolk Street, The Borough to Moorfields, Moorgate"
"LINESTRING (-0.087262 51.506304,-0.088285 51.519069", "From Duke Street Hill, London Bridge to Moorfields, Moorgate"
"LINESTRING (-0.098497 51.503688,-0.088285 51.519069", "From Union Street, The Borough to Moorfields, Moorgate"
"LINESTRING (-0.082422 51.516154,-0.088285 51.519069", "From Wormwood Street, Liverpool Street to Moorfields, Moorgate"
"LINESTRING (-0.13225 51.528833,-0.088285 51.519069", "From Doric Way , Somers Town to Moorfields, Moorgate"
"LINESTRING (-0.10527 51.515809,-0.088285 51.519069", "From Stonecutter Street, Holborn to Moorfields, Moorgate"
"LINESTRING (-0.09315 51.53356,-0.088285 51.519069", "From Eagle Wharf Road, Hoxton to Moorfields, Moorgate"
"LINESTRING (-0.113864 51.504027,-0.088285 51.519069", "From Waterloo Station 1, Waterloo to Moorfields, Moorgate"
"LINESTRING (-0.054883 51.522561,-0.088285 51.519069", "From Cephas Street, Bethnal Green to Moorfields, Moorgate"
"LINESTRING (-0.055656 51.514222,-0.088285 51.519069", "From Watney Market, Stepney to Moorfields, Moorgate"
"LINESTRING (-0.106323 51.490757,-0.088285 51.519069", "From Cotton Garden Estate, Kennington to Moorfields, Moorgate"
"LINESTRING (-0.115533 51.504942,-0.088285 51.519069", "From Concert Hall Approach 2, South Bank to Moorfields, Moorgate"
"LINESTRING (-0.0786 51.500647,-0.088285 51.519069", "From Tanner Street, Bermondsey to Moorfields, Moorgate"
"LINESTRING (-0.075885 51.536585,-0.088285 51.519069", "From Dunston Road , Haggerston to Moorfields, Moorgate"
"LINESTRING (-0.120202 51.523346,-0.088285 51.519069", "From Guilford Street , Bloomsbury to Moorfields, Moorgate"
"LINESTRING (-0.113864 51.504027,-0.088285 51.519069", "From Waterloo Station 1, Waterloo to Moorfields, Moorgate"
"LINESTRING (-0.09315 51.53356,-0.088285 51.519069", "From Eagle Wharf Road, Hoxton to Moorfields, Moorgate"
"LINESTRING (-0.096518 51.491327,-0.088285 51.519069", "From Walworth Square, Walworth to Moorfields, Moorgate"
"LINESTRING (-0.09315 51.53356,-0.088285 51.519069", "From Eagle Wharf Road, Hoxton to Moorfields, Moorgate"
"LINESTRING (-0.112824 51.503791,-0.088285 51.519069", "From Waterloo Station 3, Waterloo to Moorfields, Moorgate"
"LINESTRING (-0.139956 51.493573,-0.088285 51.519069", "From Queen Mother Sports Centre, Victoria to Moorfields, Moorgate"
"LINESTRING (-0.125972 51.49764,-0.088285 51.519069", "From Abingdon Green, Westminster to Moorfields, Moorgate"
"LINESTRING (-0.099981 51.532661,-0.088285 51.519069", "From Graham Street, Angel to Moorfields, Moorgate"
"LINESTRING (-0.09294 51.511553,-0.088285 51.519069", "From Queen Street 1, Bank to Moorfields, Moorgate"
"LINESTRING (-0.09294 51.51397,-0.088285 51.519069", "From Cheapside, Bank to Moorfields, Moorgate"
"LINESTRING (-0.079249 51.518908,-0.088285 51.519069", "From Brushfield Street, Liverpool Street to Moorfields, Moorgate"
"LINESTRING (-0.038986 51.512871,-0.088285 51.519069", "From Flamborough Street, Limehouse to Moorfields, Moorgate"
"LINESTRING (-0.09294 51.51397,-0.088285 51.519069", "From Cheapside, Bank to Moorfields, Moorgate"
"LINESTRING (-0.112824 51.503791,-0.088285 51.519069", "From Waterloo Station 3, Waterloo to Moorfields, Moorgate"
"LINESTRING (-0.093903 51.530991,-0.088285 51.519069", "From Wenlock Road , Hoxton to Moorfields, Moorgate"
"LINESTRING (-0.108657 51.51795,-0.088285 51.519069", "From Holborn Circus, Holborn to Moorfields, Moorgate"
"LINESTRING (-0.099828 51.493146,-0.088285 51.519069", "From Strata, Elephant & Castle to Moorfields, Moorgate"
"LINESTRING (-0.09315 51.53356,-0.088285 51.519069", "From Eagle Wharf Road, Hoxton to Moorfields, Moorgate"
"LINESTRING (-0.093051 51.511246,-0.088285 51.519069", "From Queen Street 2, Bank to Moorfields, Moorgate"
"LINESTRING (-0.113864 51.504027,-0.088285 51.519069", "From Waterloo Station 1, Waterloo to Moorfields, Moorgate"
"LINESTRING (-0.10454 51.505461,-0.088285 51.519069", "From Blackfriars Road, Southwark to Moorfields, Moorgate"
"LINESTRING (-0.136123 51.482362,-0.088285 51.519069", "From Riverlight North, Nine Elms to Moorfields, Moorgate"
"LINESTRING (-0.164207 51.517372,-0.088285 51.519069", "From Harrowby Street, Marylebone to Moorfields, Moorgate"
"LINESTRING (-0.092762 51.500296,-0.088285 51.519069", "From Swan Street, The Borough to Moorfields, Moorgate"
"LINESTRING (-0.103132 51.498744,-0.088285 51.519069", "From LSBU (Borough Road), Elephant & Castle to Moorfields, Moorgate"
"LINESTRING (-0.083159 51.500889,-0.088285 51.519069", "From Tyers Gate, Bermondsey to Moorfields, Moorgate"
"LINESTRING (-0.119047 51.509631,-0.088285 51.519069", "From Embankment (Savoy), Strand to Moorfields, Moorgate"
"LINESTRING (-0.210941 51.504199,-0.088285 51.519069", "From Addison Road, Holland Park to Moorfields, Moorgate"
"LINESTRING (-0.087587 51.514441,-0.088285 51.519069", "From Bank of England Museum, Bank to Moorfields, Moorgate"
"LINESTRING (-0.102996 51.486929,-0.088285 51.519069", "From Doddington Grove, Kennington to Moorfields, Moorgate"
"LINESTRING (-0.105593 51.488852,-0.088285 51.519069", "From Kennington Station, Kennington to Moorfields, Moorgate"
"LINESTRING (-0.04667 51.521889,-0.088285 51.519069", "From Stepney Green Station, Stepney to Moorfields, Moorgate"
"LINESTRING (-0.107987 51.517428,-0.088285 51.519069", "From New Fetter Lane, Holborn to Moorfields, Moorgate"
"LINESTRING (-0.113936 51.500139,-0.088285 51.519069", "From Lower Marsh, Waterloo to Moorfields, Moorgate"
"LINESTRING (-0.087459 51.528673,-0.088285 51.519069", "From East Road, Hoxton to Moorfields, Moorgate"
"LINESTRING (-0.088285 51.519069,-0.088285 51.519069", "From Moorfields, Moorgate to Moorfields, Moorgate"
"LINESTRING (-0.133972 51.472993,-0.088285 51.519069", "From Union Grove, Wandsworth Road to Moorfields, Moorgate"
"LINESTRING (-0.089782 51.53089,-0.088285 51.519069", "From Murray Grove , Hoxton to Moorfields, Moorgate"
"LINESTRING (-0.13225 51.528833,-0.088285 51.519069", "From Doric Way , Somers Town to Moorfields, Moorgate"
"LINESTRING (-0.085666 51.499075,-0.088285 51.519069", "From Long Lane , Bermondsey to Moorfields, Moorgate"
"LINESTRING (-0.119643 51.511756,-0.088285 51.519069", "From Wellington Street , Strand to Moorfields, Moorgate"
"LINESTRING (-0.076341 51.534464,-0.088285 51.519069", "From Whiston Road, Haggerston to Moorfields, Moorgate"
"LINESTRING (-0.138733 51.496753,-0.088285 51.519069", "From Howick Place, Westminster to Moorfields, Moorgate"
"LINESTRING (-0.110699 51.501444,-0.088285 51.519069", "From Baylis Road, Waterloo to Moorfields, Moorgate"
"LINESTRING (-0.099994 51.522853,-0.088285 51.519069", "From Berry Street, Clerkenwell to Moorfields, Moorgate"
"LINESTRING (-0.087587 51.514441,-0.088285 51.519069", "From Bank of England Museum, Bank to Moorfields, Moorgate"
"LINESTRING (-0.065076 51.52388,-0.088285 51.519069", "From Cheshire Street, Bethnal Green to Moorfields, Moorgate"
"LINESTRING (-0.113426 51.503919,-0.088285 51.519069", "From Waterloo Station 2, Waterloo to Moorfields, Moorgate"
"LINESTRING (-0.074284 51.539328,-0.088285 51.519069", "From Haggerston Road, Haggerston to Moorfields, Moorgate"
"LINESTRING (-0.083353 51.529537,-0.088285 51.519069", "From Fanshaw Street, Hoxton to Moorfields, Moorgate"
"LINESTRING (-0.054162 51.536424,-0.088285 51.519069", "From Victoria Park Road, Hackney Central to Moorfields, Moorgate"
"LINESTRING (-0.112824 51.503791,-0.088285 51.519069", "From Waterloo Station 3, Waterloo to Moorfields, Moorgate"
"LINESTRING (-0.079201 51.537277,-0.088285 51.519069", "From Hertford Road, De Beauvoir Town to Moorfields, Moorgate"
"LINESTRING (-0.091938 51.492807,-0.088285 51.519069", "From Victory Place, Walworth to Moorfields, Moorgate"
"LINESTRING (-0.081608 51.497855,-0.088285 51.519069", "From Bermondsey Street, Bermondsey to Moorfields, Moorgate"
"LINESTRING (-0.079201 51.537277,-0.088285 51.519069", "From Hertford Road, De Beauvoir Town to Moorfields, Moorgate"
"LINESTRING (-0.100168 51.530344,-0.088285 51.519069", "From City Road, Angel to Moorfields, Moorgate"
"LINESTRING (-0.15213 51.470475,-0.088285 51.519069", "From Stanley Grove, Battersea to Moorfields, Moorgate"
"LINESTRING (-0.119643 51.511756,-0.088285 51.519069", "From Wellington Street , Strand to Moorfields, Moorgate"
"LINESTRING (-0.108657 51.51795,-0.088285 51.519069", "From Holborn Circus, Holborn to Moorfields, Moorgate"
"LINESTRING (-0.063531 51.504719,-0.088285 51.519069", "From Hermitage Court, Wapping to Moorfields, Moorgate"
"LINESTRING (-0.120973 51.530059,-0.088285 51.519069", "From St. Chad's Street, King's Cross to Moorfields, Moorgate"
"LINESTRING (-0.114842 51.50621,-0.088285 51.519069", "From Belvedere Road 2, South Bank to Moorfields, Moorgate"
"LINESTRING (-0.123616 51.529943,-0.088285 51.519069", "From Belgrove Street , King's Cross to Moorfields, Moorgate"
"LINESTRING (-0.0801 51.52959,-0.088285 51.519069", "From Hoxton Street, Hoxton to Moorfields, Moorgate"
"LINESTRING (-0.036017 51.525941,-0.088285 51.519069", "From Clinton Road, Mile End to Moorfields, Moorgate"
"LINESTRING (-0.051394 51.520893,-0.088285 51.519069", "From Cleveland Way, Stepney to Moorfields, Moorgate"
"LINESTRING (-0.085666 51.499075,-0.088285 51.519069", "From Long Lane , Bermondsey to Moorfields, Moorgate"
"LINESTRING (-0.058641 51.515256,-0.088285 51.519069", "From Philpot Street, Whitechapel to Moorfields, Moorgate"
"LINESTRING (-0.06691 51.507131,-0.088285 51.519069", "From Nesham Street, Wapping to Moorfields, Moorgate"
"LINESTRING (-0.113864 51.504027,-0.088285 51.519069", "From Waterloo Station 1, Waterloo to Moorfields, Moorgate"
"LINESTRING (-0.085814 51.495061,-0.088285 51.519069", "From Bricklayers Arms, Borough to Moorfields, Moorgate"
"LINESTRING (-0.197574 51.499606,-0.18119 51.490945", "From Phillimore Gardens, Kensington to Old Brompton Road, South Kensington"
"LINESTRING (-0.147478 51.492369,-0.18119 51.490945", "From Elizabeth Bridge, Victoria to Old Brompton Road, South Kensington"
"LINESTRING (-0.205279 51.487244,-0.18119 51.490945", "From Star Road, West Kensington to Old Brompton Road, South Kensington"
"LINESTRING (-0.14296 51.497998,-0.18119 51.490945", "From Warwick Row, Westminster to Old Brompton Road, South Kensington"
"LINESTRING (-0.125674 51.491884,-0.18119 51.490945", "From Millbank Tower, Pimlico to Old Brompton Road, South Kensington"
"LINESTRING (-0.170194 51.489716,-0.18119 51.490945", "From St. Luke's Church, Chelsea to Old Brompton Road, South Kensington"
"LINESTRING (-0.21186 51.483217,-0.18119 51.490945", "From Humbolt Road, Fulham to Old Brompton Road, South Kensington"
"LINESTRING (-0.192369 51.491593,-0.18119 51.490945", "From Penywern Road, Earl's Court to Old Brompton Road, South Kensington"
"LINESTRING (-0.129925 51.493072,-0.18119 51.490945", "From Vincent Street, Pimlico to Old Brompton Road, South Kensington"
"LINESTRING (-0.190346 51.46822,-0.18119 51.490945", "From Stephendale Road, Sands End to Old Brompton Road, South Kensington"
"LINESTRING (-0.17021 51.474535,-0.18119 51.490945", "From Orbel Street, Battersea to Old Brompton Road, South Kensington"
"LINESTRING (-0.151926 51.516814,-0.18119 51.490945", "From Hinde Street, Marylebone to Old Brompton Road, South Kensington"
"LINESTRING (-0.133201 51.512515,-0.18119 51.490945", "From Wardour Street, Soho to Old Brompton Road, South Kensington"
"LINESTRING (-0.18498 51.501737,-0.18119 51.490945", "From De Vere Gardens, Kensington to Old Brompton Road, South Kensington"
"LINESTRING (-0.191462 51.501364,-0.18119 51.490945", "From Derry Street, Kensington to Old Brompton Road, South Kensington"
"LINESTRING (-0.179369 51.487196,-0.18119 51.490945", "From Drayton Gardens, West Chelsea to Old Brompton Road, South Kensington"
"LINESTRING (-0.191462 51.501364,-0.18119 51.490945", "From Derry Street, Kensington to Old Brompton Road, South Kensington"
"LINESTRING (-0.183289 51.496462,-0.18119 51.490945", "From Gloucester Road (Central), South Kensington to Old Brompton Road, South Kensington"
"LINESTRING (-0.182435 51.478169,-0.18119 51.490945", "From Upcerne Road, West Chelsea to Old Brompton Road, South Kensington"
"LINESTRING (-0.166878 51.488023,-0.18119 51.490945", "From Flood Street, Chelsea to Old Brompton Road, South Kensington"
"LINESTRING (-0.172078 51.482567,-0.18119 51.490945", "From Danvers Street, West Chelsea to Old Brompton Road, South Kensington"
"LINESTRING (-0.194116 51.479932,-0.18119 51.490945", "From Fulham Broadway, Walham Green to Old Brompton Road, South Kensington"
"LINESTRING (-0.174971 51.485121,-0.18119 51.490945", "From The Vale, Chelsea to Old Brompton Road, South Kensington"
"LINESTRING (-0.167894 51.493184,-0.18119 51.490945", "From Sloane Avenue, Knightsbridge to Old Brompton Road, South Kensington"
"LINESTRING (-0.17524 51.48902,-0.18119 51.490945", "From South Parade, Chelsea to Old Brompton Road, South Kensington"
"LINESTRING (-0.17306 51.505014,-0.18119 51.490945", "From Serpentine Car Park, Hyde Park to Old Brompton Road, South Kensington"
"LINESTRING (-0.199135 51.468418,-0.18119 51.490945", "From Broomhouse Lane, Parsons Green to Old Brompton Road, South Kensington"
"LINESTRING (-0.186753 51.491615,-0.18119 51.490945", "From Collingham Gardens, Earl's Court to Old Brompton Road, South Kensington"
"LINESTRING (-0.191462 51.501364,-0.18119 51.490945", "From Derry Street, Kensington to Old Brompton Road, South Kensington"
"LINESTRING (-0.193254 51.476259,-0.18119 51.490945", "From Eel Brook Common, Walham Green to Old Brompton Road, South Kensington"
"LINESTRING (-0.192404 51.496481,-0.18119 51.490945", "From Marloes Road, Kensington to Old Brompton Road, South Kensington"
"LINESTRING (-0.126021 51.508103,-0.18119 51.490945", "From Craven Street, Strand to Old Brompton Road, South Kensington"
"LINESTRING (-0.191462 51.501364,-0.18119 51.490945", "From Derry Street, Kensington to Old Brompton Road, South Kensington"
"LINESTRING (-0.169821 51.466633,-0.18119 51.490945", "From Falcon Road, Clapham Junction to Old Brompton Road, South Kensington"
"LINESTRING (-0.074189 51.502279,-0.082422 51.516154", "From Curlew Street, Shad Thames to Wormwood Street, Liverpool Street"
"LINESTRING (-0.083067 51.523196,-0.082422 51.516154", "From Clifton Street, Shoreditch to Wormwood Street, Liverpool Street"
"LINESTRING (-0.065076 51.52388,-0.082422 51.516154", "From Cheshire Street, Bethnal Green to Wormwood Street, Liverpool Street"
"LINESTRING (-0.066035 51.531864,-0.082422 51.516154", "From Goldsmith's Row, Haggerston to Wormwood Street, Liverpool Street"
"LINESTRING (-0.097122 51.529423,-0.082422 51.516154", "From Macclesfield Rd, St Lukes to Wormwood Street, Liverpool Street"
"LINESTRING (-0.074189 51.502279,-0.082422 51.516154", "From Curlew Street, Shad Thames to Wormwood Street, Liverpool Street"
"LINESTRING (-0.134407 51.526236,-0.082422 51.516154", "From Euston Road, Euston to Wormwood Street, Liverpool Street"
"LINESTRING (-0.136928 51.493985,-0.082422 51.516154", "From Vincent Square, Westminster to Wormwood Street, Liverpool Street"
"LINESTRING (-0.012413 51.508896,-0.082422 51.516154", "From Newby Place, Poplar to Wormwood Street, Liverpool Street"
"LINESTRING (-0.087262 51.506304,-0.082422 51.516154", "From Duke Street Hill, London Bridge to Wormwood Street, Liverpool Street"
"LINESTRING (-0.102091 51.500693,-0.082422 51.516154", "From Webber Street , Southwark to Wormwood Street, Liverpool Street"
"LINESTRING (-0.108657 51.51795,-0.082422 51.516154", "From Holborn Circus, Holborn to Wormwood Street, Liverpool Street"
"LINESTRING (-0.054162 51.536424,-0.082422 51.516154", "From Victoria Park Road, Hackney Central to Wormwood Street, Liverpool Street"
"LINESTRING (-0.053558 51.511066,-0.082422 51.516154", "From Sutton Street, Shadwell to Wormwood Street, Liverpool Street"
"LINESTRING (-0.093903 51.530991,-0.082422 51.516154", "From Wenlock Road , Hoxton to Wormwood Street, Liverpool Street"
"LINESTRING (-0.111606 51.505569,-0.082422 51.516154", "From Stamford Street, South Bank to Wormwood Street, Liverpool Street"
"LINESTRING (-0.074431 51.519362,-0.082422 51.516154", "From Fournier Street, Whitechapel to Wormwood Street, Liverpool Street"
"LINESTRING (-0.021345 51.519265,-0.082422 51.516154", "From Furze Green, Bow to Wormwood Street, Liverpool Street"
"LINESTRING (-0.112824 51.503791,-0.082422 51.516154", "From Waterloo Station 3, Waterloo to Wormwood Street, Liverpool Street"
"LINESTRING (-0.127575 51.495805,-0.082422 51.516154", "From Smith Square, Westminster to Wormwood Street, Liverpool Street"
"LINESTRING (-0.118272 51.516277,-0.082422 51.516154", "From Lincoln's Inn Fields, Holborn to Wormwood Street, Liverpool Street"
"LINESTRING (-0.132102 51.498125,-0.082422 51.516154", "From Abbey Orchard Street, Westminster to Wormwood Street, Liverpool Street"
"LINESTRING (-0.081608 51.497855,-0.082422 51.516154", "From Bermondsey Street, Bermondsey to Wormwood Street, Liverpool Street"
"LINESTRING (-0.0786 51.500647,-0.082422 51.516154", "From Tanner Street, Bermondsey to Wormwood Street, Liverpool Street"
"LINESTRING (-0.094934 51.522954,-0.082422 51.516154", "From Roscoe Street, St. Luke's to Wormwood Street, Liverpool Street"
"LINESTRING (-0.096317 51.526008,-0.082422 51.516154", "From Finsbury Leisure Centre, St. Luke's to Wormwood Street, Liverpool Street"
"LINESTRING (-0.106823 51.508033,-0.082422 51.516154", "From Sea Containers, South Bank to Wormwood Street, Liverpool Street"
"LINESTRING (-0.103078 51.511934,-0.082422 51.516154", "From Blackfriars Station, St. Paul's to Wormwood Street, Liverpool Street"
"LINESTRING (-0.130699 51.50777,-0.082422 51.516154", "From Pall Mall East, West End to Wormwood Street, Liverpool Street"
"LINESTRING (-0.096496 51.517821,-0.082422 51.516154", "From Museum of London, Barbican to Wormwood Street, Liverpool Street"
"LINESTRING (-0.126021 51.508103,-0.082422 51.516154", "From Craven Street, Strand to Wormwood Street, Liverpool Street"
"LINESTRING (-0.197245 51.497387,-0.082422 51.516154", "From Abingdon Villas, Kensington to Wormwood Street, Liverpool Street"
"LINESTRING (-0.089782 51.53089,-0.082422 51.516154", "From Murray Grove , Hoxton to Wormwood Street, Liverpool Street"
"LINESTRING (-0.087262 51.506304,-0.082422 51.516154", "From Duke Street Hill, London Bridge to Wormwood Street, Liverpool Street"
"LINESTRING (-0.066078 51.514924,-0.082422 51.516154", "From LMU Commercial Road, Whitechapel to Wormwood Street, Liverpool Street"
"LINESTRING (-0.103078 51.511934,-0.082422 51.516154", "From Blackfriars Station, St. Paul's to Wormwood Street, Liverpool Street"
"LINESTRING (-0.099981 51.532661,-0.082422 51.516154", "From Graham Street, Angel to Wormwood Street, Liverpool Street"
"LINESTRING (-0.13544 51.497829,-0.082422 51.516154", "From Butler Place, Westminster to Wormwood Street, Liverpool Street"
"LINESTRING (-0.124642 51.481747,-0.082422 51.516154", "From South Lambeth Road, Vauxhall to Wormwood Street, Liverpool Street"
"LINESTRING (-0.041378 51.522507,-0.082422 51.516154", "From Queen Mary's, Mile End to Wormwood Street, Liverpool Street"
"LINESTRING (-0.109914 51.531666,-0.082422 51.516154", "From Claremont Square, Angel to Wormwood Street, Liverpool Street"
"LINESTRING (-0.108657 51.51795,-0.082422 51.516154", "From Holborn Circus, Holborn to Wormwood Street, Liverpool Street"
"LINESTRING (-0.134621 51.507424,-0.082422 51.516154", "From St. James's Square, St. James's to Wormwood Street, Liverpool Street"
"LINESTRING (-0.078869 51.521113,-0.082422 51.516154", "From Norton Folgate, Liverpool Street to Wormwood Street, Liverpool Street"
"LINESTRING (-0.087262 51.506304,-0.082422 51.516154", "From Duke Street Hill, London Bridge to Wormwood Street, Liverpool Street"
"LINESTRING (-0.119643 51.511756,-0.082422 51.516154", "From Wellington Street , Strand to Wormwood Street, Liverpool Street"
"LINESTRING (-0.112824 51.503791,-0.082422 51.516154", "From Waterloo Station 3, Waterloo to Wormwood Street, Liverpool Street"
"LINESTRING (-0.111778 51.515937,-0.082422 51.516154", "From Breams Buildings, Holborn to Wormwood Street, Liverpool Street"
"LINESTRING (-0.13214 51.519572,-0.082422 51.516154", "From Store Street, Bloomsbury to Wormwood Street, Liverpool Street"
"LINESTRING (-0.129925 51.493072,-0.082422 51.516154", "From Vincent Street, Pimlico to Wormwood Street, Liverpool Street"
"LINESTRING (-0.123823 51.501513,-0.082422 51.516154", "From Westminster Pier, Westminster to Wormwood Street, Liverpool Street"
"LINESTRING (-0.113426 51.503919,-0.082422 51.516154", "From Waterloo Station 2, Waterloo to Wormwood Street, Liverpool Street"
"LINESTRING (-0.109006 51.521661,-0.082422 51.516154", "From Hatton Wall, Holborn to Wormwood Street, Liverpool Street"
"LINESTRING (-0.081608 51.497855,-0.082422 51.516154", "From Bermondsey Street, Bermondsey to Wormwood Street, Liverpool Street"
"LINESTRING (-0.09294 51.51397,-0.082422 51.516154", "From Cheapside, Bank to Wormwood Street, Liverpool Street"
"LINESTRING (-0.106823 51.508033,-0.082422 51.516154", "From Sea Containers, South Bank to Wormwood Street, Liverpool Street"
"LINESTRING (-0.109006 51.521661,-0.082422 51.516154", "From Hatton Wall, Holborn to Wormwood Street, Liverpool Street"
"LINESTRING (-0.068161 51.509786,-0.082422 51.516154", "From Dock Street, Wapping to Wormwood Street, Liverpool Street"
"LINESTRING (-0.109006 51.521661,-0.082422 51.516154", "From Hatton Wall, Holborn to Wormwood Street, Liverpool Street"
"LINESTRING (-0.112824 51.503791,-0.082422 51.516154", "From Waterloo Station 3, Waterloo to Wormwood Street, Liverpool Street"
"LINESTRING (-0.130504 51.526838,-0.082422 51.516154", "From Endsleigh Gardens, Euston to Wormwood Street, Liverpool Street"
"LINESTRING (-0.098497 51.503688,-0.082422 51.516154", "From Union Street, The Borough to Wormwood Street, Liverpool Street"
"LINESTRING (-0.138853 51.541603,-0.082422 51.516154", "From Bonny Street, Camden Town to Wormwood Street, Liverpool Street"
"LINESTRING (-0.147857 51.477966,-0.082422 51.516154", "From Gas Holders, Battersea Park to Wormwood Street, Liverpool Street"
"LINESTRING (-0.126021 51.508103,-0.082422 51.516154", "From Craven Street, Strand to Wormwood Street, Liverpool Street"
"LINESTRING (-0.151126 51.510919,-0.082422 51.516154", "From Millennium Hotel, Mayfair to Wormwood Street, Liverpool Street"
"LINESTRING (-0.070133 51.515231,-0.082422 51.516154", "From Central House, Whitechapel to Wormwood Street, Liverpool Street"
"LINESTRING (-0.088285 51.519069,-0.082422 51.516154", "From Moorfields, Moorgate to Wormwood Street, Liverpool Street"
"LINESTRING (-0.09022 51.491484,-0.082422 51.516154", "From Rodney Road , Walworth to Wormwood Street, Liverpool Street"
"LINESTRING (-0.058826 51.54119,-0.082422 51.516154", "From London Fields, Hackney Central to Wormwood Street, Liverpool Street"
"LINESTRING (-0.112824 51.503791,-0.082422 51.516154", "From Waterloo Station 3, Waterloo to Wormwood Street, Liverpool Street"
"LINESTRING (-0.112824 51.503791,-0.082422 51.516154", "From Waterloo Station 3, Waterloo to Wormwood Street, Liverpool Street"
"LINESTRING (-0.071653 51.522617,-0.082422 51.516154", "From Brick Lane Market, Shoreditch to Wormwood Street, Liverpool Street"
"LINESTRING (-0.13225 51.528833,-0.082422 51.516154", "From Doric Way , Somers Town to Wormwood Street, Liverpool Street"
"LINESTRING (-0.119643 51.511756,-0.082422 51.516154", "From Wellington Street , Strand to Wormwood Street, Liverpool Street"
"LINESTRING (-0.075375 51.528187,-0.082422 51.516154", "From Columbia Road, Shoreditch to Wormwood Street, Liverpool Street"
"LINESTRING (-0.117661 51.482678,-0.082422 51.516154", "From Ashmole Estate, Oval to Wormwood Street, Liverpool Street"
"LINESTRING (-0.081608 51.497855,-0.082422 51.516154", "From Bermondsey Street, Bermondsey to Wormwood Street, Liverpool Street"
"LINESTRING (-0.06691 51.507131,-0.082422 51.516154", "From Nesham Street, Wapping to Wormwood Street, Liverpool Street"
"LINESTRING (-0.102757 51.536384,-0.082422 51.516154", "From Islington Green, Angel to Wormwood Street, Liverpool Street"
"LINESTRING (-0.079248 51.524526,-0.082422 51.516154", "From New Inn Yard, Shoreditch to Wormwood Street, Liverpool Street"
"LINESTRING (-0.120909 51.516128,-0.082422 51.516154", "From Newton Street, Covent Garden to Wormwood Street, Liverpool Street"
"LINESTRING (-0.127575 51.495805,-0.082422 51.516154", "From Smith Square, Westminster to Wormwood Street, Liverpool Street"
"LINESTRING (-0.068981 51.498585,-0.082422 51.516154", "From George Row, Bermondsey to Wormwood Street, Liverpool Street"
"LINESTRING (-0.091938 51.492807,-0.082422 51.516154", "From Victory Place, Walworth to Wormwood Street, Liverpool Street"
"LINESTRING (-0.113426 51.503919,-0.082422 51.516154", "From Waterloo Station 2, Waterloo to Wormwood Street, Liverpool Street"
"LINESTRING (-0.096518 51.491327,-0.082422 51.516154", "From Walworth Square, Walworth to Wormwood Street, Liverpool Street"
"LINESTRING (-0.077178 51.514449,-0.082422 51.516154", "From Houndsditch, Aldgate to Wormwood Street, Liverpool Street"
"LINESTRING (-0.136928 51.493985,-0.082422 51.516154", "From Vincent Square, Westminster to Wormwood Street, Liverpool Street"
"LINESTRING (-0.117774 51.513875,-0.082422 51.516154", "From Kingsway Southbound, Strand to Wormwood Street, Liverpool Street"
"LINESTRING (-0.093051 51.511246,-0.082422 51.516154", "From Queen Street 2, Bank to Wormwood Street, Liverpool Street"
"LINESTRING (-0.098031 51.505224,-0.082422 51.516154", "From Lavington Street, Bankside to Wormwood Street, Liverpool Street"
"LINESTRING (-0.113426 51.503919,-0.082422 51.516154", "From Waterloo Station 2, Waterloo to Wormwood Street, Liverpool Street"
"LINESTRING (-0.100186 51.505817,-0.082422 51.516154", "From Bankside Mix, Bankside to Wormwood Street, Liverpool Street"
"LINESTRING (-0.108068 51.527842,-0.082422 51.516154", "From Hardwick Street, Clerkenwell to Wormwood Street, Liverpool Street"
"LINESTRING (-0.043371 51.518369,-0.082422 51.516154", "From Rectory Square, Stepney to Wormwood Street, Liverpool Street"
"LINESTRING (-0.094934 51.522954,-0.082422 51.516154", "From Roscoe Street, St. Luke's to Wormwood Street, Liverpool Street"
"LINESTRING (-0.114079 51.522264,-0.082422 51.516154", "From Northington Street , Holborn to Wormwood Street, Liverpool Street"
"LINESTRING (-0.123823 51.501513,-0.082422 51.516154", "From Westminster Pier, Westminster to Wormwood Street, Liverpool Street"
"LINESTRING (-0.099141 51.512484,-0.082422 51.516154", "From Godliman Street, St. Paul's to Wormwood Street, Liverpool Street"
"LINESTRING (-0.112824 51.503791,-0.082422 51.516154", "From Waterloo Station 3, Waterloo to Wormwood Street, Liverpool Street"
"LINESTRING (-0.132102 51.498125,-0.082422 51.516154", "From Abbey Orchard Street, Westminster to Wormwood Street, Liverpool Street"
"LINESTRING (-0.06992 51.53385,-0.082422 51.516154", "From Queensbridge Road, Haggerston to Wormwood Street, Liverpool Street"
"LINESTRING (-0.0786 51.500647,-0.082422 51.516154", "From Tanner Street, Bermondsey to Wormwood Street, Liverpool Street"
"LINESTRING (-0.129925 51.493072,-0.082422 51.516154", "From Vincent Street, Pimlico to Wormwood Street, Liverpool Street"
"LINESTRING (-0.082422 51.516154,-0.082422 51.516154", "From Wormwood Street, Liverpool Street to Wormwood Street, Liverpool Street"
"LINESTRING (-0.14296 51.497998,-0.082422 51.516154", "From Warwick Row, Westminster to Wormwood Street, Liverpool Street"
"LINESTRING (-0.043371 51.518369,-0.082422 51.516154", "From Rectory Square, Stepney to Wormwood Street, Liverpool Street"
"LINESTRING (-0.134621 51.507424,-0.082422 51.516154", "From St. James's Square, St. James's to Wormwood Street, Liverpool Street"
"LINESTRING (-0.08974 51.500823,-0.082422 51.516154", "From Empire Square, The Borough to Wormwood Street, Liverpool Street"
"LINESTRING (-0.09644 51.507385,-0.082422 51.516154", "From New Globe Walk, Bankside to Wormwood Street, Liverpool Street"
"LINESTRING (-0.111471 51.479601,-0.082422 51.516154", "From Cranmer Road, Stockwell to Wormwood Street, Liverpool Street"
"LINESTRING (-0.171681 51.522892,-0.082422 51.516154", "From Penfold Street, Marylebone to Wormwood Street, Liverpool Street"
"LINESTRING (-0.108028 51.518825,-0.082422 51.516154", "From Hatton Garden, Holborn to Wormwood Street, Liverpool Street"
"LINESTRING (-0.126021 51.508103,-0.082422 51.516154", "From Craven Street, Strand to Wormwood Street, Liverpool Street"
"LINESTRING (-0.057159 51.511088,-0.082422 51.516154", "From Shadwell Station, Shadwell to Wormwood Street, Liverpool Street"
"LINESTRING (-0.112824 51.503791,-0.082422 51.516154", "From Waterloo Station 3, Waterloo to Wormwood Street, Liverpool Street"
"LINESTRING (-0.091773 51.504627,-0.082422 51.516154", "From Hop Exchange, The Borough to Wormwood Street, Liverpool Street"
"LINESTRING (-0.083159 51.500889,-0.082422 51.516154", "From Tyers Gate, Bermondsey to Wormwood Street, Liverpool Street"
"LINESTRING (-0.123702 51.506767,-0.082422 51.516154", "From Northumberland Avenue, Strand to Wormwood Street, Liverpool Street"
"LINESTRING (-0.074189 51.502279,-0.082422 51.516154", "From Curlew Street, Shad Thames to Wormwood Street, Liverpool Street"
"LINESTRING (-0.118256 51.47659,-0.082422 51.516154", "From Albert Square, Stockwell to Wormwood Street, Liverpool Street"
"LINESTRING (-0.062546 51.535678,-0.082422 51.516154", "From Regent's Row , Haggerston to Wormwood Street, Liverpool Street"
"LINESTRING (-0.103078 51.511934,-0.082422 51.516154", "From Blackfriars Station, St. Paul's to Wormwood Street, Liverpool Street"
"LINESTRING (-0.112824 51.503791,-0.082422 51.516154", "From Waterloo Station 3, Waterloo to Wormwood Street, Liverpool Street"
"LINESTRING (-0.113179 51.466232,-0.082422 51.516154", "From St John's Crescent, Brixton to Wormwood Street, Liverpool Street"
"LINESTRING (-0.087262 51.506304,-0.082422 51.516154", "From Duke Street Hill, London Bridge to Wormwood Street, Liverpool Street"
"LINESTRING (-0.131961 51.508446,-0.082422 51.516154", "From Charles II Street, West End to Wormwood Street, Liverpool Street"
"LINESTRING (-0.104778 51.504044,-0.082422 51.516154", "From Southwark Station 2, Southwark to Wormwood Street, Liverpool Street"
"LINESTRING (-0.135777 51.51953,-0.082422 51.516154", "From Charlotte Street, Fitzrovia to Wormwood Street, Liverpool Street"
"LINESTRING (-0.098497 51.503688,-0.082422 51.516154", "From Union Street, The Borough to Wormwood Street, Liverpool Street"
"LINESTRING (-0.113426 51.503919,-0.082422 51.516154", "From Waterloo Station 2, Waterloo to Wormwood Street, Liverpool Street"
"LINESTRING (-0.113426 51.503919,-0.082422 51.516154", "From Waterloo Station 2, Waterloo to Wormwood Street, Liverpool Street"
"LINESTRING (-0.123179 51.506543,-0.082422 51.516154", "From Whitehall Place, Strand to Wormwood Street, Liverpool Street"
"LINESTRING (-0.087262 51.506304,-0.082422 51.516154", "From Duke Street Hill, London Bridge to Wormwood Street, Liverpool Street"
"LINESTRING (-0.135478 51.495827,-0.082422 51.516154", "From Rochester Row, Westminster to Wormwood Street, Liverpool Street"
"LINESTRING (-0.08249 51.53558,-0.082422 51.516154", "From Pitfield Street North,Hoxton to Wormwood Street, Liverpool Street"
"LINESTRING (-0.113936 51.500139,-0.082422 51.516154", "From Lower Marsh, Waterloo to Wormwood Street, Liverpool Street"
"LINESTRING (-0.14296 51.497998,-0.082422 51.516154", "From Warwick Row, Westminster to Wormwood Street, Liverpool Street"
"LINESTRING (-0.038775 51.516,-0.082422 51.516154", "From Aston Street, Stepney to Wormwood Street, Liverpool Street"
"LINESTRING (-0.09734 51.520841,-0.082422 51.516154", "From Aldersgate Street, Barbican to Wormwood Street, Liverpool Street"
"LINESTRING (-0.100186 51.505817,-0.082422 51.516154", "From Bankside Mix, Bankside to Wormwood Street, Liverpool Street"
"LINESTRING (-0.123823 51.501513,-0.082422 51.516154", "From Westminster Pier, Westminster to Wormwood Street, Liverpool Street"
"LINESTRING (-0.098031 51.505224,-0.082422 51.516154", "From Lavington Street, Bankside to Wormwood Street, Liverpool Street"
"LINESTRING (-0.11655 51.51824,-0.082422 51.516154", "From Red Lion Street, Holborn to Wormwood Street, Liverpool Street"
"LINESTRING (-0.04667 51.521889,-0.082422 51.516154", "From Stepney Green Station, Stepney to Wormwood Street, Liverpool Street"
"LINESTRING (-0.058826 51.54119,-0.082422 51.516154", "From London Fields, Hackney Central to Wormwood Street, Liverpool Street"
"LINESTRING (-0.06142 51.532091,-0.082422 51.516154", "From Pritchard's Road, Bethnal Green to Wormwood Street, Liverpool Street"
"LINESTRING (-0.139221 51.461388,-0.082422 51.516154", "From Clapham Common Station, Clapham Common to Wormwood Street, Liverpool Street"
"LINESTRING (-0.094524 51.500694,-0.082422 51.516154", "From Borough High Street, The Borough to Wormwood Street, Liverpool Street"
"LINESTRING (-0.169821 51.466633,-0.170194 51.489716", "From Falcon Road, Clapham Junction to St. Luke's Church, Chelsea"
"LINESTRING (-0.122831 51.472509,-0.170194 51.489716", "From Binfield Road, Stockwell to St. Luke's Church, Chelsea"
"LINESTRING (-0.142844 51.506613,-0.170194 51.489716", "From Green Park Station, Mayfair to St. Luke's Church, Chelsea"
"LINESTRING (-0.149551 51.477619,-0.170194 51.489716", "From Queen's Circus, Battersea Park to St. Luke's Church, Chelsea"
"LINESTRING (-0.126409 51.524,-0.170194 51.489716", "From Coram Street, Bloomsbury to St. Luke's Church, Chelsea"
"LINESTRING (-0.155442 51.474376,-0.170194 51.489716", "From Austin Road, Battersea Park to St. Luke's Church, Chelsea"
"LINESTRING (-0.179668 51.511654,-0.170194 51.489716", "From Lancaster Gate , Bayswater to St. Luke's Church, Chelsea"
"LINESTRING (-0.18119 51.490945,-0.170194 51.489716", "From Old Brompton Road, South Kensington to St. Luke's Church, Chelsea"
"LINESTRING (-0.164786 51.477292,-0.170194 51.489716", "From Ethelburga Estate, Battersea Park to St. Luke's Church, Chelsea"
"LINESTRING (-0.147624 51.49395,-0.170194 51.489716", "From Eccleston Place, Victoria to St. Luke's Church, Chelsea"
"LINESTRING (-0.170703 51.470847,-0.170194 51.489716", "From Simpson Street, Clapham Junction to St. Luke's Church, Chelsea"
"LINESTRING (-0.199004 51.506584,-0.170194 51.489716", "From Campden Hill Road, Notting Hill to St. Luke's Church, Chelsea"
"LINESTRING (-0.165842 51.522029,-0.170194 51.489716", "From Bell Street , Marylebone to St. Luke's Church, Chelsea"
"LINESTRING (-0.144132 51.493204,-0.170194 51.489716", "From Belgrave Road, Victoria to St. Luke's Church, Chelsea"
"LINESTRING (-0.150666 51.506864,-0.170194 51.489716", "From Stanhope Gate, Mayfair to St. Luke's Church, Chelsea"
"LINESTRING (-0.187842 51.509908,-0.170194 51.489716", "From Black Lion Gate, Kensington Gardens to St. Luke's Church, Chelsea"
"LINESTRING (-0.18119 51.490945,-0.170194 51.489716", "From Old Brompton Road, South Kensington to St. Luke's Church, Chelsea"
"LINESTRING (-0.194757 51.493343,-0.170194 51.489716", "From Nevern Place, Earl's Court to St. Luke's Church, Chelsea"
"LINESTRING (-0.18267 51.494185,-0.170194 51.489716", "From Gloucester Road Station, South Kensington to St. Luke's Church, Chelsea"
"LINESTRING (-0.182126 51.463489,-0.170194 51.489716", "From Usk Road, Clapham Junction to St. Luke's Church, Chelsea"
"LINESTRING (-0.168292 51.462392,-0.170194 51.489716", "From St. John's Road, Clapham Junction to St. Luke's Church, Chelsea"
"LINESTRING (-0.173029 51.464894,-0.170194 51.489716", "From Grant Road East, Clapham Junction to St. Luke's Church, Chelsea"
"LINESTRING (-0.147203 51.515308,-0.170194 51.489716", "From Chapel Place, Marylebone to St. Luke's Church, Chelsea"
"LINESTRING (-0.169821 51.466633,-0.170194 51.489716", "From Falcon Road, Clapham Junction to St. Luke's Church, Chelsea"
"LINESTRING (-0.148059 51.472865,-0.170194 51.489716", "From Silverthorne Road, Battersea to St. Luke's Church, Chelsea"
"LINESTRING (-0.179135 51.516417,-0.170194 51.489716", "From Eastbourne Mews, Paddington to St. Luke's Church, Chelsea"
"LINESTRING (-0.132845 51.489975,-0.170194 51.489716", "From Rampayne Street, Pimlico to St. Luke's Church, Chelsea"
"LINESTRING (-0.147624 51.49395,-0.170194 51.489716", "From Eccleston Place, Victoria to St. Luke's Church, Chelsea"
"LINESTRING (-0.173715 51.491211,-0.170194 51.489716", "From Sumner Place, South Kensington to St. Luke's Church, Chelsea"
"LINESTRING (-0.179135 51.516417,-0.170194 51.489716", "From Eastbourne Mews, Paddington to St. Luke's Church, Chelsea"
"LINESTRING (-0.187404 51.487958,-0.170194 51.489716", "From Harcourt Terrace, West Brompton to St. Luke's Church, Chelsea"
"LINESTRING (-0.169821 51.466633,-0.170194 51.489716", "From Falcon Road, Clapham Junction to St. Luke's Church, Chelsea"
"LINESTRING (-0.194116 51.479932,-0.170194 51.489716", "From Fulham Broadway, Walham Green to St. Luke's Church, Chelsea"
"LINESTRING (-0.132224 51.49206,-0.170194 51.489716", "From Regency Street, Westminster to St. Luke's Church, Chelsea"
"LINESTRING (-0.106323 51.490757,-0.170194 51.489716", "From Cotton Garden Estate, Kennington to St. Luke's Church, Chelsea"
"LINESTRING (-0.190393 51.490163,-0.170194 51.489716", "From Bramham Gardens, Earl's Court to St. Luke's Church, Chelsea"
"LINESTRING (-0.18119 51.490945,-0.170194 51.489716", "From Old Brompton Road, South Kensington to St. Luke's Church, Chelsea"
"LINESTRING (-0.156876 51.49313,-0.170194 51.489716", "From Sedding Street, Sloane Square to St. Luke's Church, Chelsea"
"LINESTRING (-0.192404 51.496481,-0.170194 51.489716", "From Marloes Road, Kensington to St. Luke's Church, Chelsea"
"LINESTRING (-0.16375 51.465064,-0.170194 51.489716", "From Dorothy Road, Clapham Junction to St. Luke's Church, Chelsea"
"LINESTRING (-0.18267 51.494185,-0.190393 51.490163", "From Gloucester Road Station, South Kensington to Bramham Gardens, Earl's Court"
"LINESTRING (-0.111471 51.479601,-0.190393 51.490163", "From Cranmer Road, Stockwell to Bramham Gardens, Earl's Court"
"LINESTRING (-0.179369 51.487196,-0.190393 51.490163", "From Drayton Gardens, West Chelsea to Bramham Gardens, Earl's Court"
"LINESTRING (-0.138072 51.517344,-0.190393 51.490163", "From Wells Street, Fitzrovia to Bramham Gardens, Earl's Court"
"LINESTRING (-0.150481 51.51217,-0.190393 51.490163", "From Grosvenor Square, Mayfair to Bramham Gardens, Earl's Court"
"LINESTRING (-0.183486 51.529857,-0.190393 51.490163", "From Maida Vale, Maida Vale to Bramham Gardens, Earl's Court"
"LINESTRING (-0.191462 51.501364,-0.190393 51.490163", "From Derry Street, Kensington to Bramham Gardens, Earl's Court"
"LINESTRING (-0.155525 51.516204,-0.190393 51.490163", "From Portman Square, Marylebone to Bramham Gardens, Earl's Court"
"LINESTRING (-0.198286 51.493724,-0.190393 51.490163", "From West Cromwell Road, Earl's Court to Bramham Gardens, Earl's Court"
"LINESTRING (-0.173693 51.495948,-0.190393 51.490163", "From Exhibition Road Museums 2, South Kensington to Bramham Gardens, Earl's Court"
"LINESTRING (-0.205876 51.475698,-0.190393 51.490163", "From Chesilton Road, Fulham to Bramham Gardens, Earl's Court"
"LINESTRING (-0.200742 51.502319,-0.190393 51.490163", "From Holland Park, Kensington to Bramham Gardens, Earl's Court"
"LINESTRING (-0.190393 51.490163,-0.190393 51.490163", "From Bramham Gardens, Earl's Court to Bramham Gardens, Earl's Court"
"LINESTRING (-0.170194 51.489716,-0.190393 51.490163", "From St. Luke's Church, Chelsea to Bramham Gardens, Earl's Court"
"LINESTRING (-0.185296 51.495362,-0.190393 51.490163", "From Emperor's Gate, South Kensington to Bramham Gardens, Earl's Court"
"LINESTRING (-0.190346 51.46822,-0.190393 51.490163", "From Stephendale Road, Sands End to Bramham Gardens, Earl's Court"
"LINESTRING (-0.190393 51.490163,-0.190393 51.490163", "From Bramham Gardens, Earl's Court to Bramham Gardens, Earl's Court"
"LINESTRING (-0.150908 51.47505,-0.190393 51.490163", "From Alfreda Street, Battersea Park to Bramham Gardens, Earl's Court"
"LINESTRING (-0.161765 51.487964,-0.190393 51.490163", "From Ormonde Gate, Chelsea to Bramham Gardens, Earl's Court"
"LINESTRING (-0.184318 51.468819,-0.190393 51.490163", "From William Morris Way, Sands End to Bramham Gardens, Earl's Court"
"LINESTRING (-0.161765 51.487964,-0.190393 51.490163", "From Ormonde Gate, Chelsea to Bramham Gardens, Earl's Court"
"LINESTRING (-0.157275 51.510017,-0.190393 51.490163", "From Park Lane , Hyde Park to Bramham Gardens, Earl's Court"
"LINESTRING (-0.17524 51.48902,-0.190393 51.490163", "From South Parade, Chelsea to Bramham Gardens, Earl's Court"
"LINESTRING (-0.178433 51.492479,-0.190393 51.490163", "From Queen's Gate (South), South Kensington to Bramham Gardens, Earl's Court"
"LINESTRING (-0.21985 51.493267,-0.190393 51.490163", "From Hammersmith Road, Hammersmith to Bramham Gardens, Earl's Court"
"LINESTRING (-0.147624 51.49395,-0.190393 51.490163", "From Eccleston Place, Victoria to Bramham Gardens, Earl's Court"
"LINESTRING (-0.190393 51.490163,-0.190393 51.490163", "From Bramham Gardens, Earl's Court to Bramham Gardens, Earl's Court"
"LINESTRING (-0.178732 51.493967,-0.190393 51.490163", "From Queen's Gate (Central), South Kensington to Bramham Gardens, Earl's Court"
"LINESTRING (-0.179077 51.495592,-0.190393 51.490163", "From Natural History Museum, South Kensington to Bramham Gardens, Earl's Court"
"LINESTRING (-0.186753 51.491615,-0.190393 51.490163", "From Collingham Gardens, Earl's Court to Bramham Gardens, Earl's Court"
"LINESTRING (-0.147857 51.477966,-0.190393 51.490163", "From Gas Holders, Battersea Park to Bramham Gardens, Earl's Court"
"LINESTRING (-0.192538 51.504723,-0.190393 51.490163", "From Vicarage Gate, Kensington to Bramham Gardens, Earl's Court"
"LINESTRING (-0.142844 51.506613,-0.190393 51.490163", "From Green Park Station, Mayfair to Bramham Gardens, Earl's Court"
"LINESTRING (-0.134621 51.507424,-0.190393 51.490163", "From St. James's Square, St. James's to Bramham Gardens, Earl's Court"
"LINESTRING (-0.193068 51.500397,-0.190393 51.490163", "From Wright's Lane, Kensington to Bramham Gardens, Earl's Court"
"LINESTRING (-0.190393 51.490163,-0.190393 51.490163", "From Bramham Gardens, Earl's Court to Bramham Gardens, Earl's Court"
"LINESTRING (-0.195455 51.500401,-0.190393 51.490163", "From Argyll Road, Kensington to Bramham Gardens, Earl's Court"
"LINESTRING (-0.224103 51.509158,-0.190393 51.490163", "From Westfield Ariel Way, White City to Bramham Gardens, Earl's Court"
"LINESTRING (-0.157436 51.512276,-0.190393 51.490163", "From Green Street, Mayfair to Bramham Gardens, Earl's Court"
"LINESTRING (-0.158105 51.494645,-0.190393 51.490163", "From Cadogan Place, Knightsbridge to Bramham Gardens, Earl's Court"
"LINESTRING (-0.18267 51.494185,-0.190393 51.490163", "From Gloucester Road Station, South Kensington to Bramham Gardens, Earl's Court"
"LINESTRING (-0.159237 51.501855,-0.190393 51.490163", "From Seville Street, Knightsbridge to Bramham Gardens, Earl's Court"
"LINESTRING (-0.189155 51.477292,-0.190393 51.490163", "From Michael Road, Walham Green to Bramham Gardens, Earl's Court"
"LINESTRING (-0.154106 51.517703,-0.190393 51.490163", "From George Street, Marylebone to Bramham Gardens, Earl's Court"
"LINESTRING (-0.190393 51.490163,-0.190393 51.490163", "From Bramham Gardens, Earl's Court to Bramham Gardens, Earl's Court"
"LINESTRING (-0.187427 51.460864,-0.190393 51.490163", "From Wandsworth Town Station, Wandsworth to Bramham Gardens, Earl's Court"
"LINESTRING (-0.190603 51.493631,-0.190393 51.490163", "From Knaresborough Place, Earl's Court to Bramham Gardens, Earl's Court"
"LINESTRING (-0.190393 51.490163,-0.190393 51.490163", "From Bramham Gardens, Earl's Court to Bramham Gardens, Earl's Court"
"LINESTRING (-0.190393 51.490163,-0.190393 51.490163", "From Bramham Gardens, Earl's Court to Bramham Gardens, Earl's Court"
"LINESTRING (-0.190393 51.490163,-0.190393 51.490163", "From Bramham Gardens, Earl's Court to Bramham Gardens, Earl's Court"
"LINESTRING (-0.132224 51.49206,-0.190393 51.490163", "From Regency Street, Westminster to Bramham Gardens, Earl's Court"
"LINESTRING (-0.162418 51.490083,-0.190393 51.490163", "From Royal Avenue 2, Chelsea to Bramham Gardens, Earl's Court"
"LINESTRING (-0.19024 51.515529,-0.166221 51.490714", "From Westbourne Grove, Bayswater to Chelsea Green, Chelsea"
"LINESTRING (-0.173881 51.494412,-0.166221 51.490714", "From South Kensington Station, South Kensington to Chelsea Green, Chelsea"
"LINESTRING (-0.195777 51.479463,-0.166221 51.490714", "From Erin Close, Walham Green to Chelsea Green, Chelsea"
"LINESTRING (-0.141423 51.514499,-0.166221 51.490714", "From Little Argyll Street, West End to Chelsea Green, Chelsea"
"LINESTRING (-0.106 51.496127,-0.166221 51.490714", "From Geraldine Street, Elephant & Castle to Chelsea Green, Chelsea"
"LINESTRING (-0.173881 51.494412,-0.166221 51.490714", "From South Kensington Station, South Kensington to Chelsea Green, Chelsea"
"LINESTRING (-0.164393 51.516517,-0.166221 51.490714", "From Nutford Place, Marylebone to Chelsea Green, Chelsea"
"LINESTRING (-0.09294 51.511553,-0.166221 51.490714", "From Queen Street 1, Bank to Chelsea Green, Chelsea"
"LINESTRING (-0.168917 51.497056,-0.166221 51.490714", "From Holy Trinity Brompton, Knightsbridge to Chelsea Green, Chelsea"
"LINESTRING (-0.161203 51.496886,-0.166221 51.490714", "From Pont Street, Knightsbridge to Chelsea Green, Chelsea"
"LINESTRING (-0.150905 51.496544,-0.166221 51.490714", "From Eaton Square, Belgravia to Chelsea Green, Chelsea"
"LINESTRING (-0.167894 51.493184,-0.166221 51.490714", "From Sloane Avenue, Knightsbridge to Chelsea Green, Chelsea"
"LINESTRING (-0.191462 51.501364,-0.166221 51.490714", "From Derry Street, Kensington to Chelsea Green, Chelsea"
"LINESTRING (-0.183834 51.497924,-0.166221 51.490714", "From Gloucester Road (North), Kensington to Chelsea Green, Chelsea"
"LINESTRING (-0.162418 51.490083,-0.166221 51.490714", "From Royal Avenue 2, Chelsea to Chelsea Green, Chelsea"
"LINESTRING (-0.132328 51.515631,-0.166221 51.490714", "From Soho Square , Soho to Chelsea Green, Chelsea"
"LINESTRING (-0.116628 51.500089,-0.166221 51.490714", "From Lambeth Palace Road, Waterloo to Chelsea Green, Chelsea"
"LINESTRING (-0.18267 51.494185,-0.166221 51.490714", "From Gloucester Road Station, South Kensington to Chelsea Green, Chelsea"
"LINESTRING (-0.166221 51.490714,-0.166221 51.490714", "From Chelsea Green, Chelsea to Chelsea Green, Chelsea"
"LINESTRING (-0.145904 51.507069,-0.166221 51.490714", "From Curzon Street, Mayfair to Chelsea Green, Chelsea"
"LINESTRING (-0.157788 51.465123,-0.166221 51.490714", "From Sugden Road, Clapham to Chelsea Green, Chelsea"
"LINESTRING (-0.148059 51.472865,-0.166221 51.490714", "From Silverthorne Road, Battersea to Chelsea Green, Chelsea"
"LINESTRING (-0.17581 51.517335,-0.130458 51.494816", "From South Wharf Road, Paddington to Horseferry Road, Westminster"
"LINESTRING (-0.110699 51.501444,-0.130458 51.494816", "From Baylis Road, Waterloo to Horseferry Road, Westminster"
"LINESTRING (-0.176645 51.518622,-0.130458 51.494816", "From North Wharf Road, Paddington to Horseferry Road, Westminster"
"LINESTRING (-0.187842 51.509908,-0.130458 51.494816", "From Black Lion Gate, Kensington Gardens to Horseferry Road, Westminster"
"LINESTRING (-0.058681 51.506946,-0.130458 51.494816", "From Reardon Street, Wapping to Horseferry Road, Westminster"
"LINESTRING (-0.130699 51.50777,-0.130458 51.494816", "From Pall Mall East, West End to Horseferry Road, Westminster"
"LINESTRING (-0.13011 51.513527,-0.130458 51.494816", "From Moor Street, Soho to Horseferry Road, Westminster"
"LINESTRING (-0.123616 51.529943,-0.130458 51.494816", "From Belgrove Street , King's Cross to Horseferry Road, Westminster"
"LINESTRING (-0.204764 51.519042,-0.130458 51.494816", "From All Saints' Road, Portobello to Horseferry Road, Westminster"
"LINESTRING (-0.139625 51.490962,-0.130458 51.494816", "From Gloucester Street, Pimlico to Horseferry Road, Westminster"
"LINESTRING (-0.205284 51.496712,-0.130458 51.494816", "From Warwick Road, Olympia to Horseferry Road, Westminster"
"LINESTRING (-0.126409 51.524,-0.130458 51.494816", "From Coram Street, Bloomsbury to Horseferry Road, Westminster"
"LINESTRING (-0.082989 51.510484,-0.130458 51.494816", "From Great Tower Street, Monument to Horseferry Road, Westminster"
"LINESTRING (-0.124826 51.516226,-0.130458 51.494816", "From High Holborn , Covent Garden to Horseferry Road, Westminster"
"LINESTRING (-0.10044 51.498898,-0.130458 51.494816", "From Borough Road, Elephant & Castle to Horseferry Road, Westminster"
"LINESTRING (-0.101384 51.49652,-0.130458 51.494816", "From Ontario Street, Elephant & Castle to Horseferry Road, Westminster"
"LINESTRING (-0.165164 51.514746,-0.130458 51.494816", "From Porchester Place, Paddington to Horseferry Road, Westminster"
"LINESTRING (-0.158456 51.502953,-0.130458 51.494816", "From Albert Gate, Hyde Park to Horseferry Road, Westminster"
"LINESTRING (-0.14177 51.479501,-0.130458 51.494816", "From Battersea Park Road, Nine Elms to Horseferry Road, Westminster"
"LINESTRING (-0.124678 51.51908,-0.130458 51.494816", "From British Museum, Bloomsbury to Horseferry Road, Westminster"
"LINESTRING (-0.108322 51.510981,-0.130458 51.494816", "From Temple Gardens, Temple to Horseferry Road, Westminster"
"LINESTRING (-0.153233 51.490959,-0.130458 51.494816", "From Bourne Street, Belgravia to Horseferry Road, Westminster"
"LINESTRING (-0.124469 51.485917,-0.130458 51.494816", "From Vauxhall Cross, Vauxhall to Horseferry Road, Westminster"
"LINESTRING (-0.009935 51.546326,-0.130458 51.494816", "From East Village, Queen Elizabeth Olympic Park to Horseferry Road, Westminster"
"LINESTRING (-0.2174 51.504038,-0.130458 51.494816", "From Woodstock Grove, Shepherd's Bush to Horseferry Road, Westminster"
"LINESTRING (-0.179135 51.516417,-0.130458 51.494816", "From Eastbourne Mews, Paddington to Horseferry Road, Westminster"
"LINESTRING (-0.019355 51.496137,-0.130458 51.494816", "From Millharbour, Millwall to Horseferry Road, Westminster"
"LINESTRING (-0.122492 51.486343,-0.130458 51.494816", "From Kennington Lane Rail Bridge, Vauxhall to Horseferry Road, Westminster"
"LINESTRING (-0.106 51.496127,-0.130458 51.494816", "From Geraldine Street, Elephant & Castle to Horseferry Road, Westminster"
"LINESTRING (-0.135635 51.488226,-0.130458 51.494816", "From St. George's Square, Pimlico to Horseferry Road, Westminster"
"LINESTRING (-0.132845 51.489975,-0.130458 51.494816", "From Rampayne Street, Pimlico to Horseferry Road, Westminster"
"LINESTRING (-0.183165 51.474665,-0.130458 51.494816", "From Imperial Wharf Station, Sands End to Horseferry Road, Westminster"
"LINESTRING (-0.124826 51.516226,-0.130458 51.494816", "From High Holborn , Covent Garden to Horseferry Road, Westminster"
"LINESTRING (-0.139956 51.493573,-0.130458 51.494816", "From Queen Mother Sports Centre, Victoria to Horseferry Road, Westminster"
"LINESTRING (-0.077121 51.511594,-0.130458 51.494816", "From Crosswall, Tower to Horseferry Road, Westminster"
"LINESTRING (-0.074189 51.502279,-0.130458 51.494816", "From Curlew Street, Shad Thames to Horseferry Road, Westminster"
"LINESTRING (-0.2174 51.504038,-0.130458 51.494816", "From Woodstock Grove, Shepherd's Bush to Horseferry Road, Westminster"
"LINESTRING (-0.083935 51.520009,-0.130458 51.494816", "From Sun Street, Liverpool Street to Horseferry Road, Westminster"
"LINESTRING (-0.170194 51.489716,-0.155349 51.502757", "From St. Luke's Church, Chelsea to Knightsbridge, Hyde Park"
"LINESTRING (-0.131961 51.508446,-0.155349 51.502757", "From Charles II Street, West End to Knightsbridge, Hyde Park"
"LINESTRING (-0.176645 51.518622,-0.155349 51.502757", "From North Wharf Road, Paddington to Knightsbridge, Hyde Park"
"LINESTRING (-0.176645 51.518622,-0.155349 51.502757", "From North Wharf Road, Paddington to Knightsbridge, Hyde Park"
"LINESTRING (-0.093051 51.511246,-0.155349 51.502757", "From Queen Street 2, Bank to Knightsbridge, Hyde Park"
"LINESTRING (-0.131961 51.508446,-0.155349 51.502757", "From Charles II Street, West End to Knightsbridge, Hyde Park"
"LINESTRING (-0.20782 51.473471,-0.155349 51.502757", "From Fulham Park Road, Fulham to Knightsbridge, Hyde Park"
"LINESTRING (-0.209973 51.481021,-0.155349 51.502757", "From Aintree Street, Fulham to Knightsbridge, Hyde Park"
"LINESTRING (-0.118256 51.47659,-0.09022 51.491484", "From Albert Square, Stockwell to Rodney Road , Walworth"
"LINESTRING (-0.097441 51.511961,-0.09022 51.491484", "From Queen Victoria Street, St. Paul's to Rodney Road , Walworth"
"LINESTRING (-0.114934 51.49288,-0.09022 51.491484", "From Lollard Street, Vauxhall to Rodney Road , Walworth"
"LINESTRING (-0.088285 51.519069,-0.09022 51.491484", "From Moorfields, Moorgate to Rodney Road , Walworth"
"LINESTRING (-0.099828 51.493146,-0.09022 51.491484", "From Strata, Elephant & Castle to Rodney Road , Walworth"
"LINESTRING (-0.117495 51.498241,-0.09022 51.491484", "From Archbishop's Park, Waterloo to Rodney Road , Walworth"
"LINESTRING (-0.110683 51.484788,-0.09022 51.491484", "From Kennington Road Post Office, Oval to Rodney Road , Walworth"
"LINESTRING (-0.077121 51.511594,-0.09022 51.491484", "From Crosswall, Tower to Rodney Road , Walworth"
"LINESTRING (-0.09022 51.491484,-0.09022 51.491484", "From Rodney Road , Walworth to Rodney Road , Walworth"
"LINESTRING (-0.120718 51.511968,-0.09022 51.491484", "From Tavistock Street, Covent Garden to Rodney Road , Walworth"
"LINESTRING (-0.101384 51.49652,-0.09022 51.491484", "From Ontario Street, Elephant & Castle to Rodney Road , Walworth"
"LINESTRING (-0.098031 51.505224,-0.09022 51.491484", "From Lavington Street, Bankside to Rodney Road , Walworth"
"LINESTRING (-0.093051 51.511246,-0.09022 51.491484", "From Queen Street 2, Bank to Rodney Road , Walworth"
"LINESTRING (-0.07962 51.503493,-0.09022 51.491484", "From Tooley Street, Bermondsey to Rodney Road , Walworth"
"LINESTRING (-0.09022 51.491484,-0.09022 51.491484", "From Rodney Road , Walworth to Rodney Road , Walworth"
"LINESTRING (-0.089446 51.497382,-0.09022 51.491484", "From Great Dover Street, The Borough to Rodney Road , Walworth"
"LINESTRING (-0.105593 51.488852,-0.09022 51.491484", "From Kennington Station, Kennington to Rodney Road , Walworth"
"LINESTRING (-0.00699 51.508981,-0.09022 51.491484", "From Naval Row, Blackwall to Rodney Road , Walworth"
"LINESTRING (-0.101384 51.49652,-0.09022 51.491484", "From Ontario Street, Elephant & Castle to Rodney Road , Walworth"
"LINESTRING (-0.117122 51.490994,-0.09022 51.491484", "From Black Prince Road, Vauxhall to Rodney Road , Walworth"
"LINESTRING (-0.112753 51.51501,-0.09022 51.491484", "From Carey Street, Holborn to Rodney Road , Walworth"
"LINESTRING (-0.062546 51.535678,-0.09022 51.491484", "From Regent's Row , Haggerston to Rodney Road , Walworth"
"LINESTRING (-0.121723 51.510701,-0.09022 51.491484", "From Southampton Street, Strand to Rodney Road , Walworth"
"LINESTRING (-0.0786 51.500647,-0.09022 51.491484", "From Tanner Street, Bermondsey to Rodney Road , Walworth"
"LINESTRING (-0.113864 51.504027,-0.09022 51.491484", "From Waterloo Station 1, Waterloo to Rodney Road , Walworth"
"LINESTRING (-0.14177 51.479501,-0.09022 51.491484", "From Battersea Park Road, Nine Elms to Rodney Road , Walworth"
"LINESTRING (-0.083935 51.520009,-0.09022 51.491484", "From Sun Street, Liverpool Street to Rodney Road , Walworth"
"LINESTRING (-0.112031 51.49914,-0.09022 51.491484", "From Lambeth North Station, Waterloo to Rodney Road , Walworth"
"LINESTRING (-0.09022 51.491484,-0.09022 51.491484", "From Rodney Road , Walworth to Rodney Road , Walworth"
"LINESTRING (-0.082422 51.516154,-0.09022 51.491484", "From Wormwood Street, Liverpool Street to Rodney Road , Walworth"
"LINESTRING (-0.144466 51.528302,-0.09022 51.491484", "From Albany Street, The Regent's Park to Rodney Road , Walworth"
"LINESTRING (-0.132224 51.49206,-0.09022 51.491484", "From Regency Street, Westminster to Rodney Road , Walworth"
"LINESTRING (-0.169774 51.519968,-0.187402 51.51031", "From Edgware Road Station, Marylebone to Queensway, Kensington Gardens"
"LINESTRING (-0.191496 51.503157,-0.187402 51.51031", "From Kensington Church Street, Kensington to Queensway, Kensington Gardens"
"LINESTRING (-0.169774 51.519968,-0.187402 51.51031", "From Edgware Road Station, Marylebone to Queensway, Kensington Gardens"
"LINESTRING (-0.169774 51.519968,-0.187402 51.51031", "From Edgware Road Station, Marylebone to Queensway, Kensington Gardens"
"LINESTRING (-0.170279 51.506451,-0.187402 51.51031", "From Triangle Car Park, Hyde Park to Queensway, Kensington Gardens"
"LINESTRING (-0.19024 51.515529,-0.187402 51.51031", "From Westbourne Grove, Bayswater to Queensway, Kensington Gardens"
"LINESTRING (-0.169774 51.519968,-0.187402 51.51031", "From Edgware Road Station, Marylebone to Queensway, Kensington Gardens"
"LINESTRING (-0.18377 51.5171,-0.187402 51.51031", "From Bishop's Bridge Road East, Bayswater to Queensway, Kensington Gardens"
"LINESTRING (-0.129698 51.500703,-0.187402 51.51031", "From Storey's Gate, Westminster to Queensway, Kensington Gardens"
"LINESTRING (-0.197524 51.511084,-0.187402 51.51031", "From Pembridge Villas, Notting Hill to Queensway, Kensington Gardens"
"LINESTRING (-0.171103 51.518268,-0.187402 51.51031", "From St Mary's Hospital, Paddington to Queensway, Kensington Gardens"
"LINESTRING (-0.208888 51.5212,-0.187402 51.51031", "From Bevington Road West, North Kensington to Queensway, Kensington Gardens"
"LINESTRING (-0.1844 51.502042,-0.187402 51.51031", "From Palace Gate, Kensington Gardens to Queensway, Kensington Gardens"
"LINESTRING (-0.17219 51.526448,-0.187402 51.51031", "From Lisson Grove, St. John's Wood to Queensway, Kensington Gardens"
"LINESTRING (-0.169774 51.519968,-0.187402 51.51031", "From Edgware Road Station, Marylebone to Queensway, Kensington Gardens"
"LINESTRING (-0.166878 51.488023,-0.187402 51.51031", "From Flood Street, Chelsea to Queensway, Kensington Gardens"
"LINESTRING (-0.131773 51.506633,-0.187402 51.51031", "From Waterloo Place, St. James's to Queensway, Kensington Gardens"
"LINESTRING (-0.191351 51.513489,-0.187402 51.51031", "From Princes Square, Bayswater to Queensway, Kensington Gardens"
"LINESTRING (-0.164207 51.517372,-0.187402 51.51031", "From Harrowby Street, Marylebone to Queensway, Kensington Gardens"
"LINESTRING (-0.187278 51.475142,-0.187402 51.51031", "From Imperial Road, Sands End to Queensway, Kensington Gardens"
"LINESTRING (-0.204764 51.519042,-0.187402 51.51031", "From All Saints' Road, Portobello to Queensway, Kensington Gardens"
"LINESTRING (-0.19096 51.51244,-0.187402 51.51031", "From Ilchester Gardens, Bayswater to Queensway, Kensington Gardens"
"LINESTRING (-0.167894 51.493184,-0.187402 51.51031", "From Sloane Avenue, Knightsbridge to Queensway, Kensington Gardens"
"LINESTRING (-0.193764 51.508605,-0.187402 51.51031", "From Palace Gardens Terrace, Notting Hill to Queensway, Kensington Gardens"
"LINESTRING (-0.180246 51.501026,-0.187402 51.51031", "From Queen's Gate (North), Kensington to Queensway, Kensington Gardens"
"LINESTRING (-0.166878 51.488023,-0.187402 51.51031", "From Flood Street, Chelsea to Queensway, Kensington Gardens"
"LINESTRING (-0.158105 51.494645,-0.187402 51.51031", "From Cadogan Place, Knightsbridge to Queensway, Kensington Gardens"
"LINESTRING (-0.111778 51.515937,-0.187402 51.51031", "From Breams Buildings, Holborn to Queensway, Kensington Gardens"
"LINESTRING (-0.193068 51.500397,-0.187402 51.51031", "From Wright's Lane, Kensington to Queensway, Kensington Gardens"
"LINESTRING (-0.174554 51.499917,-0.187402 51.51031", "From Exhibition Road, Knightsbridge to Queensway, Kensington Gardens"
"LINESTRING (-0.18697 51.51616,-0.187402 51.51031", "From Bishop's Bridge Road West, Bayswater to Queensway, Kensington Gardens"
"LINESTRING (-0.179854 51.501715,-0.187402 51.51031", "From Queen's Gate, Kensington Gardens to Queensway, Kensington Gardens"
"LINESTRING (-0.129698 51.500703,-0.187402 51.51031", "From Storey's Gate, Westminster to Queensway, Kensington Gardens"
"LINESTRING (-0.169774 51.519968,-0.187402 51.51031", "From Edgware Road Station, Marylebone to Queensway, Kensington Gardens"
"LINESTRING (-0.15352 51.503117,-0.187402 51.51031", "From Hyde Park Corner, Hyde Park to Queensway, Kensington Gardens"
"LINESTRING (-0.15352 51.503117,-0.187402 51.51031", "From Hyde Park Corner, Hyde Park to Queensway, Kensington Gardens"
"LINESTRING (-0.144165 51.510736,-0.187402 51.51031", "From Bruton Street, Mayfair to Queensway, Kensington Gardens"
"LINESTRING (-0.17306 51.505014,-0.187402 51.51031", "From Serpentine Car Park, Hyde Park to Queensway, Kensington Gardens"
"LINESTRING (-0.163609 51.51809,-0.187402 51.51031", "From Shouldham Street, Marylebone to Queensway, Kensington Gardens"
"LINESTRING (-0.187842 51.509908,-0.187402 51.51031", "From Black Lion Gate, Kensington Gardens to Queensway, Kensington Gardens"
"LINESTRING (-0.155757 51.51013,-0.187402 51.51031", "From Upper Grosvenor Street, Mayfair to Queensway, Kensington Gardens"
"LINESTRING (-0.225787 51.514767,-0.187402 51.51031", "From BBC White City, White City to Queensway, Kensington Gardens"
"LINESTRING (-0.209973 51.481021,-0.187402 51.51031", "From Aintree Street, Fulham to Queensway, Kensington Gardens"
"LINESTRING (-0.15352 51.503117,-0.187402 51.51031", "From Hyde Park Corner, Hyde Park to Queensway, Kensington Gardens"
"LINESTRING (-0.158264 51.514577,-0.187402 51.51031", "From Old Quebec Street, Marylebone to Queensway, Kensington Gardens"
"LINESTRING (-0.108657 51.51795,-0.187402 51.51031", "From Holborn Circus, Holborn to Queensway, Kensington Gardens"
"LINESTRING (-0.191496 51.503157,-0.187402 51.51031", "From Kensington Church Street, Kensington to Queensway, Kensington Gardens"
"LINESTRING (-0.135777 51.51953,-0.187402 51.51031", "From Charlotte Street, Fitzrovia to Queensway, Kensington Gardens"
"LINESTRING (-0.211316 51.500088,-0.196422 51.509353", "From Russell Gardens, Olympia to Notting Hill Gate Station, Notting Hill"
"LINESTRING (-0.200804 51.520509,-0.196422 51.509353", "From The Metropolitan, Portobello to Notting Hill Gate Station, Notting Hill"
"LINESTRING (-0.204764 51.519042,-0.196422 51.509353", "From All Saints' Road, Portobello to Notting Hill Gate Station, Notting Hill"
"LINESTRING (-0.204666 51.509591,-0.196422 51.509353", "From Lansdowne Walk, Ladbroke Grove to Notting Hill Gate Station, Notting Hill"
"LINESTRING (-0.208888 51.5212,-0.196422 51.509353", "From Bevington Road West, North Kensington to Notting Hill Gate Station, Notting Hill"
"LINESTRING (-0.118272 51.516277,-0.196422 51.509353", "From Lincoln's Inn Fields, Holborn to Notting Hill Gate Station, Notting Hill"
"LINESTRING (-0.150181 51.536922,-0.196422 51.509353", "From London Zoo Car Park, The Regent's Park to Notting Hill Gate Station, Notting Hill"
"LINESTRING (-0.118272 51.516277,-0.196422 51.509353", "From Lincoln's Inn Fields, Holborn to Notting Hill Gate Station, Notting Hill"
"LINESTRING (-0.164393 51.516517,-0.196422 51.509353", "From Nutford Place, Marylebone to Notting Hill Gate Station, Notting Hill"
"LINESTRING (-0.158264 51.514577,-0.196422 51.509353", "From Old Quebec Street, Marylebone to Notting Hill Gate Station, Notting Hill"
"LINESTRING (-0.213872 51.51687,-0.196422 51.509353", "From St. Mark's Road, North Kensington to Notting Hill Gate Station, Notting Hill"
"LINESTRING (-0.208565 51.515108,-0.196422 51.509353", "From Blenheim Crescent, Ladbroke Grove to Notting Hill Gate Station, Notting Hill"
"LINESTRING (-0.202608 51.51632,-0.196422 51.509353", "From All Saints Church, Portobello to Notting Hill Gate Station, Notting Hill"
"LINESTRING (-0.176645 51.518622,-0.196422 51.509353", "From North Wharf Road, Paddington to Notting Hill Gate Station, Notting Hill"
"LINESTRING (-0.183834 51.497924,-0.196422 51.509353", "From Gloucester Road (North), Kensington to Notting Hill Gate Station, Notting Hill"
"LINESTRING (-0.174554 51.499917,-0.196422 51.509353", "From Exhibition Road, Knightsbridge to Notting Hill Gate Station, Notting Hill"
"LINESTRING (-0.201005 51.51787,-0.196422 51.509353", "From Westbourne Park Road, Portobello to Notting Hill Gate Station, Notting Hill"
"LINESTRING (-0.131213 51.513103,-0.196422 51.509353", "From Frith Street, Soho to Notting Hill Gate Station, Notting Hill"
"LINESTRING (-0.208888 51.5212,-0.196422 51.509353", "From Bevington Road West, North Kensington to Notting Hill Gate Station, Notting Hill"
"LINESTRING (-0.108322 51.510981,-0.196422 51.509353", "From Temple Gardens, Temple to Notting Hill Gate Station, Notting Hill"
"LINESTRING (-0.107927 51.513821,-0.196422 51.509353", "From Bouverie Street, Temple to Notting Hill Gate Station, Notting Hill"
"LINESTRING (-0.208888 51.5212,-0.196422 51.509353", "From Bevington Road West, North Kensington to Notting Hill Gate Station, Notting Hill"
"LINESTRING (-0.18267 51.494185,-0.196422 51.509353", "From Gloucester Road Station, South Kensington to Notting Hill Gate Station, Notting Hill"
"LINESTRING (-0.209121 51.491026,-0.196422 51.509353", "From Gwendwr Road, West Kensington to Notting Hill Gate Station, Notting Hill"
"LINESTRING (-0.214594 51.510928,-0.196422 51.509353", "From Sirdar Road, Avondale to Notting Hill Gate Station, Notting Hill"
"LINESTRING (-0.192538 51.504723,-0.196422 51.509353", "From Vicarage Gate, Kensington to Notting Hill Gate Station, Notting Hill"
"LINESTRING (-0.204764 51.519042,-0.196422 51.509353", "From All Saints' Road, Portobello to Notting Hill Gate Station, Notting Hill"
"LINESTRING (-0.174411 51.511933,-0.196422 51.509353", "From Bayswater Road, Hyde Park to Notting Hill Gate Station, Notting Hill"
"LINESTRING (-0.176267 51.472876,-0.196422 51.509353", "From Vicarage Crescent, Battersea to Notting Hill Gate Station, Notting Hill"
"LINESTRING (-0.202608 51.51632,-0.196422 51.509353", "From All Saints Church, Portobello to Notting Hill Gate Station, Notting Hill"
"LINESTRING (-0.196422 51.509353,-0.196422 51.509353", "From Notting Hill Gate Station, Notting Hill to Notting Hill Gate Station, Notting Hill"
"LINESTRING (-0.211316 51.500088,-0.131961 51.508446", "From Russell Gardens, Olympia to Charles II Street, West End"
"LINESTRING (-0.138072 51.517344,-0.131961 51.508446", "From Wells Street, Fitzrovia to Charles II Street, West End"
"LINESTRING (-0.08066 51.514225,-0.131961 51.508446", "From St. Mary Axe, Aldgate to Charles II Street, West End"
"LINESTRING (-0.123616 51.529943,-0.131961 51.508446", "From Belgrove Street , King's Cross to Charles II Street, West End"
"LINESTRING (-0.193487 51.513735,-0.131961 51.508446", "From Hereford Road, Bayswater to Charles II Street, West End"
"LINESTRING (-0.112031 51.49914,-0.131961 51.508446", "From Lambeth North Station, Waterloo to Charles II Street, West End"
"LINESTRING (-0.138364 51.492111,-0.131961 51.508446", "From Tachbrook Street, Victoria to Charles II Street, West End"
"LINESTRING (-0.151359 51.522008,-0.131961 51.508446", "From Beaumont Street, Marylebone to Charles II Street, West End"
"LINESTRING (-0.113864 51.504027,-0.131961 51.508446", "From Waterloo Station 1, Waterloo to Charles II Street, West End"
"LINESTRING (-0.162298 51.522511,-0.131961 51.508446", "From Boston Place, Marylebone to Charles II Street, West End"
"LINESTRING (-0.157436 51.512276,-0.131961 51.508446", "From Green Street, Mayfair to Charles II Street, West End"
"LINESTRING (-0.068161 51.509786,-0.131961 51.508446", "From Dock Street, Wapping to Charles II Street, West End"
"LINESTRING (-0.098497 51.503688,-0.131961 51.508446", "From Union Street, The Borough to Charles II Street, West End"
"LINESTRING (-0.085666 51.499075,-0.131961 51.508446", "From Long Lane , Bermondsey to Charles II Street, West End"
"LINESTRING (-0.15352 51.503117,-0.131961 51.508446", "From Hyde Park Corner, Hyde Park to Charles II Street, West End"
"LINESTRING (-0.142943 51.496863,-0.131961 51.508446", "From Allington Street, Victoria to Charles II Street, West End"
"LINESTRING (-0.151926 51.516814,-0.131961 51.508446", "From Hinde Street, Marylebone to Charles II Street, West End"
"LINESTRING (-0.141923 51.489856,-0.131961 51.508446", "From Warwick Square, Pimlico to Charles II Street, West End"
"LINESTRING (-0.093903 51.530991,-0.131961 51.508446", "From Wenlock Road , Hoxton to Charles II Street, West End"
"LINESTRING (-0.168074 51.5343,-0.131961 51.508446", "From Charlbert Street, St. John's Wood to Charles II Street, West End"
"LINESTRING (-0.138072 51.517344,-0.131961 51.508446", "From Wells Street, Fitzrovia to Charles II Street, West End"
"LINESTRING (-0.140485 51.519181,-0.131961 51.508446", "From Foley Street, Fitzrovia to Charles II Street, West End"
"LINESTRING (-0.201554 51.512136,-0.131961 51.508446", "From Chepstow Villas, Notting Hill to Charles II Street, West End"
"LINESTRING (-0.122299 51.530199,-0.11548 51.528915", "From Birkenhead Street, King's Cross to Great Percy Street, Clerkenwell"
"LINESTRING (-0.057133 51.527607,-0.11548 51.528915", "From Hollybush Gardens, Bethnal Green to Great Percy Street, Clerkenwell"
"LINESTRING (-0.122299 51.530199,-0.11548 51.528915", "From Birkenhead Street, King's Cross to Great Percy Street, Clerkenwell"
"LINESTRING (-0.112753 51.51501,-0.11548 51.528915", "From Carey Street, Holborn to Great Percy Street, Clerkenwell"
"LINESTRING (-0.138019 51.524438,-0.11548 51.528915", "From Warren Street Station, Euston to Great Percy Street, Clerkenwell"
"LINESTRING (-0.123509 51.52625,-0.11548 51.528915", "From Tavistock Place, Bloomsbury to Great Percy Street, Clerkenwell"
"LINESTRING (-0.099489 51.524868,-0.11548 51.528915", "From Sadlers Sports Centre, Finsbury to Great Percy Street, Clerkenwell"
"LINESTRING (-0.089782 51.53089,-0.11548 51.528915", "From Murray Grove , Hoxton to Great Percy Street, Clerkenwell"
"LINESTRING (-0.099981 51.532661,-0.11548 51.528915", "From Graham Street, Angel to Great Percy Street, Clerkenwell"
"LINESTRING (-0.161113 51.522596,-0.11548 51.528915", "From Dorset Square, Marylebone to Great Percy Street, Clerkenwell"
"LINESTRING (-0.099489 51.524868,-0.11548 51.528915", "From Sadlers Sports Centre, Finsbury to Great Percy Street, Clerkenwell"
"LINESTRING (-0.117863 51.515208,-0.11548 51.528915", "From Sardinia Street, Holborn to Great Percy Street, Clerkenwell"
"LINESTRING (-0.130504 51.526838,-0.11548 51.528915", "From Endsleigh Gardens, Euston to Great Percy Street, Clerkenwell"
"LINESTRING (-0.037366 51.534137,-0.11548 51.528915", "From Driffield Road, Old Ford to Great Percy Street, Clerkenwell"
"LINESTRING (-0.114605 51.495656,-0.11548 51.528915", "From Sail Street, Vauxhall to Great Percy Street, Clerkenwell"
"LINESTRING (-0.104778 51.504044,-0.11548 51.528915", "From Southwark Station 2, Southwark to Great Percy Street, Clerkenwell"
"LINESTRING (-0.116688 51.520596,-0.11548 51.528915", "From Theobald's Road , Holborn to Great Percy Street, Clerkenwell"
"LINESTRING (-0.074704 51.500845,-0.11548 51.528915", "From Tower Wharf, Bermondsey to Great Percy Street, Clerkenwell"
"LINESTRING (-0.121328 51.517606,-0.11548 51.528915", "From Southampton Place, Holborn to Great Percy Street, Clerkenwell"
"LINESTRING (-0.208888 51.5212,-0.134621 51.507424", "From Bevington Road West, North Kensington to St. James's Square, St. James's"
"LINESTRING (-0.147714 51.483507,-0.134621 51.507424", "From Battersea Power Station, Battersea Park to St. James's Square, St. James's"
"LINESTRING (-0.192369 51.491593,-0.134621 51.507424", "From Penywern Road, Earl's Court to St. James's Square, St. James's"
"LINESTRING (-0.129361 51.488365,-0.134621 51.507424", "From Vauxhall Bridge , Pimlico to St. James's Square, St. James's"
"LINESTRING (-0.161113 51.522596,-0.134621 51.507424", "From Dorset Square, Marylebone to St. James's Square, St. James's"
"LINESTRING (-0.166304 51.525051,-0.134621 51.507424", "From Mallory Street, Marylebone to St. James's Square, St. James's"
"LINESTRING (-0.198286 51.493724,-0.134621 51.507424", "From West Cromwell Road, Earl's Court to St. James's Square, St. James's"
"LINESTRING (-0.159322 51.461343,-0.134621 51.507424", "From Clapham Common North Side, Clapham Common to St. James's Square, St. James's"
"LINESTRING (-0.183486 51.529857,-0.134621 51.507424", "From Maida Vale, Maida Vale to St. James's Square, St. James's"
"LINESTRING (-0.105344 51.515059,-0.134621 51.507424", "From St. Bride Street, Holborn to St. James's Square, St. James's"
"LINESTRING (-0.065076 51.52388,-0.134621 51.507424", "From Cheshire Street, Bethnal Green to St. James's Square, St. James's"
"LINESTRING (-0.137598 51.497698,-0.134621 51.507424", "From Kings Gate House, Westminster to St. James's Square, St. James's"
"LINESTRING (-0.145904 51.507069,-0.134621 51.507424", "From Curzon Street, Mayfair to St. James's Square, St. James's"
"LINESTRING (-0.091938 51.492807,-0.134621 51.507424", "From Victory Place, Walworth to St. James's Square, St. James's"
"LINESTRING (-0.149004 51.485821,-0.134621 51.507424", "From Chelsea Bridge, Pimlico to St. James's Square, St. James's"
"LINESTRING (-0.147301 51.514105,-0.134621 51.507424", "From Woodstock Street, Mayfair to St. James's Square, St. James's"
"LINESTRING (-0.121723 51.510701,-0.134621 51.507424", "From Southampton Street, Strand to St. James's Square, St. James's"
"LINESTRING (-0.135635 51.488226,-0.134621 51.507424", "From St. George's Square, Pimlico to St. James's Square, St. James's"
"LINESTRING (-0.135635 51.488226,-0.134621 51.507424", "From St. George's Square, Pimlico to St. James's Square, St. James's"
"LINESTRING (-0.115057 51.512582,-0.134621 51.507424", "From Strand, Strand to St. James's Square, St. James's"
"LINESTRING (-0.126021 51.508103,-0.134621 51.507424", "From Craven Street, Strand to St. James's Square, St. James's"
"LINESTRING (-0.164393 51.516517,-0.134621 51.507424", "From Nutford Place, Marylebone to St. James's Square, St. James's"
"LINESTRING (-0.199783 51.472817,-0.134621 51.507424", "From Parson's Green , Parson's Green to St. James's Square, St. James's"
"LINESTRING (-0.179135 51.516417,-0.134621 51.507424", "From Eastbourne Mews, Paddington to St. James's Square, St. James's"
"LINESTRING (-0.163347 51.474392,-0.134621 51.507424", "From Albert Bridge Road, Battersea Park to St. James's Square, St. James's"
"LINESTRING (-0.165164 51.514746,-0.134621 51.507424", "From Porchester Place, Paddington to St. James's Square, St. James's"
"LINESTRING (-0.15934 51.500241,-0.134621 51.507424", "From Harriet Street, Knightsbridge to St. James's Square, St. James's"
"LINESTRING (-0.161113 51.522596,-0.134621 51.507424", "From Dorset Square, Marylebone to St. James's Square, St. James's"
"LINESTRING (-0.183289 51.496462,-0.134621 51.507424", "From Gloucester Road (Central), South Kensington to St. James's Square, St. James's"
"LINESTRING (-0.154701 51.520583,-0.134621 51.507424", "From Paddington Street, Marylebone to St. James's Square, St. James's"
"LINESTRING (-0.159169 51.475153,-0.134621 51.507424", "From Prince of Wales Drive, Battersea Park to St. James's Square, St. James's"
"LINESTRING (-0.147624 51.49395,-0.134621 51.507424", "From Eccleston Place, Victoria to St. James's Square, St. James's"
"LINESTRING (-0.142943 51.496863,-0.134621 51.507424", "From Allington Street, Victoria to St. James's Square, St. James's"
"LINESTRING (-0.142943 51.496863,-0.134621 51.507424", "From Allington Street, Victoria to St. James's Square, St. James's"
"LINESTRING (-0.191496 51.503157,-0.134621 51.507424", "From Kensington Church Street, Kensington to St. James's Square, St. James's"
"LINESTRING (-0.155525 51.516204,-0.134621 51.507424", "From Portman Square, Marylebone to St. James's Square, St. James's"
"LINESTRING (-0.142943 51.496863,-0.134621 51.507424", "From Allington Street, Victoria to St. James's Square, St. James's"
"LINESTRING (-0.130504 51.526838,-0.134621 51.507424", "From Endsleigh Gardens, Euston to St. James's Square, St. James's"
"LINESTRING (-0.205279 51.487244,-0.134621 51.507424", "From Star Road, West Kensington to St. James's Square, St. James's"
"LINESTRING (-0.110121 51.488105,-0.134621 51.507424", "From Cleaver Street, Kennington to St. James's Square, St. James's"
"LINESTRING (-0.111435 51.48894,-0.134621 51.507424", "From Kennington Cross, Kennington to St. James's Square, St. James's"
"LINESTRING (-0.100186 51.505817,-0.134621 51.507424", "From Bankside Mix, Bankside to St. James's Square, St. James's"
"LINESTRING (-0.153233 51.490959,-0.134621 51.507424", "From Bourne Street, Belgravia to St. James's Square, St. James's"
"LINESTRING (-0.145211 51.520715,-0.134621 51.507424", "From Portland Place, Marylebone to St. James's Square, St. James's"
"LINESTRING (-0.116493 51.477839,-0.134621 51.507424", "From Caldwell Street, Stockwell to St. James's Square, St. James's"
"LINESTRING (-0.158456 51.502953,-0.134621 51.507424", "From Albert Gate, Hyde Park to St. James's Square, St. James's"
"LINESTRING (-0.191933 51.495866,-0.134621 51.507424", "From Lexham Gardens, Kensington to St. James's Square, St. James's"
"LINESTRING (-0.215808 51.503802,-0.134621 51.507424", "From Hansard Mews, Holland Park to St. James's Square, St. James's"
"LINESTRING (-0.184318 51.468819,-0.134621 51.507424", "From William Morris Way, Sands End to St. James's Square, St. James's"
"LINESTRING (-0.199783 51.472817,-0.134621 51.507424", "From Parson's Green , Parson's Green to St. James's Square, St. James's"
"LINESTRING (-0.136039 51.519914,-0.134621 51.507424", "From Scala Street, Fitzrovia to St. James's Square, St. James's"
"LINESTRING (-0.130504 51.526838,-0.134621 51.507424", "From Endsleigh Gardens, Euston to St. James's Square, St. James's"
"LINESTRING (-0.102996 51.486929,-0.134621 51.507424", "From Doddington Grove, Kennington to St. James's Square, St. James's"
"LINESTRING (-0.117619 51.509943,-0.134621 51.507424", "From Somerset House, Strand to St. James's Square, St. James's"
"LINESTRING (-0.18119 51.485587,-0.134621 51.507424", "From Limerston Street, West Chelsea to St. James's Square, St. James's"
"LINESTRING (-0.152317 51.499412,-0.134621 51.507424", "From Belgrave Square, Belgravia to St. James's Square, St. James's"
"LINESTRING (-0.158249 51.516892,-0.134621 51.507424", "From George Place Mews, Marylebone to St. James's Square, St. James's"
"LINESTRING (-0.158456 51.502953,-0.134621 51.507424", "From Albert Gate, Hyde Park to St. James's Square, St. James's"
"LINESTRING (-0.147203 51.515308,-0.134621 51.507424", "From Chapel Place, Marylebone to St. James's Square, St. James's"
"LINESTRING (-0.112824 51.503791,-0.134621 51.507424", "From Waterloo Station 3, Waterloo to St. James's Square, St. James's"
"LINESTRING (-0.191462 51.501364,-0.134621 51.507424", "From Derry Street, Kensington to St. James's Square, St. James's"
"LINESTRING (-0.202759 51.500743,-0.134621 51.507424", "From Ilchester Place, Kensington to St. James's Square, St. James's"
"LINESTRING (-0.077121 51.511594,-0.134621 51.507424", "From Crosswall, Tower to St. James's Square, St. James's"
"LINESTRING (-0.209973 51.481021,-0.134621 51.507424", "From Aintree Street, Fulham to St. James's Square, St. James's"
"LINESTRING (-0.093903 51.530991,-0.134621 51.507424", "From Wenlock Road , Hoxton to St. James's Square, St. James's"
"LINESTRING (-0.168917 51.497056,-0.134621 51.507424", "From Holy Trinity Brompton, Knightsbridge to St. James's Square, St. James's"
"LINESTRING (-0.161765 51.487964,-0.134621 51.507424", "From Ormonde Gate, Chelsea to St. James's Square, St. James's"
"LINESTRING (-0.097122 51.529423,-0.134621 51.507424", "From Macclesfield Rd, St Lukes to St. James's Square, St. James's"
"LINESTRING (-0.110889 51.495718,-0.134621 51.507424", "From Kennington Road  , Vauxhall to St. James's Square, St. James's"
"LINESTRING (-0.161765 51.487964,-0.134621 51.507424", "From Ormonde Gate, Chelsea to St. James's Square, St. James's"
"LINESTRING (-0.158105 51.494645,-0.134621 51.507424", "From Cadogan Place, Knightsbridge to St. James's Square, St. James's"
"LINESTRING (-0.142783 51.51196,-0.134621 51.507424", "From St. George Street, Mayfair to St. James's Square, St. James's"
"LINESTRING (-0.1844 51.502042,-0.134621 51.507424", "From Palace Gate, Kensington Gardens to St. James's Square, St. James's"
"LINESTRING (-0.19617 51.490853,-0.134621 51.507424", "From Trebovir Road, Earl's Court to St. James's Square, St. James's"
"LINESTRING (-0.201005 51.51787,-0.134621 51.507424", "From Westbourne Park Road, Portobello to St. James's Square, St. James's"
"LINESTRING (-0.103137 51.506692,-0.134621 51.507424", "From Poured Lines, Bankside to St. James's Square, St. James's"
"LINESTRING (-0.156166 51.518913,-0.134621 51.507424", "From Baker Street, Marylebone to St. James's Square, St. James's"
"LINESTRING (-0.172078 51.482567,-0.134621 51.507424", "From Danvers Street, West Chelsea to St. James's Square, St. James's"
"LINESTRING (-0.17677 51.530889,-0.134621 51.507424", "From Grove End Road, St. John's Wood to St. James's Square, St. James's"
"LINESTRING (-0.141923 51.489856,-0.134621 51.507424", "From Warwick Square, Pimlico to St. James's Square, St. James's"
"LINESTRING (-0.137598 51.497698,-0.134621 51.507424", "From Kings Gate House, Westminster to St. James's Square, St. James's"
"LINESTRING (-0.184318 51.468819,-0.134621 51.507424", "From William Morris Way, Sands End to St. James's Square, St. James's"
"LINESTRING (-0.152248 51.467185,-0.134621 51.507424", "From Ashley Crescent, Battersea to St. James's Square, St. James's"
"LINESTRING (-0.179135 51.516417,-0.134621 51.507424", "From Eastbourne Mews, Paddington to St. James's Square, St. James's"
"LINESTRING (-0.208565 51.515108,-0.134621 51.507424", "From Blenheim Crescent, Ladbroke Grove to St. James's Square, St. James's"
"LINESTRING (-0.112824 51.503791,-0.134621 51.507424", "From Waterloo Station 3, Waterloo to St. James's Square, St. James's"
"LINESTRING (-0.122806 51.490435,-0.134621 51.507424", "From Albert Embankment, Vauxhall to St. James's Square, St. James's"
"LINESTRING (-0.083632 51.502153,-0.134621 51.507424", "From Snowsfields, London Bridge to St. James's Square, St. James's"
"LINESTRING (-0.082422 51.516154,-0.134621 51.507424", "From Wormwood Street, Liverpool Street to St. James's Square, St. James's"
"LINESTRING (-0.175116 51.523353,-0.134621 51.507424", "From Frampton Street, Paddington to St. James's Square, St. James's"
"LINESTRING (-0.200742 51.502319,-0.134621 51.507424", "From Holland Park, Kensington to St. James's Square, St. James's"
"LINESTRING (-0.167919 51.484984,-0.134621 51.507424", "From Phene Street, Chelsea to St. James's Square, St. James's"
"LINESTRING (-0.121723 51.510701,-0.134621 51.507424", "From Southampton Street, Strand to St. James's Square, St. James's"
"LINESTRING (-0.149569 51.50274,-0.134621 51.507424", "From Wellington Arch, Hyde Park to St. James's Square, St. James's"
"LINESTRING (-0.144228 51.518117,-0.134621 51.507424", "From Broadcasting House, Marylebone to St. James's Square, St. James's"
"LINESTRING (-0.193487 51.513735,-0.134621 51.507424", "From Hereford Road, Bayswater to St. James's Square, St. James's"
"LINESTRING (-0.108028 51.518825,-0.134621 51.507424", "From Hatton Garden, Holborn to St. James's Square, St. James's"
"LINESTRING (-0.175116 51.523353,-0.134621 51.507424", "From Frampton Street, Paddington to St. James's Square, St. James's"
"LINESTRING (-0.082989 51.510484,-0.134621 51.507424", "From Great Tower Street, Monument to St. James's Square, St. James's"
"LINESTRING (-0.142207 51.485357,-0.134621 51.507424", "From Grosvenor Road, Pimlico to St. James's Square, St. James's"
"LINESTRING (-0.158456 51.502953,-0.134621 51.507424", "From Albert Gate, Hyde Park to St. James's Square, St. James's"
"LINESTRING (-0.173881 51.494412,-0.134621 51.507424", "From South Kensington Station, South Kensington to St. James's Square, St. James's"
"LINESTRING (-0.137424 51.498865,-0.134621 51.507424", "From Buckingham Gate, Westminster to St. James's Square, St. James's"
"LINESTRING (-0.093051 51.511246,-0.134621 51.507424", "From Queen Street 2, Bank to St. James's Square, St. James's"
"LINESTRING (-0.158264 51.514577,-0.134621 51.507424", "From Old Quebec Street, Marylebone to St. James's Square, St. James's"
"LINESTRING (-0.127554 51.493978,-0.134621 51.507424", "From Page Street, Westminster to St. James's Square, St. James's"
"LINESTRING (-0.123616 51.529943,-0.134621 51.507424", "From Belgrove Street , King's Cross to St. James's Square, St. James's"
"LINESTRING (-0.113426 51.503919,-0.134621 51.507424", "From Waterloo Station 2, Waterloo to St. James's Square, St. James's"
"LINESTRING (-0.17581 51.517335,-0.134621 51.507424", "From South Wharf Road, Paddington to St. James's Square, St. James's"
"LINESTRING (-0.176267 51.472876,-0.134621 51.507424", "From Vicarage Crescent, Battersea to St. James's Square, St. James's"
"LINESTRING (-0.105593 51.488852,-0.134621 51.507424", "From Kennington Station, Kennington to St. James's Square, St. James's"
"LINESTRING (-0.14296 51.497998,-0.134621 51.507424", "From Warwick Row, Westminster to St. James's Square, St. James's"
"LINESTRING (-0.161203 51.496886,-0.134621 51.507424", "From Pont Street, Knightsbridge to St. James's Square, St. James's"
"LINESTRING (-0.113426 51.503919,-0.134621 51.507424", "From Waterloo Station 2, Waterloo to St. James's Square, St. James's"
"LINESTRING (-0.147714 51.483507,-0.134621 51.507424", "From Battersea Power Station, Battersea Park to St. James's Square, St. James's"
"LINESTRING (-0.202608 51.51632,-0.134621 51.507424", "From All Saints Church, Portobello to St. James's Square, St. James's"
"LINESTRING (-0.083632 51.502153,-0.134621 51.507424", "From Snowsfields, London Bridge to St. James's Square, St. James's"
"LINESTRING (-0.18267 51.494185,-0.134621 51.507424", "From Gloucester Road Station, South Kensington to St. James's Square, St. James's"
"LINESTRING (-0.112824 51.503791,-0.134621 51.507424", "From Waterloo Station 3, Waterloo to St. James's Square, St. James's"
"LINESTRING (-0.158456 51.502953,-0.134621 51.507424", "From Albert Gate, Hyde Park to St. James's Square, St. James's"
"LINESTRING (-0.211316 51.500088,-0.134621 51.507424", "From Russell Gardens, Olympia to St. James's Square, St. James's"
"LINESTRING (-0.075578 51.52127,-0.134621 51.507424", "From Commercial Street, Shoreditch to St. James's Square, St. James's"
"LINESTRING (-0.134621 51.507424,-0.134621 51.507424", "From St. James's Square, St. James's to St. James's Square, St. James's"
"LINESTRING (-0.075459 51.509506,-0.123179 51.506543", "From Tower Gardens , Tower to Whitehall Place, Strand"
"LINESTRING (-0.148105 51.514759,-0.123179 51.506543", "From Marylebone Lane, Marylebone to Whitehall Place, Strand"
"LINESTRING (-0.13011 51.513527,-0.123179 51.506543", "From Moor Street, Soho to Whitehall Place, Strand"
"LINESTRING (-0.108028 51.518825,-0.123179 51.506543", "From Hatton Garden, Holborn to Whitehall Place, Strand"
"LINESTRING (-0.053558 51.511066,-0.123179 51.506543", "From Sutton Street, Shadwell to Whitehall Place, Strand"
"LINESTRING (-0.097441 51.511961,-0.123179 51.506543", "From Queen Victoria Street, St. Paul's to Whitehall Place, Strand"
"LINESTRING (-0.123179 51.506543,-0.123179 51.506543", "From Whitehall Place, Strand to Whitehall Place, Strand"
"LINESTRING (-0.122219 51.51477,-0.123179 51.506543", "From Drury Lane, Covent Garden to Whitehall Place, Strand"
"LINESTRING (-0.157436 51.512276,-0.123179 51.506543", "From Green Street, Mayfair to Whitehall Place, Strand"
"LINESTRING (-0.108322 51.510981,-0.123179 51.506543", "From Temple Gardens, Temple to Whitehall Place, Strand"
"LINESTRING (-0.144132 51.493204,-0.123179 51.506543", "From Belgrave Road, Victoria to Whitehall Place, Strand"
"LINESTRING (-0.092921 51.494436,-0.123179 51.506543", "From New Kent Road, The Borough to Whitehall Place, Strand"
"LINESTRING (-0.147478 51.492369,-0.123179 51.506543", "From Elizabeth Bridge, Victoria to Whitehall Place, Strand"
"LINESTRING (-0.135025 51.518162,-0.123179 51.506543", "From Rathbone Street, Fitzrovia to Whitehall Place, Strand"
"LINESTRING (-0.18697 51.51616,-0.123179 51.506543", "From Bishop's Bridge Road West, Bayswater to Whitehall Place, Strand"
"LINESTRING (-0.18119 51.485587,-0.123179 51.506543", "From Limerston Street, West Chelsea to Whitehall Place, Strand"
"LINESTRING (-0.135025 51.518162,-0.123179 51.506543", "From Rathbone Street, Fitzrovia to Whitehall Place, Strand"
"LINESTRING (-0.139625 51.490962,-0.123179 51.506543", "From Gloucester Street, Pimlico to Whitehall Place, Strand"
"LINESTRING (-0.0786 51.500647,-0.123179 51.506543", "From Tanner Street, Bermondsey to Whitehall Place, Strand"
"LINESTRING (-0.137043 51.511897,-0.123179 51.506543", "From Golden Square, Soho to Whitehall Place, Strand"
"LINESTRING (-0.121394 51.493699,-0.123179 51.506543", "From Fire Brigade Pier, Vauxhall to Whitehall Place, Strand"
"LINESTRING (-0.123179 51.506543,-0.123179 51.506543", "From Whitehall Place, Strand to Whitehall Place, Strand"
"LINESTRING (-0.199783 51.472817,-0.123179 51.506543", "From Parson's Green , Parson's Green to Whitehall Place, Strand"
"LINESTRING (-0.179135 51.516417,-0.123179 51.506543", "From Eastbourne Mews, Paddington to Whitehall Place, Strand"
"LINESTRING (-0.136123 51.482362,-0.123179 51.506543", "From Riverlight North, Nine Elms to Whitehall Place, Strand"
"LINESTRING (-0.157436 51.512276,-0.123179 51.506543", "From Green Street, Mayfair to Whitehall Place, Strand"
"LINESTRING (-0.170279 51.506451,-0.123179 51.506543", "From Triangle Car Park, Hyde Park to Whitehall Place, Strand"
"LINESTRING (-0.137043 51.511897,-0.123179 51.506543", "From Golden Square, Soho to Whitehall Place, Strand"
"LINESTRING (-0.134407 51.526236,-0.123179 51.506543", "From Euston Road, Euston to Whitehall Place, Strand"
"LINESTRING (-0.042744 51.530326,-0.123179 51.506543", "From Twig Folly Bridge, Mile End to Whitehall Place, Strand"
"LINESTRING (-0.122759 51.487807,-0.123179 51.506543", "From New Spring Gardens Walk, Vauxhall to Whitehall Place, Strand"
"LINESTRING (-0.169821 51.466633,-0.123179 51.506543", "From Falcon Road, Clapham Junction to Whitehall Place, Strand"
"LINESTRING (-0.179668 51.511654,-0.123179 51.506543", "From Lancaster Gate , Bayswater to Whitehall Place, Strand"
"LINESTRING (-0.084439 51.524696,-0.123179 51.506543", "From Leonard Circus , Shoreditch to Whitehall Place, Strand"
"LINESTRING (-0.111435 51.48894,-0.123179 51.506543", "From Kennington Cross, Kennington to Whitehall Place, Strand"
"LINESTRING (-0.06415 51.51295,-0.123179 51.506543", "From Christian Street, Whitechapel to Whitehall Place, Strand"
"LINESTRING (-0.054883 51.522561,-0.123179 51.506543", "From Cephas Street, Bethnal Green to Whitehall Place, Strand"
"LINESTRING (-0.130699 51.50777,-0.123179 51.506543", "From Pall Mall East, West End to Whitehall Place, Strand"
"LINESTRING (-0.162298 51.522511,-0.123179 51.506543", "From Boston Place, Marylebone to Whitehall Place, Strand"
"LINESTRING (-0.075459 51.509506,-0.123179 51.506543", "From Tower Gardens , Tower to Whitehall Place, Strand"
"LINESTRING (-0.082989 51.510484,-0.123179 51.506543", "From Great Tower Street, Monument to Whitehall Place, Strand"
"LINESTRING (-0.123179 51.506543,-0.123179 51.506543", "From Whitehall Place, Strand to Whitehall Place, Strand"
"LINESTRING (-0.09294 51.511553,-0.123179 51.506543", "From Queen Street 1, Bank to Whitehall Place, Strand"
"LINESTRING (-0.132102 51.498125,-0.123179 51.506543", "From Abbey Orchard Street, Westminster to Whitehall Place, Strand"
"LINESTRING (-0.139016 51.520994,-0.123179 51.506543", "From Howland Street, Fitzrovia to Whitehall Place, Strand"
"LINESTRING (-0.093051 51.511246,-0.123179 51.506543", "From Queen Street 2, Bank to Whitehall Place, Strand"
"LINESTRING (-0.138364 51.492111,-0.123179 51.506543", "From Tachbrook Street, Victoria to Whitehall Place, Strand"
"LINESTRING (-0.087262 51.506304,-0.123179 51.506543", "From Duke Street Hill, London Bridge to Whitehall Place, Strand"
"LINESTRING (-0.13011 51.513527,-0.123179 51.506543", "From Moor Street, Soho to Whitehall Place, Strand"
"LINESTRING (-0.021345 51.519265,-0.123179 51.506543", "From Furze Green, Bow to Whitehall Place, Strand"
"LINESTRING (-0.131861 51.527068,-0.123179 51.506543", "From Euston Square Gardens, Euston to Whitehall Place, Strand"
"LINESTRING (-0.131773 51.506633,-0.123179 51.506543", "From Waterloo Place, St. James's to Whitehall Place, Strand"
"LINESTRING (-0.124469 51.485917,-0.123179 51.506543", "From Vauxhall Cross, Vauxhall to Whitehall Place, Strand"
"LINESTRING (-0.075459 51.509506,-0.123179 51.506543", "From Tower Gardens , Tower to Whitehall Place, Strand"
"LINESTRING (-0.147714 51.483507,-0.123179 51.506543", "From Battersea Power Station, Battersea Park to Whitehall Place, Strand"
"LINESTRING (-0.108068 51.527842,-0.123179 51.506543", "From Hardwick Street, Clerkenwell to Whitehall Place, Strand"
"LINESTRING (-0.05438 51.520019,-0.123179 51.506543", "From Ansell House, Stepney to Whitehall Place, Strand"
"LINESTRING (-0.099489 51.524868,-0.123179 51.506543", "From Sadlers Sports Centre, Finsbury to Whitehall Place, Strand"
"LINESTRING (-0.087459 51.528673,-0.123179 51.506543", "From East Road, Hoxton to Whitehall Place, Strand"
"LINESTRING (-0.058826 51.54119,-0.123179 51.506543", "From London Fields, Hackney Central to Whitehall Place, Strand"
"LINESTRING (-0.058826 51.54119,-0.123179 51.506543", "From London Fields, Hackney Central to Whitehall Place, Strand"
"LINESTRING (-0.13011 51.513527,-0.123179 51.506543", "From Moor Street, Soho to Whitehall Place, Strand"
"LINESTRING (-0.140947 51.49616,-0.123179 51.506543", "From Ashley Place, Victoria to Whitehall Place, Strand"
"LINESTRING (-0.122806 51.490435,-0.123179 51.506543", "From Albert Embankment, Vauxhall to Whitehall Place, Strand"
"LINESTRING (-0.108028 51.518825,-0.123179 51.506543", "From Hatton Garden, Holborn to Whitehall Place, Strand"
"LINESTRING (-0.087587 51.514441,-0.123179 51.506543", "From Bank of England Museum, Bank to Whitehall Place, Strand"
"LINESTRING (-0.122219 51.51477,-0.123179 51.506543", "From Drury Lane, Covent Garden to Whitehall Place, Strand"
"LINESTRING (-0.170279 51.506451,-0.123179 51.506543", "From Triangle Car Park, Hyde Park to Whitehall Place, Strand"
"LINESTRING (-0.098497 51.503688,-0.123179 51.506543", "From Union Street, The Borough to Whitehall Place, Strand"
"LINESTRING (-0.170279 51.506451,-0.123179 51.506543", "From Triangle Car Park, Hyde Park to Whitehall Place, Strand"
"LINESTRING (-0.131861 51.527068,-0.123179 51.506543", "From Euston Square Gardens, Euston to Whitehall Place, Strand"
"LINESTRING (-0.033828 51.514115,-0.123179 51.506543", "From Salmon Lane, Limehouse to Whitehall Place, Strand"
"LINESTRING (-0.122759 51.487807,-0.123179 51.506543", "From New Spring Gardens Walk, Vauxhall to Whitehall Place, Strand"
"LINESTRING (-0.21985 51.493267,-0.123179 51.506543", "From Hammersmith Road, Hammersmith to Whitehall Place, Strand"
"LINESTRING (-0.127575 51.495805,-0.123179 51.506543", "From Smith Square, Westminster to Whitehall Place, Strand"
"LINESTRING (-0.142943 51.496863,-0.123179 51.506543", "From Allington Street, Victoria to Whitehall Place, Strand"
"LINESTRING (-0.131773 51.506633,-0.123179 51.506543", "From Waterloo Place, St. James's to Whitehall Place, Strand"
"LINESTRING (-0.191351 51.513489,-0.123179 51.506543", "From Princes Square, Bayswater to Whitehall Place, Strand"
"LINESTRING (-0.082422 51.516154,-0.123179 51.506543", "From Wormwood Street, Liverpool Street to Whitehall Place, Strand"
"LINESTRING (-0.123616 51.529943,-0.123179 51.506543", "From Belgrove Street , King's Cross to Whitehall Place, Strand"
"LINESTRING (-0.127554 51.493978,-0.123179 51.506543", "From Page Street, Westminster to Whitehall Place, Strand"
"LINESTRING (-0.163347 51.474392,-0.123179 51.506543", "From Albert Bridge Road, Battersea Park to Whitehall Place, Strand"
"LINESTRING (-0.21985 51.493267,-0.123179 51.506543", "From Hammersmith Road, Hammersmith to Whitehall Place, Strand"
"LINESTRING (-0.123616 51.529943,-0.123179 51.506543", "From Belgrove Street , King's Cross to Whitehall Place, Strand"
"LINESTRING (-0.147478 51.492369,-0.123179 51.506543", "From Elizabeth Bridge, Victoria to Whitehall Place, Strand"
"LINESTRING (-0.077178 51.514449,-0.123179 51.506543", "From Houndsditch, Aldgate to Whitehall Place, Strand"
"LINESTRING (-0.137043 51.511897,-0.123179 51.506543", "From Golden Square, Soho to Whitehall Place, Strand"
"LINESTRING (-0.17581 51.517335,-0.123179 51.506543", "From South Wharf Road, Paddington to Whitehall Place, Strand"
"LINESTRING (-0.079684 51.516468,-0.123179 51.506543", "From Devonshire Square, Liverpool Street to Whitehall Place, Strand"
"LINESTRING (-0.163609 51.51809,-0.123179 51.506543", "From Shouldham Street, Marylebone to Whitehall Place, Strand"
"LINESTRING (-0.130699 51.50777,-0.123179 51.506543", "From Pall Mall East, West End to Whitehall Place, Strand"
"LINESTRING (-0.097441 51.511961,-0.123179 51.506543", "From Queen Victoria Street, St. Paul's to Whitehall Place, Strand"
"LINESTRING (-0.082422 51.516154,-0.123179 51.506543", "From Wormwood Street, Liverpool Street to Whitehall Place, Strand"
"LINESTRING (-0.117661 51.482678,-0.123179 51.506543", "From Ashmole Estate, Oval to Whitehall Place, Strand"
"LINESTRING (-0.028155 51.533283,-0.123179 51.506543", "From Hewison Street, Old Ford to Whitehall Place, Strand"
"LINESTRING (-0.172078 51.482567,-0.123179 51.506543", "From Danvers Street, West Chelsea to Whitehall Place, Strand"
"LINESTRING (-0.123616 51.529943,-0.123179 51.506543", "From Belgrove Street , King's Cross to Whitehall Place, Strand"
"LINESTRING (-0.088542 51.527025,-0.123179 51.506543", "From Baldwin Street, St. Luke's to Whitehall Place, Strand"
"LINESTRING (-0.173693 51.495948,-0.123179 51.506543", "From Exhibition Road Museums 2, South Kensington to Whitehall Place, Strand"
"LINESTRING (-0.08497 51.50964,-0.123179 51.506543", "From Monument Street, Monument to Whitehall Place, Strand"
"LINESTRING (-0.079684 51.516468,-0.103137 51.506692", "From Devonshire Square, Liverpool Street to Poured Lines, Bankside"
"LINESTRING (-0.116542 51.504636,-0.103137 51.506692", "From Jubilee Gardens, South Bank to Poured Lines, Bankside"
"LINESTRING (-0.107927 51.513821,-0.103137 51.506692", "From Bouverie Street, Temple to Poured Lines, Bankside"
"LINESTRING (-0.129698 51.500703,-0.103137 51.506692", "From Storey's Gate, Westminster to Poured Lines, Bankside"
"LINESTRING (-0.100791 51.518218,-0.103137 51.506692", "From West Smithfield Rotunda, Farringdon to Poured Lines, Bankside"
"LINESTRING (-0.104778 51.504044,-0.103137 51.506692", "From Southwark Station 2, Southwark to Poured Lines, Bankside"
"LINESTRING (-0.108068 51.527842,-0.103137 51.506692", "From Hardwick Street, Clerkenwell to Poured Lines, Bankside"
"LINESTRING (-0.130458 51.494816,-0.103137 51.506692", "From Horseferry Road, Westminster to Poured Lines, Bankside"
"LINESTRING (-0.100791 51.518218,-0.103137 51.506692", "From West Smithfield Rotunda, Farringdon to Poured Lines, Bankside"
"LINESTRING (-0.135025 51.518162,-0.103137 51.506692", "From Rathbone Street, Fitzrovia to Poured Lines, Bankside"
"LINESTRING (-0.119643 51.511756,-0.103137 51.506692", "From Wellington Street , Strand to Poured Lines, Bankside"
"LINESTRING (-0.168917 51.497056,-0.103137 51.506692", "From Holy Trinity Brompton, Knightsbridge to Poured Lines, Bankside"
"LINESTRING (-0.147154 51.537349,-0.103137 51.506692", "From Gloucester Avenue, Camden Town to Poured Lines, Bankside"
"LINESTRING (-0.086685 51.517075,-0.103137 51.506692", "From Finsbury Circus, Liverpool Street to Poured Lines, Bankside"
"LINESTRING (-0.128585 51.516118,-0.103137 51.506692", "From Earnshaw Street , Covent Garden to Poured Lines, Bankside"
"LINESTRING (-0.09294 51.511553,-0.103137 51.506692", "From Queen Street 1, Bank to Poured Lines, Bankside"
"LINESTRING (-0.100791 51.518218,-0.103137 51.506692", "From West Smithfield Rotunda, Farringdon to Poured Lines, Bankside"
"LINESTRING (-0.099994 51.522853,-0.103137 51.506692", "From Berry Street, Clerkenwell to Poured Lines, Bankside"
"LINESTRING (-0.103078 51.511934,-0.103137 51.506692", "From Blackfriars Station, St. Paul's to Poured Lines, Bankside"
"LINESTRING (-0.06415 51.51295,-0.103137 51.506692", "From Christian Street, Whitechapel to Poured Lines, Bankside"
"LINESTRING (-0.09294 51.511553,-0.103137 51.506692", "From Queen Street 1, Bank to Poured Lines, Bankside"
"LINESTRING (-0.115533 51.504942,-0.103137 51.506692", "From Concert Hall Approach 2, South Bank to Poured Lines, Bankside"
"LINESTRING (-0.154106 51.517703,-0.103137 51.506692", "From George Street, Marylebone to Poured Lines, Bankside"
"LINESTRING (-0.128585 51.516118,-0.103137 51.506692", "From Earnshaw Street , Covent Garden to Poured Lines, Bankside"
"LINESTRING (-0.17524 51.48902,-0.178732 51.493967", "From South Parade, Chelsea to Queen's Gate (Central), South Kensington"
"LINESTRING (-0.188098 51.517919,-0.178732 51.493967", "From Gloucester Terrace, Bayswater to Queen's Gate (Central), South Kensington"
"LINESTRING (-0.165164 51.514746,-0.178732 51.493967", "From Porchester Place, Paddington to Queen's Gate (Central), South Kensington"
"LINESTRING (-0.17524 51.48902,-0.178732 51.493967", "From South Parade, Chelsea to Queen's Gate (Central), South Kensington"
"LINESTRING (-0.187278 51.475142,-0.178732 51.493967", "From Imperial Road, Sands End to Queen's Gate (Central), South Kensington"
"LINESTRING (-0.179077 51.495592,-0.178732 51.493967", "From Natural History Museum, South Kensington to Queen's Gate (Central), South Kensington"
"LINESTRING (-0.187278 51.475142,-0.178732 51.493967", "From Imperial Road, Sands End to Queen's Gate (Central), South Kensington"
"LINESTRING (-0.217995 51.487285,-0.178732 51.493967", "From Charing Cross Hospital, Hammersmith to Queen's Gate (Central), South Kensington"
"LINESTRING (-0.21186 51.483217,-0.178732 51.493967", "From Humbolt Road, Fulham to Queen's Gate (Central), South Kensington"
"LINESTRING (-0.19701 51.473763,-0.178732 51.493967", "From Irene Road, Parsons Green to Queen's Gate (Central), South Kensington"
"LINESTRING (-0.185296 51.495362,-0.178732 51.493967", "From Emperor's Gate, South Kensington to Queen's Gate (Central), South Kensington"
"LINESTRING (-0.168917 51.497056,-0.178732 51.493967", "From Holy Trinity Brompton, Knightsbridge to Queen's Gate (Central), South Kensington"
"LINESTRING (-0.178656 51.501432,-0.178732 51.493967", "From Kensington Gore, Knightsbridge to Queen's Gate (Central), South Kensington"
"LINESTRING (-0.115057 51.512582,-0.178732 51.493967", "From Strand, Strand to Queen's Gate (Central), South Kensington"
"LINESTRING (-0.187404 51.487958,-0.178732 51.493967", "From Harcourt Terrace, West Brompton to Queen's Gate (Central), South Kensington"
"LINESTRING (-0.167894 51.493184,-0.178732 51.493967", "From Sloane Avenue, Knightsbridge to Queen's Gate (Central), South Kensington"
"LINESTRING (-0.194392 51.501945,-0.178732 51.493967", "From Kensington Town Hall, Kensington to Queen's Gate (Central), South Kensington"
"LINESTRING (-0.179077 51.495592,-0.178732 51.493967", "From Natural History Museum, South Kensington to Queen's Gate (Central), South Kensington"
"LINESTRING (-0.151926 51.516814,-0.112753 51.51501", "From Hinde Street, Marylebone to Carey Street, Holborn"
"LINESTRING (-0.090847 51.525893,-0.112753 51.51501", "From Bath Street, St. Luke's to Carey Street, Holborn"
"LINESTRING (-0.075855 51.517475,-0.112753 51.51501", "From Bell Lane, Liverpool Street to Carey Street, Holborn"
"LINESTRING (-0.112753 51.51501,-0.112753 51.51501", "From Carey Street, Holborn to Carey Street, Holborn"
"LINESTRING (-0.084439 51.524696,-0.112753 51.51501", "From Leonard Circus , Shoreditch to Carey Street, Holborn"
"LINESTRING (-0.104947 51.516785,-0.112753 51.51501", "From Farringdon Street, Holborn to Carey Street, Holborn"
"LINESTRING (-0.083067 51.523196,-0.112753 51.51501", "From Clifton Street, Shoreditch to Carey Street, Holborn"
"LINESTRING (-0.13214 51.519572,-0.112753 51.51501", "From Store Street, Bloomsbury to Carey Street, Holborn"
"LINESTRING (-0.082422 51.516154,-0.112753 51.51501", "From Wormwood Street, Liverpool Street to Carey Street, Holborn"
"LINESTRING (-0.082422 51.516154,-0.112753 51.51501", "From Wormwood Street, Liverpool Street to Carey Street, Holborn"
"LINESTRING (-0.101026 51.528246,-0.112753 51.51501", "From Goswell Road (City Uni), Finsbury to Carey Street, Holborn"
"LINESTRING (-0.122502 51.523951,-0.112753 51.51501", "From Brunswick Square, Bloomsbury to Carey Street, Holborn"
"LINESTRING (-0.121328 51.517606,-0.112753 51.51501", "From Southampton Place, Holborn to Carey Street, Holborn"
"LINESTRING (-0.054162 51.536424,-0.112753 51.51501", "From Victoria Park Road, Hackney Central to Carey Street, Holborn"
"LINESTRING (-0.148059 51.472865,-0.112753 51.51501", "From Silverthorne Road, Battersea to Carey Street, Holborn"
"LINESTRING (-0.131861 51.527068,-0.112753 51.51501", "From Euston Square Gardens, Euston to Carey Street, Holborn"
"LINESTRING (-0.099994 51.522853,-0.112753 51.51501", "From Berry Street, Clerkenwell to Carey Street, Holborn"
"LINESTRING (-0.116688 51.520596,-0.112753 51.51501", "From Theobald's Road , Holborn to Carey Street, Holborn"
"LINESTRING (-0.18119 51.490945,-0.112753 51.51501", "From Old Brompton Road, South Kensington to Carey Street, Holborn"
"LINESTRING (-0.131861 51.527068,-0.112753 51.51501", "From Euston Square Gardens, Euston to Carey Street, Holborn"
"LINESTRING (-0.112753 51.51501,-0.112753 51.51501", "From Carey Street, Holborn to Carey Street, Holborn"
"LINESTRING (-0.104298 51.526717,-0.130699 51.50777", "From Finsbury Library , Finsbury to Pall Mall East, West End"
"LINESTRING (-0.170983 51.486892,-0.130699 51.50777", "From Manresa Road, Chelsea to Pall Mall East, West End"
"LINESTRING (-0.129698 51.500703,-0.130699 51.50777", "From Storey's Gate, Westminster to Pall Mall East, West End"
"LINESTRING (-0.114934 51.49288,-0.130699 51.50777", "From Lollard Street, Vauxhall to Pall Mall East, West End"
"LINESTRING (-0.111257 51.514274,-0.130699 51.50777", "From Chancery Lane, Holborn to Pall Mall East, West End"
"LINESTRING (-0.123823 51.501513,-0.130699 51.50777", "From Westminster Pier, Westminster to Pall Mall East, West End"
"LINESTRING (-0.14326 51.541007,-0.130699 51.50777", "From Hawley Crescent, Camden Town to Pall Mall East, West End"
"LINESTRING (-0.149569 51.50274,-0.130699 51.50777", "From Wellington Arch, Hyde Park to Pall Mall East, West End"
"LINESTRING (-0.173693 51.495948,-0.130699 51.50777", "From Exhibition Road Museums 2, South Kensington to Pall Mall East, West End"
"LINESTRING (-0.114686 51.506133,-0.130699 51.50777", "From Belvedere Road 1, South Bank to Pall Mall East, West End"
"LINESTRING (-0.082422 51.516154,-0.130699 51.50777", "From Wormwood Street, Liverpool Street to Pall Mall East, West End"
"LINESTRING (-0.174347 51.476964,-0.130699 51.50777", "From Battersea Church Road, Battersea to Pall Mall East, West End"
"LINESTRING (-0.154907 51.522481,-0.130699 51.50777", "From Westminster University, Marylebone to Pall Mall East, West End"
"LINESTRING (-0.14296 51.497998,-0.130699 51.50777", "From Warwick Row, Westminster to Pall Mall East, West End"
"LINESTRING (-0.149569 51.50274,-0.130699 51.50777", "From Wellington Arch, Hyde Park to Pall Mall East, West End"
"LINESTRING (-0.125674 51.491884,-0.130699 51.50777", "From Millbank Tower, Pimlico to Pall Mall East, West End"
"LINESTRING (-0.149569 51.50274,-0.130699 51.50777", "From Wellington Arch, Hyde Park to Pall Mall East, West End"
"LINESTRING (-0.161203 51.496886,-0.130699 51.50777", "From Pont Street, Knightsbridge to Pall Mall East, West End"
"LINESTRING (-0.099141 51.512484,-0.130699 51.50777", "From Godliman Street, St. Paul's to Pall Mall East, West End"
"LINESTRING (-0.158456 51.502953,-0.130699 51.50777", "From Albert Gate, Hyde Park to Pall Mall East, West End"
"LINESTRING (-0.132845 51.489975,-0.130699 51.50777", "From Rampayne Street, Pimlico to Pall Mall East, West End"
"LINESTRING (-0.098807 51.506725,-0.130699 51.50777", "From Tate Modern, Bankside to Pall Mall East, West End"
"LINESTRING (-0.158105 51.494645,-0.130699 51.50777", "From Cadogan Place, Knightsbridge to Pall Mall East, West End"
"LINESTRING (-0.158456 51.502953,-0.130699 51.50777", "From Albert Gate, Hyde Park to Pall Mall East, West End"
"LINESTRING (-0.173693 51.495948,-0.130699 51.50777", "From Exhibition Road Museums 2, South Kensington to Pall Mall East, West End"
"LINESTRING (-0.102091 51.500693,-0.130699 51.50777", "From Webber Street , Southwark to Pall Mall East, West End"
"LINESTRING (-0.103078 51.511934,-0.130699 51.50777", "From Blackfriars Station, St. Paul's to Pall Mall East, West End"
"LINESTRING (-0.113864 51.504027,-0.130699 51.50777", "From Waterloo Station 1, Waterloo to Pall Mall East, West End"
"LINESTRING (-0.133201 51.512515,-0.130699 51.50777", "From Wardour Street, Soho to Pall Mall East, West End"
"LINESTRING (-0.097441 51.511961,-0.130699 51.50777", "From Queen Victoria Street, St. Paul's to Pall Mall East, West End"
"LINESTRING (-0.066078 51.514924,-0.130699 51.50777", "From LMU Commercial Road, Whitechapel to Pall Mall East, West End"
"LINESTRING (-0.14326 51.541007,-0.130699 51.50777", "From Hawley Crescent, Camden Town to Pall Mall East, West End"
"LINESTRING (-0.103137 51.506692,-0.130699 51.50777", "From Poured Lines, Bankside to Pall Mall East, West End"
"LINESTRING (-0.103137 51.506692,-0.130699 51.50777", "From Poured Lines, Bankside to Pall Mall East, West End"
"LINESTRING (-0.142943 51.496863,-0.130699 51.50777", "From Allington Street, Victoria to Pall Mall East, West End"
"LINESTRING (-0.138231 51.525542,-0.130699 51.50777", "From Hampstead Road, Euston to Pall Mall East, West End"
"LINESTRING (-0.115851 51.505044,-0.130699 51.50777", "From Concert Hall Approach 1, South Bank to Pall Mall East, West End"
"LINESTRING (-0.158456 51.502953,-0.130699 51.50777", "From Albert Gate, Hyde Park to Pall Mall East, West End"
"LINESTRING (-0.13225 51.528833,-0.130699 51.50777", "From Doric Way , Somers Town to Pall Mall East, West End"
"LINESTRING (-0.174593 51.520205,-0.130699 51.50777", "From Paddington Green, Paddington to Pall Mall East, West End"
"LINESTRING (-0.115851 51.505044,-0.130699 51.50777", "From Concert Hall Approach 1, South Bank to Pall Mall East, West End"
"LINESTRING (-0.085666 51.499075,-0.130699 51.50777", "From Long Lane , Bermondsey to Pall Mall East, West End"
"LINESTRING (-0.082422 51.516154,-0.130699 51.50777", "From Wormwood Street, Liverpool Street to Pall Mall East, West End"
"LINESTRING (-0.082422 51.516154,-0.130699 51.50777", "From Wormwood Street, Liverpool Street to Pall Mall East, West End"
"LINESTRING (-0.204815 51.484386,-0.130699 51.50777", "From Normand Park, West Kensington to Pall Mall East, West End"
"LINESTRING (-0.125674 51.491884,-0.130699 51.50777", "From Millbank Tower, Pimlico to Pall Mall East, West End"
"LINESTRING (-0.123823 51.501513,-0.130699 51.50777", "From Westminster Pier, Westminster to Pall Mall East, West End"
"LINESTRING (-0.187402 51.51031,-0.130699 51.50777", "From Queensway, Kensington Gardens to Pall Mall East, West End"
"LINESTRING (-0.19096 51.51244,-0.130699 51.50777", "From Ilchester Gardens, Bayswater to Pall Mall East, West End"
"LINESTRING (-0.204815 51.484386,-0.130699 51.50777", "From Normand Park, West Kensington to Pall Mall East, West End"
"LINESTRING (-0.151126 51.510919,-0.130699 51.50777", "From Millennium Hotel, Mayfair to Pall Mall East, West End"
"LINESTRING (-0.09294 51.511553,-0.130699 51.50777", "From Queen Street 1, Bank to Pall Mall East, West End"
"LINESTRING (-0.132845 51.489975,-0.130699 51.50777", "From Rampayne Street, Pimlico to Pall Mall East, West End"
"LINESTRING (-0.169249 51.515953,-0.130699 51.50777", "From Southwick Street, Paddington to Pall Mall East, West End"
"LINESTRING (-0.129698 51.500703,-0.130699 51.50777", "From Storey's Gate, Westminster to Pall Mall East, West End"
"LINESTRING (-0.204815 51.484386,-0.130699 51.50777", "From Normand Park, West Kensington to Pall Mall East, West End"
"LINESTRING (-0.197574 51.499606,-0.130699 51.50777", "From Phillimore Gardens, Kensington to Pall Mall East, West End"
"LINESTRING (-0.204815 51.484386,-0.130699 51.50777", "From Normand Park, West Kensington to Pall Mall East, West End"
"LINESTRING (-0.11655 51.51824,-0.130699 51.50777", "From Red Lion Street, Holborn to Pall Mall East, West End"
"LINESTRING (-0.141923 51.489856,-0.130699 51.50777", "From Warwick Square, Pimlico to Pall Mall East, West End"
"LINESTRING (-0.111435 51.48894,-0.130699 51.50777", "From Kennington Cross, Kennington to Pall Mall East, West End"
"LINESTRING (-0.101536 51.49217,-0.130699 51.50777", "From Hampton Street, Walworth to Pall Mall East, West End"
"LINESTRING (-0.055894 51.528936,-0.130699 51.50777", "From York Hall, Bethnal Green to Pall Mall East, West End"
"LINESTRING (-0.109006 51.521661,-0.106992 51.534504", "From Hatton Wall, Holborn to Liverpool Road (N1 Centre), Angel"
"LINESTRING (-0.09315 51.53356,-0.106992 51.534504", "From Eagle Wharf Road, Hoxton to Liverpool Road (N1 Centre), Angel"
"LINESTRING (-0.09315 51.53356,-0.106992 51.534504", "From Eagle Wharf Road, Hoxton to Liverpool Road (N1 Centre), Angel"
"LINESTRING (-0.106 51.496127,-0.106992 51.534504", "From Geraldine Street, Elephant & Castle to Liverpool Road (N1 Centre), Angel"
"LINESTRING (-0.148105 51.514759,-0.106992 51.534504", "From Marylebone Lane, Marylebone to Liverpool Road (N1 Centre), Angel"
"LINESTRING (-0.087262 51.506304,-0.106992 51.534504", "From Duke Street Hill, London Bridge to Liverpool Road (N1 Centre), Angel"
"LINESTRING (-0.122219 51.51477,-0.106992 51.534504", "From Drury Lane, Covent Garden to Liverpool Road (N1 Centre), Angel"
"LINESTRING (-0.132053 51.518587,-0.106992 51.534504", "From Bayley Street , Bloomsbury to Liverpool Road (N1 Centre), Angel"
"LINESTRING (-0.11934 51.531066,-0.106992 51.534504", "From Northdown Street, King's Cross to Liverpool Road (N1 Centre), Angel"
"LINESTRING (-0.125441 51.541596,-0.106992 51.534504", "From York Way, Kings Cross to Liverpool Road (N1 Centre), Angel"
"LINESTRING (-0.124826 51.516226,-0.106992 51.534504", "From High Holborn , Covent Garden to Liverpool Road (N1 Centre), Angel"
"LINESTRING (-0.07813 51.526377,-0.106992 51.534504", "From Shoreditch High Street, Shoreditch to Liverpool Road (N1 Centre), Angel"
"LINESTRING (-0.104298 51.526717,-0.106992 51.534504", "From Finsbury Library , Finsbury to Liverpool Road (N1 Centre), Angel"
"LINESTRING (-0.10834 51.52352,-0.106992 51.534504", "From Farringdon Lane, Clerkenwell to Liverpool Road (N1 Centre), Angel"
"LINESTRING (-0.037471 51.528224,-0.106992 51.534504", "From Antill Road, Mile End to Liverpool Road (N1 Centre), Angel"
"LINESTRING (-0.121328 51.517606,-0.106992 51.534504", "From Southampton Place, Holborn to Liverpool Road (N1 Centre), Angel"
"LINESTRING (-0.087262 51.506304,-0.106992 51.534504", "From Duke Street Hill, London Bridge to Liverpool Road (N1 Centre), Angel"
"LINESTRING (-0.076341 51.534464,-0.106992 51.534504", "From Whiston Road, Haggerston to Liverpool Road (N1 Centre), Angel"
"LINESTRING (-0.09315 51.53356,-0.106992 51.534504", "From Eagle Wharf Road, Hoxton to Liverpool Road (N1 Centre), Angel"
"LINESTRING (-0.074754 51.523648,-0.106992 51.534504", "From Bethnal Green Road, Shoreditch to Liverpool Road (N1 Centre), Angel"
"LINESTRING (-0.106408 51.530515,-0.106992 51.534504", "From Chadwell Street, Angel to Liverpool Road (N1 Centre), Angel"
"LINESTRING (-0.088542 51.527025,-0.106992 51.534504", "From Baldwin Street, St. Luke's to Liverpool Road (N1 Centre), Angel"
"LINESTRING (-0.114079 51.522264,-0.106992 51.534504", "From Northington Street , Holborn to Liverpool Road (N1 Centre), Angel"
"LINESTRING (-0.104947 51.516785,-0.106992 51.534504", "From Farringdon Street, Holborn to Liverpool Road (N1 Centre), Angel"
"LINESTRING (-0.122203 51.534474,-0.106992 51.534504", "From Crinan Street, King's Cross to Liverpool Road (N1 Centre), Angel"
"LINESTRING (-0.097122 51.529423,-0.106992 51.534504", "From Macclesfield Rd, St Lukes to Liverpool Road (N1 Centre), Angel"
"LINESTRING (-0.11934 51.531066,-0.106992 51.534504", "From Northdown Street, King's Cross to Liverpool Road (N1 Centre), Angel"
"LINESTRING (-0.11934 51.531066,-0.106992 51.534504", "From Northdown Street, King's Cross to Liverpool Road (N1 Centre), Angel"
"LINESTRING (-0.092176 51.520044,-0.106992 51.534504", "From Barbican Centre, Barbican to Liverpool Road (N1 Centre), Angel"
"LINESTRING (-0.069543 51.525645,-0.106992 51.534504", "From Granby Street, Shoreditch to Liverpool Road (N1 Centre), Angel"
"LINESTRING (-0.104298 51.526717,-0.106992 51.534504", "From Finsbury Library , Finsbury to Liverpool Road (N1 Centre), Angel"
"LINESTRING (-0.125979 51.526357,-0.106992 51.534504", "From Cartwright Gardens , Bloomsbury to Liverpool Road (N1 Centre), Angel"
"LINESTRING (-0.093051 51.511246,-0.106992 51.534504", "From Queen Street 2, Bank to Liverpool Road (N1 Centre), Angel"
"LINESTRING (-0.112721 51.536392,-0.106992 51.534504", "From Charlotte Terrace, Angel to Liverpool Road (N1 Centre), Angel"
"LINESTRING (-0.106992 51.534504,-0.106992 51.534504", "From Liverpool Road (N1 Centre), Angel to Liverpool Road (N1 Centre), Angel"
"LINESTRING (-0.11934 51.531066,-0.106992 51.534504", "From Northdown Street, King's Cross to Liverpool Road (N1 Centre), Angel"
"LINESTRING (-0.079201 51.537277,-0.106992 51.534504", "From Hertford Road, De Beauvoir Town to Liverpool Road (N1 Centre), Angel"
"LINESTRING (-0.079608 51.521668,-0.106992 51.534504", "From Worship Street, Shoreditch to Liverpool Road (N1 Centre), Angel"
"LINESTRING (-0.07813 51.526377,-0.106992 51.534504", "From Shoreditch High Street, Shoreditch to Liverpool Road (N1 Centre), Angel"
"LINESTRING (-0.104708 51.52326,-0.106992 51.534504", "From Clerkenwell Green, Clerkenwell to Liverpool Road (N1 Centre), Angel"
"LINESTRING (-0.108657 51.51795,-0.106992 51.534504", "From Holborn Circus, Holborn to Liverpool Road (N1 Centre), Angel"
"LINESTRING (-0.100791 51.518218,-0.106992 51.534504", "From West Smithfield Rotunda, Farringdon to Liverpool Road (N1 Centre), Angel"
"LINESTRING (-0.124807 51.53724,-0.106992 51.534504", "From Handyside Street, King's Cross to Liverpool Road (N1 Centre), Angel"
"LINESTRING (-0.127575 51.495805,-0.110889 51.495718", "From Smith Square, Westminster to Kennington Road  , Vauxhall"
"LINESTRING (-0.139016 51.520994,-0.110889 51.495718", "From Howland Street, Fitzrovia to Kennington Road  , Vauxhall"
"LINESTRING (-0.110699 51.501444,-0.110889 51.495718", "From Baylis Road, Waterloo to Kennington Road  , Vauxhall"
"LINESTRING (-0.128279 51.5293,-0.110889 51.495718", "From Ossulston Street, Somers Town to Kennington Road  , Vauxhall"
"LINESTRING (-0.113134 51.483145,-0.110889 51.495718", "From Kennington Oval, Oval to Kennington Road  , Vauxhall"
"LINESTRING (-0.123702 51.506767,-0.110889 51.495718", "From Northumberland Avenue, Strand to Kennington Road  , Vauxhall"
"LINESTRING (-0.111435 51.48894,-0.110889 51.495718", "From Kennington Cross, Kennington to Kennington Road  , Vauxhall"
"LINESTRING (-0.132102 51.498125,-0.110889 51.495718", "From Abbey Orchard Street, Westminster to Kennington Road  , Vauxhall"
"LINESTRING (-0.113864 51.504027,-0.110889 51.495718", "From Waterloo Station 1, Waterloo to Kennington Road  , Vauxhall"
"LINESTRING (-0.091773 51.504627,-0.110889 51.495718", "From Hop Exchange, The Borough to Kennington Road  , Vauxhall"
"LINESTRING (-0.098031 51.505224,-0.110889 51.495718", "From Lavington Street, Bankside to Kennington Road  , Vauxhall"
"LINESTRING (-0.106323 51.490757,-0.110889 51.495718", "From Cotton Garden Estate, Kennington to Kennington Road  , Vauxhall"
"LINESTRING (-0.112031 51.49914,-0.110889 51.495718", "From Lambeth North Station, Waterloo to Kennington Road  , Vauxhall"
"LINESTRING (-0.119022 51.469202,-0.110889 51.495718", "From Sidney Road, Stockwell to Kennington Road  , Vauxhall"
"LINESTRING (-0.098031 51.505224,-0.110889 51.495718", "From Lavington Street, Bankside to Kennington Road  , Vauxhall"
"LINESTRING (-0.111606 51.505569,-0.110889 51.495718", "From Stamford Street, South Bank to Kennington Road  , Vauxhall"
"LINESTRING (-0.106323 51.490757,-0.110889 51.495718", "From Cotton Garden Estate, Kennington to Kennington Road  , Vauxhall"
"LINESTRING (-0.114079 51.522264,-0.110889 51.495718", "From Northington Street , Holborn to Kennington Road  , Vauxhall"
"LINESTRING (-0.130699 51.50777,-0.110889 51.495718", "From Pall Mall East, West End to Kennington Road  , Vauxhall"
"LINESTRING (-0.074754 51.523648,-0.073438 51.51838", "From Bethnal Green Road, Shoreditch to Fashion Street, Whitechapel"
"LINESTRING (-0.076793 51.513406,-0.073438 51.51838", "From Jewry Street, Aldgate to Fashion Street, Whitechapel"
"LINESTRING (-0.103078 51.511934,-0.073438 51.51838", "From Blackfriars Station, St. Paul's to Fashion Street, Whitechapel"
"LINESTRING (-0.06142 51.532091,-0.073438 51.51838", "From Pritchard's Road, Bethnal Green to Fashion Street, Whitechapel"
"LINESTRING (-0.076793 51.513406,-0.073438 51.51838", "From Jewry Street, Aldgate to Fashion Street, Whitechapel"
"LINESTRING (-0.028155 51.533283,-0.073438 51.51838", "From Hewison Street, Old Ford to Fashion Street, Whitechapel"
"LINESTRING (-0.063531 51.504719,-0.073438 51.51838", "From Hermitage Court, Wapping to Fashion Street, Whitechapel"
"LINESTRING (-0.055312 51.52568,-0.073438 51.51838", "From Bethnal Green Garden, Bethnal Green to Fashion Street, Whitechapel"
"LINESTRING (-0.119047 51.509631,-0.073438 51.51838", "From Embankment (Savoy), Strand to Fashion Street, Whitechapel"
"LINESTRING (-0.028155 51.533283,-0.073438 51.51838", "From Hewison Street, Old Ford to Fashion Street, Whitechapel"
"LINESTRING (-0.058005 51.527152,-0.073438 51.51838", "From Pott Street, Bethnal Green to Fashion Street, Whitechapel"
"LINESTRING (-0.062546 51.535678,-0.073438 51.51838", "From Regent's Row , Haggerston to Fashion Street, Whitechapel"
"LINESTRING (-0.038986 51.512871,-0.073438 51.51838", "From Flamborough Street, Limehouse to Fashion Street, Whitechapel"
"LINESTRING (-0.139016 51.520994,-0.073438 51.51838", "From Howland Street, Fitzrovia to Fashion Street, Whitechapel"
"LINESTRING (-0.113426 51.503919,-0.073438 51.51838", "From Waterloo Station 2, Waterloo to Fashion Street, Whitechapel"
"LINESTRING (-0.119047 51.509631,-0.073438 51.51838", "From Embankment (Savoy), Strand to Fashion Street, Whitechapel"
"LINESTRING (-0.077121 51.511594,-0.073438 51.51838", "From Crosswall, Tower to Fashion Street, Whitechapel"
"LINESTRING (-0.092176 51.520044,-0.073438 51.51838", "From Barbican Centre, Barbican to Fashion Street, Whitechapel"
"LINESTRING (-0.123509 51.52625,-0.068161 51.509786", "From Tavistock Place, Bloomsbury to Dock Street, Wapping"
"LINESTRING (-0.086685 51.517075,-0.068161 51.509786", "From Finsbury Circus, Liverpool Street to Dock Street, Wapping"
"LINESTRING (-0.112753 51.51501,-0.068161 51.509786", "From Carey Street, Holborn to Dock Street, Wapping"
"LINESTRING (-0.084439 51.524696,-0.068161 51.509786", "From Leonard Circus , Shoreditch to Dock Street, Wapping"
"LINESTRING (-0.069743 51.528222,-0.068161 51.509786", "From Wellington Row, Bethnal Green to Dock Street, Wapping"
"LINESTRING (-0.07813 51.526377,-0.068161 51.509786", "From Shoreditch High Street, Shoreditch to Dock Street, Wapping"
"LINESTRING (-0.09022 51.491484,-0.068161 51.509786", "From Rodney Road , Walworth to Dock Street, Wapping"
"LINESTRING (-0.126021 51.508103,-0.068161 51.509786", "From Craven Street, Strand to Dock Street, Wapping"
"LINESTRING (-0.01646 51.505772,-0.068161 51.509786", "From Import Dock, Canary Wharf to Dock Street, Wapping"
"LINESTRING (-0.083935 51.520009,-0.068161 51.509786", "From Sun Street, Liverpool Street to Dock Street, Wapping"
"LINESTRING (-0.09885 51.515418,-0.068161 51.509786", "From Newgate Street , St. Paul's to Dock Street, Wapping"
"LINESTRING (-0.113864 51.504027,-0.068161 51.509786", "From Waterloo Station 1, Waterloo to Dock Street, Wapping"
"LINESTRING (-0.106823 51.508033,-0.068161 51.509786", "From Sea Containers, South Bank to Dock Street, Wapping"
"LINESTRING (-0.06415 51.51295,-0.068161 51.509786", "From Christian Street, Whitechapel to Dock Street, Wapping"
"LINESTRING (-0.08497 51.50964,-0.068161 51.509786", "From Monument Street, Monument to Dock Street, Wapping"
"LINESTRING (-0.090847 51.525893,-0.068161 51.509786", "From Bath Street, St. Luke's to Dock Street, Wapping"
"LINESTRING (-0.082989 51.510484,-0.068161 51.509786", "From Great Tower Street, Monument to Dock Street, Wapping"
"LINESTRING (-0.100791 51.518218,-0.068161 51.509786", "From West Smithfield Rotunda, Farringdon to Dock Street, Wapping"
"LINESTRING (-0.111257 51.514274,-0.068161 51.509786", "From Chancery Lane, Holborn to Dock Street, Wapping"
"LINESTRING (-0.083353 51.529537,-0.068161 51.509786", "From Fanshaw Street, Hoxton to Dock Street, Wapping"
"LINESTRING (-0.039264 51.521564,-0.068161 51.509786", "From Harford Street, Mile End to Dock Street, Wapping"
"LINESTRING (-0.084605 51.521283,-0.068161 51.509786", "From Christopher Street, Liverpool Street to Dock Street, Wapping"
"LINESTRING (-0.084985 51.509301,-0.068161 51.509786", "From Lower Thames Street, Monument to Dock Street, Wapping"
"LINESTRING (-0.057544 51.504749,-0.068161 51.509786", "From Wapping Lane, Wapping to Dock Street, Wapping"
"LINESTRING (-0.131961 51.508446,-0.068161 51.509786", "From Charles II Street, West End to Dock Street, Wapping"
"LINESTRING (-0.117619 51.509943,-0.068161 51.509786", "From Somerset House, Strand to Dock Street, Wapping"
"LINESTRING (-0.157275 51.510017,-0.068161 51.509786", "From Park Lane , Hyde Park to Dock Street, Wapping"
"LINESTRING (-0.074431 51.519362,-0.068161 51.509786", "From Fournier Street, Whitechapel to Dock Street, Wapping"
"LINESTRING (-0.055894 51.528936,-0.068161 51.509786", "From York Hall, Bethnal Green to Dock Street, Wapping"
"LINESTRING (-0.08066 51.514225,-0.068161 51.509786", "From St. Mary Axe, Aldgate to Dock Street, Wapping"
"LINESTRING (-0.082989 51.510484,-0.068161 51.509786", "From Great Tower Street, Monument to Dock Street, Wapping"
"LINESTRING (-0.059091 51.528692,-0.068161 51.509786", "From Clarkson Street, Bethnal Green to Dock Street, Wapping"
"LINESTRING (-0.074431 51.519362,-0.068161 51.509786", "From Fournier Street, Whitechapel to Dock Street, Wapping"
"LINESTRING (-0.091773 51.504627,-0.068161 51.509786", "From Hop Exchange, The Borough to Dock Street, Wapping"
"LINESTRING (-0.109914 51.531666,-0.068161 51.509786", "From Claremont Square, Angel to Dock Street, Wapping"
"LINESTRING (-0.069542 51.512363,-0.068161 51.509786", "From Leman Street, Aldgate to Dock Street, Wapping"
"LINESTRING (-0.066035 51.531864,-0.068161 51.509786", "From Goldsmith's Row, Haggerston to Dock Street, Wapping"
"LINESTRING (-0.06797 51.504904,-0.068161 51.509786", "From Wapping High Street, Wapping to Dock Street, Wapping"
"LINESTRING (-0.077178 51.514449,-0.068161 51.509786", "From Houndsditch, Aldgate to Dock Street, Wapping"
"LINESTRING (-0.071653 51.522617,-0.068161 51.509786", "From Brick Lane Market, Shoreditch to Dock Street, Wapping"
"LINESTRING (-0.062546 51.535678,-0.068161 51.509786", "From Regent's Row , Haggerston to Dock Street, Wapping"
"LINESTRING (-0.082989 51.510484,-0.068161 51.509786", "From Great Tower Street, Monument to Dock Street, Wapping"
"LINESTRING (-0.119047 51.509631,-0.068161 51.509786", "From Embankment (Savoy), Strand to Dock Street, Wapping"
"LINESTRING (-0.090847 51.525893,-0.068161 51.509786", "From Bath Street, St. Luke's to Dock Street, Wapping"
"LINESTRING (-0.079684 51.516468,-0.068161 51.509786", "From Devonshire Square, Liverpool Street to Dock Street, Wapping"
"LINESTRING (-0.110683 51.484788,-0.068161 51.509786", "From Kennington Road Post Office, Oval to Dock Street, Wapping"
"LINESTRING (-0.084439 51.524696,-0.068161 51.509786", "From Leonard Circus , Shoreditch to Dock Street, Wapping"
"LINESTRING (-0.161113 51.522596,-0.175116 51.523353", "From Dorset Square, Marylebone to Frampton Street, Paddington"
"LINESTRING (-0.116625 51.486965,-0.175116 51.523353", "From Vauxhall Street, Vauxhall to Frampton Street, Paddington"
"LINESTRING (-0.171592 51.5289,-0.175116 51.523353", "From Lord's, St. John's Wood to Frampton Street, Paddington"
"LINESTRING (-0.158105 51.494645,-0.175116 51.523353", "From Cadogan Place, Knightsbridge to Frampton Street, Paddington"
"LINESTRING (-0.169774 51.519968,-0.175116 51.523353", "From Edgware Road Station, Marylebone to Frampton Street, Paddington"
"LINESTRING (-0.183118 51.515607,-0.175116 51.523353", "From Cleveland Gardens, Bayswater to Frampton Street, Paddington"
"LINESTRING (-0.158264 51.514577,-0.175116 51.523353", "From Old Quebec Street, Marylebone to Frampton Street, Paddington"
"LINESTRING (-0.120973 51.530059,-0.175116 51.523353", "From St. Chad's Street, King's Cross to Frampton Street, Paddington"
"LINESTRING (-0.151926 51.516814,-0.175116 51.523353", "From Hinde Street, Marylebone to Frampton Street, Paddington"
"LINESTRING (-0.120973 51.530059,-0.175116 51.523353", "From St. Chad's Street, King's Cross to Frampton Street, Paddington"
"LINESTRING (-0.143495 51.509992,-0.175116 51.523353", "From Grafton Street, Mayfair to Frampton Street, Paddington"
"LINESTRING (-0.161113 51.522596,-0.175116 51.523353", "From Dorset Square, Marylebone to Frampton Street, Paddington"
"LINESTRING (-0.168074 51.5343,-0.175116 51.523353", "From Charlbert Street, St. John's Wood to Frampton Street, Paddington"
"LINESTRING (-0.16862 51.53256,-0.175116 51.523353", "From Greenberry Street, St.John's Wood to Frampton Street, Paddington"
"LINESTRING (-0.156166 51.518913,-0.175116 51.523353", "From Baker Street, Marylebone to Frampton Street, Paddington"
"LINESTRING (-0.154701 51.520583,-0.175116 51.523353", "From Paddington Street, Marylebone to Frampton Street, Paddington"
"LINESTRING (-0.169249 51.515953,-0.175116 51.523353", "From Southwick Street, Paddington to Frampton Street, Paddington"
"LINESTRING (-0.165164 51.514746,-0.175116 51.523353", "From Porchester Place, Paddington to Frampton Street, Paddington"
"LINESTRING (-0.17977 51.51348,-0.175116 51.523353", "From Devonshire Terrace, Bayswater to Frampton Street, Paddington"
"LINESTRING (-0.148105 51.514759,-0.175116 51.523353", "From Marylebone Lane, Marylebone to Frampton Street, Paddington"
"LINESTRING (-0.171103 51.518268,-0.175116 51.523353", "From St Mary's Hospital, Paddington to Frampton Street, Paddington"
"LINESTRING (-0.196422 51.509353,-0.175116 51.523353", "From Notting Hill Gate Station, Notting Hill to Frampton Street, Paddington"
"LINESTRING (-0.098341 51.505409,-0.138019 51.524438", "From Southwark Street, Bankside to Warren Street Station, Euston"
"LINESTRING (-0.10997 51.529163,-0.138019 51.524438", "From River Street , Clerkenwell to Warren Street Station, Euston"
"LINESTRING (-0.117863 51.515208,-0.138019 51.524438", "From Sardinia Street, Holborn to Warren Street Station, Euston"
"LINESTRING (-0.116279 51.524564,-0.138019 51.524438", "From Wren Street, Holborn to Warren Street Station, Euston"
"LINESTRING (-0.09885 51.515418,-0.138019 51.524438", "From Newgate Street , St. Paul's to Warren Street Station, Euston"
"LINESTRING (-0.13011 51.513527,-0.138019 51.524438", "From Moor Street, Soho to Warren Street Station, Euston"
"LINESTRING (-0.144664 51.538071,-0.138019 51.524438", "From Parkway, Camden Town to Warren Street Station, Euston"
"LINESTRING (-0.132053 51.518587,-0.138019 51.524438", "From Bayley Street , Bloomsbury to Warren Street Station, Euston"
"LINESTRING (-0.118295 51.52728,-0.138019 51.524438", "From Ampton Street , Clerkenwell to Warren Street Station, Euston"
"LINESTRING (-0.169774 51.519968,-0.138019 51.524438", "From Edgware Road Station, Marylebone to Warren Street Station, Euston"
"LINESTRING (-0.11548 51.528915,-0.138019 51.524438", "From Great Percy Street, Clerkenwell to Warren Street Station, Euston"
"LINESTRING (-0.145393 51.542138,-0.138019 51.524438", "From Castlehaven Road, Camden Town to Warren Street Station, Euston"
"LINESTRING (-0.200838 51.514311,-0.138019 51.524438", "From Turquoise Island, Notting Hill to Warren Street Station, Euston"
"LINESTRING (-0.147983 51.519167,-0.138019 51.524438", "From New Cavendish Street, Marylebone to Warren Street Station, Euston"
"LINESTRING (-0.099828 51.493146,-0.138019 51.524438", "From Strata, Elephant & Castle to Warren Street Station, Euston"
"LINESTRING (-0.138019 51.524438,-0.138019 51.524438", "From Warren Street Station, Euston to Warren Street Station, Euston"
"LINESTRING (-0.097122 51.529423,-0.138019 51.524438", "From Macclesfield Rd, St Lukes to Warren Street Station, Euston"
"LINESTRING (-0.138072 51.517344,-0.138019 51.524438", "From Wells Street, Fitzrovia to Warren Street Station, Euston"
"LINESTRING (-0.124749 51.509462,-0.138019 51.524438", "From William IV Street, Strand to Warren Street Station, Euston"
"LINESTRING (-0.125078 51.534667,-0.138019 51.524438", "From Good's Way, King's Cross to Warren Street Station, Euston"
"LINESTRING (-0.069542 51.512363,-0.138019 51.524438", "From Leman Street, Aldgate to Warren Street Station, Euston"
"LINESTRING (-0.125979 51.526357,-0.138019 51.524438", "From Cartwright Gardens , Bloomsbury to Warren Street Station, Euston"
"LINESTRING (-0.168074 51.5343,-0.138019 51.524438", "From Charlbert Street, St. John's Wood to Warren Street Station, Euston"
"LINESTRING (-0.174593 51.520205,-0.138019 51.524438", "From Paddington Green, Paddington to Warren Street Station, Euston"
"LINESTRING (-0.125078 51.534667,-0.138019 51.524438", "From Good's Way, King's Cross to Warren Street Station, Euston"
"LINESTRING (-0.17581 51.517335,-0.138019 51.524438", "From South Wharf Road, Paddington to Warren Street Station, Euston"
"LINESTRING (-0.127854 51.517727,-0.138019 51.524438", "From Great Russell Street, Bloomsbury to Warren Street Station, Euston"
"LINESTRING (-0.08249 51.53558,-0.138019 51.524438", "From Pitfield Street North,Hoxton to Warren Street Station, Euston"
"LINESTRING (-0.169774 51.519968,-0.138019 51.524438", "From Edgware Road Station, Marylebone to Warren Street Station, Euston"
"LINESTRING (-0.124826 51.516226,-0.138019 51.524438", "From High Holborn , Covent Garden to Warren Street Station, Euston"
"LINESTRING (-0.200838 51.514311,-0.138019 51.524438", "From Turquoise Island, Notting Hill to Warren Street Station, Euston"
"LINESTRING (-0.118295 51.52728,-0.138019 51.524438", "From Ampton Street , Clerkenwell to Warren Street Station, Euston"
"LINESTRING (-0.154106 51.517703,-0.138019 51.524438", "From George Street, Marylebone to Warren Street Station, Euston"
"LINESTRING (-0.09308 51.515735,-0.138019 51.524438", "From The Guildhall, Guildhall to Warren Street Station, Euston"
"LINESTRING (-0.206029 51.49087,-0.138019 51.524438", "From West Kensington Station, West Kensington to Warren Street Station, Euston"
"LINESTRING (-0.132053 51.518587,-0.138019 51.524438", "From Bayley Street , Bloomsbury to Warren Street Station, Euston"
"LINESTRING (-0.099981 51.532661,-0.138019 51.524438", "From Graham Street, Angel to Warren Street Station, Euston"
"LINESTRING (-0.138231 51.525542,-0.138019 51.524438", "From Hampstead Road, Euston to Warren Street Station, Euston"
"LINESTRING (-0.205876 51.475698,-0.138019 51.524438", "From Chesilton Road, Fulham to Warren Street Station, Euston"
"LINESTRING (-0.118272 51.516277,-0.138019 51.524438", "From Lincoln's Inn Fields, Holborn to Warren Street Station, Euston"
"LINESTRING (-0.088542 51.527025,-0.138019 51.524438", "From Baldwin Street, St. Luke's to Warren Street Station, Euston"
"LINESTRING (-0.157183 51.52026,-0.138019 51.524438", "From Crawford Street, Marylebone to Warren Street Station, Euston"
"LINESTRING (-0.082989 51.510484,-0.138019 51.524438", "From Great Tower Street, Monument to Warren Street Station, Euston"
"LINESTRING (-0.119123 51.519435,-0.138019 51.524438", "From Red Lion Square, Holborn to Warren Street Station, Euston"
"LINESTRING (-0.143613 51.523518,-0.138019 51.524438", "From Bolsover Street, Fitzrovia to Warren Street Station, Euston"
"LINESTRING (-0.158456 51.502953,-0.138019 51.524438", "From Albert Gate, Hyde Park to Warren Street Station, Euston"
"LINESTRING (-0.124826 51.516226,-0.138019 51.524438", "From High Holborn , Covent Garden to Warren Street Station, Euston"
"LINESTRING (-0.132328 51.515631,-0.138019 51.524438", "From Soho Square , Soho to Warren Street Station, Euston"
"LINESTRING (-0.121723 51.510701,-0.138019 51.524438", "From Southampton Street, Strand to Warren Street Station, Euston"
"LINESTRING (-0.140485 51.519181,-0.138019 51.524438", "From Foley Street, Fitzrovia to Warren Street Station, Euston"
"LINESTRING (-0.123509 51.52625,-0.138019 51.524438", "From Tavistock Place, Bloomsbury to Warren Street Station, Euston"
"LINESTRING (-0.132328 51.515631,-0.138019 51.524438", "From Soho Square , Soho to Warren Street Station, Euston"
"LINESTRING (-0.144466 51.528302,-0.138019 51.524438", "From Albany Street, The Regent's Park to Warren Street Station, Euston"
"LINESTRING (-0.135025 51.518162,-0.138019 51.524438", "From Rathbone Street, Fitzrovia to Warren Street Station, Euston"
"LINESTRING (-0.113001 51.50486,-0.138019 51.524438", "From Waterloo Road, South Bank to Warren Street Station, Euston"
"LINESTRING (-0.171103 51.518268,-0.138019 51.524438", "From St Mary's Hospital, Paddington to Warren Street Station, Euston"
"LINESTRING (-0.151926 51.516814,-0.138019 51.524438", "From Hinde Street, Marylebone to Warren Street Station, Euston"
"LINESTRING (-0.101026 51.528246,-0.138019 51.524438", "From Goswell Road (City Uni), Finsbury to Warren Street Station, Euston"
"LINESTRING (-0.147154 51.537349,-0.138019 51.524438", "From Gloucester Avenue, Camden Town to Warren Street Station, Euston"
"LINESTRING (-0.112824 51.503791,-0.138019 51.524438", "From Waterloo Station 3, Waterloo to Warren Street Station, Euston"
"LINESTRING (-0.082989 51.510484,-0.138019 51.524438", "From Great Tower Street, Monument to Warren Street Station, Euston"
"LINESTRING (-0.122203 51.534474,-0.138019 51.524438", "From Crinan Street, King's Cross to Warren Street Station, Euston"
"LINESTRING (-0.108657 51.51795,-0.138019 51.524438", "From Holborn Circus, Holborn to Warren Street Station, Euston"
"LINESTRING (-0.127854 51.517727,-0.138019 51.524438", "From Great Russell Street, Bloomsbury to Warren Street Station, Euston"
"LINESTRING (-0.13558 51.513684,-0.138019 51.524438", "From Broadwick Street, Soho to Warren Street Station, Euston"
"LINESTRING (-0.113426 51.503919,-0.138019 51.524438", "From Waterloo Station 2, Waterloo to Warren Street Station, Euston"
"LINESTRING (-0.113864 51.504027,-0.138019 51.524438", "From Waterloo Station 1, Waterloo to Warren Street Station, Euston"
"LINESTRING (-0.091773 51.504627,-0.138019 51.524438", "From Hop Exchange, The Borough to Warren Street Station, Euston"
"LINESTRING (-0.176645 51.518622,-0.138019 51.524438", "From North Wharf Road, Paddington to Warren Street Station, Euston"
"LINESTRING (-0.112824 51.503791,-0.138019 51.524438", "From Waterloo Station 3, Waterloo to Warren Street Station, Euston"
"LINESTRING (-0.127575 51.495805,-0.138019 51.524438", "From Smith Square, Westminster to Warren Street Station, Euston"
"LINESTRING (-0.114079 51.522264,-0.138019 51.524438", "From Northington Street , Holborn to Warren Street Station, Euston"
"LINESTRING (-0.149186 51.490491,-0.138019 51.524438", "From Ebury Bridge, Pimlico to Warren Street Station, Euston"
"LINESTRING (-0.106408 51.530515,-0.138019 51.524438", "From Chadwell Street, Angel to Warren Street Station, Euston"
"LINESTRING (-0.118295 51.52728,-0.138019 51.524438", "From Ampton Street , Clerkenwell to Warren Street Station, Euston"
"LINESTRING (-0.123616 51.529943,-0.138019 51.524438", "From Belgrove Street , King's Cross to Warren Street Station, Euston"
"LINESTRING (-0.085666 51.499075,-0.138019 51.524438", "From Long Lane , Bermondsey to Warren Street Station, Euston"
"LINESTRING (-0.158963 51.524517,-0.138019 51.524438", "From Park Road (Baker Street), The Regent's Park to Warren Street Station, Euston"
"LINESTRING (-0.103604 51.517334,-0.138019 51.524438", "From Snow Hill, Farringdon to Warren Street Station, Euston"
"LINESTRING (-0.109256 51.526443,-0.105596 51.505342", "From Tysoe Street, Clerkenwell to Colombo Street, Southwark"
"LINESTRING (-0.090847 51.525893,-0.105596 51.505342", "From Bath Street, St. Luke's to Colombo Street, Southwark"
"LINESTRING (-0.120903 51.488124,-0.105596 51.505342", "From Vauxhall Walk, Vauxhall to Colombo Street, Southwark"
"LINESTRING (-0.085666 51.499075,-0.105596 51.505342", "From Long Lane , Bermondsey to Colombo Street, Southwark"
"LINESTRING (-0.136792 51.533005,-0.105596 51.505342", "From Eversholt Street , Camden Town to Colombo Street, Southwark"
"LINESTRING (-0.107927 51.513821,-0.105596 51.505342", "From Bouverie Street, Temple to Colombo Street, Southwark"
"LINESTRING (-0.101536 51.49217,-0.105596 51.505342", "From Hampton Street, Walworth to Colombo Street, Southwark"
"LINESTRING (-0.079249 51.518908,-0.105596 51.505342", "From Brushfield Street, Liverpool Street to Colombo Street, Southwark"
"LINESTRING (-0.096317 51.526008,-0.105596 51.505342", "From Finsbury Leisure Centre, St. Luke's to Colombo Street, Southwark"
"LINESTRING (-0.101536 51.49217,-0.105596 51.505342", "From Hampton Street, Walworth to Colombo Street, Southwark"
"LINESTRING (-0.098341 51.505409,-0.105596 51.505342", "From Southwark Street, Bankside to Colombo Street, Southwark"
"LINESTRING (-0.139221 51.461388,-0.105596 51.505342", "From Clapham Common Station, Clapham Common to Colombo Street, Southwark"
"LINESTRING (-0.09294 51.511553,-0.105596 51.505342", "From Queen Street 1, Bank to Colombo Street, Southwark"
"LINESTRING (-0.093051 51.511246,-0.105596 51.505342", "From Queen Street 2, Bank to Colombo Street, Southwark"
"LINESTRING (-0.100791 51.518218,-0.105596 51.505342", "From West Smithfield Rotunda, Farringdon to Colombo Street, Southwark"
"LINESTRING (-0.086685 51.517075,-0.105596 51.505342", "From Finsbury Circus, Liverpool Street to Colombo Street, Southwark"
"LINESTRING (-0.085814 51.495061,-0.105596 51.505342", "From Bricklayers Arms, Borough to Colombo Street, Southwark"
"LINESTRING (-0.092762 51.500296,-0.105596 51.505342", "From Swan Street, The Borough to Colombo Street, Southwark"
"LINESTRING (-0.136792 51.533005,-0.151359 51.522008", "From Eversholt Street , Camden Town to Beaumont Street, Marylebone"
"LINESTRING (-0.111257 51.514274,-0.151359 51.522008", "From Chancery Lane, Holborn to Beaumont Street, Marylebone"
"LINESTRING (-0.123616 51.529943,-0.151359 51.522008", "From Belgrove Street , King's Cross to Beaumont Street, Marylebone"
"LINESTRING (-0.171681 51.522892,-0.151359 51.522008", "From Penfold Street, Marylebone to Beaumont Street, Marylebone"
"LINESTRING (-0.128377 51.523673,-0.151359 51.522008", "From Bedford Way, Bloomsbury to Beaumont Street, Marylebone"
"LINESTRING (-0.151926 51.516814,-0.151359 51.522008", "From Hinde Street, Marylebone to Beaumont Street, Marylebone"
"LINESTRING (-0.161113 51.522596,-0.151359 51.522008", "From Dorset Square, Marylebone to Beaumont Street, Marylebone"
"LINESTRING (-0.125979 51.526357,-0.151359 51.522008", "From Cartwright Gardens , Bloomsbury to Beaumont Street, Marylebone"
"LINESTRING (-0.185273 51.481765,-0.151359 51.522008", "From Hortensia Road, West Brompton to Beaumont Street, Marylebone"
"LINESTRING (-0.205535 51.507481,-0.151359 51.522008", "From Lansdowne Road, Ladbroke Grove to Beaumont Street, Marylebone"
"LINESTRING (-0.141327 51.520253,-0.151359 51.522008", "From Great Titchfield Street, Fitzrovia to Beaumont Street, Marylebone"
"LINESTRING (-0.151926 51.516814,-0.151359 51.522008", "From Hinde Street, Marylebone to Beaumont Street, Marylebone"
"LINESTRING (-0.119558 51.528279,-0.151359 51.522008", "From Cromer Street, Bloomsbury to Beaumont Street, Marylebone"
"LINESTRING (-0.147203 51.515308,-0.151359 51.522008", "From Chapel Place, Marylebone to Beaumont Street, Marylebone"
"LINESTRING (-0.168074 51.5343,-0.151359 51.522008", "From Charlbert Street, St. John's Wood to Beaumont Street, Marylebone"
"LINESTRING (-0.147624 51.49395,-0.151359 51.522008", "From Eccleston Place, Victoria to Beaumont Street, Marylebone"
"LINESTRING (-0.157183 51.52026,-0.151359 51.522008", "From Crawford Street, Marylebone to Beaumont Street, Marylebone"
"LINESTRING (-0.139174 51.533019,-0.151359 51.522008", "From Harrington Square 1, Camden Town to Beaumont Street, Marylebone"
"LINESTRING (-0.165842 51.522029,-0.151359 51.522008", "From Bell Street , Marylebone to Beaumont Street, Marylebone"
"LINESTRING (-0.075885 51.536585,-0.151359 51.522008", "From Dunston Road , Haggerston to Beaumont Street, Marylebone"
"LINESTRING (-0.183486 51.529857,-0.151359 51.522008", "From Maida Vale, Maida Vale to Beaumont Street, Marylebone"
"LINESTRING (-0.161113 51.522596,-0.151359 51.522008", "From Dorset Square, Marylebone to Beaumont Street, Marylebone"
"LINESTRING (-0.16862 51.53256,-0.151359 51.522008", "From Greenberry Street, St.John's Wood to Beaumont Street, Marylebone"
"LINESTRING (-0.178732 51.493967,-0.151359 51.522008", "From Queen's Gate (Central), South Kensington to Beaumont Street, Marylebone"
"LINESTRING (-0.143495 51.509992,-0.151359 51.522008", "From Grafton Street, Mayfair to Beaumont Street, Marylebone"
"LINESTRING (-0.136052 51.527326,-0.151359 51.522008", "From Drummond Street , Euston to Beaumont Street, Marylebone"
"LINESTRING (-0.151926 51.516814,-0.151359 51.522008", "From Hinde Street, Marylebone to Beaumont Street, Marylebone"
"LINESTRING (-0.158264 51.514577,-0.151359 51.522008", "From Old Quebec Street, Marylebone to Beaumont Street, Marylebone"
"LINESTRING (-0.06555 51.528681,-0.151359 51.522008", "From Durant Street, Bethnal Green to Beaumont Street, Marylebone"
"LINESTRING (-0.18697 51.51616,-0.151359 51.522008", "From Bishop's Bridge Road West, Bayswater to Beaumont Street, Marylebone"
"LINESTRING (-0.150181 51.536922,-0.151359 51.522008", "From London Zoo Car Park, The Regent's Park to Beaumont Street, Marylebone"
"LINESTRING (-0.118272 51.516277,-0.139625 51.490962", "From Lincoln's Inn Fields, Holborn to Gloucester Street, Pimlico"
"LINESTRING (-0.139956 51.493573,-0.139625 51.490962", "From Queen Mother Sports Centre, Victoria to Gloucester Street, Pimlico"
"LINESTRING (-0.13544 51.497829,-0.139625 51.490962", "From Butler Place, Westminster to Gloucester Street, Pimlico"
"LINESTRING (-0.13544 51.497829,-0.139625 51.490962", "From Butler Place, Westminster to Gloucester Street, Pimlico"
"LINESTRING (-0.139956 51.493573,-0.139625 51.490962", "From Queen Mother Sports Centre, Victoria to Gloucester Street, Pimlico"
"LINESTRING (-0.133972 51.472993,-0.139625 51.490962", "From Union Grove, Wandsworth Road to Gloucester Street, Pimlico"
"LINESTRING (-0.115781 51.464019,-0.139625 51.490962", "From Ferndale Road, Brixton to Gloucester Street, Pimlico"
"LINESTRING (-0.15785 51.471095,-0.139625 51.490962", "From Culvert Road, Battersea to Gloucester Street, Pimlico"
"LINESTRING (-0.122759 51.487807,-0.139625 51.490962", "From New Spring Gardens Walk, Vauxhall to Gloucester Street, Pimlico"
"LINESTRING (-0.185273 51.481765,-0.139625 51.490962", "From Hortensia Road, West Brompton to Gloucester Street, Pimlico"
"LINESTRING (-0.15785 51.471095,-0.139625 51.490962", "From Culvert Road, Battersea to Gloucester Street, Pimlico"
"LINESTRING (-0.157275 51.510017,-0.139625 51.490962", "From Park Lane , Hyde Park to Gloucester Street, Pimlico"
"LINESTRING (-0.140947 51.49616,-0.139625 51.490962", "From Ashley Place, Victoria to Gloucester Street, Pimlico"
"LINESTRING (-0.138733 51.496753,-0.139625 51.490962", "From Howick Place, Westminster to Gloucester Street, Pimlico"
"LINESTRING (-0.123179 51.506543,-0.139625 51.490962", "From Whitehall Place, Strand to Gloucester Street, Pimlico"
"LINESTRING (-0.157788 51.465123,-0.139625 51.490962", "From Sugden Road, Clapham to Gloucester Street, Pimlico"
"LINESTRING (-0.144132 51.493204,-0.139625 51.490962", "From Belgrave Road, Victoria to Gloucester Street, Pimlico"
"LINESTRING (-0.147714 51.483507,-0.139625 51.490962", "From Battersea Power Station, Battersea Park to Gloucester Street, Pimlico"
"LINESTRING (-0.133201 51.512515,-0.139625 51.490962", "From Wardour Street, Soho to Gloucester Street, Pimlico"
"LINESTRING (-0.157788 51.465123,-0.139625 51.490962", "From Sugden Road, Clapham to Gloucester Street, Pimlico"
"LINESTRING (-0.13544 51.497829,-0.139625 51.490962", "From Butler Place, Westminster to Gloucester Street, Pimlico"
"LINESTRING (-0.164207 51.517372,-0.139625 51.490962", "From Harrowby Street, Marylebone to Gloucester Street, Pimlico"
"LINESTRING (-0.129698 51.500703,-0.139625 51.490962", "From Storey's Gate, Westminster to Gloucester Street, Pimlico"
"LINESTRING (-0.079249 51.518908,-0.139625 51.490962", "From Brushfield Street, Liverpool Street to Gloucester Street, Pimlico"
"LINESTRING (-0.136928 51.493985,-0.139625 51.490962", "From Vincent Square, Westminster to Gloucester Street, Pimlico"
"LINESTRING (-0.165471 51.498884,-0.139625 51.490962", "From Montpelier Street, Knightsbridge to Gloucester Street, Pimlico"
"LINESTRING (-0.142943 51.496863,-0.139625 51.490962", "From Allington Street, Victoria to Gloucester Street, Pimlico"
"LINESTRING (-0.139625 51.490962,-0.139625 51.490962", "From Gloucester Street, Pimlico to Gloucester Street, Pimlico"
"LINESTRING (-0.164207 51.517372,-0.128585 51.516118", "From Harrowby Street, Marylebone to Earnshaw Street , Covent Garden"
"LINESTRING (-0.125078 51.534667,-0.128585 51.516118", "From Good's Way, King's Cross to Earnshaw Street , Covent Garden"
"LINESTRING (-0.11548 51.528915,-0.128585 51.516118", "From Great Percy Street, Clerkenwell to Earnshaw Street , Covent Garden"
"LINESTRING (-0.083632 51.502153,-0.128585 51.516118", "From Snowsfields, London Bridge to Earnshaw Street , Covent Garden"
"LINESTRING (-0.151926 51.516814,-0.128585 51.516118", "From Hinde Street, Marylebone to Earnshaw Street , Covent Garden"
"LINESTRING (-0.104708 51.52326,-0.128585 51.516118", "From Clerkenwell Green, Clerkenwell to Earnshaw Street , Covent Garden"
"LINESTRING (-0.113864 51.504027,-0.128585 51.516118", "From Waterloo Station 1, Waterloo to Earnshaw Street , Covent Garden"
"LINESTRING (-0.08299 51.53213,-0.128585 51.516118", "From Pitfield Street Central, Hoxton to Earnshaw Street , Covent Garden"
"LINESTRING (-0.051394 51.520893,-0.128585 51.516118", "From Cleveland Way, Stepney to Earnshaw Street , Covent Garden"
"LINESTRING (-0.151926 51.516814,-0.128585 51.516118", "From Hinde Street, Marylebone to Earnshaw Street , Covent Garden"
"LINESTRING (-0.09885 51.515418,-0.128585 51.516118", "From Newgate Street , St. Paul's to Earnshaw Street , Covent Garden"
"LINESTRING (-0.092762 51.500296,-0.128585 51.516118", "From Swan Street, The Borough to Earnshaw Street , Covent Garden"
"LINESTRING (-0.096518 51.491327,-0.128585 51.516118", "From Walworth Square, Walworth to Earnshaw Street , Covent Garden"
"LINESTRING (-0.142345 51.510662,-0.128585 51.516118", "From Clifford Street, Mayfair to Earnshaw Street , Covent Garden"
"LINESTRING (-0.038557 51.541515,-0.128585 51.516118", "From Gascoyne Road, Victoria Park to Earnshaw Street , Covent Garden"
"LINESTRING (-0.128279 51.5293,-0.128585 51.516118", "From Ossulston Street, Somers Town to Earnshaw Street , Covent Garden"
"LINESTRING (-0.18119 51.485587,-0.128585 51.516118", "From Limerston Street, West Chelsea to Earnshaw Street , Covent Garden"
"LINESTRING (-0.138853 51.541603,-0.128585 51.516118", "From Bonny Street, Camden Town to Earnshaw Street , Covent Garden"
"LINESTRING (-0.141728 51.539099,-0.128585 51.516118", "From Greenland Road, Camden Town to Earnshaw Street , Covent Garden"
"LINESTRING (-0.128279 51.5293,-0.128585 51.516118", "From Ossulston Street, Somers Town to Earnshaw Street , Covent Garden"
"LINESTRING (-0.121328 51.517606,-0.128585 51.516118", "From Southampton Place, Holborn to Earnshaw Street , Covent Garden"
"LINESTRING (-0.141728 51.539099,-0.128585 51.516118", "From Greenland Road, Camden Town to Earnshaw Street , Covent Garden"
"LINESTRING (-0.162298 51.522511,-0.128585 51.516118", "From Boston Place, Marylebone to Earnshaw Street , Covent Garden"
"LINESTRING (-0.124678 51.51908,-0.128585 51.516118", "From British Museum, Bloomsbury to Earnshaw Street , Covent Garden"
"LINESTRING (-0.142345 51.510662,-0.128585 51.516118", "From Clifford Street, Mayfair to Earnshaw Street , Covent Garden"
"LINESTRING (-0.07962 51.503493,-0.128585 51.516118", "From Tooley Street, Bermondsey to Earnshaw Street , Covent Garden"
"LINESTRING (-0.058826 51.54119,-0.128585 51.516118", "From London Fields, Hackney Central to Earnshaw Street , Covent Garden"
"LINESTRING (-0.135025 51.518162,-0.128585 51.516118", "From Rathbone Street, Fitzrovia to Earnshaw Street , Covent Garden"
"LINESTRING (-0.070542 51.505697,-0.128585 51.516118", "From St. Katharine's Way, Tower to Earnshaw Street , Covent Garden"
"LINESTRING (-0.112824 51.503791,-0.128585 51.516118", "From Waterloo Station 3, Waterloo to Earnshaw Street , Covent Garden"
"LINESTRING (-0.194116 51.479932,-0.142207 51.485357", "From Fulham Broadway, Walham Green to Grosvenor Road, Pimlico"
"LINESTRING (-0.13544 51.497829,-0.142207 51.485357", "From Butler Place, Westminster to Grosvenor Road, Pimlico"
"LINESTRING (-0.204815 51.484386,-0.142207 51.485357", "From Normand Park, West Kensington to Grosvenor Road, Pimlico"
"LINESTRING (-0.122492 51.486343,-0.142207 51.485357", "From Kennington Lane Rail Bridge, Vauxhall to Grosvenor Road, Pimlico"
"LINESTRING (-0.180389 51.46517,-0.142207 51.485357", "From Hibbert Street, Battersea to Grosvenor Road, Pimlico"
"LINESTRING (-0.136928 51.493985,-0.142207 51.485357", "From Vincent Square, Westminster to Grosvenor Road, Pimlico"
"LINESTRING (-0.164786 51.477292,-0.142207 51.485357", "From Ethelburga Estate, Battersea Park to Grosvenor Road, Pimlico"
"LINESTRING (-0.159237 51.501855,-0.142207 51.485357", "From Seville Street, Knightsbridge to Grosvenor Road, Pimlico"
"LINESTRING (-0.110699 51.501444,-0.142207 51.485357", "From Baylis Road, Waterloo to Grosvenor Road, Pimlico"
"LINESTRING (-0.085814 51.495061,-0.142207 51.485357", "From Bricklayers Arms, Borough to Grosvenor Road, Pimlico"
"LINESTRING (-0.135635 51.488226,-0.142207 51.485357", "From St. George's Square, Pimlico to Grosvenor Road, Pimlico"
"LINESTRING (-0.147857 51.477966,-0.142207 51.485357", "From Gas Holders, Battersea Park to Grosvenor Road, Pimlico"
"LINESTRING (-0.142207 51.485357,-0.142207 51.485357", "From Grosvenor Road, Pimlico to Grosvenor Road, Pimlico"
"LINESTRING (-0.123616 51.529943,-0.099994 51.522853", "From Belgrove Street , King's Cross to Berry Street, Clerkenwell"
"LINESTRING (-0.113426 51.503919,-0.099994 51.522853", "From Waterloo Station 2, Waterloo to Berry Street, Clerkenwell"
"LINESTRING (-0.097122 51.529423,-0.099994 51.522853", "From Macclesfield Rd, St Lukes to Berry Street, Clerkenwell"
"LINESTRING (-0.088285 51.519069,-0.099994 51.522853", "From Moorfields, Moorgate to Berry Street, Clerkenwell"
"LINESTRING (-0.138019 51.524438,-0.099994 51.522853", "From Warren Street Station, Euston to Berry Street, Clerkenwell"
"LINESTRING (-0.088542 51.527025,-0.099994 51.522853", "From Baldwin Street, St. Luke's to Berry Street, Clerkenwell"
"LINESTRING (-0.087262 51.506304,-0.099994 51.522853", "From Duke Street Hill, London Bridge to Berry Street, Clerkenwell"
"LINESTRING (-0.111606 51.505569,-0.099994 51.522853", "From Stamford Street, South Bank to Berry Street, Clerkenwell"
"LINESTRING (-0.097122 51.529423,-0.099994 51.522853", "From Macclesfield Rd, St Lukes to Berry Street, Clerkenwell"
"LINESTRING (-0.162298 51.522511,-0.099994 51.522853", "From Boston Place, Marylebone to Berry Street, Clerkenwell"
"LINESTRING (-0.141728 51.539099,-0.099994 51.522853", "From Greenland Road, Camden Town to Berry Street, Clerkenwell"
"LINESTRING (-0.075459 51.509506,-0.099994 51.522853", "From Tower Gardens , Tower to Berry Street, Clerkenwell"
"LINESTRING (-0.075855 51.517475,-0.099994 51.522853", "From Bell Lane, Liverpool Street to Berry Street, Clerkenwell"
"LINESTRING (-0.074431 51.519362,-0.099994 51.522853", "From Fournier Street, Whitechapel to Berry Street, Clerkenwell"
"LINESTRING (-0.096317 51.526008,-0.099994 51.522853", "From Finsbury Leisure Centre, St. Luke's to Berry Street, Clerkenwell"
"LINESTRING (-0.112824 51.503791,-0.099994 51.522853", "From Waterloo Station 3, Waterloo to Berry Street, Clerkenwell"
"LINESTRING (-0.08249 51.53558,-0.099994 51.522853", "From Pitfield Street North,Hoxton to Berry Street, Clerkenwell"
"LINESTRING (-0.096496 51.517821,-0.099994 51.522853", "From Museum of London, Barbican to Berry Street, Clerkenwell"
"LINESTRING (-0.099994 51.522853,-0.099994 51.522853", "From Berry Street, Clerkenwell to Berry Street, Clerkenwell"
"LINESTRING (-0.115851 51.505044,-0.099994 51.522853", "From Concert Hall Approach 1, South Bank to Berry Street, Clerkenwell"
"LINESTRING (-0.108657 51.51795,-0.099994 51.522853", "From Holborn Circus, Holborn to Berry Street, Clerkenwell"
"LINESTRING (-0.113426 51.503919,-0.099994 51.522853", "From Waterloo Station 2, Waterloo to Berry Street, Clerkenwell"
"LINESTRING (-0.135025 51.518162,-0.099994 51.522853", "From Rathbone Street, Fitzrovia to Berry Street, Clerkenwell"
"LINESTRING (-0.079608 51.521668,-0.099994 51.522853", "From Worship Street, Shoreditch to Berry Street, Clerkenwell"
"LINESTRING (-0.089659 51.52548,-0.099994 51.522853", "From Old Street Station, St. Luke's to Berry Street, Clerkenwell"
"LINESTRING (-0.071881 51.534776,-0.099994 51.522853", "From Thurtle Road, Haggerston to Berry Street, Clerkenwell"
"LINESTRING (-0.137043 51.511897,-0.099994 51.522853", "From Golden Square, Soho to Berry Street, Clerkenwell"
"LINESTRING (-0.054162 51.536424,-0.099994 51.522853", "From Victoria Park Road, Hackney Central to Berry Street, Clerkenwell"
"LINESTRING (-0.113864 51.504027,-0.099994 51.522853", "From Waterloo Station 1, Waterloo to Berry Street, Clerkenwell"
"LINESTRING (-0.144228 51.518117,-0.099994 51.522853", "From Broadcasting House, Marylebone to Berry Street, Clerkenwell"
"LINESTRING (-0.113426 51.503919,-0.099994 51.522853", "From Waterloo Station 2, Waterloo to Berry Street, Clerkenwell"
"LINESTRING (-0.121328 51.517606,-0.099994 51.522853", "From Southampton Place, Holborn to Berry Street, Clerkenwell"
"LINESTRING (-0.131213 51.513103,-0.099994 51.522853", "From Frith Street, Soho to Berry Street, Clerkenwell"
"LINESTRING (-0.062546 51.535678,-0.099994 51.522853", "From Regent's Row , Haggerston to Berry Street, Clerkenwell"
"LINESTRING (-0.138733 51.496753,-0.099994 51.522853", "From Howick Place, Westminster to Berry Street, Clerkenwell"
"LINESTRING (-0.09315 51.53356,-0.099994 51.522853", "From Eagle Wharf Road, Hoxton to Berry Street, Clerkenwell"
"LINESTRING (-0.116279 51.524564,-0.099994 51.522853", "From Wren Street, Holborn to Berry Street, Clerkenwell"
"LINESTRING (-0.09294 51.51397,-0.099994 51.522853", "From Cheapside, Bank to Berry Street, Clerkenwell"
"LINESTRING (-0.069743 51.528222,-0.099994 51.522853", "From Wellington Row, Bethnal Green to Berry Street, Clerkenwell"
"LINESTRING (-0.05438 51.520019,-0.099994 51.522853", "From Ansell House, Stepney to Berry Street, Clerkenwell"
"LINESTRING (-0.069543 51.525645,-0.099994 51.522853", "From Granby Street, Shoreditch to Berry Street, Clerkenwell"
"LINESTRING (-0.079608 51.521668,-0.099994 51.522853", "From Worship Street, Shoreditch to Berry Street, Clerkenwell"
"LINESTRING (-0.091773 51.504627,-0.099994 51.522853", "From Hop Exchange, The Borough to Berry Street, Clerkenwell"
"LINESTRING (-0.036017 51.525941,-0.099994 51.522853", "From Clinton Road, Mile End to Berry Street, Clerkenwell"
"LINESTRING (-0.05438 51.520019,-0.099994 51.522853", "From Ansell House, Stepney to Berry Street, Clerkenwell"
"LINESTRING (-0.112824 51.503791,-0.099994 51.522853", "From Waterloo Station 3, Waterloo to Berry Street, Clerkenwell"
"LINESTRING (-0.154907 51.522481,-0.099994 51.522853", "From Westminster University, Marylebone to Berry Street, Clerkenwell"
"LINESTRING (-0.058826 51.54119,-0.099994 51.522853", "From London Fields, Hackney Central to Berry Street, Clerkenwell"
"LINESTRING (-0.123616 51.529943,-0.167515 51.530529", "From Belgrove Street , King's Cross to St. John's Wood Church, The Regent's Park"
"LINESTRING (-0.147154 51.537349,-0.167515 51.530529", "From Gloucester Avenue, Camden Town to St. John's Wood Church, The Regent's Park"
"LINESTRING (-0.167515 51.530529,-0.167515 51.530529", "From St. John's Wood Church, The Regent's Park to St. John's Wood Church, The Regent's Park"
"LINESTRING (-0.136052 51.527326,-0.167515 51.530529", "From Drummond Street , Euston to St. John's Wood Church, The Regent's Park"
"LINESTRING (-0.141423 51.514499,-0.167515 51.530529", "From Little Argyll Street, West End to St. John's Wood Church, The Regent's Park"
"LINESTRING (-0.123616 51.529943,-0.167515 51.530529", "From Belgrove Street , King's Cross to St. John's Wood Church, The Regent's Park"
"LINESTRING (-0.167515 51.530529,-0.167515 51.530529", "From St. John's Wood Church, The Regent's Park to St. John's Wood Church, The Regent's Park"
"LINESTRING (-0.147154 51.537349,-0.167515 51.530529", "From Gloucester Avenue, Camden Town to St. John's Wood Church, The Regent's Park"
"LINESTRING (-0.158249 51.516892,-0.167515 51.530529", "From George Place Mews, Marylebone to St. John's Wood Church, The Regent's Park"
"LINESTRING (-0.168074 51.5343,-0.167515 51.530529", "From Charlbert Street, St. John's Wood to St. John's Wood Church, The Regent's Park"
"LINESTRING (-0.134407 51.526236,-0.167515 51.530529", "From Euston Road, Euston to St. John's Wood Church, The Regent's Park"
"LINESTRING (-0.158456 51.502953,-0.170279 51.506451", "From Albert Gate, Hyde Park to Triangle Car Park, Hyde Park"
"LINESTRING (-0.09294 51.511553,-0.170279 51.506451", "From Queen Street 1, Bank to Triangle Car Park, Hyde Park"
"LINESTRING (-0.161113 51.522596,-0.170279 51.506451", "From Dorset Square, Marylebone to Triangle Car Park, Hyde Park"
"LINESTRING (-0.157275 51.510017,-0.170279 51.506451", "From Park Lane , Hyde Park to Triangle Car Park, Hyde Park"
"LINESTRING (-0.116628 51.500089,-0.170279 51.506451", "From Lambeth Palace Road, Waterloo to Triangle Car Park, Hyde Park"
"LINESTRING (-0.173881 51.494412,-0.170279 51.506451", "From South Kensington Station, South Kensington to Triangle Car Park, Hyde Park"
"LINESTRING (-0.17581 51.517335,-0.170279 51.506451", "From South Wharf Road, Paddington to Triangle Car Park, Hyde Park"
"LINESTRING (-0.158456 51.502953,-0.170279 51.506451", "From Albert Gate, Hyde Park to Triangle Car Park, Hyde Park"
"LINESTRING (-0.161113 51.522596,-0.170279 51.506451", "From Dorset Square, Marylebone to Triangle Car Park, Hyde Park"
"LINESTRING (-0.187842 51.509908,-0.170279 51.506451", "From Black Lion Gate, Kensington Gardens to Triangle Car Park, Hyde Park"
"LINESTRING (-0.158456 51.502953,-0.170279 51.506451", "From Albert Gate, Hyde Park to Triangle Car Park, Hyde Park"
"LINESTRING (-0.201005 51.51787,-0.170279 51.506451", "From Westbourne Park Road, Portobello to Triangle Car Park, Hyde Park"
"LINESTRING (-0.158456 51.502953,-0.170279 51.506451", "From Albert Gate, Hyde Park to Triangle Car Park, Hyde Park"
"LINESTRING (-0.169774 51.519968,-0.170279 51.506451", "From Edgware Road Station, Marylebone to Triangle Car Park, Hyde Park"
"LINESTRING (-0.15352 51.503117,-0.170279 51.506451", "From Hyde Park Corner, Hyde Park to Triangle Car Park, Hyde Park"
"LINESTRING (-0.156166 51.518913,-0.170279 51.506451", "From Baker Street, Marylebone to Triangle Car Park, Hyde Park"
"LINESTRING (-0.151296 51.50923,-0.170279 51.506451", "From South Audley Street, Mayfair to Triangle Car Park, Hyde Park"
"LINESTRING (-0.151126 51.510919,-0.170279 51.506451", "From Millennium Hotel, Mayfair to Triangle Car Park, Hyde Park"
"LINESTRING (-0.17306 51.505014,-0.170279 51.506451", "From Serpentine Car Park, Hyde Park to Triangle Car Park, Hyde Park"
"LINESTRING (-0.154106 51.517703,-0.170279 51.506451", "From George Street, Marylebone to Triangle Car Park, Hyde Park"
"LINESTRING (-0.170279 51.506451,-0.170279 51.506451", "From Triangle Car Park, Hyde Park to Triangle Car Park, Hyde Park"
"LINESTRING (-0.134407 51.526236,-0.170279 51.506451", "From Euston Road, Euston to Triangle Car Park, Hyde Park"
"LINESTRING (-0.15352 51.503117,-0.170279 51.506451", "From Hyde Park Corner, Hyde Park to Triangle Car Park, Hyde Park"
"LINESTRING (-0.157275 51.510017,-0.170279 51.506451", "From Park Lane , Hyde Park to Triangle Car Park, Hyde Park"
"LINESTRING (-0.208565 51.515108,-0.170279 51.506451", "From Blenheim Crescent, Ladbroke Grove to Triangle Car Park, Hyde Park"
"LINESTRING (-0.170279 51.506451,-0.170279 51.506451", "From Triangle Car Park, Hyde Park to Triangle Car Park, Hyde Park"
"LINESTRING (-0.157436 51.512276,-0.170279 51.506451", "From Green Street, Mayfair to Triangle Car Park, Hyde Park"
"LINESTRING (-0.102996 51.486929,-0.096191 51.498597", "From Doddington Grove, Kennington to Harper Road, The Borough"
"LINESTRING (-0.093421 51.529154,-0.096191 51.498597", "From Windsor Terrace, Hoxton to Harper Road, The Borough"
"LINESTRING (-0.091938 51.492807,-0.096191 51.498597", "From Victory Place, Walworth to Harper Road, The Borough"
"LINESTRING (-0.108322 51.510981,-0.096191 51.498597", "From Temple Gardens, Temple to Harper Road, The Borough"
"LINESTRING (-0.10044 51.498898,-0.096191 51.498597", "From Borough Road, Elephant & Castle to Harper Road, The Borough"
"LINESTRING (-0.08974 51.500823,-0.096191 51.498597", "From Empire Square, The Borough to Harper Road, The Borough"
"LINESTRING (-0.117122 51.490994,-0.096191 51.498597", "From Black Prince Road, Vauxhall to Harper Road, The Borough"
"LINESTRING (-0.163347 51.474392,-0.096191 51.498597", "From Albert Bridge Road, Battersea Park to Harper Road, The Borough"
"LINESTRING (-0.091938 51.492807,-0.096191 51.498597", "From Victory Place, Walworth to Harper Road, The Borough"
"LINESTRING (-0.04915 51.498439,-0.096191 51.498597", "From Canada Water Station, Rotherhithe to Harper Road, The Borough"
"LINESTRING (-0.102996 51.486929,-0.096191 51.498597", "From Doddington Grove, Kennington to Harper Road, The Borough"
"LINESTRING (-0.09294 51.51397,-0.096191 51.498597", "From Cheapside, Bank to Harper Road, The Borough"
"LINESTRING (-0.113864 51.504027,-0.096191 51.498597", "From Waterloo Station 1, Waterloo to Harper Road, The Borough"
"LINESTRING (-0.13225 51.528833,-0.096191 51.498597", "From Doric Way , Somers Town to Harper Road, The Borough"
"LINESTRING (-0.117974 51.494881,-0.096191 51.498597", "From Lambeth Road, Vauxhall to Harper Road, The Borough"
"LINESTRING (-0.103137 51.506692,-0.096191 51.498597", "From Poured Lines, Bankside to Harper Road, The Borough"
"LINESTRING (-0.170983 51.486892,-0.162727 51.489932", "From Manresa Road, Chelsea to Royal Avenue 1, Chelsea"
"LINESTRING (-0.172078 51.482567,-0.162727 51.489932", "From Danvers Street, West Chelsea to Royal Avenue 1, Chelsea"
"LINESTRING (-0.180274 51.481805,-0.162727 51.489932", "From World's End Place, West Chelsea to Royal Avenue 1, Chelsea"
"LINESTRING (-0.124642 51.481747,-0.162727 51.489932", "From South Lambeth Road, Vauxhall to Royal Avenue 1, Chelsea"
"LINESTRING (-0.19701 51.473763,-0.162727 51.489932", "From Irene Road, Parsons Green to Royal Avenue 1, Chelsea"
"LINESTRING (-0.113885 51.51165,-0.162727 51.489932", "From Arundel Street to Royal Avenue 1, Chelsea"
"LINESTRING (-0.1844 51.502042,-0.162727 51.489932", "From Palace Gate, Kensington Gardens to Royal Avenue 1, Chelsea"
"LINESTRING (-0.172528 51.533043,-0.162727 51.489932", "From Wellington Road, St. John's Wood to Royal Avenue 1, Chelsea"
"LINESTRING (-0.167894 51.493184,-0.162727 51.489932", "From Sloane Avenue, Knightsbridge to Royal Avenue 1, Chelsea"
"LINESTRING (-0.137235 51.473116,-0.162727 51.489932", "From Stewart's Road, Wandsworth Road to Royal Avenue 1, Chelsea"
"LINESTRING (-0.147624 51.49395,-0.162727 51.489932", "From Eccleston Place, Victoria to Royal Avenue 1, Chelsea"
"LINESTRING (-0.132224 51.49206,-0.162727 51.489932", "From Regency Street, Westminster to Royal Avenue 1, Chelsea"
"LINESTRING (-0.183853 51.480898,-0.162727 51.489932", "From Thorndike Close, West Chelsea to Royal Avenue 1, Chelsea"
"LINESTRING (-0.191933 51.495866,-0.162727 51.489932", "From Lexham Gardens, Kensington to Royal Avenue 1, Chelsea"
"LINESTRING (-0.153645 51.512911,-0.162727 51.489932", "From North Audley Street, Mayfair to Royal Avenue 1, Chelsea"
"LINESTRING (-0.176267 51.472876,-0.162727 51.489932", "From Vicarage Crescent, Battersea to Royal Avenue 1, Chelsea"
"LINESTRING (-0.178433 51.492479,-0.162727 51.489932", "From Queen's Gate (South), South Kensington to Royal Avenue 1, Chelsea"
"LINESTRING (-0.09315 51.53356,-0.079249 51.518908", "From Eagle Wharf Road, Hoxton to Brushfield Street, Liverpool Street"
"LINESTRING (-0.076341 51.534464,-0.079249 51.518908", "From Whiston Road, Haggerston to Brushfield Street, Liverpool Street"
"LINESTRING (-0.098807 51.506725,-0.079249 51.518908", "From Tate Modern, Bankside to Brushfield Street, Liverpool Street"
"LINESTRING (-0.120973 51.530059,-0.079249 51.518908", "From St. Chad's Street, King's Cross to Brushfield Street, Liverpool Street"
"LINESTRING (-0.101026 51.528246,-0.079249 51.518908", "From Goswell Road (City Uni), Finsbury to Brushfield Street, Liverpool Street"
"LINESTRING (-0.033085 51.532513,-0.079249 51.518908", "From Ford Road, Old Ford to Brushfield Street, Liverpool Street"
"LINESTRING (-0.096496 51.517821,-0.079249 51.518908", "From Museum of London, Barbican to Brushfield Street, Liverpool Street"
"LINESTRING (-0.04667 51.521889,-0.079249 51.518908", "From Stepney Green Station, Stepney to Brushfield Street, Liverpool Street"
"LINESTRING (-0.037471 51.528224,-0.079249 51.518908", "From Antill Road, Mile End to Brushfield Street, Liverpool Street"
"LINESTRING (-0.079248 51.524526,-0.079249 51.518908", "From New Inn Yard, Shoreditch to Brushfield Street, Liverpool Street"
"LINESTRING (-0.026768 51.520398,-0.079249 51.518908", "From Ackroyd Drive, Bow to Brushfield Street, Liverpool Street"
"LINESTRING (-0.108068 51.527842,-0.079249 51.518908", "From Hardwick Street, Clerkenwell to Brushfield Street, Liverpool Street"
"LINESTRING (-0.110121 51.488105,-0.079249 51.518908", "From Cleaver Street, Kennington to Brushfield Street, Liverpool Street"
"LINESTRING (-0.06691 51.507131,-0.079249 51.518908", "From Nesham Street, Wapping to Brushfield Street, Liverpool Street"
"LINESTRING (-0.112031 51.49914,-0.079249 51.518908", "From Lambeth North Station, Waterloo to Brushfield Street, Liverpool Street"
"LINESTRING (-0.074754 51.523648,-0.079249 51.518908", "From Bethnal Green Road, Shoreditch to Brushfield Street, Liverpool Street"
"LINESTRING (-0.126874 51.47787,-0.079249 51.518908", "From Hartington Road, Stockwell to Brushfield Street, Liverpool Street"
"LINESTRING (-0.075375 51.528187,-0.079249 51.518908", "From Columbia Road, Shoreditch to Brushfield Street, Liverpool Street"
"LINESTRING (-0.115533 51.504942,-0.079249 51.518908", "From Concert Hall Approach 2, South Bank to Brushfield Street, Liverpool Street"
"LINESTRING (-0.120202 51.523346,-0.079249 51.518908", "From Guilford Street , Bloomsbury to Brushfield Street, Liverpool Street"
"LINESTRING (-0.058631 51.524583,-0.079249 51.518908", "From Finnis Street, Bethnal Green to Brushfield Street, Liverpool Street"
"LINESTRING (-0.070329 51.539083,-0.079249 51.518908", "From Shoreditch Court, Haggerston to Brushfield Street, Liverpool Street"
"LINESTRING (-0.079249 51.518908,-0.079249 51.518908", "From Brushfield Street, Liverpool Street to Brushfield Street, Liverpool Street"
"LINESTRING (-0.068161 51.509786,-0.079249 51.518908", "From Dock Street, Wapping to Brushfield Street, Liverpool Street"
"LINESTRING (-0.02163 51.540311,-0.079249 51.518908", "From Monier Road, Hackney Wick to Brushfield Street, Liverpool Street"
"LINESTRING (-0.104193 51.49605,-0.079249 51.518908", "From Gaywood  Street, Elephant & Castle to Brushfield Street, Liverpool Street"
"LINESTRING (-0.09734 51.520841,-0.079249 51.518908", "From Aldersgate Street, Barbican to Brushfield Street, Liverpool Street"
"LINESTRING (-0.105593 51.488852,-0.079249 51.518908", "From Kennington Station, Kennington to Brushfield Street, Liverpool Street"
"LINESTRING (-0.108322 51.510981,-0.079249 51.518908", "From Temple Gardens, Temple to Brushfield Street, Liverpool Street"
"LINESTRING (-0.075375 51.528187,-0.079249 51.518908", "From Columbia Road, Shoreditch to Brushfield Street, Liverpool Street"
"LINESTRING (-0.054883 51.522561,-0.079249 51.518908", "From Cephas Street, Bethnal Green to Brushfield Street, Liverpool Street"
"LINESTRING (-0.055656 51.514222,-0.079249 51.518908", "From Watney Market, Stepney to Brushfield Street, Liverpool Street"
"LINESTRING (-0.047784 51.51328,-0.079249 51.518908", "From Albert Gardens, Stepney to Brushfield Street, Liverpool Street"
"LINESTRING (-0.09294 51.511553,-0.079249 51.518908", "From Queen Street 1, Bank to Brushfield Street, Liverpool Street"
"LINESTRING (-0.083159 51.500889,-0.079249 51.518908", "From Tyers Gate, Bermondsey to Brushfield Street, Liverpool Street"
"LINESTRING (-0.0801 51.52959,-0.079249 51.518908", "From Hoxton Street, Hoxton to Brushfield Street, Liverpool Street"
"LINESTRING (-0.109914 51.531666,-0.079249 51.518908", "From Claremont Square, Angel to Brushfield Street, Liverpool Street"
"LINESTRING (-0.104298 51.526717,-0.079249 51.518908", "From Finsbury Library , Finsbury to Brushfield Street, Liverpool Street"
"LINESTRING (-0.033085 51.532513,-0.079249 51.518908", "From Ford Road, Old Ford to Brushfield Street, Liverpool Street"
"LINESTRING (-0.111606 51.505569,-0.079249 51.518908", "From Stamford Street, South Bank to Brushfield Street, Liverpool Street"
"LINESTRING (-0.066035 51.531864,-0.079249 51.518908", "From Goldsmith's Row, Haggerston to Brushfield Street, Liverpool Street"
"LINESTRING (-0.09734 51.520841,-0.079249 51.518908", "From Aldersgate Street, Barbican to Brushfield Street, Liverpool Street"
"LINESTRING (-0.108657 51.51795,-0.079249 51.518908", "From Holborn Circus, Holborn to Brushfield Street, Liverpool Street"
"LINESTRING (-0.070133 51.515231,-0.079249 51.518908", "From Central House, Whitechapel to Brushfield Street, Liverpool Street"
"LINESTRING (-0.069543 51.525645,-0.079249 51.518908", "From Granby Street, Shoreditch to Brushfield Street, Liverpool Street"
"LINESTRING (-0.17581 51.517335,-0.079249 51.518908", "From South Wharf Road, Paddington to Brushfield Street, Liverpool Street"
"LINESTRING (-0.042744 51.530326,-0.079249 51.518908", "From Twig Folly Bridge, Mile End to Brushfield Street, Liverpool Street"
"LINESTRING (-0.07813 51.526377,-0.079249 51.518908", "From Shoreditch High Street, Shoreditch to Brushfield Street, Liverpool Street"
"LINESTRING (-0.113864 51.504027,-0.079249 51.518908", "From Waterloo Station 1, Waterloo to Brushfield Street, Liverpool Street"
"LINESTRING (-0.05438 51.520019,-0.079249 51.518908", "From Ansell House, Stepney to Brushfield Street, Liverpool Street"
"LINESTRING (-0.054883 51.522561,-0.079249 51.518908", "From Cephas Street, Bethnal Green to Brushfield Street, Liverpool Street"
"LINESTRING (-0.09734 51.520841,-0.079249 51.518908", "From Aldersgate Street, Barbican to Brushfield Street, Liverpool Street"
"LINESTRING (-0.059091 51.528692,-0.079249 51.518908", "From Clarkson Street, Bethnal Green to Brushfield Street, Liverpool Street"
"LINESTRING (-0.060291 51.535716,-0.079249 51.518908", "From Ada Street, Hackney Central to Brushfield Street, Liverpool Street"
"LINESTRING (-0.112721 51.536392,-0.079249 51.518908", "From Charlotte Terrace, Angel to Brushfield Street, Liverpool Street"
"LINESTRING (-0.107987 51.517428,-0.079249 51.518908", "From New Fetter Lane, Holborn to Brushfield Street, Liverpool Street"
"LINESTRING (-0.05438 51.520019,-0.079249 51.518908", "From Ansell House, Stepney to Brushfield Street, Liverpool Street"
"LINESTRING (-0.074189 51.502279,-0.079249 51.518908", "From Curlew Street, Shad Thames to Brushfield Street, Liverpool Street"
"LINESTRING (-0.156166 51.518913,-0.079249 51.518908", "From Baker Street, Marylebone to Brushfield Street, Liverpool Street"
"LINESTRING (-0.065076 51.52388,-0.079249 51.518908", "From Cheshire Street, Bethnal Green to Brushfield Street, Liverpool Street"
"LINESTRING (-0.073955 51.526293,-0.079249 51.518908", "From Palissy Street, Shoreditch to Brushfield Street, Liverpool Street"
"LINESTRING (-0.065076 51.52388,-0.079249 51.518908", "From Cheshire Street, Bethnal Green to Brushfield Street, Liverpool Street"
"LINESTRING (-0.079608 51.521668,-0.079249 51.518908", "From Worship Street, Shoreditch to Brushfield Street, Liverpool Street"
"LINESTRING (-0.085814 51.495061,-0.079249 51.518908", "From Bricklayers Arms, Borough to Brushfield Street, Liverpool Street"
"LINESTRING (-0.113001 51.50486,-0.079249 51.518908", "From Waterloo Road, South Bank to Brushfield Street, Liverpool Street"
"LINESTRING (-0.099489 51.524868,-0.079249 51.518908", "From Sadlers Sports Centre, Finsbury to Brushfield Street, Liverpool Street"
"LINESTRING (-0.099489 51.524868,-0.079249 51.518908", "From Sadlers Sports Centre, Finsbury to Brushfield Street, Liverpool Street"
"LINESTRING (-0.055894 51.528936,-0.079249 51.518908", "From York Hall, Bethnal Green to Brushfield Street, Liverpool Street"
"LINESTRING (-0.058681 51.506946,-0.079249 51.518908", "From Reardon Street, Wapping to Brushfield Street, Liverpool Street"
"LINESTRING (-0.094524 51.500694,-0.079249 51.518908", "From Borough High Street, The Borough to Brushfield Street, Liverpool Street"
"LINESTRING (-0.091773 51.504627,-0.079249 51.518908", "From Hop Exchange, The Borough to Brushfield Street, Liverpool Street"
"LINESTRING (-0.102757 51.536384,-0.079249 51.518908", "From Islington Green, Angel to Brushfield Street, Liverpool Street"
"LINESTRING (-0.074754 51.523648,-0.079249 51.518908", "From Bethnal Green Road, Shoreditch to Brushfield Street, Liverpool Street"
"LINESTRING (-0.077121 51.511594,-0.079249 51.518908", "From Crosswall, Tower to Brushfield Street, Liverpool Street"
"LINESTRING (-0.049591 51.53341,-0.079249 51.518908", "From Bonner Gate, Victoria Park to Brushfield Street, Liverpool Street"
"LINESTRING (-0.101536 51.49217,-0.079249 51.518908", "From Hampton Street, Walworth to Brushfield Street, Liverpool Street"
"LINESTRING (-0.135777 51.51953,-0.079249 51.518908", "From Charlotte Street, Fitzrovia to Brushfield Street, Liverpool Street"
"LINESTRING (-0.113864 51.504027,-0.079249 51.518908", "From Waterloo Station 1, Waterloo to Brushfield Street, Liverpool Street"
"LINESTRING (-0.089446 51.497382,-0.079249 51.518908", "From Great Dover Street, The Borough to Brushfield Street, Liverpool Street"
"LINESTRING (-0.097441 51.511961,-0.079249 51.518908", "From Queen Victoria Street, St. Paul's to Brushfield Street, Liverpool Street"
"LINESTRING (-0.087262 51.506304,-0.079249 51.518908", "From Duke Street Hill, London Bridge to Brushfield Street, Liverpool Street"
"LINESTRING (-0.131861 51.527068,-0.079249 51.518908", "From Euston Square Gardens, Euston to Brushfield Street, Liverpool Street"
"LINESTRING (-0.065076 51.52388,-0.079249 51.518908", "From Cheshire Street, Bethnal Green to Brushfield Street, Liverpool Street"
"LINESTRING (-0.065076 51.52388,-0.079249 51.518908", "From Cheshire Street, Bethnal Green to Brushfield Street, Liverpool Street"
"LINESTRING (-0.10454 51.505461,-0.079249 51.518908", "From Blackfriars Road, Southwark to Brushfield Street, Liverpool Street"
"LINESTRING (-0.066035 51.531864,-0.079249 51.518908", "From Goldsmith's Row, Haggerston to Brushfield Street, Liverpool Street"
"LINESTRING (-0.116279 51.524564,-0.079249 51.518908", "From Wren Street, Holborn to Brushfield Street, Liverpool Street"
"LINESTRING (-0.062697 51.518154,-0.079249 51.518908", "From New Road 1 , Whitechapel to Brushfield Street, Liverpool Street"
"LINESTRING (-0.112824 51.503791,-0.079249 51.518908", "From Waterloo Station 3, Waterloo to Brushfield Street, Liverpool Street"
"LINESTRING (-0.134621 51.507424,-0.079249 51.518908", "From St. James's Square, St. James's to Brushfield Street, Liverpool Street"
"LINESTRING (-0.055167 51.508447,-0.079249 51.518908", "From Garnet Street, Shadwell to Brushfield Street, Liverpool Street"
"LINESTRING (-0.089659 51.52548,-0.079249 51.518908", "From Old Street Station, St. Luke's to Brushfield Street, Liverpool Street"
"LINESTRING (-0.08249 51.53558,-0.079249 51.518908", "From Pitfield Street North,Hoxton to Brushfield Street, Liverpool Street"
"LINESTRING (-0.103132 51.498744,-0.079249 51.518908", "From LSBU (Borough Road), Elephant & Castle to Brushfield Street, Liverpool Street"
"LINESTRING (-0.091773 51.504627,-0.079249 51.518908", "From Hop Exchange, The Borough to Brushfield Street, Liverpool Street"
"LINESTRING (-0.103604 51.517334,-0.079249 51.518908", "From Snow Hill, Farringdon to Brushfield Street, Liverpool Street"
"LINESTRING (-0.087587 51.514441,-0.079249 51.518908", "From Bank of England Museum, Bank to Brushfield Street, Liverpool Street"
"LINESTRING (-0.087262 51.506304,-0.079249 51.518908", "From Duke Street Hill, London Bridge to Brushfield Street, Liverpool Street"
"LINESTRING (-0.087262 51.506304,-0.079249 51.518908", "From Duke Street Hill, London Bridge to Brushfield Street, Liverpool Street"
"LINESTRING (-0.114686 51.506133,-0.079249 51.518908", "From Belvedere Road 1, South Bank to Brushfield Street, Liverpool Street"
"LINESTRING (-0.112824 51.503791,-0.079249 51.518908", "From Waterloo Station 3, Waterloo to Brushfield Street, Liverpool Street"
"LINESTRING (-0.102757 51.536384,-0.079249 51.518908", "From Islington Green, Angel to Brushfield Street, Liverpool Street"
"LINESTRING (-0.124749 51.509462,-0.079249 51.518908", "From William IV Street, Strand to Brushfield Street, Liverpool Street"
"LINESTRING (-0.062697 51.518154,-0.079249 51.518908", "From New Road 1 , Whitechapel to Brushfield Street, Liverpool Street"
"LINESTRING (-0.084439 51.524696,-0.079249 51.518908", "From Leonard Circus , Shoreditch to Brushfield Street, Liverpool Street"
"LINESTRING (-0.089887 51.520858,-0.079249 51.518908", "From Bunhill Row, Moorgate to Brushfield Street, Liverpool Street"
"LINESTRING (-0.097122 51.529423,-0.079249 51.518908", "From Macclesfield Rd, St Lukes to Brushfield Street, Liverpool Street"
"LINESTRING (-0.075459 51.509506,-0.079249 51.518908", "From Tower Gardens , Tower to Brushfield Street, Liverpool Street"
"LINESTRING (-0.054883 51.522561,-0.079249 51.518908", "From Cephas Street, Bethnal Green to Brushfield Street, Liverpool Street"
"LINESTRING (-0.09294 51.51397,-0.079249 51.518908", "From Cheapside, Bank to Brushfield Street, Liverpool Street"
"LINESTRING (-0.112824 51.503791,-0.079249 51.518908", "From Waterloo Station 3, Waterloo to Brushfield Street, Liverpool Street"
"LINESTRING (-0.085814 51.495061,-0.079249 51.518908", "From Bricklayers Arms, Borough to Brushfield Street, Liverpool Street"
"LINESTRING (-0.030556 51.523538,-0.079249 51.518908", "From Southern Grove, Bow to Brushfield Street, Liverpool Street"
"LINESTRING (-0.125972 51.49764,-0.079249 51.518908", "From Abingdon Green, Westminster to Brushfield Street, Liverpool Street"
"LINESTRING (-0.07962 51.503493,-0.116542 51.504636", "From Tooley Street, Bermondsey to Jubilee Gardens, South Bank"
"LINESTRING (-0.091773 51.504627,-0.116542 51.504636", "From Hop Exchange, The Borough to Jubilee Gardens, South Bank"
"LINESTRING (-0.075459 51.509506,-0.116542 51.504636", "From Tower Gardens , Tower to Jubilee Gardens, South Bank"
"LINESTRING (-0.098497 51.503688,-0.116542 51.504636", "From Union Street, The Borough to Jubilee Gardens, South Bank"
"LINESTRING (-0.094475 51.521747,-0.116542 51.504636", "From Golden Lane, Barbican to Jubilee Gardens, South Bank"
"LINESTRING (-0.116625 51.486965,-0.116542 51.504636", "From Vauxhall Street, Vauxhall to Jubilee Gardens, South Bank"
"LINESTRING (-0.134621 51.507424,-0.116542 51.504636", "From St. James's Square, St. James's to Jubilee Gardens, South Bank"
"LINESTRING (-0.091773 51.504627,-0.116542 51.504636", "From Hop Exchange, The Borough to Jubilee Gardens, South Bank"
"LINESTRING (-0.09315 51.53356,-0.116542 51.504636", "From Eagle Wharf Road, Hoxton to Jubilee Gardens, South Bank"
"LINESTRING (-0.092754 51.505974,-0.116542 51.504636", "From Park Street, Bankside to Jubilee Gardens, South Bank"
"LINESTRING (-0.087587 51.514441,-0.116542 51.504636", "From Bank of England Museum, Bank to Jubilee Gardens, South Bank"
"LINESTRING (-0.115851 51.505044,-0.116542 51.504636", "From Concert Hall Approach 1, South Bank to Jubilee Gardens, South Bank"
"LINESTRING (-0.100186 51.505817,-0.116542 51.504636", "From Bankside Mix, Bankside to Jubilee Gardens, South Bank"
"LINESTRING (-0.108068 51.527842,-0.116542 51.504636", "From Hardwick Street, Clerkenwell to Jubilee Gardens, South Bank"
"LINESTRING (-0.077121 51.511594,-0.116542 51.504636", "From Crosswall, Tower to Jubilee Gardens, South Bank"
"LINESTRING (-0.111435 51.48894,-0.116542 51.504636", "From Kennington Cross, Kennington to Jubilee Gardens, South Bank"
"LINESTRING (-0.099994 51.522853,-0.116542 51.504636", "From Berry Street, Clerkenwell to Jubilee Gardens, South Bank"
"LINESTRING (-0.228188 51.494499,-0.116542 51.504636", "From Southerton Road, Hammersmith to Jubilee Gardens, South Bank"
"LINESTRING (-0.091773 51.504627,-0.116542 51.504636", "From Hop Exchange, The Borough to Jubilee Gardens, South Bank"
"LINESTRING (-0.091773 51.504627,-0.116542 51.504636", "From Hop Exchange, The Borough to Jubilee Gardens, South Bank"
"LINESTRING (-0.180274 51.481805,-0.116542 51.504636", "From World's End Place, West Chelsea to Jubilee Gardens, South Bank"
"LINESTRING (-0.09315 51.53356,-0.116542 51.504636", "From Eagle Wharf Road, Hoxton to Jubilee Gardens, South Bank"
"LINESTRING (-0.17219 51.526448,-0.116542 51.504636", "From Lisson Grove, St. John's Wood to Jubilee Gardens, South Bank"
"LINESTRING (-0.162298 51.522511,-0.116542 51.504636", "From Boston Place, Marylebone to Jubilee Gardens, South Bank"
"LINESTRING (-0.103078 51.511934,-0.116542 51.504636", "From Blackfriars Station, St. Paul's to Jubilee Gardens, South Bank"
"LINESTRING (-0.091773 51.504627,-0.116542 51.504636", "From Hop Exchange, The Borough to Jubilee Gardens, South Bank"
"LINESTRING (-0.162298 51.522511,-0.116542 51.504636", "From Boston Place, Marylebone to Jubilee Gardens, South Bank"
"LINESTRING (-0.106823 51.508033,-0.116542 51.504636", "From Sea Containers, South Bank to Jubilee Gardens, South Bank"
"LINESTRING (-0.140741 51.488057,-0.116542 51.504636", "From Alderney Street, Pimlico to Jubilee Gardens, South Bank"
"LINESTRING (-0.110683 51.484788,-0.116542 51.504636", "From Kennington Road Post Office, Oval to Jubilee Gardens, South Bank"
"LINESTRING (-0.065076 51.52388,-0.086379 51.534042", "From Cheshire Street, Bethnal Green to Shoreditch Park, Hoxton"
"LINESTRING (-0.10834 51.52352,-0.086379 51.534042", "From Farringdon Lane, Clerkenwell to Shoreditch Park, Hoxton"
"LINESTRING (-0.083353 51.529537,-0.086379 51.534042", "From Fanshaw Street, Hoxton to Shoreditch Park, Hoxton"
"LINESTRING (-0.120202 51.523346,-0.086379 51.534042", "From Guilford Street , Bloomsbury to Shoreditch Park, Hoxton"
"LINESTRING (-0.106237 51.507244,-0.086379 51.534042", "From Milroy Walk, South Bank to Shoreditch Park, Hoxton"
"LINESTRING (-0.11548 51.528915,-0.086379 51.534042", "From Great Percy Street, Clerkenwell to Shoreditch Park, Hoxton"
"LINESTRING (-0.089782 51.53089,-0.086379 51.534042", "From Murray Grove , Hoxton to Shoreditch Park, Hoxton"
"LINESTRING (-0.083353 51.529537,-0.086379 51.534042", "From Fanshaw Street, Hoxton to Shoreditch Park, Hoxton"
"LINESTRING (-0.058826 51.54119,-0.086379 51.534042", "From London Fields, Hackney Central to Shoreditch Park, Hoxton"
"LINESTRING (-0.07813 51.526377,-0.086379 51.534042", "From Shoreditch High Street, Shoreditch to Shoreditch Park, Hoxton"
"LINESTRING (-0.09294 51.51397,-0.086379 51.534042", "From Cheapside, Bank to Shoreditch Park, Hoxton"
"LINESTRING (-0.093885 51.517008,-0.086379 51.534042", "From Wood Street, Guildhall to Shoreditch Park, Hoxton"
"LINESTRING (-0.075855 51.517475,-0.086379 51.534042", "From Bell Lane, Liverpool Street to Shoreditch Park, Hoxton"
"LINESTRING (-0.09315 51.53356,-0.086379 51.534042", "From Eagle Wharf Road, Hoxton to Shoreditch Park, Hoxton"
"LINESTRING (-0.073537 51.514233,-0.086379 51.534042", "From Braham Street, Aldgate to Shoreditch Park, Hoxton"
"LINESTRING (-0.056667 51.511542,-0.086379 51.534042", "From Watney Street, Shadwell to Shoreditch Park, Hoxton"
"LINESTRING (-0.104724 51.52836,-0.086379 51.534042", "From St. John Street, Finsbury to Shoreditch Park, Hoxton"
"LINESTRING (-0.130699 51.50777,-0.086379 51.534042", "From Pall Mall East, West End to Shoreditch Park, Hoxton"
"LINESTRING (-0.083935 51.520009,-0.086379 51.534042", "From Sun Street, Liverpool Street to Shoreditch Park, Hoxton"
"LINESTRING (-0.102757 51.536384,-0.086379 51.534042", "From Islington Green, Angel to Shoreditch Park, Hoxton"
"LINESTRING (-0.09885 51.515418,-0.086379 51.534042", "From Newgate Street , St. Paul's to Shoreditch Park, Hoxton"
"LINESTRING (-0.049591 51.53341,-0.086379 51.534042", "From Bonner Gate, Victoria Park to Shoreditch Park, Hoxton"
"LINESTRING (-0.074431 51.519362,-0.086379 51.534042", "From Fournier Street, Whitechapel to Shoreditch Park, Hoxton"
"LINESTRING (-0.062546 51.535678,-0.086379 51.534042", "From Regent's Row , Haggerston to Shoreditch Park, Hoxton"
"LINESTRING (-0.123509 51.52625,-0.086379 51.534042", "From Tavistock Place, Bloomsbury to Shoreditch Park, Hoxton"
"LINESTRING (-0.084605 51.521283,-0.086379 51.534042", "From Christopher Street, Liverpool Street to Shoreditch Park, Hoxton"
"LINESTRING (-0.109256 51.526443,-0.086379 51.534042", "From Tysoe Street, Clerkenwell to Shoreditch Park, Hoxton"
"LINESTRING (-0.145211 51.520715,-0.086379 51.534042", "From Portland Place, Marylebone to Shoreditch Park, Hoxton"
"LINESTRING (-0.099981 51.532661,-0.086379 51.534042", "From Graham Street, Angel to Shoreditch Park, Hoxton"
"LINESTRING (-0.128279 51.5293,-0.086379 51.534042", "From Ossulston Street, Somers Town to Shoreditch Park, Hoxton"
"LINESTRING (-0.100168 51.530344,-0.086379 51.534042", "From City Road, Angel to Shoreditch Park, Hoxton"
"LINESTRING (-0.075375 51.528187,-0.086379 51.534042", "From Columbia Road, Shoreditch to Shoreditch Park, Hoxton"
"LINESTRING (-0.086685 51.517075,-0.086379 51.534042", "From Finsbury Circus, Liverpool Street to Shoreditch Park, Hoxton"
"LINESTRING (-0.058826 51.54119,-0.086379 51.534042", "From London Fields, Hackney Central to Shoreditch Park, Hoxton"
"LINESTRING (-0.089659 51.52548,-0.086379 51.534042", "From Old Street Station, St. Luke's to Shoreditch Park, Hoxton"
"LINESTRING (-0.102757 51.536384,-0.086379 51.534042", "From Islington Green, Angel to Shoreditch Park, Hoxton"
"LINESTRING (-0.133201 51.512515,-0.106408 51.530515", "From Wardour Street, Soho to Chadwell Street, Angel"
"LINESTRING (-0.132102 51.498125,-0.106408 51.530515", "From Abbey Orchard Street, Westminster to Chadwell Street, Angel"
"LINESTRING (-0.135025 51.518162,-0.106408 51.530515", "From Rathbone Street, Fitzrovia to Chadwell Street, Angel"
"LINESTRING (-0.205876 51.475698,-0.106408 51.530515", "From Chesilton Road, Fulham to Chadwell Street, Angel"
"LINESTRING (-0.093903 51.530991,-0.106408 51.530515", "From Wenlock Road , Hoxton to Chadwell Street, Angel"
"LINESTRING (-0.100791 51.518218,-0.106408 51.530515", "From West Smithfield Rotunda, Farringdon to Chadwell Street, Angel"
"LINESTRING (-0.122219 51.51477,-0.106408 51.530515", "From Drury Lane, Covent Garden to Chadwell Street, Angel"
"LINESTRING (-0.103078 51.511934,-0.106408 51.530515", "From Blackfriars Station, St. Paul's to Chadwell Street, Angel"
"LINESTRING (-0.101026 51.528246,-0.106408 51.530515", "From Goswell Road (City Uni), Finsbury to Chadwell Street, Angel"
"LINESTRING (-0.133201 51.512515,-0.106408 51.530515", "From Wardour Street, Soho to Chadwell Street, Angel"
"LINESTRING (-0.107987 51.517428,-0.106408 51.530515", "From New Fetter Lane, Holborn to Chadwell Street, Angel"
"LINESTRING (-0.058631 51.524583,-0.106408 51.530515", "From Finnis Street, Bethnal Green to Chadwell Street, Angel"
"LINESTRING (-0.116688 51.520596,-0.106408 51.530515", "From Theobald's Road , Holborn to Chadwell Street, Angel"
"LINESTRING (-0.113426 51.503919,-0.106408 51.530515", "From Waterloo Station 2, Waterloo to Chadwell Street, Angel"
"LINESTRING (-0.122219 51.51477,-0.106408 51.530515", "From Drury Lane, Covent Garden to Chadwell Street, Angel"
"LINESTRING (-0.106408 51.530515,-0.106408 51.530515", "From Chadwell Street, Angel to Chadwell Street, Angel"
"LINESTRING (-0.116279 51.524564,-0.106408 51.530515", "From Wren Street, Holborn to Chadwell Street, Angel"
"LINESTRING (-0.138231 51.525542,-0.106408 51.530515", "From Hampstead Road, Euston to Chadwell Street, Angel"
"LINESTRING (-0.090847 51.525893,-0.106408 51.530515", "From Bath Street, St. Luke's to Chadwell Street, Angel"
"LINESTRING (-0.123616 51.529943,-0.106408 51.530515", "From Belgrove Street , King's Cross to Chadwell Street, Angel"
"LINESTRING (-0.116493 51.477839,-0.106408 51.530515", "From Caldwell Street, Stockwell to Chadwell Street, Angel"
"LINESTRING (-0.09885 51.515418,-0.106408 51.530515", "From Newgate Street , St. Paul's to Chadwell Street, Angel"
"LINESTRING (-0.102091 51.500693,-0.106408 51.530515", "From Webber Street , Southwark to Chadwell Street, Angel"
"LINESTRING (-0.122219 51.51477,-0.106408 51.530515", "From Drury Lane, Covent Garden to Chadwell Street, Angel"
"LINESTRING (-0.036017 51.525941,-0.106408 51.530515", "From Clinton Road, Mile End to Chadwell Street, Angel"
"LINESTRING (-0.200838 51.514311,-0.179592 51.525575", "From Turquoise Island, Notting Hill to Clifton Road, Maida Vale"
"LINESTRING (-0.144664 51.538071,-0.179592 51.525575", "From Parkway, Camden Town to Clifton Road, Maida Vale"
"LINESTRING (-0.179592 51.525575,-0.179592 51.525575", "From Clifton Road, Maida Vale to Clifton Road, Maida Vale"
"LINESTRING (-0.183846 51.523344,-0.179592 51.525575", "From Warwick Avenue Station, Maida Vale to Clifton Road, Maida Vale"
"LINESTRING (-0.165668 51.524561,-0.179592 51.525575", "From Broadley Terrace, Marylebone to Clifton Road, Maida Vale"
"LINESTRING (-0.135025 51.518162,-0.179592 51.525575", "From Rathbone Street, Fitzrovia to Clifton Road, Maida Vale"
"LINESTRING (-0.168074 51.5343,-0.179592 51.525575", "From Charlbert Street, St. John's Wood to Clifton Road, Maida Vale"
"LINESTRING (-0.165842 51.522029,-0.179592 51.525575", "From Bell Street , Marylebone to Clifton Road, Maida Vale"
"LINESTRING (-0.17677 51.530889,-0.179592 51.525575", "From Grove End Road, St. John's Wood to Clifton Road, Maida Vale"
"LINESTRING (-0.121328 51.517606,-0.179592 51.525575", "From Southampton Place, Holborn to Clifton Road, Maida Vale"
"LINESTRING (-0.154907 51.522481,-0.179592 51.525575", "From Westminster University, Marylebone to Clifton Road, Maida Vale"
"LINESTRING (-0.144228 51.518117,-0.179592 51.525575", "From Broadcasting House, Marylebone to Clifton Road, Maida Vale"
"LINESTRING (-0.120718 51.511968,-0.179592 51.525575", "From Tavistock Street, Covent Garden to Clifton Road, Maida Vale"
"LINESTRING (-0.107987 51.517428,-0.179592 51.525575", "From New Fetter Lane, Holborn to Clifton Road, Maida Vale"
"LINESTRING (-0.138846 51.510048,-0.179592 51.525575", "From Sackville Street, Mayfair to Clifton Road, Maida Vale"
"LINESTRING (-0.125979 51.526357,-0.179592 51.525575", "From Cartwright Gardens , Bloomsbury to Clifton Road, Maida Vale"
"LINESTRING (-0.161113 51.522596,-0.179592 51.525575", "From Dorset Square, Marylebone to Clifton Road, Maida Vale"
"LINESTRING (-0.147203 51.515308,-0.179592 51.525575", "From Chapel Place, Marylebone to Clifton Road, Maida Vale"
"LINESTRING (-0.139625 51.490962,-0.179592 51.525575", "From Gloucester Street, Pimlico to Clifton Road, Maida Vale"
"LINESTRING (-0.098807 51.506725,-0.116764 51.51362", "From Tate Modern, Bankside to Houghton Street, Strand"
"LINESTRING (-0.110683 51.484788,-0.116764 51.51362", "From Kennington Road Post Office, Oval to Houghton Street, Strand"
"LINESTRING (-0.174554 51.499917,-0.116764 51.51362", "From Exhibition Road, Knightsbridge to Houghton Street, Strand"
"LINESTRING (-0.113936 51.500139,-0.116764 51.51362", "From Lower Marsh, Waterloo to Houghton Street, Strand"
"LINESTRING (-0.098807 51.506725,-0.116764 51.51362", "From Tate Modern, Bankside to Houghton Street, Strand"
"LINESTRING (-0.07962 51.503493,-0.116764 51.51362", "From Tooley Street, Bermondsey to Houghton Street, Strand"
"LINESTRING (-0.013258 51.528828,-0.116764 51.51362", "From Bromley High Street, Bow to Houghton Street, Strand"
"LINESTRING (-0.102208 51.526153,-0.116764 51.51362", "From Percival Street, Finsbury to Houghton Street, Strand"
"LINESTRING (-0.077121 51.511594,-0.116764 51.51362", "From Crosswall, Tower to Houghton Street, Strand"
"LINESTRING (-0.109006 51.521661,-0.116764 51.51362", "From Hatton Wall, Holborn to Houghton Street, Strand"
"LINESTRING (-0.116628 51.500089,-0.116764 51.51362", "From Lambeth Palace Road, Waterloo to Houghton Street, Strand"
"LINESTRING (-0.123616 51.529943,-0.116764 51.51362", "From Belgrove Street , King's Cross to Houghton Street, Strand"
"LINESTRING (-0.082989 51.510484,-0.116764 51.51362", "From Great Tower Street, Monument to Houghton Street, Strand"
"LINESTRING (-0.08974 51.500823,-0.116764 51.51362", "From Empire Square, The Borough to Houghton Street, Strand"
"LINESTRING (-0.116628 51.500089,-0.116764 51.51362", "From Lambeth Palace Road, Waterloo to Houghton Street, Strand"
"LINESTRING (-0.108028 51.518825,-0.116764 51.51362", "From Hatton Garden, Holborn to Houghton Street, Strand"
"LINESTRING (-0.112824 51.503791,-0.116764 51.51362", "From Waterloo Station 3, Waterloo to Houghton Street, Strand"
"LINESTRING (-0.099828 51.493146,-0.116764 51.51362", "From Strata, Elephant & Castle to Houghton Street, Strand"
"LINESTRING (-0.088542 51.527025,-0.116764 51.51362", "From Baldwin Street, St. Luke's to Houghton Street, Strand"
"LINESTRING (-0.148105 51.514759,-0.116764 51.51362", "From Marylebone Lane, Marylebone to Houghton Street, Strand"
"LINESTRING (-0.123616 51.529943,-0.154907 51.522481", "From Belgrove Street , King's Cross to Westminster University, Marylebone"
"LINESTRING (-0.09294 51.51397,-0.154907 51.522481", "From Cheapside, Bank to Westminster University, Marylebone"
"LINESTRING (-0.135025 51.518162,-0.154907 51.522481", "From Rathbone Street, Fitzrovia to Westminster University, Marylebone"
"LINESTRING (-0.141327 51.520253,-0.154907 51.522481", "From Great Titchfield Street, Fitzrovia to Westminster University, Marylebone"
"LINESTRING (-0.173757 51.496471,-0.154907 51.522481", "From Exhibition Road Museums 1, South Kensington to Westminster University, Marylebone"
"LINESTRING (-0.102208 51.526153,-0.154907 51.522481", "From Percival Street, Finsbury to Westminster University, Marylebone"
"LINESTRING (-0.175116 51.523353,-0.154907 51.522481", "From Frampton Street, Paddington to Westminster University, Marylebone"
"LINESTRING (-0.166304 51.525051,-0.154907 51.522481", "From Mallory Street, Marylebone to Westminster University, Marylebone"
"LINESTRING (-0.145827 51.507326,-0.154907 51.522481", "From Clarges Street, Mayfair to Westminster University, Marylebone"
"LINESTRING (-0.183486 51.529857,-0.154907 51.522481", "From Maida Vale, Maida Vale to Westminster University, Marylebone"
"LINESTRING (-0.17677 51.530889,-0.154907 51.522481", "From Grove End Road, St. John's Wood to Westminster University, Marylebone"
"LINESTRING (-0.166304 51.525051,-0.154907 51.522481", "From Mallory Street, Marylebone to Westminster University, Marylebone"
"LINESTRING (-0.141327 51.520253,-0.154907 51.522481", "From Great Titchfield Street, Fitzrovia to Westminster University, Marylebone"
"LINESTRING (-0.112753 51.51501,-0.154907 51.522481", "From Carey Street, Holborn to Westminster University, Marylebone"
"LINESTRING (-0.078869 51.521113,-0.154907 51.522481", "From Norton Folgate, Liverpool Street to Westminster University, Marylebone"
"LINESTRING (-0.127854 51.517727,-0.154907 51.522481", "From Great Russell Street, Bloomsbury to Westminster University, Marylebone"
"LINESTRING (-0.147301 51.514105,-0.154907 51.522481", "From Woodstock Street, Mayfair to Westminster University, Marylebone"
"LINESTRING (-0.144228 51.518117,-0.154907 51.522481", "From Broadcasting House, Marylebone to Westminster University, Marylebone"
"LINESTRING (-0.138846 51.510048,-0.154907 51.522481", "From Sackville Street, Mayfair to Westminster University, Marylebone"
"LINESTRING (-0.127554 51.493978,-0.154907 51.522481", "From Page Street, Westminster to Westminster University, Marylebone"
"LINESTRING (-0.133201 51.512515,-0.154907 51.522481", "From Wardour Street, Soho to Westminster University, Marylebone"
"LINESTRING (-0.133201 51.512515,-0.154907 51.522481", "From Wardour Street, Soho to Westminster University, Marylebone"
"LINESTRING (-0.171103 51.518268,-0.154907 51.522481", "From St Mary's Hospital, Paddington to Westminster University, Marylebone"
"LINESTRING (-0.148105 51.514759,-0.154907 51.522481", "From Marylebone Lane, Marylebone to Westminster University, Marylebone"
"LINESTRING (-0.164393 51.516517,-0.154907 51.522481", "From Nutford Place, Marylebone to Westminster University, Marylebone"
"LINESTRING (-0.147154 51.537349,-0.154907 51.522481", "From Gloucester Avenue, Camden Town to Westminster University, Marylebone"
"LINESTRING (-0.193764 51.508605,-0.178656 51.501432", "From Palace Gardens Terrace, Notting Hill to Kensington Gore, Knightsbridge"
"LINESTRING (-0.174411 51.511933,-0.178656 51.501432", "From Bayswater Road, Hyde Park to Kensington Gore, Knightsbridge"
"LINESTRING (-0.178656 51.501432,-0.178656 51.501432", "From Kensington Gore, Knightsbridge to Kensington Gore, Knightsbridge"
"LINESTRING (-0.158456 51.502953,-0.178656 51.501432", "From Albert Gate, Hyde Park to Kensington Gore, Knightsbridge"
"LINESTRING (-0.179077 51.495592,-0.178656 51.501432", "From Natural History Museum, South Kensington to Kensington Gore, Knightsbridge"
"LINESTRING (-0.142844 51.506613,-0.178656 51.501432", "From Green Park Station, Mayfair to Kensington Gore, Knightsbridge"
"LINESTRING (-0.134621 51.507424,-0.178656 51.501432", "From St. James's Square, St. James's to Kensington Gore, Knightsbridge"
"LINESTRING (-0.149004 51.485821,-0.178656 51.501432", "From Chelsea Bridge, Pimlico to Kensington Gore, Knightsbridge"
"LINESTRING (-0.215804 51.494347,-0.178656 51.501432", "From Brook Green South, Brook Green to Kensington Gore, Knightsbridge"
"LINESTRING (-0.174411 51.511933,-0.178656 51.501432", "From Bayswater Road, Hyde Park to Kensington Gore, Knightsbridge"
"LINESTRING (-0.142844 51.506613,-0.178656 51.501432", "From Green Park Station, Mayfair to Kensington Gore, Knightsbridge"
"LINESTRING (-0.166304 51.525051,-0.178656 51.501432", "From Mallory Street, Marylebone to Kensington Gore, Knightsbridge"
"LINESTRING (-0.169774 51.519968,-0.178656 51.501432", "From Edgware Road Station, Marylebone to Kensington Gore, Knightsbridge"
"LINESTRING (-0.169249 51.515953,-0.178656 51.501432", "From Southwick Street, Paddington to Kensington Gore, Knightsbridge"
"LINESTRING (-0.133201 51.512515,-0.178656 51.501432", "From Wardour Street, Soho to Kensington Gore, Knightsbridge"
"LINESTRING (-0.144228 51.518117,-0.178656 51.501432", "From Broadcasting House, Marylebone to Kensington Gore, Knightsbridge"
"LINESTRING (-0.214428 51.486062,-0.178656 51.501432", "From Greyhound Road, Hammersmith to Kensington Gore, Knightsbridge"
"LINESTRING (-0.236769 51.494223,-0.178656 51.501432", "From Ravenscourt Park Station, Hammersmith to Kensington Gore, Knightsbridge"
"LINESTRING (-0.141923 51.489856,-0.153233 51.490959", "From Warwick Square, Pimlico to Bourne Street, Belgravia"
"LINESTRING (-0.166221 51.490714,-0.153233 51.490959", "From Chelsea Green, Chelsea to Bourne Street, Belgravia"
"LINESTRING (-0.132845 51.489975,-0.153233 51.490959", "From Rampayne Street, Pimlico to Bourne Street, Belgravia"
"LINESTRING (-0.153233 51.490959,-0.153233 51.490959", "From Bourne Street, Belgravia to Bourne Street, Belgravia"
"LINESTRING (-0.131861 51.527068,-0.153233 51.490959", "From Euston Square Gardens, Euston to Bourne Street, Belgravia"
"LINESTRING (-0.099981 51.532661,-0.153233 51.490959", "From Graham Street, Angel to Bourne Street, Belgravia"
"LINESTRING (-0.132845 51.489975,-0.153233 51.490959", "From Rampayne Street, Pimlico to Bourne Street, Belgravia"
"LINESTRING (-0.119022 51.469202,-0.153233 51.490959", "From Sidney Road, Stockwell to Bourne Street, Belgravia"
"LINESTRING (-0.132845 51.489975,-0.153233 51.490959", "From Rampayne Street, Pimlico to Bourne Street, Belgravia"
"LINESTRING (-0.167919 51.484984,-0.153233 51.490959", "From Phene Street, Chelsea to Bourne Street, Belgravia"
"LINESTRING (-0.149551 51.477619,-0.153233 51.490959", "From Queen's Circus, Battersea Park to Bourne Street, Belgravia"
"LINESTRING (-0.19617 51.490853,-0.153233 51.490959", "From Trebovir Road, Earl's Court to Bourne Street, Belgravia"
"LINESTRING (-0.179854 51.501715,-0.153233 51.490959", "From Queen's Gate, Kensington Gardens to Bourne Street, Belgravia"
"LINESTRING (-0.135635 51.488226,-0.153233 51.490959", "From St. George's Square, Pimlico to Bourne Street, Belgravia"
"LINESTRING (-0.161203 51.496886,-0.153233 51.490959", "From Pont Street, Knightsbridge to Bourne Street, Belgravia"
"LINESTRING (-0.077121 51.511594,-0.153233 51.490959", "From Crosswall, Tower to Bourne Street, Belgravia"
"LINESTRING (-0.144228 51.518117,-0.153233 51.490959", "From Broadcasting House, Marylebone to Bourne Street, Belgravia"
"LINESTRING (-0.079249 51.518908,-0.153233 51.490959", "From Brushfield Street, Liverpool Street to Bourne Street, Belgravia"
"LINESTRING (-0.222293 51.501594,-0.153233 51.490959", "From Shepherd's Bush Road North, Shepherd's Bush to Bourne Street, Belgravia"
"LINESTRING (-0.079249 51.518908,-0.153233 51.490959", "From Brushfield Street, Liverpool Street to Bourne Street, Belgravia"
"LINESTRING (-0.179854 51.501715,-0.153233 51.490959", "From Queen's Gate, Kensington Gardens to Bourne Street, Belgravia"
"LINESTRING (-0.209378 51.489591,-0.153233 51.490959", "From Vereker Road, West Kensington to Bourne Street, Belgravia"
"LINESTRING (-0.153233 51.490959,-0.153233 51.490959", "From Bourne Street, Belgravia to Bourne Street, Belgravia"
"LINESTRING (-0.163347 51.474392,-0.153233 51.490959", "From Albert Bridge Road, Battersea Park to Bourne Street, Belgravia"
"LINESTRING (-0.190346 51.46822,-0.153233 51.490959", "From Stephendale Road, Sands End to Bourne Street, Belgravia"
"LINESTRING (-0.185273 51.481765,-0.153233 51.490959", "From Hortensia Road, West Brompton to Bourne Street, Belgravia"
"LINESTRING (-0.166878 51.488023,-0.153233 51.490959", "From Flood Street, Chelsea to Bourne Street, Belgravia"
"LINESTRING (-0.153233 51.490959,-0.153233 51.490959", "From Bourne Street, Belgravia to Bourne Street, Belgravia"
"LINESTRING (-0.135635 51.488226,-0.153233 51.490959", "From St. George's Square, Pimlico to Bourne Street, Belgravia"
"LINESTRING (-0.185273 51.481765,-0.153233 51.490959", "From Hortensia Road, West Brompton to Bourne Street, Belgravia"
"LINESTRING (-0.153233 51.490959,-0.153233 51.490959", "From Bourne Street, Belgravia to Bourne Street, Belgravia"
"LINESTRING (-0.098341 51.505409,-0.153233 51.490959", "From Southwark Street, Bankside to Bourne Street, Belgravia"
"LINESTRING (-0.170703 51.470847,-0.13558 51.513684", "From Simpson Street, Clapham Junction to Broadwick Street, Soho"
"LINESTRING (-0.088285 51.519069,-0.13558 51.513684", "From Moorfields, Moorgate to Broadwick Street, Soho"
"LINESTRING (-0.200838 51.514311,-0.13558 51.513684", "From Turquoise Island, Notting Hill to Broadwick Street, Soho"
"LINESTRING (-0.120718 51.511968,-0.13558 51.513684", "From Tavistock Street, Covent Garden to Broadwick Street, Soho"
"LINESTRING (-0.10527 51.515809,-0.13558 51.513684", "From Stonecutter Street, Holborn to Broadwick Street, Soho"
"LINESTRING (-0.100292 51.501732,-0.13558 51.513684", "From Great Suffolk Street, The Borough to Broadwick Street, Soho"
"LINESTRING (-0.093421 51.529154,-0.13558 51.513684", "From Windsor Terrace, Hoxton to Broadwick Street, Soho"
"LINESTRING (-0.101026 51.528246,-0.13558 51.513684", "From Goswell Road (City Uni), Finsbury to Broadwick Street, Soho"
"LINESTRING (-0.162298 51.522511,-0.13558 51.513684", "From Boston Place, Marylebone to Broadwick Street, Soho"
"LINESTRING (-0.114079 51.522264,-0.13558 51.513684", "From Northington Street , Holborn to Broadwick Street, Soho"
"LINESTRING (-0.13544 51.497829,-0.13558 51.513684", "From Butler Place, Westminster to Broadwick Street, Soho"
"LINESTRING (-0.089782 51.53089,-0.13558 51.513684", "From Murray Grove , Hoxton to Broadwick Street, Soho"
"LINESTRING (-0.155525 51.516204,-0.13558 51.513684", "From Portman Square, Marylebone to Broadwick Street, Soho"
"LINESTRING (-0.123616 51.529943,-0.13558 51.513684", "From Belgrove Street , King's Cross to Broadwick Street, Soho"
"LINESTRING (-0.123616 51.529943,-0.13558 51.513684", "From Belgrove Street , King's Cross to Broadwick Street, Soho"
"LINESTRING (-0.157183 51.52026,-0.13558 51.513684", "From Crawford Street, Marylebone to Broadwick Street, Soho"
"LINESTRING (-0.130431 51.52168,-0.13558 51.513684", "From Malet Street, Bloomsbury to Broadwick Street, Soho"
"LINESTRING (-0.079249 51.518908,-0.13558 51.513684", "From Brushfield Street, Liverpool Street to Broadwick Street, Soho"
"LINESTRING (-0.126409 51.524,-0.13558 51.513684", "From Coram Street, Bloomsbury to Broadwick Street, Soho"
"LINESTRING (-0.164393 51.516517,-0.13558 51.513684", "From Nutford Place, Marylebone to Broadwick Street, Soho"
"LINESTRING (-0.164786 51.477292,-0.13558 51.513684", "From Ethelburga Estate, Battersea Park to Broadwick Street, Soho"
"LINESTRING (-0.134407 51.526236,-0.13558 51.513684", "From Euston Road, Euston to Broadwick Street, Soho"
"LINESTRING (-0.192369 51.491593,-0.13558 51.513684", "From Penywern Road, Earl's Court to Broadwick Street, Soho"
"LINESTRING (-0.100292 51.501732,-0.13558 51.513684", "From Great Suffolk Street, The Borough to Broadwick Street, Soho"
"LINESTRING (-0.179668 51.511654,-0.13558 51.513684", "From Lancaster Gate , Bayswater to Broadwick Street, Soho"
"LINESTRING (-0.119558 51.528279,-0.13558 51.513684", "From Cromer Street, Bloomsbury to Broadwick Street, Soho"
"LINESTRING (-0.163609 51.51809,-0.13558 51.513684", "From Shouldham Street, Marylebone to Broadwick Street, Soho"
"LINESTRING (-0.088542 51.527025,-0.13558 51.513684", "From Baldwin Street, St. Luke's to Broadwick Street, Soho"
"LINESTRING (-0.122219 51.51477,-0.13558 51.513684", "From Drury Lane, Covent Garden to Broadwick Street, Soho"
"LINESTRING (-0.138019 51.524438,-0.13558 51.513684", "From Warren Street Station, Euston to Broadwick Street, Soho"
"LINESTRING (-0.123616 51.529943,-0.13558 51.513684", "From Belgrove Street , King's Cross to Broadwick Street, Soho"
"LINESTRING (-0.120973 51.530059,-0.13558 51.513684", "From St. Chad's Street, King's Cross to Broadwick Street, Soho"
"LINESTRING (-0.106823 51.508033,-0.13558 51.513684", "From Sea Containers, South Bank to Broadwick Street, Soho"
"LINESTRING (-0.108657 51.51795,-0.13558 51.513684", "From Holborn Circus, Holborn to Broadwick Street, Soho"
"LINESTRING (-0.219486 51.512981,-0.13558 51.513684", "From Freston Road, Avondale to Broadwick Street, Soho"
"LINESTRING (-0.099489 51.524868,-0.13558 51.513684", "From Sadlers Sports Centre, Finsbury to Broadwick Street, Soho"
"LINESTRING (-0.133972 51.472993,-0.13558 51.513684", "From Union Grove, Wandsworth Road to Broadwick Street, Soho"
"LINESTRING (-0.144466 51.528302,-0.13558 51.513684", "From Albany Street, The Regent's Park to Broadwick Street, Soho"
"LINESTRING (-0.162298 51.522511,-0.13558 51.513684", "From Boston Place, Marylebone to Broadwick Street, Soho"
"LINESTRING (-0.135777 51.51953,-0.13558 51.513684", "From Charlotte Street, Fitzrovia to Broadwick Street, Soho"
"LINESTRING (-0.122219 51.51477,-0.13558 51.513684", "From Drury Lane, Covent Garden to Broadwick Street, Soho"
"LINESTRING (-0.15352 51.503117,-0.191351 51.513489", "From Hyde Park Corner, Hyde Park to Princes Square, Bayswater"
"LINESTRING (-0.158105 51.494645,-0.191351 51.513489", "From Cadogan Place, Knightsbridge to Princes Square, Bayswater"
"LINESTRING (-0.158264 51.514577,-0.191351 51.513489", "From Old Quebec Street, Marylebone to Princes Square, Bayswater"
"LINESTRING (-0.16862 51.53256,-0.191351 51.513489", "From Greenberry Street, St.John's Wood to Princes Square, Bayswater"
"LINESTRING (-0.178732 51.493967,-0.191351 51.513489", "From Queen's Gate (Central), South Kensington to Princes Square, Bayswater"
"LINESTRING (-0.122299 51.530199,-0.191351 51.513489", "From Birkenhead Street, King's Cross to Princes Square, Bayswater"
"LINESTRING (-0.196422 51.509353,-0.191351 51.513489", "From Notting Hill Gate Station, Notting Hill to Princes Square, Bayswater"
"LINESTRING (-0.191351 51.513489,-0.191351 51.513489", "From Princes Square, Bayswater to Princes Square, Bayswater"
"LINESTRING (-0.174554 51.499917,-0.191351 51.513489", "From Exhibition Road, Knightsbridge to Princes Square, Bayswater"
"LINESTRING (-0.163609 51.51809,-0.191351 51.513489", "From Shouldham Street, Marylebone to Princes Square, Bayswater"
"LINESTRING (-0.142844 51.506613,-0.191351 51.513489", "From Green Park Station, Mayfair to Princes Square, Bayswater"
"LINESTRING (-0.183834 51.497924,-0.191351 51.513489", "From Gloucester Road (North), Kensington to Princes Square, Bayswater"
"LINESTRING (-0.224303 51.506093,-0.191351 51.513489", "From Westfield Library Corner, Shepherd's Bush to Princes Square, Bayswater"
"LINESTRING (-0.131161 51.52505,-0.191351 51.513489", "From Taviton Street, Bloomsbury to Princes Square, Bayswater"
"LINESTRING (-0.140485 51.519181,-0.191351 51.513489", "From Foley Street, Fitzrovia to Princes Square, Bayswater"
"LINESTRING (-0.183834 51.497924,-0.191351 51.513489", "From Gloucester Road (North), Kensington to Princes Square, Bayswater"
"LINESTRING (-0.091773 51.504627,-0.191351 51.513489", "From Hop Exchange, The Borough to Princes Square, Bayswater"
"LINESTRING (-0.178732 51.493967,-0.191351 51.513489", "From Queen's Gate (Central), South Kensington to Princes Square, Bayswater"
"LINESTRING (-0.191351 51.513489,-0.191351 51.513489", "From Princes Square, Bayswater to Princes Square, Bayswater"
"LINESTRING (-0.103132 51.498744,-0.103132 51.498744", "From LSBU (Borough Road), Elephant & Castle to LSBU (Borough Road), Elephant & Castle"
"LINESTRING (-0.122759 51.487807,-0.103132 51.498744", "From New Spring Gardens Walk, Vauxhall to LSBU (Borough Road), Elephant & Castle"
"LINESTRING (-0.079684 51.516468,-0.103132 51.498744", "From Devonshire Square, Liverpool Street to LSBU (Borough Road), Elephant & Castle"
"LINESTRING (-0.09294 51.511553,-0.103132 51.498744", "From Queen Street 1, Bank to LSBU (Borough Road), Elephant & Castle"
"LINESTRING (-0.197609 51.483911,-0.103132 51.498744", "From Halford Road, West Kensington to LSBU (Borough Road), Elephant & Castle"
"LINESTRING (-0.085814 51.495061,-0.103132 51.498744", "From Bricklayers Arms, Borough to LSBU (Borough Road), Elephant & Castle"
"LINESTRING (-0.104708 51.52326,-0.103132 51.498744", "From Clerkenwell Green, Clerkenwell to LSBU (Borough Road), Elephant & Castle"
"LINESTRING (-0.068981 51.498585,-0.103132 51.498744", "From George Row, Bermondsey to LSBU (Borough Road), Elephant & Castle"
"LINESTRING (-0.119643 51.511756,-0.103132 51.498744", "From Wellington Street , Strand to LSBU (Borough Road), Elephant & Castle"
"LINESTRING (-0.123616 51.529943,-0.103132 51.498744", "From Belgrove Street , King's Cross to LSBU (Borough Road), Elephant & Castle"
"LINESTRING (-0.09644 51.507385,-0.103132 51.498744", "From New Globe Walk, Bankside to LSBU (Borough Road), Elephant & Castle"
"LINESTRING (-0.130431 51.52168,-0.103132 51.498744", "From Malet Street, Bloomsbury to LSBU (Borough Road), Elephant & Castle"
"LINESTRING (-0.082422 51.516154,-0.103132 51.498744", "From Wormwood Street, Liverpool Street to LSBU (Borough Road), Elephant & Castle"
"LINESTRING (-0.126874 51.47787,-0.103132 51.498744", "From Hartington Road, Stockwell to LSBU (Borough Road), Elephant & Castle"
"LINESTRING (-0.099141 51.512484,-0.103132 51.498744", "From Godliman Street, St. Paul's to LSBU (Borough Road), Elephant & Castle"
"LINESTRING (-0.075459 51.509506,-0.103132 51.498744", "From Tower Gardens , Tower to LSBU (Borough Road), Elephant & Castle"
"LINESTRING (-0.104778 51.504044,-0.103132 51.498744", "From Southwark Station 2, Southwark to LSBU (Borough Road), Elephant & Castle"
"LINESTRING (-0.098497 51.503688,-0.103132 51.498744", "From Union Street, The Borough to LSBU (Borough Road), Elephant & Castle"
"LINESTRING (-0.111435 51.48894,-0.103132 51.498744", "From Kennington Cross, Kennington to LSBU (Borough Road), Elephant & Castle"
"LINESTRING (-0.091773 51.504627,-0.103132 51.498744", "From Hop Exchange, The Borough to LSBU (Borough Road), Elephant & Castle"
"LINESTRING (-0.089659 51.52548,-0.103132 51.498744", "From Old Street Station, St. Luke's to LSBU (Borough Road), Elephant & Castle"
"LINESTRING (-0.09294 51.511553,-0.103132 51.498744", "From Queen Street 1, Bank to LSBU (Borough Road), Elephant & Castle"
"LINESTRING (-0.113864 51.504027,-0.103132 51.498744", "From Waterloo Station 1, Waterloo to LSBU (Borough Road), Elephant & Castle"
"LINESTRING (-0.087262 51.506304,-0.08066 51.514225", "From Duke Street Hill, London Bridge to St. Mary Axe, Aldgate"
"LINESTRING (-0.140485 51.519181,-0.08066 51.514225", "From Foley Street, Fitzrovia to St. Mary Axe, Aldgate"
"LINESTRING (-0.074754 51.523648,-0.08066 51.514225", "From Bethnal Green Road, Shoreditch to St. Mary Axe, Aldgate"
"LINESTRING (-0.139016 51.520994,-0.08066 51.514225", "From Howland Street, Fitzrovia to St. Mary Axe, Aldgate"
"LINESTRING (-0.073955 51.526293,-0.08066 51.514225", "From Palissy Street, Shoreditch to St. Mary Axe, Aldgate"
"LINESTRING (-0.112824 51.503791,-0.08066 51.514225", "From Waterloo Station 3, Waterloo to St. Mary Axe, Aldgate"
"LINESTRING (-0.114605 51.495656,-0.08066 51.514225", "From Sail Street, Vauxhall to St. Mary Axe, Aldgate"
"LINESTRING (-0.090847 51.525893,-0.08066 51.514225", "From Bath Street, St. Luke's to St. Mary Axe, Aldgate"
"LINESTRING (-0.070133 51.515231,-0.08066 51.514225", "From Central House, Whitechapel to St. Mary Axe, Aldgate"
"LINESTRING (-0.081608 51.497855,-0.08066 51.514225", "From Bermondsey Street, Bermondsey to St. Mary Axe, Aldgate"
"LINESTRING (-0.151926 51.516814,-0.08066 51.514225", "From Hinde Street, Marylebone to St. Mary Axe, Aldgate"
"LINESTRING (-0.174691 51.45787,-0.08066 51.514225", "From Spencer Park, Wandsworth Common to St. Mary Axe, Aldgate"
"LINESTRING (-0.14296 51.497998,-0.08066 51.514225", "From Warwick Row, Westminster to St. Mary Axe, Aldgate"
"LINESTRING (-0.108028 51.518825,-0.08066 51.514225", "From Hatton Garden, Holborn to St. Mary Axe, Aldgate"
"LINESTRING (-0.180274 51.481805,-0.08066 51.514225", "From World's End Place, West Chelsea to St. Mary Axe, Aldgate"
"LINESTRING (-0.101026 51.528246,-0.08066 51.514225", "From Goswell Road (City Uni), Finsbury to St. Mary Axe, Aldgate"
"LINESTRING (-0.06142 51.532091,-0.08066 51.514225", "From Pritchard's Road, Bethnal Green to St. Mary Axe, Aldgate"
"LINESTRING (-0.068981 51.498585,-0.08066 51.514225", "From George Row, Bermondsey to St. Mary Axe, Aldgate"
"LINESTRING (-0.066078 51.514924,-0.08066 51.514225", "From LMU Commercial Road, Whitechapel to St. Mary Axe, Aldgate"
"LINESTRING (-0.027772 51.505703,-0.08066 51.514225", "From Westferry Circus, Canary Wharf to St. Mary Axe, Aldgate"
"LINESTRING (-0.141423 51.514499,-0.08066 51.514225", "From Little Argyll Street, West End to St. Mary Axe, Aldgate"
"LINESTRING (-0.068981 51.498585,-0.08066 51.514225", "From George Row, Bermondsey to St. Mary Axe, Aldgate"
"LINESTRING (-0.126874 51.47787,-0.08066 51.514225", "From Hartington Road, Stockwell to St. Mary Axe, Aldgate"
"LINESTRING (-0.083632 51.502153,-0.08066 51.514225", "From Snowsfields, London Bridge to St. Mary Axe, Aldgate"
"LINESTRING (-0.094934 51.522954,-0.08066 51.514225", "From Roscoe Street, St. Luke's to St. Mary Axe, Aldgate"
"LINESTRING (-0.058641 51.515256,-0.08066 51.514225", "From Philpot Street, Whitechapel to St. Mary Axe, Aldgate"
"LINESTRING (-0.112824 51.503791,-0.08066 51.514225", "From Waterloo Station 3, Waterloo to St. Mary Axe, Aldgate"
"LINESTRING (-0.062546 51.535678,-0.08066 51.514225", "From Regent's Row , Haggerston to St. Mary Axe, Aldgate"
"LINESTRING (-0.087262 51.506304,-0.08066 51.514225", "From Duke Street Hill, London Bridge to St. Mary Axe, Aldgate"
"LINESTRING (-0.066078 51.514924,-0.08066 51.514225", "From LMU Commercial Road, Whitechapel to St. Mary Axe, Aldgate"
"LINESTRING (-0.134621 51.507424,-0.08066 51.514225", "From St. James's Square, St. James's to St. Mary Axe, Aldgate"
"LINESTRING (-0.069543 51.525645,-0.08066 51.514225", "From Granby Street, Shoreditch to St. Mary Axe, Aldgate"
"LINESTRING (-0.074754 51.523648,-0.08066 51.514225", "From Bethnal Green Road, Shoreditch to St. Mary Axe, Aldgate"
"LINESTRING (-0.110683 51.484788,-0.08066 51.514225", "From Kennington Road Post Office, Oval to St. Mary Axe, Aldgate"
"LINESTRING (-0.09294 51.51397,-0.08066 51.514225", "From Cheapside, Bank to St. Mary Axe, Aldgate"
"LINESTRING (-0.110699 51.501444,-0.08066 51.514225", "From Baylis Road, Waterloo to St. Mary Axe, Aldgate"
"LINESTRING (-0.116493 51.477839,-0.08066 51.514225", "From Caldwell Street, Stockwell to St. Mary Axe, Aldgate"
"LINESTRING (-0.139016 51.520994,-0.08066 51.514225", "From Howland Street, Fitzrovia to St. Mary Axe, Aldgate"
"LINESTRING (-0.077121 51.511594,-0.08066 51.514225", "From Crosswall, Tower to St. Mary Axe, Aldgate"
"LINESTRING (-0.113864 51.504027,-0.08066 51.514225", "From Waterloo Station 1, Waterloo to St. Mary Axe, Aldgate"
"LINESTRING (-0.122299 51.530199,-0.08066 51.514225", "From Birkenhead Street, King's Cross to St. Mary Axe, Aldgate"
"LINESTRING (-0.140741 51.488057,-0.08066 51.514225", "From Alderney Street, Pimlico to St. Mary Axe, Aldgate"
"LINESTRING (-0.097122 51.529423,-0.08066 51.514225", "From Macclesfield Rd, St Lukes to St. Mary Axe, Aldgate"
"LINESTRING (-0.08974 51.500823,-0.08066 51.514225", "From Empire Square, The Borough to St. Mary Axe, Aldgate"
"LINESTRING (-0.139016 51.520994,-0.08066 51.514225", "From Howland Street, Fitzrovia to St. Mary Axe, Aldgate"
"LINESTRING (-0.106992 51.534504,-0.109256 51.526443", "From Liverpool Road (N1 Centre), Angel to Tysoe Street, Clerkenwell"
"LINESTRING (-0.171103 51.518268,-0.109256 51.526443", "From St Mary's Hospital, Paddington to Tysoe Street, Clerkenwell"
"LINESTRING (-0.08299 51.53213,-0.109256 51.526443", "From Pitfield Street Central, Hoxton to Tysoe Street, Clerkenwell"
"LINESTRING (-0.104708 51.52326,-0.109256 51.526443", "From Clerkenwell Green, Clerkenwell to Tysoe Street, Clerkenwell"
"LINESTRING (-0.109256 51.526443,-0.109256 51.526443", "From Tysoe Street, Clerkenwell to Tysoe Street, Clerkenwell"
"LINESTRING (-0.058826 51.54119,-0.109256 51.526443", "From London Fields, Hackney Central to Tysoe Street, Clerkenwell"
"LINESTRING (-0.108657 51.51795,-0.109256 51.526443", "From Holborn Circus, Holborn to Tysoe Street, Clerkenwell"
"LINESTRING (-0.141728 51.539099,-0.109256 51.526443", "From Greenland Road, Camden Town to Tysoe Street, Clerkenwell"
"LINESTRING (-0.134621 51.507424,-0.109256 51.526443", "From St. James's Square, St. James's to Tysoe Street, Clerkenwell"
"LINESTRING (-0.102757 51.536384,-0.109256 51.526443", "From Islington Green, Angel to Tysoe Street, Clerkenwell"
"LINESTRING (-0.088542 51.527025,-0.109256 51.526443", "From Baldwin Street, St. Luke's to Tysoe Street, Clerkenwell"
"LINESTRING (-0.132328 51.515631,-0.109256 51.526443", "From Soho Square , Soho to Tysoe Street, Clerkenwell"
"LINESTRING (-0.102208 51.526153,-0.109256 51.526443", "From Percival Street, Finsbury to Tysoe Street, Clerkenwell"
"LINESTRING (-0.104724 51.52836,-0.109256 51.526443", "From St. John Street, Finsbury to Tysoe Street, Clerkenwell"
"LINESTRING (-0.10997 51.529163,-0.109256 51.526443", "From River Street , Clerkenwell to Tysoe Street, Clerkenwell"
"LINESTRING (-0.13214 51.519572,-0.109256 51.526443", "From Store Street, Bloomsbury to Tysoe Street, Clerkenwell"
"LINESTRING (-0.122219 51.51477,-0.109256 51.526443", "From Drury Lane, Covent Garden to Tysoe Street, Clerkenwell"
"LINESTRING (-0.110699 51.501444,-0.109256 51.526443", "From Baylis Road, Waterloo to Tysoe Street, Clerkenwell"
"LINESTRING (-0.104193 51.49605,-0.109256 51.526443", "From Gaywood  Street, Elephant & Castle to Tysoe Street, Clerkenwell"
"LINESTRING (-0.125078 51.534667,-0.109256 51.526443", "From Good's Way, King's Cross to Tysoe Street, Clerkenwell"
"LINESTRING (-0.111781 51.533319,-0.109256 51.526443", "From Risinghill Street, Angel to Tysoe Street, Clerkenwell"
"LINESTRING (-0.145211 51.520715,-0.109256 51.526443", "From Portland Place, Marylebone to Tysoe Street, Clerkenwell"
"LINESTRING (-0.08299 51.53213,-0.109256 51.526443", "From Pitfield Street Central, Hoxton to Tysoe Street, Clerkenwell"
"LINESTRING (-0.062546 51.535678,-0.109256 51.526443", "From Regent's Row , Haggerston to Tysoe Street, Clerkenwell"
"LINESTRING (-0.092754 51.505974,-0.109256 51.526443", "From Park Street, Bankside to Tysoe Street, Clerkenwell"
"LINESTRING (-0.08249 51.53558,-0.109256 51.526443", "From Pitfield Street North,Hoxton to Tysoe Street, Clerkenwell"
"LINESTRING (-0.104708 51.52326,-0.109256 51.526443", "From Clerkenwell Green, Clerkenwell to Tysoe Street, Clerkenwell"
"LINESTRING (-0.155349 51.502757,-0.109256 51.526443", "From Knightsbridge, Hyde Park to Tysoe Street, Clerkenwell"
"LINESTRING (-0.092754 51.505974,-0.109256 51.526443", "From Park Street, Bankside to Tysoe Street, Clerkenwell"
"LINESTRING (-0.09294 51.511553,-0.109256 51.526443", "From Queen Street 1, Bank to Tysoe Street, Clerkenwell"
"LINESTRING (-0.058826 51.54119,-0.109256 51.526443", "From London Fields, Hackney Central to Tysoe Street, Clerkenwell"
"LINESTRING (-0.111435 51.48894,-0.109256 51.526443", "From Kennington Cross, Kennington to Tysoe Street, Clerkenwell"
"LINESTRING (-0.099994 51.522853,-0.109256 51.526443", "From Berry Street, Clerkenwell to Tysoe Street, Clerkenwell"
"LINESTRING (-0.11655 51.51824,-0.109256 51.526443", "From Red Lion Street, Holborn to Tysoe Street, Clerkenwell"
"LINESTRING (-0.086379 51.534042,-0.109256 51.526443", "From Shoreditch Park, Hoxton to Tysoe Street, Clerkenwell"
"LINESTRING (-0.079248 51.524526,-0.109256 51.526443", "From New Inn Yard, Shoreditch to Tysoe Street, Clerkenwell"
"LINESTRING (-0.104724 51.52836,-0.109256 51.526443", "From St. John Street, Finsbury to Tysoe Street, Clerkenwell"
"LINESTRING (-0.093903 51.530991,-0.109256 51.526443", "From Wenlock Road , Hoxton to Tysoe Street, Clerkenwell"
"LINESTRING (-0.111781 51.533319,-0.109256 51.526443", "From Risinghill Street, Angel to Tysoe Street, Clerkenwell"
"LINESTRING (-0.193764 51.508605,-0.109256 51.526443", "From Palace Gardens Terrace, Notting Hill to Tysoe Street, Clerkenwell"
"LINESTRING (-0.076341 51.534464,-0.109256 51.526443", "From Whiston Road, Haggerston to Tysoe Street, Clerkenwell"
"LINESTRING (-0.180246 51.501026,-0.169249 51.515953", "From Queen's Gate (North), Kensington to Southwick Street, Paddington"
"LINESTRING (-0.13225 51.528833,-0.169249 51.515953", "From Doric Way , Somers Town to Southwick Street, Paddington"
"LINESTRING (-0.174554 51.499917,-0.169249 51.515953", "From Exhibition Road, Knightsbridge to Southwick Street, Paddington"
"LINESTRING (-0.127575 51.495805,-0.169249 51.515953", "From Smith Square, Westminster to Southwick Street, Paddington"
"LINESTRING (-0.18119 51.485587,-0.169249 51.515953", "From Limerston Street, West Chelsea to Southwick Street, Paddington"
"LINESTRING (-0.179369 51.487196,-0.169249 51.515953", "From Drayton Gardens, West Chelsea to Southwick Street, Paddington"
"LINESTRING (-0.14296 51.497998,-0.169249 51.515953", "From Warwick Row, Westminster to Southwick Street, Paddington"
"LINESTRING (-0.157183 51.52026,-0.169249 51.515953", "From Crawford Street, Marylebone to Southwick Street, Paddington"
"LINESTRING (-0.180246 51.501026,-0.169249 51.515953", "From Queen's Gate (North), Kensington to Southwick Street, Paddington"
"LINESTRING (-0.210941 51.504199,-0.169249 51.515953", "From Addison Road, Holland Park to Southwick Street, Paddington"
"LINESTRING (-0.215808 51.503802,-0.169249 51.515953", "From Hansard Mews, Holland Park to Southwick Street, Paddington"
"LINESTRING (-0.154701 51.520583,-0.169249 51.515953", "From Paddington Street, Marylebone to Southwick Street, Paddington"
"LINESTRING (-0.169249 51.515953,-0.169249 51.515953", "From Southwick Street, Paddington to Southwick Street, Paddington"
"LINESTRING (-0.079249 51.518908,-0.169249 51.515953", "From Brushfield Street, Liverpool Street to Southwick Street, Paddington"
"LINESTRING (-0.174554 51.499917,-0.169249 51.515953", "From Exhibition Road, Knightsbridge to Southwick Street, Paddington"
"LINESTRING (-0.138846 51.510048,-0.169249 51.515953", "From Sackville Street, Mayfair to Southwick Street, Paddington"
"LINESTRING (-0.127575 51.495805,-0.169249 51.515953", "From Smith Square, Westminster to Southwick Street, Paddington"
"LINESTRING (-0.178732 51.493967,-0.169249 51.515953", "From Queen's Gate (Central), South Kensington to Southwick Street, Paddington"
"LINESTRING (-0.130458 51.494816,-0.169249 51.515953", "From Horseferry Road, Westminster to Southwick Street, Paddington"
"LINESTRING (-0.174971 51.485121,-0.169249 51.515953", "From The Vale, Chelsea to Southwick Street, Paddington"
"LINESTRING (-0.116688 51.520596,-0.169249 51.515953", "From Theobald's Road , Holborn to Southwick Street, Paddington"
"LINESTRING (-0.145827 51.507326,-0.169249 51.515953", "From Clarges Street, Mayfair to Southwick Street, Paddington"
"LINESTRING (-0.207842 51.471079,-0.169249 51.515953", "From Elysium Place, Fulham to Southwick Street, Paddington"
"LINESTRING (-0.157183 51.52026,-0.169249 51.515953", "From Crawford Street, Marylebone to Southwick Street, Paddington"
"LINESTRING (-0.174554 51.499917,-0.169249 51.515953", "From Exhibition Road, Knightsbridge to Southwick Street, Paddington"
"LINESTRING (-0.154701 51.520583,-0.169249 51.515953", "From Paddington Street, Marylebone to Southwick Street, Paddington"
"LINESTRING (-0.147203 51.515308,-0.169249 51.515953", "From Chapel Place, Marylebone to Southwick Street, Paddington"
"LINESTRING (-0.142844 51.506613,-0.169249 51.515953", "From Green Park Station, Mayfair to Southwick Street, Paddington"
"LINESTRING (-0.217515 51.500353,-0.169249 51.515953", "From Richmond Way, Shepherd's Bush to Southwick Street, Paddington"
"LINESTRING (-0.196422 51.509353,-0.180246 51.501026", "From Notting Hill Gate Station, Notting Hill to Queen's Gate (North), Kensington"
"LINESTRING (-0.147983 51.519167,-0.180246 51.501026", "From New Cavendish Street, Marylebone to Queen's Gate (North), Kensington"
"LINESTRING (-0.19024 51.515529,-0.180246 51.501026", "From Westbourne Grove, Bayswater to Queen's Gate (North), Kensington"
"LINESTRING (-0.149569 51.50274,-0.180246 51.501026", "From Wellington Arch, Hyde Park to Queen's Gate (North), Kensington"
"LINESTRING (-0.216016 51.509224,-0.180246 51.501026", "From Rifle Place, Avondale to Queen's Gate (North), Kensington"
"LINESTRING (-0.19701 51.473763,-0.180246 51.501026", "From Irene Road, Parsons Green to Queen's Gate (North), Kensington"
"LINESTRING (-0.195777 51.479463,-0.180246 51.501026", "From Erin Close, Walham Green to Queen's Gate (North), Kensington"
"LINESTRING (-0.149569 51.50274,-0.180246 51.501026", "From Wellington Arch, Hyde Park to Queen's Gate (North), Kensington"
"LINESTRING (-0.158249 51.516892,-0.180246 51.501026", "From George Place Mews, Marylebone to Queen's Gate (North), Kensington"
"LINESTRING (-0.202038 51.48357,-0.180246 51.501026", "From Coomer Place, West Kensington to Queen's Gate (North), Kensington"
"LINESTRING (-0.149569 51.50274,-0.180246 51.501026", "From Wellington Arch, Hyde Park to Queen's Gate (North), Kensington"
"LINESTRING (-0.15352 51.503117,-0.180246 51.501026", "From Hyde Park Corner, Hyde Park to Queen's Gate (North), Kensington"
"LINESTRING (-0.160854 51.535892,-0.180246 51.501026", "From Prince Albert Road, The Regent's Park to Queen's Gate (North), Kensington"
"LINESTRING (-0.217995 51.487285,-0.180246 51.501026", "From Charing Cross Hospital, Hammersmith to Queen's Gate (North), Kensington"
"LINESTRING (-0.196422 51.509353,-0.180246 51.501026", "From Notting Hill Gate Station, Notting Hill to Queen's Gate (North), Kensington"
"LINESTRING (-0.18267 51.494185,-0.180246 51.501026", "From Gloucester Road Station, South Kensington to Queen's Gate (North), Kensington"
"LINESTRING (-0.15352 51.503117,-0.180246 51.501026", "From Hyde Park Corner, Hyde Park to Queen's Gate (North), Kensington"
"LINESTRING (-0.149569 51.50274,-0.180246 51.501026", "From Wellington Arch, Hyde Park to Queen's Gate (North), Kensington"
"LINESTRING (-0.217995 51.487285,-0.180246 51.501026", "From Charing Cross Hospital, Hammersmith to Queen's Gate (North), Kensington"
"LINESTRING (-0.225787 51.514767,-0.180246 51.501026", "From BBC White City, White City to Queen's Gate (North), Kensington"
"LINESTRING (-0.174347 51.476964,-0.180246 51.501026", "From Battersea Church Road, Battersea to Queen's Gate (North), Kensington"
"LINESTRING (-0.198286 51.493724,-0.180246 51.501026", "From West Cromwell Road, Earl's Court to Queen's Gate (North), Kensington"
"LINESTRING (-0.149569 51.50274,-0.180246 51.501026", "From Wellington Arch, Hyde Park to Queen's Gate (North), Kensington"
"LINESTRING (-0.179854 51.501715,-0.180246 51.501026", "From Queen's Gate, Kensington Gardens to Queen's Gate (North), Kensington"
"LINESTRING (-0.205284 51.496712,-0.180246 51.501026", "From Warwick Road, Olympia to Queen's Gate (North), Kensington"
"LINESTRING (-0.209121 51.491026,-0.180246 51.501026", "From Gwendwr Road, West Kensington to Queen's Gate (North), Kensington"
"LINESTRING (-0.149569 51.50274,-0.180246 51.501026", "From Wellington Arch, Hyde Park to Queen's Gate (North), Kensington"
"LINESTRING (-0.18267 51.494185,-0.180246 51.501026", "From Gloucester Road Station, South Kensington to Queen's Gate (North), Kensington"
"LINESTRING (-0.18119 51.485587,-0.132224 51.49206", "From Limerston Street, West Chelsea to Regency Street, Westminster"
"LINESTRING (-0.113426 51.503919,-0.132224 51.49206", "From Waterloo Station 2, Waterloo to Regency Street, Westminster"
"LINESTRING (-0.180389 51.46517,-0.132224 51.49206", "From Hibbert Street, Battersea to Regency Street, Westminster"
"LINESTRING (-0.142783 51.51196,-0.132224 51.49206", "From St. George Street, Mayfair to Regency Street, Westminster"
"LINESTRING (-0.144132 51.493204,-0.132224 51.49206", "From Belgrave Road, Victoria to Regency Street, Westminster"
"LINESTRING (-0.138733 51.496753,-0.132224 51.49206", "From Howick Place, Westminster to Regency Street, Westminster"
"LINESTRING (-0.139956 51.493573,-0.132224 51.49206", "From Queen Mother Sports Centre, Victoria to Regency Street, Westminster"
"LINESTRING (-0.136123 51.482362,-0.132224 51.49206", "From Riverlight North, Nine Elms to Regency Street, Westminster"
"LINESTRING (-0.117661 51.482678,-0.132224 51.49206", "From Ashmole Estate, Oval to Regency Street, Westminster"
"LINESTRING (-0.180274 51.481805,-0.132224 51.49206", "From World's End Place, West Chelsea to Regency Street, Westminster"
"LINESTRING (-0.14296 51.497998,-0.132224 51.49206", "From Warwick Row, Westminster to Regency Street, Westminster"
"LINESTRING (-0.105344 51.515059,-0.132224 51.49206", "From St. Bride Street, Holborn to Regency Street, Westminster"
"LINESTRING (-0.138364 51.492111,-0.132224 51.49206", "From Tachbrook Street, Victoria to Regency Street, Westminster"
"LINESTRING (-0.082422 51.516154,-0.132224 51.49206", "From Wormwood Street, Liverpool Street to Regency Street, Westminster"
"LINESTRING (-0.129697 51.509087,-0.132224 51.49206", "From St. Martin's Street, West End to Regency Street, Westminster"
"LINESTRING (-0.146544 51.468669,-0.132224 51.49206", "From Heath Road, Battersea to Regency Street, Westminster"
"LINESTRING (-0.13011 51.513527,-0.132224 51.49206", "From Moor Street, Soho to Regency Street, Westminster"
"LINESTRING (-0.135635 51.488226,-0.132224 51.49206", "From St. George's Square, Pimlico to Regency Street, Westminster"
"LINESTRING (-0.138072 51.517344,-0.132224 51.49206", "From Wells Street, Fitzrovia to Regency Street, Westminster"
"LINESTRING (-0.159169 51.475153,-0.132224 51.49206", "From Prince of Wales Drive, Battersea Park to Regency Street, Westminster"
"LINESTRING (-0.132845 51.489975,-0.132224 51.49206", "From Rampayne Street, Pimlico to Regency Street, Westminster"
"LINESTRING (-0.193487 51.513735,-0.132224 51.49206", "From Hereford Road, Bayswater to Regency Street, Westminster"
"LINESTRING (-0.132845 51.489975,-0.132224 51.49206", "From Rampayne Street, Pimlico to Regency Street, Westminster"
"LINESTRING (-0.190393 51.490163,-0.132224 51.49206", "From Bramham Gardens, Earl's Court to Regency Street, Westminster"
"LINESTRING (-0.180274 51.481805,-0.132224 51.49206", "From World's End Place, West Chelsea to Regency Street, Westminster"
"LINESTRING (-0.151926 51.516814,-0.132224 51.49206", "From Hinde Street, Marylebone to Regency Street, Westminster"
"LINESTRING (-0.096496 51.517821,-0.132224 51.49206", "From Museum of London, Barbican to Regency Street, Westminster"
"LINESTRING (-0.124469 51.485917,-0.144132 51.493204", "From Vauxhall Cross, Vauxhall to Belgrave Road, Victoria"
"LINESTRING (-0.182435 51.478169,-0.144132 51.493204", "From Upcerne Road, West Chelsea to Belgrave Road, Victoria"
"LINESTRING (-0.197245 51.497387,-0.144132 51.493204", "From Abingdon Villas, Kensington to Belgrave Road, Victoria"
"LINESTRING (-0.150481 51.51217,-0.144132 51.493204", "From Grosvenor Square, Mayfair to Belgrave Road, Victoria"
"LINESTRING (-0.183118 51.515607,-0.144132 51.493204", "From Cleveland Gardens, Bayswater to Belgrave Road, Victoria"
"LINESTRING (-0.092762 51.500296,-0.144132 51.493204", "From Swan Street, The Borough to Belgrave Road, Victoria"
"LINESTRING (-0.089446 51.497382,-0.144132 51.493204", "From Great Dover Street, The Borough to Belgrave Road, Victoria"
"LINESTRING (-0.093051 51.511246,-0.144132 51.493204", "From Queen Street 2, Bank to Belgrave Road, Victoria"
"LINESTRING (-0.130699 51.50777,-0.144132 51.493204", "From Pall Mall East, West End to Belgrave Road, Victoria"
"LINESTRING (-0.141923 51.489856,-0.144132 51.493204", "From Warwick Square, Pimlico to Belgrave Road, Victoria"
"LINESTRING (-0.19096 51.51244,-0.144132 51.493204", "From Ilchester Gardens, Bayswater to Belgrave Road, Victoria"
"LINESTRING (-0.130699 51.50777,-0.144132 51.493204", "From Pall Mall East, West End to Belgrave Road, Victoria"
"LINESTRING (-0.183118 51.515607,-0.144132 51.493204", "From Cleveland Gardens, Bayswater to Belgrave Road, Victoria"
"LINESTRING (-0.124642 51.481747,-0.144132 51.493204", "From South Lambeth Road, Vauxhall to Belgrave Road, Victoria"
"LINESTRING (-0.117863 51.515208,-0.144132 51.493204", "From Sardinia Street, Holborn to Belgrave Road, Victoria"
"LINESTRING (-0.16716 51.47518,-0.144132 51.493204", "From Surrey Lane, Battersea to Belgrave Road, Victoria"
"LINESTRING (-0.165297 51.461923,-0.144132 51.493204", "From Limburg Road, Clapham Junction to Belgrave Road, Victoria"
"LINESTRING (-0.077121 51.511594,-0.144132 51.493204", "From Crosswall, Tower to Belgrave Road, Victoria"
"LINESTRING (-0.165471 51.498884,-0.144132 51.493204", "From Montpelier Street, Knightsbridge to Belgrave Road, Victoria"
"LINESTRING (-0.135635 51.488226,-0.144132 51.493204", "From St. George's Square, Pimlico to Belgrave Road, Victoria"
"LINESTRING (-0.124642 51.481747,-0.144132 51.493204", "From South Lambeth Road, Vauxhall to Belgrave Road, Victoria"
"LINESTRING (-0.079248 51.524526,-0.144132 51.493204", "From New Inn Yard, Shoreditch to Belgrave Road, Victoria"
"LINESTRING (-0.167919 51.484984,-0.144132 51.493204", "From Phene Street, Chelsea to Belgrave Road, Victoria"
"LINESTRING (-0.140947 51.49616,-0.144132 51.493204", "From Ashley Place, Victoria to Belgrave Road, Victoria"
"LINESTRING (-0.167894 51.493184,-0.144132 51.493204", "From Sloane Avenue, Knightsbridge to Belgrave Road, Victoria"
"LINESTRING (-0.134621 51.507424,-0.144132 51.493204", "From St. James's Square, St. James's to Belgrave Road, Victoria"
"LINESTRING (-0.141334 51.492345,-0.144132 51.493204", "From Guildhouse Street, Victoria to Belgrave Road, Victoria"
"LINESTRING (-0.144132 51.493204,-0.144132 51.493204", "From Belgrave Road, Victoria to Belgrave Road, Victoria"
"LINESTRING (-0.204764 51.519042,-0.144132 51.493204", "From All Saints' Road, Portobello to Belgrave Road, Victoria"
"LINESTRING (-0.147449 51.509351,-0.144132 51.493204", "From Farm Street, Mayfair to Belgrave Road, Victoria"
"LINESTRING (-0.07962 51.503493,-0.08974 51.500823", "From Tooley Street, Bermondsey to Empire Square, The Borough"
"LINESTRING (-0.13214 51.519572,-0.08974 51.500823", "From Store Street, Bloomsbury to Empire Square, The Borough"
"LINESTRING (-0.048017 51.531127,-0.08974 51.500823", "From Old Ford Road, Bethnal Green to Empire Square, The Borough"
"LINESTRING (-0.08497 51.50964,-0.08974 51.500823", "From Monument Street, Monument to Empire Square, The Borough"
"LINESTRING (-0.099828 51.493146,-0.08974 51.500823", "From Strata, Elephant & Castle to Empire Square, The Borough"
"LINESTRING (-0.085814 51.495061,-0.08974 51.500823", "From Bricklayers Arms, Borough to Empire Square, The Borough"
"LINESTRING (-0.09022 51.491484,-0.08974 51.500823", "From Rodney Road , Walworth to Empire Square, The Borough"
"LINESTRING (-0.094934 51.522954,-0.08974 51.500823", "From Roscoe Street, St. Luke's to Empire Square, The Borough"
"LINESTRING (-0.092921 51.494436,-0.08974 51.500823", "From New Kent Road, The Borough to Empire Square, The Borough"
"LINESTRING (-0.0786 51.500647,-0.08974 51.500823", "From Tanner Street, Bermondsey to Empire Square, The Borough"
"LINESTRING (-0.08497 51.50964,-0.08974 51.500823", "From Monument Street, Monument to Empire Square, The Borough"
"LINESTRING (-0.081608 51.497855,-0.08974 51.500823", "From Bermondsey Street, Bermondsey to Empire Square, The Borough"
"LINESTRING (-0.09294 51.511553,-0.08974 51.500823", "From Queen Street 1, Bank to Empire Square, The Borough"
"LINESTRING (-0.063471 51.497995,-0.08974 51.500823", "From Bermondsey Station, Bermondsey to Empire Square, The Borough"
"LINESTRING (-0.096191 51.498597,-0.08974 51.500823", "From Harper Road, The Borough to Empire Square, The Borough"
"LINESTRING (-0.124469 51.485917,-0.08974 51.500823", "From Vauxhall Cross, Vauxhall to Empire Square, The Borough"
"LINESTRING (-0.063471 51.497995,-0.08974 51.500823", "From Bermondsey Station, Bermondsey to Empire Square, The Borough"
"LINESTRING (-0.116628 51.500089,-0.08974 51.500823", "From Lambeth Palace Road, Waterloo to Empire Square, The Borough"
"LINESTRING (-0.116628 51.500089,-0.08974 51.500823", "From Lambeth Palace Road, Waterloo to Empire Square, The Borough"
"LINESTRING (-0.117495 51.498241,-0.08974 51.500823", "From Archbishop's Park, Waterloo to Empire Square, The Borough"
"LINESTRING (-0.074189 51.502279,-0.08974 51.500823", "From Curlew Street, Shad Thames to Empire Square, The Borough"
"LINESTRING (-0.167919 51.484984,-0.08974 51.500823", "From Phene Street, Chelsea to Empire Square, The Borough"
"LINESTRING (-0.121723 51.510701,-0.08974 51.500823", "From Southampton Street, Strand to Empire Square, The Borough"
"LINESTRING (-0.145904 51.507069,-0.08974 51.500823", "From Curzon Street, Mayfair to Empire Square, The Borough"
"LINESTRING (-0.096191 51.498597,-0.08974 51.500823", "From Harper Road, The Borough to Empire Square, The Borough"
"LINESTRING (-0.081608 51.497855,-0.08974 51.500823", "From Bermondsey Street, Bermondsey to Empire Square, The Borough"
"LINESTRING (-0.04915 51.498439,-0.08974 51.500823", "From Canada Water Station, Rotherhithe to Empire Square, The Borough"
"LINESTRING (-0.041378 51.522507,-0.08974 51.500823", "From Queen Mary's, Mile End to Empire Square, The Borough"
"LINESTRING (-0.13544 51.497829,-0.08974 51.500823", "From Butler Place, Westminster to Empire Square, The Borough"
"LINESTRING (-0.126021 51.508103,-0.08974 51.500823", "From Craven Street, Strand to Empire Square, The Borough"
"LINESTRING (-0.117122 51.490994,-0.08974 51.500823", "From Black Prince Road, Vauxhall to Empire Square, The Borough"
"LINESTRING (-0.096518 51.491327,-0.08974 51.500823", "From Walworth Square, Walworth to Empire Square, The Borough"
"LINESTRING (-0.081608 51.497855,-0.08974 51.500823", "From Bermondsey Street, Bermondsey to Empire Square, The Borough"
"LINESTRING (-0.126994 51.470732,-0.08974 51.500823", "From Clarence Walk, Stockwell to Empire Square, The Borough"
"LINESTRING (-0.116628 51.500089,-0.08974 51.500823", "From Lambeth Palace Road, Waterloo to Empire Square, The Borough"
"LINESTRING (-0.091773 51.504627,-0.08974 51.500823", "From Hop Exchange, The Borough to Empire Square, The Borough"
"LINESTRING (-0.093051 51.511246,-0.08974 51.500823", "From Queen Street 2, Bank to Empire Square, The Borough"
"LINESTRING (-0.149551 51.477619,-0.08974 51.500823", "From Queen's Circus, Battersea Park to Empire Square, The Borough"
"LINESTRING (-0.063471 51.497995,-0.08974 51.500823", "From Bermondsey Station, Bermondsey to Empire Square, The Borough"
"LINESTRING (-0.122219 51.51477,-0.08974 51.500823", "From Drury Lane, Covent Garden to Empire Square, The Borough"
"LINESTRING (-0.148105 51.514759,-0.08974 51.500823", "From Marylebone Lane, Marylebone to Empire Square, The Borough"
"LINESTRING (-0.110121 51.488105,-0.08974 51.500823", "From Cleaver Street, Kennington to Empire Square, The Borough"
"LINESTRING (-0.082422 51.516154,-0.08974 51.500823", "From Wormwood Street, Liverpool Street to Empire Square, The Borough"
"LINESTRING (-0.099828 51.493146,-0.08974 51.500823", "From Strata, Elephant & Castle to Empire Square, The Borough"
"LINESTRING (-0.058641 51.515256,-0.08974 51.500823", "From Philpot Street, Whitechapel to Empire Square, The Borough"
"LINESTRING (-0.144132 51.493204,-0.08974 51.500823", "From Belgrave Road, Victoria to Empire Square, The Borough"
"LINESTRING (-0.09315 51.53356,-0.122492 51.486343", "From Eagle Wharf Road, Hoxton to Kennington Lane Rail Bridge, Vauxhall"
"LINESTRING (-0.110121 51.488105,-0.122492 51.486343", "From Cleaver Street, Kennington to Kennington Lane Rail Bridge, Vauxhall"
"LINESTRING (-0.117122 51.490994,-0.122492 51.486343", "From Black Prince Road, Vauxhall to Kennington Lane Rail Bridge, Vauxhall"
"LINESTRING (-0.164786 51.477292,-0.122492 51.486343", "From Ethelburga Estate, Battersea Park to Kennington Lane Rail Bridge, Vauxhall"
"LINESTRING (-0.146544 51.468669,-0.122492 51.486343", "From Heath Road, Battersea to Kennington Lane Rail Bridge, Vauxhall"
"LINESTRING (-0.099994 51.522853,-0.122492 51.486343", "From Berry Street, Clerkenwell to Kennington Lane Rail Bridge, Vauxhall"
"LINESTRING (-0.117122 51.490994,-0.122492 51.486343", "From Black Prince Road, Vauxhall to Kennington Lane Rail Bridge, Vauxhall"
"LINESTRING (-0.141923 51.489856,-0.122492 51.486343", "From Warwick Square, Pimlico to Kennington Lane Rail Bridge, Vauxhall"
"LINESTRING (-0.091938 51.492807,-0.122492 51.486343", "From Victory Place, Walworth to Kennington Lane Rail Bridge, Vauxhall"
"LINESTRING (-0.110683 51.484788,-0.122492 51.486343", "From Kennington Road Post Office, Oval to Kennington Lane Rail Bridge, Vauxhall"
"LINESTRING (-0.126994 51.470732,-0.122492 51.486343", "From Clarence Walk, Stockwell to Kennington Lane Rail Bridge, Vauxhall"
"LINESTRING (-0.110121 51.488105,-0.122492 51.486343", "From Cleaver Street, Kennington to Kennington Lane Rail Bridge, Vauxhall"
"LINESTRING (-0.09022 51.491484,-0.122492 51.486343", "From Rodney Road , Walworth to Kennington Lane Rail Bridge, Vauxhall"
"LINESTRING (-0.119643 51.511756,-0.122492 51.486343", "From Wellington Street , Strand to Kennington Lane Rail Bridge, Vauxhall"
"LINESTRING (-0.178433 51.492479,-0.122492 51.486343", "From Queen's Gate (South), South Kensington to Kennington Lane Rail Bridge, Vauxhall"
"LINESTRING (-0.099828 51.493146,-0.122492 51.486343", "From Strata, Elephant & Castle to Kennington Lane Rail Bridge, Vauxhall"
"LINESTRING (-0.106323 51.490757,-0.122492 51.486343", "From Cotton Garden Estate, Kennington to Kennington Lane Rail Bridge, Vauxhall"
"LINESTRING (-0.110121 51.488105,-0.122492 51.486343", "From Cleaver Street, Kennington to Kennington Lane Rail Bridge, Vauxhall"
"LINESTRING (-0.110121 51.488105,-0.122492 51.486343", "From Cleaver Street, Kennington to Kennington Lane Rail Bridge, Vauxhall"
"LINESTRING (-0.151296 51.50923,-0.122492 51.486343", "From South Audley Street, Mayfair to Kennington Lane Rail Bridge, Vauxhall"
"LINESTRING (-0.206029 51.49087,-0.122492 51.486343", "From West Kensington Station, West Kensington to Kennington Lane Rail Bridge, Vauxhall"
"LINESTRING (-0.09294 51.511553,-0.122492 51.486343", "From Queen Street 1, Bank to Kennington Lane Rail Bridge, Vauxhall"
"LINESTRING (-0.18119 51.485587,-0.122492 51.486343", "From Limerston Street, West Chelsea to Kennington Lane Rail Bridge, Vauxhall"
"LINESTRING (-0.12335 51.51746,-0.122492 51.486343", "From Bury Place, Holborn to Kennington Lane Rail Bridge, Vauxhall"
"LINESTRING (-0.124749 51.509462,-0.122492 51.486343", "From William IV Street, Strand to Kennington Lane Rail Bridge, Vauxhall"
"LINESTRING (-0.195197 51.454752,-0.122492 51.486343", "From Neville Gill Close, Wandsworth to Kennington Lane Rail Bridge, Vauxhall"
"LINESTRING (-0.116493 51.477839,-0.122492 51.486343", "From Caldwell Street, Stockwell to Kennington Lane Rail Bridge, Vauxhall"
"LINESTRING (-0.119643 51.511756,-0.122492 51.486343", "From Wellington Street , Strand to Kennington Lane Rail Bridge, Vauxhall"
"LINESTRING (-0.146544 51.468669,-0.122492 51.486343", "From Heath Road, Battersea to Kennington Lane Rail Bridge, Vauxhall"
"LINESTRING (-0.133972 51.472993,-0.122492 51.486343", "From Union Grove, Wandsworth Road to Kennington Lane Rail Bridge, Vauxhall"
"LINESTRING (-0.116625 51.486965,-0.122492 51.486343", "From Vauxhall Street, Vauxhall to Kennington Lane Rail Bridge, Vauxhall"
"LINESTRING (-0.082422 51.516154,-0.122492 51.486343", "From Wormwood Street, Liverpool Street to Kennington Lane Rail Bridge, Vauxhall"
"LINESTRING (-0.131213 51.513103,-0.122492 51.486343", "From Frith Street, Soho to Kennington Lane Rail Bridge, Vauxhall"
"LINESTRING (-0.124749 51.509462,-0.122492 51.486343", "From William IV Street, Strand to Kennington Lane Rail Bridge, Vauxhall"
"LINESTRING (-0.117122 51.490994,-0.122492 51.486343", "From Black Prince Road, Vauxhall to Kennington Lane Rail Bridge, Vauxhall"
"LINESTRING (-0.123179 51.506543,-0.122492 51.486343", "From Whitehall Place, Strand to Kennington Lane Rail Bridge, Vauxhall"
"LINESTRING (-0.11258 51.473874,-0.122492 51.486343", "From Normandy Road, Stockwell to Kennington Lane Rail Bridge, Vauxhall"
"LINESTRING (-0.127554 51.493978,-0.122492 51.486343", "From Page Street, Westminster to Kennington Lane Rail Bridge, Vauxhall"
"LINESTRING (-0.122203 51.534474,-0.122492 51.486343", "From Crinan Street, King's Cross to Kennington Lane Rail Bridge, Vauxhall"
"LINESTRING (-0.122806 51.490435,-0.122492 51.486343", "From Albert Embankment, Vauxhall to Kennington Lane Rail Bridge, Vauxhall"
"LINESTRING (-0.152248 51.467185,-0.122492 51.486343", "From Ashley Crescent, Battersea to Kennington Lane Rail Bridge, Vauxhall"
"LINESTRING (-0.18377 51.5171,-0.122492 51.486343", "From Bishop's Bridge Road East, Bayswater to Kennington Lane Rail Bridge, Vauxhall"
"LINESTRING (-0.122806 51.490435,-0.122492 51.486343", "From Albert Embankment, Vauxhall to Kennington Lane Rail Bridge, Vauxhall"
"LINESTRING (-0.194116 51.479932,-0.122492 51.486343", "From Fulham Broadway, Walham Green to Kennington Lane Rail Bridge, Vauxhall"
"LINESTRING (-0.09885 51.515418,-0.122492 51.486343", "From Newgate Street , St. Paul's to Kennington Lane Rail Bridge, Vauxhall"
"LINESTRING (-0.132224 51.49206,-0.122492 51.486343", "From Regency Street, Westminster to Kennington Lane Rail Bridge, Vauxhall"
"LINESTRING (-0.129925 51.493072,-0.122492 51.486343", "From Vincent Street, Pimlico to Kennington Lane Rail Bridge, Vauxhall"
"LINESTRING (-0.117122 51.490994,-0.122492 51.486343", "From Black Prince Road, Vauxhall to Kennington Lane Rail Bridge, Vauxhall"
"LINESTRING (-0.14296 51.497998,-0.122492 51.486343", "From Warwick Row, Westminster to Kennington Lane Rail Bridge, Vauxhall"
"LINESTRING (-0.117495 51.498241,-0.122492 51.486343", "From Archbishop's Park, Waterloo to Kennington Lane Rail Bridge, Vauxhall"
"LINESTRING (-0.139221 51.461388,-0.122492 51.486343", "From Clapham Common Station, Clapham Common to Kennington Lane Rail Bridge, Vauxhall"
"LINESTRING (-0.155442 51.474376,-0.122492 51.486343", "From Austin Road, Battersea Park to Kennington Lane Rail Bridge, Vauxhall"
"LINESTRING (-0.132224 51.49206,-0.122492 51.486343", "From Regency Street, Westminster to Kennington Lane Rail Bridge, Vauxhall"
"LINESTRING (-0.156285 51.535836,-0.156285 51.535836", "From London Zoo,  The Regent's Park to London Zoo,  The Regent's Park"
"LINESTRING (-0.129386 51.534123,-0.156285 51.535836", "From Pancras Road, King's Cross to London Zoo,  The Regent's Park"
"LINESTRING (-0.155525 51.516204,-0.156285 51.535836", "From Portman Square, Marylebone to London Zoo,  The Regent's Park"
"LINESTRING (-0.173757 51.496471,-0.156285 51.535836", "From Exhibition Road Museums 1, South Kensington to London Zoo,  The Regent's Park"
"LINESTRING (-0.129386 51.534123,-0.156285 51.535836", "From Pancras Road, King's Cross to London Zoo,  The Regent's Park"
"LINESTRING (-0.167515 51.530529,-0.156285 51.535836", "From St. John's Wood Church, The Regent's Park to London Zoo,  The Regent's Park"
"LINESTRING (-0.174593 51.520205,-0.156285 51.535836", "From Paddington Green, Paddington to London Zoo,  The Regent's Park"
"LINESTRING (-0.129386 51.534123,-0.156285 51.535836", "From Pancras Road, King's Cross to London Zoo,  The Regent's Park"
"LINESTRING (-0.17219 51.526448,-0.156285 51.535836", "From Lisson Grove, St. John's Wood to London Zoo,  The Regent's Park"
"LINESTRING (-0.129386 51.534123,-0.156285 51.535836", "From Pancras Road, King's Cross to London Zoo,  The Regent's Park"
"LINESTRING (-0.129386 51.534123,-0.156285 51.535836", "From Pancras Road, King's Cross to London Zoo,  The Regent's Park"
"LINESTRING (-0.092762 51.500296,-0.110699 51.501444", "From Swan Street, The Borough to Baylis Road, Waterloo"
"LINESTRING (-0.04667 51.521889,-0.110699 51.501444", "From Stepney Green Station, Stepney to Baylis Road, Waterloo"
"LINESTRING (-0.115156 51.489479,-0.110699 51.501444", "From Sancroft Street, Vauxhall to Baylis Road, Waterloo"
"LINESTRING (-0.09315 51.53356,-0.110699 51.501444", "From Eagle Wharf Road, Hoxton to Baylis Road, Waterloo"
"LINESTRING (-0.102091 51.500693,-0.110699 51.501444", "From Webber Street , Southwark to Baylis Road, Waterloo"
"LINESTRING (-0.129925 51.493072,-0.110699 51.501444", "From Vincent Street, Pimlico to Baylis Road, Waterloo"
"LINESTRING (-0.104193 51.49605,-0.110699 51.501444", "From Gaywood  Street, Elephant & Castle to Baylis Road, Waterloo"
"LINESTRING (-0.115781 51.464019,-0.110699 51.501444", "From Ferndale Road, Brixton to Baylis Road, Waterloo"
"LINESTRING (-0.06415 51.51295,-0.110699 51.501444", "From Christian Street, Whitechapel to Baylis Road, Waterloo"
"LINESTRING (-0.158456 51.502953,-0.110699 51.501444", "From Albert Gate, Hyde Park to Baylis Road, Waterloo"
"LINESTRING (-0.042744 51.530326,-0.110699 51.501444", "From Twig Folly Bridge, Mile End to Baylis Road, Waterloo"
"LINESTRING (-0.091773 51.504627,-0.110699 51.501444", "From Hop Exchange, The Borough to Baylis Road, Waterloo"
"LINESTRING (-0.195455 51.500401,-0.110699 51.501444", "From Argyll Road, Kensington to Baylis Road, Waterloo"
"LINESTRING (-0.073955 51.526293,-0.110699 51.501444", "From Palissy Street, Shoreditch to Baylis Road, Waterloo"
"LINESTRING (-0.171681 51.522892,-0.110699 51.501444", "From Penfold Street, Marylebone to Baylis Road, Waterloo"
"LINESTRING (-0.100292 51.501732,-0.110699 51.501444", "From Great Suffolk Street, The Borough to Baylis Road, Waterloo"
"LINESTRING (-0.073537 51.514233,-0.110699 51.501444", "From Braham Street, Aldgate to Baylis Road, Waterloo"
"LINESTRING (-0.102091 51.500693,-0.110699 51.501444", "From Webber Street , Southwark to Baylis Road, Waterloo"
"LINESTRING (-0.112686 51.469217,-0.110699 51.501444", "From Wynne Road, Stockwell to Baylis Road, Waterloo"
"LINESTRING (-0.158105 51.494645,-0.110699 51.501444", "From Cadogan Place, Knightsbridge to Baylis Road, Waterloo"
"LINESTRING (-0.123616 51.529943,-0.110699 51.501444", "From Belgrove Street , King's Cross to Baylis Road, Waterloo"
"LINESTRING (-0.119047 51.509631,-0.110699 51.501444", "From Embankment (Savoy), Strand to Baylis Road, Waterloo"
"LINESTRING (-0.10454 51.505461,-0.110699 51.501444", "From Blackfriars Road, Southwark to Baylis Road, Waterloo"
"LINESTRING (-0.116628 51.500089,-0.110699 51.501444", "From Lambeth Palace Road, Waterloo to Baylis Road, Waterloo"
"LINESTRING (-0.113134 51.483145,-0.110699 51.501444", "From Kennington Oval, Oval to Baylis Road, Waterloo"
"LINESTRING (-0.106237 51.507244,-0.110699 51.501444", "From Milroy Walk, South Bank to Baylis Road, Waterloo"
"LINESTRING (-0.112031 51.49914,-0.110699 51.501444", "From Lambeth North Station, Waterloo to Baylis Road, Waterloo"
"LINESTRING (-0.0786 51.500647,-0.110699 51.501444", "From Tanner Street, Bermondsey to Baylis Road, Waterloo"
"LINESTRING (-0.119643 51.511756,-0.110699 51.501444", "From Wellington Street , Strand to Baylis Road, Waterloo"
"LINESTRING (-0.113936 51.500139,-0.110699 51.501444", "From Lower Marsh, Waterloo to Baylis Road, Waterloo"
"LINESTRING (-0.138019 51.524438,-0.110699 51.501444", "From Warren Street Station, Euston to Baylis Road, Waterloo"
"LINESTRING (-0.116625 51.486965,-0.110699 51.501444", "From Vauxhall Street, Vauxhall to Baylis Road, Waterloo"
"LINESTRING (-0.110889 51.495718,-0.110699 51.501444", "From Kennington Road  , Vauxhall to Baylis Road, Waterloo"
"LINESTRING (-0.123616 51.529943,-0.110699 51.501444", "From Belgrove Street , King's Cross to Baylis Road, Waterloo"
"LINESTRING (-0.114934 51.49288,-0.110699 51.501444", "From Lollard Street, Vauxhall to Baylis Road, Waterloo"
"LINESTRING (-0.111014 51.493686,-0.110699 51.501444", "From Walnut Tree Walk, Vauxhall to Baylis Road, Waterloo"
"LINESTRING (-0.077121 51.511594,-0.110699 51.501444", "From Crosswall, Tower to Baylis Road, Waterloo"
"LINESTRING (-0.179135 51.516417,-0.110699 51.501444", "From Eastbourne Mews, Paddington to Baylis Road, Waterloo"
"LINESTRING (-0.110889 51.495718,-0.110699 51.501444", "From Kennington Road  , Vauxhall to Baylis Road, Waterloo"
"LINESTRING (-0.08066 51.514225,-0.110699 51.501444", "From St. Mary Axe, Aldgate to Baylis Road, Waterloo"
"LINESTRING (-0.083159 51.500889,-0.110699 51.501444", "From Tyers Gate, Bermondsey to Baylis Road, Waterloo"
"LINESTRING (-0.108657 51.51795,-0.110699 51.501444", "From Holborn Circus, Holborn to Baylis Road, Waterloo"
"LINESTRING (-0.104193 51.49605,-0.110699 51.501444", "From Gaywood  Street, Elephant & Castle to Baylis Road, Waterloo"
"LINESTRING (-0.111471 51.479601,-0.110699 51.501444", "From Cranmer Road, Stockwell to Baylis Road, Waterloo"
"LINESTRING (-0.083493 51.520955,-0.110699 51.501444", "From Pindar Street, Liverpool Street to Baylis Road, Waterloo"
"LINESTRING (-0.142943 51.496863,-0.110699 51.501444", "From Allington Street, Victoria to Baylis Road, Waterloo"
"LINESTRING (-0.111435 51.48894,-0.110699 51.501444", "From Kennington Cross, Kennington to Baylis Road, Waterloo"
"LINESTRING (-0.100292 51.501732,-0.110699 51.501444", "From Great Suffolk Street, The Borough to Baylis Road, Waterloo"
"LINESTRING (-0.092762 51.500296,-0.110699 51.501444", "From Swan Street, The Borough to Baylis Road, Waterloo"
"LINESTRING (-0.110699 51.501444,-0.110699 51.501444", "From Baylis Road, Waterloo to Baylis Road, Waterloo"
"LINESTRING (-0.100292 51.501732,-0.110699 51.501444", "From Great Suffolk Street, The Borough to Baylis Road, Waterloo"
"LINESTRING (-0.146544 51.468669,-0.110699 51.501444", "From Heath Road, Battersea to Baylis Road, Waterloo"
"LINESTRING (-0.11258 51.473874,-0.110699 51.501444", "From Normandy Road, Stockwell to Baylis Road, Waterloo"
"LINESTRING (-0.179369 51.487196,-0.110699 51.501444", "From Drayton Gardens, West Chelsea to Baylis Road, Waterloo"
"LINESTRING (-0.187427 51.460864,-0.110699 51.501444", "From Wandsworth Town Station, Wandsworth to Baylis Road, Waterloo"
"LINESTRING (-0.083493 51.520955,-0.110699 51.501444", "From Pindar Street, Liverpool Street to Baylis Road, Waterloo"
"LINESTRING (-0.110699 51.501444,-0.110699 51.501444", "From Baylis Road, Waterloo to Baylis Road, Waterloo"
"LINESTRING (-0.111471 51.479601,-0.110699 51.501444", "From Cranmer Road, Stockwell to Baylis Road, Waterloo"
"LINESTRING (-0.113936 51.500139,-0.110699 51.501444", "From Lower Marsh, Waterloo to Baylis Road, Waterloo"
"LINESTRING (-0.111435 51.48894,-0.110699 51.501444", "From Kennington Cross, Kennington to Baylis Road, Waterloo"
"LINESTRING (-0.06415 51.51295,-0.110699 51.501444", "From Christian Street, Whitechapel to Baylis Road, Waterloo"
"LINESTRING (-0.09294 51.511553,-0.110699 51.501444", "From Queen Street 1, Bank to Baylis Road, Waterloo"
"LINESTRING (-0.112432 51.526599,-0.110699 51.501444", "From Margery Street, Clerkenwell to Baylis Road, Waterloo"
"LINESTRING (-0.115156 51.489479,-0.110699 51.501444", "From Sancroft Street, Vauxhall to Baylis Road, Waterloo"
"LINESTRING (-0.133201 51.512515,-0.110699 51.501444", "From Wardour Street, Soho to Baylis Road, Waterloo"
"LINESTRING (-0.114934 51.49288,-0.110699 51.501444", "From Lollard Street, Vauxhall to Baylis Road, Waterloo"
"LINESTRING (-0.120903 51.488124,-0.110699 51.501444", "From Vauxhall Walk, Vauxhall to Baylis Road, Waterloo"
"LINESTRING (-0.115156 51.489479,-0.110699 51.501444", "From Sancroft Street, Vauxhall to Baylis Road, Waterloo"
"LINESTRING (-0.114605 51.495656,-0.110699 51.501444", "From Sail Street, Vauxhall to Baylis Road, Waterloo"
"LINESTRING (-0.098031 51.505224,-0.110699 51.501444", "From Lavington Street, Bankside to Baylis Road, Waterloo"
"LINESTRING (-0.098031 51.505224,-0.110699 51.501444", "From Lavington Street, Bankside to Baylis Road, Waterloo"
"LINESTRING (-0.082989 51.510484,-0.110699 51.501444", "From Great Tower Street, Monument to Baylis Road, Waterloo"
"LINESTRING (-0.093903 51.530991,-0.110699 51.501444", "From Wenlock Road , Hoxton to Baylis Road, Waterloo"
"LINESTRING (-0.138212 51.481335,-0.110699 51.501444", "From Riverlight South, Nine Elms to Baylis Road, Waterloo"
"LINESTRING (-0.13151 51.509639,-0.110699 51.501444", "From Panton Street, West End to Baylis Road, Waterloo"
"LINESTRING (-0.130431 51.52168,-0.110699 51.501444", "From Malet Street, Bloomsbury to Baylis Road, Waterloo"
"LINESTRING (-0.114934 51.49288,-0.110699 51.501444", "From Lollard Street, Vauxhall to Baylis Road, Waterloo"
"LINESTRING (-0.130431 51.52168,-0.110699 51.501444", "From Malet Street, Bloomsbury to Baylis Road, Waterloo"
"LINESTRING (-0.129925 51.493072,-0.110699 51.501444", "From Vincent Street, Pimlico to Baylis Road, Waterloo"
"LINESTRING (-0.137043 51.511897,-0.114686 51.506133", "From Golden Square, Soho to Belvedere Road 1, South Bank"
"LINESTRING (-0.099981 51.532661,-0.114686 51.506133", "From Graham Street, Angel to Belvedere Road 1, South Bank"
"LINESTRING (-0.086685 51.517075,-0.114686 51.506133", "From Finsbury Circus, Liverpool Street to Belvedere Road 1, South Bank"
"LINESTRING (-0.075885 51.536585,-0.114686 51.506133", "From Dunston Road , Haggerston to Belvedere Road 1, South Bank"
"LINESTRING (-0.10527 51.515809,-0.114686 51.506133", "From Stonecutter Street, Holborn to Belvedere Road 1, South Bank"
"LINESTRING (-0.075855 51.517475,-0.114686 51.506133", "From Bell Lane, Liverpool Street to Belvedere Road 1, South Bank"
"LINESTRING (-0.126874 51.47787,-0.114686 51.506133", "From Hartington Road, Stockwell to Belvedere Road 1, South Bank"
"LINESTRING (-0.087587 51.514441,-0.114686 51.506133", "From Bank of England Museum, Bank to Belvedere Road 1, South Bank"
"LINESTRING (-0.068981 51.498585,-0.114686 51.506133", "From George Row, Bermondsey to Belvedere Road 1, South Bank"
"LINESTRING (-0.098807 51.506725,-0.114686 51.506133", "From Tate Modern, Bankside to Belvedere Road 1, South Bank"
"LINESTRING (-0.156876 51.49313,-0.114686 51.506133", "From Sedding Street, Sloane Square to Belvedere Road 1, South Bank"
"LINESTRING (-0.111778 51.515937,-0.114686 51.506133", "From Breams Buildings, Holborn to Belvedere Road 1, South Bank"
"LINESTRING (-0.129925 51.493072,-0.114686 51.506133", "From Vincent Street, Pimlico to Belvedere Road 1, South Bank"
"LINESTRING (-0.087459 51.528673,-0.114686 51.506133", "From East Road, Hoxton to Belvedere Road 1, South Bank"
"LINESTRING (-0.081608 51.497855,-0.114686 51.506133", "From Bermondsey Street, Bermondsey to Belvedere Road 1, South Bank"
"LINESTRING (-0.133201 51.512515,-0.114686 51.506133", "From Wardour Street, Soho to Belvedere Road 1, South Bank"
"LINESTRING (-0.098031 51.505224,-0.114686 51.506133", "From Lavington Street, Bankside to Belvedere Road 1, South Bank"
"LINESTRING (-0.099981 51.532661,-0.114686 51.506133", "From Graham Street, Angel to Belvedere Road 1, South Bank"
"LINESTRING (-0.118272 51.516277,-0.114686 51.506133", "From Lincoln's Inn Fields, Holborn to Belvedere Road 1, South Bank"
"LINESTRING (-0.09885 51.515418,-0.114686 51.506133", "From Newgate Street , St. Paul's to Belvedere Road 1, South Bank"
"LINESTRING (-0.142345 51.510662,-0.114686 51.506133", "From Clifford Street, Mayfair to Belvedere Road 1, South Bank"
"LINESTRING (-0.098807 51.506725,-0.114686 51.506133", "From Tate Modern, Bankside to Belvedere Road 1, South Bank"
"LINESTRING (-0.127575 51.495805,-0.114686 51.506133", "From Smith Square, Westminster to Belvedere Road 1, South Bank"
"LINESTRING (-0.135777 51.51953,-0.114686 51.506133", "From Charlotte Street, Fitzrovia to Belvedere Road 1, South Bank"
"LINESTRING (-0.138364 51.492111,-0.114686 51.506133", "From Tachbrook Street, Victoria to Belvedere Road 1, South Bank"
"LINESTRING (-0.077178 51.514449,-0.114686 51.506133", "From Houndsditch, Aldgate to Belvedere Road 1, South Bank"
"LINESTRING (-0.098807 51.506725,-0.114686 51.506133", "From Tate Modern, Bankside to Belvedere Road 1, South Bank"
"LINESTRING (-0.125441 51.541596,-0.114686 51.506133", "From York Way, Kings Cross to Belvedere Road 1, South Bank"
"LINESTRING (-0.106823 51.508033,-0.114686 51.506133", "From Sea Containers, South Bank to Belvedere Road 1, South Bank"
"LINESTRING (-0.093903 51.530991,-0.114686 51.506133", "From Wenlock Road , Hoxton to Belvedere Road 1, South Bank"
"LINESTRING (-0.093885 51.517008,-0.114686 51.506133", "From Wood Street, Guildhall to Belvedere Road 1, South Bank"
"LINESTRING (-0.118272 51.516277,-0.114686 51.506133", "From Lincoln's Inn Fields, Holborn to Belvedere Road 1, South Bank"
"LINESTRING (-0.195455 51.500401,-0.205284 51.496712", "From Argyll Road, Kensington to Warwick Road, Olympia"
"LINESTRING (-0.191933 51.495866,-0.205284 51.496712", "From Lexham Gardens, Kensington to Warwick Road, Olympia"
"LINESTRING (-0.21985 51.493267,-0.205284 51.496712", "From Hammersmith Road, Hammersmith to Warwick Road, Olympia"
"LINESTRING (-0.21985 51.493267,-0.205284 51.496712", "From Hammersmith Road, Hammersmith to Warwick Road, Olympia"
"LINESTRING (-0.17306 51.505014,-0.205284 51.496712", "From Serpentine Car Park, Hyde Park to Warwick Road, Olympia"
"LINESTRING (-0.121723 51.510701,-0.205284 51.496712", "From Southampton Street, Strand to Warwick Road, Olympia"
"LINESTRING (-0.215618 51.464786,-0.205284 51.496712", "From Felsham Road, Putney to Warwick Road, Olympia"
"LINESTRING (-0.218337 51.506256,-0.205284 51.496712", "From Westfield Southern Terrace ,Shepherd's Bush to Warwick Road, Olympia"
"LINESTRING (-0.192369 51.491593,-0.205284 51.496712", "From Penywern Road, Earl's Court to Warwick Road, Olympia"
"LINESTRING (-0.202038 51.48357,-0.205284 51.496712", "From Coomer Place, West Kensington to Warwick Road, Olympia"
"LINESTRING (-0.193068 51.500397,-0.205284 51.496712", "From Wright's Lane, Kensington to Warwick Road, Olympia"
"LINESTRING (-0.228188 51.494499,-0.205284 51.496712", "From Southerton Road, Hammersmith to Warwick Road, Olympia"
"LINESTRING (-0.211316 51.500088,-0.205284 51.496712", "From Russell Gardens, Olympia to Warwick Road, Olympia"
"LINESTRING (-0.190603 51.493631,-0.205284 51.496712", "From Knaresborough Place, Earl's Court to Warwick Road, Olympia"
"LINESTRING (-0.208486 51.506465,-0.205284 51.496712", "From Princedale Road , Holland Park to Warwick Road, Olympia"
"LINESTRING (-0.19617 51.490853,-0.205284 51.496712", "From Trebovir Road, Earl's Court to Warwick Road, Olympia"
"LINESTRING (-0.19096 51.51244,-0.205284 51.496712", "From Ilchester Gardens, Bayswater to Warwick Road, Olympia"
"LINESTRING (-0.229116 51.492084,-0.205284 51.496712", "From Bridge Avenue, Hammersmith to Warwick Road, Olympia"
"LINESTRING (-0.174347 51.476964,-0.205284 51.496712", "From Battersea Church Road, Battersea to Warwick Road, Olympia"
"LINESTRING (-0.2174 51.504038,-0.205284 51.496712", "From Woodstock Grove, Shepherd's Bush to Warwick Road, Olympia"
"LINESTRING (-0.191462 51.501364,-0.205284 51.496712", "From Derry Street, Kensington to Warwick Road, Olympia"
"LINESTRING (-0.216016 51.509224,-0.205284 51.496712", "From Rifle Place, Avondale to Warwick Road, Olympia"
"LINESTRING (-0.229116 51.492084,-0.205284 51.496712", "From Bridge Avenue, Hammersmith to Warwick Road, Olympia"
"LINESTRING (-0.162298 51.522511,-0.205284 51.496712", "From Boston Place, Marylebone to Warwick Road, Olympia"
"LINESTRING (-0.208888 51.5212,-0.205284 51.496712", "From Bevington Road West, North Kensington to Warwick Road, Olympia"
"LINESTRING (-0.129386 51.534123,-0.205284 51.496712", "From Pancras Road, King's Cross to Warwick Road, Olympia"
"LINESTRING (-0.2174 51.504038,-0.205284 51.496712", "From Woodstock Grove, Shepherd's Bush to Warwick Road, Olympia"
"LINESTRING (-0.214762 51.5129,-0.205284 51.496712", "From Grenfell Road, Avondale to Warwick Road, Olympia"
"LINESTRING (-0.157183 51.52026,-0.205284 51.496712", "From Crawford Street, Marylebone to Warwick Road, Olympia"
"LINESTRING (-0.09294 51.51397,-0.205284 51.496712", "From Cheapside, Bank to Warwick Road, Olympia"
"LINESTRING (-0.19617 51.490853,-0.205284 51.496712", "From Trebovir Road, Earl's Court to Warwick Road, Olympia"
"LINESTRING (-0.142844 51.506613,-0.205284 51.496712", "From Green Park Station, Mayfair to Warwick Road, Olympia"
"LINESTRING (-0.193764 51.508605,-0.205284 51.496712", "From Palace Gardens Terrace, Notting Hill to Warwick Road, Olympia"
"LINESTRING (-0.157183 51.52026,-0.205284 51.496712", "From Crawford Street, Marylebone to Warwick Road, Olympia"
"LINESTRING (-0.159169 51.475153,-0.205284 51.496712", "From Prince of Wales Drive, Battersea Park to Warwick Road, Olympia"
"LINESTRING (-0.199004 51.506584,-0.205284 51.496712", "From Campden Hill Road, Notting Hill to Warwick Road, Olympia"
"LINESTRING (-0.211593 51.51323,-0.205284 51.496712", "From Clarendon Road, Avondale to Warwick Road, Olympia"
"LINESTRING (-0.191351 51.513489,-0.205284 51.496712", "From Princes Square, Bayswater to Warwick Road, Olympia"
"LINESTRING (-0.217515 51.500353,-0.205284 51.496712", "From Richmond Way, Shepherd's Bush to Warwick Road, Olympia"
"LINESTRING (-0.138846 51.510048,-0.205284 51.496712", "From Sackville Street, Mayfair to Warwick Road, Olympia"
"LINESTRING (-0.191462 51.501364,-0.205284 51.496712", "From Derry Street, Kensington to Warwick Road, Olympia"
"LINESTRING (-0.19617 51.490853,-0.205284 51.496712", "From Trebovir Road, Earl's Court to Warwick Road, Olympia"
"LINESTRING (-0.111014 51.493686,-0.205284 51.496712", "From Walnut Tree Walk, Vauxhall to Warwick Road, Olympia"
"LINESTRING (-0.204815 51.484386,-0.205284 51.496712", "From Normand Park, West Kensington to Warwick Road, Olympia"
"LINESTRING (-0.2174 51.504038,-0.205284 51.496712", "From Woodstock Grove, Shepherd's Bush to Warwick Road, Olympia"
"LINESTRING (-0.208485 51.478939,-0.205284 51.496712", "From St. Peter's Terrace, Fulham to Warwick Road, Olympia"
"LINESTRING (-0.187402 51.51031,-0.205284 51.496712", "From Queensway, Kensington Gardens to Warwick Road, Olympia"
"LINESTRING (-0.194392 51.501945,-0.205284 51.496712", "From Kensington Town Hall, Kensington to Warwick Road, Olympia"
"LINESTRING (-0.194757 51.493343,-0.205284 51.496712", "From Nevern Place, Earl's Court to Warwick Road, Olympia"
"LINESTRING (-0.187842 51.509908,-0.205284 51.496712", "From Black Lion Gate, Kensington Gardens to Warwick Road, Olympia"
"LINESTRING (-0.202038 51.48357,-0.205284 51.496712", "From Coomer Place, West Kensington to Warwick Road, Olympia"
"LINESTRING (-0.130458 51.494816,-0.205284 51.496712", "From Horseferry Road, Westminster to Warwick Road, Olympia"
"LINESTRING (-0.083067 51.523196,-0.092176 51.520044", "From Clifton Street, Shoreditch to Barbican Centre, Barbican"
"LINESTRING (-0.075578 51.52127,-0.092176 51.520044", "From Commercial Street, Shoreditch to Barbican Centre, Barbican"
"LINESTRING (-0.113426 51.503919,-0.092176 51.520044", "From Waterloo Station 2, Waterloo to Barbican Centre, Barbican"
"LINESTRING (-0.107987 51.517428,-0.092176 51.520044", "From New Fetter Lane, Holborn to Barbican Centre, Barbican"
"LINESTRING (-0.082989 51.510484,-0.092176 51.520044", "From Great Tower Street, Monument to Barbican Centre, Barbican"
"LINESTRING (-0.09294 51.511553,-0.092176 51.520044", "From Queen Street 1, Bank to Barbican Centre, Barbican"
"LINESTRING (-0.057133 51.527607,-0.092176 51.520044", "From Hollybush Gardens, Bethnal Green to Barbican Centre, Barbican"
"LINESTRING (-0.079201 51.537277,-0.092176 51.520044", "From Hertford Road, De Beauvoir Town to Barbican Centre, Barbican"
"LINESTRING (-0.121328 51.517606,-0.092176 51.520044", "From Southampton Place, Holborn to Barbican Centre, Barbican"
"LINESTRING (-0.114079 51.522264,-0.092176 51.520044", "From Northington Street , Holborn to Barbican Centre, Barbican"
"LINESTRING (-0.082989 51.510484,-0.092176 51.520044", "From Great Tower Street, Monument to Barbican Centre, Barbican"
"LINESTRING (-0.079201 51.537277,-0.092176 51.520044", "From Hertford Road, De Beauvoir Town to Barbican Centre, Barbican"
"LINESTRING (-0.076793 51.513406,-0.092176 51.520044", "From Jewry Street, Aldgate to Barbican Centre, Barbican"
"LINESTRING (-0.138019 51.524438,-0.092176 51.520044", "From Warren Street Station, Euston to Barbican Centre, Barbican"
"LINESTRING (-0.126874 51.47787,-0.092176 51.520044", "From Hartington Road, Stockwell to Barbican Centre, Barbican"
"LINESTRING (-0.106323 51.490757,-0.092176 51.520044", "From Cotton Garden Estate, Kennington to Barbican Centre, Barbican"
"LINESTRING (-0.065076 51.52388,-0.092176 51.520044", "From Cheshire Street, Bethnal Green to Barbican Centre, Barbican"
"LINESTRING (-0.069743 51.528222,-0.092176 51.520044", "From Wellington Row, Bethnal Green to Barbican Centre, Barbican"
"LINESTRING (-0.0985 51.51601,-0.092176 51.520044", "From King Edward Street, St Pauls to Barbican Centre, Barbican"
"LINESTRING (-0.069743 51.528222,-0.092176 51.520044", "From Wellington Row, Bethnal Green to Barbican Centre, Barbican"
"LINESTRING (-0.09294 51.51397,-0.092176 51.520044", "From Cheapside, Bank to Barbican Centre, Barbican"
"LINESTRING (-0.079249 51.518908,-0.092176 51.520044", "From Brushfield Street, Liverpool Street to Barbican Centre, Barbican"
"LINESTRING (-0.082422 51.516154,-0.092176 51.520044", "From Wormwood Street, Liverpool Street to Barbican Centre, Barbican"
"LINESTRING (-0.091773 51.504627,-0.092176 51.520044", "From Hop Exchange, The Borough to Barbican Centre, Barbican"
"LINESTRING (-0.084439 51.524696,-0.092176 51.520044", "From Leonard Circus , Shoreditch to Barbican Centre, Barbican"
"LINESTRING (-0.116279 51.524564,-0.092176 51.520044", "From Wren Street, Holborn to Barbican Centre, Barbican"
"LINESTRING (-0.079249 51.518908,-0.092176 51.520044", "From Brushfield Street, Liverpool Street to Barbican Centre, Barbican"
"LINESTRING (-0.101026 51.528246,-0.092176 51.520044", "From Goswell Road (City Uni), Finsbury to Barbican Centre, Barbican"
"LINESTRING (-0.09315 51.53356,-0.092176 51.520044", "From Eagle Wharf Road, Hoxton to Barbican Centre, Barbican"
"LINESTRING (-0.054162 51.536424,-0.092176 51.520044", "From Victoria Park Road, Hackney Central to Barbican Centre, Barbican"
"LINESTRING (-0.101536 51.49217,-0.092176 51.520044", "From Hampton Street, Walworth to Barbican Centre, Barbican"
"LINESTRING (-0.149186 51.490491,-0.092176 51.520044", "From Ebury Bridge, Pimlico to Barbican Centre, Barbican"
"LINESTRING (-0.009001 51.487129,-0.084985 51.509301", "From Saunders Ness Road, Cubitt Town to Lower Thames Street, Monument"
"LINESTRING (-0.097122 51.529423,-0.084985 51.509301", "From Macclesfield Rd, St Lukes to Lower Thames Street, Monument"
"LINESTRING (-0.09294 51.51397,-0.084985 51.509301", "From Cheapside, Bank to Lower Thames Street, Monument"
"LINESTRING (-0.068161 51.509786,-0.084985 51.509301", "From Dock Street, Wapping to Lower Thames Street, Monument"
"LINESTRING (-0.19024 51.515529,-0.084985 51.509301", "From Westbourne Grove, Bayswater to Lower Thames Street, Monument"
"LINESTRING (-0.10454 51.505461,-0.084985 51.509301", "From Blackfriars Road, Southwark to Lower Thames Street, Monument"
"LINESTRING (-0.179135 51.516417,-0.084985 51.509301", "From Eastbourne Mews, Paddington to Lower Thames Street, Monument"
"LINESTRING (-0.009001 51.487129,-0.084985 51.509301", "From Saunders Ness Road, Cubitt Town to Lower Thames Street, Monument"
"LINESTRING (-0.073438 51.51838,-0.084985 51.509301", "From Fashion Street, Whitechapel to Lower Thames Street, Monument"
"LINESTRING (-0.069542 51.512363,-0.084985 51.509301", "From Leman Street, Aldgate to Lower Thames Street, Monument"
"LINESTRING (-0.19024 51.515529,-0.084985 51.509301", "From Westbourne Grove, Bayswater to Lower Thames Street, Monument"
"LINESTRING (-0.026262 51.536039,-0.084985 51.509301", "From Wendon Street, Old Ford to Lower Thames Street, Monument"
"LINESTRING (-0.124642 51.481747,-0.084985 51.509301", "From South Lambeth Road, Vauxhall to Lower Thames Street, Monument"
"LINESTRING (-0.19024 51.515529,-0.084985 51.509301", "From Westbourne Grove, Bayswater to Lower Thames Street, Monument"
"LINESTRING (-0.112824 51.503791,-0.084985 51.509301", "From Waterloo Station 3, Waterloo to Lower Thames Street, Monument"
"LINESTRING (-0.087262 51.506304,-0.084985 51.509301", "From Duke Street Hill, London Bridge to Lower Thames Street, Monument"
"LINESTRING (-0.15785 51.471095,-0.084985 51.509301", "From Culvert Road, Battersea to Lower Thames Street, Monument"
"LINESTRING (-0.091938 51.492807,-0.084985 51.509301", "From Victory Place, Walworth to Lower Thames Street, Monument"
"LINESTRING (-0.09294 51.51397,-0.084985 51.509301", "From Cheapside, Bank to Lower Thames Street, Monument"
"LINESTRING (-0.157275 51.510017,-0.084985 51.509301", "From Park Lane , Hyde Park to Lower Thames Street, Monument"
"LINESTRING (-0.073438 51.51838,-0.084985 51.509301", "From Fashion Street, Whitechapel to Lower Thames Street, Monument"
"LINESTRING (-0.058681 51.506946,-0.084985 51.509301", "From Reardon Street, Wapping to Lower Thames Street, Monument"
"LINESTRING (-0.009001 51.487129,-0.084985 51.509301", "From Saunders Ness Road, Cubitt Town to Lower Thames Street, Monument"
"LINESTRING (-0.096518 51.491327,-0.084985 51.509301", "From Walworth Square, Walworth to Lower Thames Street, Monument"
"LINESTRING (-0.027581 51.526578,-0.084985 51.509301", "From Merchant Street, Bow to Lower Thames Street, Monument"
"LINESTRING (-0.19024 51.515529,-0.084985 51.509301", "From Westbourne Grove, Bayswater to Lower Thames Street, Monument"
"LINESTRING (-0.009001 51.487129,-0.084985 51.509301", "From Saunders Ness Road, Cubitt Town to Lower Thames Street, Monument"
"LINESTRING (-0.149569 51.50274,-0.191496 51.503157", "From Wellington Arch, Hyde Park to Kensington Church Street, Kensington"
"LINESTRING (-0.190393 51.490163,-0.191496 51.503157", "From Bramham Gardens, Earl's Court to Kensington Church Street, Kensington"
"LINESTRING (-0.217515 51.500353,-0.191496 51.503157", "From Richmond Way, Shepherd's Bush to Kensington Church Street, Kensington"
"LINESTRING (-0.191351 51.513489,-0.191496 51.503157", "From Princes Square, Bayswater to Kensington Church Street, Kensington"
"LINESTRING (-0.19096 51.51244,-0.191496 51.503157", "From Ilchester Gardens, Bayswater to Kensington Church Street, Kensington"
"LINESTRING (-0.10527 51.515809,-0.191496 51.503157", "From Stonecutter Street, Holborn to Kensington Church Street, Kensington"
"LINESTRING (-0.156166 51.518913,-0.191496 51.503157", "From Baker Street, Marylebone to Kensington Church Street, Kensington"
"LINESTRING (-0.142783 51.51196,-0.191496 51.503157", "From St. George Street, Mayfair to Kensington Church Street, Kensington"
"LINESTRING (-0.133201 51.512515,-0.191496 51.503157", "From Wardour Street, Soho to Kensington Church Street, Kensington"
"LINESTRING (-0.17524 51.48902,-0.191496 51.503157", "From South Parade, Chelsea to Kensington Church Street, Kensington"
"LINESTRING (-0.222293 51.501594,-0.191496 51.503157", "From Shepherd's Bush Road North, Shepherd's Bush to Kensington Church Street, Kensington"
"LINESTRING (-0.197574 51.499606,-0.191496 51.503157", "From Phillimore Gardens, Kensington to Kensington Church Street, Kensington"
"LINESTRING (-0.123179 51.506543,-0.191496 51.503157", "From Whitehall Place, Strand to Kensington Church Street, Kensington"
"LINESTRING (-0.15352 51.503117,-0.191496 51.503157", "From Hyde Park Corner, Hyde Park to Kensington Church Street, Kensington"
"LINESTRING (-0.202608 51.51632,-0.191496 51.503157", "From All Saints Church, Portobello to Kensington Church Street, Kensington"
"LINESTRING (-0.222293 51.501594,-0.191496 51.503157", "From Shepherd's Bush Road North, Shepherd's Bush to Kensington Church Street, Kensington"
"LINESTRING (-0.205991 51.501391,-0.191496 51.503157", "From Abbotsbury Road, Holland Park to Kensington Church Street, Kensington"
"LINESTRING (-0.15352 51.503117,-0.191496 51.503157", "From Hyde Park Corner, Hyde Park to Kensington Church Street, Kensington"
"LINESTRING (-0.198735 51.46067,-0.191496 51.503157", "From Osiers Road, Wandsworth to Kensington Church Street, Kensington"
"LINESTRING (-0.151926 51.516814,-0.191496 51.503157", "From Hinde Street, Marylebone to Kensington Church Street, Kensington"
"LINESTRING (-0.191351 51.513489,-0.191496 51.503157", "From Princes Square, Bayswater to Kensington Church Street, Kensington"
"LINESTRING (-0.202038 51.48357,-0.191496 51.503157", "From Coomer Place, West Kensington to Kensington Church Street, Kensington"
"LINESTRING (-0.197574 51.499606,-0.191496 51.503157", "From Phillimore Gardens, Kensington to Kensington Church Street, Kensington"
"LINESTRING (-0.193764 51.508605,-0.191496 51.503157", "From Palace Gardens Terrace, Notting Hill to Kensington Church Street, Kensington"
"LINESTRING (-0.187402 51.51031,-0.191496 51.503157", "From Queensway, Kensington Gardens to Kensington Church Street, Kensington"
"LINESTRING (-0.216104 51.50659,-0.191496 51.503157", "From Queensdale Road, Shepherd's Bush to Kensington Church Street, Kensington"
"LINESTRING (-0.196422 51.509353,-0.191496 51.503157", "From Notting Hill Gate Station, Notting Hill to Kensington Church Street, Kensington"
"LINESTRING (-0.170279 51.506451,-0.191496 51.503157", "From Triangle Car Park, Hyde Park to Kensington Church Street, Kensington"
"LINESTRING (-0.149569 51.50274,-0.191496 51.503157", "From Wellington Arch, Hyde Park to Kensington Church Street, Kensington"
"LINESTRING (-0.178656 51.501432,-0.191496 51.503157", "From Kensington Gore, Knightsbridge to Kensington Church Street, Kensington"
"LINESTRING (-0.196422 51.509353,-0.191496 51.503157", "From Notting Hill Gate Station, Notting Hill to Kensington Church Street, Kensington"
"LINESTRING (-0.18119 51.490945,-0.191496 51.503157", "From Old Brompton Road, South Kensington to Kensington Church Street, Kensington"
"LINESTRING (-0.193487 51.513735,-0.191496 51.503157", "From Hereford Road, Bayswater to Kensington Church Street, Kensington"
"LINESTRING (-0.096317 51.526008,-0.07962 51.503493", "From Finsbury Leisure Centre, St. Luke's to Tooley Street, Bermondsey"
"LINESTRING (-0.094475 51.521747,-0.07962 51.503493", "From Golden Lane, Barbican to Tooley Street, Bermondsey"
"LINESTRING (-0.162727 51.489932,-0.07962 51.503493", "From Royal Avenue 1, Chelsea to Tooley Street, Bermondsey"
"LINESTRING (-0.063471 51.497995,-0.07962 51.503493", "From Bermondsey Station, Bermondsey to Tooley Street, Bermondsey"
"LINESTRING (-0.116764 51.51362,-0.07962 51.503493", "From Houghton Street, Strand to Tooley Street, Bermondsey"
"LINESTRING (-0.090847 51.525893,-0.07962 51.503493", "From Bath Street, St. Luke's to Tooley Street, Bermondsey"
"LINESTRING (-0.138019 51.524438,-0.07962 51.503493", "From Warren Street Station, Euston to Tooley Street, Bermondsey"
"LINESTRING (-0.085814 51.495061,-0.07962 51.503493", "From Bricklayers Arms, Borough to Tooley Street, Bermondsey"
"LINESTRING (-0.132328 51.515631,-0.07962 51.503493", "From Soho Square , Soho to Tooley Street, Bermondsey"
"LINESTRING (-0.062697 51.518154,-0.07962 51.503493", "From New Road 1 , Whitechapel to Tooley Street, Bermondsey"
"LINESTRING (-0.04915 51.498439,-0.07962 51.503493", "From Canada Water Station, Rotherhithe to Tooley Street, Bermondsey"
"LINESTRING (-0.074754 51.523648,-0.07962 51.503493", "From Bethnal Green Road, Shoreditch to Tooley Street, Bermondsey"
"LINESTRING (-0.115851 51.505044,-0.07962 51.503493", "From Concert Hall Approach 1, South Bank to Tooley Street, Bermondsey"
"LINESTRING (-0.09022 51.491484,-0.07962 51.503493", "From Rodney Road , Walworth to Tooley Street, Bermondsey"
"LINESTRING (-0.058681 51.506946,-0.07962 51.503493", "From Reardon Street, Wapping to Tooley Street, Bermondsey"
"LINESTRING (-0.118256 51.47659,-0.07962 51.503493", "From Albert Square, Stockwell to Tooley Street, Bermondsey"
"LINESTRING (-0.063471 51.497995,-0.07962 51.503493", "From Bermondsey Station, Bermondsey to Tooley Street, Bermondsey"
"LINESTRING (-0.099994 51.522853,-0.07962 51.503493", "From Berry Street, Clerkenwell to Tooley Street, Bermondsey"
"LINESTRING (-0.025996 51.509303,-0.07962 51.503493", "From Westferry DLR, Limehouse to Tooley Street, Bermondsey"
"LINESTRING (-0.073537 51.514233,-0.07962 51.503493", "From Braham Street, Aldgate to Tooley Street, Bermondsey"
"LINESTRING (-0.025996 51.509303,-0.07962 51.503493", "From Westferry DLR, Limehouse to Tooley Street, Bermondsey"
"LINESTRING (-0.058681 51.506946,-0.07962 51.503493", "From Reardon Street, Wapping to Tooley Street, Bermondsey"
"LINESTRING (-0.055846 51.499169,-0.07962 51.503493", "From Rotherhithe Roundabout, Rotherhithe to Tooley Street, Bermondsey"
"LINESTRING (-0.112824 51.503791,-0.07962 51.503493", "From Waterloo Station 3, Waterloo to Tooley Street, Bermondsey"
"LINESTRING (-0.07962 51.503493,-0.07962 51.503493", "From Tooley Street, Bermondsey to Tooley Street, Bermondsey"
"LINESTRING (-0.13225 51.528833,-0.07962 51.503493", "From Doric Way , Somers Town to Tooley Street, Bermondsey"
"LINESTRING (-0.10834 51.52352,-0.07962 51.503493", "From Farringdon Lane, Clerkenwell to Tooley Street, Bermondsey"
"LINESTRING (-0.08497 51.50964,-0.07962 51.503493", "From Monument Street, Monument to Tooley Street, Bermondsey"
"LINESTRING (-0.069542 51.512363,-0.07962 51.503493", "From Leman Street, Aldgate to Tooley Street, Bermondsey"
"LINESTRING (-0.025996 51.509303,-0.07962 51.503493", "From Westferry DLR, Limehouse to Tooley Street, Bermondsey"
"LINESTRING (-0.020068 51.50357,-0.07962 51.503493", "From Jubilee Plaza, Canary Wharf to Tooley Street, Bermondsey"
"LINESTRING (-0.063471 51.497995,-0.07962 51.503493", "From Bermondsey Station, Bermondsey to Tooley Street, Bermondsey"
"LINESTRING (-0.100186 51.505817,-0.07962 51.503493", "From Bankside Mix, Bankside to Tooley Street, Bermondsey"
"LINESTRING (-0.025996 51.509303,-0.07962 51.503493", "From Westferry DLR, Limehouse to Tooley Street, Bermondsey"
"LINESTRING (-0.139221 51.461388,-0.07962 51.503493", "From Clapham Common Station, Clapham Common to Tooley Street, Bermondsey"
"LINESTRING (-0.069542 51.512363,-0.07962 51.503493", "From Leman Street, Aldgate to Tooley Street, Bermondsey"
"LINESTRING (-0.115851 51.505044,-0.07962 51.503493", "From Concert Hall Approach 1, South Bank to Tooley Street, Bermondsey"
"LINESTRING (-0.077178 51.514449,-0.07962 51.503493", "From Houndsditch, Aldgate to Tooley Street, Bermondsey"
"LINESTRING (-0.118272 51.516277,-0.07962 51.503493", "From Lincoln's Inn Fields, Holborn to Tooley Street, Bermondsey"
"LINESTRING (-0.112824 51.503791,-0.07962 51.503493", "From Waterloo Station 3, Waterloo to Tooley Street, Bermondsey"
"LINESTRING (-0.217515 51.500353,-0.07962 51.503493", "From Richmond Way, Shepherd's Bush to Tooley Street, Bermondsey"
"LINESTRING (-0.085634 51.520962,-0.07962 51.503493", "From Finsbury Square , Moorgate to Tooley Street, Bermondsey"
"LINESTRING (-0.037366 51.534137,-0.07962 51.503493", "From Driffield Road, Old Ford to Tooley Street, Bermondsey"
"LINESTRING (-0.025996 51.509303,-0.07962 51.503493", "From Westferry DLR, Limehouse to Tooley Street, Bermondsey"
"LINESTRING (-0.059091 51.528692,-0.07962 51.503493", "From Clarkson Street, Bethnal Green to Tooley Street, Bermondsey"
"LINESTRING (-0.069542 51.512363,-0.07962 51.503493", "From Leman Street, Aldgate to Tooley Street, Bermondsey"
"LINESTRING (-0.126874 51.47787,-0.07962 51.503493", "From Hartington Road, Stockwell to Tooley Street, Bermondsey"
"LINESTRING (-0.115851 51.505044,-0.07962 51.503493", "From Concert Hall Approach 1, South Bank to Tooley Street, Bermondsey"
"LINESTRING (-0.077178 51.514449,-0.07962 51.503493", "From Houndsditch, Aldgate to Tooley Street, Bermondsey"
"LINESTRING (-0.108657 51.51795,-0.07962 51.503493", "From Holborn Circus, Holborn to Tooley Street, Bermondsey"
"LINESTRING (-0.09734 51.520841,-0.07962 51.503493", "From Aldersgate Street, Barbican to Tooley Street, Bermondsey"
"LINESTRING (-0.069542 51.512363,-0.07962 51.503493", "From Leman Street, Aldgate to Tooley Street, Bermondsey"
"LINESTRING (-0.074431 51.519362,-0.07962 51.503493", "From Fournier Street, Whitechapel to Tooley Street, Bermondsey"
"LINESTRING (-0.085634 51.520962,-0.07962 51.503493", "From Finsbury Square , Moorgate to Tooley Street, Bermondsey"
"LINESTRING (-0.058681 51.506946,-0.07962 51.503493", "From Reardon Street, Wapping to Tooley Street, Bermondsey"
"LINESTRING (-0.113864 51.504027,-0.07962 51.503493", "From Waterloo Station 1, Waterloo to Tooley Street, Bermondsey"
"LINESTRING (-0.077121 51.511594,-0.07962 51.503493", "From Crosswall, Tower to Tooley Street, Bermondsey"
"LINESTRING (-0.06797 51.504904,-0.07962 51.503493", "From Wapping High Street, Wapping to Tooley Street, Bermondsey"
"LINESTRING (-0.093885 51.517008,-0.07962 51.503493", "From Wood Street, Guildhall to Tooley Street, Bermondsey"
"LINESTRING (-0.06111 51.518675,-0.07962 51.503493", "From Royal London Hospital, Whitechapel to Tooley Street, Bermondsey"
"LINESTRING (-0.023565 51.515427,-0.07962 51.503493", "From Stainsby Road , Poplar to Tooley Street, Bermondsey"
"LINESTRING (-0.133201 51.512515,-0.07962 51.503493", "From Wardour Street, Soho to Tooley Street, Bermondsey"
"LINESTRING (-0.058641 51.515256,-0.07962 51.503493", "From Philpot Street, Whitechapel to Tooley Street, Bermondsey"
"LINESTRING (-0.054162 51.536424,-0.07962 51.503493", "From Victoria Park Road, Hackney Central to Tooley Street, Bermondsey"
"LINESTRING (-0.092921 51.494436,-0.07962 51.503493", "From New Kent Road, The Borough to Tooley Street, Bermondsey"
"LINESTRING (-0.108657 51.51795,-0.07962 51.503493", "From Holborn Circus, Holborn to Tooley Street, Bermondsey"
"LINESTRING (-0.118272 51.516277,-0.07962 51.503493", "From Lincoln's Inn Fields, Holborn to Tooley Street, Bermondsey"
"LINESTRING (-0.086685 51.517075,-0.07962 51.503493", "From Finsbury Circus, Liverpool Street to Tooley Street, Bermondsey"
"LINESTRING (-0.06111 51.518675,-0.07962 51.503493", "From Royal London Hospital, Whitechapel to Tooley Street, Bermondsey"
"LINESTRING (-0.118272 51.516277,-0.07962 51.503493", "From Lincoln's Inn Fields, Holborn to Tooley Street, Bermondsey"
"LINESTRING (-0.102091 51.500693,-0.07962 51.503493", "From Webber Street , Southwark to Tooley Street, Bermondsey"
"LINESTRING (-0.063471 51.497995,-0.07962 51.503493", "From Bermondsey Station, Bermondsey to Tooley Street, Bermondsey"
"LINESTRING (-0.112721 51.536392,-0.07962 51.503493", "From Charlotte Terrace, Angel to Tooley Street, Bermondsey"
"LINESTRING (-0.162727 51.489932,-0.07962 51.503493", "From Royal Avenue 1, Chelsea to Tooley Street, Bermondsey"
"LINESTRING (-0.025996 51.509303,-0.07962 51.503493", "From Westferry DLR, Limehouse to Tooley Street, Bermondsey"
"LINESTRING (-0.091773 51.504627,-0.07962 51.503493", "From Hop Exchange, The Borough to Tooley Street, Bermondsey"
"LINESTRING (-0.10044 51.498898,-0.07962 51.503493", "From Borough Road, Elephant & Castle to Tooley Street, Bermondsey"
"LINESTRING (-0.083159 51.500889,-0.07962 51.503493", "From Tyers Gate, Bermondsey to Tooley Street, Bermondsey"
"LINESTRING (-0.138733 51.496753,-0.07962 51.503493", "From Howick Place, Westminster to Tooley Street, Bermondsey"
"LINESTRING (-0.08974 51.500823,-0.07962 51.503493", "From Empire Square, The Borough to Tooley Street, Bermondsey"
"LINESTRING (-0.119047 51.509631,-0.07962 51.503493", "From Embankment (Savoy), Strand to Tooley Street, Bermondsey"
"LINESTRING (-0.056667 51.511542,-0.07962 51.503493", "From Watney Street, Shadwell to Tooley Street, Bermondsey"
"LINESTRING (-0.089887 51.520858,-0.07962 51.503493", "From Bunhill Row, Moorgate to Tooley Street, Bermondsey"
"LINESTRING (-0.06691 51.507131,-0.07962 51.503493", "From Nesham Street, Wapping to Tooley Street, Bermondsey"
"LINESTRING (-0.025996 51.509303,-0.07962 51.503493", "From Westferry DLR, Limehouse to Tooley Street, Bermondsey"
"LINESTRING (-0.09308 51.515735,-0.07962 51.503493", "From The Guildhall, Guildhall to Tooley Street, Bermondsey"
"LINESTRING (-0.091773 51.504627,-0.07962 51.503493", "From Hop Exchange, The Borough to Tooley Street, Bermondsey"
"LINESTRING (-0.020068 51.50357,-0.07962 51.503493", "From Jubilee Plaza, Canary Wharf to Tooley Street, Bermondsey"
"LINESTRING (-0.094475 51.521747,-0.07962 51.503493", "From Golden Lane, Barbican to Tooley Street, Bermondsey"
"LINESTRING (-0.057159 51.511088,-0.07962 51.503493", "From Shadwell Station, Shadwell to Tooley Street, Bermondsey"
"LINESTRING (-0.081608 51.497855,-0.07962 51.503493", "From Bermondsey Street, Bermondsey to Tooley Street, Bermondsey"
"LINESTRING (-0.027772 51.505703,-0.07962 51.503493", "From Westferry Circus, Canary Wharf to Tooley Street, Bermondsey"
"LINESTRING (-0.074754 51.523648,-0.07962 51.503493", "From Bethnal Green Road, Shoreditch to Tooley Street, Bermondsey"
"LINESTRING (-0.086685 51.517075,-0.07962 51.503493", "From Finsbury Circus, Liverpool Street to Tooley Street, Bermondsey"
"LINESTRING (-0.038775 51.516,-0.07962 51.503493", "From Aston Street, Stepney to Tooley Street, Bermondsey"
"LINESTRING (-0.04915 51.498439,-0.07962 51.503493", "From Canada Water Station, Rotherhithe to Tooley Street, Bermondsey"
"LINESTRING (-0.160854 51.535892,-0.176645 51.518622", "From Prince Albert Road, The Regent's Park to North Wharf Road, Paddington"
"LINESTRING (-0.217515 51.500353,-0.176645 51.518622", "From Richmond Way, Shepherd's Bush to North Wharf Road, Paddington"
"LINESTRING (-0.166221 51.490714,-0.176645 51.518622", "From Chelsea Green, Chelsea to North Wharf Road, Paddington"
"LINESTRING (-0.208888 51.5212,-0.176645 51.518622", "From Bevington Road West, North Kensington to North Wharf Road, Paddington"
"LINESTRING (-0.147624 51.49395,-0.176645 51.518622", "From Eccleston Place, Victoria to North Wharf Road, Paddington"
"LINESTRING (-0.154106 51.517703,-0.176645 51.518622", "From George Street, Marylebone to North Wharf Road, Paddington"
"LINESTRING (-0.138212 51.481335,-0.176645 51.518622", "From Riverlight South, Nine Elms to North Wharf Road, Paddington"
"LINESTRING (-0.183846 51.523344,-0.176645 51.518622", "From Warwick Avenue Station, Maida Vale to North Wharf Road, Paddington"
"LINESTRING (-0.139016 51.520994,-0.176645 51.518622", "From Howland Street, Fitzrovia to North Wharf Road, Paddington"
"LINESTRING (-0.17219 51.526448,-0.176645 51.518622", "From Lisson Grove, St. John's Wood to North Wharf Road, Paddington"
"LINESTRING (-0.18697 51.51616,-0.176645 51.518622", "From Bishop's Bridge Road West, Bayswater to North Wharf Road, Paddington"
"LINESTRING (-0.13225 51.528833,-0.176645 51.518622", "From Doric Way , Somers Town to North Wharf Road, Paddington"
"LINESTRING (-0.191462 51.501364,-0.176645 51.518622", "From Derry Street, Kensington to North Wharf Road, Paddington"
"LINESTRING (-0.162298 51.522511,-0.176645 51.518622", "From Boston Place, Marylebone to North Wharf Road, Paddington"
"LINESTRING (-0.178656 51.501432,-0.176645 51.518622", "From Kensington Gore, Knightsbridge to North Wharf Road, Paddington"
"LINESTRING (-0.160854 51.535892,-0.176645 51.518622", "From Prince Albert Road, The Regent's Park to North Wharf Road, Paddington"
"LINESTRING (-0.139221 51.461388,-0.176645 51.518622", "From Clapham Common Station, Clapham Common to North Wharf Road, Paddington"
"LINESTRING (-0.099981 51.532661,-0.176645 51.518622", "From Graham Street, Angel to North Wharf Road, Paddington"
"LINESTRING (-0.138019 51.524438,-0.176645 51.518622", "From Warren Street Station, Euston to North Wharf Road, Paddington"
"LINESTRING (-0.162298 51.522511,-0.176645 51.518622", "From Boston Place, Marylebone to North Wharf Road, Paddington"
"LINESTRING (-0.157183 51.52026,-0.176645 51.518622", "From Crawford Street, Marylebone to North Wharf Road, Paddington"
"LINESTRING (-0.13011 51.513527,-0.176645 51.518622", "From Moor Street, Soho to North Wharf Road, Paddington"
"LINESTRING (-0.118295 51.52728,-0.176645 51.518622", "From Ampton Street , Clerkenwell to North Wharf Road, Paddington"
"LINESTRING (-0.164393 51.516517,-0.176645 51.518622", "From Nutford Place, Marylebone to North Wharf Road, Paddington"
"LINESTRING (-0.09315 51.53356,-0.176645 51.518622", "From Eagle Wharf Road, Hoxton to North Wharf Road, Paddington"
"LINESTRING (-0.168074 51.5343,-0.176645 51.518622", "From Charlbert Street, St. John's Wood to North Wharf Road, Paddington"
"LINESTRING (-0.159237 51.501855,-0.176645 51.518622", "From Seville Street, Knightsbridge to North Wharf Road, Paddington"
"LINESTRING (-0.162298 51.522511,-0.176645 51.518622", "From Boston Place, Marylebone to North Wharf Road, Paddington"
"LINESTRING (-0.164207 51.517372,-0.176645 51.518622", "From Harrowby Street, Marylebone to North Wharf Road, Paddington"
"LINESTRING (-0.161113 51.522596,-0.176645 51.518622", "From Dorset Square, Marylebone to North Wharf Road, Paddington"
"LINESTRING (-0.138846 51.510048,-0.176645 51.518622", "From Sackville Street, Mayfair to North Wharf Road, Paddington"
"LINESTRING (-0.176268 51.524826,-0.176645 51.518622", "From Aberdeen Place, St. John's Wood to North Wharf Road, Paddington"
"LINESTRING (-0.204764 51.519042,-0.176645 51.518622", "From All Saints' Road, Portobello to North Wharf Road, Paddington"
"LINESTRING (-0.147857 51.477966,-0.162418 51.490083", "From Gas Holders, Battersea Park to Royal Avenue 2, Chelsea"
"LINESTRING (-0.138846 51.510048,-0.162418 51.490083", "From Sackville Street, Mayfair to Royal Avenue 2, Chelsea"
"LINESTRING (-0.147624 51.49395,-0.162418 51.490083", "From Eccleston Place, Victoria to Royal Avenue 2, Chelsea"
"LINESTRING (-0.16716 51.47518,-0.162418 51.490083", "From Surrey Lane, Battersea to Royal Avenue 2, Chelsea"
"LINESTRING (-0.158456 51.502953,-0.162418 51.490083", "From Albert Gate, Hyde Park to Royal Avenue 2, Chelsea"
"LINESTRING (-0.168074 51.5343,-0.162418 51.490083", "From Charlbert Street, St. John's Wood to Royal Avenue 2, Chelsea"
"LINESTRING (-0.18267 51.494185,-0.162418 51.490083", "From Gloucester Road Station, South Kensington to Royal Avenue 2, Chelsea"
"LINESTRING (-0.206029 51.49087,-0.162418 51.490083", "From West Kensington Station, West Kensington to Royal Avenue 2, Chelsea"
"LINESTRING (-0.21985 51.493267,-0.162418 51.490083", "From Hammersmith Road, Hammersmith to Royal Avenue 2, Chelsea"
"LINESTRING (-0.04915 51.498439,-0.162418 51.490083", "From Canada Water Station, Rotherhithe to Royal Avenue 2, Chelsea"
"LINESTRING (-0.191803 51.473611,-0.162418 51.490083", "From Sandilands Road, Walham Green to Royal Avenue 2, Chelsea"
"LINESTRING (-0.153233 51.490959,-0.162418 51.490083", "From Bourne Street, Belgravia to Royal Avenue 2, Chelsea"
"LINESTRING (-0.17021 51.474535,-0.162418 51.490083", "From Orbel Street, Battersea to Royal Avenue 2, Chelsea"
"LINESTRING (-0.150905 51.496544,-0.162418 51.490083", "From Eaton Square, Belgravia to Royal Avenue 2, Chelsea"
"LINESTRING (-0.196422 51.509353,-0.162418 51.490083", "From Notting Hill Gate Station, Notting Hill to Royal Avenue 2, Chelsea"
"LINESTRING (-0.093051 51.511246,-0.162418 51.490083", "From Queen Street 2, Bank to Royal Avenue 2, Chelsea"
"LINESTRING (-0.149004 51.485821,-0.162418 51.490083", "From Chelsea Bridge, Pimlico to Royal Avenue 2, Chelsea"
"LINESTRING (-0.132328 51.515631,-0.162418 51.490083", "From Soho Square , Soho to Royal Avenue 2, Chelsea"
"LINESTRING (-0.111471 51.479601,-0.162418 51.490083", "From Cranmer Road, Stockwell to Royal Avenue 2, Chelsea"
"LINESTRING (-0.149035 51.481121,-0.162418 51.490083", "From Sopwith Way, Battersea Park to Royal Avenue 2, Chelsea"
"LINESTRING (-0.139221 51.461388,-0.162418 51.490083", "From Clapham Common Station, Clapham Common to Royal Avenue 2, Chelsea"
"LINESTRING (-0.143495 51.509992,-0.162418 51.490083", "From Grafton Street, Mayfair to Royal Avenue 2, Chelsea"
"LINESTRING (-0.20782 51.473471,-0.162418 51.490083", "From Fulham Park Road, Fulham to Royal Avenue 2, Chelsea"
"LINESTRING (-0.149004 51.485821,-0.162418 51.490083", "From Chelsea Bridge, Pimlico to Royal Avenue 2, Chelsea"
"LINESTRING (-0.191803 51.473611,-0.162418 51.490083", "From Sandilands Road, Walham Green to Royal Avenue 2, Chelsea"
"LINESTRING (-0.115375 51.460232,-0.162418 51.490083", "From Saltoun Road, Brixton to Royal Avenue 2, Chelsea"
"LINESTRING (-0.138089 51.484839,-0.162418 51.490083", "From Claverton Street, Pimlico to Royal Avenue 2, Chelsea"
"LINESTRING (-0.174971 51.485121,-0.162418 51.490083", "From The Vale, Chelsea to Royal Avenue 2, Chelsea"
"LINESTRING (-0.174347 51.476964,-0.162418 51.490083", "From Battersea Church Road, Battersea to Royal Avenue 2, Chelsea"
"LINESTRING (-0.119047 51.509631,-0.127575 51.495805", "From Embankment (Savoy), Strand to Smith Square, Westminster"
"LINESTRING (-0.122299 51.530199,-0.127575 51.495805", "From Birkenhead Street, King's Cross to Smith Square, Westminster"
"LINESTRING (-0.141812 51.469259,-0.127575 51.495805", "From Wandsworth Rd, Isley Court, Wandsworth Road to Smith Square, Westminster"
"LINESTRING (-0.083935 51.520009,-0.127575 51.495805", "From Sun Street, Liverpool Street to Smith Square, Westminster"
"LINESTRING (-0.079249 51.518908,-0.127575 51.495805", "From Brushfield Street, Liverpool Street to Smith Square, Westminster"
"LINESTRING (-0.132102 51.498125,-0.127575 51.495805", "From Abbey Orchard Street, Westminster to Smith Square, Westminster"
"LINESTRING (-0.091773 51.504627,-0.127575 51.495805", "From Hop Exchange, The Borough to Smith Square, Westminster"
"LINESTRING (-0.184318 51.468819,-0.127575 51.495805", "From William Morris Way, Sands End to Smith Square, Westminster"
"LINESTRING (-0.107349 51.511891,-0.127575 51.495805", "From Tallis Street, Temple to Smith Square, Westminster"
"LINESTRING (-0.110889 51.495718,-0.127575 51.495805", "From Kennington Road  , Vauxhall to Smith Square, Westminster"
"LINESTRING (-0.138231 51.525542,-0.127575 51.495805", "From Hampstead Road, Euston to Smith Square, Westminster"
"LINESTRING (-0.132102 51.498125,-0.127575 51.495805", "From Abbey Orchard Street, Westminster to Smith Square, Westminster"
"LINESTRING (-0.138733 51.496753,-0.127575 51.495805", "From Howick Place, Westminster to Smith Square, Westminster"
"LINESTRING (-0.123616 51.529943,-0.127575 51.495805", "From Belgrove Street , King's Cross to Smith Square, Westminster"
"LINESTRING (-0.162298 51.522511,-0.127575 51.495805", "From Boston Place, Marylebone to Smith Square, Westminster"
"LINESTRING (-0.123616 51.529943,-0.127575 51.495805", "From Belgrove Street , King's Cross to Smith Square, Westminster"
"LINESTRING (-0.109025 51.534408,-0.127575 51.495805", "From Cloudesley Road, Angel to Smith Square, Westminster"
"LINESTRING (-0.103078 51.511934,-0.127575 51.495805", "From Blackfriars Station, St. Paul's to Smith Square, Westminster"
"LINESTRING (-0.159169 51.475153,-0.127575 51.495805", "From Prince of Wales Drive, Battersea Park to Smith Square, Westminster"
"LINESTRING (-0.215895 51.476885,-0.127575 51.495805", "From Finlay Street, Fulham to Smith Square, Westminster"
"LINESTRING (-0.096191 51.498597,-0.127575 51.495805", "From Harper Road, The Borough to Smith Square, Westminster"
"LINESTRING (-0.123616 51.529943,-0.127575 51.495805", "From Belgrove Street , King's Cross to Smith Square, Westminster"
"LINESTRING (-0.123616 51.529943,-0.127575 51.495805", "From Belgrove Street , King's Cross to Smith Square, Westminster"
"LINESTRING (-0.089659 51.52548,-0.127575 51.495805", "From Old Street Station, St. Luke's to Smith Square, Westminster"
"LINESTRING (-0.130908 51.464995,-0.127575 51.495805", "From Gauden Road, Clapham to Smith Square, Westminster"
"LINESTRING (-0.179369 51.487196,-0.127575 51.495805", "From Drayton Gardens, West Chelsea to Smith Square, Westminster"
"LINESTRING (-0.087587 51.514441,-0.127575 51.495805", "From Bank of England Museum, Bank to Smith Square, Westminster"
"LINESTRING (-0.132102 51.498125,-0.127575 51.495805", "From Abbey Orchard Street, Westminster to Smith Square, Westminster"
"LINESTRING (-0.187278 51.475142,-0.127575 51.495805", "From Imperial Road, Sands End to Smith Square, Westminster"
"LINESTRING (-0.161113 51.522596,-0.127575 51.495805", "From Dorset Square, Marylebone to Smith Square, Westminster"
"LINESTRING (-0.189155 51.477292,-0.127575 51.495805", "From Michael Road, Walham Green to Smith Square, Westminster"
"LINESTRING (-0.122299 51.530199,-0.127575 51.495805", "From Birkenhead Street, King's Cross to Smith Square, Westminster"
"LINESTRING (-0.130504 51.526838,-0.127575 51.495805", "From Endsleigh Gardens, Euston to Smith Square, Westminster"
"LINESTRING (-0.08974 51.500823,-0.127575 51.495805", "From Empire Square, The Borough to Smith Square, Westminster"
"LINESTRING (-0.042744 51.530326,-0.127575 51.495805", "From Twig Folly Bridge, Mile End to Smith Square, Westminster"
"LINESTRING (-0.085814 51.495061,-0.127575 51.495805", "From Bricklayers Arms, Borough to Smith Square, Westminster"
"LINESTRING (-0.087587 51.514441,-0.127575 51.495805", "From Bank of England Museum, Bank to Smith Square, Westminster"
"LINESTRING (-0.117863 51.515208,-0.127575 51.495805", "From Sardinia Street, Holborn to Smith Square, Westminster"
"LINESTRING (-0.176645 51.518622,-0.127575 51.495805", "From North Wharf Road, Paddington to Smith Square, Westminster"
"LINESTRING (-0.132845 51.489975,-0.127575 51.495805", "From Rampayne Street, Pimlico to Smith Square, Westminster"
"LINESTRING (-0.132845 51.489975,-0.127575 51.495805", "From Rampayne Street, Pimlico to Smith Square, Westminster"
"LINESTRING (-0.08974 51.500823,-0.127575 51.495805", "From Empire Square, The Borough to Smith Square, Westminster"
"LINESTRING (-0.134407 51.526236,-0.127575 51.495805", "From Euston Road, Euston to Smith Square, Westminster"
"LINESTRING (-0.096317 51.526008,-0.127575 51.495805", "From Finsbury Leisure Centre, St. Luke's to Smith Square, Westminster"
"LINESTRING (-0.12335 51.51746,-0.127575 51.495805", "From Bury Place, Holborn to Smith Square, Westminster"
"LINESTRING (-0.125078 51.534667,-0.127575 51.495805", "From Good's Way, King's Cross to Smith Square, Westminster"
"LINESTRING (-0.048017 51.531127,-0.06111 51.518675", "From Old Ford Road, Bethnal Green to Royal London Hospital, Whitechapel"
"LINESTRING (-0.058826 51.54119,-0.06111 51.518675", "From London Fields, Hackney Central to Royal London Hospital, Whitechapel"
"LINESTRING (-0.027581 51.526578,-0.06111 51.518675", "From Merchant Street, Bow to Royal London Hospital, Whitechapel"
"LINESTRING (-0.058681 51.506946,-0.06111 51.518675", "From Reardon Street, Wapping to Royal London Hospital, Whitechapel"
"LINESTRING (-0.06142 51.532091,-0.06111 51.518675", "From Pritchard's Road, Bethnal Green to Royal London Hospital, Whitechapel"
"LINESTRING (-0.07813 51.526377,-0.06111 51.518675", "From Shoreditch High Street, Shoreditch to Royal London Hospital, Whitechapel"
"LINESTRING (-0.12335 51.51746,-0.06111 51.518675", "From Bury Place, Holborn to Royal London Hospital, Whitechapel"
"LINESTRING (-0.043371 51.518369,-0.06111 51.518675", "From Rectory Square, Stepney to Royal London Hospital, Whitechapel"
"LINESTRING (-0.093903 51.530991,-0.06111 51.518675", "From Wenlock Road , Hoxton to Royal London Hospital, Whitechapel"
"LINESTRING (-0.057159 51.511088,-0.06111 51.518675", "From Shadwell Station, Shadwell to Royal London Hospital, Whitechapel"
"LINESTRING (-0.134407 51.526236,-0.06111 51.518675", "From Euston Road, Euston to Royal London Hospital, Whitechapel"
"LINESTRING (-0.036017 51.525941,-0.06111 51.518675", "From Clinton Road, Mile End to Royal London Hospital, Whitechapel"
"LINESTRING (-0.053177 51.515975,-0.06111 51.518675", "From Jubilee Street, Stepney to Royal London Hospital, Whitechapel"
"LINESTRING (-0.026768 51.520398,-0.06111 51.518675", "From Ackroyd Drive, Bow to Royal London Hospital, Whitechapel"
"LINESTRING (-0.01051 51.54094,-0.06111 51.518675", "From Aquatic Centre, Queen Elizabeth Olympic Park to Royal London Hospital, Whitechapel"
"LINESTRING (-0.107987 51.517428,-0.06111 51.518675", "From New Fetter Lane, Holborn to Royal London Hospital, Whitechapel"
"LINESTRING (-0.055312 51.52568,-0.06111 51.518675", "From Bethnal Green Garden, Bethnal Green to Royal London Hospital, Whitechapel"
"LINESTRING (-0.06415 51.51295,-0.06111 51.518675", "From Christian Street, Whitechapel to Royal London Hospital, Whitechapel"
"LINESTRING (-0.071653 51.522617,-0.06111 51.518675", "From Brick Lane Market, Shoreditch to Royal London Hospital, Whitechapel"
"LINESTRING (-0.014438 51.5112,-0.06111 51.518675", "From Chrisp Street Market, Poplar to Royal London Hospital, Whitechapel"
"LINESTRING (-0.120202 51.523346,-0.06111 51.518675", "From Guilford Street , Bloomsbury to Royal London Hospital, Whitechapel"
"LINESTRING (-0.041378 51.522507,-0.06111 51.518675", "From Queen Mary's, Mile End to Royal London Hospital, Whitechapel"
"LINESTRING (-0.083067 51.523196,-0.06111 51.518675", "From Clifton Street, Shoreditch to Royal London Hospital, Whitechapel"
"LINESTRING (-0.079684 51.516468,-0.06111 51.518675", "From Devonshire Square, Liverpool Street to Royal London Hospital, Whitechapel"
"LINESTRING (-0.108322 51.510981,-0.06111 51.518675", "From Temple Gardens, Temple to Royal London Hospital, Whitechapel"
"LINESTRING (-0.07962 51.503493,-0.06111 51.518675", "From Tooley Street, Bermondsey to Royal London Hospital, Whitechapel"
"LINESTRING (-0.094475 51.521747,-0.06111 51.518675", "From Golden Lane, Barbican to Royal London Hospital, Whitechapel"
"LINESTRING (-0.058005 51.527152,-0.06111 51.518675", "From Pott Street, Bethnal Green to Royal London Hospital, Whitechapel"
"LINESTRING (-0.039264 51.521564,-0.06111 51.518675", "From Harford Street, Mile End to Royal London Hospital, Whitechapel"
"LINESTRING (-0.055656 51.514222,-0.06111 51.518675", "From Watney Market, Stepney to Royal London Hospital, Whitechapel"
"LINESTRING (-0.06555 51.528681,-0.06111 51.518675", "From Durant Street, Bethnal Green to Royal London Hospital, Whitechapel"
"LINESTRING (-0.06415 51.51295,-0.06111 51.518675", "From Christian Street, Whitechapel to Royal London Hospital, Whitechapel"
"LINESTRING (-0.074754 51.523648,-0.06111 51.518675", "From Bethnal Green Road, Shoreditch to Royal London Hospital, Whitechapel"
"LINESTRING (-0.0985 51.51601,-0.06111 51.518675", "From King Edward Street, St Pauls to Royal London Hospital, Whitechapel"
"LINESTRING (-0.079684 51.516468,-0.06111 51.518675", "From Devonshire Square, Liverpool Street to Royal London Hospital, Whitechapel"
"LINESTRING (-0.079684 51.516468,-0.06111 51.518675", "From Devonshire Square, Liverpool Street to Royal London Hospital, Whitechapel"
"LINESTRING (-0.06142 51.532091,-0.06111 51.518675", "From Pritchard's Road, Bethnal Green to Royal London Hospital, Whitechapel"
"LINESTRING (-0.087587 51.514441,-0.06111 51.518675", "From Bank of England Museum, Bank to Royal London Hospital, Whitechapel"
"LINESTRING (-0.041378 51.522507,-0.06111 51.518675", "From Queen Mary's, Mile End to Royal London Hospital, Whitechapel"
"LINESTRING (-0.071653 51.522617,-0.06111 51.518675", "From Brick Lane Market, Shoreditch to Royal London Hospital, Whitechapel"
"LINESTRING (-0.066035 51.531864,-0.06111 51.518675", "From Goldsmith's Row, Haggerston to Royal London Hospital, Whitechapel"
"LINESTRING (-0.110699 51.501444,-0.06111 51.518675", "From Baylis Road, Waterloo to Royal London Hospital, Whitechapel"
"LINESTRING (-0.058631 51.524583,-0.06111 51.518675", "From Finnis Street, Bethnal Green to Royal London Hospital, Whitechapel"
"LINESTRING (-0.074431 51.519362,-0.06111 51.518675", "From Fournier Street, Whitechapel to Royal London Hospital, Whitechapel"
"LINESTRING (-0.06415 51.51295,-0.06111 51.518675", "From Christian Street, Whitechapel to Royal London Hospital, Whitechapel"
"LINESTRING (-0.09734 51.520841,-0.06111 51.518675", "From Aldersgate Street, Barbican to Royal London Hospital, Whitechapel"
"LINESTRING (-0.018703 51.528169,-0.06111 51.518675", "From Bow Church Station, Bow to Royal London Hospital, Whitechapel"
"LINESTRING (-0.074431 51.519362,-0.06111 51.518675", "From Fournier Street, Whitechapel to Royal London Hospital, Whitechapel"
"LINESTRING (-0.089887 51.520858,-0.06111 51.518675", "From Bunhill Row, Moorgate to Royal London Hospital, Whitechapel"
"LINESTRING (-0.063386 51.521905,-0.06111 51.518675", "From Selby Street, Whitechapel to Royal London Hospital, Whitechapel"
"LINESTRING (-0.141812 51.469259,-0.118478 51.514409", "From Wandsworth Rd, Isley Court, Wandsworth Road to Kingsway, Covent Garden"
"LINESTRING (-0.149551 51.477619,-0.118478 51.514409", "From Queen's Circus, Battersea Park to Kingsway, Covent Garden"
"LINESTRING (-0.158963 51.524517,-0.118478 51.514409", "From Park Road (Baker Street), The Regent's Park to Kingsway, Covent Garden"
"LINESTRING (-0.141812 51.469259,-0.118478 51.514409", "From Wandsworth Rd, Isley Court, Wandsworth Road to Kingsway, Covent Garden"
"LINESTRING (-0.103078 51.511934,-0.118478 51.514409", "From Blackfriars Station, St. Paul's to Kingsway, Covent Garden"
"LINESTRING (-0.070133 51.515231,-0.118478 51.514409", "From Central House, Whitechapel to Kingsway, Covent Garden"
"LINESTRING (-0.123179 51.506543,-0.118478 51.514409", "From Whitehall Place, Strand to Kingsway, Covent Garden"
"LINESTRING (-0.128585 51.516118,-0.118478 51.514409", "From Earnshaw Street , Covent Garden to Kingsway, Covent Garden"
"LINESTRING (-0.11258 51.473874,-0.118478 51.514409", "From Normandy Road, Stockwell to Kingsway, Covent Garden"
"LINESTRING (-0.132328 51.515631,-0.118478 51.514409", "From Soho Square , Soho to Kingsway, Covent Garden"
"LINESTRING (-0.047784 51.51328,-0.118478 51.514409", "From Albert Gardens, Stepney to Kingsway, Covent Garden"
"LINESTRING (-0.112824 51.503791,-0.118478 51.514409", "From Waterloo Station 3, Waterloo to Kingsway, Covent Garden"
"LINESTRING (-0.101384 51.49652,-0.112031 51.49914", "From Ontario Street, Elephant & Castle to Lambeth North Station, Waterloo"
"LINESTRING (-0.053558 51.511066,-0.112031 51.49914", "From Sutton Street, Shadwell to Lambeth North Station, Waterloo"
"LINESTRING (-0.114934 51.49288,-0.112031 51.49914", "From Lollard Street, Vauxhall to Lambeth North Station, Waterloo"
"LINESTRING (-0.08066 51.514225,-0.112031 51.49914", "From St. Mary Axe, Aldgate to Lambeth North Station, Waterloo"
"LINESTRING (-0.115156 51.489479,-0.112031 51.49914", "From Sancroft Street, Vauxhall to Lambeth North Station, Waterloo"
"LINESTRING (-0.091773 51.504627,-0.112031 51.49914", "From Hop Exchange, The Borough to Lambeth North Station, Waterloo"
"LINESTRING (-0.173757 51.496471,-0.112031 51.49914", "From Exhibition Road Museums 1, South Kensington to Lambeth North Station, Waterloo"
"LINESTRING (-0.114934 51.49288,-0.112031 51.49914", "From Lollard Street, Vauxhall to Lambeth North Station, Waterloo"
"LINESTRING (-0.106 51.496127,-0.112031 51.49914", "From Geraldine Street, Elephant & Castle to Lambeth North Station, Waterloo"
"LINESTRING (-0.111014 51.493686,-0.112031 51.49914", "From Walnut Tree Walk, Vauxhall to Lambeth North Station, Waterloo"
"LINESTRING (-0.114934 51.49288,-0.112031 51.49914", "From Lollard Street, Vauxhall to Lambeth North Station, Waterloo"
"LINESTRING (-0.110699 51.501444,-0.112031 51.49914", "From Baylis Road, Waterloo to Lambeth North Station, Waterloo"
"LINESTRING (-0.07962 51.503493,-0.112031 51.49914", "From Tooley Street, Bermondsey to Lambeth North Station, Waterloo"
"LINESTRING (-0.113426 51.503919,-0.112031 51.49914", "From Waterloo Station 2, Waterloo to Lambeth North Station, Waterloo"
"LINESTRING (-0.110699 51.501444,-0.112031 51.49914", "From Baylis Road, Waterloo to Lambeth North Station, Waterloo"
"LINESTRING (-0.114605 51.495656,-0.112031 51.49914", "From Sail Street, Vauxhall to Lambeth North Station, Waterloo"
"LINESTRING (-0.121723 51.510701,-0.112031 51.49914", "From Southampton Street, Strand to Lambeth North Station, Waterloo"
"LINESTRING (-0.117974 51.494881,-0.112031 51.49914", "From Lambeth Road, Vauxhall to Lambeth North Station, Waterloo"
"LINESTRING (-0.083632 51.502153,-0.112031 51.49914", "From Snowsfields, London Bridge to Lambeth North Station, Waterloo"
"LINESTRING (-0.07962 51.503493,-0.112031 51.49914", "From Tooley Street, Bermondsey to Lambeth North Station, Waterloo"
"LINESTRING (-0.120903 51.488124,-0.112031 51.49914", "From Vauxhall Walk, Vauxhall to Lambeth North Station, Waterloo"
"LINESTRING (-0.114686 51.506133,-0.112031 51.49914", "From Belvedere Road 1, South Bank to Lambeth North Station, Waterloo"
"LINESTRING (-0.110699 51.501444,-0.112031 51.49914", "From Baylis Road, Waterloo to Lambeth North Station, Waterloo"
"LINESTRING (-0.165668 51.524561,-0.174653 51.527294", "From Broadley Terrace, Marylebone to St. John's Wood Road, St. John's Wood"
"LINESTRING (-0.15352 51.503117,-0.174653 51.527294", "From Hyde Park Corner, Hyde Park to St. John's Wood Road, St. John's Wood"
"LINESTRING (-0.161113 51.522596,-0.174653 51.527294", "From Dorset Square, Marylebone to St. John's Wood Road, St. John's Wood"
"LINESTRING (-0.140485 51.519181,-0.174653 51.527294", "From Foley Street, Fitzrovia to St. John's Wood Road, St. John's Wood"
"LINESTRING (-0.132328 51.515631,-0.174653 51.527294", "From Soho Square , Soho to St. John's Wood Road, St. John's Wood"
"LINESTRING (-0.158963 51.524517,-0.174653 51.527294", "From Park Road (Baker Street), The Regent's Park to St. John's Wood Road, St. John's Wood"
"LINESTRING (-0.161113 51.522596,-0.174653 51.527294", "From Dorset Square, Marylebone to St. John's Wood Road, St. John's Wood"
"LINESTRING (-0.165842 51.522029,-0.174653 51.527294", "From Bell Street , Marylebone to St. John's Wood Road, St. John's Wood"
"LINESTRING (-0.138019 51.524438,-0.174653 51.527294", "From Warren Street Station, Euston to St. John's Wood Road, St. John's Wood"
"LINESTRING (-0.166304 51.525051,-0.174653 51.527294", "From Mallory Street, Marylebone to St. John's Wood Road, St. John's Wood"
"LINESTRING (-0.137598 51.497698,-0.174653 51.527294", "From Kings Gate House, Westminster to St. John's Wood Road, St. John's Wood"
"LINESTRING (-0.166304 51.525051,-0.174653 51.527294", "From Mallory Street, Marylebone to St. John's Wood Road, St. John's Wood"
"LINESTRING (-0.086685 51.517075,-0.128377 51.523673", "From Finsbury Circus, Liverpool Street to Bedford Way, Bloomsbury"
"LINESTRING (-0.099141 51.512484,-0.128377 51.523673", "From Godliman Street, St. Paul's to Bedford Way, Bloomsbury"
"LINESTRING (-0.115057 51.512582,-0.128377 51.523673", "From Strand, Strand to Bedford Way, Bloomsbury"
"LINESTRING (-0.113864 51.504027,-0.128377 51.523673", "From Waterloo Station 1, Waterloo to Bedford Way, Bloomsbury"
"LINESTRING (-0.112432 51.526599,-0.128377 51.523673", "From Margery Street, Clerkenwell to Bedford Way, Bloomsbury"
"LINESTRING (-0.116279 51.524564,-0.128377 51.523673", "From Wren Street, Holborn to Bedford Way, Bloomsbury"
"LINESTRING (-0.144466 51.528302,-0.128377 51.523673", "From Albany Street, The Regent's Park to Bedford Way, Bloomsbury"
"LINESTRING (-0.133201 51.512515,-0.128377 51.523673", "From Wardour Street, Soho to Bedford Way, Bloomsbury"
"LINESTRING (-0.174593 51.520205,-0.128377 51.523673", "From Paddington Green, Paddington to Bedford Way, Bloomsbury"
"LINESTRING (-0.164393 51.516517,-0.128377 51.523673", "From Nutford Place, Marylebone to Bedford Way, Bloomsbury"
"LINESTRING (-0.135777 51.51953,-0.128377 51.523673", "From Charlotte Street, Fitzrovia to Bedford Way, Bloomsbury"
"LINESTRING (-0.138535 51.538792,-0.128377 51.523673", "From St Martins Close, Camden Town to Bedford Way, Bloomsbury"
"LINESTRING (-0.079248 51.524526,-0.128377 51.523673", "From New Inn Yard, Shoreditch to Bedford Way, Bloomsbury"
"LINESTRING (-0.117122 51.490994,-0.128377 51.523673", "From Black Prince Road, Vauxhall to Bedford Way, Bloomsbury"
"LINESTRING (-0.217995 51.487285,-0.147478 51.492369", "From Charing Cross Hospital, Hammersmith to Elizabeth Bridge, Victoria"
"LINESTRING (-0.147714 51.483507,-0.147478 51.492369", "From Battersea Power Station, Battersea Park to Elizabeth Bridge, Victoria"
"LINESTRING (-0.155442 51.474376,-0.147478 51.492369", "From Austin Road, Battersea Park to Elizabeth Bridge, Victoria"
"LINESTRING (-0.147714 51.483507,-0.147478 51.492369", "From Battersea Power Station, Battersea Park to Elizabeth Bridge, Victoria"
"LINESTRING (-0.210279 51.468814,-0.147478 51.492369", "From Putney Bridge Station, Fulham to Elizabeth Bridge, Victoria"
"LINESTRING (-0.122492 51.486343,-0.147478 51.492369", "From Kennington Lane Rail Bridge, Vauxhall to Elizabeth Bridge, Victoria"
"LINESTRING (-0.138019 51.524438,-0.147478 51.492369", "From Warren Street Station, Euston to Elizabeth Bridge, Victoria"
"LINESTRING (-0.190184 51.459953,-0.147478 51.492369", "From Morie Street, Wandsworth to Elizabeth Bridge, Victoria"
"LINESTRING (-0.119047 51.509631,-0.147478 51.492369", "From Embankment (Savoy), Strand to Elizabeth Bridge, Victoria"
"LINESTRING (-0.122806 51.490435,-0.147478 51.492369", "From Albert Embankment, Vauxhall to Elizabeth Bridge, Victoria"
"LINESTRING (-0.13151 51.509639,-0.147478 51.492369", "From Panton Street, West End to Elizabeth Bridge, Victoria"
"LINESTRING (-0.149551 51.477619,-0.147478 51.492369", "From Queen's Circus, Battersea Park to Elizabeth Bridge, Victoria"
"LINESTRING (-0.147714 51.483507,-0.147478 51.492369", "From Battersea Power Station, Battersea Park to Elizabeth Bridge, Victoria"
"LINESTRING (-0.180791 51.46193,-0.147478 51.492369", "From Nantes Close, Wandsworth to Elizabeth Bridge, Victoria"
"LINESTRING (-0.127854 51.517727,-0.147478 51.492369", "From Great Russell Street, Bloomsbury to Elizabeth Bridge, Victoria"
"LINESTRING (-0.132102 51.472918,-0.147478 51.492369", "From Courland Grove, Wandsworth Road to Elizabeth Bridge, Victoria"
"LINESTRING (-0.174971 51.485121,-0.147478 51.492369", "From The Vale, Chelsea to Elizabeth Bridge, Victoria"
"LINESTRING (-0.08974 51.500823,-0.147478 51.492369", "From Empire Square, The Borough to Elizabeth Bridge, Victoria"
"LINESTRING (-0.142943 51.496863,-0.147478 51.492369", "From Allington Street, Victoria to Elizabeth Bridge, Victoria"
"LINESTRING (-0.138846 51.510048,-0.147478 51.492369", "From Sackville Street, Mayfair to Elizabeth Bridge, Victoria"
"LINESTRING (-0.119047 51.509631,-0.147478 51.492369", "From Embankment (Savoy), Strand to Elizabeth Bridge, Victoria"
"LINESTRING (-0.142207 51.485357,-0.147478 51.492369", "From Grosvenor Road, Pimlico to Elizabeth Bridge, Victoria"
"LINESTRING (-0.157788 51.465123,-0.147478 51.492369", "From Sugden Road, Clapham to Elizabeth Bridge, Victoria"
"LINESTRING (-0.138212 51.481335,-0.147478 51.492369", "From Riverlight South, Nine Elms to Elizabeth Bridge, Victoria"
"LINESTRING (-0.183853 51.480898,-0.147478 51.492369", "From Thorndike Close, West Chelsea to Elizabeth Bridge, Victoria"
"LINESTRING (-0.153233 51.490959,-0.147478 51.492369", "From Bourne Street, Belgravia to Elizabeth Bridge, Victoria"
"LINESTRING (-0.150817 51.505426,-0.147478 51.492369", "From Park Lane, Mayfair to Elizabeth Bridge, Victoria"
"LINESTRING (-0.142943 51.496863,-0.147478 51.492369", "From Allington Street, Victoria to Elizabeth Bridge, Victoria"
"LINESTRING (-0.159322 51.461343,-0.147478 51.492369", "From Clapham Common North Side, Clapham Common to Elizabeth Bridge, Victoria"
"LINESTRING (-0.147478 51.492369,-0.147478 51.492369", "From Elizabeth Bridge, Victoria to Elizabeth Bridge, Victoria"
"LINESTRING (-0.153233 51.490959,-0.147478 51.492369", "From Bourne Street, Belgravia to Elizabeth Bridge, Victoria"
"LINESTRING (-0.153233 51.490959,-0.147478 51.492369", "From Bourne Street, Belgravia to Elizabeth Bridge, Victoria"
"LINESTRING (-0.163347 51.474392,-0.147478 51.492369", "From Albert Bridge Road, Battersea Park to Elizabeth Bridge, Victoria"
"LINESTRING (-0.141327 51.520253,-0.147478 51.492369", "From Great Titchfield Street, Fitzrovia to Elizabeth Bridge, Victoria"
"LINESTRING (-0.18119 51.490945,-0.147478 51.492369", "From Old Brompton Road, South Kensington to Elizabeth Bridge, Victoria"
"LINESTRING (-0.170329 51.477684,-0.147478 51.492369", "From Westbridge Road, Battersea to Elizabeth Bridge, Victoria"
"LINESTRING (-0.113426 51.503919,-0.147478 51.492369", "From Waterloo Station 2, Waterloo to Elizabeth Bridge, Victoria"
"LINESTRING (-0.194116 51.479932,-0.147478 51.492369", "From Fulham Broadway, Walham Green to Elizabeth Bridge, Victoria"
"LINESTRING (-0.14296 51.497998,-0.147478 51.492369", "From Warwick Row, Westminster to Elizabeth Bridge, Victoria"
"LINESTRING (-0.183853 51.480898,-0.147478 51.492369", "From Thorndike Close, West Chelsea to Elizabeth Bridge, Victoria"
"LINESTRING (-0.182435 51.478169,-0.147478 51.492369", "From Upcerne Road, West Chelsea to Elizabeth Bridge, Victoria"
"LINESTRING (-0.132102 51.472918,-0.147478 51.492369", "From Courland Grove, Wandsworth Road to Elizabeth Bridge, Victoria"
"LINESTRING (-0.17524 51.48902,-0.151296 51.50923", "From South Parade, Chelsea to South Audley Street, Mayfair"
"LINESTRING (-0.167919 51.484984,-0.151296 51.50923", "From Phene Street, Chelsea to South Audley Street, Mayfair"
"LINESTRING (-0.216145 51.46161,-0.151296 51.50923", "From Disraeli Road, Putney to South Audley Street, Mayfair"
"LINESTRING (-0.187278 51.475142,-0.151296 51.50923", "From Imperial Road, Sands End to South Audley Street, Mayfair"
"LINESTRING (-0.153233 51.490959,-0.151296 51.50923", "From Bourne Street, Belgravia to South Audley Street, Mayfair"
"LINESTRING (-0.151926 51.516814,-0.151296 51.50923", "From Hinde Street, Marylebone to South Audley Street, Mayfair"
"LINESTRING (-0.164393 51.516517,-0.151296 51.50923", "From Nutford Place, Marylebone to South Audley Street, Mayfair"
"LINESTRING (-0.131213 51.513103,-0.151296 51.50923", "From Frith Street, Soho to South Audley Street, Mayfair"
"LINESTRING (-0.142943 51.496863,-0.151296 51.50923", "From Allington Street, Victoria to South Audley Street, Mayfair"
"LINESTRING (-0.176267 51.472876,-0.151296 51.50923", "From Vicarage Crescent, Battersea to South Audley Street, Mayfair"
"LINESTRING (-0.200742 51.502319,-0.151296 51.50923", "From Holland Park, Kensington to South Audley Street, Mayfair"
"LINESTRING (-0.158456 51.502953,-0.151296 51.50923", "From Albert Gate, Hyde Park to South Audley Street, Mayfair"
"LINESTRING (-0.191803 51.473611,-0.151296 51.50923", "From Sandilands Road, Walham Green to South Audley Street, Mayfair"
"LINESTRING (-0.18119 51.490945,-0.151296 51.50923", "From Old Brompton Road, South Kensington to South Audley Street, Mayfair"
"LINESTRING (-0.158456 51.502953,-0.151296 51.50923", "From Albert Gate, Hyde Park to South Audley Street, Mayfair"
"LINESTRING (-0.147203 51.515308,-0.171103 51.518268", "From Chapel Place, Marylebone to St Mary's Hospital, Paddington"
"LINESTRING (-0.147624 51.49395,-0.171103 51.518268", "From Eccleston Place, Victoria to St Mary's Hospital, Paddington"
"LINESTRING (-0.142943 51.496863,-0.171103 51.518268", "From Allington Street, Victoria to St Mary's Hospital, Paddington"
"LINESTRING (-0.138733 51.496753,-0.171103 51.518268", "From Howick Place, Westminster to St Mary's Hospital, Paddington"
"LINESTRING (-0.138019 51.524438,-0.171103 51.518268", "From Warren Street Station, Euston to St Mary's Hospital, Paddington"
"LINESTRING (-0.151359 51.522008,-0.171103 51.518268", "From Beaumont Street, Marylebone to St Mary's Hospital, Paddington"
"LINESTRING (-0.191351 51.513489,-0.171103 51.518268", "From Princes Square, Bayswater to St Mary's Hospital, Paddington"
"LINESTRING (-0.16716 51.47518,-0.171103 51.518268", "From Surrey Lane, Battersea to St Mary's Hospital, Paddington"
"LINESTRING (-0.17977 51.51348,-0.171103 51.518268", "From Devonshire Terrace, Bayswater to St Mary's Hospital, Paddington"
"LINESTRING (-0.130431 51.52168,-0.171103 51.518268", "From Malet Street, Bloomsbury to St Mary's Hospital, Paddington"
"LINESTRING (-0.142844 51.506613,-0.171103 51.518268", "From Green Park Station, Mayfair to St Mary's Hospital, Paddington"
"LINESTRING (-0.202608 51.51632,-0.171103 51.518268", "From All Saints Church, Portobello to St Mary's Hospital, Paddington"
"LINESTRING (-0.127554 51.493978,-0.171103 51.518268", "From Page Street, Westminster to St Mary's Hospital, Paddington"
"LINESTRING (-0.147624 51.49395,-0.171103 51.518268", "From Eccleston Place, Victoria to St Mary's Hospital, Paddington"
"LINESTRING (-0.13011 51.513527,-0.171103 51.518268", "From Moor Street, Soho to St Mary's Hospital, Paddington"
"LINESTRING (-0.161113 51.522596,-0.171103 51.518268", "From Dorset Square, Marylebone to St Mary's Hospital, Paddington"
"LINESTRING (-0.208888 51.5212,-0.171103 51.518268", "From Bevington Road West, North Kensington to St Mary's Hospital, Paddington"
"LINESTRING (-0.145246 51.539957,-0.171103 51.518268", "From Arlington Road, Camden Town to St Mary's Hospital, Paddington"
"LINESTRING (-0.11655 51.51824,-0.171103 51.518268", "From Red Lion Street, Holborn to St Mary's Hospital, Paddington"
"LINESTRING (-0.158264 51.514577,-0.171103 51.518268", "From Old Quebec Street, Marylebone to St Mary's Hospital, Paddington"
"LINESTRING (-0.10527 51.515809,-0.171103 51.518268", "From Stonecutter Street, Holborn to St Mary's Hospital, Paddington"
"LINESTRING (-0.179668 51.511654,-0.171103 51.518268", "From Lancaster Gate , Bayswater to St Mary's Hospital, Paddington"
"LINESTRING (-0.126409 51.524,-0.171103 51.518268", "From Coram Street, Bloomsbury to St Mary's Hospital, Paddington"
"LINESTRING (-0.17977 51.51348,-0.171103 51.518268", "From Devonshire Terrace, Bayswater to St Mary's Hospital, Paddington"
"LINESTRING (-0.139016 51.520994,-0.171103 51.518268", "From Howland Street, Fitzrovia to St Mary's Hospital, Paddington"
"LINESTRING (-0.183834 51.497924,-0.171103 51.518268", "From Gloucester Road (North), Kensington to St Mary's Hospital, Paddington"
"LINESTRING (-0.100292 51.501732,-0.171103 51.518268", "From Great Suffolk Street, The Borough to St Mary's Hospital, Paddington"
"LINESTRING (-0.164393 51.516517,-0.171103 51.518268", "From Nutford Place, Marylebone to St Mary's Hospital, Paddington"
"LINESTRING (-0.145393 51.542138,-0.171103 51.518268", "From Castlehaven Road, Camden Town to St Mary's Hospital, Paddington"
"LINESTRING (-0.121723 51.510701,-0.171103 51.518268", "From Southampton Street, Strand to St Mary's Hospital, Paddington"
"LINESTRING (-0.147154 51.537349,-0.171103 51.518268", "From Gloucester Avenue, Camden Town to St Mary's Hospital, Paddington"
"LINESTRING (-0.154701 51.520583,-0.171103 51.518268", "From Paddington Street, Marylebone to St Mary's Hospital, Paddington"
"LINESTRING (-0.142844 51.506613,-0.171103 51.518268", "From Green Park Station, Mayfair to St Mary's Hospital, Paddington"
"LINESTRING (-0.134621 51.507424,-0.171103 51.518268", "From St. James's Square, St. James's to St Mary's Hospital, Paddington"
"LINESTRING (-0.225787 51.514767,-0.171103 51.518268", "From BBC White City, White City to St Mary's Hospital, Paddington"
"LINESTRING (-0.145827 51.507326,-0.171103 51.518268", "From Clarges Street, Mayfair to St Mary's Hospital, Paddington"
"LINESTRING (-0.15352 51.503117,-0.171103 51.518268", "From Hyde Park Corner, Hyde Park to St Mary's Hospital, Paddington"
"LINESTRING (-0.137598 51.497698,-0.171103 51.518268", "From Kings Gate House, Westminster to St Mary's Hospital, Paddington"
"LINESTRING (-0.123616 51.529943,-0.171103 51.518268", "From Belgrove Street , King's Cross to St Mary's Hospital, Paddington"
"LINESTRING (-0.156166 51.518913,-0.171103 51.518268", "From Baker Street, Marylebone to St Mary's Hospital, Paddington"
"LINESTRING (-0.145904 51.507069,-0.171103 51.518268", "From Curzon Street, Mayfair to St Mary's Hospital, Paddington"
"LINESTRING (-0.142844 51.506613,-0.171103 51.518268", "From Green Park Station, Mayfair to St Mary's Hospital, Paddington"
"LINESTRING (-0.178433 51.492479,-0.171103 51.518268", "From Queen's Gate (South), South Kensington to St Mary's Hospital, Paddington"
"LINESTRING (-0.180246 51.501026,-0.171103 51.518268", "From Queen's Gate (North), Kensington to St Mary's Hospital, Paddington"
"LINESTRING (-0.18267 51.494185,-0.171103 51.518268", "From Gloucester Road Station, South Kensington to St Mary's Hospital, Paddington"
"LINESTRING (-0.123616 51.529943,-0.171103 51.518268", "From Belgrove Street , King's Cross to St Mary's Hospital, Paddington"
"LINESTRING (-0.180389 51.46517,-0.171103 51.518268", "From Hibbert Street, Battersea to St Mary's Hospital, Paddington"
"LINESTRING (-0.109006 51.521661,-0.171103 51.518268", "From Hatton Wall, Holborn to St Mary's Hospital, Paddington"
"LINESTRING (-0.123702 51.506767,-0.171103 51.518268", "From Northumberland Avenue, Strand to St Mary's Hospital, Paddington"
"LINESTRING (-0.157183 51.52026,-0.171103 51.518268", "From Crawford Street, Marylebone to St Mary's Hospital, Paddington"
"LINESTRING (-0.09734 51.520841,-0.138089 51.484839", "From Aldersgate Street, Barbican to Claverton Street, Pimlico"
"LINESTRING (-0.14177 51.479501,-0.138089 51.484839", "From Battersea Park Road, Nine Elms to Claverton Street, Pimlico"
"LINESTRING (-0.138089 51.484839,-0.138089 51.484839", "From Claverton Street, Pimlico to Claverton Street, Pimlico"
"LINESTRING (-0.082989 51.510484,-0.138089 51.484839", "From Great Tower Street, Monument to Claverton Street, Pimlico"
"LINESTRING (-0.122219 51.51477,-0.138089 51.484839", "From Drury Lane, Covent Garden to Claverton Street, Pimlico"
"LINESTRING (-0.144132 51.493204,-0.138089 51.484839", "From Belgrave Road, Victoria to Claverton Street, Pimlico"
"LINESTRING (-0.138212 51.481335,-0.138089 51.484839", "From Riverlight South, Nine Elms to Claverton Street, Pimlico"
"LINESTRING (-0.085666 51.499075,-0.138089 51.484839", "From Long Lane , Bermondsey to Claverton Street, Pimlico"
"LINESTRING (-0.113936 51.500139,-0.138089 51.484839", "From Lower Marsh, Waterloo to Claverton Street, Pimlico"
"LINESTRING (-0.135635 51.488226,-0.138089 51.484839", "From St. George's Square, Pimlico to Claverton Street, Pimlico"
"LINESTRING (-0.106823 51.508033,-0.138089 51.484839", "From Sea Containers, South Bank to Claverton Street, Pimlico"
"LINESTRING (-0.108322 51.510981,-0.138089 51.484839", "From Temple Gardens, Temple to Claverton Street, Pimlico"
"LINESTRING (-0.183165 51.474665,-0.138089 51.484839", "From Imperial Wharf Station, Sands End to Claverton Street, Pimlico"
"LINESTRING (-0.135478 51.495827,-0.138089 51.484839", "From Rochester Row, Westminster to Claverton Street, Pimlico"
"LINESTRING (-0.147857 51.477966,-0.138089 51.484839", "From Gas Holders, Battersea Park to Claverton Street, Pimlico"
"LINESTRING (-0.111435 51.48894,-0.138089 51.484839", "From Kennington Cross, Kennington to Claverton Street, Pimlico"
"LINESTRING (-0.119047 51.509631,-0.138089 51.484839", "From Embankment (Savoy), Strand to Claverton Street, Pimlico"
"LINESTRING (-0.152248 51.467185,-0.138089 51.484839", "From Ashley Crescent, Battersea to Claverton Street, Pimlico"
"LINESTRING (-0.127575 51.495805,-0.138089 51.484839", "From Smith Square, Westminster to Claverton Street, Pimlico"
"LINESTRING (-0.141334 51.492345,-0.138089 51.484839", "From Guildhouse Street, Victoria to Claverton Street, Pimlico"
"LINESTRING (-0.124469 51.485917,-0.138089 51.484839", "From Vauxhall Cross, Vauxhall to Claverton Street, Pimlico"
"LINESTRING (-0.149004 51.485821,-0.138089 51.484839", "From Chelsea Bridge, Pimlico to Claverton Street, Pimlico"
"LINESTRING (-0.104708 51.52326,-0.138089 51.484839", "From Clerkenwell Green, Clerkenwell to Claverton Street, Pimlico"
"LINESTRING (-0.114842 51.50621,-0.138089 51.484839", "From Belvedere Road 2, South Bank to Claverton Street, Pimlico"
"LINESTRING (-0.128279 51.5293,-0.138089 51.484839", "From Ossulston Street, Somers Town to Claverton Street, Pimlico"
"LINESTRING (-0.096496 51.517821,-0.138089 51.484839", "From Museum of London, Barbican to Claverton Street, Pimlico"
"LINESTRING (-0.185273 51.481765,-0.138089 51.484839", "From Hortensia Road, West Brompton to Claverton Street, Pimlico"
"LINESTRING (-0.112824 51.503791,-0.165471 51.498884", "From Waterloo Station 3, Waterloo to Montpelier Street, Knightsbridge"
"LINESTRING (-0.131961 51.508446,-0.165471 51.498884", "From Charles II Street, West End to Montpelier Street, Knightsbridge"
"LINESTRING (-0.156166 51.518913,-0.165471 51.498884", "From Baker Street, Marylebone to Montpelier Street, Knightsbridge"
"LINESTRING (-0.155525 51.516204,-0.165471 51.498884", "From Portman Square, Marylebone to Montpelier Street, Knightsbridge"
"LINESTRING (-0.166878 51.488023,-0.165471 51.498884", "From Flood Street, Chelsea to Montpelier Street, Knightsbridge"
"LINESTRING (-0.205921 51.511624,-0.165471 51.498884", "From Ladbroke Grove Central, Ladbroke Grove to Montpelier Street, Knightsbridge"
"LINESTRING (-0.149004 51.485821,-0.165471 51.498884", "From Chelsea Bridge, Pimlico to Montpelier Street, Knightsbridge"
"LINESTRING (-0.130699 51.50777,-0.165471 51.498884", "From Pall Mall East, West End to Montpelier Street, Knightsbridge"
"LINESTRING (-0.147203 51.515308,-0.165471 51.498884", "From Chapel Place, Marylebone to Montpelier Street, Knightsbridge"
"LINESTRING (-0.174554 51.499917,-0.165471 51.498884", "From Exhibition Road, Knightsbridge to Montpelier Street, Knightsbridge"
"LINESTRING (-0.173009 51.495898,-0.165471 51.498884", "From Victoria & Albert Museum, South Kensington to Montpelier Street, Knightsbridge"
"LINESTRING (-0.126994 51.470732,-0.165471 51.498884", "From Clarence Walk, Stockwell to Montpelier Street, Knightsbridge"
"LINESTRING (-0.142844 51.506613,-0.165471 51.498884", "From Green Park Station, Mayfair to Montpelier Street, Knightsbridge"
"LINESTRING (-0.170703 51.470847,-0.165471 51.498884", "From Simpson Street, Clapham Junction to Montpelier Street, Knightsbridge"
"LINESTRING (-0.142844 51.506613,-0.165471 51.498884", "From Green Park Station, Mayfair to Montpelier Street, Knightsbridge"
"LINESTRING (-0.173881 51.494412,-0.165471 51.498884", "From South Kensington Station, South Kensington to Montpelier Street, Knightsbridge"
"LINESTRING (-0.202038 51.48357,-0.165471 51.498884", "From Coomer Place, West Kensington to Montpelier Street, Knightsbridge"
"LINESTRING (-0.191462 51.501364,-0.165471 51.498884", "From Derry Street, Kensington to Montpelier Street, Knightsbridge"
"LINESTRING (-0.142943 51.496863,-0.165471 51.498884", "From Allington Street, Victoria to Montpelier Street, Knightsbridge"
"LINESTRING (-0.115057 51.512582,-0.165471 51.498884", "From Strand, Strand to Montpelier Street, Knightsbridge"
"LINESTRING (-0.192404 51.496481,-0.165471 51.498884", "From Marloes Road, Kensington to Montpelier Street, Knightsbridge"
"LINESTRING (-0.179854 51.501715,-0.165471 51.498884", "From Queen's Gate, Kensington Gardens to Montpelier Street, Knightsbridge"
"LINESTRING (-0.193254 51.476259,-0.165471 51.498884", "From Eel Brook Common, Walham Green to Montpelier Street, Knightsbridge"
"LINESTRING (-0.153933 51.494561,-0.165471 51.498884", "From Eaton Square (South), Belgravia to Montpelier Street, Knightsbridge"
"LINESTRING (-0.206827 51.467601,-0.165471 51.498884", "From Ranelagh Gardens, Fulham to Montpelier Street, Knightsbridge"
"LINESTRING (-0.157436 51.512276,-0.165471 51.498884", "From Green Street, Mayfair to Montpelier Street, Knightsbridge"
"LINESTRING (-0.19096 51.51244,-0.165471 51.498884", "From Ilchester Gardens, Bayswater to Montpelier Street, Knightsbridge"
"LINESTRING (-0.18498 51.501737,-0.165471 51.498884", "From De Vere Gardens, Kensington to Montpelier Street, Knightsbridge"
"LINESTRING (-0.191496 51.503157,-0.165471 51.498884", "From Kensington Church Street, Kensington to Montpelier Street, Knightsbridge"
"LINESTRING (-0.173881 51.494412,-0.165471 51.498884", "From South Kensington Station, South Kensington to Montpelier Street, Knightsbridge"
"LINESTRING (-0.154701 51.520583,-0.165471 51.498884", "From Paddington Street, Marylebone to Montpelier Street, Knightsbridge"
"LINESTRING (-0.158105 51.494645,-0.165471 51.498884", "From Cadogan Place, Knightsbridge to Montpelier Street, Knightsbridge"
"LINESTRING (-0.183846 51.523344,-0.165471 51.498884", "From Warwick Avenue Station, Maida Vale to Montpelier Street, Knightsbridge"
"LINESTRING (-0.142844 51.506613,-0.165471 51.498884", "From Green Park Station, Mayfair to Montpelier Street, Knightsbridge"
"LINESTRING (-0.173009 51.495898,-0.165471 51.498884", "From Victoria & Albert Museum, South Kensington to Montpelier Street, Knightsbridge"
"LINESTRING (-0.151926 51.516814,-0.165471 51.498884", "From Hinde Street, Marylebone to Montpelier Street, Knightsbridge"
"LINESTRING (-0.191462 51.501364,-0.165471 51.498884", "From Derry Street, Kensington to Montpelier Street, Knightsbridge"
"LINESTRING (-0.128279 51.5293,-0.165471 51.498884", "From Ossulston Street, Somers Town to Montpelier Street, Knightsbridge"
"LINESTRING (-0.179854 51.501715,-0.165471 51.498884", "From Queen's Gate, Kensington Gardens to Montpelier Street, Knightsbridge"
"LINESTRING (-0.170983 51.486892,-0.165471 51.498884", "From Manresa Road, Chelsea to Montpelier Street, Knightsbridge"
"LINESTRING (-0.162298 51.522511,-0.165471 51.498884", "From Boston Place, Marylebone to Montpelier Street, Knightsbridge"
"LINESTRING (-0.156166 51.518913,-0.165471 51.498884", "From Baker Street, Marylebone to Montpelier Street, Knightsbridge"
"LINESTRING (-0.205991 51.501391,-0.165471 51.498884", "From Abbotsbury Road, Holland Park to Montpelier Street, Knightsbridge"
"LINESTRING (-0.113864 51.504027,-0.165471 51.498884", "From Waterloo Station 1, Waterloo to Montpelier Street, Knightsbridge"
"LINESTRING (-0.179854 51.501715,-0.165471 51.498884", "From Queen's Gate, Kensington Gardens to Montpelier Street, Knightsbridge"
"LINESTRING (-0.123823 51.501513,-0.165471 51.498884", "From Westminster Pier, Westminster to Montpelier Street, Knightsbridge"
"LINESTRING (-0.13151 51.509639,-0.165471 51.498884", "From Panton Street, West End to Montpelier Street, Knightsbridge"
"LINESTRING (-0.147203 51.515308,-0.165471 51.498884", "From Chapel Place, Marylebone to Montpelier Street, Knightsbridge"
"LINESTRING (-0.170983 51.486892,-0.165471 51.498884", "From Manresa Road, Chelsea to Montpelier Street, Knightsbridge"
"LINESTRING (-0.174554 51.499917,-0.165471 51.498884", "From Exhibition Road, Knightsbridge to Montpelier Street, Knightsbridge"
"LINESTRING (-0.179668 51.511654,-0.209494 51.498157", "From Lancaster Gate , Bayswater to Kensington Olympia Station, Olympia"
"LINESTRING (-0.138072 51.517344,-0.209494 51.498157", "From Wells Street, Fitzrovia to Kensington Olympia Station, Olympia"
"LINESTRING (-0.134234 51.494591,-0.209494 51.498157", "From Greycoat Street , Westminster to Kensington Olympia Station, Olympia"
"LINESTRING (-0.215808 51.503802,-0.209494 51.498157", "From Hansard Mews, Holland Park to Kensington Olympia Station, Olympia"
"LINESTRING (-0.215808 51.503802,-0.209494 51.498157", "From Hansard Mews, Holland Park to Kensington Olympia Station, Olympia"
"LINESTRING (-0.215808 51.503802,-0.209494 51.498157", "From Hansard Mews, Holland Park to Kensington Olympia Station, Olympia"
"LINESTRING (-0.209378 51.489591,-0.209494 51.498157", "From Vereker Road, West Kensington to Kensington Olympia Station, Olympia"
"LINESTRING (-0.226606 51.488108,-0.209494 51.498157", "From Crisp Road, Hammersmith to Kensington Olympia Station, Olympia"
"LINESTRING (-0.138089 51.484839,-0.209494 51.498157", "From Claverton Street, Pimlico to Kensington Olympia Station, Olympia"
"LINESTRING (-0.197245 51.497387,-0.209494 51.498157", "From Abingdon Villas, Kensington to Kensington Olympia Station, Olympia"
"LINESTRING (-0.2174 51.504038,-0.209494 51.498157", "From Woodstock Grove, Shepherd's Bush to Kensington Olympia Station, Olympia"
"LINESTRING (-0.191462 51.501364,-0.209494 51.498157", "From Derry Street, Kensington to Kensington Olympia Station, Olympia"
"LINESTRING (-0.197574 51.499606,-0.209494 51.498157", "From Phillimore Gardens, Kensington to Kensington Olympia Station, Olympia"
"LINESTRING (-0.2174 51.504038,-0.209494 51.498157", "From Woodstock Grove, Shepherd's Bush to Kensington Olympia Station, Olympia"
"LINESTRING (-0.217995 51.487285,-0.209494 51.498157", "From Charing Cross Hospital, Hammersmith to Kensington Olympia Station, Olympia"
"LINESTRING (-0.178656 51.501432,-0.209494 51.498157", "From Kensington Gore, Knightsbridge to Kensington Olympia Station, Olympia"
"LINESTRING (-0.1844 51.502042,-0.209494 51.498157", "From Palace Gate, Kensington Gardens to Kensington Olympia Station, Olympia"
"LINESTRING (-0.19617 51.490853,-0.209494 51.498157", "From Trebovir Road, Earl's Court to Kensington Olympia Station, Olympia"
"LINESTRING (-0.19617 51.490853,-0.209494 51.498157", "From Trebovir Road, Earl's Court to Kensington Olympia Station, Olympia"
"LINESTRING (-0.192369 51.491593,-0.209494 51.498157", "From Penywern Road, Earl's Court to Kensington Olympia Station, Olympia"
"LINESTRING (-0.195455 51.500401,-0.209494 51.498157", "From Argyll Road, Kensington to Kensington Olympia Station, Olympia"
"LINESTRING (-0.194116 51.479932,-0.209494 51.498157", "From Fulham Broadway, Walham Green to Kensington Olympia Station, Olympia"
"LINESTRING (-0.2174 51.504038,-0.209494 51.498157", "From Woodstock Grove, Shepherd's Bush to Kensington Olympia Station, Olympia"
"LINESTRING (-0.150666 51.506864,-0.209494 51.498157", "From Stanhope Gate, Mayfair to Kensington Olympia Station, Olympia"
"LINESTRING (-0.214762 51.5129,-0.209494 51.498157", "From Grenfell Road, Avondale to Kensington Olympia Station, Olympia"
"LINESTRING (-0.183165 51.474665,-0.135635 51.488226", "From Imperial Wharf Station, Sands End to St. George's Square, Pimlico"
"LINESTRING (-0.194116 51.479932,-0.135635 51.488226", "From Fulham Broadway, Walham Green to St. George's Square, Pimlico"
"LINESTRING (-0.149551 51.477619,-0.135635 51.488226", "From Queen's Circus, Battersea Park to St. George's Square, Pimlico"
"LINESTRING (-0.134621 51.507424,-0.135635 51.488226", "From St. James's Square, St. James's to St. George's Square, Pimlico"
"LINESTRING (-0.138212 51.481335,-0.135635 51.488226", "From Riverlight South, Nine Elms to St. George's Square, Pimlico"
"LINESTRING (-0.129925 51.493072,-0.135635 51.488226", "From Vincent Street, Pimlico to St. George's Square, Pimlico"
"LINESTRING (-0.082422 51.516154,-0.135635 51.488226", "From Wormwood Street, Liverpool Street to St. George's Square, Pimlico"
"LINESTRING (-0.138846 51.510048,-0.135635 51.488226", "From Sackville Street, Mayfair to St. George's Square, Pimlico"
"LINESTRING (-0.170329 51.477684,-0.135635 51.488226", "From Westbridge Road, Battersea to St. George's Square, Pimlico"
"LINESTRING (-0.140741 51.488057,-0.135635 51.488226", "From Alderney Street, Pimlico to St. George's Square, Pimlico"
"LINESTRING (-0.132224 51.49206,-0.135635 51.488226", "From Regency Street, Westminster to St. George's Square, Pimlico"
"LINESTRING (-0.136123 51.482362,-0.135635 51.488226", "From Riverlight North, Nine Elms to St. George's Square, Pimlico"
"LINESTRING (-0.187402 51.51031,-0.135635 51.488226", "From Queensway, Kensington Gardens to St. George's Square, Pimlico"
"LINESTRING (-0.117122 51.490994,-0.135635 51.488226", "From Black Prince Road, Vauxhall to St. George's Square, Pimlico"
"LINESTRING (-0.124469 51.485917,-0.135635 51.488226", "From Vauxhall Cross, Vauxhall to St. George's Square, Pimlico"
"LINESTRING (-0.136123 51.482362,-0.135635 51.488226", "From Riverlight North, Nine Elms to St. George's Square, Pimlico"
"LINESTRING (-0.159169 51.475153,-0.135635 51.488226", "From Prince of Wales Drive, Battersea Park to St. George's Square, Pimlico"
"LINESTRING (-0.150908 51.47505,-0.135635 51.488226", "From Alfreda Street, Battersea Park to St. George's Square, Pimlico"
"LINESTRING (-0.141334 51.492345,-0.135635 51.488226", "From Guildhouse Street, Victoria to St. George's Square, Pimlico"
"LINESTRING (-0.170983 51.486892,-0.135635 51.488226", "From Manresa Road, Chelsea to St. George's Square, Pimlico"
"LINESTRING (-0.144132 51.493204,-0.135635 51.488226", "From Belgrave Road, Victoria to St. George's Square, Pimlico"
"LINESTRING (-0.138846 51.510048,-0.135635 51.488226", "From Sackville Street, Mayfair to St. George's Square, Pimlico"
"LINESTRING (-0.164786 51.477292,-0.135635 51.488226", "From Ethelburga Estate, Battersea Park to St. George's Square, Pimlico"
"LINESTRING (-0.135635 51.488226,-0.135635 51.488226", "From St. George's Square, Pimlico to St. George's Square, Pimlico"
"LINESTRING (-0.135478 51.495827,-0.135635 51.488226", "From Rochester Row, Westminster to St. George's Square, Pimlico"
"LINESTRING (-0.096191 51.498597,-0.135635 51.488226", "From Harper Road, The Borough to St. George's Square, Pimlico"
"LINESTRING (-0.183165 51.474665,-0.135635 51.488226", "From Imperial Wharf Station, Sands End to St. George's Square, Pimlico"
"LINESTRING (-0.113864 51.504027,-0.135635 51.488226", "From Waterloo Station 1, Waterloo to St. George's Square, Pimlico"
"LINESTRING (-0.157183 51.52026,-0.135635 51.488226", "From Crawford Street, Marylebone to St. George's Square, Pimlico"
"LINESTRING (-0.123179 51.506543,-0.135635 51.488226", "From Whitehall Place, Strand to St. George's Square, Pimlico"
"LINESTRING (-0.161765 51.487964,-0.135635 51.488226", "From Ormonde Gate, Chelsea to St. George's Square, Pimlico"
"LINESTRING (-0.132845 51.489975,-0.135635 51.488226", "From Rampayne Street, Pimlico to St. George's Square, Pimlico"
"LINESTRING (-0.180246 51.501026,-0.135635 51.488226", "From Queen's Gate (North), Kensington to St. George's Square, Pimlico"
"LINESTRING (-0.139625 51.490962,-0.135635 51.488226", "From Gloucester Street, Pimlico to St. George's Square, Pimlico"
"LINESTRING (-0.141334 51.492345,-0.135635 51.488226", "From Guildhouse Street, Victoria to St. George's Square, Pimlico"
"LINESTRING (-0.129925 51.493072,-0.135635 51.488226", "From Vincent Street, Pimlico to St. George's Square, Pimlico"
"LINESTRING (-0.126021 51.508103,-0.135635 51.488226", "From Craven Street, Strand to St. George's Square, Pimlico"
"LINESTRING (-0.164786 51.477292,-0.135635 51.488226", "From Ethelburga Estate, Battersea Park to St. George's Square, Pimlico"
"LINESTRING (-0.124469 51.485917,-0.135635 51.488226", "From Vauxhall Cross, Vauxhall to St. George's Square, Pimlico"
"LINESTRING (-0.129925 51.493072,-0.135635 51.488226", "From Vincent Street, Pimlico to St. George's Square, Pimlico"
"LINESTRING (-0.134621 51.507424,-0.135635 51.488226", "From St. James's Square, St. James's to St. George's Square, Pimlico"
"LINESTRING (-0.130458 51.494816,-0.135635 51.488226", "From Horseferry Road, Westminster to St. George's Square, Pimlico"
"LINESTRING (-0.108028 51.518825,-0.092762 51.500296", "From Hatton Garden, Holborn to Swan Street, The Borough"
"LINESTRING (-0.101384 51.49652,-0.092762 51.500296", "From Ontario Street, Elephant & Castle to Swan Street, The Borough"
"LINESTRING (-0.113864 51.504027,-0.092762 51.500296", "From Waterloo Station 1, Waterloo to Swan Street, The Borough"
"LINESTRING (-0.176267 51.472876,-0.092762 51.500296", "From Vicarage Crescent, Battersea to Swan Street, The Borough"
"LINESTRING (-0.077178 51.514449,-0.092762 51.500296", "From Houndsditch, Aldgate to Swan Street, The Borough"
"LINESTRING (-0.074754 51.523648,-0.092762 51.500296", "From Bethnal Green Road, Shoreditch to Swan Street, The Borough"
"LINESTRING (-0.13214 51.519572,-0.092762 51.500296", "From Store Street, Bloomsbury to Swan Street, The Borough"
"LINESTRING (-0.116764 51.51362,-0.092762 51.500296", "From Houghton Street, Strand to Swan Street, The Borough"
"LINESTRING (-0.091938 51.492807,-0.092762 51.500296", "From Victory Place, Walworth to Swan Street, The Borough"
"LINESTRING (-0.09022 51.491484,-0.092762 51.500296", "From Rodney Road , Walworth to Swan Street, The Borough"
"LINESTRING (-0.123616 51.529943,-0.092762 51.500296", "From Belgrove Street , King's Cross to Swan Street, The Borough"
"LINESTRING (-0.157275 51.510017,-0.092762 51.500296", "From Park Lane , Hyde Park to Swan Street, The Borough"
"LINESTRING (-0.089446 51.497382,-0.092762 51.500296", "From Great Dover Street, The Borough to Swan Street, The Borough"
"LINESTRING (-0.088285 51.519069,-0.092762 51.500296", "From Moorfields, Moorgate to Swan Street, The Borough"
"LINESTRING (-0.088542 51.527025,-0.092762 51.500296", "From Baldwin Street, St. Luke's to Swan Street, The Borough"
"LINESTRING (-0.079684 51.516468,-0.092762 51.500296", "From Devonshire Square, Liverpool Street to Swan Street, The Borough"
"LINESTRING (-0.081608 51.497855,-0.092762 51.500296", "From Bermondsey Street, Bermondsey to Swan Street, The Borough"
"LINESTRING (-0.106237 51.507244,-0.092762 51.500296", "From Milroy Walk, South Bank to Swan Street, The Borough"
"LINESTRING (-0.138364 51.492111,-0.092762 51.500296", "From Tachbrook Street, Victoria to Swan Street, The Borough"
"LINESTRING (-0.081608 51.497855,-0.092762 51.500296", "From Bermondsey Street, Bermondsey to Swan Street, The Borough"
"LINESTRING (-0.138364 51.492111,-0.092762 51.500296", "From Tachbrook Street, Victoria to Swan Street, The Borough"
"LINESTRING (-0.115057 51.512582,-0.092762 51.500296", "From Strand, Strand to Swan Street, The Borough"
"LINESTRING (-0.110699 51.501444,-0.092762 51.500296", "From Baylis Road, Waterloo to Swan Street, The Borough"
"LINESTRING (-0.108657 51.51795,-0.092762 51.500296", "From Holborn Circus, Holborn to Swan Street, The Borough"
"LINESTRING (-0.123823 51.501513,-0.092762 51.500296", "From Westminster Pier, Westminster to Swan Street, The Borough"
"LINESTRING (-0.079249 51.518908,-0.092762 51.500296", "From Brushfield Street, Liverpool Street to Swan Street, The Borough"
"LINESTRING (-0.113864 51.504027,-0.092762 51.500296", "From Waterloo Station 1, Waterloo to Swan Street, The Borough"
"LINESTRING (-0.077121 51.511594,-0.092762 51.500296", "From Crosswall, Tower to Swan Street, The Borough"
"LINESTRING (-0.104778 51.504044,-0.092762 51.500296", "From Southwark Station 2, Southwark to Swan Street, The Borough"
"LINESTRING (-0.187404 51.487958,-0.190603 51.493631", "From Harcourt Terrace, West Brompton to Knaresborough Place, Earl's Court"
"LINESTRING (-0.193068 51.500397,-0.190603 51.493631", "From Wright's Lane, Kensington to Knaresborough Place, Earl's Court"
"LINESTRING (-0.170983 51.486892,-0.190603 51.493631", "From Manresa Road, Chelsea to Knaresborough Place, Earl's Court"
"LINESTRING (-0.138212 51.481335,-0.190603 51.493631", "From Riverlight South, Nine Elms to Knaresborough Place, Earl's Court"
"LINESTRING (-0.163609 51.51809,-0.190603 51.493631", "From Shouldham Street, Marylebone to Knaresborough Place, Earl's Court"
"LINESTRING (-0.16716 51.47518,-0.190603 51.493631", "From Surrey Lane, Battersea to Knaresborough Place, Earl's Court"
"LINESTRING (-0.19617 51.490853,-0.190603 51.493631", "From Trebovir Road, Earl's Court to Knaresborough Place, Earl's Court"
"LINESTRING (-0.202038 51.48357,-0.190603 51.493631", "From Coomer Place, West Kensington to Knaresborough Place, Earl's Court"
"LINESTRING (-0.190393 51.490163,-0.190603 51.493631", "From Bramham Gardens, Earl's Court to Knaresborough Place, Earl's Court"
"LINESTRING (-0.183834 51.497924,-0.190603 51.493631", "From Gloucester Road (North), Kensington to Knaresborough Place, Earl's Court"
"LINESTRING (-0.133201 51.512515,-0.190603 51.493631", "From Wardour Street, Soho to Knaresborough Place, Earl's Court"
"LINESTRING (-0.202038 51.48357,-0.190603 51.493631", "From Coomer Place, West Kensington to Knaresborough Place, Earl's Court"
"LINESTRING (-0.117619 51.509943,-0.190603 51.493631", "From Somerset House, Strand to Knaresborough Place, Earl's Court"
"LINESTRING (-0.172528 51.533043,-0.190603 51.493631", "From Wellington Road, St. John's Wood to Knaresborough Place, Earl's Court"
"LINESTRING (-0.117619 51.509943,-0.190603 51.493631", "From Somerset House, Strand to Knaresborough Place, Earl's Court"
"LINESTRING (-0.187842 51.509908,-0.190603 51.493631", "From Black Lion Gate, Kensington Gardens to Knaresborough Place, Earl's Court"
"LINESTRING (-0.193068 51.500397,-0.190603 51.493631", "From Wright's Lane, Kensington to Knaresborough Place, Earl's Court"
"LINESTRING (-0.108322 51.510981,-0.190603 51.493631", "From Temple Gardens, Temple to Knaresborough Place, Earl's Court"
"LINESTRING (-0.173881 51.494412,-0.190603 51.493631", "From South Kensington Station, South Kensington to Knaresborough Place, Earl's Court"
"LINESTRING (-0.194116 51.479932,-0.190603 51.493631", "From Fulham Broadway, Walham Green to Knaresborough Place, Earl's Court"
"LINESTRING (-0.194116 51.479932,-0.190603 51.493631", "From Fulham Broadway, Walham Green to Knaresborough Place, Earl's Court"
"LINESTRING (-0.192369 51.491593,-0.190603 51.493631", "From Penywern Road, Earl's Court to Knaresborough Place, Earl's Court"
"LINESTRING (-0.106 51.496127,-0.106 51.496127", "From Geraldine Street, Elephant & Castle to Geraldine Street, Elephant & Castle"
"LINESTRING (-0.105312 51.504043,-0.106 51.496127", "From Southwark Station 1, Southwark to Geraldine Street, Elephant & Castle"
"LINESTRING (-0.110889 51.495718,-0.106 51.496127", "From Kennington Road  , Vauxhall to Geraldine Street, Elephant & Castle"
"LINESTRING (-0.077121 51.511594,-0.106 51.496127", "From Crosswall, Tower to Geraldine Street, Elephant & Castle"
"LINESTRING (-0.074754 51.523648,-0.106 51.496127", "From Bethnal Green Road, Shoreditch to Geraldine Street, Elephant & Castle"
"LINESTRING (-0.122492 51.486343,-0.106 51.496127", "From Kennington Lane Rail Bridge, Vauxhall to Geraldine Street, Elephant & Castle"
"LINESTRING (-0.085814 51.495061,-0.106 51.496127", "From Bricklayers Arms, Borough to Geraldine Street, Elephant & Castle"
"LINESTRING (-0.127575 51.495805,-0.106 51.496127", "From Smith Square, Westminster to Geraldine Street, Elephant & Castle"
"LINESTRING (-0.107349 51.511891,-0.106 51.496127", "From Tallis Street, Temple to Geraldine Street, Elephant & Castle"
"LINESTRING (-0.151359 51.522008,-0.106 51.496127", "From Beaumont Street, Marylebone to Geraldine Street, Elephant & Castle"
"LINESTRING (-0.104778 51.504044,-0.106 51.496127", "From Southwark Station 2, Southwark to Geraldine Street, Elephant & Castle"
"LINESTRING (-0.104778 51.504044,-0.106 51.496127", "From Southwark Station 2, Southwark to Geraldine Street, Elephant & Castle"
"LINESTRING (-0.107349 51.511891,-0.106 51.496127", "From Tallis Street, Temple to Geraldine Street, Elephant & Castle"
"LINESTRING (-0.121723 51.510701,-0.106 51.496127", "From Southampton Street, Strand to Geraldine Street, Elephant & Castle"
"LINESTRING (-0.091773 51.504627,-0.106 51.496127", "From Hop Exchange, The Borough to Geraldine Street, Elephant & Castle"
"LINESTRING (-0.09885 51.515418,-0.074189 51.502279", "From Newgate Street , St. Paul's to Curlew Street, Shad Thames"
"LINESTRING (-0.124749 51.509462,-0.074189 51.502279", "From William IV Street, Strand to Curlew Street, Shad Thames"
"LINESTRING (-0.08974 51.500823,-0.074189 51.502279", "From Empire Square, The Borough to Curlew Street, Shad Thames"
"LINESTRING (-0.055846 51.499169,-0.074189 51.502279", "From Rotherhithe Roundabout, Rotherhithe to Curlew Street, Shad Thames"
"LINESTRING (-0.079249 51.518908,-0.074189 51.502279", "From Brushfield Street, Liverpool Street to Curlew Street, Shad Thames"
"LINESTRING (-0.075578 51.52127,-0.074189 51.502279", "From Commercial Street, Shoreditch to Curlew Street, Shad Thames"
"LINESTRING (-0.085814 51.495061,-0.074189 51.502279", "From Bricklayers Arms, Borough to Curlew Street, Shad Thames"
"LINESTRING (-0.086685 51.517075,-0.074189 51.502279", "From Finsbury Circus, Liverpool Street to Curlew Street, Shad Thames"
"LINESTRING (-0.063471 51.497995,-0.074189 51.502279", "From Bermondsey Station, Bermondsey to Curlew Street, Shad Thames"
"LINESTRING (-0.06797 51.504904,-0.074189 51.502279", "From Wapping High Street, Wapping to Curlew Street, Shad Thames"
"LINESTRING (-0.086685 51.517075,-0.074189 51.502279", "From Finsbury Circus, Liverpool Street to Curlew Street, Shad Thames"
"LINESTRING (-0.091773 51.504627,-0.074189 51.502279", "From Hop Exchange, The Borough to Curlew Street, Shad Thames"
"LINESTRING (-0.087262 51.506304,-0.074189 51.502279", "From Duke Street Hill, London Bridge to Curlew Street, Shad Thames"
"LINESTRING (-0.129698 51.500703,-0.074189 51.502279", "From Storey's Gate, Westminster to Curlew Street, Shad Thames"
"LINESTRING (-0.06797 51.504904,-0.074189 51.502279", "From Wapping High Street, Wapping to Curlew Street, Shad Thames"
"LINESTRING (-0.073537 51.514233,-0.074189 51.502279", "From Braham Street, Aldgate to Curlew Street, Shad Thames"
"LINESTRING (-0.087262 51.506304,-0.074189 51.502279", "From Duke Street Hill, London Bridge to Curlew Street, Shad Thames"
"LINESTRING (-0.075459 51.509506,-0.074189 51.502279", "From Tower Gardens , Tower to Curlew Street, Shad Thames"
"LINESTRING (-0.087262 51.506304,-0.074189 51.502279", "From Duke Street Hill, London Bridge to Curlew Street, Shad Thames"
"LINESTRING (-0.083493 51.520955,-0.074189 51.502279", "From Pindar Street, Liverpool Street to Curlew Street, Shad Thames"
"LINESTRING (-0.113134 51.483145,-0.074189 51.502279", "From Kennington Oval, Oval to Curlew Street, Shad Thames"
"LINESTRING (-0.115057 51.512582,-0.074189 51.502279", "From Strand, Strand to Curlew Street, Shad Thames"
"LINESTRING (-0.04915 51.498439,-0.074189 51.502279", "From Canada Water Station, Rotherhithe to Curlew Street, Shad Thames"
"LINESTRING (-0.115851 51.505044,-0.074189 51.502279", "From Concert Hall Approach 1, South Bank to Curlew Street, Shad Thames"
"LINESTRING (-0.074704 51.500845,-0.074189 51.502279", "From Tower Wharf, Bermondsey to Curlew Street, Shad Thames"
"LINESTRING (-0.063471 51.497995,-0.074189 51.502279", "From Bermondsey Station, Bermondsey to Curlew Street, Shad Thames"
"LINESTRING (-0.131213 51.513103,-0.074189 51.502279", "From Frith Street, Soho to Curlew Street, Shad Thames"
"LINESTRING (-0.086685 51.517075,-0.074189 51.502279", "From Finsbury Circus, Liverpool Street to Curlew Street, Shad Thames"
"LINESTRING (-0.086685 51.517075,-0.074189 51.502279", "From Finsbury Circus, Liverpool Street to Curlew Street, Shad Thames"
"LINESTRING (-0.069543 51.525645,-0.074189 51.502279", "From Granby Street, Shoreditch to Curlew Street, Shad Thames"
"LINESTRING (-0.113885 51.51165,-0.074189 51.502279", "From Arundel Street to Curlew Street, Shad Thames"
"LINESTRING (-0.074189 51.502279,-0.074189 51.502279", "From Curlew Street, Shad Thames to Curlew Street, Shad Thames"
"LINESTRING (-0.063471 51.497995,-0.074189 51.502279", "From Bermondsey Station, Bermondsey to Curlew Street, Shad Thames"
"LINESTRING (-0.047548 51.528869,-0.074189 51.502279", "From Globe Town Market, Bethnal Green to Curlew Street, Shad Thames"
"LINESTRING (-0.063531 51.504719,-0.074189 51.502279", "From Hermitage Court, Wapping to Curlew Street, Shad Thames"
"LINESTRING (-0.11655 51.51824,-0.074189 51.502279", "From Red Lion Street, Holborn to Curlew Street, Shad Thames"
"LINESTRING (-0.075459 51.509506,-0.074189 51.502279", "From Tower Gardens , Tower to Curlew Street, Shad Thames"
"LINESTRING (-0.138212 51.481335,-0.074189 51.502279", "From Riverlight South, Nine Elms to Curlew Street, Shad Thames"
"LINESTRING (-0.087262 51.506304,-0.074189 51.502279", "From Duke Street Hill, London Bridge to Curlew Street, Shad Thames"
"LINESTRING (-0.086685 51.517075,-0.074189 51.502279", "From Finsbury Circus, Liverpool Street to Curlew Street, Shad Thames"
"LINESTRING (-0.063471 51.497995,-0.074189 51.502279", "From Bermondsey Station, Bermondsey to Curlew Street, Shad Thames"
"LINESTRING (-0.127554 51.493978,-0.074189 51.502279", "From Page Street, Westminster to Curlew Street, Shad Thames"
"LINESTRING (-0.135478 51.495827,-0.136928 51.493985", "From Rochester Row, Westminster to Vincent Square, Westminster"
"LINESTRING (-0.142844 51.506613,-0.136928 51.493985", "From Green Park Station, Mayfair to Vincent Square, Westminster"
"LINESTRING (-0.142783 51.51196,-0.136928 51.493985", "From St. George Street, Mayfair to Vincent Square, Westminster"
"LINESTRING (-0.197609 51.483911,-0.136928 51.493985", "From Halford Road, West Kensington to Vincent Square, Westminster"
"LINESTRING (-0.116688 51.520596,-0.136928 51.493985", "From Theobald's Road , Holborn to Vincent Square, Westminster"
"LINESTRING (-0.20624 51.461999,-0.136928 51.493985", "From Putney Bridge Road, East Putney to Vincent Square, Westminster"
"LINESTRING (-0.121394 51.493699,-0.136928 51.493985", "From Fire Brigade Pier, Vauxhall to Vincent Square, Westminster"
"LINESTRING (-0.121394 51.493699,-0.136928 51.493985", "From Fire Brigade Pier, Vauxhall to Vincent Square, Westminster"
"LINESTRING (-0.168292 51.462392,-0.136928 51.493985", "From St. John's Road, Clapham Junction to Vincent Square, Westminster"
"LINESTRING (-0.111471 51.479601,-0.136928 51.493985", "From Cranmer Road, Stockwell to Vincent Square, Westminster"
"LINESTRING (-0.179077 51.495592,-0.136928 51.493985", "From Natural History Museum, South Kensington to Vincent Square, Westminster"
"LINESTRING (-0.124642 51.481747,-0.136928 51.493985", "From South Lambeth Road, Vauxhall to Vincent Square, Westminster"
"LINESTRING (-0.087262 51.506304,-0.136928 51.493985", "From Duke Street Hill, London Bridge to Vincent Square, Westminster"
"LINESTRING (-0.111435 51.48894,-0.136928 51.493985", "From Kennington Cross, Kennington to Vincent Square, Westminster"
"LINESTRING (-0.153933 51.494561,-0.136928 51.493985", "From Eaton Square (South), Belgravia to Vincent Square, Westminster"
"LINESTRING (-0.18697 51.51616,-0.17306 51.505014", "From Bishop's Bridge Road West, Bayswater to Serpentine Car Park, Hyde Park"
"LINESTRING (-0.200838 51.514311,-0.17306 51.505014", "From Turquoise Island, Notting Hill to Serpentine Car Park, Hyde Park"
"LINESTRING (-0.147983 51.519167,-0.17306 51.505014", "From New Cavendish Street, Marylebone to Serpentine Car Park, Hyde Park"
"LINESTRING (-0.197574 51.499606,-0.17306 51.505014", "From Phillimore Gardens, Kensington to Serpentine Car Park, Hyde Park"
"LINESTRING (-0.157436 51.512276,-0.17306 51.505014", "From Green Street, Mayfair to Serpentine Car Park, Hyde Park"
"LINESTRING (-0.164786 51.477292,-0.17306 51.505014", "From Ethelburga Estate, Battersea Park to Serpentine Car Park, Hyde Park"
"LINESTRING (-0.165842 51.522029,-0.17306 51.505014", "From Bell Street , Marylebone to Serpentine Car Park, Hyde Park"
"LINESTRING (-0.187402 51.51031,-0.17306 51.505014", "From Queensway, Kensington Gardens to Serpentine Car Park, Hyde Park"
"LINESTRING (-0.117661 51.482678,-0.17306 51.505014", "From Ashmole Estate, Oval to Serpentine Car Park, Hyde Park"
"LINESTRING (-0.17306 51.505014,-0.17306 51.505014", "From Serpentine Car Park, Hyde Park to Serpentine Car Park, Hyde Park"
"LINESTRING (-0.17306 51.505014,-0.17306 51.505014", "From Serpentine Car Park, Hyde Park to Serpentine Car Park, Hyde Park"
"LINESTRING (-0.157436 51.512276,-0.17306 51.505014", "From Green Street, Mayfair to Serpentine Car Park, Hyde Park"
"LINESTRING (-0.117495 51.498241,-0.17306 51.505014", "From Archbishop's Park, Waterloo to Serpentine Car Park, Hyde Park"
"LINESTRING (-0.148105 51.514759,-0.17306 51.505014", "From Marylebone Lane, Marylebone to Serpentine Car Park, Hyde Park"
"LINESTRING (-0.130431 51.52168,-0.17306 51.505014", "From Malet Street, Bloomsbury to Serpentine Car Park, Hyde Park"
"LINESTRING (-0.155442 51.474376,-0.17306 51.505014", "From Austin Road, Battersea Park to Serpentine Car Park, Hyde Park"
"LINESTRING (-0.157436 51.512276,-0.17306 51.505014", "From Green Street, Mayfair to Serpentine Car Park, Hyde Park"
"LINESTRING (-0.1844 51.502042,-0.17306 51.505014", "From Palace Gate, Kensington Gardens to Serpentine Car Park, Hyde Park"
"LINESTRING (-0.126021 51.508103,-0.17306 51.505014", "From Craven Street, Strand to Serpentine Car Park, Hyde Park"
"LINESTRING (-0.17306 51.505014,-0.17306 51.505014", "From Serpentine Car Park, Hyde Park to Serpentine Car Park, Hyde Park"
"LINESTRING (-0.174554 51.499917,-0.17306 51.505014", "From Exhibition Road, Knightsbridge to Serpentine Car Park, Hyde Park"
"LINESTRING (-0.157436 51.512276,-0.17306 51.505014", "From Green Street, Mayfair to Serpentine Car Park, Hyde Park"
"LINESTRING (-0.17581 51.517335,-0.17306 51.505014", "From South Wharf Road, Paddington to Serpentine Car Park, Hyde Park"
"LINESTRING (-0.137598 51.497698,-0.17306 51.505014", "From Kings Gate House, Westminster to Serpentine Car Park, Hyde Park"
"LINESTRING (-0.174554 51.499917,-0.17306 51.505014", "From Exhibition Road, Knightsbridge to Serpentine Car Park, Hyde Park"
"LINESTRING (-0.13544 51.497829,-0.17306 51.505014", "From Butler Place, Westminster to Serpentine Car Park, Hyde Park"
"LINESTRING (-0.179854 51.501715,-0.17306 51.505014", "From Queen's Gate, Kensington Gardens to Serpentine Car Park, Hyde Park"
"LINESTRING (-0.197524 51.511084,-0.17306 51.505014", "From Pembridge Villas, Notting Hill to Serpentine Car Park, Hyde Park"
"LINESTRING (-0.187402 51.51031,-0.17306 51.505014", "From Queensway, Kensington Gardens to Serpentine Car Park, Hyde Park"
"LINESTRING (-0.158456 51.502953,-0.17306 51.505014", "From Albert Gate, Hyde Park to Serpentine Car Park, Hyde Park"
"LINESTRING (-0.17306 51.505014,-0.17306 51.505014", "From Serpentine Car Park, Hyde Park to Serpentine Car Park, Hyde Park"
"LINESTRING (-0.17977 51.51348,-0.17306 51.505014", "From Devonshire Terrace, Bayswater to Serpentine Car Park, Hyde Park"
"LINESTRING (-0.148105 51.514759,-0.17306 51.505014", "From Marylebone Lane, Marylebone to Serpentine Car Park, Hyde Park"
"LINESTRING (-0.197609 51.483911,-0.17306 51.505014", "From Halford Road, West Kensington to Serpentine Car Park, Hyde Park"
"LINESTRING (-0.17977 51.51348,-0.17306 51.505014", "From Devonshire Terrace, Bayswater to Serpentine Car Park, Hyde Park"
"LINESTRING (-0.176267 51.472876,-0.17306 51.505014", "From Vicarage Crescent, Battersea to Serpentine Car Park, Hyde Park"
"LINESTRING (-0.148105 51.514759,-0.17306 51.505014", "From Marylebone Lane, Marylebone to Serpentine Car Park, Hyde Park"
"LINESTRING (-0.15352 51.503117,-0.17306 51.505014", "From Hyde Park Corner, Hyde Park to Serpentine Car Park, Hyde Park"
"LINESTRING (-0.137424 51.498865,-0.17306 51.505014", "From Buckingham Gate, Westminster to Serpentine Car Park, Hyde Park"
"LINESTRING (-0.149569 51.50274,-0.17306 51.505014", "From Wellington Arch, Hyde Park to Serpentine Car Park, Hyde Park"
"LINESTRING (-0.201554 51.512136,-0.17306 51.505014", "From Chepstow Villas, Notting Hill to Serpentine Car Park, Hyde Park"
"LINESTRING (-0.15352 51.503117,-0.17306 51.505014", "From Hyde Park Corner, Hyde Park to Serpentine Car Park, Hyde Park"
"LINESTRING (-0.149569 51.50274,-0.17306 51.505014", "From Wellington Arch, Hyde Park to Serpentine Car Park, Hyde Park"
"LINESTRING (-0.144466 51.528302,-0.17306 51.505014", "From Albany Street, The Regent's Park to Serpentine Car Park, Hyde Park"
"LINESTRING (-0.15352 51.503117,-0.17306 51.505014", "From Hyde Park Corner, Hyde Park to Serpentine Car Park, Hyde Park"
"LINESTRING (-0.187842 51.509908,-0.17306 51.505014", "From Black Lion Gate, Kensington Gardens to Serpentine Car Park, Hyde Park"
"LINESTRING (-0.205921 51.511624,-0.17306 51.505014", "From Ladbroke Grove Central, Ladbroke Grove to Serpentine Car Park, Hyde Park"
"LINESTRING (-0.17977 51.51348,-0.17306 51.505014", "From Devonshire Terrace, Bayswater to Serpentine Car Park, Hyde Park"
"LINESTRING (-0.15352 51.503117,-0.17306 51.505014", "From Hyde Park Corner, Hyde Park to Serpentine Car Park, Hyde Park"
"LINESTRING (-0.130431 51.52168,-0.17306 51.505014", "From Malet Street, Bloomsbury to Serpentine Car Park, Hyde Park"
"LINESTRING (-0.21819 51.511486,-0.17306 51.505014", "From Evesham Street, Avondale to Serpentine Car Park, Hyde Park"
"LINESTRING (-0.176645 51.518622,-0.148105 51.514759", "From North Wharf Road, Paddington to Marylebone Lane, Marylebone"
"LINESTRING (-0.182126 51.463489,-0.148105 51.514759", "From Usk Road, Clapham Junction to Marylebone Lane, Marylebone"
"LINESTRING (-0.133201 51.512515,-0.148105 51.514759", "From Wardour Street, Soho to Marylebone Lane, Marylebone"
"LINESTRING (-0.173881 51.494412,-0.148105 51.514759", "From South Kensington Station, South Kensington to Marylebone Lane, Marylebone"
"LINESTRING (-0.183289 51.496462,-0.148105 51.514759", "From Gloucester Road (Central), South Kensington to Marylebone Lane, Marylebone"
"LINESTRING (-0.126021 51.508103,-0.148105 51.514759", "From Craven Street, Strand to Marylebone Lane, Marylebone"
"LINESTRING (-0.167919 51.484984,-0.148105 51.514759", "From Phene Street, Chelsea to Marylebone Lane, Marylebone"
"LINESTRING (-0.162298 51.522511,-0.148105 51.514759", "From Boston Place, Marylebone to Marylebone Lane, Marylebone"
"LINESTRING (-0.154106 51.517703,-0.148105 51.514759", "From George Street, Marylebone to Marylebone Lane, Marylebone"
"LINESTRING (-0.158264 51.514577,-0.148105 51.514759", "From Old Quebec Street, Marylebone to Marylebone Lane, Marylebone"
"LINESTRING (-0.109006 51.521661,-0.148105 51.514759", "From Hatton Wall, Holborn to Marylebone Lane, Marylebone"
"LINESTRING (-0.179854 51.501715,-0.148105 51.514759", "From Queen's Gate, Kensington Gardens to Marylebone Lane, Marylebone"
"LINESTRING (-0.130504 51.526838,-0.148105 51.514759", "From Endsleigh Gardens, Euston to Marylebone Lane, Marylebone"
"LINESTRING (-0.157183 51.52026,-0.148105 51.514759", "From Crawford Street, Marylebone to Marylebone Lane, Marylebone"
"LINESTRING (-0.124121 51.523418,-0.148105 51.514759", "From Russell Square Station, Bloomsbury to Marylebone Lane, Marylebone"
"LINESTRING (-0.141423 51.514499,-0.148105 51.514759", "From Little Argyll Street, West End to Marylebone Lane, Marylebone"
"LINESTRING (-0.154106 51.517703,-0.148105 51.514759", "From George Street, Marylebone to Marylebone Lane, Marylebone"
"LINESTRING (-0.179854 51.501715,-0.148105 51.514759", "From Queen's Gate, Kensington Gardens to Marylebone Lane, Marylebone"
"LINESTRING (-0.179592 51.525575,-0.148105 51.514759", "From Clifton Road, Maida Vale to Marylebone Lane, Marylebone"
"LINESTRING (-0.141423 51.514499,-0.148105 51.514759", "From Little Argyll Street, West End to Marylebone Lane, Marylebone"
"LINESTRING (-0.170194 51.489716,-0.148105 51.514759", "From St. Luke's Church, Chelsea to Marylebone Lane, Marylebone"
"LINESTRING (-0.141327 51.520253,-0.148105 51.514759", "From Great Titchfield Street, Fitzrovia to Marylebone Lane, Marylebone"
"LINESTRING (-0.130431 51.52168,-0.148105 51.514759", "From Malet Street, Bloomsbury to Marylebone Lane, Marylebone"
"LINESTRING (-0.100168 51.530344,-0.148105 51.514759", "From City Road, Angel to Marylebone Lane, Marylebone"
"LINESTRING (-0.154907 51.522481,-0.148105 51.514759", "From Westminster University, Marylebone to Marylebone Lane, Marylebone"
"LINESTRING (-0.099141 51.512484,-0.148105 51.514759", "From Godliman Street, St. Paul's to Marylebone Lane, Marylebone"
"LINESTRING (-0.157275 51.510017,-0.148105 51.514759", "From Park Lane , Hyde Park to Marylebone Lane, Marylebone"
"LINESTRING (-0.124749 51.509462,-0.148105 51.514759", "From William IV Street, Strand to Marylebone Lane, Marylebone"
"LINESTRING (-0.158963 51.524517,-0.148105 51.514759", "From Park Road (Baker Street), The Regent's Park to Marylebone Lane, Marylebone"
"LINESTRING (-0.147857 51.477966,-0.148105 51.514759", "From Gas Holders, Battersea Park to Marylebone Lane, Marylebone"
"LINESTRING (-0.125972 51.49764,-0.148105 51.514759", "From Abingdon Green, Westminster to Marylebone Lane, Marylebone"
"LINESTRING (-0.19024 51.515529,-0.148105 51.514759", "From Westbourne Grove, Bayswater to Marylebone Lane, Marylebone"
"LINESTRING (-0.123179 51.506543,-0.148105 51.514759", "From Whitehall Place, Strand to Marylebone Lane, Marylebone"
"LINESTRING (-0.141423 51.514499,-0.148105 51.514759", "From Little Argyll Street, West End to Marylebone Lane, Marylebone"
"LINESTRING (-0.173009 51.495898,-0.148105 51.514759", "From Victoria & Albert Museum, South Kensington to Marylebone Lane, Marylebone"
"LINESTRING (-0.075459 51.509506,-0.148105 51.514759", "From Tower Gardens , Tower to Marylebone Lane, Marylebone"
"LINESTRING (-0.158249 51.516892,-0.148105 51.514759", "From George Place Mews, Marylebone to Marylebone Lane, Marylebone"
"LINESTRING (-0.179854 51.501715,-0.148105 51.514759", "From Queen's Gate, Kensington Gardens to Marylebone Lane, Marylebone"
"LINESTRING (-0.14326 51.541007,-0.148105 51.514759", "From Hawley Crescent, Camden Town to Marylebone Lane, Marylebone"
"LINESTRING (-0.148105 51.514759,-0.148105 51.514759", "From Marylebone Lane, Marylebone to Marylebone Lane, Marylebone"
"LINESTRING (-0.075459 51.509506,-0.148105 51.514759", "From Tower Gardens , Tower to Marylebone Lane, Marylebone"
"LINESTRING (-0.202608 51.51632,-0.148105 51.514759", "From All Saints Church, Portobello to Marylebone Lane, Marylebone"
"LINESTRING (-0.168074 51.5343,-0.148105 51.514759", "From Charlbert Street, St. John's Wood to Marylebone Lane, Marylebone"
"LINESTRING (-0.165842 51.522029,-0.148105 51.514759", "From Bell Street , Marylebone to Marylebone Lane, Marylebone"
"LINESTRING (-0.17677 51.530889,-0.148105 51.514759", "From Grove End Road, St. John's Wood to Marylebone Lane, Marylebone"
"LINESTRING (-0.157183 51.52026,-0.148105 51.514759", "From Crawford Street, Marylebone to Marylebone Lane, Marylebone"
"LINESTRING (-0.132328 51.515631,-0.148105 51.514759", "From Soho Square , Soho to Marylebone Lane, Marylebone"
"LINESTRING (-0.147624 51.49395,-0.148105 51.514759", "From Eccleston Place, Victoria to Marylebone Lane, Marylebone"
"LINESTRING (-0.09022 51.491484,-0.148105 51.514759", "From Rodney Road , Walworth to Marylebone Lane, Marylebone"
"LINESTRING (-0.141327 51.520253,-0.148105 51.514759", "From Great Titchfield Street, Fitzrovia to Marylebone Lane, Marylebone"
"LINESTRING (-0.094934 51.522954,-0.148105 51.514759", "From Roscoe Street, St. Luke's to Marylebone Lane, Marylebone"
"LINESTRING (-0.119643 51.511756,-0.148105 51.514759", "From Wellington Street , Strand to Marylebone Lane, Marylebone"
"LINESTRING (-0.11655 51.51824,-0.148105 51.514759", "From Red Lion Street, Holborn to Marylebone Lane, Marylebone"
"LINESTRING (-0.180389 51.46517,-0.216573 51.466907", "From Hibbert Street, Battersea to Putney Pier, Wandsworth"
"LINESTRING (-0.198735 51.46067,-0.216573 51.466907", "From Osiers Road, Wandsworth to Putney Pier, Wandsworth"
"LINESTRING (-0.204815 51.484386,-0.216573 51.466907", "From Normand Park, West Kensington to Putney Pier, Wandsworth"
"LINESTRING (-0.170983 51.486892,-0.216573 51.466907", "From Manresa Road, Chelsea to Putney Pier, Wandsworth"
"LINESTRING (-0.192165 51.457529,-0.216573 51.466907", "From Ram Street, Wandsworth to Putney Pier, Wandsworth"
"LINESTRING (-0.212145 51.459715,-0.216573 51.466907", "From Upper Richmond Road, Putney to Putney Pier, Wandsworth"
"LINESTRING (-0.221791 51.49968,-0.216573 51.466907", "From Blythe Road West, Shepherd's Bush to Putney Pier, Wandsworth"
"LINESTRING (-0.214428 51.486062,-0.216573 51.466907", "From Greyhound Road, Hammersmith to Putney Pier, Wandsworth"
"LINESTRING (-0.192165 51.457529,-0.216573 51.466907", "From Ram Street, Wandsworth to Putney Pier, Wandsworth"
"LINESTRING (-0.214428 51.486062,-0.216573 51.466907", "From Greyhound Road, Hammersmith to Putney Pier, Wandsworth"
"LINESTRING (-0.191722 51.461083,-0.216573 51.466907", "From Smugglers Way, Wandsworth to Putney Pier, Wandsworth"
"LINESTRING (-0.200667 51.460951,-0.216573 51.466907", "From Northfields, Wandsworth to Putney Pier, Wandsworth"
"LINESTRING (-0.183165 51.474665,-0.216573 51.466907", "From Imperial Wharf Station, Sands End to Putney Pier, Wandsworth"
"LINESTRING (-0.198735 51.46067,-0.216573 51.466907", "From Osiers Road, Wandsworth to Putney Pier, Wandsworth"
"LINESTRING (-0.193254 51.476259,-0.216573 51.466907", "From Eel Brook Common, Walham Green to Putney Pier, Wandsworth"
"LINESTRING (-0.19096 51.51244,-0.158456 51.502953", "From Ilchester Gardens, Bayswater to Albert Gate, Hyde Park"
"LINESTRING (-0.17581 51.517335,-0.158456 51.502953", "From South Wharf Road, Paddington to Albert Gate, Hyde Park"
"LINESTRING (-0.208888 51.5212,-0.158456 51.502953", "From Bevington Road West, North Kensington to Albert Gate, Hyde Park"
"LINESTRING (-0.173757 51.496471,-0.158456 51.502953", "From Exhibition Road Museums 1, South Kensington to Albert Gate, Hyde Park"
"LINESTRING (-0.157275 51.510017,-0.158456 51.502953", "From Park Lane , Hyde Park to Albert Gate, Hyde Park"
"LINESTRING (-0.19096 51.51244,-0.158456 51.502953", "From Ilchester Gardens, Bayswater to Albert Gate, Hyde Park"
"LINESTRING (-0.158456 51.502953,-0.158456 51.502953", "From Albert Gate, Hyde Park to Albert Gate, Hyde Park"
"LINESTRING (-0.158456 51.502953,-0.158456 51.502953", "From Albert Gate, Hyde Park to Albert Gate, Hyde Park"
"LINESTRING (-0.229116 51.492084,-0.158456 51.502953", "From Bridge Avenue, Hammersmith to Albert Gate, Hyde Park"
"LINESTRING (-0.170279 51.506451,-0.158456 51.502953", "From Triangle Car Park, Hyde Park to Albert Gate, Hyde Park"
"LINESTRING (-0.150817 51.505426,-0.158456 51.502953", "From Park Lane, Mayfair to Albert Gate, Hyde Park"
"LINESTRING (-0.196422 51.509353,-0.158456 51.502953", "From Notting Hill Gate Station, Notting Hill to Albert Gate, Hyde Park"
"LINESTRING (-0.129698 51.500703,-0.158456 51.502953", "From Storey's Gate, Westminster to Albert Gate, Hyde Park"
"LINESTRING (-0.157275 51.510017,-0.158456 51.502953", "From Park Lane , Hyde Park to Albert Gate, Hyde Park"
"LINESTRING (-0.19096 51.51244,-0.158456 51.502953", "From Ilchester Gardens, Bayswater to Albert Gate, Hyde Park"
"LINESTRING (-0.153645 51.512911,-0.158456 51.502953", "From North Audley Street, Mayfair to Albert Gate, Hyde Park"
"LINESTRING (-0.165842 51.522029,-0.158456 51.502953", "From Bell Street , Marylebone to Albert Gate, Hyde Park"
"LINESTRING (-0.165164 51.514746,-0.158456 51.502953", "From Porchester Place, Paddington to Albert Gate, Hyde Park"
"LINESTRING (-0.157436 51.512276,-0.158456 51.502953", "From Green Street, Mayfair to Albert Gate, Hyde Park"
"LINESTRING (-0.236769 51.494223,-0.158456 51.502953", "From Ravenscourt Park Station, Hammersmith to Albert Gate, Hyde Park"
"LINESTRING (-0.126021 51.508103,-0.158456 51.502953", "From Craven Street, Strand to Albert Gate, Hyde Park"
"LINESTRING (-0.187842 51.509908,-0.158456 51.502953", "From Black Lion Gate, Kensington Gardens to Albert Gate, Hyde Park"
"LINESTRING (-0.158456 51.502953,-0.158456 51.502953", "From Albert Gate, Hyde Park to Albert Gate, Hyde Park"
"LINESTRING (-0.15352 51.503117,-0.158456 51.502953", "From Hyde Park Corner, Hyde Park to Albert Gate, Hyde Park"
"LINESTRING (-0.18119 51.485587,-0.158456 51.502953", "From Limerston Street, West Chelsea to Albert Gate, Hyde Park"
"LINESTRING (-0.141423 51.514499,-0.158456 51.502953", "From Little Argyll Street, West End to Albert Gate, Hyde Park"
"LINESTRING (-0.15352 51.503117,-0.158456 51.502953", "From Hyde Park Corner, Hyde Park to Albert Gate, Hyde Park"
"LINESTRING (-0.185296 51.495362,-0.158456 51.502953", "From Emperor's Gate, South Kensington to Albert Gate, Hyde Park"
"LINESTRING (-0.179077 51.495592,-0.158456 51.502953", "From Natural History Museum, South Kensington to Albert Gate, Hyde Park"
"LINESTRING (-0.158456 51.502953,-0.158456 51.502953", "From Albert Gate, Hyde Park to Albert Gate, Hyde Park"
"LINESTRING (-0.173693 51.495948,-0.158456 51.502953", "From Exhibition Road Museums 2, South Kensington to Albert Gate, Hyde Park"
"LINESTRING (-0.173757 51.496471,-0.158456 51.502953", "From Exhibition Road Museums 1, South Kensington to Albert Gate, Hyde Park"
"LINESTRING (-0.187842 51.509908,-0.158456 51.502953", "From Black Lion Gate, Kensington Gardens to Albert Gate, Hyde Park"
"LINESTRING (-0.157436 51.512276,-0.158456 51.502953", "From Green Street, Mayfair to Albert Gate, Hyde Park"
"LINESTRING (-0.173693 51.495948,-0.158456 51.502953", "From Exhibition Road Museums 2, South Kensington to Albert Gate, Hyde Park"
"LINESTRING (-0.150817 51.505426,-0.158456 51.502953", "From Park Lane, Mayfair to Albert Gate, Hyde Park"
"LINESTRING (-0.15352 51.503117,-0.158456 51.502953", "From Hyde Park Corner, Hyde Park to Albert Gate, Hyde Park"
"LINESTRING (-0.170279 51.506451,-0.158456 51.502953", "From Triangle Car Park, Hyde Park to Albert Gate, Hyde Park"
"LINESTRING (-0.155525 51.516204,-0.158456 51.502953", "From Portman Square, Marylebone to Albert Gate, Hyde Park"
"LINESTRING (-0.158456 51.502953,-0.158456 51.502953", "From Albert Gate, Hyde Park to Albert Gate, Hyde Park"
"LINESTRING (-0.19024 51.515529,-0.158456 51.502953", "From Westbourne Grove, Bayswater to Albert Gate, Hyde Park"
"LINESTRING (-0.170279 51.506451,-0.158456 51.502953", "From Triangle Car Park, Hyde Park to Albert Gate, Hyde Park"
"LINESTRING (-0.173693 51.495948,-0.158456 51.502953", "From Exhibition Road Museums 2, South Kensington to Albert Gate, Hyde Park"
"LINESTRING (-0.179077 51.495592,-0.158456 51.502953", "From Natural History Museum, South Kensington to Albert Gate, Hyde Park"
"LINESTRING (-0.185296 51.495362,-0.158456 51.502953", "From Emperor's Gate, South Kensington to Albert Gate, Hyde Park"
"LINESTRING (-0.179854 51.501715,-0.158456 51.502953", "From Queen's Gate, Kensington Gardens to Albert Gate, Hyde Park"
"LINESTRING (-0.202038 51.48357,-0.158456 51.502953", "From Coomer Place, West Kensington to Albert Gate, Hyde Park"
"LINESTRING (-0.173757 51.496471,-0.158456 51.502953", "From Exhibition Road Museums 1, South Kensington to Albert Gate, Hyde Park"
"LINESTRING (-0.157436 51.512276,-0.158456 51.502953", "From Green Street, Mayfair to Albert Gate, Hyde Park"
"LINESTRING (-0.158456 51.502953,-0.158456 51.502953", "From Albert Gate, Hyde Park to Albert Gate, Hyde Park"
"LINESTRING (-0.156166 51.518913,-0.158456 51.502953", "From Baker Street, Marylebone to Albert Gate, Hyde Park"
"LINESTRING (-0.173757 51.496471,-0.158456 51.502953", "From Exhibition Road Museums 1, South Kensington to Albert Gate, Hyde Park"
"LINESTRING (-0.190393 51.490163,-0.158456 51.502953", "From Bramham Gardens, Earl's Court to Albert Gate, Hyde Park"
"LINESTRING (-0.10454 51.505461,-0.158456 51.502953", "From Blackfriars Road, Southwark to Albert Gate, Hyde Park"
"LINESTRING (-0.187842 51.509908,-0.158456 51.502953", "From Black Lion Gate, Kensington Gardens to Albert Gate, Hyde Park"
"LINESTRING (-0.187842 51.509908,-0.158456 51.502953", "From Black Lion Gate, Kensington Gardens to Albert Gate, Hyde Park"
"LINESTRING (-0.173757 51.496471,-0.158456 51.502953", "From Exhibition Road Museums 1, South Kensington to Albert Gate, Hyde Park"
"LINESTRING (-0.205279 51.487244,-0.158456 51.502953", "From Star Road, West Kensington to Albert Gate, Hyde Park"
"LINESTRING (-0.187842 51.509908,-0.158456 51.502953", "From Black Lion Gate, Kensington Gardens to Albert Gate, Hyde Park"
"LINESTRING (-0.190393 51.490163,-0.158456 51.502953", "From Bramham Gardens, Earl's Court to Albert Gate, Hyde Park"
"LINESTRING (-0.157436 51.512276,-0.158456 51.502953", "From Green Street, Mayfair to Albert Gate, Hyde Park"
"LINESTRING (-0.165164 51.514746,-0.158456 51.502953", "From Porchester Place, Paddington to Albert Gate, Hyde Park"
"LINESTRING (-0.200742 51.502319,-0.158456 51.502953", "From Holland Park, Kensington to Albert Gate, Hyde Park"
"LINESTRING (-0.205284 51.496712,-0.158456 51.502953", "From Warwick Road, Olympia to Albert Gate, Hyde Park"
"LINESTRING (-0.130458 51.494816,-0.158456 51.502953", "From Horseferry Road, Westminster to Albert Gate, Hyde Park"
"LINESTRING (-0.17977 51.51348,-0.158456 51.502953", "From Devonshire Terrace, Bayswater to Albert Gate, Hyde Park"
"LINESTRING (-0.112824 51.503791,-0.158456 51.502953", "From Waterloo Station 3, Waterloo to Albert Gate, Hyde Park"
"LINESTRING (-0.187842 51.509908,-0.158456 51.502953", "From Black Lion Gate, Kensington Gardens to Albert Gate, Hyde Park"
"LINESTRING (-0.136052 51.527326,-0.158456 51.502953", "From Drummond Street , Euston to Albert Gate, Hyde Park"
"LINESTRING (-0.158456 51.502953,-0.158456 51.502953", "From Albert Gate, Hyde Park to Albert Gate, Hyde Park"
"LINESTRING (-0.192369 51.491593,-0.158456 51.502953", "From Penywern Road, Earl's Court to Albert Gate, Hyde Park"
"LINESTRING (-0.102757 51.536384,-0.135025 51.518162", "From Islington Green, Angel to Rathbone Street, Fitzrovia"
"LINESTRING (-0.070133 51.515231,-0.135025 51.518162", "From Central House, Whitechapel to Rathbone Street, Fitzrovia"
"LINESTRING (-0.151359 51.522008,-0.135025 51.518162", "From Beaumont Street, Marylebone to Rathbone Street, Fitzrovia"
"LINESTRING (-0.092176 51.520044,-0.135025 51.518162", "From Barbican Centre, Barbican to Rathbone Street, Fitzrovia"
"LINESTRING (-0.082422 51.516154,-0.135025 51.518162", "From Wormwood Street, Liverpool Street to Rathbone Street, Fitzrovia"
"LINESTRING (-0.119643 51.511756,-0.135025 51.518162", "From Wellington Street , Strand to Rathbone Street, Fitzrovia"
"LINESTRING (-0.100168 51.530344,-0.135025 51.518162", "From City Road, Angel to Rathbone Street, Fitzrovia"
"LINESTRING (-0.123179 51.506543,-0.135025 51.518162", "From Whitehall Place, Strand to Rathbone Street, Fitzrovia"
"LINESTRING (-0.058005 51.527152,-0.135025 51.518162", "From Pott Street, Bethnal Green to Rathbone Street, Fitzrovia"
"LINESTRING (-0.118295 51.52728,-0.135025 51.518162", "From Ampton Street , Clerkenwell to Rathbone Street, Fitzrovia"
"LINESTRING (-0.167515 51.530529,-0.135025 51.518162", "From St. John's Wood Church, The Regent's Park to Rathbone Street, Fitzrovia"
"LINESTRING (-0.139174 51.533019,-0.135025 51.518162", "From Harrington Square 1, Camden Town to Rathbone Street, Fitzrovia"
"LINESTRING (-0.099994 51.522853,-0.135025 51.518162", "From Berry Street, Clerkenwell to Rathbone Street, Fitzrovia"
"LINESTRING (-0.156166 51.518913,-0.135025 51.518162", "From Baker Street, Marylebone to Rathbone Street, Fitzrovia"
"LINESTRING (-0.141327 51.520253,-0.135025 51.518162", "From Great Titchfield Street, Fitzrovia to Rathbone Street, Fitzrovia"
"LINESTRING (-0.158264 51.514577,-0.135025 51.518162", "From Old Quebec Street, Marylebone to Rathbone Street, Fitzrovia"
"LINESTRING (-0.115057 51.512582,-0.135025 51.518162", "From Strand, Strand to Rathbone Street, Fitzrovia"
"LINESTRING (-0.070133 51.515231,-0.135025 51.518162", "From Central House, Whitechapel to Rathbone Street, Fitzrovia"
"LINESTRING (-0.101026 51.528246,-0.135025 51.518162", "From Goswell Road (City Uni), Finsbury to Rathbone Street, Fitzrovia"
"LINESTRING (-0.17581 51.517335,-0.135025 51.518162", "From South Wharf Road, Paddington to Rathbone Street, Fitzrovia"
"LINESTRING (-0.100168 51.530344,-0.135025 51.518162", "From City Road, Angel to Rathbone Street, Fitzrovia"
"LINESTRING (-0.123616 51.529943,-0.135025 51.518162", "From Belgrove Street , King's Cross to Rathbone Street, Fitzrovia"
"LINESTRING (-0.13225 51.528833,-0.135025 51.518162", "From Doric Way , Somers Town to Rathbone Street, Fitzrovia"
"LINESTRING (-0.158963 51.524517,-0.135025 51.518162", "From Park Road (Baker Street), The Regent's Park to Rathbone Street, Fitzrovia"
"LINESTRING (-0.179592 51.525575,-0.135025 51.518162", "From Clifton Road, Maida Vale to Rathbone Street, Fitzrovia"
"LINESTRING (-0.11934 51.531066,-0.135025 51.518162", "From Northdown Street, King's Cross to Rathbone Street, Fitzrovia"
"LINESTRING (-0.17677 51.530889,-0.135025 51.518162", "From Grove End Road, St. John's Wood to Rathbone Street, Fitzrovia"
"LINESTRING (-0.123179 51.506543,-0.135025 51.518162", "From Whitehall Place, Strand to Rathbone Street, Fitzrovia"
"LINESTRING (-0.123616 51.529943,-0.135025 51.518162", "From Belgrove Street , King's Cross to Rathbone Street, Fitzrovia"
"LINESTRING (-0.134407 51.526236,-0.135025 51.518162", "From Euston Road, Euston to Rathbone Street, Fitzrovia"
"LINESTRING (-0.158264 51.514577,-0.135025 51.518162", "From Old Quebec Street, Marylebone to Rathbone Street, Fitzrovia"
"LINESTRING (-0.193487 51.513735,-0.187842 51.509908", "From Hereford Road, Bayswater to Black Lion Gate, Kensington Gardens"
"LINESTRING (-0.158456 51.502953,-0.187842 51.509908", "From Albert Gate, Hyde Park to Black Lion Gate, Kensington Gardens"
"LINESTRING (-0.170279 51.506451,-0.187842 51.509908", "From Triangle Car Park, Hyde Park to Black Lion Gate, Kensington Gardens"
"LINESTRING (-0.218337 51.506256,-0.187842 51.509908", "From Westfield Southern Terrace ,Shepherd's Bush to Black Lion Gate, Kensington Gardens"
"LINESTRING (-0.17306 51.505014,-0.187842 51.509908", "From Serpentine Car Park, Hyde Park to Black Lion Gate, Kensington Gardens"
"LINESTRING (-0.17306 51.505014,-0.187842 51.509908", "From Serpentine Car Park, Hyde Park to Black Lion Gate, Kensington Gardens"
"LINESTRING (-0.183289 51.496462,-0.187842 51.509908", "From Gloucester Road (Central), South Kensington to Black Lion Gate, Kensington Gardens"
"LINESTRING (-0.158456 51.502953,-0.187842 51.509908", "From Albert Gate, Hyde Park to Black Lion Gate, Kensington Gardens"
"LINESTRING (-0.187842 51.509908,-0.187842 51.509908", "From Black Lion Gate, Kensington Gardens to Black Lion Gate, Kensington Gardens"
"LINESTRING (-0.18267 51.494185,-0.187842 51.509908", "From Gloucester Road Station, South Kensington to Black Lion Gate, Kensington Gardens"
"LINESTRING (-0.15352 51.503117,-0.187842 51.509908", "From Hyde Park Corner, Hyde Park to Black Lion Gate, Kensington Gardens"
"LINESTRING (-0.197524 51.511084,-0.187842 51.509908", "From Pembridge Villas, Notting Hill to Black Lion Gate, Kensington Gardens"
"LINESTRING (-0.15352 51.503117,-0.187842 51.509908", "From Hyde Park Corner, Hyde Park to Black Lion Gate, Kensington Gardens"
"LINESTRING (-0.180246 51.501026,-0.187842 51.509908", "From Queen's Gate (North), Kensington to Black Lion Gate, Kensington Gardens"
"LINESTRING (-0.183118 51.515607,-0.187842 51.509908", "From Cleveland Gardens, Bayswater to Black Lion Gate, Kensington Gardens"
"LINESTRING (-0.157275 51.510017,-0.187842 51.509908", "From Park Lane , Hyde Park to Black Lion Gate, Kensington Gardens"
"LINESTRING (-0.202608 51.51632,-0.187842 51.509908", "From All Saints Church, Portobello to Black Lion Gate, Kensington Gardens"
"LINESTRING (-0.187402 51.51031,-0.187842 51.509908", "From Queensway, Kensington Gardens to Black Lion Gate, Kensington Gardens"
"LINESTRING (-0.15352 51.503117,-0.187842 51.509908", "From Hyde Park Corner, Hyde Park to Black Lion Gate, Kensington Gardens"
"LINESTRING (-0.19096 51.51244,-0.187842 51.509908", "From Ilchester Gardens, Bayswater to Black Lion Gate, Kensington Gardens"
"LINESTRING (-0.202608 51.51632,-0.187842 51.509908", "From All Saints Church, Portobello to Black Lion Gate, Kensington Gardens"
"LINESTRING (-0.172078 51.482567,-0.187842 51.509908", "From Danvers Street, West Chelsea to Black Lion Gate, Kensington Gardens"
"LINESTRING (-0.195455 51.500401,-0.187842 51.509908", "From Argyll Road, Kensington to Black Lion Gate, Kensington Gardens"
"LINESTRING (-0.142943 51.496863,-0.187842 51.509908", "From Allington Street, Victoria to Black Lion Gate, Kensington Gardens"
"LINESTRING (-0.187842 51.509908,-0.187842 51.509908", "From Black Lion Gate, Kensington Gardens to Black Lion Gate, Kensington Gardens"
"LINESTRING (-0.136123 51.482362,-0.187842 51.509908", "From Riverlight North, Nine Elms to Black Lion Gate, Kensington Gardens"
"LINESTRING (-0.170279 51.506451,-0.187842 51.509908", "From Triangle Car Park, Hyde Park to Black Lion Gate, Kensington Gardens"
"LINESTRING (-0.197574 51.499606,-0.187842 51.509908", "From Phillimore Gardens, Kensington to Black Lion Gate, Kensington Gardens"
"LINESTRING (-0.144132 51.493204,-0.187842 51.509908", "From Belgrave Road, Victoria to Black Lion Gate, Kensington Gardens"
"LINESTRING (-0.157275 51.510017,-0.187842 51.509908", "From Park Lane , Hyde Park to Black Lion Gate, Kensington Gardens"
"LINESTRING (-0.173881 51.494412,-0.187842 51.509908", "From South Kensington Station, South Kensington to Black Lion Gate, Kensington Gardens"
"LINESTRING (-0.157436 51.512276,-0.187842 51.509908", "From Green Street, Mayfair to Black Lion Gate, Kensington Gardens"
"LINESTRING (-0.15352 51.503117,-0.187842 51.509908", "From Hyde Park Corner, Hyde Park to Black Lion Gate, Kensington Gardens"
"LINESTRING (-0.179854 51.501715,-0.187842 51.509908", "From Queen's Gate, Kensington Gardens to Black Lion Gate, Kensington Gardens"
"LINESTRING (-0.187842 51.509908,-0.187842 51.509908", "From Black Lion Gate, Kensington Gardens to Black Lion Gate, Kensington Gardens"
"LINESTRING (-0.150905 51.496544,-0.187842 51.509908", "From Eaton Square, Belgravia to Black Lion Gate, Kensington Gardens"
"LINESTRING (-0.150905 51.496544,-0.187842 51.509908", "From Eaton Square, Belgravia to Black Lion Gate, Kensington Gardens"
"LINESTRING (-0.158264 51.514577,-0.187842 51.509908", "From Old Quebec Street, Marylebone to Black Lion Gate, Kensington Gardens"
"LINESTRING (-0.193764 51.508605,-0.187842 51.509908", "From Palace Gardens Terrace, Notting Hill to Black Lion Gate, Kensington Gardens"
"LINESTRING (-0.166878 51.488023,-0.187842 51.509908", "From Flood Street, Chelsea to Black Lion Gate, Kensington Gardens"
"LINESTRING (-0.137424 51.498865,-0.187842 51.509908", "From Buckingham Gate, Westminster to Black Lion Gate, Kensington Gardens"
"LINESTRING (-0.170703 51.470847,-0.187842 51.509908", "From Simpson Street, Clapham Junction to Black Lion Gate, Kensington Gardens"
"LINESTRING (-0.197574 51.499606,-0.187842 51.509908", "From Phillimore Gardens, Kensington to Black Lion Gate, Kensington Gardens"
"LINESTRING (-0.174554 51.499917,-0.187842 51.509908", "From Exhibition Road, Knightsbridge to Black Lion Gate, Kensington Gardens"
"LINESTRING (-0.141423 51.514499,-0.187842 51.509908", "From Little Argyll Street, West End to Black Lion Gate, Kensington Gardens"
"LINESTRING (-0.173693 51.495948,-0.187842 51.509908", "From Exhibition Road Museums 2, South Kensington to Black Lion Gate, Kensington Gardens"
"LINESTRING (-0.191351 51.513489,-0.187842 51.509908", "From Princes Square, Bayswater to Black Lion Gate, Kensington Gardens"
"LINESTRING (-0.1844 51.502042,-0.187842 51.509908", "From Palace Gate, Kensington Gardens to Black Lion Gate, Kensington Gardens"
"LINESTRING (-0.18498 51.501737,-0.187842 51.509908", "From De Vere Gardens, Kensington to Black Lion Gate, Kensington Gardens"
"LINESTRING (-0.18119 51.490945,-0.187842 51.509908", "From Old Brompton Road, South Kensington to Black Lion Gate, Kensington Gardens"
"LINESTRING (-0.158456 51.502953,-0.187842 51.509908", "From Albert Gate, Hyde Park to Black Lion Gate, Kensington Gardens"
"LINESTRING (-0.070133 51.515231,-0.085666 51.499075", "From Central House, Whitechapel to Long Lane , Bermondsey"
"LINESTRING (-0.13011 51.513527,-0.085666 51.499075", "From Moor Street, Soho to Long Lane , Bermondsey"
"LINESTRING (-0.107349 51.511891,-0.085666 51.499075", "From Tallis Street, Temple to Long Lane , Bermondsey"
"LINESTRING (-0.113864 51.504027,-0.085666 51.499075", "From Waterloo Station 1, Waterloo to Long Lane , Bermondsey"
"LINESTRING (-0.107349 51.511891,-0.085666 51.499075", "From Tallis Street, Temple to Long Lane , Bermondsey"
"LINESTRING (-0.141423 51.514499,-0.085666 51.499075", "From Little Argyll Street, West End to Long Lane , Bermondsey"
"LINESTRING (-0.17581 51.517335,-0.085666 51.499075", "From South Wharf Road, Paddington to Long Lane , Bermondsey"
"LINESTRING (-0.073438 51.51838,-0.085666 51.499075", "From Fashion Street, Whitechapel to Long Lane , Bermondsey"
"LINESTRING (-0.134621 51.507424,-0.085666 51.499075", "From St. James's Square, St. James's to Long Lane , Bermondsey"
"LINESTRING (-0.15213 51.470475,-0.085666 51.499075", "From Stanley Grove, Battersea to Long Lane , Bermondsey"
"LINESTRING (-0.08066 51.514225,-0.085666 51.499075", "From St. Mary Axe, Aldgate to Long Lane , Bermondsey"
"LINESTRING (-0.100292 51.501732,-0.085666 51.499075", "From Great Suffolk Street, The Borough to Long Lane , Bermondsey"
"LINESTRING (-0.041378 51.522507,-0.085666 51.499075", "From Queen Mary's, Mile End to Long Lane , Bermondsey"
"LINESTRING (-0.091938 51.492807,-0.085666 51.499075", "From Victory Place, Walworth to Long Lane , Bermondsey"
"LINESTRING (-0.091773 51.504627,-0.085666 51.499075", "From Hop Exchange, The Borough to Long Lane , Bermondsey"
"LINESTRING (-0.09294 51.511553,-0.085666 51.499075", "From Queen Street 1, Bank to Long Lane , Bermondsey"
"LINESTRING (-0.068981 51.498585,-0.085666 51.499075", "From George Row, Bermondsey to Long Lane , Bermondsey"
"LINESTRING (-0.107927 51.513821,-0.085666 51.499075", "From Bouverie Street, Temple to Long Lane , Bermondsey"
"LINESTRING (-0.088285 51.519069,-0.085666 51.499075", "From Moorfields, Moorgate to Long Lane , Bermondsey"
"LINESTRING (-0.107349 51.511891,-0.085666 51.499075", "From Tallis Street, Temple to Long Lane , Bermondsey"
"LINESTRING (-0.092754 51.505974,-0.085666 51.499075", "From Park Street, Bankside to Long Lane , Bermondsey"
"LINESTRING (-0.110889 51.495718,-0.085666 51.499075", "From Kennington Road  , Vauxhall to Long Lane , Bermondsey"
"LINESTRING (-0.131213 51.513103,-0.085666 51.499075", "From Frith Street, Soho to Long Lane , Bermondsey"
"LINESTRING (-0.106 51.496127,-0.085666 51.499075", "From Geraldine Street, Elephant & Castle to Long Lane , Bermondsey"
"LINESTRING (-0.085634 51.520962,-0.085666 51.499075", "From Finsbury Square , Moorgate to Long Lane , Bermondsey"
"LINESTRING (-0.085666 51.499075,-0.085666 51.499075", "From Long Lane , Bermondsey to Long Lane , Bermondsey"
"LINESTRING (-0.085814 51.495061,-0.085666 51.499075", "From Bricklayers Arms, Borough to Long Lane , Bermondsey"
"LINESTRING (-0.123179 51.506543,-0.085666 51.499075", "From Whitehall Place, Strand to Long Lane , Bermondsey"
"LINESTRING (-0.107927 51.513821,-0.085666 51.499075", "From Bouverie Street, Temple to Long Lane , Bermondsey"
"LINESTRING (-0.077121 51.511594,-0.085666 51.499075", "From Crosswall, Tower to Long Lane , Bermondsey"
"LINESTRING (-0.074754 51.523648,-0.085666 51.499075", "From Bethnal Green Road, Shoreditch to Long Lane , Bermondsey"
"LINESTRING (-0.149004 51.485821,-0.085666 51.499075", "From Chelsea Bridge, Pimlico to Long Lane , Bermondsey"
"LINESTRING (-0.130699 51.50777,-0.119047 51.509631", "From Pall Mall East, West End to Embankment (Savoy), Strand"
"LINESTRING (-0.140741 51.488057,-0.119047 51.509631", "From Alderney Street, Pimlico to Embankment (Savoy), Strand"
"LINESTRING (-0.140947 51.49616,-0.119047 51.509631", "From Ashley Place, Victoria to Embankment (Savoy), Strand"
"LINESTRING (-0.117069 51.53136,-0.119047 51.509631", "From Calshot Street , King's Cross to Embankment (Savoy), Strand"
"LINESTRING (-0.091773 51.504627,-0.119047 51.509631", "From Hop Exchange, The Borough to Embankment (Savoy), Strand"
"LINESTRING (-0.068161 51.509786,-0.119047 51.509631", "From Dock Street, Wapping to Embankment (Savoy), Strand"
"LINESTRING (-0.153194 51.501352,-0.119047 51.509631", "From Grosvenor Crescent, Belgravia to Embankment (Savoy), Strand"
"LINESTRING (-0.014409 51.49447,-0.119047 51.509631", "From East Ferry Road, Cubitt Town to Embankment (Savoy), Strand"
"LINESTRING (-0.130699 51.50777,-0.119047 51.509631", "From Pall Mall East, West End to Embankment (Savoy), Strand"
"LINESTRING (-0.142345 51.510662,-0.119047 51.509631", "From Clifford Street, Mayfair to Embankment (Savoy), Strand"
"LINESTRING (-0.147714 51.483507,-0.119047 51.509631", "From Battersea Power Station, Battersea Park to Embankment (Savoy), Strand"
"LINESTRING (-0.104778 51.504044,-0.119047 51.509631", "From Southwark Station 2, Southwark to Embankment (Savoy), Strand"
"LINESTRING (-0.137598 51.497698,-0.119047 51.509631", "From Kings Gate House, Westminster to Embankment (Savoy), Strand"
"LINESTRING (-0.137043 51.511897,-0.119047 51.509631", "From Golden Square, Soho to Embankment (Savoy), Strand"
"LINESTRING (-0.075459 51.509506,-0.119047 51.509631", "From Tower Gardens , Tower to Embankment (Savoy), Strand"
"LINESTRING (-0.123823 51.501513,-0.119047 51.509631", "From Westminster Pier, Westminster to Embankment (Savoy), Strand"
"LINESTRING (-0.14177 51.479501,-0.119047 51.509631", "From Battersea Park Road, Nine Elms to Embankment (Savoy), Strand"
"LINESTRING (-0.13214 51.519572,-0.119047 51.509631", "From Store Street, Bloomsbury to Embankment (Savoy), Strand"
"LINESTRING (-0.158456 51.502953,-0.119047 51.509631", "From Albert Gate, Hyde Park to Embankment (Savoy), Strand"
"LINESTRING (-0.089887 51.520858,-0.119047 51.509631", "From Bunhill Row, Moorgate to Embankment (Savoy), Strand"
"LINESTRING (-0.13214 51.519572,-0.119047 51.509631", "From Store Street, Bloomsbury to Embankment (Savoy), Strand"
"LINESTRING (-0.115533 51.504942,-0.119047 51.509631", "From Concert Hall Approach 2, South Bank to Embankment (Savoy), Strand"
"LINESTRING (-0.117069 51.53136,-0.119047 51.509631", "From Calshot Street , King's Cross to Embankment (Savoy), Strand"
"LINESTRING (-0.172078 51.482567,-0.119047 51.509631", "From Danvers Street, West Chelsea to Embankment (Savoy), Strand"
"LINESTRING (-0.138089 51.484839,-0.119047 51.509631", "From Claverton Street, Pimlico to Embankment (Savoy), Strand"
"LINESTRING (-0.135635 51.488226,-0.119047 51.509631", "From St. George's Square, Pimlico to Embankment (Savoy), Strand"
"LINESTRING (-0.175407 51.462305,-0.117122 51.490994", "From Plough Terrace, Clapham Junction to Black Prince Road, Vauxhall"
"LINESTRING (-0.085814 51.495061,-0.117122 51.490994", "From Bricklayers Arms, Borough to Black Prince Road, Vauxhall"
"LINESTRING (-0.142943 51.496863,-0.117122 51.490994", "From Allington Street, Victoria to Black Prince Road, Vauxhall"
"LINESTRING (-0.142844 51.506613,-0.117122 51.490994", "From Green Park Station, Mayfair to Black Prince Road, Vauxhall"
"LINESTRING (-0.12367 51.471433,-0.117122 51.490994", "From Clapham Road, Lingham Street, Stockwell to Black Prince Road, Vauxhall"
"LINESTRING (-0.138733 51.496753,-0.117122 51.490994", "From Howick Place, Westminster to Black Prince Road, Vauxhall"
"LINESTRING (-0.117661 51.482678,-0.117122 51.490994", "From Ashmole Estate, Oval to Black Prince Road, Vauxhall"
"LINESTRING (-0.117122 51.490994,-0.117122 51.490994", "From Black Prince Road, Vauxhall to Black Prince Road, Vauxhall"
"LINESTRING (-0.129698 51.500703,-0.117122 51.490994", "From Storey's Gate, Westminster to Black Prince Road, Vauxhall"
"LINESTRING (-0.091938 51.492807,-0.117122 51.490994", "From Victory Place, Walworth to Black Prince Road, Vauxhall"
"LINESTRING (-0.141423 51.514499,-0.117122 51.490994", "From Little Argyll Street, West End to Black Prince Road, Vauxhall"
"LINESTRING (-0.111435 51.48894,-0.117122 51.490994", "From Kennington Cross, Kennington to Black Prince Road, Vauxhall"
"LINESTRING (-0.102091 51.500693,-0.117122 51.490994", "From Webber Street , Southwark to Black Prince Road, Vauxhall"
"LINESTRING (-0.126994 51.470732,-0.117122 51.490994", "From Clarence Walk, Stockwell to Black Prince Road, Vauxhall"
"LINESTRING (-0.138212 51.481335,-0.117122 51.490994", "From Riverlight South, Nine Elms to Black Prince Road, Vauxhall"
"LINESTRING (-0.098341 51.505409,-0.117122 51.490994", "From Southwark Street, Bankside to Black Prince Road, Vauxhall"
"LINESTRING (-0.082422 51.516154,-0.117122 51.490994", "From Wormwood Street, Liverpool Street to Black Prince Road, Vauxhall"
"LINESTRING (-0.116493 51.477839,-0.117122 51.490994", "From Caldwell Street, Stockwell to Black Prince Road, Vauxhall"
"LINESTRING (-0.142207 51.485357,-0.117122 51.490994", "From Grosvenor Road, Pimlico to Black Prince Road, Vauxhall"
"LINESTRING (-0.147857 51.477966,-0.117122 51.490994", "From Gas Holders, Battersea Park to Black Prince Road, Vauxhall"
"LINESTRING (-0.124469 51.485917,-0.117122 51.490994", "From Vauxhall Cross, Vauxhall to Black Prince Road, Vauxhall"
"LINESTRING (-0.118256 51.47659,-0.117122 51.490994", "From Albert Square, Stockwell to Black Prince Road, Vauxhall"
"LINESTRING (-0.123179 51.506543,-0.117122 51.490994", "From Whitehall Place, Strand to Black Prince Road, Vauxhall"
"LINESTRING (-0.093913 51.496791,-0.117122 51.490994", "From Dickens Square, Borough to Black Prince Road, Vauxhall"
"LINESTRING (-0.119643 51.511756,-0.117122 51.490994", "From Wellington Street , Strand to Black Prince Road, Vauxhall"
"LINESTRING (-0.133972 51.472993,-0.117122 51.490994", "From Union Grove, Wandsworth Road to Black Prince Road, Vauxhall"
"LINESTRING (-0.119643 51.511756,-0.117122 51.490994", "From Wellington Street , Strand to Black Prince Road, Vauxhall"
"LINESTRING (-0.111435 51.48894,-0.117122 51.490994", "From Kennington Cross, Kennington to Black Prince Road, Vauxhall"
"LINESTRING (-0.122759 51.487807,-0.117122 51.490994", "From New Spring Gardens Walk, Vauxhall to Black Prince Road, Vauxhall"
"LINESTRING (-0.122492 51.486343,-0.117122 51.490994", "From Kennington Lane Rail Bridge, Vauxhall to Black Prince Road, Vauxhall"
"LINESTRING (-0.131773 51.506633,-0.117122 51.490994", "From Waterloo Place, St. James's to Black Prince Road, Vauxhall"
"LINESTRING (-0.104947 51.516785,-0.117122 51.490994", "From Farringdon Street, Holborn to Black Prince Road, Vauxhall"
"LINESTRING (-0.118256 51.47659,-0.117122 51.490994", "From Albert Square, Stockwell to Black Prince Road, Vauxhall"
"LINESTRING (-0.093051 51.511246,-0.117122 51.490994", "From Queen Street 2, Bank to Black Prince Road, Vauxhall"
"LINESTRING (-0.129925 51.493072,-0.117122 51.490994", "From Vincent Street, Pimlico to Black Prince Road, Vauxhall"
"LINESTRING (-0.10454 51.505461,-0.117122 51.490994", "From Blackfriars Road, Southwark to Black Prince Road, Vauxhall"
"LINESTRING (-0.147804 51.461376,-0.117122 51.490994", "From Victoria Rise, Clapham Common to Black Prince Road, Vauxhall"
"LINESTRING (-0.116764 51.51362,-0.117122 51.490994", "From Houghton Street, Strand to Black Prince Road, Vauxhall"
"LINESTRING (-0.13151 51.509639,-0.117122 51.490994", "From Panton Street, West End to Black Prince Road, Vauxhall"
"LINESTRING (-0.122492 51.486343,-0.117122 51.490994", "From Kennington Lane Rail Bridge, Vauxhall to Black Prince Road, Vauxhall"
"LINESTRING (-0.094934 51.522954,-0.117122 51.490994", "From Roscoe Street, St. Luke's to Black Prince Road, Vauxhall"
"LINESTRING (-0.122492 51.486343,-0.117122 51.490994", "From Kennington Lane Rail Bridge, Vauxhall to Black Prince Road, Vauxhall"
"LINESTRING (-0.09734 51.520841,-0.140485 51.519181", "From Aldersgate Street, Barbican to Foley Street, Fitzrovia"
"LINESTRING (-0.147983 51.519167,-0.140485 51.519181", "From New Cavendish Street, Marylebone to Foley Street, Fitzrovia"
"LINESTRING (-0.113426 51.503919,-0.140485 51.519181", "From Waterloo Station 2, Waterloo to Foley Street, Fitzrovia"
"LINESTRING (-0.144083 51.525595,-0.140485 51.519181", "From Longford Street, The Regent's Park to Foley Street, Fitzrovia"
"LINESTRING (-0.123509 51.52625,-0.140485 51.519181", "From Tavistock Place, Bloomsbury to Foley Street, Fitzrovia"
"LINESTRING (-0.113426 51.503919,-0.140485 51.519181", "From Waterloo Station 2, Waterloo to Foley Street, Fitzrovia"
"LINESTRING (-0.153233 51.490959,-0.140485 51.519181", "From Bourne Street, Belgravia to Foley Street, Fitzrovia"
"LINESTRING (-0.156166 51.518913,-0.140485 51.519181", "From Baker Street, Marylebone to Foley Street, Fitzrovia"
"LINESTRING (-0.179592 51.525575,-0.140485 51.519181", "From Clifton Road, Maida Vale to Foley Street, Fitzrovia"
"LINESTRING (-0.112721 51.536392,-0.140485 51.519181", "From Charlotte Terrace, Angel to Foley Street, Fitzrovia"
"LINESTRING (-0.09022 51.491484,-0.140485 51.519181", "From Rodney Road , Walworth to Foley Street, Fitzrovia"
"LINESTRING (-0.143613 51.523518,-0.140485 51.519181", "From Bolsover Street, Fitzrovia to Foley Street, Fitzrovia"
"LINESTRING (-0.157183 51.52026,-0.140485 51.519181", "From Crawford Street, Marylebone to Foley Street, Fitzrovia"
"LINESTRING (-0.094934 51.522954,-0.140485 51.519181", "From Roscoe Street, St. Luke's to Foley Street, Fitzrovia"
"LINESTRING (-0.151359 51.522008,-0.140485 51.519181", "From Beaumont Street, Marylebone to Foley Street, Fitzrovia"
"LINESTRING (-0.145827 51.507326,-0.140485 51.519181", "From Clarges Street, Mayfair to Foley Street, Fitzrovia"
"LINESTRING (-0.134407 51.526236,-0.140485 51.519181", "From Euston Road, Euston to Foley Street, Fitzrovia"
"LINESTRING (-0.156166 51.518913,-0.140485 51.519181", "From Baker Street, Marylebone to Foley Street, Fitzrovia"
"LINESTRING (-0.083935 51.520009,-0.140485 51.519181", "From Sun Street, Liverpool Street to Foley Street, Fitzrovia"
"LINESTRING (-0.100168 51.530344,-0.140485 51.519181", "From City Road, Angel to Foley Street, Fitzrovia"
"LINESTRING (-0.161113 51.522596,-0.140485 51.519181", "From Dorset Square, Marylebone to Foley Street, Fitzrovia"
"LINESTRING (-0.200742 51.502319,-0.140485 51.519181", "From Holland Park, Kensington to Foley Street, Fitzrovia"
"LINESTRING (-0.136052 51.527326,-0.140485 51.519181", "From Drummond Street , Euston to Foley Street, Fitzrovia"
"LINESTRING (-0.118677 51.5338,-0.140485 51.519181", "From Killick Street, King's Cross to Foley Street, Fitzrovia"
"LINESTRING (-0.128279 51.5293,-0.140485 51.519181", "From Ossulston Street, Somers Town to Foley Street, Fitzrovia"
"LINESTRING (-0.077121 51.511594,-0.140485 51.519181", "From Crosswall, Tower to Foley Street, Fitzrovia"
"LINESTRING (-0.164207 51.517372,-0.17677 51.530889", "From Harrowby Street, Marylebone to Grove End Road, St. John's Wood"
"LINESTRING (-0.18697 51.51616,-0.17677 51.530889", "From Bishop's Bridge Road West, Bayswater to Grove End Road, St. John's Wood"
"LINESTRING (-0.133201 51.512515,-0.17677 51.530889", "From Wardour Street, Soho to Grove End Road, St. John's Wood"
"LINESTRING (-0.171681 51.522892,-0.17677 51.530889", "From Penfold Street, Marylebone to Grove End Road, St. John's Wood"
"LINESTRING (-0.176268 51.524826,-0.17677 51.530889", "From Aberdeen Place, St. John's Wood to Grove End Road, St. John's Wood"
"LINESTRING (-0.165842 51.522029,-0.17677 51.530889", "From Bell Street , Marylebone to Grove End Road, St. John's Wood"
"LINESTRING (-0.165668 51.524561,-0.17677 51.530889", "From Broadley Terrace, Marylebone to Grove End Road, St. John's Wood"
"LINESTRING (-0.17219 51.526448,-0.17677 51.530889", "From Lisson Grove, St. John's Wood to Grove End Road, St. John's Wood"
"LINESTRING (-0.191462 51.501364,-0.17677 51.530889", "From Derry Street, Kensington to Grove End Road, St. John's Wood"
"LINESTRING (-0.190393 51.490163,-0.17677 51.530889", "From Bramham Gardens, Earl's Court to Grove End Road, St. John's Wood"
"LINESTRING (-0.154701 51.520583,-0.17677 51.530889", "From Paddington Street, Marylebone to Grove End Road, St. John's Wood"
"LINESTRING (-0.165842 51.522029,-0.17677 51.530889", "From Bell Street , Marylebone to Grove End Road, St. John's Wood"
"LINESTRING (-0.161113 51.522596,-0.17677 51.530889", "From Dorset Square, Marylebone to Grove End Road, St. John's Wood"
"LINESTRING (-0.161113 51.522596,-0.17677 51.530889", "From Dorset Square, Marylebone to Grove End Road, St. John's Wood"
"LINESTRING (-0.158264 51.514577,-0.17677 51.530889", "From Old Quebec Street, Marylebone to Grove End Road, St. John's Wood"
"LINESTRING (-0.111778 51.515937,-0.17677 51.530889", "From Breams Buildings, Holborn to Grove End Road, St. John's Wood"
"LINESTRING (-0.165842 51.522029,-0.17677 51.530889", "From Bell Street , Marylebone to Grove End Road, St. John's Wood"
"LINESTRING (-0.138072 51.517344,-0.17677 51.530889", "From Wells Street, Fitzrovia to Grove End Road, St. John's Wood"
"LINESTRING (-0.133201 51.512515,-0.17677 51.530889", "From Wardour Street, Soho to Grove End Road, St. John's Wood"
"LINESTRING (-0.170279 51.506451,-0.17677 51.530889", "From Triangle Car Park, Hyde Park to Grove End Road, St. John's Wood"
"LINESTRING (-0.179592 51.525575,-0.17677 51.530889", "From Clifton Road, Maida Vale to Grove End Road, St. John's Wood"
"LINESTRING (-0.158963 51.524517,-0.17677 51.530889", "From Park Road (Baker Street), The Regent's Park to Grove End Road, St. John's Wood"
"LINESTRING (-0.17677 51.530889,-0.17677 51.530889", "From Grove End Road, St. John's Wood to Grove End Road, St. John's Wood"
"LINESTRING (-0.172528 51.533043,-0.17677 51.530889", "From Wellington Road, St. John's Wood to Grove End Road, St. John's Wood"
"LINESTRING (-0.139016 51.520994,-0.17677 51.530889", "From Howland Street, Fitzrovia to Grove End Road, St. John's Wood"
"LINESTRING (-0.123616 51.529943,-0.138072 51.517344", "From Belgrove Street , King's Cross to Wells Street, Fitzrovia"
"LINESTRING (-0.159169 51.475153,-0.138072 51.517344", "From Prince of Wales Drive, Battersea Park to Wells Street, Fitzrovia"
"LINESTRING (-0.100791 51.518218,-0.138072 51.517344", "From West Smithfield Rotunda, Farringdon to Wells Street, Fitzrovia"
"LINESTRING (-0.122219 51.51477,-0.138072 51.517344", "From Drury Lane, Covent Garden to Wells Street, Fitzrovia"
"LINESTRING (-0.13214 51.519572,-0.138072 51.517344", "From Store Street, Bloomsbury to Wells Street, Fitzrovia"
"LINESTRING (-0.144466 51.528302,-0.138072 51.517344", "From Albany Street, The Regent's Park to Wells Street, Fitzrovia"
"LINESTRING (-0.113864 51.504027,-0.138072 51.517344", "From Waterloo Station 1, Waterloo to Wells Street, Fitzrovia"
"LINESTRING (-0.13214 51.519572,-0.138072 51.517344", "From Store Street, Bloomsbury to Wells Street, Fitzrovia"
"LINESTRING (-0.089659 51.52548,-0.138072 51.517344", "From Old Street Station, St. Luke's to Wells Street, Fitzrovia"
"LINESTRING (-0.154907 51.522481,-0.138072 51.517344", "From Westminster University, Marylebone to Wells Street, Fitzrovia"
"LINESTRING (-0.123616 51.529943,-0.138072 51.517344", "From Belgrove Street , King's Cross to Wells Street, Fitzrovia"
"LINESTRING (-0.124826 51.516226,-0.138072 51.517344", "From High Holborn , Covent Garden to Wells Street, Fitzrovia"
"LINESTRING (-0.079201 51.537277,-0.138072 51.517344", "From Hertford Road, De Beauvoir Town to Wells Street, Fitzrovia"
"LINESTRING (-0.171103 51.518268,-0.138072 51.517344", "From St Mary's Hospital, Paddington to Wells Street, Fitzrovia"
"LINESTRING (-0.09294 51.51397,-0.138072 51.517344", "From Cheapside, Bank to Wells Street, Fitzrovia"
"LINESTRING (-0.079201 51.537277,-0.138072 51.517344", "From Hertford Road, De Beauvoir Town to Wells Street, Fitzrovia"
"LINESTRING (-0.123616 51.529943,-0.138072 51.517344", "From Belgrove Street , King's Cross to Wells Street, Fitzrovia"
"LINESTRING (-0.084605 51.521283,-0.138072 51.517344", "From Christopher Street, Liverpool Street to Wells Street, Fitzrovia"
"LINESTRING (-0.202608 51.51632,-0.138072 51.517344", "From All Saints Church, Portobello to Wells Street, Fitzrovia"
"LINESTRING (-0.083353 51.529537,-0.138072 51.517344", "From Fanshaw Street, Hoxton to Wells Street, Fitzrovia"
"LINESTRING (-0.113426 51.503919,-0.138072 51.517344", "From Waterloo Station 2, Waterloo to Wells Street, Fitzrovia"
"LINESTRING (-0.142783 51.51196,-0.138072 51.517344", "From St. George Street, Mayfair to Wells Street, Fitzrovia"
"LINESTRING (-0.109025 51.534408,-0.138072 51.517344", "From Cloudesley Road, Angel to Wells Street, Fitzrovia"
"LINESTRING (-0.123616 51.529943,-0.138072 51.517344", "From Belgrove Street , King's Cross to Wells Street, Fitzrovia"
"LINESTRING (-0.113426 51.503919,-0.138072 51.517344", "From Waterloo Station 2, Waterloo to Wells Street, Fitzrovia"
"LINESTRING (-0.164207 51.517372,-0.138072 51.517344", "From Harrowby Street, Marylebone to Wells Street, Fitzrovia"
"LINESTRING (-0.158963 51.524517,-0.138072 51.517344", "From Park Road (Baker Street), The Regent's Park to Wells Street, Fitzrovia"
"LINESTRING (-0.124749 51.509462,-0.138072 51.517344", "From William IV Street, Strand to Wells Street, Fitzrovia"
"LINESTRING (-0.136792 51.533005,-0.138072 51.517344", "From Eversholt Street , Camden Town to Wells Street, Fitzrovia"
"LINESTRING (-0.128585 51.516118,-0.138072 51.517344", "From Earnshaw Street , Covent Garden to Wells Street, Fitzrovia"
"LINESTRING (-0.18119 51.490945,-0.138072 51.517344", "From Old Brompton Road, South Kensington to Wells Street, Fitzrovia"
"LINESTRING (-0.183834 51.497924,-0.138072 51.517344", "From Gloucester Road (North), Kensington to Wells Street, Fitzrovia"
"LINESTRING (-0.097122 51.529423,-0.138072 51.517344", "From Macclesfield Rd, St Lukes to Wells Street, Fitzrovia"
"LINESTRING (-0.123616 51.529943,-0.138072 51.517344", "From Belgrove Street , King's Cross to Wells Street, Fitzrovia"
"LINESTRING (-0.2135 51.496927,-0.138072 51.517344", "From Blythe Road, Olympia to Wells Street, Fitzrovia"
"LINESTRING (-0.138019 51.524438,-0.138072 51.517344", "From Warren Street Station, Euston to Wells Street, Fitzrovia"
"LINESTRING (-0.117863 51.515208,-0.138072 51.517344", "From Sardinia Street, Holborn to Wells Street, Fitzrovia"
"LINESTRING (-0.151359 51.522008,-0.138072 51.517344", "From Beaumont Street, Marylebone to Wells Street, Fitzrovia"
"LINESTRING (-0.151926 51.516814,-0.138072 51.517344", "From Hinde Street, Marylebone to Wells Street, Fitzrovia"
"LINESTRING (-0.122219 51.51477,-0.138072 51.517344", "From Drury Lane, Covent Garden to Wells Street, Fitzrovia"
"LINESTRING (-0.112824 51.503791,-0.138072 51.517344", "From Waterloo Station 3, Waterloo to Wells Street, Fitzrovia"
"LINESTRING (-0.102757 51.536384,-0.138072 51.517344", "From Islington Green, Angel to Wells Street, Fitzrovia"
"LINESTRING (-0.111781 51.533319,-0.138072 51.517344", "From Risinghill Street, Angel to Wells Street, Fitzrovia"
"LINESTRING (-0.066078 51.514924,-0.138072 51.517344", "From LMU Commercial Road, Whitechapel to Wells Street, Fitzrovia"
"LINESTRING (-0.093903 51.530991,-0.138072 51.517344", "From Wenlock Road , Hoxton to Wells Street, Fitzrovia"
"LINESTRING (-0.147154 51.537349,-0.138072 51.517344", "From Gloucester Avenue, Camden Town to Wells Street, Fitzrovia"
"LINESTRING (-0.193487 51.513735,-0.138072 51.517344", "From Hereford Road, Bayswater to Wells Street, Fitzrovia"
"LINESTRING (-0.122502 51.523951,-0.138072 51.517344", "From Brunswick Square, Bloomsbury to Wells Street, Fitzrovia"
"LINESTRING (-0.093421 51.529154,-0.138072 51.517344", "From Windsor Terrace, Hoxton to Wells Street, Fitzrovia"
"LINESTRING (-0.138019 51.524438,-0.138072 51.517344", "From Warren Street Station, Euston to Wells Street, Fitzrovia"
"LINESTRING (-0.120202 51.523346,-0.138072 51.517344", "From Guilford Street , Bloomsbury to Wells Street, Fitzrovia"
"LINESTRING (-0.162298 51.522511,-0.138072 51.517344", "From Boston Place, Marylebone to Wells Street, Fitzrovia"
"LINESTRING (-0.17677 51.530889,-0.138072 51.517344", "From Grove End Road, St. John's Wood to Wells Street, Fitzrovia"
"LINESTRING (-0.124749 51.509462,-0.138072 51.517344", "From William IV Street, Strand to Wells Street, Fitzrovia"
"LINESTRING (-0.138072 51.517344,-0.138072 51.517344", "From Wells Street, Fitzrovia to Wells Street, Fitzrovia"
"LINESTRING (-0.136052 51.527326,-0.138072 51.517344", "From Drummond Street , Euston to Wells Street, Fitzrovia"
"LINESTRING (-0.158264 51.514577,-0.138072 51.517344", "From Old Quebec Street, Marylebone to Wells Street, Fitzrovia"
"LINESTRING (-0.139174 51.533019,-0.138072 51.517344", "From Harrington Square 1, Camden Town to Wells Street, Fitzrovia"
"LINESTRING (-0.093051 51.511246,-0.083159 51.500889", "From Queen Street 2, Bank to Tyers Gate, Bermondsey"
"LINESTRING (-0.082422 51.516154,-0.083159 51.500889", "From Wormwood Street, Liverpool Street to Tyers Gate, Bermondsey"
"LINESTRING (-0.093913 51.496791,-0.083159 51.500889", "From Dickens Square, Borough to Tyers Gate, Bermondsey"
"LINESTRING (-0.063471 51.497995,-0.083159 51.500889", "From Bermondsey Station, Bermondsey to Tyers Gate, Bermondsey"
"LINESTRING (-0.141923 51.489856,-0.083159 51.500889", "From Warwick Square, Pimlico to Tyers Gate, Bermondsey"
"LINESTRING (-0.088285 51.519069,-0.083159 51.500889", "From Moorfields, Moorgate to Tyers Gate, Bermondsey"
"LINESTRING (-0.119047 51.509631,-0.083159 51.500889", "From Embankment (Savoy), Strand to Tyers Gate, Bermondsey"
"LINESTRING (-0.119047 51.509631,-0.083159 51.500889", "From Embankment (Savoy), Strand to Tyers Gate, Bermondsey"
"LINESTRING (-0.100186 51.505817,-0.083159 51.500889", "From Bankside Mix, Bankside to Tyers Gate, Bermondsey"
"LINESTRING (-0.082422 51.516154,-0.083159 51.500889", "From Wormwood Street, Liverpool Street to Tyers Gate, Bermondsey"
"LINESTRING (-0.068981 51.498585,-0.083159 51.500889", "From George Row, Bermondsey to Tyers Gate, Bermondsey"
"LINESTRING (-0.087587 51.514441,-0.083159 51.500889", "From Bank of England Museum, Bank to Tyers Gate, Bermondsey"
"LINESTRING (-0.111257 51.514274,-0.083159 51.500889", "From Chancery Lane, Holborn to Tyers Gate, Bermondsey"
"LINESTRING (-0.112721 51.536392,-0.083159 51.500889", "From Charlotte Terrace, Angel to Tyers Gate, Bermondsey"
"LINESTRING (-0.119047 51.509631,-0.083159 51.500889", "From Embankment (Savoy), Strand to Tyers Gate, Bermondsey"
"LINESTRING (-0.100186 51.505817,-0.083159 51.500889", "From Bankside Mix, Bankside to Tyers Gate, Bermondsey"
"LINESTRING (-0.082422 51.516154,-0.083159 51.500889", "From Wormwood Street, Liverpool Street to Tyers Gate, Bermondsey"
"LINESTRING (-0.055846 51.499169,-0.083159 51.500889", "From Rotherhithe Roundabout, Rotherhithe to Tyers Gate, Bermondsey"
"LINESTRING (-0.128279 51.5293,-0.083159 51.500889", "From Ossulston Street, Somers Town to Tyers Gate, Bermondsey"
"LINESTRING (-0.067937 51.51793,-0.083159 51.500889", "From Old Montague Street, Whitechapel to Tyers Gate, Bermondsey"
"LINESTRING (-0.074189 51.502279,-0.083159 51.500889", "From Curlew Street, Shad Thames to Tyers Gate, Bermondsey"
"LINESTRING (-0.081608 51.497855,-0.083159 51.500889", "From Bermondsey Street, Bermondsey to Tyers Gate, Bermondsey"
"LINESTRING (-0.083159 51.500889,-0.083159 51.500889", "From Tyers Gate, Bermondsey to Tyers Gate, Bermondsey"
"LINESTRING (-0.086685 51.517075,-0.083159 51.500889", "From Finsbury Circus, Liverpool Street to Tyers Gate, Bermondsey"
"LINESTRING (-0.084985 51.509301,-0.083159 51.500889", "From Lower Thames Street, Monument to Tyers Gate, Bermondsey"
"LINESTRING (-0.119047 51.509631,-0.083159 51.500889", "From Embankment (Savoy), Strand to Tyers Gate, Bermondsey"
"LINESTRING (-0.084439 51.524696,-0.083159 51.500889", "From Leonard Circus , Shoreditch to Tyers Gate, Bermondsey"
"LINESTRING (-0.090075 51.517842,-0.083159 51.500889", "From Fore Street, Guildhall to Tyers Gate, Bermondsey"
"LINESTRING (-0.127854 51.517727,-0.083159 51.500889", "From Great Russell Street, Bloomsbury to Tyers Gate, Bermondsey"
"LINESTRING (-0.057159 51.511088,-0.083159 51.500889", "From Shadwell Station, Shadwell to Tyers Gate, Bermondsey"
"LINESTRING (-0.070329 51.539083,-0.153463 51.525367", "From Shoreditch Court, Haggerston to The Tennis Courts, The Regent's Park"
"LINESTRING (-0.145904 51.507069,-0.153463 51.525367", "From Curzon Street, Mayfair to The Tennis Courts, The Regent's Park"
"LINESTRING (-0.151926 51.516814,-0.153463 51.525367", "From Hinde Street, Marylebone to The Tennis Courts, The Regent's Park"
"LINESTRING (-0.161113 51.522596,-0.153463 51.525367", "From Dorset Square, Marylebone to The Tennis Courts, The Regent's Park"
"LINESTRING (-0.151926 51.516814,-0.153463 51.525367", "From Hinde Street, Marylebone to The Tennis Courts, The Regent's Park"
"LINESTRING (-0.158963 51.524517,-0.153463 51.525367", "From Park Road (Baker Street), The Regent's Park to The Tennis Courts, The Regent's Park"
"LINESTRING (-0.138853 51.541603,-0.153463 51.525367", "From Bonny Street, Camden Town to The Tennis Courts, The Regent's Park"
"LINESTRING (-0.168074 51.5343,-0.153463 51.525367", "From Charlbert Street, St. John's Wood to The Tennis Courts, The Regent's Park"
"LINESTRING (-0.158963 51.524517,-0.153463 51.525367", "From Park Road (Baker Street), The Regent's Park to The Tennis Courts, The Regent's Park"
"LINESTRING (-0.145211 51.520715,-0.153463 51.525367", "From Portland Place, Marylebone to The Tennis Courts, The Regent's Park"
"LINESTRING (-0.13214 51.519572,-0.153463 51.525367", "From Store Street, Bloomsbury to The Tennis Courts, The Regent's Park"
"LINESTRING (-0.19096 51.51244,-0.153463 51.525367", "From Ilchester Gardens, Bayswater to The Tennis Courts, The Regent's Park"
"LINESTRING (-0.145904 51.507069,-0.153463 51.525367", "From Curzon Street, Mayfair to The Tennis Courts, The Regent's Park"
"LINESTRING (-0.13214 51.519572,-0.153463 51.525367", "From Store Street, Bloomsbury to The Tennis Courts, The Regent's Park"
"LINESTRING (-0.156285 51.535836,-0.153463 51.525367", "From London Zoo,  The Regent's Park to The Tennis Courts, The Regent's Park"
"LINESTRING (-0.094475 51.521747,-0.153463 51.525367", "From Golden Lane, Barbican to The Tennis Courts, The Regent's Park"
"LINESTRING (-0.171681 51.522892,-0.153463 51.525367", "From Penfold Street, Marylebone to The Tennis Courts, The Regent's Park"
"LINESTRING (-0.138853 51.541603,-0.153463 51.525367", "From Bonny Street, Camden Town to The Tennis Courts, The Regent's Park"
"LINESTRING (-0.166878 51.488023,-0.14296 51.497998", "From Flood Street, Chelsea to Warwick Row, Westminster"
"LINESTRING (-0.170279 51.506451,-0.14296 51.497998", "From Triangle Car Park, Hyde Park to Warwick Row, Westminster"
"LINESTRING (-0.124678 51.51908,-0.14296 51.497998", "From British Museum, Bloomsbury to Warwick Row, Westminster"
"LINESTRING (-0.154106 51.517703,-0.14296 51.497998", "From George Street, Marylebone to Warwick Row, Westminster"
"LINESTRING (-0.19024 51.515529,-0.14296 51.497998", "From Westbourne Grove, Bayswater to Warwick Row, Westminster"
"LINESTRING (-0.163609 51.51809,-0.14296 51.497998", "From Shouldham Street, Marylebone to Warwick Row, Westminster"
"LINESTRING (-0.1844 51.502042,-0.14296 51.497998", "From Palace Gate, Kensington Gardens to Warwick Row, Westminster"
"LINESTRING (-0.123823 51.501513,-0.14296 51.497998", "From Westminster Pier, Westminster to Warwick Row, Westminster"
"LINESTRING (-0.138072 51.517344,-0.14296 51.497998", "From Wells Street, Fitzrovia to Warwick Row, Westminster"
"LINESTRING (-0.138846 51.510048,-0.14296 51.497998", "From Sackville Street, Mayfair to Warwick Row, Westminster"
"LINESTRING (-0.195455 51.500401,-0.14296 51.497998", "From Argyll Road, Kensington to Warwick Row, Westminster"
"LINESTRING (-0.150666 51.506864,-0.14296 51.497998", "From Stanhope Gate, Mayfair to Warwick Row, Westminster"
"LINESTRING (-0.205876 51.475698,-0.14296 51.497998", "From Chesilton Road, Fulham to Warwick Row, Westminster"
"LINESTRING (-0.096191 51.498597,-0.14296 51.497998", "From Harper Road, The Borough to Warwick Row, Westminster"
"LINESTRING (-0.211316 51.500088,-0.14296 51.497998", "From Russell Gardens, Olympia to Warwick Row, Westminster"
"LINESTRING (-0.214428 51.486062,-0.14296 51.497998", "From Greyhound Road, Hammersmith to Warwick Row, Westminster"
"LINESTRING (-0.201968 51.475089,-0.14296 51.497998", "From Parsons Green Station, Parsons Green to Warwick Row, Westminster"
"LINESTRING (-0.142783 51.51196,-0.14296 51.497998", "From St. George Street, Mayfair to Warwick Row, Westminster"
"LINESTRING (-0.187278 51.475142,-0.14296 51.497998", "From Imperial Road, Sands End to Warwick Row, Westminster"
"LINESTRING (-0.202608 51.51632,-0.14296 51.497998", "From All Saints Church, Portobello to Warwick Row, Westminster"
"LINESTRING (-0.179369 51.487196,-0.14296 51.497998", "From Drayton Gardens, West Chelsea to Warwick Row, Westminster"
"LINESTRING (-0.183834 51.497924,-0.14296 51.497998", "From Gloucester Road (North), Kensington to Warwick Row, Westminster"
"LINESTRING (-0.147478 51.492369,-0.14296 51.497998", "From Elizabeth Bridge, Victoria to Warwick Row, Westminster"
"LINESTRING (-0.131773 51.506633,-0.14296 51.497998", "From Waterloo Place, St. James's to Warwick Row, Westminster"
"LINESTRING (-0.082422 51.516154,-0.14296 51.497998", "From Wormwood Street, Liverpool Street to Warwick Row, Westminster"
"LINESTRING (-0.129698 51.500703,-0.14296 51.497998", "From Storey's Gate, Westminster to Warwick Row, Westminster"
"LINESTRING (-0.159237 51.501855,-0.14296 51.497998", "From Seville Street, Knightsbridge to Warwick Row, Westminster"
"LINESTRING (-0.183846 51.523344,-0.14296 51.497998", "From Warwick Avenue Station, Maida Vale to Warwick Row, Westminster"
"LINESTRING (-0.169249 51.515953,-0.14296 51.497998", "From Southwick Street, Paddington to Warwick Row, Westminster"
"LINESTRING (-0.143495 51.509992,-0.14296 51.497998", "From Grafton Street, Mayfair to Warwick Row, Westminster"
"LINESTRING (-0.140741 51.488057,-0.14296 51.497998", "From Alderney Street, Pimlico to Warwick Row, Westminster"
"LINESTRING (-0.155442 51.474376,-0.14296 51.497998", "From Austin Road, Battersea Park to Warwick Row, Westminster"
"LINESTRING (-0.089446 51.497382,-0.14296 51.497998", "From Great Dover Street, The Borough to Warwick Row, Westminster"
"LINESTRING (-0.214428 51.486062,-0.14296 51.497998", "From Greyhound Road, Hammersmith to Warwick Row, Westminster"
"LINESTRING (-0.179135 51.516417,-0.14296 51.497998", "From Eastbourne Mews, Paddington to Warwick Row, Westminster"
"LINESTRING (-0.17977 51.51348,-0.14296 51.497998", "From Devonshire Terrace, Bayswater to Warwick Row, Westminster"
"LINESTRING (-0.156166 51.518913,-0.14296 51.497998", "From Baker Street, Marylebone to Warwick Row, Westminster"
"LINESTRING (-0.09022 51.491484,-0.14296 51.497998", "From Rodney Road , Walworth to Warwick Row, Westminster"
"LINESTRING (-0.147478 51.492369,-0.14296 51.497998", "From Elizabeth Bridge, Victoria to Warwick Row, Westminster"
"LINESTRING (-0.134621 51.507424,-0.14296 51.497998", "From St. James's Square, St. James's to Warwick Row, Westminster"
"LINESTRING (-0.125674 51.491884,-0.14296 51.497998", "From Millbank Tower, Pimlico to Warwick Row, Westminster"
"LINESTRING (-0.112824 51.503791,-0.14296 51.497998", "From Waterloo Station 3, Waterloo to Warwick Row, Westminster"
"LINESTRING (-0.144228 51.518117,-0.14296 51.497998", "From Broadcasting House, Marylebone to Warwick Row, Westminster"
"LINESTRING (-0.14296 51.497998,-0.14296 51.497998", "From Warwick Row, Westminster to Warwick Row, Westminster"
"LINESTRING (-0.130458 51.494816,-0.14296 51.497998", "From Horseferry Road, Westminster to Warwick Row, Westminster"
"LINESTRING (-0.153645 51.512911,-0.14296 51.497998", "From North Audley Street, Mayfair to Warwick Row, Westminster"
"LINESTRING (-0.179369 51.487196,-0.14296 51.497998", "From Drayton Gardens, West Chelsea to Warwick Row, Westminster"
"LINESTRING (-0.103078 51.511934,-0.14296 51.497998", "From Blackfriars Station, St. Paul's to Warwick Row, Westminster"
"LINESTRING (-0.17977 51.51348,-0.14296 51.497998", "From Devonshire Terrace, Bayswater to Warwick Row, Westminster"
"LINESTRING (-0.120202 51.523346,-0.14296 51.497998", "From Guilford Street , Bloomsbury to Warwick Row, Westminster"
"LINESTRING (-0.192165 51.457529,-0.14296 51.497998", "From Ram Street, Wandsworth to Warwick Row, Westminster"
"LINESTRING (-0.134621 51.507424,-0.14296 51.497998", "From St. James's Square, St. James's to Warwick Row, Westminster"
"LINESTRING (-0.123823 51.501513,-0.14296 51.497998", "From Westminster Pier, Westminster to Warwick Row, Westminster"
"LINESTRING (-0.174411 51.511933,-0.14296 51.497998", "From Bayswater Road, Hyde Park to Warwick Row, Westminster"
"LINESTRING (-0.179135 51.516417,-0.14296 51.497998", "From Eastbourne Mews, Paddington to Warwick Row, Westminster"
"LINESTRING (-0.179135 51.516417,-0.14296 51.497998", "From Eastbourne Mews, Paddington to Warwick Row, Westminster"
"LINESTRING (-0.107987 51.517428,-0.14296 51.497998", "From New Fetter Lane, Holborn to Warwick Row, Westminster"
"LINESTRING (-0.207842 51.471079,-0.14296 51.497998", "From Elysium Place, Fulham to Warwick Row, Westminster"
"LINESTRING (-0.116688 51.520596,-0.14296 51.497998", "From Theobald's Road , Holborn to Warwick Row, Westminster"
"LINESTRING (-0.131213 51.513103,-0.14296 51.497998", "From Frith Street, Soho to Warwick Row, Westminster"
"LINESTRING (-0.147714 51.483507,-0.14296 51.497998", "From Battersea Power Station, Battersea Park to Warwick Row, Westminster"
"LINESTRING (-0.162298 51.522511,-0.14296 51.497998", "From Boston Place, Marylebone to Warwick Row, Westminster"
"LINESTRING (-0.125674 51.491884,-0.14296 51.497998", "From Millbank Tower, Pimlico to Warwick Row, Westminster"
"LINESTRING (-0.077121 51.511594,-0.14296 51.497998", "From Crosswall, Tower to Warwick Row, Westminster"
"LINESTRING (-0.092762 51.500296,-0.093913 51.496791", "From Swan Street, The Borough to Dickens Square, Borough"
"LINESTRING (-0.067937 51.51793,-0.093913 51.496791", "From Old Montague Street, Whitechapel to Dickens Square, Borough"
"LINESTRING (-0.082422 51.516154,-0.093913 51.496791", "From Wormwood Street, Liverpool Street to Dickens Square, Borough"
"LINESTRING (-0.111471 51.479601,-0.093913 51.496791", "From Cranmer Road, Stockwell to Dickens Square, Borough"
"LINESTRING (-0.09885 51.515418,-0.093913 51.496791", "From Newgate Street , St. Paul's to Dickens Square, Borough"
"LINESTRING (-0.114605 51.495656,-0.093913 51.496791", "From Sail Street, Vauxhall to Dickens Square, Borough"
"LINESTRING (-0.06691 51.507131,-0.093913 51.496791", "From Nesham Street, Wapping to Dickens Square, Borough"
"LINESTRING (-0.099828 51.493146,-0.093913 51.496791", "From Strata, Elephant & Castle to Dickens Square, Borough"
"LINESTRING (-0.137043 51.511897,-0.093913 51.496791", "From Golden Square, Soho to Dickens Square, Borough"
"LINESTRING (-0.093051 51.511246,-0.093913 51.496791", "From Queen Street 2, Bank to Dickens Square, Borough"
"LINESTRING (-0.132102 51.498125,-0.093913 51.496791", "From Abbey Orchard Street, Westminster to Dickens Square, Borough"
"LINESTRING (-0.092921 51.494436,-0.093913 51.496791", "From New Kent Road, The Borough to Dickens Square, Borough"
"LINESTRING (-0.102091 51.500693,-0.093913 51.496791", "From Webber Street , Southwark to Dickens Square, Borough"
"LINESTRING (-0.101384 51.49652,-0.093913 51.496791", "From Ontario Street, Elephant & Castle to Dickens Square, Borough"
"LINESTRING (-0.091773 51.504627,-0.093913 51.496791", "From Hop Exchange, The Borough to Dickens Square, Borough"
"LINESTRING (-0.142783 51.51196,-0.093913 51.496791", "From St. George Street, Mayfair to Dickens Square, Borough"
"LINESTRING (-0.079249 51.518908,-0.093913 51.496791", "From Brushfield Street, Liverpool Street to Dickens Square, Borough"
"LINESTRING (-0.173757 51.496471,-0.138846 51.510048", "From Exhibition Road Museums 1, South Kensington to Sackville Street, Mayfair"
"LINESTRING (-0.150905 51.496544,-0.138846 51.510048", "From Eaton Square, Belgravia to Sackville Street, Mayfair"
"LINESTRING (-0.122219 51.51477,-0.138846 51.510048", "From Drury Lane, Covent Garden to Sackville Street, Mayfair"
"LINESTRING (-0.150181 51.536922,-0.138846 51.510048", "From London Zoo Car Park, The Regent's Park to Sackville Street, Mayfair"
"LINESTRING (-0.171103 51.518268,-0.138846 51.510048", "From St Mary's Hospital, Paddington to Sackville Street, Mayfair"
"LINESTRING (-0.176645 51.518622,-0.138846 51.510048", "From North Wharf Road, Paddington to Sackville Street, Mayfair"
"LINESTRING (-0.214749 51.473036,-0.138846 51.510048", "From Bishop's Avenue, Fulham to Sackville Street, Mayfair"
"LINESTRING (-0.138733 51.496753,-0.138846 51.510048", "From Howick Place, Westminster to Sackville Street, Mayfair"
"LINESTRING (-0.163609 51.51809,-0.138846 51.510048", "From Shouldham Street, Marylebone to Sackville Street, Mayfair"
"LINESTRING (-0.158264 51.514577,-0.138846 51.510048", "From Old Quebec Street, Marylebone to Sackville Street, Mayfair"
"LINESTRING (-0.173757 51.496471,-0.138846 51.510048", "From Exhibition Road Museums 1, South Kensington to Sackville Street, Mayfair"
"LINESTRING (-0.112824 51.503791,-0.138846 51.510048", "From Waterloo Station 3, Waterloo to Sackville Street, Mayfair"
"LINESTRING (-0.236769 51.494223,-0.138846 51.510048", "From Ravenscourt Park Station, Hammersmith to Sackville Street, Mayfair"
"LINESTRING (-0.115057 51.512582,-0.138846 51.510048", "From Strand, Strand to Sackville Street, Mayfair"
"LINESTRING (-0.142844 51.506613,-0.138846 51.510048", "From Green Park Station, Mayfair to Sackville Street, Mayfair"
"LINESTRING (-0.142943 51.496863,-0.138846 51.510048", "From Allington Street, Victoria to Sackville Street, Mayfair"
"LINESTRING (-0.138846 51.510048,-0.138846 51.510048", "From Sackville Street, Mayfair to Sackville Street, Mayfair"
"LINESTRING (-0.135635 51.488226,-0.138846 51.510048", "From St. George's Square, Pimlico to Sackville Street, Mayfair"
"LINESTRING (-0.205284 51.496712,-0.138846 51.510048", "From Warwick Road, Olympia to Sackville Street, Mayfair"
"LINESTRING (-0.152317 51.499412,-0.138846 51.510048", "From Belgrave Square, Belgravia to Sackville Street, Mayfair"
"LINESTRING (-0.226606 51.488108,-0.138846 51.510048", "From Crisp Road, Hammersmith to Sackville Street, Mayfair"
"LINESTRING (-0.130504 51.526838,-0.138846 51.510048", "From Endsleigh Gardens, Euston to Sackville Street, Mayfair"
"LINESTRING (-0.141327 51.520253,-0.138846 51.510048", "From Great Titchfield Street, Fitzrovia to Sackville Street, Mayfair"
"LINESTRING (-0.209494 51.498157,-0.138846 51.510048", "From Kensington Olympia Station, Olympia to Sackville Street, Mayfair"
"LINESTRING (-0.153233 51.490959,-0.138846 51.510048", "From Bourne Street, Belgravia to Sackville Street, Mayfair"
"LINESTRING (-0.098807 51.506725,-0.138846 51.510048", "From Tate Modern, Bankside to Sackville Street, Mayfair"
"LINESTRING (-0.138846 51.510048,-0.138846 51.510048", "From Sackville Street, Mayfair to Sackville Street, Mayfair"
"LINESTRING (-0.170279 51.506451,-0.138846 51.510048", "From Triangle Car Park, Hyde Park to Sackville Street, Mayfair"
"LINESTRING (-0.147714 51.483507,-0.138846 51.510048", "From Battersea Power Station, Battersea Park to Sackville Street, Mayfair"
"LINESTRING (-0.10454 51.505461,-0.138846 51.510048", "From Blackfriars Road, Southwark to Sackville Street, Mayfair"
"LINESTRING (-0.112824 51.503791,-0.138846 51.510048", "From Waterloo Station 3, Waterloo to Sackville Street, Mayfair"
"LINESTRING (-0.118295 51.52728,-0.138846 51.510048", "From Ampton Street , Clerkenwell to Sackville Street, Mayfair"
"LINESTRING (-0.125979 51.526357,-0.138846 51.510048", "From Cartwright Gardens , Bloomsbury to Sackville Street, Mayfair"
"LINESTRING (-0.158105 51.494645,-0.138846 51.510048", "From Cadogan Place, Knightsbridge to Sackville Street, Mayfair"
"LINESTRING (-0.148105 51.514759,-0.138846 51.510048", "From Marylebone Lane, Marylebone to Sackville Street, Mayfair"
"LINESTRING (-0.141327 51.520253,-0.138846 51.510048", "From Great Titchfield Street, Fitzrovia to Sackville Street, Mayfair"
"LINESTRING (-0.166878 51.488023,-0.138846 51.510048", "From Flood Street, Chelsea to Sackville Street, Mayfair"
"LINESTRING (-0.138846 51.510048,-0.138846 51.510048", "From Sackville Street, Mayfair to Sackville Street, Mayfair"
"LINESTRING (-0.145904 51.507069,-0.138846 51.510048", "From Curzon Street, Mayfair to Sackville Street, Mayfair"
"LINESTRING (-0.123616 51.529943,-0.138846 51.510048", "From Belgrove Street , King's Cross to Sackville Street, Mayfair"
"LINESTRING (-0.121394 51.493699,-0.138846 51.510048", "From Fire Brigade Pier, Vauxhall to Sackville Street, Mayfair"
"LINESTRING (-0.148105 51.514759,-0.138846 51.510048", "From Marylebone Lane, Marylebone to Sackville Street, Mayfair"
"LINESTRING (-0.153645 51.512911,-0.138846 51.510048", "From North Audley Street, Mayfair to Sackville Street, Mayfair"
"LINESTRING (-0.066078 51.514924,-0.138846 51.510048", "From LMU Commercial Road, Whitechapel to Sackville Street, Mayfair"
"LINESTRING (-0.088542 51.527025,-0.088542 51.527025", "From Baldwin Street, St. Luke's to Baldwin Street, St. Luke's"
"LINESTRING (-0.123179 51.506543,-0.088542 51.527025", "From Whitehall Place, Strand to Baldwin Street, St. Luke's"
"LINESTRING (-0.099994 51.522853,-0.088542 51.527025", "From Berry Street, Clerkenwell to Baldwin Street, St. Luke's"
"LINESTRING (-0.088542 51.527025,-0.088542 51.527025", "From Baldwin Street, St. Luke's to Baldwin Street, St. Luke's"
"LINESTRING (-0.06691 51.507131,-0.088542 51.527025", "From Nesham Street, Wapping to Baldwin Street, St. Luke's"
"LINESTRING (-0.108657 51.51795,-0.088542 51.527025", "From Holborn Circus, Holborn to Baldwin Street, St. Luke's"
"LINESTRING (-0.099994 51.522853,-0.088542 51.527025", "From Berry Street, Clerkenwell to Baldwin Street, St. Luke's"
"LINESTRING (-0.084439 51.524696,-0.088542 51.527025", "From Leonard Circus , Shoreditch to Baldwin Street, St. Luke's"
"LINESTRING (-0.088542 51.527025,-0.088542 51.527025", "From Baldwin Street, St. Luke's to Baldwin Street, St. Luke's"
"LINESTRING (-0.135777 51.51953,-0.088542 51.527025", "From Charlotte Street, Fitzrovia to Baldwin Street, St. Luke's"
"LINESTRING (-0.071653 51.522617,-0.088542 51.527025", "From Brick Lane Market, Shoreditch to Baldwin Street, St. Luke's"
"LINESTRING (-0.108657 51.51795,-0.088542 51.527025", "From Holborn Circus, Holborn to Baldwin Street, St. Luke's"
"LINESTRING (-0.09315 51.53356,-0.088542 51.527025", "From Eagle Wharf Road, Hoxton to Baldwin Street, St. Luke's"
"LINESTRING (-0.106237 51.507244,-0.088542 51.527025", "From Milroy Walk, South Bank to Baldwin Street, St. Luke's"
"LINESTRING (-0.08299 51.53213,-0.088542 51.527025", "From Pitfield Street Central, Hoxton to Baldwin Street, St. Luke's"
"LINESTRING (-0.111435 51.48894,-0.088542 51.527025", "From Kennington Cross, Kennington to Baldwin Street, St. Luke's"
"LINESTRING (-0.109256 51.526443,-0.088542 51.527025", "From Tysoe Street, Clerkenwell to Baldwin Street, St. Luke's"
"LINESTRING (-0.120202 51.523346,-0.088542 51.527025", "From Guilford Street , Bloomsbury to Baldwin Street, St. Luke's"
"LINESTRING (-0.066078 51.514924,-0.088542 51.527025", "From LMU Commercial Road, Whitechapel to Baldwin Street, St. Luke's"
"LINESTRING (-0.075375 51.528187,-0.088542 51.527025", "From Columbia Road, Shoreditch to Baldwin Street, St. Luke's"
"LINESTRING (-0.102208 51.526153,-0.088542 51.527025", "From Percival Street, Finsbury to Baldwin Street, St. Luke's"
"LINESTRING (-0.079249 51.518908,-0.088542 51.527025", "From Brushfield Street, Liverpool Street to Baldwin Street, St. Luke's"
"LINESTRING (-0.083493 51.520955,-0.088542 51.527025", "From Pindar Street, Liverpool Street to Baldwin Street, St. Luke's"
"LINESTRING (-0.069542 51.512363,-0.088542 51.527025", "From Leman Street, Aldgate to Baldwin Street, St. Luke's"
"LINESTRING (-0.154701 51.520583,-0.088542 51.527025", "From Paddington Street, Marylebone to Baldwin Street, St. Luke's"
"LINESTRING (-0.066078 51.514924,-0.088542 51.527025", "From LMU Commercial Road, Whitechapel to Baldwin Street, St. Luke's"
"LINESTRING (-0.06797 51.504904,-0.088542 51.527025", "From Wapping High Street, Wapping to Baldwin Street, St. Luke's"
"LINESTRING (-0.102757 51.536384,-0.088542 51.527025", "From Islington Green, Angel to Baldwin Street, St. Luke's"
"LINESTRING (-0.092176 51.520044,-0.088542 51.527025", "From Barbican Centre, Barbican to Baldwin Street, St. Luke's"
"LINESTRING (-0.106992 51.534504,-0.088542 51.527025", "From Liverpool Road (N1 Centre), Angel to Baldwin Street, St. Luke's"
"LINESTRING (-0.055312 51.52568,-0.088542 51.527025", "From Bethnal Green Garden, Bethnal Green to Baldwin Street, St. Luke's"
"LINESTRING (-0.079249 51.518908,-0.088542 51.527025", "From Brushfield Street, Liverpool Street to Baldwin Street, St. Luke's"
"LINESTRING (-0.099828 51.493146,-0.088542 51.527025", "From Strata, Elephant & Castle to Baldwin Street, St. Luke's"
"LINESTRING (-0.099489 51.524868,-0.088542 51.527025", "From Sadlers Sports Centre, Finsbury to Baldwin Street, St. Luke's"
"LINESTRING (-0.084439 51.524696,-0.088542 51.527025", "From Leonard Circus , Shoreditch to Baldwin Street, St. Luke's"
"LINESTRING (-0.103078 51.511934,-0.088542 51.527025", "From Blackfriars Station, St. Paul's to Baldwin Street, St. Luke's"
"LINESTRING (-0.099981 51.532661,-0.088542 51.527025", "From Graham Street, Angel to Baldwin Street, St. Luke's"
"LINESTRING (-0.089659 51.52548,-0.088542 51.527025", "From Old Street Station, St. Luke's to Baldwin Street, St. Luke's"
"LINESTRING (-0.18697 51.51616,-0.088542 51.527025", "From Bishop's Bridge Road West, Bayswater to Baldwin Street, St. Luke's"
"LINESTRING (-0.073537 51.514233,-0.088542 51.527025", "From Braham Street, Aldgate to Baldwin Street, St. Luke's"
"LINESTRING (-0.127854 51.517727,-0.088542 51.527025", "From Great Russell Street, Bloomsbury to Baldwin Street, St. Luke's"
"LINESTRING (-0.112432 51.526599,-0.088542 51.527025", "From Margery Street, Clerkenwell to Baldwin Street, St. Luke's"
"LINESTRING (-0.094524 51.500694,-0.088542 51.527025", "From Borough High Street, The Borough to Baldwin Street, St. Luke's"
"LINESTRING (-0.093421 51.529154,-0.088542 51.527025", "From Windsor Terrace, Hoxton to Baldwin Street, St. Luke's"
"LINESTRING (-0.070542 51.505697,-0.088542 51.527025", "From St. Katharine's Way, Tower to Baldwin Street, St. Luke's"
"LINESTRING (-0.028155 51.533283,-0.088542 51.527025", "From Hewison Street, Old Ford to Baldwin Street, St. Luke's"
"LINESTRING (-0.069542 51.512363,-0.088542 51.527025", "From Leman Street, Aldgate to Baldwin Street, St. Luke's"
"LINESTRING (-0.117974 51.494881,-0.139956 51.493573", "From Lambeth Road, Vauxhall to Queen Mother Sports Centre, Victoria"
"LINESTRING (-0.132845 51.489975,-0.139956 51.493573", "From Rampayne Street, Pimlico to Queen Mother Sports Centre, Victoria"
"LINESTRING (-0.132845 51.489975,-0.139956 51.493573", "From Rampayne Street, Pimlico to Queen Mother Sports Centre, Victoria"
"LINESTRING (-0.157788 51.465123,-0.139956 51.493573", "From Sugden Road, Clapham to Queen Mother Sports Centre, Victoria"
"LINESTRING (-0.108657 51.51795,-0.139956 51.493573", "From Holborn Circus, Holborn to Queen Mother Sports Centre, Victoria"
"LINESTRING (-0.131213 51.513103,-0.139956 51.493573", "From Frith Street, Soho to Queen Mother Sports Centre, Victoria"
"LINESTRING (-0.18119 51.485587,-0.139956 51.493573", "From Limerston Street, West Chelsea to Queen Mother Sports Centre, Victoria"
"LINESTRING (-0.127554 51.493978,-0.139956 51.493573", "From Page Street, Westminster to Queen Mother Sports Centre, Victoria"
"LINESTRING (-0.122219 51.51477,-0.139956 51.493573", "From Drury Lane, Covent Garden to Queen Mother Sports Centre, Victoria"
"LINESTRING (-0.140741 51.488057,-0.139956 51.493573", "From Alderney Street, Pimlico to Queen Mother Sports Centre, Victoria"
"LINESTRING (-0.153194 51.501352,-0.139956 51.493573", "From Grosvenor Crescent, Belgravia to Queen Mother Sports Centre, Victoria"
"LINESTRING (-0.111471 51.479601,-0.139956 51.493573", "From Cranmer Road, Stockwell to Queen Mother Sports Centre, Victoria"
"LINESTRING (-0.139956 51.493573,-0.139956 51.493573", "From Queen Mother Sports Centre, Victoria to Queen Mother Sports Centre, Victoria"
"LINESTRING (-0.113885 51.51165,-0.139956 51.493573", "From Arundel Street to Queen Mother Sports Centre, Victoria"
"LINESTRING (-0.123823 51.501513,-0.139956 51.493573", "From Westminster Pier, Westminster to Queen Mother Sports Centre, Victoria"
"LINESTRING (-0.110683 51.484788,-0.139956 51.493573", "From Kennington Road Post Office, Oval to Queen Mother Sports Centre, Victoria"
"LINESTRING (-0.134621 51.507424,-0.139956 51.493573", "From St. James's Square, St. James's to Queen Mother Sports Centre, Victoria"
"LINESTRING (-0.132845 51.489975,-0.139956 51.493573", "From Rampayne Street, Pimlico to Queen Mother Sports Centre, Victoria"
"LINESTRING (-0.149551 51.477619,-0.139956 51.493573", "From Queen's Circus, Battersea Park to Queen Mother Sports Centre, Victoria"
"LINESTRING (-0.13011 51.513527,-0.139956 51.493573", "From Moor Street, Soho to Queen Mother Sports Centre, Victoria"
"LINESTRING (-0.147478 51.492369,-0.139956 51.493573", "From Elizabeth Bridge, Victoria to Queen Mother Sports Centre, Victoria"
"LINESTRING (-0.097122 51.529423,-0.139956 51.493573", "From Macclesfield Rd, St Lukes to Queen Mother Sports Centre, Victoria"
"LINESTRING (-0.149004 51.485821,-0.139956 51.493573", "From Chelsea Bridge, Pimlico to Queen Mother Sports Centre, Victoria"
"LINESTRING (-0.106823 51.508033,-0.139956 51.493573", "From Sea Containers, South Bank to Queen Mother Sports Centre, Victoria"
"LINESTRING (-0.09294 51.511553,-0.139956 51.493573", "From Queen Street 1, Bank to Queen Mother Sports Centre, Victoria"
"LINESTRING (-0.137598 51.497698,-0.139956 51.493573", "From Kings Gate House, Westminster to Queen Mother Sports Centre, Victoria"
"LINESTRING (-0.132845 51.489975,-0.139956 51.493573", "From Rampayne Street, Pimlico to Queen Mother Sports Centre, Victoria"
"LINESTRING (-0.163347 51.474392,-0.139956 51.493573", "From Albert Bridge Road, Battersea Park to Queen Mother Sports Centre, Victoria"
"LINESTRING (-0.149186 51.490491,-0.139956 51.493573", "From Ebury Bridge, Pimlico to Queen Mother Sports Centre, Victoria"
"LINESTRING (-0.161765 51.487964,-0.139956 51.493573", "From Ormonde Gate, Chelsea to Queen Mother Sports Centre, Victoria"
"LINESTRING (-0.157788 51.465123,-0.139956 51.493573", "From Sugden Road, Clapham to Queen Mother Sports Centre, Victoria"
"LINESTRING (-0.140741 51.488057,-0.139956 51.493573", "From Alderney Street, Pimlico to Queen Mother Sports Centre, Victoria"
"LINESTRING (-0.183486 51.529857,-0.139956 51.493573", "From Maida Vale, Maida Vale to Queen Mother Sports Centre, Victoria"
"LINESTRING (-0.149186 51.490491,-0.139956 51.493573", "From Ebury Bridge, Pimlico to Queen Mother Sports Centre, Victoria"
"LINESTRING (-0.148059 51.472865,-0.139956 51.493573", "From Silverthorne Road, Battersea to Queen Mother Sports Centre, Victoria"
"LINESTRING (-0.09022 51.491484,-0.139956 51.493573", "From Rodney Road , Walworth to Queen Mother Sports Centre, Victoria"
"LINESTRING (-0.082422 51.516154,-0.139956 51.493573", "From Wormwood Street, Liverpool Street to Queen Mother Sports Centre, Victoria"
"LINESTRING (-0.174411 51.511933,-0.139956 51.493573", "From Bayswater Road, Hyde Park to Queen Mother Sports Centre, Victoria"
"LINESTRING (-0.149004 51.485821,-0.139956 51.493573", "From Chelsea Bridge, Pimlico to Queen Mother Sports Centre, Victoria"
"LINESTRING (-0.137424 51.498865,-0.139956 51.493573", "From Buckingham Gate, Westminster to Queen Mother Sports Centre, Victoria"
"LINESTRING (-0.149186 51.490491,-0.139956 51.493573", "From Ebury Bridge, Pimlico to Queen Mother Sports Centre, Victoria"
"LINESTRING (-0.144132 51.493204,-0.139956 51.493573", "From Belgrave Road, Victoria to Queen Mother Sports Centre, Victoria"
"LINESTRING (-0.147714 51.483507,-0.139956 51.493573", "From Battersea Power Station, Battersea Park to Queen Mother Sports Centre, Victoria"
"LINESTRING (-0.129361 51.488365,-0.139956 51.493573", "From Vauxhall Bridge , Pimlico to Queen Mother Sports Centre, Victoria"
"LINESTRING (-0.119643 51.511756,-0.081608 51.497855", "From Wellington Street , Strand to Bermondsey Street, Bermondsey"
"LINESTRING (-0.123823 51.501513,-0.081608 51.497855", "From Westminster Pier, Westminster to Bermondsey Street, Bermondsey"
"LINESTRING (-0.073537 51.514233,-0.081608 51.497855", "From Braham Street, Aldgate to Bermondsey Street, Bermondsey"
"LINESTRING (-0.113001 51.50486,-0.081608 51.497855", "From Waterloo Road, South Bank to Bermondsey Street, Bermondsey"
"LINESTRING (-0.132053 51.518587,-0.081608 51.497855", "From Bayley Street , Bloomsbury to Bermondsey Street, Bermondsey"
"LINESTRING (-0.089446 51.497382,-0.081608 51.497855", "From Great Dover Street, The Borough to Bermondsey Street, Bermondsey"
"LINESTRING (-0.111606 51.505569,-0.081608 51.497855", "From Stamford Street, South Bank to Bermondsey Street, Bermondsey"
"LINESTRING (-0.125674 51.491884,-0.081608 51.497855", "From Millbank Tower, Pimlico to Bermondsey Street, Bermondsey"
"LINESTRING (-0.100186 51.505817,-0.081608 51.497855", "From Bankside Mix, Bankside to Bermondsey Street, Bermondsey"
"LINESTRING (-0.091938 51.492807,-0.081608 51.497855", "From Victory Place, Walworth to Bermondsey Street, Bermondsey"
"LINESTRING (-0.089446 51.497382,-0.081608 51.497855", "From Great Dover Street, The Borough to Bermondsey Street, Bermondsey"
"LINESTRING (-0.113134 51.483145,-0.081608 51.497855", "From Kennington Oval, Oval to Bermondsey Street, Bermondsey"
"LINESTRING (-0.082989 51.510484,-0.081608 51.497855", "From Great Tower Street, Monument to Bermondsey Street, Bermondsey"
"LINESTRING (-0.088542 51.527025,-0.081608 51.497855", "From Baldwin Street, St. Luke's to Bermondsey Street, Bermondsey"
"LINESTRING (-0.089887 51.520858,-0.081608 51.497855", "From Bunhill Row, Moorgate to Bermondsey Street, Bermondsey"
"LINESTRING (-0.07962 51.503493,-0.081608 51.497855", "From Tooley Street, Bermondsey to Bermondsey Street, Bermondsey"
"LINESTRING (-0.085666 51.499075,-0.081608 51.497855", "From Long Lane , Bermondsey to Bermondsey Street, Bermondsey"
"LINESTRING (-0.08066 51.514225,-0.081608 51.497855", "From St. Mary Axe, Aldgate to Bermondsey Street, Bermondsey"
"LINESTRING (-0.08497 51.50964,-0.081608 51.497855", "From Monument Street, Monument to Bermondsey Street, Bermondsey"
"LINESTRING (-0.082422 51.516154,-0.081608 51.497855", "From Wormwood Street, Liverpool Street to Bermondsey Street, Bermondsey"
"LINESTRING (-0.099828 51.493146,-0.081608 51.497855", "From Strata, Elephant & Castle to Bermondsey Street, Bermondsey"
"LINESTRING (-0.123179 51.506543,-0.081608 51.497855", "From Whitehall Place, Strand to Bermondsey Street, Bermondsey"
"LINESTRING (-0.079684 51.516468,-0.081608 51.497855", "From Devonshire Square, Liverpool Street to Bermondsey Street, Bermondsey"
"LINESTRING (-0.075901 51.531091,-0.081608 51.497855", "From Hoxton Station, Hoxton to Bermondsey Street, Bermondsey"
"LINESTRING (-0.075459 51.509506,-0.081608 51.497855", "From Tower Gardens , Tower to Bermondsey Street, Bermondsey"
"LINESTRING (-0.06691 51.507131,-0.081608 51.497855", "From Nesham Street, Wapping to Bermondsey Street, Bermondsey"
"LINESTRING (-0.074431 51.519362,-0.081608 51.497855", "From Fournier Street, Whitechapel to Bermondsey Street, Bermondsey"
"LINESTRING (-0.074704 51.500845,-0.081608 51.497855", "From Tower Wharf, Bermondsey to Bermondsey Street, Bermondsey"
"LINESTRING (-0.079248 51.524526,-0.081608 51.497855", "From New Inn Yard, Shoreditch to Bermondsey Street, Bermondsey"
"LINESTRING (-0.08497 51.50964,-0.081608 51.497855", "From Monument Street, Monument to Bermondsey Street, Bermondsey"
"LINESTRING (-0.079608 51.521668,-0.081608 51.497855", "From Worship Street, Shoreditch to Bermondsey Street, Bermondsey"
"LINESTRING (-0.142844 51.506613,-0.081608 51.497855", "From Green Park Station, Mayfair to Bermondsey Street, Bermondsey"
"LINESTRING (-0.08974 51.500823,-0.081608 51.497855", "From Empire Square, The Borough to Bermondsey Street, Bermondsey"
"LINESTRING (-0.114686 51.506133,-0.081608 51.497855", "From Belvedere Road 1, South Bank to Bermondsey Street, Bermondsey"
"LINESTRING (-0.082422 51.516154,-0.081608 51.497855", "From Wormwood Street, Liverpool Street to Bermondsey Street, Bermondsey"
"LINESTRING (-0.136123 51.482362,-0.081608 51.497855", "From Riverlight North, Nine Elms to Bermondsey Street, Bermondsey"
"LINESTRING (-0.08066 51.514225,-0.081608 51.497855", "From St. Mary Axe, Aldgate to Bermondsey Street, Bermondsey"
"LINESTRING (-0.01646 51.505772,-0.081608 51.497855", "From Import Dock, Canary Wharf to Bermondsey Street, Bermondsey"
"LINESTRING (-0.08974 51.500823,-0.081608 51.497855", "From Empire Square, The Borough to Bermondsey Street, Bermondsey"
"LINESTRING (-0.087262 51.506304,-0.081608 51.497855", "From Duke Street Hill, London Bridge to Bermondsey Street, Bermondsey"
"LINESTRING (-0.08974 51.500823,-0.081608 51.497855", "From Empire Square, The Borough to Bermondsey Street, Bermondsey"
"LINESTRING (-0.089887 51.520858,-0.073955 51.526293", "From Bunhill Row, Moorgate to Palissy Street, Shoreditch"
"LINESTRING (-0.104947 51.516785,-0.073955 51.526293", "From Farringdon Street, Holborn to Palissy Street, Shoreditch"
"LINESTRING (-0.158105 51.494645,-0.073955 51.526293", "From Cadogan Place, Knightsbridge to Palissy Street, Shoreditch"
"LINESTRING (-0.047218 51.526041,-0.073955 51.526293", "From Bancroft Road, Bethnal Green to Palissy Street, Shoreditch"
"LINESTRING (-0.142783 51.51196,-0.073955 51.526293", "From St. George Street, Mayfair to Palissy Street, Shoreditch"
"LINESTRING (-0.089887 51.520858,-0.073955 51.526293", "From Bunhill Row, Moorgate to Palissy Street, Shoreditch"
"LINESTRING (-0.123616 51.529943,-0.073955 51.526293", "From Belgrove Street , King's Cross to Palissy Street, Shoreditch"
"LINESTRING (-0.089887 51.520858,-0.073955 51.526293", "From Bunhill Row, Moorgate to Palissy Street, Shoreditch"
"LINESTRING (-0.014691 51.546805,-0.073955 51.526293", "From Timber Lodge, Queen Elizabeth Olympic Park to Palissy Street, Shoreditch"
"LINESTRING (-0.066035 51.531864,-0.073955 51.526293", "From Goldsmith's Row, Haggerston to Palissy Street, Shoreditch"
"LINESTRING (-0.122299 51.530199,-0.073955 51.526293", "From Birkenhead Street, King's Cross to Palissy Street, Shoreditch"
"LINESTRING (-0.058005 51.527152,-0.073955 51.526293", "From Pott Street, Bethnal Green to Palissy Street, Shoreditch"
"LINESTRING (-0.076793 51.513406,-0.073955 51.526293", "From Jewry Street, Aldgate to Palissy Street, Shoreditch"
"LINESTRING (-0.088542 51.527025,-0.073955 51.526293", "From Baldwin Street, St. Luke's to Palissy Street, Shoreditch"
"LINESTRING (-0.058631 51.524583,-0.073955 51.526293", "From Finnis Street, Bethnal Green to Palissy Street, Shoreditch"
"LINESTRING (-0.03338 51.535179,-0.073955 51.526293", "From Gunmakers Lane, Old Ford to Palissy Street, Shoreditch"
"LINESTRING (-0.079249 51.518908,-0.073955 51.526293", "From Brushfield Street, Liverpool Street to Palissy Street, Shoreditch"
"LINESTRING (-0.08249 51.53558,-0.073955 51.526293", "From Pitfield Street North,Hoxton to Palissy Street, Shoreditch"
"LINESTRING (-0.066035 51.531864,-0.073955 51.526293", "From Goldsmith's Row, Haggerston to Palissy Street, Shoreditch"
"LINESTRING (-0.049067 51.51563,-0.073955 51.526293", "From Aylward Street, Stepney to Palissy Street, Shoreditch"
"LINESTRING (-0.082989 51.510484,-0.073955 51.526293", "From Great Tower Street, Monument to Palissy Street, Shoreditch"
"LINESTRING (-0.068856 51.521776,-0.073955 51.526293", "From Buxton Street 1, Shoreditch to Palissy Street, Shoreditch"
"LINESTRING (-0.106237 51.507244,-0.073955 51.526293", "From Milroy Walk, South Bank to Palissy Street, Shoreditch"
"LINESTRING (-0.11655 51.51824,-0.073955 51.526293", "From Red Lion Street, Holborn to Palissy Street, Shoreditch"
"LINESTRING (-0.058826 51.54119,-0.073955 51.526293", "From London Fields, Hackney Central to Palissy Street, Shoreditch"
"LINESTRING (-0.108068 51.527842,-0.073955 51.526293", "From Hardwick Street, Clerkenwell to Palissy Street, Shoreditch"
"LINESTRING (-0.108068 51.527842,-0.073955 51.526293", "From Hardwick Street, Clerkenwell to Palissy Street, Shoreditch"
"LINESTRING (-0.084439 51.524696,-0.083067 51.523196", "From Leonard Circus , Shoreditch to Clifton Street, Shoreditch"
"LINESTRING (-0.165164 51.514746,-0.083067 51.523196", "From Porchester Place, Paddington to Clifton Street, Shoreditch"
"LINESTRING (-0.083632 51.502153,-0.083067 51.523196", "From Snowsfields, London Bridge to Clifton Street, Shoreditch"
"LINESTRING (-0.093903 51.530991,-0.083067 51.523196", "From Wenlock Road , Hoxton to Clifton Street, Shoreditch"
"LINESTRING (-0.099489 51.524868,-0.083067 51.523196", "From Sadlers Sports Centre, Finsbury to Clifton Street, Shoreditch"
"LINESTRING (-0.087262 51.506304,-0.083067 51.523196", "From Duke Street Hill, London Bridge to Clifton Street, Shoreditch"
"LINESTRING (-0.06555 51.528681,-0.083067 51.523196", "From Durant Street, Bethnal Green to Clifton Street, Shoreditch"
"LINESTRING (-0.058631 51.524583,-0.083067 51.523196", "From Finnis Street, Bethnal Green to Clifton Street, Shoreditch"
"LINESTRING (-0.08249 51.53558,-0.083067 51.523196", "From Pitfield Street North,Hoxton to Clifton Street, Shoreditch"
"LINESTRING (-0.141334 51.492345,-0.083067 51.523196", "From Guildhouse Street, Victoria to Clifton Street, Shoreditch"
"LINESTRING (-0.099489 51.524868,-0.083067 51.523196", "From Sadlers Sports Centre, Finsbury to Clifton Street, Shoreditch"
"LINESTRING (-0.027616 51.529452,-0.083067 51.523196", "From Malmesbury Road, Bow to Clifton Street, Shoreditch"
"LINESTRING (-0.102757 51.536384,-0.083067 51.523196", "From Islington Green, Angel to Clifton Street, Shoreditch"
"LINESTRING (-0.054883 51.522561,-0.083067 51.523196", "From Cephas Street, Bethnal Green to Clifton Street, Shoreditch"
"LINESTRING (-0.051394 51.520893,-0.083067 51.523196", "From Cleveland Way, Stepney to Clifton Street, Shoreditch"
"LINESTRING (-0.08249 51.53558,-0.083067 51.523196", "From Pitfield Street North,Hoxton to Clifton Street, Shoreditch"
"LINESTRING (-0.068161 51.509786,-0.083067 51.523196", "From Dock Street, Wapping to Clifton Street, Shoreditch"
"LINESTRING (-0.04667 51.521889,-0.083067 51.523196", "From Stepney Green Station, Stepney to Clifton Street, Shoreditch"
"LINESTRING (-0.074754 51.523648,-0.083067 51.523196", "From Bethnal Green Road, Shoreditch to Clifton Street, Shoreditch"
"LINESTRING (-0.06555 51.528681,-0.083067 51.523196", "From Durant Street, Bethnal Green to Clifton Street, Shoreditch"
"LINESTRING (-0.054883 51.522561,-0.083067 51.523196", "From Cephas Street, Bethnal Green to Clifton Street, Shoreditch"
"LINESTRING (-0.092176 51.520044,-0.083067 51.523196", "From Barbican Centre, Barbican to Clifton Street, Shoreditch"
"LINESTRING (-0.096518 51.491327,-0.083067 51.523196", "From Walworth Square, Walworth to Clifton Street, Shoreditch"
"LINESTRING (-0.06415 51.51295,-0.083067 51.523196", "From Christian Street, Whitechapel to Clifton Street, Shoreditch"
"LINESTRING (-0.063386 51.521905,-0.083067 51.523196", "From Selby Street, Whitechapel to Clifton Street, Shoreditch"
"LINESTRING (-0.100791 51.518218,-0.083067 51.523196", "From West Smithfield Rotunda, Farringdon to Clifton Street, Shoreditch"
"LINESTRING (-0.055656 51.514222,-0.083067 51.523196", "From Watney Market, Stepney to Clifton Street, Shoreditch"
"LINESTRING (-0.112432 51.526599,-0.083067 51.523196", "From Margery Street, Clerkenwell to Clifton Street, Shoreditch"
"LINESTRING (-0.082422 51.516154,-0.083067 51.523196", "From Wormwood Street, Liverpool Street to Clifton Street, Shoreditch"
"LINESTRING (-0.06111 51.518675,-0.083067 51.523196", "From Royal London Hospital, Whitechapel to Clifton Street, Shoreditch"
"LINESTRING (-0.10548 51.532199,-0.083067 51.523196", "From Torrens Street, Angel to Clifton Street, Shoreditch"
"LINESTRING (-0.112824 51.503791,-0.083067 51.523196", "From Waterloo Station 3, Waterloo to Clifton Street, Shoreditch"
"LINESTRING (-0.119643 51.511756,-0.101384 51.49652", "From Wellington Street , Strand to Ontario Street, Elephant & Castle"
"LINESTRING (-0.115533 51.504942,-0.101384 51.49652", "From Concert Hall Approach 2, South Bank to Ontario Street, Elephant & Castle"
"LINESTRING (-0.101384 51.49652,-0.101384 51.49652", "From Ontario Street, Elephant & Castle to Ontario Street, Elephant & Castle"
"LINESTRING (-0.114934 51.49288,-0.101384 51.49652", "From Lollard Street, Vauxhall to Ontario Street, Elephant & Castle"
"LINESTRING (-0.09022 51.491484,-0.101384 51.49652", "From Rodney Road , Walworth to Ontario Street, Elephant & Castle"
"LINESTRING (-0.123823 51.501513,-0.101384 51.49652", "From Westminster Pier, Westminster to Ontario Street, Elephant & Castle"
"LINESTRING (-0.075459 51.509506,-0.101384 51.49652", "From Tower Gardens , Tower to Ontario Street, Elephant & Castle"
"LINESTRING (-0.066078 51.514924,-0.101384 51.49652", "From LMU Commercial Road, Whitechapel to Ontario Street, Elephant & Castle"
"LINESTRING (-0.101384 51.49652,-0.101384 51.49652", "From Ontario Street, Elephant & Castle to Ontario Street, Elephant & Castle"
"LINESTRING (-0.092762 51.500296,-0.101384 51.49652", "From Swan Street, The Borough to Ontario Street, Elephant & Castle"
"LINESTRING (-0.111471 51.479601,-0.101384 51.49652", "From Cranmer Road, Stockwell to Ontario Street, Elephant & Castle"
"LINESTRING (-0.116279 51.524564,-0.101384 51.49652", "From Wren Street, Holborn to Ontario Street, Elephant & Castle"
"LINESTRING (-0.085666 51.499075,-0.101384 51.49652", "From Long Lane , Bermondsey to Ontario Street, Elephant & Castle"
"LINESTRING (-0.111435 51.48894,-0.101384 51.49652", "From Kennington Cross, Kennington to Ontario Street, Elephant & Castle"
"LINESTRING (-0.10454 51.505461,-0.101384 51.49652", "From Blackfriars Road, Southwark to Ontario Street, Elephant & Castle"
"LINESTRING (-0.117774 51.513875,-0.101384 51.49652", "From Kingsway Southbound, Strand to Ontario Street, Elephant & Castle"
"LINESTRING (-0.115781 51.464019,-0.101384 51.49652", "From Ferndale Road, Brixton to Ontario Street, Elephant & Castle"
"LINESTRING (-0.08974 51.500823,-0.101384 51.49652", "From Empire Square, The Borough to Ontario Street, Elephant & Castle"
"LINESTRING (-0.093051 51.511246,-0.101384 51.49652", "From Queen Street 2, Bank to Ontario Street, Elephant & Castle"
"LINESTRING (-0.115781 51.464019,-0.101384 51.49652", "From Ferndale Road, Brixton to Ontario Street, Elephant & Castle"
"LINESTRING (-0.116625 51.486965,-0.101384 51.49652", "From Vauxhall Street, Vauxhall to Ontario Street, Elephant & Castle"
"LINESTRING (-0.110699 51.501444,-0.101384 51.49652", "From Baylis Road, Waterloo to Ontario Street, Elephant & Castle"
"LINESTRING (-0.09294 51.51397,-0.101384 51.49652", "From Cheapside, Bank to Ontario Street, Elephant & Castle"
"LINESTRING (-0.112031 51.49914,-0.101384 51.49652", "From Lambeth North Station, Waterloo to Ontario Street, Elephant & Castle"
"LINESTRING (-0.087262 51.506304,-0.101384 51.49652", "From Duke Street Hill, London Bridge to Ontario Street, Elephant & Castle"
"LINESTRING (-0.124826 51.516226,-0.101384 51.49652", "From High Holborn , Covent Garden to Ontario Street, Elephant & Castle"
"LINESTRING (-0.119022 51.469202,-0.101384 51.49652", "From Sidney Road, Stockwell to Ontario Street, Elephant & Castle"
"LINESTRING (-0.075885 51.536585,-0.101384 51.49652", "From Dunston Road , Haggerston to Ontario Street, Elephant & Castle"
"LINESTRING (-0.111606 51.505569,-0.101384 51.49652", "From Stamford Street, South Bank to Ontario Street, Elephant & Castle"
"LINESTRING (-0.102757 51.536384,-0.101384 51.49652", "From Islington Green, Angel to Ontario Street, Elephant & Castle"
"LINESTRING (-0.093913 51.496791,-0.101384 51.49652", "From Dickens Square, Borough to Ontario Street, Elephant & Castle"
"LINESTRING (-0.096191 51.498597,-0.101384 51.49652", "From Harper Road, The Borough to Ontario Street, Elephant & Castle"
"LINESTRING (-0.100292 51.501732,-0.101384 51.49652", "From Great Suffolk Street, The Borough to Ontario Street, Elephant & Castle"
"LINESTRING (-0.08299 51.53213,-0.101384 51.49652", "From Pitfield Street Central, Hoxton to Ontario Street, Elephant & Castle"
"LINESTRING (-0.09294 51.51397,-0.101384 51.49652", "From Cheapside, Bank to Ontario Street, Elephant & Castle"
"LINESTRING (-0.089446 51.497382,-0.101384 51.49652", "From Great Dover Street, The Borough to Ontario Street, Elephant & Castle"
"LINESTRING (-0.15352 51.503117,-0.101384 51.49652", "From Hyde Park Corner, Hyde Park to Ontario Street, Elephant & Castle"
"LINESTRING (-0.113864 51.504027,-0.101384 51.49652", "From Waterloo Station 1, Waterloo to Ontario Street, Elephant & Castle"
"LINESTRING (-0.096191 51.498597,-0.101384 51.49652", "From Harper Road, The Borough to Ontario Street, Elephant & Castle"
"LINESTRING (-0.113179 51.466232,-0.101384 51.49652", "From St John's Crescent, Brixton to Ontario Street, Elephant & Castle"
"LINESTRING (-0.10454 51.505461,-0.101384 51.49652", "From Blackfriars Road, Southwark to Ontario Street, Elephant & Castle"
"LINESTRING (-0.116764 51.51362,-0.101384 51.49652", "From Houghton Street, Strand to Ontario Street, Elephant & Castle"
"LINESTRING (-0.097122 51.529423,-0.101384 51.49652", "From Macclesfield Rd, St Lukes to Ontario Street, Elephant & Castle"
"LINESTRING (-0.118256 51.47659,-0.101384 51.49652", "From Albert Square, Stockwell to Ontario Street, Elephant & Castle"
"LINESTRING (-0.132102 51.498125,-0.101384 51.49652", "From Abbey Orchard Street, Westminster to Ontario Street, Elephant & Castle"
"LINESTRING (-0.120202 51.523346,-0.129697 51.509087", "From Guilford Street , Bloomsbury to St. Martin's Street, West End"
"LINESTRING (-0.155349 51.502757,-0.129697 51.509087", "From Knightsbridge, Hyde Park to St. Martin's Street, West End"
"LINESTRING (-0.132328 51.515631,-0.129697 51.509087", "From Soho Square , Soho to St. Martin's Street, West End"
"LINESTRING (-0.132845 51.489975,-0.129697 51.509087", "From Rampayne Street, Pimlico to St. Martin's Street, West End"
"LINESTRING (-0.087587 51.514441,-0.129697 51.509087", "From Bank of England Museum, Bank to St. Martin's Street, West End"
"LINESTRING (-0.120202 51.523346,-0.129697 51.509087", "From Guilford Street , Bloomsbury to St. Martin's Street, West End"
"LINESTRING (-0.139625 51.490962,-0.129697 51.509087", "From Gloucester Street, Pimlico to St. Martin's Street, West End"
"LINESTRING (-0.140947 51.49616,-0.129697 51.509087", "From Ashley Place, Victoria to St. Martin's Street, West End"
"LINESTRING (-0.149186 51.490491,-0.129697 51.509087", "From Ebury Bridge, Pimlico to St. Martin's Street, West End"
"LINESTRING (-0.132328 51.515631,-0.129697 51.509087", "From Soho Square , Soho to St. Martin's Street, West End"
"LINESTRING (-0.149569 51.50274,-0.129697 51.509087", "From Wellington Arch, Hyde Park to St. Martin's Street, West End"
"LINESTRING (-0.126021 51.508103,-0.129697 51.509087", "From Craven Street, Strand to St. Martin's Street, West End"
"LINESTRING (-0.118272 51.516277,-0.129697 51.509087", "From Lincoln's Inn Fields, Holborn to St. Martin's Street, West End"
"LINESTRING (-0.167894 51.493184,-0.129697 51.509087", "From Sloane Avenue, Knightsbridge to St. Martin's Street, West End"
"LINESTRING (-0.109025 51.534408,-0.129697 51.509087", "From Cloudesley Road, Angel to St. Martin's Street, West End"
"LINESTRING (-0.120202 51.523346,-0.129697 51.509087", "From Guilford Street , Bloomsbury to St. Martin's Street, West End"
"LINESTRING (-0.132328 51.515631,-0.129697 51.509087", "From Soho Square , Soho to St. Martin's Street, West End"
"LINESTRING (-0.118272 51.516277,-0.129697 51.509087", "From Lincoln's Inn Fields, Holborn to St. Martin's Street, West End"
"LINESTRING (-0.132328 51.515631,-0.129697 51.509087", "From Soho Square , Soho to St. Martin's Street, West End"
"LINESTRING (-0.126994 51.470732,-0.129697 51.509087", "From Clarence Walk, Stockwell to St. Martin's Street, West End"
"LINESTRING (-0.094475 51.521747,-0.129697 51.509087", "From Golden Lane, Barbican to St. Martin's Street, West End"
"LINESTRING (-0.124807 51.53724,-0.099981 51.532661", "From Handyside Street, King's Cross to Graham Street, Angel"
"LINESTRING (-0.138072 51.517344,-0.099981 51.532661", "From Wells Street, Fitzrovia to Graham Street, Angel"
"LINESTRING (-0.083493 51.520955,-0.099981 51.532661", "From Pindar Street, Liverpool Street to Graham Street, Angel"
"LINESTRING (-0.009935 51.546326,-0.099981 51.532661", "From East Village, Queen Elizabeth Olympic Park to Graham Street, Angel"
"LINESTRING (-0.062546 51.535678,-0.099981 51.532661", "From Regent's Row , Haggerston to Graham Street, Angel"
"LINESTRING (-0.09294 51.511553,-0.099981 51.532661", "From Queen Street 1, Bank to Graham Street, Angel"
"LINESTRING (-0.09294 51.51397,-0.099981 51.532661", "From Cheapside, Bank to Graham Street, Angel"
"LINESTRING (-0.075885 51.536585,-0.099981 51.532661", "From Dunston Road , Haggerston to Graham Street, Angel"
"LINESTRING (-0.129697 51.509087,-0.099981 51.532661", "From St. Martin's Street, West End to Graham Street, Angel"
"LINESTRING (-0.109256 51.526443,-0.099981 51.532661", "From Tysoe Street, Clerkenwell to Graham Street, Angel"
"LINESTRING (-0.139016 51.520994,-0.099981 51.532661", "From Howland Street, Fitzrovia to Graham Street, Angel"
"LINESTRING (-0.058826 51.54119,-0.099981 51.532661", "From London Fields, Hackney Central to Graham Street, Angel"
"LINESTRING (-0.144228 51.518117,-0.099981 51.532661", "From Broadcasting House, Marylebone to Graham Street, Angel"
"LINESTRING (-0.089887 51.520858,-0.099981 51.532661", "From Bunhill Row, Moorgate to Graham Street, Angel"
"LINESTRING (-0.089782 51.53089,-0.099981 51.532661", "From Murray Grove , Hoxton to Graham Street, Angel"
"LINESTRING (-0.099981 51.532661,-0.099981 51.532661", "From Graham Street, Angel to Graham Street, Angel"
"LINESTRING (-0.099981 51.532661,-0.099981 51.532661", "From Graham Street, Angel to Graham Street, Angel"
"LINESTRING (-0.087262 51.506304,-0.099981 51.532661", "From Duke Street Hill, London Bridge to Graham Street, Angel"
"LINESTRING (-0.055894 51.528936,-0.099981 51.532661", "From York Hall, Bethnal Green to Graham Street, Angel"
"LINESTRING (-0.107987 51.517428,-0.099981 51.532661", "From New Fetter Lane, Holborn to Graham Street, Angel"
"LINESTRING (-0.131161 51.52505,-0.099981 51.532661", "From Taviton Street, Bloomsbury to Graham Street, Angel"
"LINESTRING (-0.120909 51.516128,-0.099981 51.532661", "From Newton Street, Covent Garden to Graham Street, Angel"
"LINESTRING (-0.117774 51.513875,-0.099981 51.532661", "From Kingsway Southbound, Strand to Graham Street, Angel"
"LINESTRING (-0.097122 51.529423,-0.099981 51.532661", "From Macclesfield Rd, St Lukes to Graham Street, Angel"
"LINESTRING (-0.060291 51.535716,-0.099981 51.532661", "From Ada Street, Hackney Central to Graham Street, Angel"
"LINESTRING (-0.086379 51.534042,-0.099981 51.532661", "From Shoreditch Park, Hoxton to Graham Street, Angel"
"LINESTRING (-0.09885 51.515418,-0.099981 51.532661", "From Newgate Street , St. Paul's to Graham Street, Angel"
"LINESTRING (-0.107349 51.511891,-0.099981 51.532661", "From Tallis Street, Temple to Graham Street, Angel"
"LINESTRING (-0.115057 51.512582,-0.099981 51.532661", "From Strand, Strand to Graham Street, Angel"
"LINESTRING (-0.058005 51.527152,-0.085603 51.53095", "From Pott Street, Bethnal Green to New North Road 1, Hoxton"
"LINESTRING (-0.116628 51.500089,-0.085603 51.53095", "From Lambeth Palace Road, Waterloo to New North Road 1, Hoxton"
"LINESTRING (-0.075901 51.531091,-0.085603 51.53095", "From Hoxton Station, Hoxton to New North Road 1, Hoxton"
"LINESTRING (-0.075901 51.531091,-0.085603 51.53095", "From Hoxton Station, Hoxton to New North Road 1, Hoxton"
"LINESTRING (-0.108068 51.527842,-0.086016 51.53114", "From Hardwick Street, Clerkenwell to New North Road 2, Hoxton"
"LINESTRING (-0.084439 51.524696,-0.086016 51.53114", "From Leonard Circus , Shoreditch to New North Road 2, Hoxton"
"LINESTRING (-0.134407 51.526236,-0.086016 51.53114", "From Euston Road, Euston to New North Road 2, Hoxton"
"LINESTRING (-0.102757 51.536384,-0.086016 51.53114", "From Islington Green, Angel to New North Road 2, Hoxton"
"LINESTRING (-0.083353 51.529537,-0.086016 51.53114", "From Fanshaw Street, Hoxton to New North Road 2, Hoxton"
"LINESTRING (-0.09294 51.51397,-0.086016 51.53114", "From Cheapside, Bank to New North Road 2, Hoxton"
"LINESTRING (-0.106992 51.534504,-0.086016 51.53114", "From Liverpool Road (N1 Centre), Angel to New North Road 2, Hoxton"
"LINESTRING (-0.074431 51.519362,-0.086016 51.53114", "From Fournier Street, Whitechapel to New North Road 2, Hoxton"
"LINESTRING (-0.069743 51.528222,-0.086016 51.53114", "From Wellington Row, Bethnal Green to New North Road 2, Hoxton"
"LINESTRING (-0.002275 51.509474,-0.086016 51.53114", "From East India DLR, Blackwall to New North Road 2, Hoxton"
"LINESTRING (-0.083067 51.523196,-0.086016 51.53114", "From Clifton Street, Shoreditch to New North Road 2, Hoxton"
"LINESTRING (-0.157436 51.512276,-0.160854 51.535892", "From Green Street, Mayfair to Prince Albert Road, The Regent's Park"
"LINESTRING (-0.156285 51.535836,-0.160854 51.535892", "From London Zoo,  The Regent's Park to Prince Albert Road, The Regent's Park"
"LINESTRING (-0.118295 51.52728,-0.160854 51.535892", "From Ampton Street , Clerkenwell to Prince Albert Road, The Regent's Park"
"LINESTRING (-0.161113 51.522596,-0.160854 51.535892", "From Dorset Square, Marylebone to Prince Albert Road, The Regent's Park"
"LINESTRING (-0.180246 51.501026,-0.160854 51.535892", "From Queen's Gate (North), Kensington to Prince Albert Road, The Regent's Park"
"LINESTRING (-0.157436 51.512276,-0.160854 51.535892", "From Green Street, Mayfair to Prince Albert Road, The Regent's Park"
"LINESTRING (-0.149035 51.481121,-0.160854 51.535892", "From Sopwith Way, Battersea Park to Prince Albert Road, The Regent's Park"
"LINESTRING (-0.157436 51.512276,-0.160854 51.535892", "From Green Street, Mayfair to Prince Albert Road, The Regent's Park"
"LINESTRING (-0.176645 51.518622,-0.160854 51.535892", "From North Wharf Road, Paddington to Prince Albert Road, The Regent's Park"
"LINESTRING (-0.17581 51.517335,-0.160854 51.535892", "From South Wharf Road, Paddington to Prince Albert Road, The Regent's Park"
"LINESTRING (-0.138019 51.524438,-0.160854 51.535892", "From Warren Street Station, Euston to Prince Albert Road, The Regent's Park"
"LINESTRING (-0.154106 51.517703,-0.160854 51.535892", "From George Street, Marylebone to Prince Albert Road, The Regent's Park"
"LINESTRING (-0.158963 51.524517,-0.160854 51.535892", "From Park Road (Baker Street), The Regent's Park to Prince Albert Road, The Regent's Park"
"LINESTRING (-0.139174 51.533019,-0.160854 51.535892", "From Harrington Square 1, Camden Town to Prince Albert Road, The Regent's Park"
"LINESTRING (-0.157436 51.512276,-0.160854 51.535892", "From Green Street, Mayfair to Prince Albert Road, The Regent's Park"
"LINESTRING (-0.176645 51.518622,-0.160854 51.535892", "From North Wharf Road, Paddington to Prince Albert Road, The Regent's Park"
"LINESTRING (-0.084439 51.524696,-0.160854 51.535892", "From Leonard Circus , Shoreditch to Prince Albert Road, The Regent's Park"
"LINESTRING (-0.151296 51.50923,-0.160854 51.535892", "From South Audley Street, Mayfair to Prince Albert Road, The Regent's Park"
"LINESTRING (-0.213872 51.51687,-0.160854 51.535892", "From St. Mark's Road, North Kensington to Prince Albert Road, The Regent's Park"
"LINESTRING (-0.136052 51.527326,-0.160854 51.535892", "From Drummond Street , Euston to Prince Albert Road, The Regent's Park"
"LINESTRING (-0.14296 51.497998,-0.179135 51.516417", "From Warwick Row, Westminster to Eastbourne Mews, Paddington"
"LINESTRING (-0.117619 51.509943,-0.179135 51.516417", "From Somerset House, Strand to Eastbourne Mews, Paddington"
"LINESTRING (-0.129698 51.500703,-0.179135 51.516417", "From Storey's Gate, Westminster to Eastbourne Mews, Paddington"
"LINESTRING (-0.086685 51.517075,-0.179135 51.516417", "From Finsbury Circus, Liverpool Street to Eastbourne Mews, Paddington"
"LINESTRING (-0.145211 51.520715,-0.179135 51.516417", "From Portland Place, Marylebone to Eastbourne Mews, Paddington"
"LINESTRING (-0.157183 51.52026,-0.179135 51.516417", "From Crawford Street, Marylebone to Eastbourne Mews, Paddington"
"LINESTRING (-0.179668 51.511654,-0.179135 51.516417", "From Lancaster Gate , Bayswater to Eastbourne Mews, Paddington"
"LINESTRING (-0.156166 51.518913,-0.179135 51.516417", "From Baker Street, Marylebone to Eastbourne Mews, Paddington"
"LINESTRING (-0.179668 51.511654,-0.179135 51.516417", "From Lancaster Gate , Bayswater to Eastbourne Mews, Paddington"
"LINESTRING (-0.168917 51.497056,-0.179135 51.516417", "From Holy Trinity Brompton, Knightsbridge to Eastbourne Mews, Paddington"
"LINESTRING (-0.179038 51.479573,-0.179135 51.516417", "From Lots Road, West Chelsea to Eastbourne Mews, Paddington"
"LINESTRING (-0.158105 51.494645,-0.179135 51.516417", "From Cadogan Place, Knightsbridge to Eastbourne Mews, Paddington"
"LINESTRING (-0.113426 51.503919,-0.179135 51.516417", "From Waterloo Station 2, Waterloo to Eastbourne Mews, Paddington"
"LINESTRING (-0.179668 51.511654,-0.179135 51.516417", "From Lancaster Gate , Bayswater to Eastbourne Mews, Paddington"
"LINESTRING (-0.137598 51.497698,-0.179135 51.516417", "From Kings Gate House, Westminster to Eastbourne Mews, Paddington"
"LINESTRING (-0.185273 51.481765,-0.179135 51.516417", "From Hortensia Road, West Brompton to Eastbourne Mews, Paddington"
"LINESTRING (-0.200804 51.520509,-0.179135 51.516417", "From The Metropolitan, Portobello to Eastbourne Mews, Paddington"
"LINESTRING (-0.141423 51.514499,-0.179135 51.516417", "From Little Argyll Street, West End to Eastbourne Mews, Paddington"
"LINESTRING (-0.179135 51.516417,-0.179135 51.516417", "From Eastbourne Mews, Paddington to Eastbourne Mews, Paddington"
"LINESTRING (-0.120718 51.511968,-0.179135 51.516417", "From Tavistock Street, Covent Garden to Eastbourne Mews, Paddington"
"LINESTRING (-0.130699 51.50777,-0.179135 51.516417", "From Pall Mall East, West End to Eastbourne Mews, Paddington"
"LINESTRING (-0.185296 51.495362,-0.179135 51.516417", "From Emperor's Gate, South Kensington to Eastbourne Mews, Paddington"
"LINESTRING (-0.193764 51.508605,-0.179135 51.516417", "From Palace Gardens Terrace, Notting Hill to Eastbourne Mews, Paddington"
"LINESTRING (-0.209378 51.489591,-0.179135 51.516417", "From Vereker Road, West Kensington to Eastbourne Mews, Paddington"
"LINESTRING (-0.113864 51.504027,-0.179135 51.516417", "From Waterloo Station 1, Waterloo to Eastbourne Mews, Paddington"
"LINESTRING (-0.160854 51.535892,-0.179135 51.516417", "From Prince Albert Road, The Regent's Park to Eastbourne Mews, Paddington"
"LINESTRING (-0.132102 51.498125,-0.179135 51.516417", "From Abbey Orchard Street, Westminster to Eastbourne Mews, Paddington"
"LINESTRING (-0.129925 51.493072,-0.179135 51.516417", "From Vincent Street, Pimlico to Eastbourne Mews, Paddington"
"LINESTRING (-0.156166 51.518913,-0.179135 51.516417", "From Baker Street, Marylebone to Eastbourne Mews, Paddington"
"LINESTRING (-0.147301 51.514105,-0.179135 51.516417", "From Woodstock Street, Mayfair to Eastbourne Mews, Paddington"
"LINESTRING (-0.21555 51.463211,-0.179135 51.516417", "From Montserrat Road , Putney to Eastbourne Mews, Paddington"
"LINESTRING (-0.151926 51.516814,-0.179135 51.516417", "From Hinde Street, Marylebone to Eastbourne Mews, Paddington"
"LINESTRING (-0.173715 51.491211,-0.179135 51.516417", "From Sumner Place, South Kensington to Eastbourne Mews, Paddington"
"LINESTRING (-0.224303 51.506093,-0.179135 51.516417", "From Westfield Library Corner, Shepherd's Bush to Eastbourne Mews, Paddington"
"LINESTRING (-0.14296 51.497998,-0.179135 51.516417", "From Warwick Row, Westminster to Eastbourne Mews, Paddington"
"LINESTRING (-0.08497 51.50964,-0.179135 51.516417", "From Monument Street, Monument to Eastbourne Mews, Paddington"
"LINESTRING (-0.163609 51.51809,-0.179135 51.516417", "From Shouldham Street, Marylebone to Eastbourne Mews, Paddington"
"LINESTRING (-0.127554 51.493978,-0.179135 51.516417", "From Page Street, Westminster to Eastbourne Mews, Paddington"
"LINESTRING (-0.13558 51.513684,-0.179135 51.516417", "From Broadwick Street, Soho to Eastbourne Mews, Paddington"
"LINESTRING (-0.193764 51.508605,-0.179135 51.516417", "From Palace Gardens Terrace, Notting Hill to Eastbourne Mews, Paddington"
"LINESTRING (-0.02296 51.50623,-0.179135 51.516417", "From Fisherman's Walk West, Canary Wharf to Eastbourne Mews, Paddington"
"LINESTRING (-0.158105 51.494645,-0.179135 51.516417", "From Cadogan Place, Knightsbridge to Eastbourne Mews, Paddington"
"LINESTRING (-0.134621 51.507424,-0.179135 51.516417", "From St. James's Square, St. James's to Eastbourne Mews, Paddington"
"LINESTRING (-0.124749 51.509462,-0.179135 51.516417", "From William IV Street, Strand to Eastbourne Mews, Paddington"
"LINESTRING (-0.147203 51.515308,-0.179135 51.516417", "From Chapel Place, Marylebone to Eastbourne Mews, Paddington"
"LINESTRING (-0.147624 51.49395,-0.179135 51.516417", "From Eccleston Place, Victoria to Eastbourne Mews, Paddington"
"LINESTRING (-0.144165 51.510736,-0.179135 51.516417", "From Bruton Street, Mayfair to Eastbourne Mews, Paddington"
"LINESTRING (-0.170194 51.489716,-0.179135 51.516417", "From St. Luke's Church, Chelsea to Eastbourne Mews, Paddington"
"LINESTRING (-0.089887 51.520858,-0.179135 51.516417", "From Bunhill Row, Moorgate to Eastbourne Mews, Paddington"
"LINESTRING (-0.132328 51.515631,-0.179135 51.516417", "From Soho Square , Soho to Eastbourne Mews, Paddington"
"LINESTRING (-0.147624 51.49395,-0.179135 51.516417", "From Eccleston Place, Victoria to Eastbourne Mews, Paddington"
"LINESTRING (-0.18697 51.51616,-0.179135 51.516417", "From Bishop's Bridge Road West, Bayswater to Eastbourne Mews, Paddington"
"LINESTRING (-0.200838 51.514311,-0.179135 51.516417", "From Turquoise Island, Notting Hill to Eastbourne Mews, Paddington"
"LINESTRING (-0.180246 51.501026,-0.179135 51.516417", "From Queen's Gate (North), Kensington to Eastbourne Mews, Paddington"
"LINESTRING (-0.193487 51.513735,-0.179135 51.516417", "From Hereford Road, Bayswater to Eastbourne Mews, Paddington"
"LINESTRING (-0.191462 51.501364,-0.179135 51.516417", "From Derry Street, Kensington to Eastbourne Mews, Paddington"
"LINESTRING (-0.083935 51.520009,-0.179135 51.516417", "From Sun Street, Liverpool Street to Eastbourne Mews, Paddington"
"LINESTRING (-0.167894 51.493184,-0.179135 51.516417", "From Sloane Avenue, Knightsbridge to Eastbourne Mews, Paddington"
"LINESTRING (-0.157275 51.510017,-0.179135 51.516417", "From Park Lane , Hyde Park to Eastbourne Mews, Paddington"
"LINESTRING (-0.229116 51.492084,-0.179135 51.516417", "From Bridge Avenue, Hammersmith to Eastbourne Mews, Paddington"
"LINESTRING (-0.18119 51.490945,-0.179135 51.516417", "From Old Brompton Road, South Kensington to Eastbourne Mews, Paddington"
"LINESTRING (-0.213872 51.51687,-0.179135 51.516417", "From St. Mark's Road, North Kensington to Eastbourne Mews, Paddington"
"LINESTRING (-0.158249 51.516892,-0.179135 51.516417", "From George Place Mews, Marylebone to Eastbourne Mews, Paddington"
"LINESTRING (-0.1844 51.502042,-0.179135 51.516417", "From Palace Gate, Kensington Gardens to Eastbourne Mews, Paddington"
"LINESTRING (-0.129698 51.500703,-0.179135 51.516417", "From Storey's Gate, Westminster to Eastbourne Mews, Paddington"
"LINESTRING (-0.093903 51.530991,-0.089887 51.520858", "From Wenlock Road , Hoxton to Bunhill Row, Moorgate"
"LINESTRING (-0.09294 51.51397,-0.089887 51.520858", "From Cheapside, Bank to Bunhill Row, Moorgate"
"LINESTRING (-0.079608 51.521668,-0.089887 51.520858", "From Worship Street, Shoreditch to Bunhill Row, Moorgate"
"LINESTRING (-0.090075 51.517842,-0.089887 51.520858", "From Fore Street, Guildhall to Bunhill Row, Moorgate"
"LINESTRING (-0.09315 51.53356,-0.089887 51.520858", "From Eagle Wharf Road, Hoxton to Bunhill Row, Moorgate"
"LINESTRING (-0.141923 51.489856,-0.089887 51.520858", "From Warwick Square, Pimlico to Bunhill Row, Moorgate"
"LINESTRING (-0.113864 51.504027,-0.089887 51.520858", "From Waterloo Station 1, Waterloo to Bunhill Row, Moorgate"
"LINESTRING (-0.112824 51.503791,-0.089887 51.520858", "From Waterloo Station 3, Waterloo to Bunhill Row, Moorgate"
"LINESTRING (-0.09315 51.53356,-0.089887 51.520858", "From Eagle Wharf Road, Hoxton to Bunhill Row, Moorgate"
"LINESTRING (-0.134621 51.507424,-0.089887 51.520858", "From St. James's Square, St. James's to Bunhill Row, Moorgate"
"LINESTRING (-0.099828 51.493146,-0.089887 51.520858", "From Strata, Elephant & Castle to Bunhill Row, Moorgate"
"LINESTRING (-0.130504 51.526838,-0.089887 51.520858", "From Endsleigh Gardens, Euston to Bunhill Row, Moorgate"
"LINESTRING (-0.097122 51.529423,-0.089887 51.520858", "From Macclesfield Rd, St Lukes to Bunhill Row, Moorgate"
"LINESTRING (-0.118478 51.514409,-0.089887 51.520858", "From Kingsway, Covent Garden to Bunhill Row, Moorgate"
"LINESTRING (-0.147857 51.477966,-0.089887 51.520858", "From Gas Holders, Battersea Park to Bunhill Row, Moorgate"
"LINESTRING (-0.112824 51.503791,-0.089887 51.520858", "From Waterloo Station 3, Waterloo to Bunhill Row, Moorgate"
"LINESTRING (-0.054162 51.536424,-0.089887 51.520858", "From Victoria Park Road, Hackney Central to Bunhill Row, Moorgate"
"LINESTRING (-0.085634 51.520962,-0.089887 51.520858", "From Finsbury Square , Moorgate to Bunhill Row, Moorgate"
"LINESTRING (-0.073955 51.526293,-0.089887 51.520858", "From Palissy Street, Shoreditch to Bunhill Row, Moorgate"
"LINESTRING (-0.104778 51.504044,-0.089887 51.520858", "From Southwark Station 2, Southwark to Bunhill Row, Moorgate"
"LINESTRING (-0.122299 51.530199,-0.089887 51.520858", "From Birkenhead Street, King's Cross to Bunhill Row, Moorgate"
"LINESTRING (-0.082422 51.516154,-0.089887 51.520858", "From Wormwood Street, Liverpool Street to Bunhill Row, Moorgate"
"LINESTRING (-0.049067 51.51563,-0.089887 51.520858", "From Aylward Street, Stepney to Bunhill Row, Moorgate"
"LINESTRING (-0.122299 51.530199,-0.089887 51.520858", "From Birkenhead Street, King's Cross to Bunhill Row, Moorgate"
"LINESTRING (-0.130431 51.52168,-0.089887 51.520858", "From Malet Street, Bloomsbury to Bunhill Row, Moorgate"
"LINESTRING (-0.118478 51.514409,-0.089887 51.520858", "From Kingsway, Covent Garden to Bunhill Row, Moorgate"
"LINESTRING (-0.08249 51.53558,-0.089887 51.520858", "From Pitfield Street North,Hoxton to Bunhill Row, Moorgate"
"LINESTRING (-0.183853 51.480898,-0.089887 51.520858", "From Thorndike Close, West Chelsea to Bunhill Row, Moorgate"
"LINESTRING (-0.112824 51.503791,-0.089887 51.520858", "From Waterloo Station 3, Waterloo to Bunhill Row, Moorgate"
"LINESTRING (-0.09315 51.53356,-0.089887 51.520858", "From Eagle Wharf Road, Hoxton to Bunhill Row, Moorgate"
"LINESTRING (-0.042744 51.530326,-0.089887 51.520858", "From Twig Folly Bridge, Mile End to Bunhill Row, Moorgate"
"LINESTRING (-0.099981 51.532661,-0.089887 51.520858", "From Graham Street, Angel to Bunhill Row, Moorgate"
"LINESTRING (-0.090847 51.525893,-0.089887 51.520858", "From Bath Street, St. Luke's to Bunhill Row, Moorgate"
"LINESTRING (-0.089782 51.53089,-0.089887 51.520858", "From Murray Grove , Hoxton to Bunhill Row, Moorgate"
"LINESTRING (-0.10044 51.498898,-0.089887 51.520858", "From Borough Road, Elephant & Castle to Bunhill Row, Moorgate"
"LINESTRING (-0.100791 51.518218,-0.089887 51.520858", "From West Smithfield Rotunda, Farringdon to Bunhill Row, Moorgate"
"LINESTRING (-0.109256 51.526443,-0.089887 51.520858", "From Tysoe Street, Clerkenwell to Bunhill Row, Moorgate"
"LINESTRING (-0.038557 51.541515,-0.089887 51.520858", "From Gascoyne Road, Victoria Park to Bunhill Row, Moorgate"
"LINESTRING (-0.074754 51.523648,-0.089887 51.520858", "From Bethnal Green Road, Shoreditch to Bunhill Row, Moorgate"
"LINESTRING (-0.087459 51.528673,-0.089887 51.520858", "From East Road, Hoxton to Bunhill Row, Moorgate"
"LINESTRING (-0.079249 51.518908,-0.089887 51.520858", "From Brushfield Street, Liverpool Street to Bunhill Row, Moorgate"
"LINESTRING (-0.104708 51.52326,-0.089887 51.520858", "From Clerkenwell Green, Clerkenwell to Bunhill Row, Moorgate"
"LINESTRING (-0.108657 51.51795,-0.089887 51.520858", "From Holborn Circus, Holborn to Bunhill Row, Moorgate"
"LINESTRING (-0.099981 51.532661,-0.089887 51.520858", "From Graham Street, Angel to Bunhill Row, Moorgate"
"LINESTRING (-0.113426 51.503919,-0.089887 51.520858", "From Waterloo Station 2, Waterloo to Bunhill Row, Moorgate"
"LINESTRING (-0.09315 51.53356,-0.089887 51.520858", "From Eagle Wharf Road, Hoxton to Bunhill Row, Moorgate"
"LINESTRING (-0.082989 51.510484,-0.089887 51.520858", "From Great Tower Street, Monument to Bunhill Row, Moorgate"
"LINESTRING (-0.103604 51.517334,-0.089887 51.520858", "From Snow Hill, Farringdon to Bunhill Row, Moorgate"
"LINESTRING (-0.008428 51.503143,-0.089887 51.520858", "From Lancaster Drive, Blackwall to Bunhill Row, Moorgate"
"LINESTRING (-0.042744 51.530326,-0.089887 51.520858", "From Twig Folly Bridge, Mile End to Bunhill Row, Moorgate"
"LINESTRING (-0.111435 51.48894,-0.089887 51.520858", "From Kennington Cross, Kennington to Bunhill Row, Moorgate"
"LINESTRING (-0.093421 51.529154,-0.089887 51.520858", "From Windsor Terrace, Hoxton to Bunhill Row, Moorgate"
"LINESTRING (-0.070133 51.515231,-0.089887 51.520858", "From Central House, Whitechapel to Bunhill Row, Moorgate"
"LINESTRING (-0.193487 51.513735,-0.089887 51.520858", "From Hereford Road, Bayswater to Bunhill Row, Moorgate"
"LINESTRING (-0.112824 51.503791,-0.089887 51.520858", "From Waterloo Station 3, Waterloo to Bunhill Row, Moorgate"
"LINESTRING (-0.0786 51.500647,-0.089887 51.520858", "From Tanner Street, Bermondsey to Bunhill Row, Moorgate"
"LINESTRING (-0.109025 51.534408,-0.089887 51.520858", "From Cloudesley Road, Angel to Bunhill Row, Moorgate"
"LINESTRING (-0.053558 51.511066,-0.089887 51.520858", "From Sutton Street, Shadwell to Bunhill Row, Moorgate"
"LINESTRING (-0.09315 51.53356,-0.089887 51.520858", "From Eagle Wharf Road, Hoxton to Bunhill Row, Moorgate"
"LINESTRING (-0.04667 51.521889,-0.089887 51.520858", "From Stepney Green Station, Stepney to Bunhill Row, Moorgate"
"LINESTRING (-0.02163 51.540311,-0.089887 51.520858", "From Monier Road, Hackney Wick to Bunhill Row, Moorgate"
"LINESTRING (-0.089887 51.520858,-0.089887 51.520858", "From Bunhill Row, Moorgate to Bunhill Row, Moorgate"
"LINESTRING (-0.096496 51.517821,-0.089887 51.520858", "From Museum of London, Barbican to Bunhill Row, Moorgate"
"LINESTRING (-0.104298 51.526717,-0.089887 51.520858", "From Finsbury Library , Finsbury to Bunhill Row, Moorgate"
"LINESTRING (-0.112824 51.503791,-0.089887 51.520858", "From Waterloo Station 3, Waterloo to Bunhill Row, Moorgate"
"LINESTRING (-0.065076 51.52388,-0.089887 51.520858", "From Cheshire Street, Bethnal Green to Bunhill Row, Moorgate"
"LINESTRING (-0.075855 51.517475,-0.089887 51.520858", "From Bell Lane, Liverpool Street to Bunhill Row, Moorgate"
"LINESTRING (-0.038775 51.516,-0.089887 51.520858", "From Aston Street, Stepney to Bunhill Row, Moorgate"
"LINESTRING (-0.075885 51.536585,-0.089887 51.520858", "From Dunston Road , Haggerston to Bunhill Row, Moorgate"
"LINESTRING (-0.09315 51.53356,-0.089887 51.520858", "From Eagle Wharf Road, Hoxton to Bunhill Row, Moorgate"
"LINESTRING (-0.118478 51.514409,-0.089887 51.520858", "From Kingsway, Covent Garden to Bunhill Row, Moorgate"
"LINESTRING (-0.106823 51.508033,-0.089887 51.520858", "From Sea Containers, South Bank to Bunhill Row, Moorgate"
"LINESTRING (-0.079608 51.521668,-0.089887 51.520858", "From Worship Street, Shoreditch to Bunhill Row, Moorgate"
"LINESTRING (-0.09315 51.53356,-0.089887 51.520858", "From Eagle Wharf Road, Hoxton to Bunhill Row, Moorgate"
"LINESTRING (-0.09734 51.520841,-0.089887 51.520858", "From Aldersgate Street, Barbican to Bunhill Row, Moorgate"
"LINESTRING (-0.087262 51.506304,-0.089887 51.520858", "From Duke Street Hill, London Bridge to Bunhill Row, Moorgate"
"LINESTRING (-0.079249 51.518908,-0.089887 51.520858", "From Brushfield Street, Liverpool Street to Bunhill Row, Moorgate"
"LINESTRING (-0.082989 51.510484,-0.089887 51.520858", "From Great Tower Street, Monument to Bunhill Row, Moorgate"
"LINESTRING (-0.089659 51.52548,-0.089887 51.520858", "From Old Street Station, St. Luke's to Bunhill Row, Moorgate"
"LINESTRING (-0.205284 51.496712,-0.194757 51.493343", "From Warwick Road, Olympia to Nevern Place, Earl's Court"
"LINESTRING (-0.197574 51.499606,-0.194757 51.493343", "From Phillimore Gardens, Kensington to Nevern Place, Earl's Court"
"LINESTRING (-0.215895 51.476885,-0.194757 51.493343", "From Finlay Street, Fulham to Nevern Place, Earl's Court"
"LINESTRING (-0.18697 51.51616,-0.194757 51.493343", "From Bishop's Bridge Road West, Bayswater to Nevern Place, Earl's Court"
"LINESTRING (-0.168917 51.497056,-0.194757 51.493343", "From Holy Trinity Brompton, Knightsbridge to Nevern Place, Earl's Court"
"LINESTRING (-0.147714 51.483507,-0.194757 51.493343", "From Battersea Power Station, Battersea Park to Nevern Place, Earl's Court"
"LINESTRING (-0.149035 51.481121,-0.194757 51.493343", "From Sopwith Way, Battersea Park to Nevern Place, Earl's Court"
"LINESTRING (-0.183834 51.497924,-0.194757 51.493343", "From Gloucester Road (North), Kensington to Nevern Place, Earl's Court"
"LINESTRING (-0.194757 51.493343,-0.194757 51.493343", "From Nevern Place, Earl's Court to Nevern Place, Earl's Court"
"LINESTRING (-0.190346 51.46822,-0.194757 51.493343", "From Stephendale Road, Sands End to Nevern Place, Earl's Court"
"LINESTRING (-0.174554 51.499917,-0.194757 51.493343", "From Exhibition Road, Knightsbridge to Nevern Place, Earl's Court"
"LINESTRING (-0.183834 51.497924,-0.194757 51.493343", "From Gloucester Road (North), Kensington to Nevern Place, Earl's Court"
"LINESTRING (-0.198286 51.493724,-0.194757 51.493343", "From West Cromwell Road, Earl's Court to Nevern Place, Earl's Court"
"LINESTRING (-0.205284 51.496712,-0.194757 51.493343", "From Warwick Road, Olympia to Nevern Place, Earl's Court"
"LINESTRING (-0.179702 51.499428,-0.194757 51.493343", "From Imperial College, Knightsbridge to Nevern Place, Earl's Court"
"LINESTRING (-0.185273 51.481765,-0.194757 51.493343", "From Hortensia Road, West Brompton to Nevern Place, Earl's Court"
"LINESTRING (-0.219486 51.512981,-0.194757 51.493343", "From Freston Road, Avondale to Nevern Place, Earl's Court"
"LINESTRING (-0.15352 51.503117,-0.193764 51.508605", "From Hyde Park Corner, Hyde Park to Palace Gardens Terrace, Notting Hill"
"LINESTRING (-0.205284 51.496712,-0.193764 51.508605", "From Warwick Road, Olympia to Palace Gardens Terrace, Notting Hill"
"LINESTRING (-0.129698 51.500703,-0.193764 51.508605", "From Storey's Gate, Westminster to Palace Gardens Terrace, Notting Hill"
"LINESTRING (-0.157436 51.512276,-0.193764 51.508605", "From Green Street, Mayfair to Palace Gardens Terrace, Notting Hill"
"LINESTRING (-0.193764 51.508605,-0.193764 51.508605", "From Palace Gardens Terrace, Notting Hill to Palace Gardens Terrace, Notting Hill"
"LINESTRING (-0.191351 51.513489,-0.193764 51.508605", "From Princes Square, Bayswater to Palace Gardens Terrace, Notting Hill"
"LINESTRING (-0.186753 51.491615,-0.193764 51.508605", "From Collingham Gardens, Earl's Court to Palace Gardens Terrace, Notting Hill"
"LINESTRING (-0.154106 51.517703,-0.193764 51.508605", "From George Street, Marylebone to Palace Gardens Terrace, Notting Hill"
"LINESTRING (-0.193764 51.508605,-0.193764 51.508605", "From Palace Gardens Terrace, Notting Hill to Palace Gardens Terrace, Notting Hill"
"LINESTRING (-0.200838 51.514311,-0.193764 51.508605", "From Turquoise Island, Notting Hill to Palace Gardens Terrace, Notting Hill"
"LINESTRING (-0.204764 51.519042,-0.193764 51.508605", "From All Saints' Road, Portobello to Palace Gardens Terrace, Notting Hill"
"LINESTRING (-0.19024 51.515529,-0.193764 51.508605", "From Westbourne Grove, Bayswater to Palace Gardens Terrace, Notting Hill"
"LINESTRING (-0.191496 51.503157,-0.193764 51.508605", "From Kensington Church Street, Kensington to Palace Gardens Terrace, Notting Hill"
"LINESTRING (-0.170194 51.489716,-0.193764 51.508605", "From St. Luke's Church, Chelsea to Palace Gardens Terrace, Notting Hill"
"LINESTRING (-0.147203 51.515308,-0.193764 51.508605", "From Chapel Place, Marylebone to Palace Gardens Terrace, Notting Hill"
"LINESTRING (-0.188098 51.517919,-0.193764 51.508605", "From Gloucester Terrace, Bayswater to Palace Gardens Terrace, Notting Hill"
"LINESTRING (-0.205535 51.507481,-0.193764 51.508605", "From Lansdowne Road, Ladbroke Grove to Palace Gardens Terrace, Notting Hill"
"LINESTRING (-0.179668 51.511654,-0.193764 51.508605", "From Lancaster Gate , Bayswater to Palace Gardens Terrace, Notting Hill"
"LINESTRING (-0.141423 51.514499,-0.193764 51.508605", "From Little Argyll Street, West End to Palace Gardens Terrace, Notting Hill"
"LINESTRING (-0.165842 51.522029,-0.193764 51.508605", "From Bell Street , Marylebone to Palace Gardens Terrace, Notting Hill"
"LINESTRING (-0.135025 51.518162,-0.193764 51.508605", "From Rathbone Street, Fitzrovia to Palace Gardens Terrace, Notting Hill"
"LINESTRING (-0.179135 51.516417,-0.193764 51.508605", "From Eastbourne Mews, Paddington to Palace Gardens Terrace, Notting Hill"
"LINESTRING (-0.157275 51.510017,-0.193764 51.508605", "From Park Lane , Hyde Park to Palace Gardens Terrace, Notting Hill"
"LINESTRING (-0.191933 51.495866,-0.193764 51.508605", "From Lexham Gardens, Kensington to Palace Gardens Terrace, Notting Hill"
"LINESTRING (-0.180246 51.501026,-0.193764 51.508605", "From Queen's Gate (North), Kensington to Palace Gardens Terrace, Notting Hill"
"LINESTRING (-0.148105 51.514759,-0.193764 51.508605", "From Marylebone Lane, Marylebone to Palace Gardens Terrace, Notting Hill"
"LINESTRING (-0.183486 51.529857,-0.193764 51.508605", "From Maida Vale, Maida Vale to Palace Gardens Terrace, Notting Hill"
"LINESTRING (-0.073537 51.514233,-0.115851 51.505044", "From Braham Street, Aldgate to Concert Hall Approach 1, South Bank"
"LINESTRING (-0.084439 51.524696,-0.115851 51.505044", "From Leonard Circus , Shoreditch to Concert Hall Approach 1, South Bank"
"LINESTRING (-0.068161 51.509786,-0.115851 51.505044", "From Dock Street, Wapping to Concert Hall Approach 1, South Bank"
"LINESTRING (-0.082422 51.516154,-0.115851 51.505044", "From Wormwood Street, Liverpool Street to Concert Hall Approach 1, South Bank"
"LINESTRING (-0.108657 51.51795,-0.115851 51.505044", "From Holborn Circus, Holborn to Concert Hall Approach 1, South Bank"
"LINESTRING (-0.103078 51.511934,-0.115851 51.505044", "From Blackfriars Station, St. Paul's to Concert Hall Approach 1, South Bank"
"LINESTRING (-0.18498 51.501737,-0.115851 51.505044", "From De Vere Gardens, Kensington to Concert Hall Approach 1, South Bank"
"LINESTRING (-0.111781 51.533319,-0.115851 51.505044", "From Risinghill Street, Angel to Concert Hall Approach 1, South Bank"
"LINESTRING (-0.105344 51.515059,-0.115851 51.505044", "From St. Bride Street, Holborn to Concert Hall Approach 1, South Bank"
"LINESTRING (-0.094934 51.522954,-0.115851 51.505044", "From Roscoe Street, St. Luke's to Concert Hall Approach 1, South Bank"
"LINESTRING (-0.082989 51.510484,-0.115851 51.505044", "From Great Tower Street, Monument to Concert Hall Approach 1, South Bank"
"LINESTRING (-0.094524 51.500694,-0.115851 51.505044", "From Borough High Street, The Borough to Concert Hall Approach 1, South Bank"
"LINESTRING (-0.106823 51.508033,-0.115851 51.505044", "From Sea Containers, South Bank to Concert Hall Approach 1, South Bank"
"LINESTRING (-0.079201 51.537277,-0.115851 51.505044", "From Hertford Road, De Beauvoir Town to Concert Hall Approach 1, South Bank"
"LINESTRING (-0.097441 51.511961,-0.115851 51.505044", "From Queen Victoria Street, St. Paul's to Concert Hall Approach 1, South Bank"
"LINESTRING (-0.09885 51.515418,-0.115851 51.505044", "From Newgate Street , St. Paul's to Concert Hall Approach 1, South Bank"
"LINESTRING (-0.09294 51.511553,-0.115851 51.505044", "From Queen Street 1, Bank to Concert Hall Approach 1, South Bank"
"LINESTRING (-0.114079 51.522264,-0.115851 51.505044", "From Northington Street , Holborn to Concert Hall Approach 1, South Bank"
"LINESTRING (-0.079249 51.518908,-0.115851 51.505044", "From Brushfield Street, Liverpool Street to Concert Hall Approach 1, South Bank"
"LINESTRING (-0.15352 51.503117,-0.115851 51.505044", "From Hyde Park Corner, Hyde Park to Concert Hall Approach 1, South Bank"
"LINESTRING (-0.157436 51.512276,-0.115851 51.505044", "From Green Street, Mayfair to Concert Hall Approach 1, South Bank"
"LINESTRING (-0.087587 51.514441,-0.115851 51.505044", "From Bank of England Museum, Bank to Concert Hall Approach 1, South Bank"
"LINESTRING (-0.099489 51.524868,-0.115851 51.505044", "From Sadlers Sports Centre, Finsbury to Concert Hall Approach 1, South Bank"
"LINESTRING (-0.1844 51.502042,-0.115851 51.505044", "From Palace Gate, Kensington Gardens to Concert Hall Approach 1, South Bank"
"LINESTRING (-0.15352 51.503117,-0.115851 51.505044", "From Hyde Park Corner, Hyde Park to Concert Hall Approach 1, South Bank"
"LINESTRING (-0.083353 51.529537,-0.115851 51.505044", "From Fanshaw Street, Hoxton to Concert Hall Approach 1, South Bank"
"LINESTRING (-0.085634 51.520962,-0.115851 51.505044", "From Finsbury Square , Moorgate to Concert Hall Approach 1, South Bank"
"LINESTRING (-0.09294 51.511553,-0.115851 51.505044", "From Queen Street 1, Bank to Concert Hall Approach 1, South Bank"
"LINESTRING (-0.084605 51.521283,-0.115851 51.505044", "From Christopher Street, Liverpool Street to Concert Hall Approach 1, South Bank"
"LINESTRING (-0.104708 51.52326,-0.115851 51.505044", "From Clerkenwell Green, Clerkenwell to Concert Hall Approach 1, South Bank"
"LINESTRING (-0.112824 51.503791,-0.115851 51.505044", "From Waterloo Station 3, Waterloo to Concert Hall Approach 1, South Bank"
"LINESTRING (-0.099141 51.512484,-0.115851 51.505044", "From Godliman Street, St. Paul's to Concert Hall Approach 1, South Bank"
"LINESTRING (-0.083493 51.520955,-0.115851 51.505044", "From Pindar Street, Liverpool Street to Concert Hall Approach 1, South Bank"
"LINESTRING (-0.18498 51.501737,-0.115851 51.505044", "From De Vere Gardens, Kensington to Concert Hall Approach 1, South Bank"
"LINESTRING (-0.082422 51.516154,-0.115851 51.505044", "From Wormwood Street, Liverpool Street to Concert Hall Approach 1, South Bank"
"LINESTRING (-0.103604 51.517334,-0.115851 51.505044", "From Snow Hill, Farringdon to Concert Hall Approach 1, South Bank"
"LINESTRING (-0.119643 51.511756,-0.120718 51.511968", "From Wellington Street , Strand to Tavistock Street, Covent Garden"
"LINESTRING (-0.133201 51.512515,-0.120718 51.511968", "From Wardour Street, Soho to Tavistock Street, Covent Garden"
"LINESTRING (-0.083935 51.520009,-0.120718 51.511968", "From Sun Street, Liverpool Street to Tavistock Street, Covent Garden"
"LINESTRING (-0.109006 51.521661,-0.120718 51.511968", "From Hatton Wall, Holborn to Tavistock Street, Covent Garden"
"LINESTRING (-0.142783 51.51196,-0.120718 51.511968", "From St. George Street, Mayfair to Tavistock Street, Covent Garden"
"LINESTRING (-0.115057 51.512582,-0.120718 51.511968", "From Strand, Strand to Tavistock Street, Covent Garden"
"LINESTRING (-0.099141 51.512484,-0.120718 51.511968", "From Godliman Street, St. Paul's to Tavistock Street, Covent Garden"
"LINESTRING (-0.122219 51.51477,-0.120718 51.511968", "From Drury Lane, Covent Garden to Tavistock Street, Covent Garden"
"LINESTRING (-0.133972 51.472993,-0.120718 51.511968", "From Union Grove, Wandsworth Road to Tavistock Street, Covent Garden"
"LINESTRING (-0.142943 51.496863,-0.120718 51.511968", "From Allington Street, Victoria to Tavistock Street, Covent Garden"
"LINESTRING (-0.122492 51.486343,-0.120718 51.511968", "From Kennington Lane Rail Bridge, Vauxhall to Tavistock Street, Covent Garden"
"LINESTRING (-0.033828 51.514115,-0.120718 51.511968", "From Salmon Lane, Limehouse to Tavistock Street, Covent Garden"
"LINESTRING (-0.074754 51.523648,-0.120718 51.511968", "From Bethnal Green Road, Shoreditch to Tavistock Street, Covent Garden"
"LINESTRING (-0.161765 51.487964,-0.120718 51.511968", "From Ormonde Gate, Chelsea to Tavistock Street, Covent Garden"
"LINESTRING (-0.132102 51.498125,-0.120718 51.511968", "From Abbey Orchard Street, Westminster to Tavistock Street, Covent Garden"
"LINESTRING (-0.091401 51.518093,-0.120718 51.511968", "From Fore Street Avenue, Guildhall to Tavistock Street, Covent Garden"
"LINESTRING (-0.117661 51.482678,-0.120718 51.511968", "From Ashmole Estate, Oval to Tavistock Street, Covent Garden"
"LINESTRING (-0.097122 51.529423,-0.120718 51.511968", "From Macclesfield Rd, St Lukes to Tavistock Street, Covent Garden"
"LINESTRING (-0.109006 51.521661,-0.120718 51.511968", "From Hatton Wall, Holborn to Tavistock Street, Covent Garden"
"LINESTRING (-0.103078 51.511934,-0.120718 51.511968", "From Blackfriars Station, St. Paul's to Tavistock Street, Covent Garden"
"LINESTRING (-0.079608 51.521668,-0.120718 51.511968", "From Worship Street, Shoreditch to Tavistock Street, Covent Garden"
"LINESTRING (-0.179077 51.495592,-0.120718 51.511968", "From Natural History Museum, South Kensington to Tavistock Street, Covent Garden"
"LINESTRING (-0.110683 51.484788,-0.120718 51.511968", "From Kennington Road Post Office, Oval to Tavistock Street, Covent Garden"
"LINESTRING (-0.124678 51.51908,-0.120718 51.511968", "From British Museum, Bloomsbury to Tavistock Street, Covent Garden"
"LINESTRING (-0.055846 51.499169,-0.120718 51.511968", "From Rotherhithe Roundabout, Rotherhithe to Tavistock Street, Covent Garden"
"LINESTRING (-0.142783 51.51196,-0.120718 51.511968", "From St. George Street, Mayfair to Tavistock Street, Covent Garden"
"LINESTRING (-0.115057 51.512582,-0.120718 51.511968", "From Strand, Strand to Tavistock Street, Covent Garden"
"LINESTRING (-0.122759 51.487807,-0.120718 51.511968", "From New Spring Gardens Walk, Vauxhall to Tavistock Street, Covent Garden"
"LINESTRING (-0.117122 51.490994,-0.120718 51.511968", "From Black Prince Road, Vauxhall to Tavistock Street, Covent Garden"
"LINESTRING (-0.109006 51.521661,-0.120718 51.511968", "From Hatton Wall, Holborn to Tavistock Street, Covent Garden"
"LINESTRING (-0.108028 51.518825,-0.120718 51.511968", "From Hatton Garden, Holborn to Tavistock Street, Covent Garden"
"LINESTRING (-0.157183 51.52026,-0.120718 51.511968", "From Crawford Street, Marylebone to Tavistock Street, Covent Garden"
"LINESTRING (-0.127575 51.495805,-0.120718 51.511968", "From Smith Square, Westminster to Tavistock Street, Covent Garden"
"LINESTRING (-0.093903 51.530991,-0.120718 51.511968", "From Wenlock Road , Hoxton to Tavistock Street, Covent Garden"
"LINESTRING (-0.117974 51.494881,-0.120718 51.511968", "From Lambeth Road, Vauxhall to Tavistock Street, Covent Garden"
"LINESTRING (-0.116688 51.520596,-0.120718 51.511968", "From Theobald's Road , Holborn to Tavistock Street, Covent Garden"
"LINESTRING (-0.117069 51.53136,-0.120718 51.511968", "From Calshot Street , King's Cross to Tavistock Street, Covent Garden"
"LINESTRING (-0.113426 51.503919,-0.120718 51.511968", "From Waterloo Station 2, Waterloo to Tavistock Street, Covent Garden"
"LINESTRING (-0.068856 51.521776,-0.120718 51.511968", "From Buxton Street 1, Shoreditch to Tavistock Street, Covent Garden"
"LINESTRING (-0.091938 51.492807,-0.120718 51.511968", "From Victory Place, Walworth to Tavistock Street, Covent Garden"
"LINESTRING (-0.099141 51.512484,-0.120718 51.511968", "From Godliman Street, St. Paul's to Tavistock Street, Covent Garden"
"LINESTRING (-0.090075 51.517842,-0.120718 51.511968", "From Fore Street, Guildhall to Tavistock Street, Covent Garden"
"LINESTRING (-0.117974 51.494881,-0.120718 51.511968", "From Lambeth Road, Vauxhall to Tavistock Street, Covent Garden"
"LINESTRING (-0.130504 51.526838,-0.120718 51.511968", "From Endsleigh Gardens, Euston to Tavistock Street, Covent Garden"
"LINESTRING (-0.109006 51.521661,-0.120718 51.511968", "From Hatton Wall, Holborn to Tavistock Street, Covent Garden"
"LINESTRING (-0.112824 51.503791,-0.120718 51.511968", "From Waterloo Station 3, Waterloo to Tavistock Street, Covent Garden"
"LINESTRING (-0.123616 51.529943,-0.120718 51.511968", "From Belgrove Street , King's Cross to Tavistock Street, Covent Garden"
"LINESTRING (-0.115533 51.504942,-0.115533 51.504942", "From Concert Hall Approach 2, South Bank to Concert Hall Approach 2, South Bank"
"LINESTRING (-0.208485 51.478939,-0.115533 51.504942", "From St. Peter's Terrace, Fulham to Concert Hall Approach 2, South Bank"
"LINESTRING (-0.115533 51.504942,-0.115533 51.504942", "From Concert Hall Approach 2, South Bank to Concert Hall Approach 2, South Bank"
"LINESTRING (-0.115533 51.504942,-0.115533 51.504942", "From Concert Hall Approach 2, South Bank to Concert Hall Approach 2, South Bank"
"LINESTRING (-0.101384 51.49652,-0.115533 51.504942", "From Ontario Street, Elephant & Castle to Concert Hall Approach 2, South Bank"
"LINESTRING (-0.093421 51.529154,-0.115533 51.504942", "From Windsor Terrace, Hoxton to Concert Hall Approach 2, South Bank"
"LINESTRING (-0.115533 51.504942,-0.115533 51.504942", "From Concert Hall Approach 2, South Bank to Concert Hall Approach 2, South Bank"
"LINESTRING (-0.115533 51.504942,-0.115533 51.504942", "From Concert Hall Approach 2, South Bank to Concert Hall Approach 2, South Bank"
"LINESTRING (-0.147714 51.483507,-0.115533 51.504942", "From Battersea Power Station, Battersea Park to Concert Hall Approach 2, South Bank"
"LINESTRING (-0.147714 51.483507,-0.115533 51.504942", "From Battersea Power Station, Battersea Park to Concert Hall Approach 2, South Bank"
"LINESTRING (-0.106237 51.507244,-0.115533 51.504942", "From Milroy Walk, South Bank to Concert Hall Approach 2, South Bank"
"LINESTRING (-0.09294 51.511553,-0.115533 51.504942", "From Queen Street 1, Bank to Concert Hall Approach 2, South Bank"
"LINESTRING (-0.103078 51.511934,-0.115533 51.504942", "From Blackfriars Station, St. Paul's to Concert Hall Approach 2, South Bank"
"LINESTRING (-0.09294 51.51397,-0.115533 51.504942", "From Cheapside, Bank to Concert Hall Approach 2, South Bank"
"LINESTRING (-0.073537 51.514233,-0.115533 51.504942", "From Braham Street, Aldgate to Concert Hall Approach 2, South Bank"
"LINESTRING (-0.147714 51.483507,-0.115533 51.504942", "From Battersea Power Station, Battersea Park to Concert Hall Approach 2, South Bank"
"LINESTRING (-0.115533 51.504942,-0.115533 51.504942", "From Concert Hall Approach 2, South Bank to Concert Hall Approach 2, South Bank"
"LINESTRING (-0.111257 51.514274,-0.115533 51.504942", "From Chancery Lane, Holborn to Concert Hall Approach 2, South Bank"
"LINESTRING (-0.115533 51.504942,-0.115533 51.504942", "From Concert Hall Approach 2, South Bank to Concert Hall Approach 2, South Bank"
"LINESTRING (-0.115533 51.504942,-0.115533 51.504942", "From Concert Hall Approach 2, South Bank to Concert Hall Approach 2, South Bank"
"LINESTRING (-0.147714 51.483507,-0.115533 51.504942", "From Battersea Power Station, Battersea Park to Concert Hall Approach 2, South Bank"
"LINESTRING (-0.125674 51.491884,-0.115533 51.504942", "From Millbank Tower, Pimlico to Concert Hall Approach 2, South Bank"
"LINESTRING (-0.13011 51.513527,-0.115533 51.504942", "From Moor Street, Soho to Concert Hall Approach 2, South Bank"
"LINESTRING (-0.083067 51.523196,-0.115533 51.504942", "From Clifton Street, Shoreditch to Concert Hall Approach 2, South Bank"
"LINESTRING (-0.104193 51.49605,-0.115533 51.504942", "From Gaywood  Street, Elephant & Castle to Concert Hall Approach 2, South Bank"
"LINESTRING (-0.158456 51.502953,-0.115533 51.504942", "From Albert Gate, Hyde Park to Concert Hall Approach 2, South Bank"
"LINESTRING (-0.113426 51.503919,-0.115533 51.504942", "From Waterloo Station 2, Waterloo to Concert Hall Approach 2, South Bank"
"LINESTRING (-0.096191 51.498597,-0.115533 51.504942", "From Harper Road, The Borough to Concert Hall Approach 2, South Bank"
"LINESTRING (-0.179369 51.487196,-0.197524 51.511084", "From Drayton Gardens, West Chelsea to Pembridge Villas, Notting Hill"
"LINESTRING (-0.202608 51.51632,-0.197524 51.511084", "From All Saints Church, Portobello to Pembridge Villas, Notting Hill"
"LINESTRING (-0.158105 51.494645,-0.197524 51.511084", "From Cadogan Place, Knightsbridge to Pembridge Villas, Notting Hill"
"LINESTRING (-0.147624 51.49395,-0.197524 51.511084", "From Eccleston Place, Victoria to Pembridge Villas, Notting Hill"
"LINESTRING (-0.17306 51.505014,-0.197524 51.511084", "From Serpentine Car Park, Hyde Park to Pembridge Villas, Notting Hill"
"LINESTRING (-0.191351 51.513489,-0.197524 51.511084", "From Princes Square, Bayswater to Pembridge Villas, Notting Hill"
"LINESTRING (-0.195455 51.500401,-0.197524 51.511084", "From Argyll Road, Kensington to Pembridge Villas, Notting Hill"
"LINESTRING (-0.174554 51.499917,-0.197524 51.511084", "From Exhibition Road, Knightsbridge to Pembridge Villas, Notting Hill"
"LINESTRING (-0.108322 51.510981,-0.197524 51.511084", "From Temple Gardens, Temple to Pembridge Villas, Notting Hill"
"LINESTRING (-0.142943 51.496863,-0.197524 51.511084", "From Allington Street, Victoria to Pembridge Villas, Notting Hill"
"LINESTRING (-0.193764 51.508605,-0.197524 51.511084", "From Palace Gardens Terrace, Notting Hill to Pembridge Villas, Notting Hill"
"LINESTRING (-0.208888 51.5212,-0.197524 51.511084", "From Bevington Road West, North Kensington to Pembridge Villas, Notting Hill"
"LINESTRING (-0.1844 51.502042,-0.197524 51.511084", "From Palace Gate, Kensington Gardens to Pembridge Villas, Notting Hill"
"LINESTRING (-0.18377 51.5171,-0.197524 51.511084", "From Bishop's Bridge Road East, Bayswater to Pembridge Villas, Notting Hill"
"LINESTRING (-0.099828 51.493146,-0.119643 51.511756", "From Strata, Elephant & Castle to Wellington Street , Strand"
"LINESTRING (-0.112824 51.503791,-0.119643 51.511756", "From Waterloo Station 3, Waterloo to Wellington Street , Strand"
"LINESTRING (-0.04915 51.498439,-0.119643 51.511756", "From Canada Water Station, Rotherhithe to Wellington Street , Strand"
"LINESTRING (-0.101384 51.49652,-0.119643 51.511756", "From Ontario Street, Elephant & Castle to Wellington Street , Strand"
"LINESTRING (-0.119643 51.511756,-0.119643 51.511756", "From Wellington Street , Strand to Wellington Street , Strand"
"LINESTRING (-0.07962 51.503493,-0.119643 51.511756", "From Tooley Street, Bermondsey to Wellington Street , Strand"
"LINESTRING (-0.105312 51.504043,-0.119643 51.511756", "From Southwark Station 1, Southwark to Wellington Street , Strand"
"LINESTRING (-0.113426 51.503919,-0.119643 51.511756", "From Waterloo Station 2, Waterloo to Wellington Street , Strand"
"LINESTRING (-0.09315 51.53356,-0.119643 51.511756", "From Eagle Wharf Road, Hoxton to Wellington Street , Strand"
"LINESTRING (-0.113936 51.500139,-0.119643 51.511756", "From Lower Marsh, Waterloo to Wellington Street , Strand"
"LINESTRING (-0.141327 51.520253,-0.119643 51.511756", "From Great Titchfield Street, Fitzrovia to Wellington Street , Strand"
"LINESTRING (-0.176645 51.518622,-0.119643 51.511756", "From North Wharf Road, Paddington to Wellington Street , Strand"
"LINESTRING (-0.091773 51.504627,-0.119643 51.511756", "From Hop Exchange, The Borough to Wellington Street , Strand"
"LINESTRING (-0.13558 51.513684,-0.119643 51.511756", "From Broadwick Street, Soho to Wellington Street , Strand"
"LINESTRING (-0.119643 51.511756,-0.119643 51.511756", "From Wellington Street , Strand to Wellington Street , Strand"
"LINESTRING (-0.092762 51.500296,-0.119643 51.511756", "From Swan Street, The Borough to Wellington Street , Strand"
"LINESTRING (-0.111435 51.48894,-0.119643 51.511756", "From Kennington Cross, Kennington to Wellington Street , Strand"
"LINESTRING (-0.116625 51.486965,-0.119643 51.511756", "From Vauxhall Street, Vauxhall to Wellington Street , Strand"
"LINESTRING (-0.130504 51.526838,-0.119643 51.511756", "From Endsleigh Gardens, Euston to Wellington Street , Strand"
"LINESTRING (-0.093913 51.496791,-0.119643 51.511756", "From Dickens Square, Borough to Wellington Street , Strand"
"LINESTRING (-0.113426 51.503919,-0.119643 51.511756", "From Waterloo Station 2, Waterloo to Wellington Street , Strand"
"LINESTRING (-0.113001 51.50486,-0.119643 51.511756", "From Waterloo Road, South Bank to Wellington Street , Strand"
"LINESTRING (-0.112824 51.503791,-0.119643 51.511756", "From Waterloo Station 3, Waterloo to Wellington Street , Strand"
"LINESTRING (-0.109006 51.521661,-0.119643 51.511756", "From Hatton Wall, Holborn to Wellington Street , Strand"
"LINESTRING (-0.096496 51.517821,-0.119643 51.511756", "From Museum of London, Barbican to Wellington Street , Strand"
"LINESTRING (-0.125972 51.49764,-0.119643 51.511756", "From Abingdon Green, Westminster to Wellington Street , Strand"
"LINESTRING (-0.104778 51.504044,-0.119643 51.511756", "From Southwark Station 2, Southwark to Wellington Street , Strand"
"LINESTRING (-0.135025 51.518162,-0.119643 51.511756", "From Rathbone Street, Fitzrovia to Wellington Street , Strand"
"LINESTRING (-0.191496 51.503157,-0.119643 51.511756", "From Kensington Church Street, Kensington to Wellington Street , Strand"
"LINESTRING (-0.176645 51.518622,-0.119643 51.511756", "From North Wharf Road, Paddington to Wellington Street , Strand"
"LINESTRING (-0.068981 51.498585,-0.119643 51.511756", "From George Row, Bermondsey to Wellington Street , Strand"
"LINESTRING (-0.083935 51.520009,-0.119643 51.511756", "From Sun Street, Liverpool Street to Wellington Street , Strand"
"LINESTRING (-0.127575 51.495805,-0.119643 51.511756", "From Smith Square, Westminster to Wellington Street , Strand"
"LINESTRING (-0.108028 51.518825,-0.119643 51.511756", "From Hatton Garden, Holborn to Wellington Street , Strand"
"LINESTRING (-0.144228 51.518117,-0.119643 51.511756", "From Broadcasting House, Marylebone to Wellington Street , Strand"
"LINESTRING (-0.112824 51.503791,-0.119643 51.511756", "From Waterloo Station 3, Waterloo to Wellington Street , Strand"
"LINESTRING (-0.113426 51.503919,-0.119643 51.511756", "From Waterloo Station 2, Waterloo to Wellington Street , Strand"
"LINESTRING (-0.113864 51.504027,-0.119643 51.511756", "From Waterloo Station 1, Waterloo to Wellington Street , Strand"
"LINESTRING (-0.138853 51.541603,-0.119643 51.511756", "From Bonny Street, Camden Town to Wellington Street , Strand"
"LINESTRING (-0.093913 51.496791,-0.119643 51.511756", "From Dickens Square, Borough to Wellington Street , Strand"
"LINESTRING (-0.141423 51.514499,-0.119643 51.511756", "From Little Argyll Street, West End to Wellington Street , Strand"
"LINESTRING (-0.127575 51.495805,-0.119643 51.511756", "From Smith Square, Westminster to Wellington Street , Strand"
"LINESTRING (-0.127575 51.495805,-0.119643 51.511756", "From Smith Square, Westminster to Wellington Street , Strand"
"LINESTRING (-0.09022 51.491484,-0.119643 51.511756", "From Rodney Road , Walworth to Wellington Street , Strand"
"LINESTRING (-0.102091 51.500693,-0.119643 51.511756", "From Webber Street , Southwark to Wellington Street , Strand"
"LINESTRING (-0.205284 51.496712,-0.119643 51.511756", "From Warwick Road, Olympia to Wellington Street , Strand"
"LINESTRING (-0.116625 51.486965,-0.119643 51.511756", "From Vauxhall Street, Vauxhall to Wellington Street , Strand"
"LINESTRING (-0.109256 51.526443,-0.119643 51.511756", "From Tysoe Street, Clerkenwell to Wellington Street , Strand"
"LINESTRING (-0.096518 51.491327,-0.119643 51.511756", "From Walworth Square, Walworth to Wellington Street , Strand"
"LINESTRING (-0.113426 51.503919,-0.119643 51.511756", "From Waterloo Station 2, Waterloo to Wellington Street , Strand"
"LINESTRING (-0.146544 51.468669,-0.119643 51.511756", "From Heath Road, Battersea to Wellington Street , Strand"
"LINESTRING (-0.127575 51.495805,-0.119643 51.511756", "From Smith Square, Westminster to Wellington Street , Strand"
"LINESTRING (-0.098807 51.506725,-0.119643 51.511756", "From Tate Modern, Bankside to Wellington Street , Strand"
"LINESTRING (-0.149035 51.481121,-0.119643 51.511756", "From Sopwith Way, Battersea Park to Wellington Street , Strand"
"LINESTRING (-0.117122 51.490994,-0.119643 51.511756", "From Black Prince Road, Vauxhall to Wellington Street , Strand"
"LINESTRING (-0.116542 51.504636,-0.119643 51.511756", "From Jubilee Gardens, South Bank to Wellington Street , Strand"
"LINESTRING (-0.150181 51.536922,-0.111781 51.533319", "From London Zoo Car Park, The Regent's Park to Risinghill Street, Angel"
"LINESTRING (-0.09315 51.53356,-0.111781 51.533319", "From Eagle Wharf Road, Hoxton to Risinghill Street, Angel"
"LINESTRING (-0.09315 51.53356,-0.111781 51.533319", "From Eagle Wharf Road, Hoxton to Risinghill Street, Angel"
"LINESTRING (-0.138072 51.517344,-0.111781 51.533319", "From Wells Street, Fitzrovia to Risinghill Street, Angel"
"LINESTRING (-0.070133 51.515231,-0.111781 51.533319", "From Central House, Whitechapel to Risinghill Street, Angel"
"LINESTRING (-0.11934 51.531066,-0.111781 51.533319", "From Northdown Street, King's Cross to Risinghill Street, Angel"
"LINESTRING (-0.062546 51.535678,-0.111781 51.533319", "From Regent's Row , Haggerston to Risinghill Street, Angel"
"LINESTRING (-0.085634 51.520962,-0.111781 51.533319", "From Finsbury Square , Moorgate to Risinghill Street, Angel"
"LINESTRING (-0.112432 51.526599,-0.111781 51.533319", "From Margery Street, Clerkenwell to Risinghill Street, Angel"
"LINESTRING (-0.141423 51.514499,-0.111781 51.533319", "From Little Argyll Street, West End to Risinghill Street, Angel"
"LINESTRING (-0.147478 51.492369,-0.111781 51.533319", "From Elizabeth Bridge, Victoria to Risinghill Street, Angel"
"LINESTRING (-0.118677 51.5338,-0.111781 51.533319", "From Killick Street, King's Cross to Risinghill Street, Angel"
"LINESTRING (-0.138853 51.541603,-0.111781 51.533319", "From Bonny Street, Camden Town to Risinghill Street, Angel"
"LINESTRING (-0.141423 51.514499,-0.111781 51.533319", "From Little Argyll Street, West End to Risinghill Street, Angel"
"LINESTRING (-0.105312 51.504043,-0.111781 51.533319", "From Southwark Station 1, Southwark to Risinghill Street, Angel"
"LINESTRING (-0.101384 51.49652,-0.111781 51.533319", "From Ontario Street, Elephant & Castle to Risinghill Street, Angel"
"LINESTRING (-0.099981 51.532661,-0.111781 51.533319", "From Graham Street, Angel to Risinghill Street, Angel"
"LINESTRING (-0.113426 51.503919,-0.111781 51.533319", "From Waterloo Station 2, Waterloo to Risinghill Street, Angel"
"LINESTRING (-0.101536 51.49217,-0.087587 51.514441", "From Hampton Street, Walworth to Bank of England Museum, Bank"
"LINESTRING (-0.151926 51.516814,-0.087587 51.514441", "From Hinde Street, Marylebone to Bank of England Museum, Bank"
"LINESTRING (-0.112824 51.503791,-0.087587 51.514441", "From Waterloo Station 3, Waterloo to Bank of England Museum, Bank"
"LINESTRING (-0.082422 51.516154,-0.087587 51.514441", "From Wormwood Street, Liverpool Street to Bank of England Museum, Bank"
"LINESTRING (-0.105593 51.488852,-0.087587 51.514441", "From Kennington Station, Kennington to Bank of England Museum, Bank"
"LINESTRING (-0.096317 51.526008,-0.087587 51.514441", "From Finsbury Leisure Centre, St. Luke's to Bank of England Museum, Bank"
"LINESTRING (-0.090847 51.525893,-0.087587 51.514441", "From Bath Street, St. Luke's to Bank of England Museum, Bank"
"LINESTRING (-0.112824 51.503791,-0.087587 51.514441", "From Waterloo Station 3, Waterloo to Bank of England Museum, Bank"
"LINESTRING (-0.109025 51.534408,-0.087587 51.514441", "From Cloudesley Road, Angel to Bank of England Museum, Bank"
"LINESTRING (-0.122492 51.486343,-0.087587 51.514441", "From Kennington Lane Rail Bridge, Vauxhall to Bank of England Museum, Bank"
"LINESTRING (-0.074704 51.500845,-0.087587 51.514441", "From Tower Wharf, Bermondsey to Bank of England Museum, Bank"
"LINESTRING (-0.098497 51.503688,-0.087587 51.514441", "From Union Street, The Borough to Bank of England Museum, Bank"
"LINESTRING (-0.112824 51.503791,-0.087587 51.514441", "From Waterloo Station 3, Waterloo to Bank of England Museum, Bank"
"LINESTRING (-0.10834 51.52352,-0.087587 51.514441", "From Farringdon Lane, Clerkenwell to Bank of England Museum, Bank"
"LINESTRING (-0.138212 51.481335,-0.087587 51.514441", "From Riverlight South, Nine Elms to Bank of England Museum, Bank"
"LINESTRING (-0.093903 51.530991,-0.087587 51.514441", "From Wenlock Road , Hoxton to Bank of England Museum, Bank"
"LINESTRING (-0.13225 51.528833,-0.087587 51.514441", "From Doric Way , Somers Town to Bank of England Museum, Bank"
"LINESTRING (-0.112824 51.503791,-0.087587 51.514441", "From Waterloo Station 3, Waterloo to Bank of England Museum, Bank"
"LINESTRING (-0.141728 51.539099,-0.087587 51.514441", "From Greenland Road, Camden Town to Bank of England Museum, Bank"
"LINESTRING (-0.087262 51.506304,-0.087587 51.514441", "From Duke Street Hill, London Bridge to Bank of England Museum, Bank"
"LINESTRING (-0.088542 51.527025,-0.087587 51.514441", "From Baldwin Street, St. Luke's to Bank of England Museum, Bank"
"LINESTRING (-0.124678 51.51908,-0.087587 51.514441", "From British Museum, Bloomsbury to Bank of England Museum, Bank"
"LINESTRING (-0.06691 51.507131,-0.087587 51.514441", "From Nesham Street, Wapping to Bank of England Museum, Bank"
"LINESTRING (-0.116625 51.486965,-0.087587 51.514441", "From Vauxhall Street, Vauxhall to Bank of England Museum, Bank"
"LINESTRING (-0.113656 51.505354,-0.087587 51.514441", "From Waterloo Bridge, South Bank to Bank of England Museum, Bank"
"LINESTRING (-0.074754 51.523648,-0.087587 51.514441", "From Bethnal Green Road, Shoreditch to Bank of England Museum, Bank"
"LINESTRING (-0.047784 51.51328,-0.087587 51.514441", "From Albert Gardens, Stepney to Bank of England Museum, Bank"
"LINESTRING (-0.083353 51.529537,-0.087587 51.514441", "From Fanshaw Street, Hoxton to Bank of England Museum, Bank"
"LINESTRING (-0.096317 51.526008,-0.087587 51.514441", "From Finsbury Leisure Centre, St. Luke's to Bank of England Museum, Bank"
"LINESTRING (-0.089659 51.52548,-0.087587 51.514441", "From Old Street Station, St. Luke's to Bank of England Museum, Bank"
"LINESTRING (-0.098497 51.503688,-0.087587 51.514441", "From Union Street, The Borough to Bank of England Museum, Bank"
"LINESTRING (-0.112824 51.503791,-0.087587 51.514441", "From Waterloo Station 3, Waterloo to Bank of England Museum, Bank"
"LINESTRING (-0.135635 51.488226,-0.087587 51.514441", "From St. George's Square, Pimlico to Bank of England Museum, Bank"
"LINESTRING (-0.142345 51.510662,-0.087587 51.514441", "From Clifford Street, Mayfair to Bank of England Museum, Bank"
"LINESTRING (-0.083493 51.520955,-0.087587 51.514441", "From Pindar Street, Liverpool Street to Bank of England Museum, Bank"
"LINESTRING (-0.142345 51.510662,-0.087587 51.514441", "From Clifford Street, Mayfair to Bank of England Museum, Bank"
"LINESTRING (-0.112824 51.503791,-0.087587 51.514441", "From Waterloo Station 3, Waterloo to Bank of England Museum, Bank"
"LINESTRING (-0.114605 51.495656,-0.087587 51.514441", "From Sail Street, Vauxhall to Bank of England Museum, Bank"
"LINESTRING (-0.149569 51.50274,-0.087587 51.514441", "From Wellington Arch, Hyde Park to Bank of England Museum, Bank"
"LINESTRING (-0.093903 51.530991,-0.087587 51.514441", "From Wenlock Road , Hoxton to Bank of England Museum, Bank"
"LINESTRING (-0.109914 51.531666,-0.087587 51.514441", "From Claremont Square, Angel to Bank of England Museum, Bank"
"LINESTRING (-0.067937 51.51793,-0.087587 51.514441", "From Old Montague Street, Whitechapel to Bank of England Museum, Bank"
"LINESTRING (-0.088285 51.519069,-0.087587 51.514441", "From Moorfields, Moorgate to Bank of England Museum, Bank"
"LINESTRING (-0.102996 51.486929,-0.087587 51.514441", "From Doddington Grove, Kennington to Bank of England Museum, Bank"
"LINESTRING (-0.074754 51.523648,-0.087587 51.514441", "From Bethnal Green Road, Shoreditch to Bank of England Museum, Bank"
"LINESTRING (-0.174411 51.511933,-0.087587 51.514441", "From Bayswater Road, Hyde Park to Bank of England Museum, Bank"
"LINESTRING (-0.083632 51.502153,-0.087587 51.514441", "From Snowsfields, London Bridge to Bank of England Museum, Bank"
"LINESTRING (-0.09885 51.515418,-0.087587 51.514441", "From Newgate Street , St. Paul's to Bank of England Museum, Bank"
"LINESTRING (-0.077178 51.514449,-0.087587 51.514441", "From Houndsditch, Aldgate to Bank of England Museum, Bank"
"LINESTRING (-0.074189 51.502279,-0.087587 51.514441", "From Curlew Street, Shad Thames to Bank of England Museum, Bank"
"LINESTRING (-0.116493 51.477839,-0.087587 51.514441", "From Caldwell Street, Stockwell to Bank of England Museum, Bank"
"LINESTRING (-0.074189 51.502279,-0.087587 51.514441", "From Curlew Street, Shad Thames to Bank of England Museum, Bank"
"LINESTRING (-0.073537 51.514233,-0.087587 51.514441", "From Braham Street, Aldgate to Bank of England Museum, Bank"
"LINESTRING (-0.08249 51.53558,-0.087587 51.514441", "From Pitfield Street North,Hoxton to Bank of England Museum, Bank"
"LINESTRING (-0.100292 51.501732,-0.087587 51.514441", "From Great Suffolk Street, The Borough to Bank of England Museum, Bank"
"LINESTRING (-0.087262 51.506304,-0.087587 51.514441", "From Duke Street Hill, London Bridge to Bank of England Museum, Bank"
"LINESTRING (-0.096317 51.526008,-0.087587 51.514441", "From Finsbury Leisure Centre, St. Luke's to Bank of England Museum, Bank"
"LINESTRING (-0.116542 51.504636,-0.087587 51.514441", "From Jubilee Gardens, South Bank to Bank of England Museum, Bank"
"LINESTRING (-0.119643 51.511756,-0.087587 51.514441", "From Wellington Street , Strand to Bank of England Museum, Bank"
"LINESTRING (-0.020467 51.513757,-0.087587 51.514441", "From Lindfield Street, Poplar to Bank of England Museum, Bank"
"LINESTRING (-0.089887 51.520858,-0.087587 51.514441", "From Bunhill Row, Moorgate to Bank of England Museum, Bank"
"LINESTRING (-0.062546 51.535678,-0.087587 51.514441", "From Regent's Row , Haggerston to Bank of England Museum, Bank"
"LINESTRING (-0.089659 51.52548,-0.087587 51.514441", "From Old Street Station, St. Luke's to Bank of England Museum, Bank"
"LINESTRING (-0.020157 51.499041,-0.087587 51.514441", "From Lightermans Road, Millwall to Bank of England Museum, Bank"
"LINESTRING (-0.079249 51.518908,-0.087587 51.514441", "From Brushfield Street, Liverpool Street to Bank of England Museum, Bank"
"LINESTRING (-0.088285 51.519069,-0.087587 51.514441", "From Moorfields, Moorgate to Bank of England Museum, Bank"
"LINESTRING (-0.187427 51.460864,-0.087587 51.514441", "From Wandsworth Town Station, Wandsworth to Bank of England Museum, Bank"
"LINESTRING (-0.115851 51.505044,-0.087587 51.514441", "From Concert Hall Approach 1, South Bank to Bank of England Museum, Bank"
"LINESTRING (-0.124469 51.485917,-0.087587 51.514441", "From Vauxhall Cross, Vauxhall to Bank of England Museum, Bank"
"LINESTRING (-0.100791 51.518218,-0.087587 51.514441", "From West Smithfield Rotunda, Farringdon to Bank of England Museum, Bank"
"LINESTRING (-0.086379 51.534042,-0.087587 51.514441", "From Shoreditch Park, Hoxton to Bank of England Museum, Bank"
"LINESTRING (-0.142345 51.510662,-0.087587 51.514441", "From Clifford Street, Mayfair to Bank of England Museum, Bank"
"LINESTRING (-0.113426 51.503919,-0.087587 51.514441", "From Waterloo Station 2, Waterloo to Bank of England Museum, Bank"
"LINESTRING (-0.0786 51.500647,-0.087587 51.514441", "From Tanner Street, Bermondsey to Bank of England Museum, Bank"
"LINESTRING (-0.125674 51.491884,-0.087587 51.514441", "From Millbank Tower, Pimlico to Bank of England Museum, Bank"
"LINESTRING (-0.074189 51.502279,-0.087587 51.514441", "From Curlew Street, Shad Thames to Bank of England Museum, Bank"
"LINESTRING (-0.127554 51.493978,-0.087587 51.514441", "From Page Street, Westminster to Bank of England Museum, Bank"
"LINESTRING (-0.113426 51.503919,-0.087587 51.514441", "From Waterloo Station 2, Waterloo to Bank of England Museum, Bank"
"LINESTRING (-0.074189 51.502279,-0.087587 51.514441", "From Curlew Street, Shad Thames to Bank of England Museum, Bank"
"LINESTRING (-0.113426 51.503919,-0.087587 51.514441", "From Waterloo Station 2, Waterloo to Bank of England Museum, Bank"
"LINESTRING (-0.120903 51.488124,-0.087587 51.514441", "From Vauxhall Walk, Vauxhall to Bank of England Museum, Bank"
"LINESTRING (-0.107927 51.513821,-0.087587 51.514441", "From Bouverie Street, Temple to Bank of England Museum, Bank"
"LINESTRING (-0.093421 51.529154,-0.087587 51.514441", "From Windsor Terrace, Hoxton to Bank of England Museum, Bank"
"LINESTRING (-0.15352 51.503117,-0.126021 51.508103", "From Hyde Park Corner, Hyde Park to Craven Street, Strand"
"LINESTRING (-0.179854 51.501715,-0.126021 51.508103", "From Queen's Gate, Kensington Gardens to Craven Street, Strand"
"LINESTRING (-0.14296 51.497998,-0.126021 51.508103", "From Warwick Row, Westminster to Craven Street, Strand"
"LINESTRING (-0.147714 51.483507,-0.126021 51.508103", "From Battersea Power Station, Battersea Park to Craven Street, Strand"
"LINESTRING (-0.103078 51.511934,-0.126021 51.508103", "From Blackfriars Station, St. Paul's to Craven Street, Strand"
"LINESTRING (-0.079684 51.516468,-0.126021 51.508103", "From Devonshire Square, Liverpool Street to Craven Street, Strand"
"LINESTRING (-0.17306 51.505014,-0.126021 51.508103", "From Serpentine Car Park, Hyde Park to Craven Street, Strand"
"LINESTRING (-0.131213 51.513103,-0.126021 51.508103", "From Frith Street, Soho to Craven Street, Strand"
"LINESTRING (-0.174554 51.499917,-0.126021 51.508103", "From Exhibition Road, Knightsbridge to Craven Street, Strand"
"LINESTRING (-0.195455 51.500401,-0.126021 51.508103", "From Argyll Road, Kensington to Craven Street, Strand"
"LINESTRING (-0.142783 51.51196,-0.126021 51.508103", "From St. George Street, Mayfair to Craven Street, Strand"
"LINESTRING (-0.135635 51.488226,-0.126021 51.508103", "From St. George's Square, Pimlico to Craven Street, Strand"
"LINESTRING (-0.102996 51.486929,-0.126021 51.508103", "From Doddington Grove, Kennington to Craven Street, Strand"
"LINESTRING (-0.154106 51.517703,-0.126021 51.508103", "From George Street, Marylebone to Craven Street, Strand"
"LINESTRING (-0.149569 51.50274,-0.126021 51.508103", "From Wellington Arch, Hyde Park to Craven Street, Strand"
"LINESTRING (-0.053558 51.511066,-0.126021 51.508103", "From Sutton Street, Shadwell to Craven Street, Strand"
"LINESTRING (-0.144165 51.510736,-0.126021 51.508103", "From Bruton Street, Mayfair to Craven Street, Strand"
"LINESTRING (-0.124678 51.51908,-0.126021 51.508103", "From British Museum, Bloomsbury to Craven Street, Strand"
"LINESTRING (-0.127854 51.517727,-0.126021 51.508103", "From Great Russell Street, Bloomsbury to Craven Street, Strand"
"LINESTRING (-0.209121 51.491026,-0.126021 51.508103", "From Gwendwr Road, West Kensington to Craven Street, Strand"
"LINESTRING (-0.156166 51.518913,-0.126021 51.508103", "From Baker Street, Marylebone to Craven Street, Strand"
"LINESTRING (-0.170703 51.470847,-0.126021 51.508103", "From Simpson Street, Clapham Junction to Craven Street, Strand"
"LINESTRING (-0.199783 51.472817,-0.126021 51.508103", "From Parson's Green , Parson's Green to Craven Street, Strand"
"LINESTRING (-0.147203 51.515308,-0.126021 51.508103", "From Chapel Place, Marylebone to Craven Street, Strand"
"LINESTRING (-0.123179 51.506543,-0.126021 51.508103", "From Whitehall Place, Strand to Craven Street, Strand"
"LINESTRING (-0.156166 51.518913,-0.126021 51.508103", "From Baker Street, Marylebone to Craven Street, Strand"
"LINESTRING (-0.117661 51.482678,-0.126021 51.508103", "From Ashmole Estate, Oval to Craven Street, Strand"
"LINESTRING (-0.142783 51.51196,-0.126021 51.508103", "From St. George Street, Mayfair to Craven Street, Strand"
"LINESTRING (-0.129698 51.500703,-0.126021 51.508103", "From Storey's Gate, Westminster to Craven Street, Strand"
"LINESTRING (-0.138019 51.524438,-0.126021 51.508103", "From Warren Street Station, Euston to Craven Street, Strand"
"LINESTRING (-0.158456 51.502953,-0.126021 51.508103", "From Albert Gate, Hyde Park to Craven Street, Strand"
"LINESTRING (-0.15213 51.470475,-0.126021 51.508103", "From Stanley Grove, Battersea to Craven Street, Strand"
"LINESTRING (-0.179854 51.501715,-0.126021 51.508103", "From Queen's Gate, Kensington Gardens to Craven Street, Strand"
"LINESTRING (-0.179854 51.501715,-0.126021 51.508103", "From Queen's Gate, Kensington Gardens to Craven Street, Strand"
"LINESTRING (-0.13214 51.519572,-0.126021 51.508103", "From Store Street, Bloomsbury to Craven Street, Strand"
"LINESTRING (-0.15352 51.503117,-0.126021 51.508103", "From Hyde Park Corner, Hyde Park to Craven Street, Strand"
"LINESTRING (-0.15934 51.500241,-0.126021 51.508103", "From Harriet Street, Knightsbridge to Craven Street, Strand"
"LINESTRING (-0.077121 51.511594,-0.126021 51.508103", "From Crosswall, Tower to Craven Street, Strand"
"LINESTRING (-0.13214 51.519572,-0.126021 51.508103", "From Store Street, Bloomsbury to Craven Street, Strand"
"LINESTRING (-0.09294 51.511553,-0.126021 51.508103", "From Queen Street 1, Bank to Craven Street, Strand"
"LINESTRING (-0.13011 51.513527,-0.126021 51.508103", "From Moor Street, Soho to Craven Street, Strand"
"LINESTRING (-0.077121 51.511594,-0.126021 51.508103", "From Crosswall, Tower to Craven Street, Strand"
"LINESTRING (-0.15352 51.503117,-0.126021 51.508103", "From Hyde Park Corner, Hyde Park to Craven Street, Strand"
"LINESTRING (-0.138089 51.484839,-0.126021 51.508103", "From Claverton Street, Pimlico to Craven Street, Strand"
"LINESTRING (-0.138231 51.525542,-0.126021 51.508103", "From Hampstead Road, Euston to Craven Street, Strand"
"LINESTRING (-0.141812 51.469259,-0.126021 51.508103", "From Wandsworth Rd, Isley Court, Wandsworth Road to Craven Street, Strand"
"LINESTRING (-0.11655 51.51824,-0.126021 51.508103", "From Red Lion Street, Holborn to Craven Street, Strand"
"LINESTRING (-0.179854 51.501715,-0.126021 51.508103", "From Queen's Gate, Kensington Gardens to Craven Street, Strand"
"LINESTRING (-0.123823 51.501513,-0.126021 51.508103", "From Westminster Pier, Westminster to Craven Street, Strand"
"LINESTRING (-0.197574 51.499606,-0.126021 51.508103", "From Phillimore Gardens, Kensington to Craven Street, Strand"
"LINESTRING (-0.074754 51.523648,-0.126021 51.508103", "From Bethnal Green Road, Shoreditch to Craven Street, Strand"
"LINESTRING (-0.102996 51.486929,-0.126021 51.508103", "From Doddington Grove, Kennington to Craven Street, Strand"
"LINESTRING (-0.099489 51.524868,-0.126021 51.508103", "From Sadlers Sports Centre, Finsbury to Craven Street, Strand"
"LINESTRING (-0.130908 51.464995,-0.126021 51.508103", "From Gauden Road, Clapham to Craven Street, Strand"
"LINESTRING (-0.137424 51.498865,-0.126021 51.508103", "From Buckingham Gate, Westminster to Craven Street, Strand"
"LINESTRING (-0.147714 51.483507,-0.126021 51.508103", "From Battersea Power Station, Battersea Park to Craven Street, Strand"
"LINESTRING (-0.135635 51.488226,-0.126021 51.508103", "From St. George's Square, Pimlico to Craven Street, Strand"
"LINESTRING (-0.174411 51.511933,-0.126021 51.508103", "From Bayswater Road, Hyde Park to Craven Street, Strand"
"LINESTRING (-0.179854 51.501715,-0.126021 51.508103", "From Queen's Gate, Kensington Gardens to Craven Street, Strand"
"LINESTRING (-0.145827 51.507326,-0.126021 51.508103", "From Clarges Street, Mayfair to Craven Street, Strand"
"LINESTRING (-0.132053 51.518587,-0.126021 51.508103", "From Bayley Street , Bloomsbury to Craven Street, Strand"
"LINESTRING (-0.126021 51.508103,-0.126021 51.508103", "From Craven Street, Strand to Craven Street, Strand"
"LINESTRING (-0.158264 51.514577,-0.126021 51.508103", "From Old Quebec Street, Marylebone to Craven Street, Strand"
"LINESTRING (-0.149569 51.50274,-0.126021 51.508103", "From Wellington Arch, Hyde Park to Craven Street, Strand"
"LINESTRING (-0.103078 51.511934,-0.126021 51.508103", "From Blackfriars Station, St. Paul's to Craven Street, Strand"
"LINESTRING (-0.17306 51.505014,-0.126021 51.508103", "From Serpentine Car Park, Hyde Park to Craven Street, Strand"
"LINESTRING (-0.114934 51.49288,-0.126021 51.508103", "From Lollard Street, Vauxhall to Craven Street, Strand"
"LINESTRING (-0.141423 51.514499,-0.126021 51.508103", "From Little Argyll Street, West End to Craven Street, Strand"
"LINESTRING (-0.165471 51.498884,-0.126021 51.508103", "From Montpelier Street, Knightsbridge to Craven Street, Strand"
"LINESTRING (-0.165668 51.524561,-0.126021 51.508103", "From Broadley Terrace, Marylebone to Craven Street, Strand"
"LINESTRING (-0.179135 51.516417,-0.126021 51.508103", "From Eastbourne Mews, Paddington to Craven Street, Strand"
"LINESTRING (-0.187278 51.475142,-0.126021 51.508103", "From Imperial Road, Sands End to Craven Street, Strand"
"LINESTRING (-0.126021 51.508103,-0.126021 51.508103", "From Craven Street, Strand to Craven Street, Strand"
"LINESTRING (-0.150817 51.505426,-0.126021 51.508103", "From Park Lane, Mayfair to Craven Street, Strand"
"LINESTRING (-0.137598 51.497698,-0.126021 51.508103", "From Kings Gate House, Westminster to Craven Street, Strand"
"LINESTRING (-0.129698 51.500703,-0.150181 51.536922", "From Storey's Gate, Westminster to London Zoo Car Park, The Regent's Park"
"LINESTRING (-0.123823 51.501513,-0.150181 51.536922", "From Westminster Pier, Westminster to London Zoo Car Park, The Regent's Park"
"LINESTRING (-0.130431 51.52168,-0.150181 51.536922", "From Malet Street, Bloomsbury to London Zoo Car Park, The Regent's Park"
"LINESTRING (-0.153463 51.525367,-0.150181 51.536922", "From The Tennis Courts, The Regent's Park to London Zoo Car Park, The Regent's Park"
"LINESTRING (-0.157183 51.52026,-0.150181 51.536922", "From Crawford Street, Marylebone to London Zoo Car Park, The Regent's Park"
"LINESTRING (-0.144228 51.518117,-0.150181 51.536922", "From Broadcasting House, Marylebone to London Zoo Car Park, The Regent's Park"
"LINESTRING (-0.075459 51.509506,-0.101026 51.528246", "From Tower Gardens , Tower to Goswell Road (City Uni), Finsbury"
"LINESTRING (-0.122492 51.486343,-0.101026 51.528246", "From Kennington Lane Rail Bridge, Vauxhall to Goswell Road (City Uni), Finsbury"
"LINESTRING (-0.10044 51.498898,-0.101026 51.528246", "From Borough Road, Elephant & Castle to Goswell Road (City Uni), Finsbury"
"LINESTRING (-0.106408 51.530515,-0.101026 51.528246", "From Chadwell Street, Angel to Goswell Road (City Uni), Finsbury"
"LINESTRING (-0.116688 51.520596,-0.101026 51.528246", "From Theobald's Road , Holborn to Goswell Road (City Uni), Finsbury"
"LINESTRING (-0.090847 51.525893,-0.101026 51.528246", "From Bath Street, St. Luke's to Goswell Road (City Uni), Finsbury"
"LINESTRING (-0.108028 51.518825,-0.101026 51.528246", "From Hatton Garden, Holborn to Goswell Road (City Uni), Finsbury"
"LINESTRING (-0.10044 51.498898,-0.101026 51.528246", "From Borough Road, Elephant & Castle to Goswell Road (City Uni), Finsbury"
"LINESTRING (-0.094475 51.521747,-0.101026 51.528246", "From Golden Lane, Barbican to Goswell Road (City Uni), Finsbury"
"LINESTRING (-0.117774 51.513875,-0.101026 51.528246", "From Kingsway Southbound, Strand to Goswell Road (City Uni), Finsbury"
"LINESTRING (-0.138072 51.517344,-0.101026 51.528246", "From Wells Street, Fitzrovia to Goswell Road (City Uni), Finsbury"
"LINESTRING (-0.117774 51.513875,-0.101026 51.528246", "From Kingsway Southbound, Strand to Goswell Road (City Uni), Finsbury"
"LINESTRING (-0.085634 51.520962,-0.101026 51.528246", "From Finsbury Square , Moorgate to Goswell Road (City Uni), Finsbury"
"LINESTRING (-0.08066 51.514225,-0.101026 51.528246", "From St. Mary Axe, Aldgate to Goswell Road (City Uni), Finsbury"
"LINESTRING (-0.074754 51.523648,-0.101026 51.528246", "From Bethnal Green Road, Shoreditch to Goswell Road (City Uni), Finsbury"
"LINESTRING (-0.133952 51.536264,-0.101026 51.528246", "From Royal College Street, Camden Town to Goswell Road (City Uni), Finsbury"
"LINESTRING (-0.10044 51.498898,-0.101026 51.528246", "From Borough Road, Elephant & Castle to Goswell Road (City Uni), Finsbury"
"LINESTRING (-0.09885 51.515418,-0.101026 51.528246", "From Newgate Street , St. Paul's to Goswell Road (City Uni), Finsbury"
"LINESTRING (-0.138019 51.524438,-0.101026 51.528246", "From Warren Street Station, Euston to Goswell Road (City Uni), Finsbury"
"LINESTRING (-0.104947 51.516785,-0.101026 51.528246", "From Farringdon Street, Holborn to Goswell Road (City Uni), Finsbury"
"LINESTRING (-0.074754 51.523648,-0.101026 51.528246", "From Bethnal Green Road, Shoreditch to Goswell Road (City Uni), Finsbury"
"LINESTRING (-0.078505 51.53095,-0.101026 51.528246", "From Falkirk Street, Hoxton to Goswell Road (City Uni), Finsbury"
"LINESTRING (-0.074284 51.539328,-0.101026 51.528246", "From Haggerston Road, Haggerston to Goswell Road (City Uni), Finsbury"
"LINESTRING (-0.110889 51.495718,-0.101026 51.528246", "From Kennington Road  , Vauxhall to Goswell Road (City Uni), Finsbury"
"LINESTRING (-0.096317 51.526008,-0.101026 51.528246", "From Finsbury Leisure Centre, St. Luke's to Goswell Road (City Uni), Finsbury"
"LINESTRING (-0.09734 51.520841,-0.101026 51.528246", "From Aldersgate Street, Barbican to Goswell Road (City Uni), Finsbury"
"LINESTRING (-0.088542 51.527025,-0.101026 51.528246", "From Baldwin Street, St. Luke's to Goswell Road (City Uni), Finsbury"
"LINESTRING (-0.075901 51.531091,-0.101026 51.528246", "From Hoxton Station, Hoxton to Goswell Road (City Uni), Finsbury"
"LINESTRING (-0.08249 51.53558,-0.101026 51.528246", "From Pitfield Street North,Hoxton to Goswell Road (City Uni), Finsbury"
"LINESTRING (-0.104298 51.526717,-0.101026 51.528246", "From Finsbury Library , Finsbury to Goswell Road (City Uni), Finsbury"
"LINESTRING (-0.10044 51.498898,-0.101026 51.528246", "From Borough Road, Elephant & Castle to Goswell Road (City Uni), Finsbury"
"LINESTRING (-0.10044 51.498898,-0.101026 51.528246", "From Borough Road, Elephant & Castle to Goswell Road (City Uni), Finsbury"
"LINESTRING (-0.101026 51.528246,-0.101026 51.528246", "From Goswell Road (City Uni), Finsbury to Goswell Road (City Uni), Finsbury"
"LINESTRING (-0.122203 51.534474,-0.101026 51.528246", "From Crinan Street, King's Cross to Goswell Road (City Uni), Finsbury"
"LINESTRING (-0.122492 51.486343,-0.101026 51.528246", "From Kennington Lane Rail Bridge, Vauxhall to Goswell Road (City Uni), Finsbury"
"LINESTRING (-0.194116 51.479932,-0.166878 51.488023", "From Fulham Broadway, Walham Green to Flood Street, Chelsea"
"LINESTRING (-0.155442 51.474376,-0.166878 51.488023", "From Austin Road, Battersea Park to Flood Street, Chelsea"
"LINESTRING (-0.15934 51.500241,-0.166878 51.488023", "From Harriet Street, Knightsbridge to Flood Street, Chelsea"
"LINESTRING (-0.158264 51.514577,-0.166878 51.488023", "From Old Quebec Street, Marylebone to Flood Street, Chelsea"
"LINESTRING (-0.18267 51.494185,-0.166878 51.488023", "From Gloucester Road Station, South Kensington to Flood Street, Chelsea"
"LINESTRING (-0.147624 51.49395,-0.166878 51.488023", "From Eccleston Place, Victoria to Flood Street, Chelsea"
"LINESTRING (-0.113656 51.505354,-0.166878 51.488023", "From Waterloo Bridge, South Bank to Flood Street, Chelsea"
"LINESTRING (-0.147624 51.49395,-0.166878 51.488023", "From Eccleston Place, Victoria to Flood Street, Chelsea"
"LINESTRING (-0.179135 51.516417,-0.166878 51.488023", "From Eastbourne Mews, Paddington to Flood Street, Chelsea"
"LINESTRING (-0.170983 51.486892,-0.166878 51.488023", "From Manresa Road, Chelsea to Flood Street, Chelsea"
"LINESTRING (-0.169821 51.466633,-0.166878 51.488023", "From Falcon Road, Clapham Junction to Flood Street, Chelsea"
"LINESTRING (-0.117863 51.515208,-0.166878 51.488023", "From Sardinia Street, Holborn to Flood Street, Chelsea"
"LINESTRING (-0.173881 51.494412,-0.166878 51.488023", "From South Kensington Station, South Kensington to Flood Street, Chelsea"
"LINESTRING (-0.163347 51.474392,-0.166878 51.488023", "From Albert Bridge Road, Battersea Park to Flood Street, Chelsea"
"LINESTRING (-0.19617 51.490853,-0.166878 51.488023", "From Trebovir Road, Earl's Court to Flood Street, Chelsea"
"LINESTRING (-0.18119 51.490945,-0.166878 51.488023", "From Old Brompton Road, South Kensington to Flood Street, Chelsea"
"LINESTRING (-0.169821 51.466633,-0.166878 51.488023", "From Falcon Road, Clapham Junction to Flood Street, Chelsea"
"LINESTRING (-0.113864 51.504027,-0.166878 51.488023", "From Waterloo Station 1, Waterloo to Flood Street, Chelsea"
"LINESTRING (-0.147624 51.49395,-0.166878 51.488023", "From Eccleston Place, Victoria to Flood Street, Chelsea"
"LINESTRING (-0.138733 51.496753,-0.166878 51.488023", "From Howick Place, Westminster to Flood Street, Chelsea"
"LINESTRING (-0.15785 51.471095,-0.166878 51.488023", "From Culvert Road, Battersea to Flood Street, Chelsea"
"LINESTRING (-0.161765 51.487964,-0.166878 51.488023", "From Ormonde Gate, Chelsea to Flood Street, Chelsea"
"LINESTRING (-0.149035 51.481121,-0.166878 51.488023", "From Sopwith Way, Battersea Park to Flood Street, Chelsea"
"LINESTRING (-0.169821 51.466633,-0.166878 51.488023", "From Falcon Road, Clapham Junction to Flood Street, Chelsea"
"LINESTRING (-0.156876 51.49313,-0.166878 51.488023", "From Sedding Street, Sloane Square to Flood Street, Chelsea"
"LINESTRING (-0.189155 51.477292,-0.166878 51.488023", "From Michael Road, Walham Green to Flood Street, Chelsea"
"LINESTRING (-0.156876 51.49313,-0.166878 51.488023", "From Sedding Street, Sloane Square to Flood Street, Chelsea"
"LINESTRING (-0.122831 51.472509,-0.166878 51.488023", "From Binfield Road, Stockwell to Flood Street, Chelsea"
"LINESTRING (-0.163347 51.474392,-0.166878 51.488023", "From Albert Bridge Road, Battersea Park to Flood Street, Chelsea"
"LINESTRING (-0.167894 51.493184,-0.166878 51.488023", "From Sloane Avenue, Knightsbridge to Flood Street, Chelsea"
"LINESTRING (-0.097441 51.511961,-0.166878 51.488023", "From Queen Victoria Street, St. Paul's to Flood Street, Chelsea"
"LINESTRING (-0.191803 51.473611,-0.166878 51.488023", "From Sandilands Road, Walham Green to Flood Street, Chelsea"
"LINESTRING (-0.153194 51.501352,-0.166878 51.488023", "From Grosvenor Crescent, Belgravia to Flood Street, Chelsea"
"LINESTRING (-0.194757 51.493343,-0.166878 51.488023", "From Nevern Place, Earl's Court to Flood Street, Chelsea"
"LINESTRING (-0.153233 51.490959,-0.166878 51.488023", "From Bourne Street, Belgravia to Flood Street, Chelsea"
"LINESTRING (-0.185273 51.481765,-0.166878 51.488023", "From Hortensia Road, West Brompton to Flood Street, Chelsea"
"LINESTRING (-0.164207 51.517372,-0.166878 51.488023", "From Harrowby Street, Marylebone to Flood Street, Chelsea"
"LINESTRING (-0.187278 51.475142,-0.166878 51.488023", "From Imperial Road, Sands End to Flood Street, Chelsea"
"LINESTRING (-0.113656 51.505354,-0.166878 51.488023", "From Waterloo Bridge, South Bank to Flood Street, Chelsea"
"LINESTRING (-0.172078 51.482567,-0.166878 51.488023", "From Danvers Street, West Chelsea to Flood Street, Chelsea"
"LINESTRING (-0.125674 51.491884,-0.166878 51.488023", "From Millbank Tower, Pimlico to Flood Street, Chelsea"
"LINESTRING (-0.090847 51.525893,-0.113936 51.500139", "From Bath Street, St. Luke's to Lower Marsh, Waterloo"
"LINESTRING (-0.018703 51.528169,-0.113936 51.500139", "From Bow Church Station, Bow to Lower Marsh, Waterloo"
"LINESTRING (-0.13011 51.513527,-0.113936 51.500139", "From Moor Street, Soho to Lower Marsh, Waterloo"
"LINESTRING (-0.13544 51.497829,-0.113936 51.500139", "From Butler Place, Westminster to Lower Marsh, Waterloo"
"LINESTRING (-0.140947 51.49616,-0.113936 51.500139", "From Ashley Place, Victoria to Lower Marsh, Waterloo"
"LINESTRING (-0.114934 51.49288,-0.113936 51.500139", "From Lollard Street, Vauxhall to Lower Marsh, Waterloo"
"LINESTRING (-0.07962 51.503493,-0.113936 51.500139", "From Tooley Street, Bermondsey to Lower Marsh, Waterloo"
"LINESTRING (-0.137424 51.498865,-0.113936 51.500139", "From Buckingham Gate, Westminster to Lower Marsh, Waterloo"
"LINESTRING (-0.111435 51.48894,-0.113936 51.500139", "From Kennington Cross, Kennington to Lower Marsh, Waterloo"
"LINESTRING (-0.090847 51.525893,-0.113936 51.500139", "From Bath Street, St. Luke's to Lower Marsh, Waterloo"
"LINESTRING (-0.172078 51.482567,-0.113936 51.500139", "From Danvers Street, West Chelsea to Lower Marsh, Waterloo"
"LINESTRING (-0.09294 51.511553,-0.113936 51.500139", "From Queen Street 1, Bank to Lower Marsh, Waterloo"
"LINESTRING (-0.079249 51.518908,-0.113936 51.500139", "From Brushfield Street, Liverpool Street to Lower Marsh, Waterloo"
"LINESTRING (-0.07962 51.503493,-0.113936 51.500139", "From Tooley Street, Bermondsey to Lower Marsh, Waterloo"
"LINESTRING (-0.147857 51.477966,-0.113936 51.500139", "From Gas Holders, Battersea Park to Lower Marsh, Waterloo"
"LINESTRING (-0.079201 51.537277,-0.113936 51.500139", "From Hertford Road, De Beauvoir Town to Lower Marsh, Waterloo"
"LINESTRING (-0.0786 51.500647,-0.113936 51.500139", "From Tanner Street, Bermondsey to Lower Marsh, Waterloo"
"LINESTRING (-0.114605 51.495656,-0.113936 51.500139", "From Sail Street, Vauxhall to Lower Marsh, Waterloo"
"LINESTRING (-0.103132 51.498744,-0.113936 51.500139", "From LSBU (Borough Road), Elephant & Castle to Lower Marsh, Waterloo"
"LINESTRING (-0.07962 51.503493,-0.113936 51.500139", "From Tooley Street, Bermondsey to Lower Marsh, Waterloo"
"LINESTRING (-0.114605 51.495656,-0.113936 51.500139", "From Sail Street, Vauxhall to Lower Marsh, Waterloo"
"LINESTRING (-0.125979 51.526357,-0.113936 51.500139", "From Cartwright Gardens , Bloomsbury to Lower Marsh, Waterloo"
"LINESTRING (-0.07962 51.503493,-0.113936 51.500139", "From Tooley Street, Bermondsey to Lower Marsh, Waterloo"
"LINESTRING (-0.121394 51.493699,-0.113936 51.500139", "From Fire Brigade Pier, Vauxhall to Lower Marsh, Waterloo"
"LINESTRING (-0.082422 51.516154,-0.113936 51.500139", "From Wormwood Street, Liverpool Street to Lower Marsh, Waterloo"
"LINESTRING (-0.1844 51.502042,-0.113936 51.500139", "From Palace Gate, Kensington Gardens to Lower Marsh, Waterloo"
"LINESTRING (-0.179854 51.501715,-0.150481 51.51217", "From Queen's Gate, Kensington Gardens to Grosvenor Square, Mayfair"
"LINESTRING (-0.132328 51.515631,-0.150481 51.51217", "From Soho Square , Soho to Grosvenor Square, Mayfair"
"LINESTRING (-0.200838 51.514311,-0.150481 51.51217", "From Turquoise Island, Notting Hill to Grosvenor Square, Mayfair"
"LINESTRING (-0.161113 51.522596,-0.150481 51.51217", "From Dorset Square, Marylebone to Grosvenor Square, Mayfair"
"LINESTRING (-0.190393 51.490163,-0.150481 51.51217", "From Bramham Gardens, Earl's Court to Grosvenor Square, Mayfair"
"LINESTRING (-0.125979 51.526357,-0.150481 51.51217", "From Cartwright Gardens , Bloomsbury to Grosvenor Square, Mayfair"
"LINESTRING (-0.192404 51.496481,-0.150481 51.51217", "From Marloes Road, Kensington to Grosvenor Square, Mayfair"
"LINESTRING (-0.099828 51.493146,-0.150481 51.51217", "From Strata, Elephant & Castle to Grosvenor Square, Mayfair"
"LINESTRING (-0.165164 51.514746,-0.150481 51.51217", "From Porchester Place, Paddington to Grosvenor Square, Mayfair"
"LINESTRING (-0.15352 51.503117,-0.150481 51.51217", "From Hyde Park Corner, Hyde Park to Grosvenor Square, Mayfair"
"LINESTRING (-0.174653 51.527294,-0.150481 51.51217", "From St. John's Wood Road, St. John's Wood to Grosvenor Square, Mayfair"
"LINESTRING (-0.13011 51.513527,-0.150481 51.51217", "From Moor Street, Soho to Grosvenor Square, Mayfair"
"LINESTRING (-0.137598 51.497698,-0.150481 51.51217", "From Kings Gate House, Westminster to Grosvenor Square, Mayfair"
"LINESTRING (-0.169774 51.519968,-0.150481 51.51217", "From Edgware Road Station, Marylebone to Grosvenor Square, Mayfair"
"LINESTRING (-0.17306 51.505014,-0.150481 51.51217", "From Serpentine Car Park, Hyde Park to Grosvenor Square, Mayfair"
"LINESTRING (-0.193487 51.513735,-0.150481 51.51217", "From Hereford Road, Bayswater to Grosvenor Square, Mayfair"
"LINESTRING (-0.17219 51.526448,-0.150481 51.51217", "From Lisson Grove, St. John's Wood to Grosvenor Square, Mayfair"
"LINESTRING (-0.13011 51.513527,-0.150481 51.51217", "From Moor Street, Soho to Grosvenor Square, Mayfair"
"LINESTRING (-0.216573 51.466907,-0.150481 51.51217", "From Putney Pier, Wandsworth to Grosvenor Square, Mayfair"
"LINESTRING (-0.197574 51.499606,-0.150481 51.51217", "From Phillimore Gardens, Kensington to Grosvenor Square, Mayfair"
"LINESTRING (-0.193764 51.508605,-0.150481 51.51217", "From Palace Gardens Terrace, Notting Hill to Grosvenor Square, Mayfair"
"LINESTRING (-0.205284 51.496712,-0.150481 51.51217", "From Warwick Road, Olympia to Grosvenor Square, Mayfair"
"LINESTRING (-0.17977 51.51348,-0.150481 51.51217", "From Devonshire Terrace, Bayswater to Grosvenor Square, Mayfair"
"LINESTRING (-0.188098 51.517919,-0.150481 51.51217", "From Gloucester Terrace, Bayswater to Grosvenor Square, Mayfair"
"LINESTRING (-0.207842 51.471079,-0.150481 51.51217", "From Elysium Place, Fulham to Grosvenor Square, Mayfair"
"LINESTRING (-0.075885 51.536585,-0.150481 51.51217", "From Dunston Road , Haggerston to Grosvenor Square, Mayfair"
"LINESTRING (-0.145211 51.520715,-0.150481 51.51217", "From Portland Place, Marylebone to Grosvenor Square, Mayfair"
"LINESTRING (-0.209494 51.498157,-0.150481 51.51217", "From Kensington Olympia Station, Olympia to Grosvenor Square, Mayfair"
"LINESTRING (-0.122219 51.51477,-0.150481 51.51217", "From Drury Lane, Covent Garden to Grosvenor Square, Mayfair"
"LINESTRING (-0.17219 51.526448,-0.150481 51.51217", "From Lisson Grove, St. John's Wood to Grosvenor Square, Mayfair"
"LINESTRING (-0.167894 51.493184,-0.150481 51.51217", "From Sloane Avenue, Knightsbridge to Grosvenor Square, Mayfair"
"LINESTRING (-0.193764 51.508605,-0.150481 51.51217", "From Palace Gardens Terrace, Notting Hill to Grosvenor Square, Mayfair"
"LINESTRING (-0.214428 51.486062,-0.150481 51.51217", "From Greyhound Road, Hammersmith to Grosvenor Square, Mayfair"
"LINESTRING (-0.187402 51.51031,-0.150481 51.51217", "From Queensway, Kensington Gardens to Grosvenor Square, Mayfair"
"LINESTRING (-0.183118 51.515607,-0.150481 51.51217", "From Cleveland Gardens, Bayswater to Grosvenor Square, Mayfair"
"LINESTRING (-0.108657 51.51795,-0.142783 51.51196", "From Holborn Circus, Holborn to St. George Street, Mayfair"
"LINESTRING (-0.151359 51.522008,-0.142783 51.51196", "From Beaumont Street, Marylebone to St. George Street, Mayfair"
"LINESTRING (-0.176267 51.472876,-0.142783 51.51196", "From Vicarage Crescent, Battersea to St. George Street, Mayfair"
"LINESTRING (-0.157275 51.510017,-0.142783 51.51196", "From Park Lane , Hyde Park to St. George Street, Mayfair"
"LINESTRING (-0.147449 51.509351,-0.142783 51.51196", "From Farm Street, Mayfair to St. George Street, Mayfair"
"LINESTRING (-0.157275 51.510017,-0.142783 51.51196", "From Park Lane , Hyde Park to St. George Street, Mayfair"
"LINESTRING (-0.123616 51.529943,-0.142783 51.51196", "From Belgrove Street , King's Cross to St. George Street, Mayfair"
"LINESTRING (-0.166304 51.525051,-0.142783 51.51196", "From Mallory Street, Marylebone to St. George Street, Mayfair"
"LINESTRING (-0.147301 51.514105,-0.142783 51.51196", "From Woodstock Street, Mayfair to St. George Street, Mayfair"
"LINESTRING (-0.202608 51.51632,-0.142783 51.51196", "From All Saints Church, Portobello to St. George Street, Mayfair"
"LINESTRING (-0.123616 51.529943,-0.142783 51.51196", "From Belgrove Street , King's Cross to St. George Street, Mayfair"
"LINESTRING (-0.133201 51.512515,-0.142783 51.51196", "From Wardour Street, Soho to St. George Street, Mayfair"
"LINESTRING (-0.138846 51.510048,-0.142783 51.51196", "From Sackville Street, Mayfair to St. George Street, Mayfair"
"LINESTRING (-0.13225 51.528833,-0.142783 51.51196", "From Doric Way , Somers Town to St. George Street, Mayfair"
"LINESTRING (-0.14326 51.541007,-0.142783 51.51196", "From Hawley Crescent, Camden Town to St. George Street, Mayfair"
"LINESTRING (-0.179135 51.516417,-0.142783 51.51196", "From Eastbourne Mews, Paddington to St. George Street, Mayfair"
"LINESTRING (-0.158105 51.494645,-0.142783 51.51196", "From Cadogan Place, Knightsbridge to St. George Street, Mayfair"
"LINESTRING (-0.138853 51.541603,-0.142783 51.51196", "From Bonny Street, Camden Town to St. George Street, Mayfair"
"LINESTRING (-0.198286 51.493724,-0.142783 51.51196", "From West Cromwell Road, Earl's Court to St. George Street, Mayfair"
"LINESTRING (-0.09644 51.507385,-0.142783 51.51196", "From New Globe Walk, Bankside to St. George Street, Mayfair"
"LINESTRING (-0.141327 51.520253,-0.142783 51.51196", "From Great Titchfield Street, Fitzrovia to St. George Street, Mayfair"
"LINESTRING (-0.137424 51.498865,-0.142783 51.51196", "From Buckingham Gate, Westminster to St. George Street, Mayfair"
"LINESTRING (-0.152248 51.467185,-0.142783 51.51196", "From Ashley Crescent, Battersea to St. George Street, Mayfair"
"LINESTRING (-0.183165 51.474665,-0.142783 51.51196", "From Imperial Wharf Station, Sands End to St. George Street, Mayfair"
"LINESTRING (-0.158249 51.516892,-0.142783 51.51196", "From George Place Mews, Marylebone to St. George Street, Mayfair"
"LINESTRING (-0.172528 51.533043,-0.142783 51.51196", "From Wellington Road, St. John's Wood to St. George Street, Mayfair"
"LINESTRING (-0.158264 51.514577,-0.142783 51.51196", "From Old Quebec Street, Marylebone to St. George Street, Mayfair"
"LINESTRING (-0.19701 51.473763,-0.142783 51.51196", "From Irene Road, Parsons Green to St. George Street, Mayfair"
"LINESTRING (-0.073438 51.51838,-0.142783 51.51196", "From Fashion Street, Whitechapel to St. George Street, Mayfair"
"LINESTRING (-0.138072 51.517344,-0.142783 51.51196", "From Wells Street, Fitzrovia to St. George Street, Mayfair"
"LINESTRING (-0.134407 51.526236,-0.142783 51.51196", "From Euston Road, Euston to St. George Street, Mayfair"
"LINESTRING (-0.145904 51.507069,-0.142783 51.51196", "From Curzon Street, Mayfair to St. George Street, Mayfair"
"LINESTRING (-0.166304 51.525051,-0.142783 51.51196", "From Mallory Street, Marylebone to St. George Street, Mayfair"
"LINESTRING (-0.149569 51.50274,-0.142783 51.51196", "From Wellington Arch, Hyde Park to St. George Street, Mayfair"
"LINESTRING (-0.06142 51.532091,-0.142783 51.51196", "From Pritchard's Road, Bethnal Green to St. George Street, Mayfair"
"LINESTRING (-0.112824 51.503791,-0.142783 51.51196", "From Waterloo Station 3, Waterloo to St. George Street, Mayfair"
"LINESTRING (-0.131773 51.506633,-0.142783 51.51196", "From Waterloo Place, St. James's to St. George Street, Mayfair"
"LINESTRING (-0.138853 51.541603,-0.142783 51.51196", "From Bonny Street, Camden Town to St. George Street, Mayfair"
"LINESTRING (-0.109006 51.521661,-0.142783 51.51196", "From Hatton Wall, Holborn to St. George Street, Mayfair"
"LINESTRING (-0.139016 51.520994,-0.142783 51.51196", "From Howland Street, Fitzrovia to St. George Street, Mayfair"
"LINESTRING (-0.142943 51.496863,-0.142783 51.51196", "From Allington Street, Victoria to St. George Street, Mayfair"
"LINESTRING (-0.15352 51.503117,-0.179854 51.501715", "From Hyde Park Corner, Hyde Park to Queen's Gate, Kensington Gardens"
"LINESTRING (-0.194757 51.493343,-0.179854 51.501715", "From Nevern Place, Earl's Court to Queen's Gate, Kensington Gardens"
"LINESTRING (-0.174554 51.499917,-0.179854 51.501715", "From Exhibition Road, Knightsbridge to Queen's Gate, Kensington Gardens"
"LINESTRING (-0.157275 51.510017,-0.179854 51.501715", "From Park Lane , Hyde Park to Queen's Gate, Kensington Gardens"
"LINESTRING (-0.179854 51.501715,-0.179854 51.501715", "From Queen's Gate, Kensington Gardens to Queen's Gate, Kensington Gardens"
"LINESTRING (-0.141923 51.489856,-0.179854 51.501715", "From Warwick Square, Pimlico to Queen's Gate, Kensington Gardens"
"LINESTRING (-0.173881 51.494412,-0.179854 51.501715", "From South Kensington Station, South Kensington to Queen's Gate, Kensington Gardens"
"LINESTRING (-0.157275 51.510017,-0.179854 51.501715", "From Park Lane , Hyde Park to Queen's Gate, Kensington Gardens"
"LINESTRING (-0.179854 51.501715,-0.179854 51.501715", "From Queen's Gate, Kensington Gardens to Queen's Gate, Kensington Gardens"
"LINESTRING (-0.105344 51.515059,-0.179854 51.501715", "From St. Bride Street, Holborn to Queen's Gate, Kensington Gardens"
"LINESTRING (-0.19096 51.51244,-0.179854 51.501715", "From Ilchester Gardens, Bayswater to Queen's Gate, Kensington Gardens"
"LINESTRING (-0.205991 51.501391,-0.179854 51.501715", "From Abbotsbury Road, Holland Park to Queen's Gate, Kensington Gardens"
"LINESTRING (-0.157275 51.510017,-0.179854 51.501715", "From Park Lane , Hyde Park to Queen's Gate, Kensington Gardens"
"LINESTRING (-0.174554 51.499917,-0.179854 51.501715", "From Exhibition Road, Knightsbridge to Queen's Gate, Kensington Gardens"
"LINESTRING (-0.179854 51.501715,-0.179854 51.501715", "From Queen's Gate, Kensington Gardens to Queen's Gate, Kensington Gardens"
"LINESTRING (-0.149569 51.50274,-0.179854 51.501715", "From Wellington Arch, Hyde Park to Queen's Gate, Kensington Gardens"
"LINESTRING (-0.15352 51.503117,-0.179854 51.501715", "From Hyde Park Corner, Hyde Park to Queen's Gate, Kensington Gardens"
"LINESTRING (-0.15352 51.503117,-0.179854 51.501715", "From Hyde Park Corner, Hyde Park to Queen's Gate, Kensington Gardens"
"LINESTRING (-0.157275 51.510017,-0.179854 51.501715", "From Park Lane , Hyde Park to Queen's Gate, Kensington Gardens"
"LINESTRING (-0.151359 51.522008,-0.179854 51.501715", "From Beaumont Street, Marylebone to Queen's Gate, Kensington Gardens"
"LINESTRING (-0.129698 51.500703,-0.179854 51.501715", "From Storey's Gate, Westminster to Queen's Gate, Kensington Gardens"
"LINESTRING (-0.149569 51.50274,-0.179854 51.501715", "From Wellington Arch, Hyde Park to Queen's Gate, Kensington Gardens"
"LINESTRING (-0.149569 51.50274,-0.179854 51.501715", "From Wellington Arch, Hyde Park to Queen's Gate, Kensington Gardens"
"LINESTRING (-0.170279 51.506451,-0.179854 51.501715", "From Triangle Car Park, Hyde Park to Queen's Gate, Kensington Gardens"
"LINESTRING (-0.178433 51.492479,-0.179854 51.501715", "From Queen's Gate (South), South Kensington to Queen's Gate, Kensington Gardens"
"LINESTRING (-0.09294 51.51397,-0.179854 51.501715", "From Cheapside, Bank to Queen's Gate, Kensington Gardens"
"LINESTRING (-0.18377 51.5171,-0.179854 51.501715", "From Bishop's Bridge Road East, Bayswater to Queen's Gate, Kensington Gardens"
"LINESTRING (-0.130699 51.50777,-0.179854 51.501715", "From Pall Mall East, West End to Queen's Gate, Kensington Gardens"
"LINESTRING (-0.174554 51.499917,-0.179854 51.501715", "From Exhibition Road, Knightsbridge to Queen's Gate, Kensington Gardens"
"LINESTRING (-0.236769 51.494223,-0.179854 51.501715", "From Ravenscourt Park Station, Hammersmith to Queen's Gate, Kensington Gardens"
"LINESTRING (-0.149186 51.490491,-0.179854 51.501715", "From Ebury Bridge, Pimlico to Queen's Gate, Kensington Gardens"
"LINESTRING (-0.124121 51.523418,-0.179854 51.501715", "From Russell Square Station, Bloomsbury to Queen's Gate, Kensington Gardens"
"LINESTRING (-0.149569 51.50274,-0.179854 51.501715", "From Wellington Arch, Hyde Park to Queen's Gate, Kensington Gardens"
"LINESTRING (-0.18377 51.5171,-0.179854 51.501715", "From Bishop's Bridge Road East, Bayswater to Queen's Gate, Kensington Gardens"
"LINESTRING (-0.194757 51.493343,-0.179854 51.501715", "From Nevern Place, Earl's Court to Queen's Gate, Kensington Gardens"
"LINESTRING (-0.174554 51.499917,-0.179854 51.501715", "From Exhibition Road, Knightsbridge to Queen's Gate, Kensington Gardens"
"LINESTRING (-0.179369 51.487196,-0.179854 51.501715", "From Drayton Gardens, West Chelsea to Queen's Gate, Kensington Gardens"
"LINESTRING (-0.15352 51.503117,-0.179854 51.501715", "From Hyde Park Corner, Hyde Park to Queen's Gate, Kensington Gardens"
"LINESTRING (-0.158456 51.502953,-0.179854 51.501715", "From Albert Gate, Hyde Park to Queen's Gate, Kensington Gardens"
"LINESTRING (-0.125972 51.49764,-0.179854 51.501715", "From Abingdon Green, Westminster to Queen's Gate, Kensington Gardens"
"LINESTRING (-0.124121 51.523418,-0.179854 51.501715", "From Russell Square Station, Bloomsbury to Queen's Gate, Kensington Gardens"
"LINESTRING (-0.162298 51.522511,-0.179854 51.501715", "From Boston Place, Marylebone to Queen's Gate, Kensington Gardens"
"LINESTRING (-0.142844 51.506613,-0.179854 51.501715", "From Green Park Station, Mayfair to Queen's Gate, Kensington Gardens"
"LINESTRING (-0.172528 51.533043,-0.179854 51.501715", "From Wellington Road, St. John's Wood to Queen's Gate, Kensington Gardens"
"LINESTRING (-0.130699 51.50777,-0.179854 51.501715", "From Pall Mall East, West End to Queen's Gate, Kensington Gardens"
"LINESTRING (-0.170279 51.506451,-0.179854 51.501715", "From Triangle Car Park, Hyde Park to Queen's Gate, Kensington Gardens"
"LINESTRING (-0.236769 51.494223,-0.179854 51.501715", "From Ravenscourt Park Station, Hammersmith to Queen's Gate, Kensington Gardens"
"LINESTRING (-0.149569 51.50274,-0.179854 51.501715", "From Wellington Arch, Hyde Park to Queen's Gate, Kensington Gardens"
"LINESTRING (-0.160854 51.535892,-0.179854 51.501715", "From Prince Albert Road, The Regent's Park to Queen's Gate, Kensington Gardens"
"LINESTRING (-0.174411 51.511933,-0.179854 51.501715", "From Bayswater Road, Hyde Park to Queen's Gate, Kensington Gardens"
"LINESTRING (-0.179854 51.501715,-0.179854 51.501715", "From Queen's Gate, Kensington Gardens to Queen's Gate, Kensington Gardens"
"LINESTRING (-0.179854 51.501715,-0.179854 51.501715", "From Queen's Gate, Kensington Gardens to Queen's Gate, Kensington Gardens"
"LINESTRING (-0.225787 51.514767,-0.179854 51.501715", "From BBC White City, White City to Queen's Gate, Kensington Gardens"
"LINESTRING (-0.058005 51.527152,-0.097122 51.529423", "From Pott Street, Bethnal Green to Macclesfield Rd, St Lukes"
"LINESTRING (-0.123616 51.529943,-0.097122 51.529423", "From Belgrove Street , King's Cross to Macclesfield Rd, St Lukes"
"LINESTRING (-0.086685 51.517075,-0.097122 51.529423", "From Finsbury Circus, Liverpool Street to Macclesfield Rd, St Lukes"
"LINESTRING (-0.088285 51.519069,-0.097122 51.529423", "From Moorfields, Moorgate to Macclesfield Rd, St Lukes"
"LINESTRING (-0.131213 51.513103,-0.097122 51.529423", "From Frith Street, Soho to Macclesfield Rd, St Lukes"
"LINESTRING (-0.058826 51.54119,-0.097122 51.529423", "From London Fields, Hackney Central to Macclesfield Rd, St Lukes"
"LINESTRING (-0.160854 51.535892,-0.097122 51.529423", "From Prince Albert Road, The Regent's Park to Macclesfield Rd, St Lukes"
"LINESTRING (-0.089887 51.520858,-0.097122 51.529423", "From Bunhill Row, Moorgate to Macclesfield Rd, St Lukes"
"LINESTRING (-0.112824 51.503791,-0.097122 51.529423", "From Waterloo Station 3, Waterloo to Macclesfield Rd, St Lukes"
"LINESTRING (-0.096496 51.517821,-0.097122 51.529423", "From Museum of London, Barbican to Macclesfield Rd, St Lukes"
"LINESTRING (-0.089887 51.520858,-0.097122 51.529423", "From Bunhill Row, Moorgate to Macclesfield Rd, St Lukes"
"LINESTRING (-0.087262 51.506304,-0.097122 51.529423", "From Duke Street Hill, London Bridge to Macclesfield Rd, St Lukes"
"LINESTRING (-0.116764 51.51362,-0.097122 51.529423", "From Houghton Street, Strand to Macclesfield Rd, St Lukes"
"LINESTRING (-0.079249 51.518908,-0.097122 51.529423", "From Brushfield Street, Liverpool Street to Macclesfield Rd, St Lukes"
"LINESTRING (-0.060291 51.535716,-0.097122 51.529423", "From Ada Street, Hackney Central to Macclesfield Rd, St Lukes"
"LINESTRING (-0.058826 51.54119,-0.097122 51.529423", "From London Fields, Hackney Central to Macclesfield Rd, St Lukes"
"LINESTRING (-0.137598 51.497698,-0.097122 51.529423", "From Kings Gate House, Westminster to Macclesfield Rd, St Lukes"
"LINESTRING (-0.093051 51.511246,-0.097122 51.529423", "From Queen Street 2, Bank to Macclesfield Rd, St Lukes"
"LINESTRING (-0.097122 51.529423,-0.097122 51.529423", "From Macclesfield Rd, St Lukes to Macclesfield Rd, St Lukes"
"LINESTRING (-0.124121 51.523418,-0.097122 51.529423", "From Russell Square Station, Bloomsbury to Macclesfield Rd, St Lukes"
"LINESTRING (-0.138853 51.541603,-0.097122 51.529423", "From Bonny Street, Camden Town to Macclesfield Rd, St Lukes"
"LINESTRING (-0.056667 51.511542,-0.097122 51.529423", "From Watney Street, Shadwell to Macclesfield Rd, St Lukes"
"LINESTRING (-0.129697 51.509087,-0.097122 51.529423", "From St. Martin's Street, West End to Macclesfield Rd, St Lukes"
"LINESTRING (-0.104708 51.52326,-0.097122 51.529423", "From Clerkenwell Green, Clerkenwell to Macclesfield Rd, St Lukes"
"LINESTRING (-0.138019 51.524438,-0.097122 51.529423", "From Warren Street Station, Euston to Macclesfield Rd, St Lukes"
"LINESTRING (-0.113001 51.50486,-0.097122 51.529423", "From Waterloo Road, South Bank to Macclesfield Rd, St Lukes"
"LINESTRING (-0.089887 51.520858,-0.097122 51.529423", "From Bunhill Row, Moorgate to Macclesfield Rd, St Lukes"
"LINESTRING (-0.125972 51.49764,-0.097122 51.529423", "From Abingdon Green, Westminster to Macclesfield Rd, St Lukes"
"LINESTRING (-0.082422 51.516154,-0.097122 51.529423", "From Wormwood Street, Liverpool Street to Macclesfield Rd, St Lukes"
"LINESTRING (-0.089659 51.52548,-0.097122 51.529423", "From Old Street Station, St. Luke's to Macclesfield Rd, St Lukes"
"LINESTRING (-0.106992 51.534504,-0.097122 51.529423", "From Liverpool Road (N1 Centre), Angel to Macclesfield Rd, St Lukes"
"LINESTRING (-0.083353 51.529537,-0.097122 51.529423", "From Fanshaw Street, Hoxton to Macclesfield Rd, St Lukes"
"LINESTRING (-0.073438 51.51838,-0.097122 51.529423", "From Fashion Street, Whitechapel to Macclesfield Rd, St Lukes"
"LINESTRING (-0.101026 51.528246,-0.097122 51.529423", "From Goswell Road (City Uni), Finsbury to Macclesfield Rd, St Lukes"
"LINESTRING (-0.090847 51.525893,-0.097122 51.529423", "From Bath Street, St. Luke's to Macclesfield Rd, St Lukes"
"LINESTRING (-0.130431 51.52168,-0.097122 51.529423", "From Malet Street, Bloomsbury to Macclesfield Rd, St Lukes"
"LINESTRING (-0.099981 51.532661,-0.097122 51.529423", "From Graham Street, Angel to Macclesfield Rd, St Lukes"
"LINESTRING (-0.116493 51.477839,-0.116625 51.486965", "From Caldwell Street, Stockwell to Vauxhall Street, Vauxhall"
"LINESTRING (-0.087587 51.514441,-0.116625 51.486965", "From Bank of England Museum, Bank to Vauxhall Street, Vauxhall"
"LINESTRING (-0.115851 51.505044,-0.116625 51.486965", "From Concert Hall Approach 1, South Bank to Vauxhall Street, Vauxhall"
"LINESTRING (-0.179038 51.479573,-0.116625 51.486965", "From Lots Road, West Chelsea to Vauxhall Street, Vauxhall"
"LINESTRING (-0.170194 51.489716,-0.116625 51.486965", "From St. Luke's Church, Chelsea to Vauxhall Street, Vauxhall"
"LINESTRING (-0.107987 51.517428,-0.116625 51.486965", "From New Fetter Lane, Holborn to Vauxhall Street, Vauxhall"
"LINESTRING (-0.102757 51.536384,-0.116625 51.486965", "From Islington Green, Angel to Vauxhall Street, Vauxhall"
"LINESTRING (-0.107349 51.511891,-0.116625 51.486965", "From Tallis Street, Temple to Vauxhall Street, Vauxhall"
"LINESTRING (-0.142844 51.506613,-0.116625 51.486965", "From Green Park Station, Mayfair to Vauxhall Street, Vauxhall"
"LINESTRING (-0.106323 51.490757,-0.116625 51.486965", "From Cotton Garden Estate, Kennington to Vauxhall Street, Vauxhall"
"LINESTRING (-0.124642 51.481747,-0.116625 51.486965", "From South Lambeth Road, Vauxhall to Vauxhall Street, Vauxhall"
"LINESTRING (-0.138733 51.496753,-0.116625 51.486965", "From Howick Place, Westminster to Vauxhall Street, Vauxhall"
"LINESTRING (-0.112686 51.469217,-0.116625 51.486965", "From Wynne Road, Stockwell to Vauxhall Street, Vauxhall"
"LINESTRING (-0.139221 51.461388,-0.116625 51.486965", "From Clapham Common Station, Clapham Common to Vauxhall Street, Vauxhall"
"LINESTRING (-0.138733 51.496753,-0.116625 51.486965", "From Howick Place, Westminster to Vauxhall Street, Vauxhall"
"LINESTRING (-0.142943 51.496863,-0.116625 51.486965", "From Allington Street, Victoria to Vauxhall Street, Vauxhall"
"LINESTRING (-0.138364 51.492111,-0.116625 51.486965", "From Tachbrook Street, Victoria to Vauxhall Street, Vauxhall"
"LINESTRING (-0.140741 51.488057,-0.116625 51.486965", "From Alderney Street, Pimlico to Vauxhall Street, Vauxhall"
"LINESTRING (-0.124642 51.481747,-0.116625 51.486965", "From South Lambeth Road, Vauxhall to Vauxhall Street, Vauxhall"
"LINESTRING (-0.099828 51.493146,-0.116625 51.486965", "From Strata, Elephant & Castle to Vauxhall Street, Vauxhall"
"LINESTRING (-0.126874 51.47787,-0.116625 51.486965", "From Hartington Road, Stockwell to Vauxhall Street, Vauxhall"
"LINESTRING (-0.099828 51.493146,-0.116625 51.486965", "From Strata, Elephant & Castle to Vauxhall Street, Vauxhall"
"LINESTRING (-0.106823 51.508033,-0.116625 51.486965", "From Sea Containers, South Bank to Vauxhall Street, Vauxhall"
"LINESTRING (-0.111471 51.479601,-0.116625 51.486965", "From Cranmer Road, Stockwell to Vauxhall Street, Vauxhall"
"LINESTRING (-0.124469 51.485917,-0.116625 51.486965", "From Vauxhall Cross, Vauxhall to Vauxhall Street, Vauxhall"
"LINESTRING (-0.114934 51.49288,-0.116625 51.486965", "From Lollard Street, Vauxhall to Vauxhall Street, Vauxhall"
"LINESTRING (-0.105312 51.504043,-0.116625 51.486965", "From Southwark Station 1, Southwark to Vauxhall Street, Vauxhall"
"LINESTRING (-0.132845 51.489975,-0.116625 51.486965", "From Rampayne Street, Pimlico to Vauxhall Street, Vauxhall"
"LINESTRING (-0.124469 51.485917,-0.116625 51.486965", "From Vauxhall Cross, Vauxhall to Vauxhall Street, Vauxhall"
"LINESTRING (-0.124469 51.485917,-0.116625 51.486965", "From Vauxhall Cross, Vauxhall to Vauxhall Street, Vauxhall"
"LINESTRING (-0.147154 51.537349,-0.116625 51.486965", "From Gloucester Avenue, Camden Town to Vauxhall Street, Vauxhall"
"LINESTRING (-0.113134 51.483145,-0.116625 51.486965", "From Kennington Oval, Oval to Vauxhall Street, Vauxhall"
"LINESTRING (-0.123702 51.506767,-0.116625 51.486965", "From Northumberland Avenue, Strand to Vauxhall Street, Vauxhall"
"LINESTRING (-0.100292 51.501732,-0.134234 51.494591", "From Great Suffolk Street, The Borough to Greycoat Street , Westminster"
"LINESTRING (-0.105344 51.515059,-0.134234 51.494591", "From St. Bride Street, Holborn to Greycoat Street , Westminster"
"LINESTRING (-0.140947 51.49616,-0.134234 51.494591", "From Ashley Place, Victoria to Greycoat Street , Westminster"
"LINESTRING (-0.113426 51.503919,-0.134234 51.494591", "From Waterloo Station 2, Waterloo to Greycoat Street , Westminster"
"LINESTRING (-0.136928 51.493985,-0.134234 51.494591", "From Vincent Square, Westminster to Greycoat Street , Westminster"
"LINESTRING (-0.158105 51.494645,-0.134234 51.494591", "From Cadogan Place, Knightsbridge to Greycoat Street , Westminster"
"LINESTRING (-0.124749 51.509462,-0.134234 51.494591", "From William IV Street, Strand to Greycoat Street , Westminster"
"LINESTRING (-0.16716 51.47518,-0.134234 51.494591", "From Surrey Lane, Battersea to Greycoat Street , Westminster"
"LINESTRING (-0.117619 51.509943,-0.134234 51.494591", "From Somerset House, Strand to Greycoat Street , Westminster"
"LINESTRING (-0.169774 51.519968,-0.134234 51.494591", "From Edgware Road Station, Marylebone to Greycoat Street , Westminster"
"LINESTRING (-0.112753 51.51501,-0.134234 51.494591", "From Carey Street, Holborn to Greycoat Street , Westminster"
"LINESTRING (-0.069543 51.525645,-0.134234 51.494591", "From Granby Street, Shoreditch to Greycoat Street , Westminster"
"LINESTRING (-0.086379 51.534042,-0.123702 51.506767", "From Shoreditch Park, Hoxton to Northumberland Avenue, Strand"
"LINESTRING (-0.185273 51.481765,-0.123702 51.506767", "From Hortensia Road, West Brompton to Northumberland Avenue, Strand"
"LINESTRING (-0.150666 51.506864,-0.123702 51.506767", "From Stanhope Gate, Mayfair to Northumberland Avenue, Strand"
"LINESTRING (-0.129698 51.500703,-0.123702 51.506767", "From Storey's Gate, Westminster to Northumberland Avenue, Strand"
"LINESTRING (-0.183846 51.523344,-0.123702 51.506767", "From Warwick Avenue Station, Maida Vale to Northumberland Avenue, Strand"
"LINESTRING (-0.144228 51.518117,-0.123702 51.506767", "From Broadcasting House, Marylebone to Northumberland Avenue, Strand"
"LINESTRING (-0.132224 51.49206,-0.123702 51.506767", "From Regency Street, Westminster to Northumberland Avenue, Strand"
"LINESTRING (-0.102091 51.500693,-0.123702 51.506767", "From Webber Street , Southwark to Northumberland Avenue, Strand"
"LINESTRING (-0.124469 51.485917,-0.123702 51.506767", "From Vauxhall Cross, Vauxhall to Northumberland Avenue, Strand"
"LINESTRING (-0.096518 51.491327,-0.123702 51.506767", "From Walworth Square, Walworth to Northumberland Avenue, Strand"
"LINESTRING (-0.13214 51.519572,-0.123702 51.506767", "From Store Street, Bloomsbury to Northumberland Avenue, Strand"
"LINESTRING (-0.132328 51.515631,-0.123702 51.506767", "From Soho Square , Soho to Northumberland Avenue, Strand"
"LINESTRING (-0.123702 51.506767,-0.123702 51.506767", "From Northumberland Avenue, Strand to Northumberland Avenue, Strand"
"LINESTRING (-0.147857 51.477966,-0.123702 51.506767", "From Gas Holders, Battersea Park to Northumberland Avenue, Strand"
"LINESTRING (-0.092921 51.494436,-0.123702 51.506767", "From New Kent Road, The Borough to Northumberland Avenue, Strand"
"LINESTRING (-0.183846 51.523344,-0.123702 51.506767", "From Warwick Avenue Station, Maida Vale to Northumberland Avenue, Strand"
"LINESTRING (-0.149569 51.50274,-0.123702 51.506767", "From Wellington Arch, Hyde Park to Northumberland Avenue, Strand"
"LINESTRING (-0.123702 51.506767,-0.123702 51.506767", "From Northumberland Avenue, Strand to Northumberland Avenue, Strand"
"LINESTRING (-0.124749 51.509462,-0.123702 51.506767", "From William IV Street, Strand to Northumberland Avenue, Strand"
"LINESTRING (-0.162298 51.522511,-0.123702 51.506767", "From Boston Place, Marylebone to Northumberland Avenue, Strand"
"LINESTRING (-0.123702 51.506767,-0.123702 51.506767", "From Northumberland Avenue, Strand to Northumberland Avenue, Strand"
"LINESTRING (-0.167029 51.460333,-0.139221 51.461388", "From Abyssinia Close, Clapham Junction to Clapham Common Station, Clapham Common"
"LINESTRING (-0.124469 51.485917,-0.139221 51.461388", "From Vauxhall Cross, Vauxhall to Clapham Common Station, Clapham Common"
"LINESTRING (-0.147857 51.477966,-0.139221 51.461388", "From Gas Holders, Battersea Park to Clapham Common Station, Clapham Common"
"LINESTRING (-0.159322 51.461343,-0.139221 51.461388", "From Clapham Common North Side, Clapham Common to Clapham Common Station, Clapham Common"
"LINESTRING (-0.16375 51.465064,-0.139221 51.461388", "From Dorothy Road, Clapham Junction to Clapham Common Station, Clapham Common"
"LINESTRING (-0.101536 51.49217,-0.139221 51.461388", "From Hampton Street, Walworth to Clapham Common Station, Clapham Common"
"LINESTRING (-0.174691 51.45787,-0.139221 51.461388", "From Spencer Park, Wandsworth Common to Clapham Common Station, Clapham Common"
"LINESTRING (-0.122492 51.486343,-0.139221 51.461388", "From Kennington Lane Rail Bridge, Vauxhall to Clapham Common Station, Clapham Common"
"LINESTRING (-0.168292 51.462392,-0.139221 51.461388", "From St. John's Road, Clapham Junction to Clapham Common Station, Clapham Common"
"LINESTRING (-0.16375 51.465064,-0.139221 51.461388", "From Dorothy Road, Clapham Junction to Clapham Common Station, Clapham Common"
"LINESTRING (-0.138212 51.481335,-0.139221 51.461388", "From Riverlight South, Nine Elms to Clapham Common Station, Clapham Common"
"LINESTRING (-0.164786 51.477292,-0.139221 51.461388", "From Ethelburga Estate, Battersea Park to Clapham Common Station, Clapham Common"
"LINESTRING (-0.130908 51.464995,-0.139221 51.461388", "From Gauden Road, Clapham to Clapham Common Station, Clapham Common"
"LINESTRING (-0.175407 51.462305,-0.139221 51.461388", "From Plough Terrace, Clapham Junction to Clapham Common Station, Clapham Common"
"LINESTRING (-0.159322 51.461343,-0.139221 51.461388", "From Clapham Common North Side, Clapham Common to Clapham Common Station, Clapham Common"
"LINESTRING (-0.215618 51.464786,-0.139221 51.461388", "From Felsham Road, Putney to Clapham Common Station, Clapham Common"
"LINESTRING (-0.147804 51.461376,-0.139221 51.461388", "From Victoria Rise, Clapham Common to Clapham Common Station, Clapham Common"
"LINESTRING (-0.08497 51.50964,-0.139221 51.461388", "From Monument Street, Monument to Clapham Common Station, Clapham Common"
"LINESTRING (-0.157788 51.465123,-0.139221 51.461388", "From Sugden Road, Clapham to Clapham Common Station, Clapham Common"
"LINESTRING (-0.157788 51.465123,-0.139221 51.461388", "From Sugden Road, Clapham to Clapham Common Station, Clapham Common"
"LINESTRING (-0.190346 51.46822,-0.139221 51.461388", "From Stephendale Road, Sands End to Clapham Common Station, Clapham Common"
"LINESTRING (-0.099828 51.493146,-0.139221 51.461388", "From Strata, Elephant & Castle to Clapham Common Station, Clapham Common"
"LINESTRING (-0.159322 51.461343,-0.139221 51.461388", "From Clapham Common North Side, Clapham Common to Clapham Common Station, Clapham Common"
"LINESTRING (-0.110683 51.484788,-0.139221 51.461388", "From Kennington Road Post Office, Oval to Clapham Common Station, Clapham Common"
"LINESTRING (-0.190346 51.46822,-0.139221 51.461388", "From Stephendale Road, Sands End to Clapham Common Station, Clapham Common"
"LINESTRING (-0.147804 51.461376,-0.139221 51.461388", "From Victoria Rise, Clapham Common to Clapham Common Station, Clapham Common"
"LINESTRING (-0.104947 51.516785,-0.139221 51.461388", "From Farringdon Street, Holborn to Clapham Common Station, Clapham Common"
"LINESTRING (-0.16375 51.465064,-0.139221 51.461388", "From Dorothy Road, Clapham Junction to Clapham Common Station, Clapham Common"
"LINESTRING (-0.168292 51.462392,-0.139221 51.461388", "From St. John's Road, Clapham Junction to Clapham Common Station, Clapham Common"
"LINESTRING (-0.087587 51.514441,-0.139221 51.461388", "From Bank of England Museum, Bank to Clapham Common Station, Clapham Common"
"LINESTRING (-0.159322 51.461343,-0.139221 51.461388", "From Clapham Common North Side, Clapham Common to Clapham Common Station, Clapham Common"
"LINESTRING (-0.179369 51.487196,-0.139221 51.461388", "From Drayton Gardens, West Chelsea to Clapham Common Station, Clapham Common"
"LINESTRING (-0.159322 51.461343,-0.139221 51.461388", "From Clapham Common North Side, Clapham Common to Clapham Common Station, Clapham Common"
"LINESTRING (-0.115781 51.464019,-0.139221 51.461388", "From Ferndale Road, Brixton to Clapham Common Station, Clapham Common"
"LINESTRING (-0.195197 51.454752,-0.139221 51.461388", "From Neville Gill Close, Wandsworth to Clapham Common Station, Clapham Common"
"LINESTRING (-0.159322 51.461343,-0.139221 51.461388", "From Clapham Common North Side, Clapham Common to Clapham Common Station, Clapham Common"
"LINESTRING (-0.170983 51.486892,-0.139221 51.461388", "From Manresa Road, Chelsea to Clapham Common Station, Clapham Common"
"LINESTRING (-0.174691 51.45787,-0.139221 51.461388", "From Spencer Park, Wandsworth Common to Clapham Common Station, Clapham Common"
"LINESTRING (-0.106237 51.507244,-0.139221 51.461388", "From Milroy Walk, South Bank to Clapham Common Station, Clapham Common"
"LINESTRING (-0.152248 51.467185,-0.139221 51.461388", "From Ashley Crescent, Battersea to Clapham Common Station, Clapham Common"
"LINESTRING (-0.159322 51.461343,-0.139221 51.461388", "From Clapham Common North Side, Clapham Common to Clapham Common Station, Clapham Common"
"LINESTRING (-0.166878 51.488023,-0.139221 51.461388", "From Flood Street, Chelsea to Clapham Common Station, Clapham Common"
"LINESTRING (-0.21555 51.463211,-0.139221 51.461388", "From Montserrat Road , Putney to Clapham Common Station, Clapham Common"
"LINESTRING (-0.11655 51.51824,-0.139221 51.461388", "From Red Lion Street, Holborn to Clapham Common Station, Clapham Common"
"LINESTRING (-0.190346 51.46822,-0.139221 51.461388", "From Stephendale Road, Sands End to Clapham Common Station, Clapham Common"
"LINESTRING (-0.159322 51.461343,-0.139221 51.461388", "From Clapham Common North Side, Clapham Common to Clapham Common Station, Clapham Common"
"LINESTRING (-0.192165 51.457529,-0.139221 51.461388", "From Ram Street, Wandsworth to Clapham Common Station, Clapham Common"
"LINESTRING (-0.173881 51.494412,-0.173881 51.494412", "From South Kensington Station, South Kensington to South Kensington Station, South Kensington"
"LINESTRING (-0.18267 51.494185,-0.173881 51.494412", "From Gloucester Road Station, South Kensington to South Kensington Station, South Kensington"
"LINESTRING (-0.155442 51.474376,-0.173881 51.494412", "From Austin Road, Battersea Park to South Kensington Station, South Kensington"
"LINESTRING (-0.1844 51.502042,-0.173881 51.494412", "From Palace Gate, Kensington Gardens to South Kensington Station, South Kensington"
"LINESTRING (-0.174554 51.499917,-0.173881 51.494412", "From Exhibition Road, Knightsbridge to South Kensington Station, South Kensington"
"LINESTRING (-0.202038 51.48357,-0.173881 51.494412", "From Coomer Place, West Kensington to South Kensington Station, South Kensington"
"LINESTRING (-0.164393 51.516517,-0.173881 51.494412", "From Nutford Place, Marylebone to South Kensington Station, South Kensington"
"LINESTRING (-0.170329 51.477684,-0.173881 51.494412", "From Westbridge Road, Battersea to South Kensington Station, South Kensington"
"LINESTRING (-0.21186 51.483217,-0.173881 51.494412", "From Humbolt Road, Fulham to South Kensington Station, South Kensington"
"LINESTRING (-0.165164 51.514746,-0.173881 51.494412", "From Porchester Place, Paddington to South Kensington Station, South Kensington"
"LINESTRING (-0.155442 51.474376,-0.173881 51.494412", "From Austin Road, Battersea Park to South Kensington Station, South Kensington"
"LINESTRING (-0.197524 51.511084,-0.173881 51.494412", "From Pembridge Villas, Notting Hill to South Kensington Station, South Kensington"
"LINESTRING (-0.164393 51.516517,-0.173881 51.494412", "From Nutford Place, Marylebone to South Kensington Station, South Kensington"
"LINESTRING (-0.170194 51.489716,-0.173881 51.494412", "From St. Luke's Church, Chelsea to South Kensington Station, South Kensington"
"LINESTRING (-0.179854 51.501715,-0.173881 51.494412", "From Queen's Gate, Kensington Gardens to South Kensington Station, South Kensington"
"LINESTRING (-0.183289 51.496462,-0.173881 51.494412", "From Gloucester Road (Central), South Kensington to South Kensington Station, South Kensington"
"LINESTRING (-0.167894 51.493184,-0.173881 51.494412", "From Sloane Avenue, Knightsbridge to South Kensington Station, South Kensington"
"LINESTRING (-0.153933 51.494561,-0.173881 51.494412", "From Eaton Square (South), Belgravia to South Kensington Station, South Kensington"
"LINESTRING (-0.157275 51.510017,-0.173881 51.494412", "From Park Lane , Hyde Park to South Kensington Station, South Kensington"
"LINESTRING (-0.164207 51.517372,-0.173881 51.494412", "From Harrowby Street, Marylebone to South Kensington Station, South Kensington"
"LINESTRING (-0.173693 51.495948,-0.173881 51.494412", "From Exhibition Road Museums 2, South Kensington to South Kensington Station, South Kensington"
"LINESTRING (-0.167894 51.493184,-0.173881 51.494412", "From Sloane Avenue, Knightsbridge to South Kensington Station, South Kensington"
"LINESTRING (-0.192369 51.491593,-0.173881 51.494412", "From Penywern Road, Earl's Court to South Kensington Station, South Kensington"
"LINESTRING (-0.183853 51.480898,-0.173881 51.494412", "From Thorndike Close, West Chelsea to South Kensington Station, South Kensington"
"LINESTRING (-0.187404 51.487958,-0.173881 51.494412", "From Harcourt Terrace, West Brompton to South Kensington Station, South Kensington"
"LINESTRING (-0.174554 51.499917,-0.173881 51.494412", "From Exhibition Road, Knightsbridge to South Kensington Station, South Kensington"
"LINESTRING (-0.186753 51.491615,-0.173881 51.494412", "From Collingham Gardens, Earl's Court to South Kensington Station, South Kensington"
"LINESTRING (-0.209973 51.481021,-0.173881 51.494412", "From Aintree Street, Fulham to South Kensington Station, South Kensington"
"LINESTRING (-0.170194 51.489716,-0.173881 51.494412", "From St. Luke's Church, Chelsea to South Kensington Station, South Kensington"
"LINESTRING (-0.158963 51.524517,-0.173881 51.494412", "From Park Road (Baker Street), The Regent's Park to South Kensington Station, South Kensington"
"LINESTRING (-0.122299 51.530199,-0.173881 51.494412", "From Birkenhead Street, King's Cross to South Kensington Station, South Kensington"
"LINESTRING (-0.183289 51.496462,-0.173881 51.494412", "From Gloucester Road (Central), South Kensington to South Kensington Station, South Kensington"
"LINESTRING (-0.173881 51.494412,-0.173881 51.494412", "From South Kensington Station, South Kensington to South Kensington Station, South Kensington"
"LINESTRING (-0.173881 51.494412,-0.173881 51.494412", "From South Kensington Station, South Kensington to South Kensington Station, South Kensington"
"LINESTRING (-0.164786 51.477292,-0.173881 51.494412", "From Ethelburga Estate, Battersea Park to South Kensington Station, South Kensington"
"LINESTRING (-0.173693 51.495948,-0.173881 51.494412", "From Exhibition Road Museums 2, South Kensington to South Kensington Station, South Kensington"
"LINESTRING (-0.153233 51.490959,-0.173881 51.494412", "From Bourne Street, Belgravia to South Kensington Station, South Kensington"
"LINESTRING (-0.142844 51.506613,-0.173881 51.494412", "From Green Park Station, Mayfair to South Kensington Station, South Kensington"
"LINESTRING (-0.157788 51.465123,-0.173881 51.494412", "From Sugden Road, Clapham to South Kensington Station, South Kensington"
"LINESTRING (-0.123616 51.529943,-0.173881 51.494412", "From Belgrove Street , King's Cross to South Kensington Station, South Kensington"
"LINESTRING (-0.136792 51.533005,-0.173881 51.494412", "From Eversholt Street , Camden Town to South Kensington Station, South Kensington"
"LINESTRING (-0.185273 51.481765,-0.173881 51.494412", "From Hortensia Road, West Brompton to South Kensington Station, South Kensington"
"LINESTRING (-0.167894 51.493184,-0.173881 51.494412", "From Sloane Avenue, Knightsbridge to South Kensington Station, South Kensington"
"LINESTRING (-0.108322 51.510981,-0.173881 51.494412", "From Temple Gardens, Temple to South Kensington Station, South Kensington"
"LINESTRING (-0.179135 51.516417,-0.173881 51.494412", "From Eastbourne Mews, Paddington to South Kensington Station, South Kensington"
"LINESTRING (-0.180389 51.46517,-0.173881 51.494412", "From Hibbert Street, Battersea to South Kensington Station, South Kensington"
"LINESTRING (-0.123823 51.501513,-0.173881 51.494412", "From Westminster Pier, Westminster to South Kensington Station, South Kensington"
"LINESTRING (-0.165842 51.522029,-0.173881 51.494412", "From Bell Street , Marylebone to South Kensington Station, South Kensington"
"LINESTRING (-0.158963 51.524517,-0.173881 51.494412", "From Park Road (Baker Street), The Regent's Park to South Kensington Station, South Kensington"
"LINESTRING (-0.183165 51.474665,-0.173881 51.494412", "From Imperial Wharf Station, Sands End to South Kensington Station, South Kensington"
"LINESTRING (-0.165471 51.498884,-0.173881 51.494412", "From Montpelier Street, Knightsbridge to South Kensington Station, South Kensington"
"LINESTRING (-0.138212 51.481335,-0.173881 51.494412", "From Riverlight South, Nine Elms to South Kensington Station, South Kensington"
"LINESTRING (-0.178656 51.501432,-0.173881 51.494412", "From Kensington Gore, Knightsbridge to South Kensington Station, South Kensington"
"LINESTRING (-0.153645 51.512911,-0.173881 51.494412", "From North Audley Street, Mayfair to South Kensington Station, South Kensington"
"LINESTRING (-0.131213 51.513103,-0.173881 51.494412", "From Frith Street, Soho to South Kensington Station, South Kensington"
"LINESTRING (-0.164786 51.477292,-0.173881 51.494412", "From Ethelburga Estate, Battersea Park to South Kensington Station, South Kensington"
"LINESTRING (-0.167919 51.484984,-0.173881 51.494412", "From Phene Street, Chelsea to South Kensington Station, South Kensington"
"LINESTRING (-0.18119 51.485587,-0.173881 51.494412", "From Limerston Street, West Chelsea to South Kensington Station, South Kensington"
"LINESTRING (-0.138212 51.481335,-0.173881 51.494412", "From Riverlight South, Nine Elms to South Kensington Station, South Kensington"
"LINESTRING (-0.202038 51.48357,-0.173881 51.494412", "From Coomer Place, West Kensington to South Kensington Station, South Kensington"
"LINESTRING (-0.180246 51.501026,-0.173881 51.494412", "From Queen's Gate (North), Kensington to South Kensington Station, South Kensington"
"LINESTRING (-0.17021 51.474535,-0.173881 51.494412", "From Orbel Street, Battersea to South Kensington Station, South Kensington"
"LINESTRING (-0.185273 51.481765,-0.173881 51.494412", "From Hortensia Road, West Brompton to South Kensington Station, South Kensington"
"LINESTRING (-0.13011 51.513527,-0.139016 51.520994", "From Moor Street, Soho to Howland Street, Fitzrovia"
"LINESTRING (-0.17677 51.530889,-0.139016 51.520994", "From Grove End Road, St. John's Wood to Howland Street, Fitzrovia"
"LINESTRING (-0.115156 51.489479,-0.139016 51.520994", "From Sancroft Street, Vauxhall to Howland Street, Fitzrovia"
"LINESTRING (-0.133201 51.512515,-0.139016 51.520994", "From Wardour Street, Soho to Howland Street, Fitzrovia"
"LINESTRING (-0.081608 51.497855,-0.139016 51.520994", "From Bermondsey Street, Bermondsey to Howland Street, Fitzrovia"
"LINESTRING (-0.134621 51.507424,-0.139016 51.520994", "From St. James's Square, St. James's to Howland Street, Fitzrovia"
"LINESTRING (-0.17581 51.517335,-0.139016 51.520994", "From South Wharf Road, Paddington to Howland Street, Fitzrovia"
"LINESTRING (-0.141923 51.489856,-0.139016 51.520994", "From Warwick Square, Pimlico to Howland Street, Fitzrovia"
"LINESTRING (-0.144466 51.528302,-0.139016 51.520994", "From Albany Street, The Regent's Park to Howland Street, Fitzrovia"
"LINESTRING (-0.112824 51.503791,-0.139016 51.520994", "From Waterloo Station 3, Waterloo to Howland Street, Fitzrovia"
"LINESTRING (-0.118677 51.5338,-0.139016 51.520994", "From Killick Street, King's Cross to Howland Street, Fitzrovia"
"LINESTRING (-0.13214 51.519572,-0.139016 51.520994", "From Store Street, Bloomsbury to Howland Street, Fitzrovia"
"LINESTRING (-0.164207 51.517372,-0.139016 51.520994", "From Harrowby Street, Marylebone to Howland Street, Fitzrovia"
"LINESTRING (-0.112824 51.503791,-0.139016 51.520994", "From Waterloo Station 3, Waterloo to Howland Street, Fitzrovia"
"LINESTRING (-0.118677 51.5338,-0.139016 51.520994", "From Killick Street, King's Cross to Howland Street, Fitzrovia"
"LINESTRING (-0.13151 51.509639,-0.139016 51.520994", "From Panton Street, West End to Howland Street, Fitzrovia"
"LINESTRING (-0.147154 51.537349,-0.139016 51.520994", "From Gloucester Avenue, Camden Town to Howland Street, Fitzrovia"
"LINESTRING (-0.115057 51.512582,-0.139016 51.520994", "From Strand, Strand to Howland Street, Fitzrovia"
"LINESTRING (-0.117495 51.498241,-0.139016 51.520994", "From Archbishop's Park, Waterloo to Howland Street, Fitzrovia"
"LINESTRING (-0.162298 51.522511,-0.139016 51.520994", "From Boston Place, Marylebone to Howland Street, Fitzrovia"
"LINESTRING (-0.116688 51.520596,-0.139016 51.520994", "From Theobald's Road , Holborn to Howland Street, Fitzrovia"
"LINESTRING (-0.099981 51.532661,-0.139016 51.520994", "From Graham Street, Angel to Howland Street, Fitzrovia"
"LINESTRING (-0.168074 51.5343,-0.139016 51.520994", "From Charlbert Street, St. John's Wood to Howland Street, Fitzrovia"
"LINESTRING (-0.122299 51.530199,-0.139016 51.520994", "From Birkenhead Street, King's Cross to Howland Street, Fitzrovia"
"LINESTRING (-0.13214 51.519572,-0.139016 51.520994", "From Store Street, Bloomsbury to Howland Street, Fitzrovia"
"LINESTRING (-0.126409 51.524,-0.139016 51.520994", "From Coram Street, Bloomsbury to Howland Street, Fitzrovia"
"LINESTRING (-0.152248 51.467185,-0.139016 51.520994", "From Ashley Crescent, Battersea to Howland Street, Fitzrovia"
"LINESTRING (-0.112721 51.536392,-0.139016 51.520994", "From Charlotte Terrace, Angel to Howland Street, Fitzrovia"
"LINESTRING (-0.187402 51.51031,-0.139016 51.520994", "From Queensway, Kensington Gardens to Howland Street, Fitzrovia"
"LINESTRING (-0.073438 51.51838,-0.139016 51.520994", "From Fashion Street, Whitechapel to Howland Street, Fitzrovia"
"LINESTRING (-0.139016 51.520994,-0.139016 51.520994", "From Howland Street, Fitzrovia to Howland Street, Fitzrovia"
"LINESTRING (-0.110889 51.495718,-0.139016 51.520994", "From Kennington Road  , Vauxhall to Howland Street, Fitzrovia"
"LINESTRING (-0.2174 51.504038,-0.139016 51.520994", "From Woodstock Grove, Shepherd's Bush to Howland Street, Fitzrovia"
"LINESTRING (-0.099141 51.512484,-0.139016 51.520994", "From Godliman Street, St. Paul's to Howland Street, Fitzrovia"
"LINESTRING (-0.13214 51.519572,-0.139016 51.520994", "From Store Street, Bloomsbury to Howland Street, Fitzrovia"
"LINESTRING (-0.089782 51.53089,-0.139016 51.520994", "From Murray Grove , Hoxton to Howland Street, Fitzrovia"
"LINESTRING (-0.119123 51.519435,-0.139016 51.520994", "From Red Lion Square, Holborn to Howland Street, Fitzrovia"
"LINESTRING (-0.096317 51.526008,-0.139016 51.520994", "From Finsbury Leisure Centre, St. Luke's to Howland Street, Fitzrovia"
"LINESTRING (-0.099489 51.524868,-0.139016 51.520994", "From Sadlers Sports Centre, Finsbury to Howland Street, Fitzrovia"
"LINESTRING (-0.100791 51.518218,-0.139016 51.520994", "From West Smithfield Rotunda, Farringdon to Howland Street, Fitzrovia"
"LINESTRING (-0.125979 51.526357,-0.139016 51.520994", "From Cartwright Gardens , Bloomsbury to Howland Street, Fitzrovia"
"LINESTRING (-0.123616 51.529943,-0.139016 51.520994", "From Belgrove Street , King's Cross to Howland Street, Fitzrovia"
"LINESTRING (-0.183846 51.523344,-0.139016 51.520994", "From Warwick Avenue Station, Maida Vale to Howland Street, Fitzrovia"
"LINESTRING (-0.034903 51.518541,-0.139016 51.520994", "From Mile End Stadium, Mile End to Howland Street, Fitzrovia"
"LINESTRING (-0.093421 51.529154,-0.139016 51.520994", "From Windsor Terrace, Hoxton to Howland Street, Fitzrovia"
"LINESTRING (-0.183834 51.497924,-0.139016 51.520994", "From Gloucester Road (North), Kensington to Howland Street, Fitzrovia"
"LINESTRING (-0.112721 51.536392,-0.139016 51.520994", "From Charlotte Terrace, Angel to Howland Street, Fitzrovia"
"LINESTRING (-0.169249 51.515953,-0.139016 51.520994", "From Southwick Street, Paddington to Howland Street, Fitzrovia"
"LINESTRING (-0.125979 51.526357,-0.139016 51.520994", "From Cartwright Gardens , Bloomsbury to Howland Street, Fitzrovia"
"LINESTRING (-0.179135 51.516417,-0.139016 51.520994", "From Eastbourne Mews, Paddington to Howland Street, Fitzrovia"
"LINESTRING (-0.090847 51.525893,-0.139016 51.520994", "From Bath Street, St. Luke's to Howland Street, Fitzrovia"
"LINESTRING (-0.138853 51.541603,-0.139016 51.520994", "From Bonny Street, Camden Town to Howland Street, Fitzrovia"
"LINESTRING (-0.144466 51.528302,-0.124826 51.516226", "From Albany Street, The Regent's Park to High Holborn , Covent Garden"
"LINESTRING (-0.158963 51.524517,-0.124826 51.516226", "From Park Road (Baker Street), The Regent's Park to High Holborn , Covent Garden"
"LINESTRING (-0.086685 51.517075,-0.124826 51.516226", "From Finsbury Circus, Liverpool Street to High Holborn , Covent Garden"
"LINESTRING (-0.11655 51.51824,-0.124826 51.516226", "From Red Lion Street, Holborn to High Holborn , Covent Garden"
"LINESTRING (-0.124826 51.516226,-0.124826 51.516226", "From High Holborn , Covent Garden to High Holborn , Covent Garden"
"LINESTRING (-0.075375 51.528187,-0.124826 51.516226", "From Columbia Road, Shoreditch to High Holborn , Covent Garden"
"LINESTRING (-0.112824 51.503791,-0.124826 51.516226", "From Waterloo Station 3, Waterloo to High Holborn , Covent Garden"
"LINESTRING (-0.113426 51.503919,-0.124826 51.516226", "From Waterloo Station 2, Waterloo to High Holborn , Covent Garden"
"LINESTRING (-0.086379 51.534042,-0.124826 51.516226", "From Shoreditch Park, Hoxton to High Holborn , Covent Garden"
"LINESTRING (-0.111606 51.505569,-0.124826 51.516226", "From Stamford Street, South Bank to High Holborn , Covent Garden"
"LINESTRING (-0.13011 51.513527,-0.124826 51.516226", "From Moor Street, Soho to High Holborn , Covent Garden"
"LINESTRING (-0.112824 51.503791,-0.124826 51.516226", "From Waterloo Station 3, Waterloo to High Holborn , Covent Garden"
"LINESTRING (-0.138733 51.496753,-0.124826 51.516226", "From Howick Place, Westminster to High Holborn , Covent Garden"
"LINESTRING (-0.141728 51.539099,-0.124826 51.516226", "From Greenland Road, Camden Town to High Holborn , Covent Garden"
"LINESTRING (-0.123616 51.529943,-0.124826 51.516226", "From Belgrove Street , King's Cross to High Holborn , Covent Garden"
"LINESTRING (-0.038986 51.512871,-0.124826 51.516226", "From Flamborough Street, Limehouse to High Holborn , Covent Garden"
"LINESTRING (-0.149035 51.481121,-0.124826 51.516226", "From Sopwith Way, Battersea Park to High Holborn , Covent Garden"
"LINESTRING (-0.138019 51.524438,-0.124826 51.516226", "From Warren Street Station, Euston to High Holborn , Covent Garden"
"LINESTRING (-0.102757 51.536384,-0.124826 51.516226", "From Islington Green, Angel to High Holborn , Covent Garden"
"LINESTRING (-0.157183 51.52026,-0.124826 51.516226", "From Crawford Street, Marylebone to High Holborn , Covent Garden"
"LINESTRING (-0.105344 51.515059,-0.124826 51.516226", "From St. Bride Street, Holborn to High Holborn , Covent Garden"
"LINESTRING (-0.125972 51.49764,-0.124826 51.516226", "From Abingdon Green, Westminster to High Holborn , Covent Garden"
"LINESTRING (-0.138019 51.524438,-0.124826 51.516226", "From Warren Street Station, Euston to High Holborn , Covent Garden"
"LINESTRING (-0.103604 51.517334,-0.124826 51.516226", "From Snow Hill, Farringdon to High Holborn , Covent Garden"
"LINESTRING (-0.183118 51.515607,-0.124826 51.516226", "From Cleveland Gardens, Bayswater to High Holborn , Covent Garden"
"LINESTRING (-0.086379 51.534042,-0.124826 51.516226", "From Shoreditch Park, Hoxton to High Holborn , Covent Garden"
"LINESTRING (-0.083632 51.502153,-0.124826 51.516226", "From Snowsfields, London Bridge to High Holborn , Covent Garden"
"LINESTRING (-0.075375 51.528187,-0.124826 51.516226", "From Columbia Road, Shoreditch to High Holborn , Covent Garden"
"LINESTRING (-0.102757 51.536384,-0.124826 51.516226", "From Islington Green, Angel to High Holborn , Covent Garden"
"LINESTRING (-0.106992 51.534504,-0.124826 51.516226", "From Liverpool Road (N1 Centre), Angel to High Holborn , Covent Garden"
"LINESTRING (-0.162298 51.522511,-0.124826 51.516226", "From Boston Place, Marylebone to High Holborn , Covent Garden"
"LINESTRING (-0.089659 51.52548,-0.124826 51.516226", "From Old Street Station, St. Luke's to High Holborn , Covent Garden"
"LINESTRING (-0.062697 51.518154,-0.124826 51.516226", "From New Road 1 , Whitechapel to High Holborn , Covent Garden"
"LINESTRING (-0.142783 51.51196,-0.124826 51.516226", "From St. George Street, Mayfair to High Holborn , Covent Garden"
"LINESTRING (-0.089782 51.53089,-0.124826 51.516226", "From Murray Grove , Hoxton to High Holborn , Covent Garden"
"LINESTRING (-0.077121 51.511594,-0.124826 51.516226", "From Crosswall, Tower to High Holborn , Covent Garden"
"LINESTRING (-0.113864 51.504027,-0.124826 51.516226", "From Waterloo Station 1, Waterloo to High Holborn , Covent Garden"
"LINESTRING (-0.126409 51.524,-0.124826 51.516226", "From Coram Street, Bloomsbury to High Holborn , Covent Garden"
"LINESTRING (-0.085634 51.520962,-0.124826 51.516226", "From Finsbury Square , Moorgate to High Holborn , Covent Garden"
"LINESTRING (-0.117122 51.490994,-0.124826 51.516226", "From Black Prince Road, Vauxhall to High Holborn , Covent Garden"
"LINESTRING (-0.08974 51.500823,-0.13544 51.497829", "From Empire Square, The Borough to Butler Place, Westminster"
"LINESTRING (-0.141923 51.489856,-0.13544 51.497829", "From Warwick Square, Pimlico to Butler Place, Westminster"
"LINESTRING (-0.103078 51.511934,-0.13544 51.497829", "From Blackfriars Station, St. Paul's to Butler Place, Westminster"
"LINESTRING (-0.139625 51.490962,-0.13544 51.497829", "From Gloucester Street, Pimlico to Butler Place, Westminster"
"LINESTRING (-0.139625 51.490962,-0.13544 51.497829", "From Gloucester Street, Pimlico to Butler Place, Westminster"
"LINESTRING (-0.120718 51.511968,-0.13544 51.497829", "From Tavistock Street, Covent Garden to Butler Place, Westminster"
"LINESTRING (-0.14177 51.479501,-0.13544 51.497829", "From Battersea Park Road, Nine Elms to Butler Place, Westminster"
"LINESTRING (-0.112031 51.49914,-0.13544 51.497829", "From Lambeth North Station, Waterloo to Butler Place, Westminster"
"LINESTRING (-0.215895 51.476885,-0.13544 51.497829", "From Finlay Street, Fulham to Butler Place, Westminster"
"LINESTRING (-0.132845 51.489975,-0.13544 51.497829", "From Rampayne Street, Pimlico to Butler Place, Westminster"
"LINESTRING (-0.117122 51.490994,-0.13544 51.497829", "From Black Prince Road, Vauxhall to Butler Place, Westminster"
"LINESTRING (-0.149004 51.485821,-0.13544 51.497829", "From Chelsea Bridge, Pimlico to Butler Place, Westminster"
"LINESTRING (-0.082422 51.516154,-0.13544 51.497829", "From Wormwood Street, Liverpool Street to Butler Place, Westminster"
"LINESTRING (-0.171103 51.518268,-0.13544 51.497829", "From St Mary's Hospital, Paddington to Butler Place, Westminster"
"LINESTRING (-0.122219 51.51477,-0.13544 51.497829", "From Drury Lane, Covent Garden to Butler Place, Westminster"
"LINESTRING (-0.139625 51.490962,-0.13544 51.497829", "From Gloucester Street, Pimlico to Butler Place, Westminster"
"LINESTRING (-0.121394 51.493699,-0.13544 51.497829", "From Fire Brigade Pier, Vauxhall to Butler Place, Westminster"
"LINESTRING (-0.141923 51.489856,-0.13544 51.497829", "From Warwick Square, Pimlico to Butler Place, Westminster"
"LINESTRING (-0.102091 51.500693,-0.13544 51.497829", "From Webber Street , Southwark to Butler Place, Westminster"
"LINESTRING (-0.150481 51.51217,-0.13544 51.497829", "From Grosvenor Square, Mayfair to Butler Place, Westminster"
"LINESTRING (-0.123702 51.506767,-0.13544 51.497829", "From Northumberland Avenue, Strand to Butler Place, Westminster"
"LINESTRING (-0.075459 51.509506,-0.13544 51.497829", "From Tower Gardens , Tower to Butler Place, Westminster"
"LINESTRING (-0.113134 51.483145,-0.13544 51.497829", "From Kennington Oval, Oval to Butler Place, Westminster"
"LINESTRING (-0.139625 51.490962,-0.13544 51.497829", "From Gloucester Street, Pimlico to Butler Place, Westminster"
"LINESTRING (-0.150817 51.505426,-0.13544 51.497829", "From Park Lane, Mayfair to Butler Place, Westminster"
"LINESTRING (-0.141923 51.489856,-0.13544 51.497829", "From Warwick Square, Pimlico to Butler Place, Westminster"
"LINESTRING (-0.123616 51.529943,-0.13544 51.497829", "From Belgrove Street , King's Cross to Butler Place, Westminster"
"LINESTRING (-0.13558 51.513684,-0.13544 51.497829", "From Broadwick Street, Soho to Butler Place, Westminster"
"LINESTRING (-0.17581 51.517335,-0.13544 51.497829", "From South Wharf Road, Paddington to Butler Place, Westminster"
"LINESTRING (-0.13544 51.497829,-0.13544 51.497829", "From Butler Place, Westminster to Butler Place, Westminster"
"LINESTRING (-0.171103 51.518268,-0.13544 51.497829", "From St Mary's Hospital, Paddington to Butler Place, Westminster"
"LINESTRING (-0.171103 51.518268,-0.13544 51.497829", "From St Mary's Hospital, Paddington to Butler Place, Westminster"
"LINESTRING (-0.161113 51.522596,-0.13544 51.497829", "From Dorset Square, Marylebone to Butler Place, Westminster"
"LINESTRING (-0.135478 51.495827,-0.138733 51.496753", "From Rochester Row, Westminster to Howick Place, Westminster"
"LINESTRING (-0.149035 51.481121,-0.138733 51.496753", "From Sopwith Way, Battersea Park to Howick Place, Westminster"
"LINESTRING (-0.103078 51.511934,-0.138733 51.496753", "From Blackfriars Station, St. Paul's to Howick Place, Westminster"
"LINESTRING (-0.14177 51.479501,-0.138733 51.496753", "From Battersea Park Road, Nine Elms to Howick Place, Westminster"
"LINESTRING (-0.142943 51.496863,-0.138733 51.496753", "From Allington Street, Victoria to Howick Place, Westminster"
"LINESTRING (-0.129925 51.493072,-0.138733 51.496753", "From Vincent Street, Pimlico to Howick Place, Westminster"
"LINESTRING (-0.13225 51.528833,-0.138733 51.496753", "From Doric Way , Somers Town to Howick Place, Westminster"
"LINESTRING (-0.102996 51.486929,-0.138733 51.496753", "From Doddington Grove, Kennington to Howick Place, Westminster"
"LINESTRING (-0.07962 51.503493,-0.138733 51.496753", "From Tooley Street, Bermondsey to Howick Place, Westminster"
"LINESTRING (-0.123179 51.506543,-0.138733 51.496753", "From Whitehall Place, Strand to Howick Place, Westminster"
"LINESTRING (-0.141334 51.492345,-0.138733 51.496753", "From Guildhouse Street, Victoria to Howick Place, Westminster"
"LINESTRING (-0.124469 51.485917,-0.138733 51.496753", "From Vauxhall Cross, Vauxhall to Howick Place, Westminster"
"LINESTRING (-0.142943 51.496863,-0.138733 51.496753", "From Allington Street, Victoria to Howick Place, Westminster"
"LINESTRING (-0.114934 51.49288,-0.138733 51.496753", "From Lollard Street, Vauxhall to Howick Place, Westminster"
"LINESTRING (-0.149569 51.50274,-0.138733 51.496753", "From Wellington Arch, Hyde Park to Howick Place, Westminster"
"LINESTRING (-0.125972 51.49764,-0.138733 51.496753", "From Abingdon Green, Westminster to Howick Place, Westminster"
"LINESTRING (-0.116628 51.500089,-0.138733 51.496753", "From Lambeth Palace Road, Waterloo to Howick Place, Westminster"
"LINESTRING (-0.093051 51.511246,-0.138733 51.496753", "From Queen Street 2, Bank to Howick Place, Westminster"
"LINESTRING (-0.10988 51.49775,-0.138733 51.496753", "From King Edward Walk, Waterloo to Howick Place, Westminster"
"LINESTRING (-0.104193 51.49605,-0.138733 51.496753", "From Gaywood  Street, Elephant & Castle to Howick Place, Westminster"
"LINESTRING (-0.135635 51.488226,-0.138733 51.496753", "From St. George's Square, Pimlico to Howick Place, Westminster"
"LINESTRING (-0.147478 51.492369,-0.138733 51.496753", "From Elizabeth Bridge, Victoria to Howick Place, Westminster"
"LINESTRING (-0.142943 51.496863,-0.138733 51.496753", "From Allington Street, Victoria to Howick Place, Westminster"
"LINESTRING (-0.056667 51.511542,-0.138733 51.496753", "From Watney Street, Shadwell to Howick Place, Westminster"
"LINESTRING (-0.149035 51.481121,-0.138733 51.496753", "From Sopwith Way, Battersea Park to Howick Place, Westminster"
"LINESTRING (-0.13558 51.513684,-0.138733 51.496753", "From Broadwick Street, Soho to Howick Place, Westminster"
"LINESTRING (-0.165842 51.522029,-0.138733 51.496753", "From Bell Street , Marylebone to Howick Place, Westminster"
"LINESTRING (-0.104193 51.49605,-0.138733 51.496753", "From Gaywood  Street, Elephant & Castle to Howick Place, Westminster"
"LINESTRING (-0.209494 51.498157,-0.138733 51.496753", "From Kensington Olympia Station, Olympia to Howick Place, Westminster"
"LINESTRING (-0.21186 51.483217,-0.138733 51.496753", "From Humbolt Road, Fulham to Howick Place, Westminster"
"LINESTRING (-0.138364 51.492111,-0.138733 51.496753", "From Tachbrook Street, Victoria to Howick Place, Westminster"
"LINESTRING (-0.122806 51.490435,-0.138733 51.496753", "From Albert Embankment, Vauxhall to Howick Place, Westminster"
"LINESTRING (-0.126021 51.508103,-0.138733 51.496753", "From Craven Street, Strand to Howick Place, Westminster"
"LINESTRING (-0.138733 51.496753,-0.138733 51.496753", "From Howick Place, Westminster to Howick Place, Westminster"
"LINESTRING (-0.088285 51.519069,-0.138733 51.496753", "From Moorfields, Moorgate to Howick Place, Westminster"
"LINESTRING (-0.116625 51.486965,-0.138733 51.496753", "From Vauxhall Street, Vauxhall to Howick Place, Westminster"
"LINESTRING (-0.139625 51.490962,-0.138733 51.496753", "From Gloucester Street, Pimlico to Howick Place, Westminster"
"LINESTRING (-0.123616 51.529943,-0.138733 51.496753", "From Belgrove Street , King's Cross to Howick Place, Westminster"
"LINESTRING (-0.132224 51.49206,-0.138733 51.496753", "From Regency Street, Westminster to Howick Place, Westminster"
"LINESTRING (-0.102091 51.500693,-0.138733 51.496753", "From Webber Street , Southwark to Howick Place, Westminster"
"LINESTRING (-0.138733 51.496753,-0.138733 51.496753", "From Howick Place, Westminster to Howick Place, Westminster"
"LINESTRING (-0.126874 51.47787,-0.138733 51.496753", "From Hartington Road, Stockwell to Howick Place, Westminster"
"LINESTRING (-0.131773 51.506633,-0.138733 51.496753", "From Waterloo Place, St. James's to Howick Place, Westminster"
"LINESTRING (-0.141812 51.469259,-0.138733 51.496753", "From Wandsworth Rd, Isley Court, Wandsworth Road to Howick Place, Westminster"
"LINESTRING (-0.129925 51.493072,-0.138733 51.496753", "From Vincent Street, Pimlico to Howick Place, Westminster"
"LINESTRING (-0.127554 51.493978,-0.138733 51.496753", "From Page Street, Westminster to Howick Place, Westminster"
"LINESTRING (-0.161203 51.496886,-0.138733 51.496753", "From Pont Street, Knightsbridge to Howick Place, Westminster"
"LINESTRING (-0.15213 51.470475,-0.138733 51.496753", "From Stanley Grove, Battersea to Howick Place, Westminster"
"LINESTRING (-0.099489 51.524868,-0.138733 51.496753", "From Sadlers Sports Centre, Finsbury to Howick Place, Westminster"
"LINESTRING (-0.21985 51.493267,-0.138733 51.496753", "From Hammersmith Road, Hammersmith to Howick Place, Westminster"
"LINESTRING (-0.106 51.496127,-0.138733 51.496753", "From Geraldine Street, Elephant & Castle to Howick Place, Westminster"
"LINESTRING (-0.114605 51.495656,-0.138733 51.496753", "From Sail Street, Vauxhall to Howick Place, Westminster"
"LINESTRING (-0.149035 51.481121,-0.138733 51.496753", "From Sopwith Way, Battersea Park to Howick Place, Westminster"
"LINESTRING (-0.142943 51.496863,-0.138733 51.496753", "From Allington Street, Victoria to Howick Place, Westminster"
"LINESTRING (-0.098341 51.505409,-0.113426 51.503919", "From Southwark Street, Bankside to Waterloo Station 2, Waterloo"
"LINESTRING (-0.147478 51.492369,-0.113426 51.503919", "From Elizabeth Bridge, Victoria to Waterloo Station 2, Waterloo"
"LINESTRING (-0.157275 51.510017,-0.113426 51.503919", "From Park Lane , Hyde Park to Waterloo Station 2, Waterloo"
"LINESTRING (-0.087587 51.514441,-0.113426 51.503919", "From Bank of England Museum, Bank to Waterloo Station 2, Waterloo"
"LINESTRING (-0.138072 51.517344,-0.113426 51.503919", "From Wells Street, Fitzrovia to Waterloo Station 2, Waterloo"
"LINESTRING (-0.07962 51.503493,-0.113426 51.503919", "From Tooley Street, Bermondsey to Waterloo Station 2, Waterloo"
"LINESTRING (-0.103078 51.511934,-0.113426 51.503919", "From Blackfriars Station, St. Paul's to Waterloo Station 2, Waterloo"
"LINESTRING (-0.107927 51.513821,-0.113426 51.503919", "From Bouverie Street, Temple to Waterloo Station 2, Waterloo"
"LINESTRING (-0.092176 51.520044,-0.113426 51.503919", "From Barbican Centre, Barbican to Waterloo Station 2, Waterloo"
"LINESTRING (-0.075459 51.509506,-0.113426 51.503919", "From Tower Gardens , Tower to Waterloo Station 2, Waterloo"
"LINESTRING (-0.179135 51.516417,-0.113426 51.503919", "From Eastbourne Mews, Paddington to Waterloo Station 2, Waterloo"
"LINESTRING (-0.13214 51.519572,-0.113426 51.503919", "From Store Street, Bloomsbury to Waterloo Station 2, Waterloo"
"LINESTRING (-0.130699 51.50777,-0.113426 51.503919", "From Pall Mall East, West End to Waterloo Station 2, Waterloo"
"LINESTRING (-0.084439 51.524696,-0.113426 51.503919", "From Leonard Circus , Shoreditch to Waterloo Station 2, Waterloo"
"LINESTRING (-0.086685 51.517075,-0.113426 51.503919", "From Finsbury Circus, Liverpool Street to Waterloo Station 2, Waterloo"
"LINESTRING (-0.139016 51.520994,-0.113426 51.503919", "From Howland Street, Fitzrovia to Waterloo Station 2, Waterloo"
"LINESTRING (-0.106823 51.508033,-0.113426 51.503919", "From Sea Containers, South Bank to Waterloo Station 2, Waterloo"
"LINESTRING (-0.103604 51.517334,-0.113426 51.503919", "From Snow Hill, Farringdon to Waterloo Station 2, Waterloo"
"LINESTRING (-0.131213 51.513103,-0.113426 51.503919", "From Frith Street, Soho to Waterloo Station 2, Waterloo"
"LINESTRING (-0.102091 51.500693,-0.113426 51.503919", "From Webber Street , Southwark to Waterloo Station 2, Waterloo"
"LINESTRING (-0.179135 51.516417,-0.113426 51.503919", "From Eastbourne Mews, Paddington to Waterloo Station 2, Waterloo"
"LINESTRING (-0.13214 51.519572,-0.113426 51.503919", "From Store Street, Bloomsbury to Waterloo Station 2, Waterloo"
"LINESTRING (-0.09294 51.511553,-0.113426 51.503919", "From Queen Street 1, Bank to Waterloo Station 2, Waterloo"
"LINESTRING (-0.103078 51.511934,-0.113426 51.503919", "From Blackfriars Station, St. Paul's to Waterloo Station 2, Waterloo"
"LINESTRING (-0.09294 51.51397,-0.113426 51.503919", "From Cheapside, Bank to Waterloo Station 2, Waterloo"
"LINESTRING (-0.117863 51.515208,-0.113426 51.503919", "From Sardinia Street, Holborn to Waterloo Station 2, Waterloo"
"LINESTRING (-0.152317 51.499412,-0.113426 51.503919", "From Belgrave Square, Belgravia to Waterloo Station 2, Waterloo"
"LINESTRING (-0.108028 51.518825,-0.113426 51.503919", "From Hatton Garden, Holborn to Waterloo Station 2, Waterloo"
"LINESTRING (-0.096496 51.517821,-0.113426 51.503919", "From Museum of London, Barbican to Waterloo Station 2, Waterloo"
"LINESTRING (-0.10997 51.529163,-0.113426 51.503919", "From River Street , Clerkenwell to Waterloo Station 2, Waterloo"
"LINESTRING (-0.089659 51.52548,-0.113426 51.503919", "From Old Street Station, St. Luke's to Waterloo Station 2, Waterloo"
"LINESTRING (-0.104947 51.516785,-0.113426 51.503919", "From Farringdon Street, Holborn to Waterloo Station 2, Waterloo"
"LINESTRING (-0.083493 51.520955,-0.113426 51.503919", "From Pindar Street, Liverpool Street to Waterloo Station 2, Waterloo"
"LINESTRING (-0.089887 51.520858,-0.113426 51.503919", "From Bunhill Row, Moorgate to Waterloo Station 2, Waterloo"
"LINESTRING (-0.165471 51.498884,-0.113426 51.503919", "From Montpelier Street, Knightsbridge to Waterloo Station 2, Waterloo"
"LINESTRING (-0.103137 51.506692,-0.113426 51.503919", "From Poured Lines, Bankside to Waterloo Station 2, Waterloo"
"LINESTRING (-0.116688 51.520596,-0.113426 51.503919", "From Theobald's Road , Holborn to Waterloo Station 2, Waterloo"
"LINESTRING (-0.088285 51.519069,-0.113426 51.503919", "From Moorfields, Moorgate to Waterloo Station 2, Waterloo"
"LINESTRING (-0.120718 51.511968,-0.113426 51.503919", "From Tavistock Street, Covent Garden to Waterloo Station 2, Waterloo"
"LINESTRING (-0.09294 51.51397,-0.113426 51.503919", "From Cheapside, Bank to Waterloo Station 2, Waterloo"
"LINESTRING (-0.132053 51.518587,-0.113426 51.503919", "From Bayley Street , Bloomsbury to Waterloo Station 2, Waterloo"
"LINESTRING (-0.104708 51.52326,-0.113426 51.503919", "From Clerkenwell Green, Clerkenwell to Waterloo Station 2, Waterloo"
"LINESTRING (-0.103078 51.511934,-0.113426 51.503919", "From Blackfriars Station, St. Paul's to Waterloo Station 2, Waterloo"
"LINESTRING (-0.077178 51.514449,-0.113426 51.503919", "From Houndsditch, Aldgate to Waterloo Station 2, Waterloo"
"LINESTRING (-0.077121 51.511594,-0.113426 51.503919", "From Crosswall, Tower to Waterloo Station 2, Waterloo"
"LINESTRING (-0.105312 51.504043,-0.113426 51.503919", "From Southwark Station 1, Southwark to Waterloo Station 2, Waterloo"
"LINESTRING (-0.163609 51.51809,-0.113426 51.503919", "From Shouldham Street, Marylebone to Waterloo Station 2, Waterloo"
"LINESTRING (-0.082422 51.516154,-0.113426 51.503919", "From Wormwood Street, Liverpool Street to Waterloo Station 2, Waterloo"
"LINESTRING (-0.0786 51.500647,-0.113426 51.503919", "From Tanner Street, Bermondsey to Waterloo Station 2, Waterloo"
"LINESTRING (-0.097441 51.511961,-0.113426 51.503919", "From Queen Victoria Street, St. Paul's to Waterloo Station 2, Waterloo"
"LINESTRING (-0.10044 51.498898,-0.113426 51.503919", "From Borough Road, Elephant & Castle to Waterloo Station 2, Waterloo"
"LINESTRING (-0.08497 51.50964,-0.113426 51.503919", "From Monument Street, Monument to Waterloo Station 2, Waterloo"
"LINESTRING (-0.083632 51.502153,-0.113426 51.503919", "From Snowsfields, London Bridge to Waterloo Station 2, Waterloo"
"LINESTRING (-0.105344 51.515059,-0.113426 51.503919", "From St. Bride Street, Holborn to Waterloo Station 2, Waterloo"
"LINESTRING (-0.0985 51.51601,-0.113426 51.503919", "From King Edward Street, St Pauls to Waterloo Station 2, Waterloo"
"LINESTRING (-0.113426 51.503919,-0.113426 51.503919", "From Waterloo Station 2, Waterloo to Waterloo Station 2, Waterloo"
"LINESTRING (-0.117774 51.513875,-0.113426 51.503919", "From Kingsway Southbound, Strand to Waterloo Station 2, Waterloo"
"LINESTRING (-0.133201 51.512515,-0.113426 51.503919", "From Wardour Street, Soho to Waterloo Station 2, Waterloo"
"LINESTRING (-0.090847 51.525893,-0.113426 51.503919", "From Bath Street, St. Luke's to Waterloo Station 2, Waterloo"
"LINESTRING (-0.151926 51.516814,-0.113426 51.503919", "From Hinde Street, Marylebone to Waterloo Station 2, Waterloo"
"LINESTRING (-0.107349 51.511891,-0.113426 51.503919", "From Tallis Street, Temple to Waterloo Station 2, Waterloo"
"LINESTRING (-0.110121 51.488105,-0.113426 51.503919", "From Cleaver Street, Kennington to Waterloo Station 2, Waterloo"
"LINESTRING (-0.077178 51.514449,-0.113426 51.503919", "From Houndsditch, Aldgate to Waterloo Station 2, Waterloo"
"LINESTRING (-0.09294 51.511553,-0.113426 51.503919", "From Queen Street 1, Bank to Waterloo Station 2, Waterloo"
"LINESTRING (-0.12335 51.51746,-0.113426 51.503919", "From Bury Place, Holborn to Waterloo Station 2, Waterloo"
"LINESTRING (-0.152317 51.499412,-0.113426 51.503919", "From Belgrave Square, Belgravia to Waterloo Station 2, Waterloo"
"LINESTRING (-0.191462 51.501364,-0.113426 51.503919", "From Derry Street, Kensington to Waterloo Station 2, Waterloo"
"LINESTRING (-0.134621 51.507424,-0.113426 51.503919", "From St. James's Square, St. James's to Waterloo Station 2, Waterloo"
"LINESTRING (-0.09294 51.511553,-0.113426 51.503919", "From Queen Street 1, Bank to Waterloo Station 2, Waterloo"
"LINESTRING (-0.106823 51.508033,-0.113426 51.503919", "From Sea Containers, South Bank to Waterloo Station 2, Waterloo"
"LINESTRING (-0.09308 51.515735,-0.113426 51.503919", "From The Guildhall, Guildhall to Waterloo Station 2, Waterloo"
"LINESTRING (-0.089659 51.52548,-0.113426 51.503919", "From Old Street Station, St. Luke's to Waterloo Station 2, Waterloo"
"LINESTRING (-0.082422 51.516154,-0.113426 51.503919", "From Wormwood Street, Liverpool Street to Waterloo Station 2, Waterloo"
"LINESTRING (-0.100791 51.518218,-0.113426 51.503919", "From West Smithfield Rotunda, Farringdon to Waterloo Station 2, Waterloo"
"LINESTRING (-0.111257 51.514274,-0.113426 51.503919", "From Chancery Lane, Holborn to Waterloo Station 2, Waterloo"
"LINESTRING (-0.151926 51.516814,-0.113426 51.503919", "From Hinde Street, Marylebone to Waterloo Station 2, Waterloo"
"LINESTRING (-0.093051 51.511246,-0.113426 51.503919", "From Queen Street 2, Bank to Waterloo Station 2, Waterloo"
"LINESTRING (-0.096317 51.526008,-0.113426 51.503919", "From Finsbury Leisure Centre, St. Luke's to Waterloo Station 2, Waterloo"
"LINESTRING (-0.103604 51.517334,-0.113426 51.503919", "From Snow Hill, Farringdon to Waterloo Station 2, Waterloo"
"LINESTRING (-0.071653 51.522617,-0.113426 51.503919", "From Brick Lane Market, Shoreditch to Waterloo Station 2, Waterloo"
"LINESTRING (-0.131961 51.508446,-0.113426 51.503919", "From Charles II Street, West End to Waterloo Station 2, Waterloo"
"LINESTRING (-0.123616 51.529943,-0.113426 51.503919", "From Belgrove Street , King's Cross to Waterloo Station 2, Waterloo"
"LINESTRING (-0.093051 51.511246,-0.113426 51.503919", "From Queen Street 2, Bank to Waterloo Station 2, Waterloo"
"LINESTRING (-0.073537 51.514233,-0.113426 51.503919", "From Braham Street, Aldgate to Waterloo Station 2, Waterloo"
"LINESTRING (-0.125674 51.491884,-0.113426 51.503919", "From Millbank Tower, Pimlico to Waterloo Station 2, Waterloo"
"LINESTRING (-0.13214 51.519572,-0.113426 51.503919", "From Store Street, Bloomsbury to Waterloo Station 2, Waterloo"
"LINESTRING (-0.132845 51.489975,-0.113426 51.503919", "From Rampayne Street, Pimlico to Waterloo Station 2, Waterloo"
"LINESTRING (-0.104947 51.516785,-0.113426 51.503919", "From Farringdon Street, Holborn to Waterloo Station 2, Waterloo"
"LINESTRING (-0.116688 51.520596,-0.113426 51.503919", "From Theobald's Road , Holborn to Waterloo Station 2, Waterloo"
"LINESTRING (-0.084439 51.524696,-0.113426 51.503919", "From Leonard Circus , Shoreditch to Waterloo Station 2, Waterloo"
"LINESTRING (-0.077178 51.514449,-0.113426 51.503919", "From Houndsditch, Aldgate to Waterloo Station 2, Waterloo"
"LINESTRING (-0.068981 51.498585,-0.113426 51.503919", "From George Row, Bermondsey to Waterloo Station 2, Waterloo"
"LINESTRING (-0.09294 51.51397,-0.113426 51.503919", "From Cheapside, Bank to Waterloo Station 2, Waterloo"
"LINESTRING (-0.108028 51.518825,-0.113426 51.503919", "From Hatton Garden, Holborn to Waterloo Station 2, Waterloo"
"LINESTRING (-0.132053 51.518587,-0.113426 51.503919", "From Bayley Street , Bloomsbury to Waterloo Station 2, Waterloo"
"LINESTRING (-0.09308 51.515735,-0.113426 51.503919", "From The Guildhall, Guildhall to Waterloo Station 2, Waterloo"
"LINESTRING (-0.09294 51.511553,-0.113426 51.503919", "From Queen Street 1, Bank to Waterloo Station 2, Waterloo"
"LINESTRING (-0.124678 51.51908,-0.113426 51.503919", "From British Museum, Bloomsbury to Waterloo Station 2, Waterloo"
"LINESTRING (-0.093051 51.511246,-0.113426 51.503919", "From Queen Street 2, Bank to Waterloo Station 2, Waterloo"
"LINESTRING (-0.10454 51.505461,-0.113426 51.503919", "From Blackfriars Road, Southwark to Waterloo Station 2, Waterloo"
"LINESTRING (-0.091773 51.504627,-0.113426 51.503919", "From Hop Exchange, The Borough to Waterloo Station 2, Waterloo"
"LINESTRING (-0.09885 51.515418,-0.113426 51.503919", "From Newgate Street , St. Paul's to Waterloo Station 2, Waterloo"
"LINESTRING (-0.12335 51.51746,-0.113426 51.503919", "From Bury Place, Holborn to Waterloo Station 2, Waterloo"
"LINESTRING (-0.098031 51.505224,-0.113426 51.503919", "From Lavington Street, Bankside to Waterloo Station 2, Waterloo"
"LINESTRING (-0.130431 51.52168,-0.113426 51.503919", "From Malet Street, Bloomsbury to Waterloo Station 2, Waterloo"
"LINESTRING (-0.109006 51.521661,-0.113426 51.503919", "From Hatton Wall, Holborn to Waterloo Station 2, Waterloo"
"LINESTRING (-0.108028 51.518825,-0.113426 51.503919", "From Hatton Garden, Holborn to Waterloo Station 2, Waterloo"
"LINESTRING (-0.093051 51.511246,-0.113426 51.503919", "From Queen Street 2, Bank to Waterloo Station 2, Waterloo"
"LINESTRING (-0.118272 51.516277,-0.113426 51.503919", "From Lincoln's Inn Fields, Holborn to Waterloo Station 2, Waterloo"
"LINESTRING (-0.09294 51.511553,-0.113426 51.503919", "From Queen Street 1, Bank to Waterloo Station 2, Waterloo"
"LINESTRING (-0.09294 51.511553,-0.113426 51.503919", "From Queen Street 1, Bank to Waterloo Station 2, Waterloo"
"LINESTRING (-0.168917 51.497056,-0.113426 51.503919", "From Holy Trinity Brompton, Knightsbridge to Waterloo Station 2, Waterloo"
"LINESTRING (-0.09294 51.511553,-0.113426 51.503919", "From Queen Street 1, Bank to Waterloo Station 2, Waterloo"
"LINESTRING (-0.073537 51.514233,-0.113426 51.503919", "From Braham Street, Aldgate to Waterloo Station 2, Waterloo"
"LINESTRING (-0.108028 51.518825,-0.113426 51.503919", "From Hatton Garden, Holborn to Waterloo Station 2, Waterloo"
"LINESTRING (-0.082422 51.516154,-0.113426 51.503919", "From Wormwood Street, Liverpool Street to Waterloo Station 2, Waterloo"
"LINESTRING (-0.114079 51.522264,-0.113426 51.503919", "From Northington Street , Holborn to Waterloo Station 2, Waterloo"
"LINESTRING (-0.130431 51.52168,-0.113426 51.503919", "From Malet Street, Bloomsbury to Waterloo Station 2, Waterloo"
"LINESTRING (-0.141728 51.539099,-0.133952 51.536264", "From Greenland Road, Camden Town to Royal College Street, Camden Town"
"LINESTRING (-0.144664 51.538071,-0.133952 51.536264", "From Parkway, Camden Town to Royal College Street, Camden Town"
"LINESTRING (-0.130431 51.52168,-0.133952 51.536264", "From Malet Street, Bloomsbury to Royal College Street, Camden Town"
"LINESTRING (-0.116688 51.520596,-0.133952 51.536264", "From Theobald's Road , Holborn to Royal College Street, Camden Town"
"LINESTRING (-0.117863 51.515208,-0.133952 51.536264", "From Sardinia Street, Holborn to Royal College Street, Camden Town"
"LINESTRING (-0.120202 51.523346,-0.133952 51.536264", "From Guilford Street , Bloomsbury to Royal College Street, Camden Town"
"LINESTRING (-0.132053 51.518587,-0.133952 51.536264", "From Bayley Street , Bloomsbury to Royal College Street, Camden Town"
"LINESTRING (-0.128279 51.5293,-0.133952 51.536264", "From Ossulston Street, Somers Town to Royal College Street, Camden Town"
"LINESTRING (-0.130504 51.526838,-0.133952 51.536264", "From Endsleigh Gardens, Euston to Royal College Street, Camden Town"
"LINESTRING (-0.130504 51.526838,-0.133952 51.536264", "From Endsleigh Gardens, Euston to Royal College Street, Camden Town"
"LINESTRING (-0.131161 51.52505,-0.133952 51.536264", "From Taviton Street, Bloomsbury to Royal College Street, Camden Town"
"LINESTRING (-0.11548 51.528915,-0.133952 51.536264", "From Great Percy Street, Clerkenwell to Royal College Street, Camden Town"
"LINESTRING (-0.138231 51.525542,-0.133952 51.536264", "From Hampstead Road, Euston to Royal College Street, Camden Town"
"LINESTRING (-0.136792 51.533005,-0.133952 51.536264", "From Eversholt Street , Camden Town to Royal College Street, Camden Town"
"LINESTRING (-0.111778 51.515937,-0.133952 51.536264", "From Breams Buildings, Holborn to Royal College Street, Camden Town"
"LINESTRING (-0.062546 51.535678,-0.133952 51.536264", "From Regent's Row , Haggerston to Royal College Street, Camden Town"
"LINESTRING (-0.108657 51.51795,-0.133952 51.536264", "From Holborn Circus, Holborn to Royal College Street, Camden Town"
"LINESTRING (-0.118272 51.516277,-0.133952 51.536264", "From Lincoln's Inn Fields, Holborn to Royal College Street, Camden Town"
"LINESTRING (-0.132053 51.518587,-0.133952 51.536264", "From Bayley Street , Bloomsbury to Royal College Street, Camden Town"
"LINESTRING (-0.124121 51.523418,-0.133952 51.536264", "From Russell Square Station, Bloomsbury to Royal College Street, Camden Town"
"LINESTRING (-0.183846 51.523344,-0.133952 51.536264", "From Warwick Avenue Station, Maida Vale to Royal College Street, Camden Town"
"LINESTRING (-0.128279 51.5293,-0.133952 51.536264", "From Ossulston Street, Somers Town to Royal College Street, Camden Town"
"LINESTRING (-0.090847 51.525893,-0.133952 51.536264", "From Bath Street, St. Luke's to Royal College Street, Camden Town"
"LINESTRING (-0.133952 51.536264,-0.133952 51.536264", "From Royal College Street, Camden Town to Royal College Street, Camden Town"
"LINESTRING (-0.132053 51.518587,-0.133952 51.536264", "From Bayley Street , Bloomsbury to Royal College Street, Camden Town"
"LINESTRING (-0.08299 51.53213,-0.133952 51.536264", "From Pitfield Street Central, Hoxton to Royal College Street, Camden Town"
"LINESTRING (-0.120909 51.516128,-0.133952 51.536264", "From Newton Street, Covent Garden to Royal College Street, Camden Town"
"LINESTRING (-0.138019 51.524438,-0.133952 51.536264", "From Warren Street Station, Euston to Royal College Street, Camden Town"
"LINESTRING (-0.131161 51.52505,-0.133952 51.536264", "From Taviton Street, Bloomsbury to Royal College Street, Camden Town"
"LINESTRING (-0.141728 51.539099,-0.133952 51.536264", "From Greenland Road, Camden Town to Royal College Street, Camden Town"
"LINESTRING (-0.171681 51.522892,-0.171592 51.5289", "From Penfold Street, Marylebone to Lord's, St. John's Wood"
"LINESTRING (-0.175116 51.523353,-0.171592 51.5289", "From Frampton Street, Paddington to Lord's, St. John's Wood"
"LINESTRING (-0.171592 51.5289,-0.171592 51.5289", "From Lord's, St. John's Wood to Lord's, St. John's Wood"
"LINESTRING (-0.183486 51.529857,-0.171592 51.5289", "From Maida Vale, Maida Vale to Lord's, St. John's Wood"
"LINESTRING (-0.13225 51.528833,-0.171592 51.5289", "From Doric Way , Somers Town to Lord's, St. John's Wood"
"LINESTRING (-0.123616 51.529943,-0.171592 51.5289", "From Belgrove Street , King's Cross to Lord's, St. John's Wood"
"LINESTRING (-0.175116 51.523353,-0.171592 51.5289", "From Frampton Street, Paddington to Lord's, St. John's Wood"
"LINESTRING (-0.165842 51.522029,-0.171592 51.5289", "From Bell Street , Marylebone to Lord's, St. John's Wood"
"LINESTRING (-0.158963 51.524517,-0.171592 51.5289", "From Park Road (Baker Street), The Regent's Park to Lord's, St. John's Wood"
"LINESTRING (-0.158963 51.524517,-0.171592 51.5289", "From Park Road (Baker Street), The Regent's Park to Lord's, St. John's Wood"
"LINESTRING (-0.158249 51.516892,-0.171592 51.5289", "From George Place Mews, Marylebone to Lord's, St. John's Wood"
"LINESTRING (-0.128279 51.5293,-0.171592 51.5289", "From Ossulston Street, Somers Town to Lord's, St. John's Wood"
"LINESTRING (-0.082422 51.516154,-0.13214 51.519572", "From Wormwood Street, Liverpool Street to Store Street, Bloomsbury"
"LINESTRING (-0.123616 51.529943,-0.13214 51.519572", "From Belgrove Street , King's Cross to Store Street, Bloomsbury"
"LINESTRING (-0.161113 51.522596,-0.13214 51.519572", "From Dorset Square, Marylebone to Store Street, Bloomsbury"
"LINESTRING (-0.117863 51.515208,-0.13214 51.519572", "From Sardinia Street, Holborn to Store Street, Bloomsbury"
"LINESTRING (-0.152317 51.499412,-0.13214 51.519572", "From Belgrave Square, Belgravia to Store Street, Bloomsbury"
"LINESTRING (-0.136792 51.533005,-0.13214 51.519572", "From Eversholt Street , Camden Town to Store Street, Bloomsbury"
"LINESTRING (-0.123616 51.529943,-0.13214 51.519572", "From Belgrove Street , King's Cross to Store Street, Bloomsbury"
"LINESTRING (-0.138853 51.541603,-0.13214 51.519572", "From Bonny Street, Camden Town to Store Street, Bloomsbury"
"LINESTRING (-0.099994 51.522853,-0.13214 51.519572", "From Berry Street, Clerkenwell to Store Street, Bloomsbury"
"LINESTRING (-0.122299 51.530199,-0.13214 51.519572", "From Birkenhead Street, King's Cross to Store Street, Bloomsbury"
"LINESTRING (-0.187402 51.51031,-0.13214 51.519572", "From Queensway, Kensington Gardens to Store Street, Bloomsbury"
"LINESTRING (-0.142345 51.510662,-0.13214 51.519572", "From Clifford Street, Mayfair to Store Street, Bloomsbury"
"LINESTRING (-0.130458 51.494816,-0.13214 51.519572", "From Horseferry Road, Westminster to Store Street, Bloomsbury"
"LINESTRING (-0.179135 51.516417,-0.13214 51.519572", "From Eastbourne Mews, Paddington to Store Street, Bloomsbury"
"LINESTRING (-0.126021 51.508103,-0.13214 51.519572", "From Craven Street, Strand to Store Street, Bloomsbury"
"LINESTRING (-0.109006 51.521661,-0.13214 51.519572", "From Hatton Wall, Holborn to Store Street, Bloomsbury"
"LINESTRING (-0.168074 51.5343,-0.13214 51.519572", "From Charlbert Street, St. John's Wood to Store Street, Bloomsbury"
"LINESTRING (-0.164393 51.516517,-0.13214 51.519572", "From Nutford Place, Marylebone to Store Street, Bloomsbury"
"LINESTRING (-0.128279 51.5293,-0.13214 51.519572", "From Ossulston Street, Somers Town to Store Street, Bloomsbury"
"LINESTRING (-0.187402 51.51031,-0.13214 51.519572", "From Queensway, Kensington Gardens to Store Street, Bloomsbury"
"LINESTRING (-0.117619 51.509943,-0.13214 51.519572", "From Somerset House, Strand to Store Street, Bloomsbury"
"LINESTRING (-0.113426 51.503919,-0.13214 51.519572", "From Waterloo Station 2, Waterloo to Store Street, Bloomsbury"
"LINESTRING (-0.138733 51.496753,-0.13214 51.519572", "From Howick Place, Westminster to Store Street, Bloomsbury"
"LINESTRING (-0.117619 51.509943,-0.13214 51.519572", "From Somerset House, Strand to Store Street, Bloomsbury"
"LINESTRING (-0.187402 51.51031,-0.13214 51.519572", "From Queensway, Kensington Gardens to Store Street, Bloomsbury"
"LINESTRING (-0.13214 51.519572,-0.13214 51.519572", "From Store Street, Bloomsbury to Store Street, Bloomsbury"
"LINESTRING (-0.145246 51.539957,-0.13214 51.519572", "From Arlington Road, Camden Town to Store Street, Bloomsbury"
"LINESTRING (-0.134407 51.526236,-0.13214 51.519572", "From Euston Road, Euston to Store Street, Bloomsbury"
"LINESTRING (-0.109914 51.531666,-0.13214 51.519572", "From Claremont Square, Angel to Store Street, Bloomsbury"
"LINESTRING (-0.123616 51.529943,-0.13214 51.519572", "From Belgrove Street , King's Cross to Store Street, Bloomsbury"
"LINESTRING (-0.141327 51.520253,-0.13214 51.519572", "From Great Titchfield Street, Fitzrovia to Store Street, Bloomsbury"
"LINESTRING (-0.17581 51.517335,-0.13214 51.519572", "From South Wharf Road, Paddington to Store Street, Bloomsbury"
"LINESTRING (-0.144466 51.528302,-0.13214 51.519572", "From Albany Street, The Regent's Park to Store Street, Bloomsbury"
"LINESTRING (-0.141423 51.514499,-0.13214 51.519572", "From Little Argyll Street, West End to Store Street, Bloomsbury"
"LINESTRING (-0.120973 51.530059,-0.13214 51.519572", "From St. Chad's Street, King's Cross to Store Street, Bloomsbury"
"LINESTRING (-0.113864 51.504027,-0.13214 51.519572", "From Waterloo Station 1, Waterloo to Store Street, Bloomsbury"
"LINESTRING (-0.139016 51.520994,-0.13214 51.519572", "From Howland Street, Fitzrovia to Store Street, Bloomsbury"
"LINESTRING (-0.153463 51.525367,-0.13214 51.519572", "From The Tennis Courts, The Regent's Park to Store Street, Bloomsbury"
"LINESTRING (-0.13544 51.497829,-0.13214 51.519572", "From Butler Place, Westminster to Store Street, Bloomsbury"
"LINESTRING (-0.138072 51.517344,-0.13214 51.519572", "From Wells Street, Fitzrovia to Store Street, Bloomsbury"
"LINESTRING (-0.055312 51.52568,-0.13214 51.519572", "From Bethnal Green Garden, Bethnal Green to Store Street, Bloomsbury"
"LINESTRING (-0.086685 51.517075,-0.13214 51.519572", "From Finsbury Circus, Liverpool Street to Store Street, Bloomsbury"
"LINESTRING (-0.169774 51.519968,-0.13214 51.519572", "From Edgware Road Station, Marylebone to Store Street, Bloomsbury"
"LINESTRING (-0.113426 51.503919,-0.13214 51.519572", "From Waterloo Station 2, Waterloo to Store Street, Bloomsbury"
"LINESTRING (-0.117863 51.515208,-0.13214 51.519572", "From Sardinia Street, Holborn to Store Street, Bloomsbury"
"LINESTRING (-0.153463 51.525367,-0.13214 51.519572", "From The Tennis Courts, The Regent's Park to Store Street, Bloomsbury"
"LINESTRING (-0.127575 51.495805,-0.13214 51.519572", "From Smith Square, Westminster to Store Street, Bloomsbury"
"LINESTRING (-0.113426 51.503919,-0.13214 51.519572", "From Waterloo Station 2, Waterloo to Store Street, Bloomsbury"
"LINESTRING (-0.123702 51.506767,-0.13214 51.519572", "From Northumberland Avenue, Strand to Store Street, Bloomsbury"
"LINESTRING (-0.093051 51.511246,-0.13214 51.519572", "From Queen Street 2, Bank to Store Street, Bloomsbury"
"LINESTRING (-0.107987 51.517428,-0.13214 51.519572", "From New Fetter Lane, Holborn to Store Street, Bloomsbury"
"LINESTRING (-0.094524 51.500694,-0.13214 51.519572", "From Borough High Street, The Borough to Store Street, Bloomsbury"
"LINESTRING (-0.110699 51.501444,-0.13214 51.519572", "From Baylis Road, Waterloo to Store Street, Bloomsbury"
"LINESTRING (-0.141327 51.520253,-0.13214 51.519572", "From Great Titchfield Street, Fitzrovia to Store Street, Bloomsbury"
"LINESTRING (-0.089887 51.520858,-0.13214 51.519572", "From Bunhill Row, Moorgate to Store Street, Bloomsbury"
"LINESTRING (-0.131861 51.527068,-0.13214 51.519572", "From Euston Square Gardens, Euston to Store Street, Bloomsbury"
"LINESTRING (-0.117619 51.509943,-0.13214 51.519572", "From Somerset House, Strand to Store Street, Bloomsbury"
"LINESTRING (-0.09734 51.520841,-0.100168 51.530344", "From Aldersgate Street, Barbican to City Road, Angel"
"LINESTRING (-0.109914 51.531666,-0.100168 51.530344", "From Claremont Square, Angel to City Road, Angel"
"LINESTRING (-0.084439 51.524696,-0.100168 51.530344", "From Leonard Circus , Shoreditch to City Road, Angel"
"LINESTRING (-0.104947 51.516785,-0.100168 51.530344", "From Farringdon Street, Holborn to City Road, Angel"
"LINESTRING (-0.111781 51.533319,-0.100168 51.530344", "From Risinghill Street, Angel to City Road, Angel"
"LINESTRING (-0.078869 51.521113,-0.100168 51.530344", "From Norton Folgate, Liverpool Street to City Road, Angel"
"LINESTRING (-0.089659 51.52548,-0.100168 51.530344", "From Old Street Station, St. Luke's to City Road, Angel"
"LINESTRING (-0.077121 51.511594,-0.100168 51.530344", "From Crosswall, Tower to City Road, Angel"
"LINESTRING (-0.076793 51.513406,-0.100168 51.530344", "From Jewry Street, Aldgate to City Road, Angel"
"LINESTRING (-0.063386 51.521905,-0.100168 51.530344", "From Selby Street, Whitechapel to City Road, Angel"
"LINESTRING (-0.08249 51.53558,-0.100168 51.530344", "From Pitfield Street North,Hoxton to City Road, Angel"
"LINESTRING (-0.073537 51.514233,-0.100168 51.530344", "From Braham Street, Aldgate to City Road, Angel"
"LINESTRING (-0.135777 51.51953,-0.100168 51.530344", "From Charlotte Street, Fitzrovia to City Road, Angel"
"LINESTRING (-0.144083 51.525595,-0.100168 51.530344", "From Longford Street, The Regent's Park to City Road, Angel"
"LINESTRING (-0.078505 51.53095,-0.100168 51.530344", "From Falkirk Street, Hoxton to City Road, Angel"
"LINESTRING (-0.05438 51.520019,-0.100168 51.530344", "From Ansell House, Stepney to City Road, Angel"
"LINESTRING (-0.034903 51.518541,-0.100168 51.530344", "From Mile End Stadium, Mile End to City Road, Angel"
"LINESTRING (-0.125078 51.534667,-0.100168 51.530344", "From Good's Way, King's Cross to City Road, Angel"
"LINESTRING (-0.104708 51.52326,-0.100168 51.530344", "From Clerkenwell Green, Clerkenwell to City Road, Angel"
"LINESTRING (-0.093051 51.511246,-0.100168 51.530344", "From Queen Street 2, Bank to City Road, Angel"
"LINESTRING (-0.062697 51.518154,-0.100168 51.530344", "From New Road 1 , Whitechapel to City Road, Angel"
"LINESTRING (-0.08299 51.53213,-0.100168 51.530344", "From Pitfield Street Central, Hoxton to City Road, Angel"
"LINESTRING (-0.091401 51.518093,-0.100168 51.530344", "From Fore Street Avenue, Guildhall to City Road, Angel"
"LINESTRING (-0.08249 51.53558,-0.100168 51.530344", "From Pitfield Street North,Hoxton to City Road, Angel"
"LINESTRING (-0.083493 51.520955,-0.100168 51.530344", "From Pindar Street, Liverpool Street to City Road, Angel"
"LINESTRING (-0.106992 51.534504,-0.100168 51.530344", "From Liverpool Road (N1 Centre), Angel to City Road, Angel"
"LINESTRING (-0.077121 51.511594,-0.100168 51.530344", "From Crosswall, Tower to City Road, Angel"
"LINESTRING (-0.055656 51.514222,-0.100168 51.530344", "From Watney Market, Stepney to City Road, Angel"
"LINESTRING (-0.124469 51.485917,-0.151126 51.510919", "From Vauxhall Cross, Vauxhall to Millennium Hotel, Mayfair"
"LINESTRING (-0.136039 51.519914,-0.151126 51.510919", "From Scala Street, Fitzrovia to Millennium Hotel, Mayfair"
"LINESTRING (-0.19024 51.515529,-0.151126 51.510919", "From Westbourne Grove, Bayswater to Millennium Hotel, Mayfair"
"LINESTRING (-0.156166 51.518913,-0.151126 51.510919", "From Baker Street, Marylebone to Millennium Hotel, Mayfair"
"LINESTRING (-0.158456 51.502953,-0.151126 51.510919", "From Albert Gate, Hyde Park to Millennium Hotel, Mayfair"
"LINESTRING (-0.192369 51.491593,-0.151126 51.510919", "From Penywern Road, Earl's Court to Millennium Hotel, Mayfair"
"LINESTRING (-0.139174 51.533019,-0.151126 51.510919", "From Harrington Square 1, Camden Town to Millennium Hotel, Mayfair"
"LINESTRING (-0.091938 51.492807,-0.151126 51.510919", "From Victory Place, Walworth to Millennium Hotel, Mayfair"
"LINESTRING (-0.128377 51.523673,-0.151126 51.510919", "From Bedford Way, Bloomsbury to Millennium Hotel, Mayfair"
"LINESTRING (-0.121328 51.517606,-0.151126 51.510919", "From Southampton Place, Holborn to Millennium Hotel, Mayfair"
"LINESTRING (-0.183834 51.497924,-0.151126 51.510919", "From Gloucester Road (North), Kensington to Millennium Hotel, Mayfair"
"LINESTRING (-0.116625 51.486965,-0.151126 51.510919", "From Vauxhall Street, Vauxhall to Millennium Hotel, Mayfair"
"LINESTRING (-0.104708 51.52326,-0.151126 51.510919", "From Clerkenwell Green, Clerkenwell to Millennium Hotel, Mayfair"
"LINESTRING (-0.191933 51.495866,-0.151126 51.510919", "From Lexham Gardens, Kensington to Millennium Hotel, Mayfair"
"LINESTRING (-0.13011 51.513527,-0.151126 51.510919", "From Moor Street, Soho to Millennium Hotel, Mayfair"
"LINESTRING (-0.19024 51.515529,-0.151126 51.510919", "From Westbourne Grove, Bayswater to Millennium Hotel, Mayfair"
"LINESTRING (-0.215087 51.490217,-0.151126 51.510919", "From Barons Court Station, West Kensington to Millennium Hotel, Mayfair"
"LINESTRING (-0.192369 51.491593,-0.151126 51.510919", "From Penywern Road, Earl's Court to Millennium Hotel, Mayfair"
"LINESTRING (-0.108657 51.51795,-0.151126 51.510919", "From Holborn Circus, Holborn to Millennium Hotel, Mayfair"
"LINESTRING (-0.151359 51.522008,-0.151126 51.510919", "From Beaumont Street, Marylebone to Millennium Hotel, Mayfair"
"LINESTRING (-0.174554 51.499917,-0.164207 51.517372", "From Exhibition Road, Knightsbridge to Harrowby Street, Marylebone"
"LINESTRING (-0.183846 51.523344,-0.164207 51.517372", "From Warwick Avenue Station, Maida Vale to Harrowby Street, Marylebone"
"LINESTRING (-0.18697 51.51616,-0.164207 51.517372", "From Bishop's Bridge Road West, Bayswater to Harrowby Street, Marylebone"
"LINESTRING (-0.165842 51.522029,-0.164207 51.517372", "From Bell Street , Marylebone to Harrowby Street, Marylebone"
"LINESTRING (-0.157436 51.512276,-0.164207 51.517372", "From Green Street, Mayfair to Harrowby Street, Marylebone"
"LINESTRING (-0.187402 51.51031,-0.164207 51.517372", "From Queensway, Kensington Gardens to Harrowby Street, Marylebone"
"LINESTRING (-0.165842 51.522029,-0.164207 51.517372", "From Bell Street , Marylebone to Harrowby Street, Marylebone"
"LINESTRING (-0.116764 51.51362,-0.164207 51.517372", "From Houghton Street, Strand to Harrowby Street, Marylebone"
"LINESTRING (-0.14296 51.497998,-0.164207 51.517372", "From Warwick Row, Westminster to Harrowby Street, Marylebone"
"LINESTRING (-0.154701 51.520583,-0.164207 51.517372", "From Paddington Street, Marylebone to Harrowby Street, Marylebone"
"LINESTRING (-0.179668 51.511654,-0.164207 51.517372", "From Lancaster Gate , Bayswater to Harrowby Street, Marylebone"
"LINESTRING (-0.171592 51.5289,-0.164207 51.517372", "From Lord's, St. John's Wood to Harrowby Street, Marylebone"
"LINESTRING (-0.17219 51.526448,-0.164207 51.517372", "From Lisson Grove, St. John's Wood to Harrowby Street, Marylebone"
"LINESTRING (-0.156166 51.518913,-0.164207 51.517372", "From Baker Street, Marylebone to Harrowby Street, Marylebone"
"LINESTRING (-0.113426 51.503919,-0.164207 51.517372", "From Waterloo Station 2, Waterloo to Harrowby Street, Marylebone"
"LINESTRING (-0.174593 51.520205,-0.164207 51.517372", "From Paddington Green, Paddington to Harrowby Street, Marylebone"
"LINESTRING (-0.08497 51.50964,-0.164207 51.517372", "From Monument Street, Monument to Harrowby Street, Marylebone"
"LINESTRING (-0.090075 51.517842,-0.15934 51.500241", "From Fore Street, Guildhall to Harriet Street, Knightsbridge"
"LINESTRING (-0.157436 51.512276,-0.15934 51.500241", "From Green Street, Mayfair to Harriet Street, Knightsbridge"
"LINESTRING (-0.102996 51.486929,-0.15934 51.500241", "From Doddington Grove, Kennington to Harriet Street, Knightsbridge"
"LINESTRING (-0.207842 51.471079,-0.15934 51.500241", "From Elysium Place, Fulham to Harriet Street, Knightsbridge"
"LINESTRING (-0.134621 51.507424,-0.15934 51.500241", "From St. James's Square, St. James's to Harriet Street, Knightsbridge"
"LINESTRING (-0.148105 51.514759,-0.15934 51.500241", "From Marylebone Lane, Marylebone to Harriet Street, Knightsbridge"
"LINESTRING (-0.132845 51.489975,-0.15934 51.500241", "From Rampayne Street, Pimlico to Harriet Street, Knightsbridge"
"LINESTRING (-0.149569 51.50274,-0.15934 51.500241", "From Wellington Arch, Hyde Park to Harriet Street, Knightsbridge"
"LINESTRING (-0.135635 51.488226,-0.15934 51.500241", "From St. George's Square, Pimlico to Harriet Street, Knightsbridge"
"LINESTRING (-0.135635 51.488226,-0.15934 51.500241", "From St. George's Square, Pimlico to Harriet Street, Knightsbridge"
"LINESTRING (-0.167919 51.484984,-0.15934 51.500241", "From Phene Street, Chelsea to Harriet Street, Knightsbridge"
"LINESTRING (-0.169821 51.466633,-0.15934 51.500241", "From Falcon Road, Clapham Junction to Harriet Street, Knightsbridge"
"LINESTRING (-0.122219 51.51477,-0.15934 51.500241", "From Drury Lane, Covent Garden to Harriet Street, Knightsbridge"
"LINESTRING (-0.089446 51.497382,-0.15934 51.500241", "From Great Dover Street, The Borough to Harriet Street, Knightsbridge"
"LINESTRING (-0.169821 51.466633,-0.15934 51.500241", "From Falcon Road, Clapham Junction to Harriet Street, Knightsbridge"
"LINESTRING (-0.149569 51.50274,-0.15934 51.500241", "From Wellington Arch, Hyde Park to Harriet Street, Knightsbridge"
"LINESTRING (-0.190393 51.490163,-0.15934 51.500241", "From Bramham Gardens, Earl's Court to Harriet Street, Knightsbridge"
"LINESTRING (-0.193502 51.467064,-0.15934 51.500241", "From South Park, Sands End to Harriet Street, Knightsbridge"
"LINESTRING (-0.139625 51.490962,-0.15934 51.500241", "From Gloucester Street, Pimlico to Harriet Street, Knightsbridge"
"LINESTRING (-0.149569 51.50274,-0.15934 51.500241", "From Wellington Arch, Hyde Park to Harriet Street, Knightsbridge"
"LINESTRING (-0.164786 51.477292,-0.15934 51.500241", "From Ethelburga Estate, Battersea Park to Harriet Street, Knightsbridge"
"LINESTRING (-0.18119 51.485587,-0.15934 51.500241", "From Limerston Street, West Chelsea to Harriet Street, Knightsbridge"
"LINESTRING (-0.18377 51.5171,-0.15934 51.500241", "From Bishop's Bridge Road East, Bayswater to Harriet Street, Knightsbridge"
"LINESTRING (-0.149035 51.481121,-0.15934 51.500241", "From Sopwith Way, Battersea Park to Harriet Street, Knightsbridge"
"LINESTRING (-0.153645 51.512911,-0.15934 51.500241", "From North Audley Street, Mayfair to Harriet Street, Knightsbridge"
"LINESTRING (-0.135635 51.488226,-0.15934 51.500241", "From St. George's Square, Pimlico to Harriet Street, Knightsbridge"
"LINESTRING (-0.147624 51.49395,-0.15934 51.500241", "From Eccleston Place, Victoria to Harriet Street, Knightsbridge"
"LINESTRING (-0.17524 51.48902,-0.15934 51.500241", "From South Parade, Chelsea to Harriet Street, Knightsbridge"
"LINESTRING (-0.166878 51.488023,-0.15934 51.500241", "From Flood Street, Chelsea to Harriet Street, Knightsbridge"
"LINESTRING (-0.149569 51.50274,-0.15934 51.500241", "From Wellington Arch, Hyde Park to Harriet Street, Knightsbridge"
"LINESTRING (-0.149004 51.485821,-0.15934 51.500241", "From Chelsea Bridge, Pimlico to Harriet Street, Knightsbridge"
"LINESTRING (-0.191933 51.495866,-0.15934 51.500241", "From Lexham Gardens, Kensington to Harriet Street, Knightsbridge"
"LINESTRING (-0.135635 51.488226,-0.15934 51.500241", "From St. George's Square, Pimlico to Harriet Street, Knightsbridge"
"LINESTRING (-0.145904 51.507069,-0.15934 51.500241", "From Curzon Street, Mayfair to Harriet Street, Knightsbridge"
"LINESTRING (-0.13544 51.497829,-0.15934 51.500241", "From Butler Place, Westminster to Harriet Street, Knightsbridge"
"LINESTRING (-0.14177 51.479501,-0.15934 51.500241", "From Battersea Park Road, Nine Elms to Harriet Street, Knightsbridge"
"LINESTRING (-0.150905 51.496544,-0.15934 51.500241", "From Eaton Square, Belgravia to Harriet Street, Knightsbridge"
"LINESTRING (-0.149569 51.50274,-0.15934 51.500241", "From Wellington Arch, Hyde Park to Harriet Street, Knightsbridge"
"LINESTRING (-0.138019 51.524438,-0.174593 51.520205", "From Warren Street Station, Euston to Paddington Green, Paddington"
"LINESTRING (-0.188098 51.517919,-0.174593 51.520205", "From Gloucester Terrace, Bayswater to Paddington Green, Paddington"
"LINESTRING (-0.15352 51.503117,-0.174593 51.520205", "From Hyde Park Corner, Hyde Park to Paddington Green, Paddington"
"LINESTRING (-0.130699 51.50777,-0.174593 51.520205", "From Pall Mall East, West End to Paddington Green, Paddington"
"LINESTRING (-0.147154 51.537349,-0.174593 51.520205", "From Gloucester Avenue, Camden Town to Paddington Green, Paddington"
"LINESTRING (-0.145393 51.542138,-0.174593 51.520205", "From Castlehaven Road, Camden Town to Paddington Green, Paddington"
"LINESTRING (-0.098497 51.503688,-0.10988 51.49775", "From Union Street, The Borough to King Edward Walk, Waterloo"
"LINESTRING (-0.111014 51.493686,-0.10988 51.49775", "From Walnut Tree Walk, Vauxhall to King Edward Walk, Waterloo"
"LINESTRING (-0.129698 51.500703,-0.10988 51.49775", "From Storey's Gate, Westminster to King Edward Walk, Waterloo"
"LINESTRING (-0.116191 51.535467,-0.117863 51.515208", "From Carnegie Street, King's Cross to Sardinia Street, Holborn"
"LINESTRING (-0.117863 51.515208,-0.117863 51.515208", "From Sardinia Street, Holborn to Sardinia Street, Holborn"
"LINESTRING (-0.136792 51.533005,-0.117863 51.515208", "From Eversholt Street , Camden Town to Sardinia Street, Holborn"
"LINESTRING (-0.127854 51.517727,-0.117863 51.515208", "From Great Russell Street, Bloomsbury to Sardinia Street, Holborn"
"LINESTRING (-0.11548 51.528915,-0.117863 51.515208", "From Great Percy Street, Clerkenwell to Sardinia Street, Holborn"
"LINESTRING (-0.141423 51.514499,-0.117863 51.515208", "From Little Argyll Street, West End to Sardinia Street, Holborn"
"LINESTRING (-0.117863 51.515208,-0.117863 51.515208", "From Sardinia Street, Holborn to Sardinia Street, Holborn"
"LINESTRING (-0.069743 51.528222,-0.117863 51.515208", "From Wellington Row, Bethnal Green to Sardinia Street, Holborn"
"LINESTRING (-0.09885 51.515418,-0.117863 51.515208", "From Newgate Street , St. Paul's to Sardinia Street, Holborn"
"LINESTRING (-0.133952 51.536264,-0.117863 51.515208", "From Royal College Street, Camden Town to Sardinia Street, Holborn"
"LINESTRING (-0.125979 51.526357,-0.117863 51.515208", "From Cartwright Gardens , Bloomsbury to Sardinia Street, Holborn"
"LINESTRING (-0.055656 51.514222,-0.117863 51.515208", "From Watney Market, Stepney to Sardinia Street, Holborn"
"LINESTRING (-0.090847 51.525893,-0.117863 51.515208", "From Bath Street, St. Luke's to Sardinia Street, Holborn"
"LINESTRING (-0.091773 51.504627,-0.117863 51.515208", "From Hop Exchange, The Borough to Sardinia Street, Holborn"
"LINESTRING (-0.100791 51.518218,-0.117863 51.515208", "From West Smithfield Rotunda, Farringdon to Sardinia Street, Holborn"
"LINESTRING (-0.104708 51.52326,-0.117863 51.515208", "From Clerkenwell Green, Clerkenwell to Sardinia Street, Holborn"
"LINESTRING (-0.109914 51.531666,-0.117863 51.515208", "From Claremont Square, Angel to Sardinia Street, Holborn"
"LINESTRING (-0.123509 51.52625,-0.117863 51.515208", "From Tavistock Place, Bloomsbury to Sardinia Street, Holborn"
"LINESTRING (-0.131161 51.52505,-0.117863 51.515208", "From Taviton Street, Bloomsbury to Sardinia Street, Holborn"
"LINESTRING (-0.158963 51.524517,-0.117863 51.515208", "From Park Road (Baker Street), The Regent's Park to Sardinia Street, Holborn"
"LINESTRING (-0.124807 51.53724,-0.117863 51.515208", "From Handyside Street, King's Cross to Sardinia Street, Holborn"
"LINESTRING (-0.144228 51.518117,-0.117863 51.515208", "From Broadcasting House, Marylebone to Sardinia Street, Holborn"
"LINESTRING (-0.164393 51.516517,-0.117863 51.515208", "From Nutford Place, Marylebone to Sardinia Street, Holborn"
"LINESTRING (-0.116688 51.520596,-0.117863 51.515208", "From Theobald's Road , Holborn to Sardinia Street, Holborn"
"LINESTRING (-0.118478 51.514409,-0.117863 51.515208", "From Kingsway, Covent Garden to Sardinia Street, Holborn"
"LINESTRING (-0.147983 51.519167,-0.117863 51.515208", "From New Cavendish Street, Marylebone to Sardinia Street, Holborn"
"LINESTRING (-0.108068 51.527842,-0.117863 51.515208", "From Hardwick Street, Clerkenwell to Sardinia Street, Holborn"
"LINESTRING (-0.138535 51.538792,-0.117863 51.515208", "From St Martins Close, Camden Town to Sardinia Street, Holborn"
"LINESTRING (-0.140485 51.519181,-0.117863 51.515208", "From Foley Street, Fitzrovia to Sardinia Street, Holborn"
"LINESTRING (-0.144466 51.528302,-0.117863 51.515208", "From Albany Street, The Regent's Park to Sardinia Street, Holborn"
"LINESTRING (-0.074431 51.519362,-0.113864 51.504027", "From Fournier Street, Whitechapel to Waterloo Station 1, Waterloo"
"LINESTRING (-0.108657 51.51795,-0.113864 51.504027", "From Holborn Circus, Holborn to Waterloo Station 1, Waterloo"
"LINESTRING (-0.122219 51.51477,-0.113864 51.504027", "From Drury Lane, Covent Garden to Waterloo Station 1, Waterloo"
"LINESTRING (-0.102091 51.500693,-0.113864 51.504027", "From Webber Street , Southwark to Waterloo Station 1, Waterloo"
"LINESTRING (-0.131773 51.506633,-0.113864 51.504027", "From Waterloo Place, St. James's to Waterloo Station 1, Waterloo"
"LINESTRING (-0.089887 51.520858,-0.113864 51.504027", "From Bunhill Row, Moorgate to Waterloo Station 1, Waterloo"
"LINESTRING (-0.079608 51.521668,-0.113864 51.504027", "From Worship Street, Shoreditch to Waterloo Station 1, Waterloo"
"LINESTRING (-0.091773 51.504627,-0.113864 51.504027", "From Hop Exchange, The Borough to Waterloo Station 1, Waterloo"
"LINESTRING (-0.093051 51.511246,-0.113864 51.504027", "From Queen Street 2, Bank to Waterloo Station 1, Waterloo"
"LINESTRING (-0.101536 51.49217,-0.113864 51.504027", "From Hampton Street, Walworth to Waterloo Station 1, Waterloo"
"LINESTRING (-0.092176 51.520044,-0.113864 51.504027", "From Barbican Centre, Barbican to Waterloo Station 1, Waterloo"
"LINESTRING (-0.124749 51.509462,-0.113864 51.504027", "From William IV Street, Strand to Waterloo Station 1, Waterloo"
"LINESTRING (-0.099141 51.512484,-0.113864 51.504027", "From Godliman Street, St. Paul's to Waterloo Station 1, Waterloo"
"LINESTRING (-0.100292 51.501732,-0.113864 51.504027", "From Great Suffolk Street, The Borough to Waterloo Station 1, Waterloo"
"LINESTRING (-0.164207 51.517372,-0.113864 51.504027", "From Harrowby Street, Marylebone to Waterloo Station 1, Waterloo"
"LINESTRING (-0.103078 51.511934,-0.113864 51.504027", "From Blackfriars Station, St. Paul's to Waterloo Station 1, Waterloo"
"LINESTRING (-0.100791 51.518218,-0.113864 51.504027", "From West Smithfield Rotunda, Farringdon to Waterloo Station 1, Waterloo"
"LINESTRING (-0.103132 51.498744,-0.113864 51.504027", "From LSBU (Borough Road), Elephant & Castle to Waterloo Station 1, Waterloo"
"LINESTRING (-0.101384 51.49652,-0.113864 51.504027", "From Ontario Street, Elephant & Castle to Waterloo Station 1, Waterloo"
"LINESTRING (-0.09294 51.511553,-0.113864 51.504027", "From Queen Street 1, Bank to Waterloo Station 1, Waterloo"
"LINESTRING (-0.103137 51.506692,-0.113864 51.504027", "From Poured Lines, Bankside to Waterloo Station 1, Waterloo"
"LINESTRING (-0.101384 51.49652,-0.113864 51.504027", "From Ontario Street, Elephant & Castle to Waterloo Station 1, Waterloo"
"LINESTRING (-0.096317 51.526008,-0.113864 51.504027", "From Finsbury Leisure Centre, St. Luke's to Waterloo Station 1, Waterloo"
"LINESTRING (-0.089446 51.497382,-0.113864 51.504027", "From Great Dover Street, The Borough to Waterloo Station 1, Waterloo"
"LINESTRING (-0.081608 51.497855,-0.113864 51.504027", "From Bermondsey Street, Bermondsey to Waterloo Station 1, Waterloo"
"LINESTRING (-0.141923 51.489856,-0.113864 51.504027", "From Warwick Square, Pimlico to Waterloo Station 1, Waterloo"
"LINESTRING (-0.128377 51.523673,-0.113864 51.504027", "From Bedford Way, Bloomsbury to Waterloo Station 1, Waterloo"
"LINESTRING (-0.178656 51.501432,-0.113864 51.504027", "From Kensington Gore, Knightsbridge to Waterloo Station 1, Waterloo"
"LINESTRING (-0.092176 51.520044,-0.113864 51.504027", "From Barbican Centre, Barbican to Waterloo Station 1, Waterloo"
"LINESTRING (-0.08974 51.500823,-0.113864 51.504027", "From Empire Square, The Borough to Waterloo Station 1, Waterloo"
"LINESTRING (-0.087262 51.506304,-0.113864 51.504027", "From Duke Street Hill, London Bridge to Waterloo Station 1, Waterloo"
"LINESTRING (-0.102091 51.500693,-0.113864 51.504027", "From Webber Street , Southwark to Waterloo Station 1, Waterloo"
"LINESTRING (-0.100791 51.518218,-0.113864 51.504027", "From West Smithfield Rotunda, Farringdon to Waterloo Station 1, Waterloo"
"LINESTRING (-0.075459 51.509506,-0.113864 51.504027", "From Tower Gardens , Tower to Waterloo Station 1, Waterloo"
"LINESTRING (-0.11655 51.51824,-0.113864 51.504027", "From Red Lion Street, Holborn to Waterloo Station 1, Waterloo"
"LINESTRING (-0.137424 51.498865,-0.113864 51.504027", "From Buckingham Gate, Westminster to Waterloo Station 1, Waterloo"
"LINESTRING (-0.0985 51.51601,-0.113864 51.504027", "From King Edward Street, St Pauls to Waterloo Station 1, Waterloo"
"LINESTRING (-0.083632 51.502153,-0.113864 51.504027", "From Snowsfields, London Bridge to Waterloo Station 1, Waterloo"
"LINESTRING (-0.091938 51.492807,-0.113864 51.504027", "From Victory Place, Walworth to Waterloo Station 1, Waterloo"
"LINESTRING (-0.131161 51.52505,-0.113864 51.504027", "From Taviton Street, Bloomsbury to Waterloo Station 1, Waterloo"
"LINESTRING (-0.141923 51.489856,-0.113864 51.504027", "From Warwick Square, Pimlico to Waterloo Station 1, Waterloo"
"LINESTRING (-0.106408 51.530515,-0.113864 51.504027", "From Chadwell Street, Angel to Waterloo Station 1, Waterloo"
"LINESTRING (-0.100791 51.518218,-0.113864 51.504027", "From West Smithfield Rotunda, Farringdon to Waterloo Station 1, Waterloo"
"LINESTRING (-0.178656 51.501432,-0.113864 51.504027", "From Kensington Gore, Knightsbridge to Waterloo Station 1, Waterloo"
"LINESTRING (-0.138019 51.524438,-0.113864 51.504027", "From Warren Street Station, Euston to Waterloo Station 1, Waterloo"
"LINESTRING (-0.179135 51.516417,-0.113864 51.504027", "From Eastbourne Mews, Paddington to Waterloo Station 1, Waterloo"
"LINESTRING (-0.10834 51.52352,-0.113864 51.504027", "From Farringdon Lane, Clerkenwell to Waterloo Station 1, Waterloo"
"LINESTRING (-0.136039 51.519914,-0.113864 51.504027", "From Scala Street, Fitzrovia to Waterloo Station 1, Waterloo"
"LINESTRING (-0.086685 51.517075,-0.113864 51.504027", "From Finsbury Circus, Liverpool Street to Waterloo Station 1, Waterloo"
"LINESTRING (-0.093051 51.511246,-0.113864 51.504027", "From Queen Street 2, Bank to Waterloo Station 1, Waterloo"
"LINESTRING (-0.111778 51.515937,-0.113864 51.504027", "From Breams Buildings, Holborn to Waterloo Station 1, Waterloo"
"LINESTRING (-0.105344 51.515059,-0.113864 51.504027", "From St. Bride Street, Holborn to Waterloo Station 1, Waterloo"
"LINESTRING (-0.105344 51.515059,-0.113864 51.504027", "From St. Bride Street, Holborn to Waterloo Station 1, Waterloo"
"LINESTRING (-0.113864 51.504027,-0.113864 51.504027", "From Waterloo Station 1, Waterloo to Waterloo Station 1, Waterloo"
"LINESTRING (-0.124826 51.516226,-0.113864 51.504027", "From High Holborn , Covent Garden to Waterloo Station 1, Waterloo"
"LINESTRING (-0.158456 51.502953,-0.113864 51.504027", "From Albert Gate, Hyde Park to Waterloo Station 1, Waterloo"
"LINESTRING (-0.08066 51.514225,-0.113864 51.504027", "From St. Mary Axe, Aldgate to Waterloo Station 1, Waterloo"
"LINESTRING (-0.115057 51.512582,-0.113864 51.504027", "From Strand, Strand to Waterloo Station 1, Waterloo"
"LINESTRING (-0.096518 51.491327,-0.113864 51.504027", "From Walworth Square, Walworth to Waterloo Station 1, Waterloo"
"LINESTRING (-0.104947 51.516785,-0.113864 51.504027", "From Farringdon Street, Holborn to Waterloo Station 1, Waterloo"
"LINESTRING (-0.10834 51.52352,-0.113864 51.504027", "From Farringdon Lane, Clerkenwell to Waterloo Station 1, Waterloo"
"LINESTRING (-0.093051 51.511246,-0.113864 51.504027", "From Queen Street 2, Bank to Waterloo Station 1, Waterloo"
"LINESTRING (-0.093913 51.496791,-0.113864 51.504027", "From Dickens Square, Borough to Waterloo Station 1, Waterloo"
"LINESTRING (-0.131213 51.513103,-0.113864 51.504027", "From Frith Street, Soho to Waterloo Station 1, Waterloo"
"LINESTRING (-0.131961 51.508446,-0.113864 51.504027", "From Charles II Street, West End to Waterloo Station 1, Waterloo"
"LINESTRING (-0.100791 51.518218,-0.113864 51.504027", "From West Smithfield Rotunda, Farringdon to Waterloo Station 1, Waterloo"
"LINESTRING (-0.101384 51.49652,-0.113864 51.504027", "From Ontario Street, Elephant & Castle to Waterloo Station 1, Waterloo"
"LINESTRING (-0.114079 51.522264,-0.113864 51.504027", "From Northington Street , Holborn to Waterloo Station 1, Waterloo"
"LINESTRING (-0.119047 51.509631,-0.113864 51.504027", "From Embankment (Savoy), Strand to Waterloo Station 1, Waterloo"
"LINESTRING (-0.09734 51.520841,-0.113864 51.504027", "From Aldersgate Street, Barbican to Waterloo Station 1, Waterloo"
"LINESTRING (-0.129925 51.493072,-0.113864 51.504027", "From Vincent Street, Pimlico to Waterloo Station 1, Waterloo"
"LINESTRING (-0.087262 51.506304,-0.113864 51.504027", "From Duke Street Hill, London Bridge to Waterloo Station 1, Waterloo"
"LINESTRING (-0.099489 51.524868,-0.113864 51.504027", "From Sadlers Sports Centre, Finsbury to Waterloo Station 1, Waterloo"
"LINESTRING (-0.090075 51.517842,-0.113864 51.504027", "From Fore Street, Guildhall to Waterloo Station 1, Waterloo"
"LINESTRING (-0.098807 51.506725,-0.113864 51.504027", "From Tate Modern, Bankside to Waterloo Station 1, Waterloo"
"LINESTRING (-0.131213 51.513103,-0.113864 51.504027", "From Frith Street, Soho to Waterloo Station 1, Waterloo"
"LINESTRING (-0.123616 51.529943,-0.113864 51.504027", "From Belgrove Street , King's Cross to Waterloo Station 1, Waterloo"
"LINESTRING (-0.112824 51.503791,-0.113864 51.504027", "From Waterloo Station 3, Waterloo to Waterloo Station 1, Waterloo"
"LINESTRING (-0.11655 51.51824,-0.113864 51.504027", "From Red Lion Street, Holborn to Waterloo Station 1, Waterloo"
"LINESTRING (-0.147983 51.519167,-0.113864 51.504027", "From New Cavendish Street, Marylebone to Waterloo Station 1, Waterloo"
"LINESTRING (-0.157436 51.512276,-0.113864 51.504027", "From Green Street, Mayfair to Waterloo Station 1, Waterloo"
"LINESTRING (-0.073537 51.514233,-0.113864 51.504027", "From Braham Street, Aldgate to Waterloo Station 1, Waterloo"
"LINESTRING (-0.063531 51.504719,-0.113864 51.504027", "From Hermitage Court, Wapping to Waterloo Station 1, Waterloo"
"LINESTRING (-0.18267 51.494185,-0.113864 51.504027", "From Gloucester Road Station, South Kensington to Waterloo Station 1, Waterloo"
"LINESTRING (-0.13151 51.509639,-0.113864 51.504027", "From Panton Street, West End to Waterloo Station 1, Waterloo"
"LINESTRING (-0.12335 51.51746,-0.113864 51.504027", "From Bury Place, Holborn to Waterloo Station 1, Waterloo"
"LINESTRING (-0.118295 51.52728,-0.113864 51.504027", "From Ampton Street , Clerkenwell to Waterloo Station 1, Waterloo"
"LINESTRING (-0.10454 51.505461,-0.113864 51.504027", "From Blackfriars Road, Southwark to Waterloo Station 1, Waterloo"
"LINESTRING (-0.111014 51.493686,-0.113864 51.504027", "From Walnut Tree Walk, Vauxhall to Waterloo Station 1, Waterloo"
"LINESTRING (-0.114934 51.49288,-0.113864 51.504027", "From Lollard Street, Vauxhall to Waterloo Station 1, Waterloo"
"LINESTRING (-0.197574 51.499606,-0.194392 51.501945", "From Phillimore Gardens, Kensington to Kensington Town Hall, Kensington"
"LINESTRING (-0.132102 51.498125,-0.194392 51.501945", "From Abbey Orchard Street, Westminster to Kensington Town Hall, Kensington"
"LINESTRING (-0.131161 51.52505,-0.194392 51.501945", "From Taviton Street, Bloomsbury to Kensington Town Hall, Kensington"
"LINESTRING (-0.191496 51.503157,-0.194392 51.501945", "From Kensington Church Street, Kensington to Kensington Town Hall, Kensington"
"LINESTRING (-0.191496 51.503157,-0.194392 51.501945", "From Kensington Church Street, Kensington to Kensington Town Hall, Kensington"
"LINESTRING (-0.211468 51.462312,-0.194392 51.501945", "From Esmond Street, Putney to Kensington Town Hall, Kensington"
"LINESTRING (-0.141923 51.489856,-0.194392 51.501945", "From Warwick Square, Pimlico to Kensington Town Hall, Kensington"
"LINESTRING (-0.123179 51.506543,-0.194392 51.501945", "From Whitehall Place, Strand to Kensington Town Hall, Kensington"
"LINESTRING (-0.19617 51.490853,-0.194392 51.501945", "From Trebovir Road, Earl's Court to Kensington Town Hall, Kensington"
"LINESTRING (-0.139625 51.490962,-0.125674 51.491884", "From Gloucester Street, Pimlico to Millbank Tower, Pimlico"
"LINESTRING (-0.155442 51.474376,-0.125674 51.491884", "From Austin Road, Battersea Park to Millbank Tower, Pimlico"
"LINESTRING (-0.165297 51.461923,-0.125674 51.491884", "From Limburg Road, Clapham Junction to Millbank Tower, Pimlico"
"LINESTRING (-0.112824 51.503791,-0.125674 51.491884", "From Waterloo Station 3, Waterloo to Millbank Tower, Pimlico"
"LINESTRING (-0.170329 51.477684,-0.125674 51.491884", "From Westbridge Road, Battersea to Millbank Tower, Pimlico"
"LINESTRING (-0.118256 51.47659,-0.125674 51.491884", "From Albert Square, Stockwell to Millbank Tower, Pimlico"
"LINESTRING (-0.147804 51.461376,-0.125674 51.491884", "From Victoria Rise, Clapham Common to Millbank Tower, Pimlico"
"LINESTRING (-0.166878 51.488023,-0.125674 51.491884", "From Flood Street, Chelsea to Millbank Tower, Pimlico"
"LINESTRING (-0.123258 51.476149,-0.125674 51.491884", "From Teversham Lane, Stockwell to Millbank Tower, Pimlico"
"LINESTRING (-0.187427 51.460864,-0.125674 51.491884", "From Wandsworth Town Station, Wandsworth to Millbank Tower, Pimlico"
"LINESTRING (-0.113936 51.500139,-0.125674 51.491884", "From Lower Marsh, Waterloo to Millbank Tower, Pimlico"
"LINESTRING (-0.216573 51.466907,-0.125674 51.491884", "From Putney Pier, Wandsworth to Millbank Tower, Pimlico"
"LINESTRING (-0.171103 51.518268,-0.125674 51.491884", "From St Mary's Hospital, Paddington to Millbank Tower, Pimlico"
"LINESTRING (-0.176267 51.472876,-0.125674 51.491884", "From Vicarage Crescent, Battersea to Millbank Tower, Pimlico"
"LINESTRING (-0.161113 51.522596,-0.125674 51.491884", "From Dorset Square, Marylebone to Millbank Tower, Pimlico"
"LINESTRING (-0.164207 51.517372,-0.125674 51.491884", "From Harrowby Street, Marylebone to Millbank Tower, Pimlico"
"LINESTRING (-0.147857 51.477966,-0.125674 51.491884", "From Gas Holders, Battersea Park to Millbank Tower, Pimlico"
"LINESTRING (-0.158456 51.502953,-0.125674 51.491884", "From Albert Gate, Hyde Park to Millbank Tower, Pimlico"
"LINESTRING (-0.136123 51.482362,-0.125674 51.491884", "From Riverlight North, Nine Elms to Millbank Tower, Pimlico"
"LINESTRING (-0.079684 51.516468,-0.125674 51.491884", "From Devonshire Square, Liverpool Street to Millbank Tower, Pimlico"
"LINESTRING (-0.083159 51.500889,-0.125674 51.491884", "From Tyers Gate, Bermondsey to Millbank Tower, Pimlico"
"LINESTRING (-0.126874 51.47787,-0.125674 51.491884", "From Hartington Road, Stockwell to Millbank Tower, Pimlico"
"LINESTRING (-0.106323 51.490757,-0.125674 51.491884", "From Cotton Garden Estate, Kennington to Millbank Tower, Pimlico"
"LINESTRING (-0.184318 51.468819,-0.125674 51.491884", "From William Morris Way, Sands End to Millbank Tower, Pimlico"
"LINESTRING (-0.113864 51.504027,-0.125674 51.491884", "From Waterloo Station 1, Waterloo to Millbank Tower, Pimlico"
"LINESTRING (-0.070542 51.505697,-0.125674 51.491884", "From St. Katharine's Way, Tower to Millbank Tower, Pimlico"
"LINESTRING (-0.123823 51.501513,-0.125674 51.491884", "From Westminster Pier, Westminster to Millbank Tower, Pimlico"
"LINESTRING (-0.123823 51.501513,-0.125674 51.491884", "From Westminster Pier, Westminster to Millbank Tower, Pimlico"
"LINESTRING (-0.116493 51.477839,-0.125674 51.491884", "From Caldwell Street, Stockwell to Millbank Tower, Pimlico"
"LINESTRING (-0.123258 51.476149,-0.125674 51.491884", "From Teversham Lane, Stockwell to Millbank Tower, Pimlico"
"LINESTRING (-0.149004 51.485821,-0.125674 51.491884", "From Chelsea Bridge, Pimlico to Millbank Tower, Pimlico"
"LINESTRING (-0.115851 51.505044,-0.113656 51.505354", "From Concert Hall Approach 1, South Bank to Waterloo Bridge, South Bank"
"LINESTRING (-0.127575 51.495805,-0.113656 51.505354", "From Smith Square, Westminster to Waterloo Bridge, South Bank"
"LINESTRING (-0.08249 51.53558,-0.113656 51.505354", "From Pitfield Street North,Hoxton to Waterloo Bridge, South Bank"
"LINESTRING (-0.128279 51.5293,-0.113656 51.505354", "From Ossulston Street, Somers Town to Waterloo Bridge, South Bank"
"LINESTRING (-0.074189 51.502279,-0.113656 51.505354", "From Curlew Street, Shad Thames to Waterloo Bridge, South Bank"
"LINESTRING (-0.116764 51.51362,-0.113656 51.505354", "From Houghton Street, Strand to Waterloo Bridge, South Bank"
"LINESTRING (-0.111778 51.515937,-0.113656 51.505354", "From Breams Buildings, Holborn to Waterloo Bridge, South Bank"
"LINESTRING (-0.141327 51.520253,-0.113656 51.505354", "From Great Titchfield Street, Fitzrovia to Waterloo Bridge, South Bank"
"LINESTRING (-0.118256 51.47659,-0.113656 51.505354", "From Albert Square, Stockwell to Waterloo Bridge, South Bank"
"LINESTRING (-0.120718 51.511968,-0.113656 51.505354", "From Tavistock Street, Covent Garden to Waterloo Bridge, South Bank"
"LINESTRING (-0.122219 51.51477,-0.113656 51.505354", "From Drury Lane, Covent Garden to Waterloo Bridge, South Bank"
"LINESTRING (-0.134621 51.507424,-0.113656 51.505354", "From St. James's Square, St. James's to Waterloo Bridge, South Bank"
"LINESTRING (-0.124749 51.509462,-0.113656 51.505354", "From William IV Street, Strand to Waterloo Bridge, South Bank"
"LINESTRING (-0.187404 51.487958,-0.179077 51.495592", "From Harcourt Terrace, West Brompton to Natural History Museum, South Kensington"
"LINESTRING (-0.209494 51.498157,-0.179077 51.495592", "From Kensington Olympia Station, Olympia to Natural History Museum, South Kensington"
"LINESTRING (-0.190393 51.490163,-0.179077 51.495592", "From Bramham Gardens, Earl's Court to Natural History Museum, South Kensington"
"LINESTRING (-0.216305 51.483356,-0.179077 51.495592", "From Everington Street, Fulham to Natural History Museum, South Kensington"
"LINESTRING (-0.209973 51.481021,-0.179077 51.495592", "From Aintree Street, Fulham to Natural History Museum, South Kensington"
"LINESTRING (-0.206029 51.49087,-0.179077 51.495592", "From West Kensington Station, West Kensington to Natural History Museum, South Kensington"
"LINESTRING (-0.190393 51.490163,-0.179077 51.495592", "From Bramham Gardens, Earl's Court to Natural History Museum, South Kensington"
"LINESTRING (-0.162418 51.490083,-0.179077 51.495592", "From Royal Avenue 2, Chelsea to Natural History Museum, South Kensington"
"LINESTRING (-0.165164 51.514746,-0.179077 51.495592", "From Porchester Place, Paddington to Natural History Museum, South Kensington"
"LINESTRING (-0.185273 51.481765,-0.179077 51.495592", "From Hortensia Road, West Brompton to Natural History Museum, South Kensington"
"LINESTRING (-0.174971 51.485121,-0.179077 51.495592", "From The Vale, Chelsea to Natural History Museum, South Kensington"
"LINESTRING (-0.151296 51.50923,-0.179077 51.495592", "From South Audley Street, Mayfair to Natural History Museum, South Kensington"
"LINESTRING (-0.18119 51.485587,-0.179077 51.495592", "From Limerston Street, West Chelsea to Natural History Museum, South Kensington"
"LINESTRING (-0.190393 51.490163,-0.179077 51.495592", "From Bramham Gardens, Earl's Court to Natural History Museum, South Kensington"
"LINESTRING (-0.15352 51.503117,-0.179077 51.495592", "From Hyde Park Corner, Hyde Park to Natural History Museum, South Kensington"
"LINESTRING (-0.163041 51.470538,-0.179077 51.495592", "From Sheepcote Lane, Battersea to Natural History Museum, South Kensington"
"LINESTRING (-0.151296 51.50923,-0.179077 51.495592", "From South Audley Street, Mayfair to Natural History Museum, South Kensington"
"LINESTRING (-0.15213 51.470475,-0.179077 51.495592", "From Stanley Grove, Battersea to Natural History Museum, South Kensington"
"LINESTRING (-0.158456 51.502953,-0.179077 51.495592", "From Albert Gate, Hyde Park to Natural History Museum, South Kensington"
"LINESTRING (-0.19617 51.490853,-0.179077 51.495592", "From Trebovir Road, Earl's Court to Natural History Museum, South Kensington"
"LINESTRING (-0.15352 51.503117,-0.179077 51.495592", "From Hyde Park Corner, Hyde Park to Natural History Museum, South Kensington"
"LINESTRING (-0.216145 51.46161,-0.179077 51.495592", "From Disraeli Road, Putney to Natural History Museum, South Kensington"
"LINESTRING (-0.15352 51.503117,-0.179077 51.495592", "From Hyde Park Corner, Hyde Park to Natural History Museum, South Kensington"
"LINESTRING (-0.180389 51.46517,-0.179077 51.495592", "From Hibbert Street, Battersea to Natural History Museum, South Kensington"
"LINESTRING (-0.190393 51.490163,-0.179077 51.495592", "From Bramham Gardens, Earl's Court to Natural History Museum, South Kensington"
"LINESTRING (-0.198286 51.493724,-0.179077 51.495592", "From West Cromwell Road, Earl's Court to Natural History Museum, South Kensington"
"LINESTRING (-0.216305 51.483356,-0.179077 51.495592", "From Everington Street, Fulham to Natural History Museum, South Kensington"
"LINESTRING (-0.15352 51.503117,-0.179077 51.495592", "From Hyde Park Corner, Hyde Park to Natural History Museum, South Kensington"
"LINESTRING (-0.192369 51.491593,-0.179077 51.495592", "From Penywern Road, Earl's Court to Natural History Museum, South Kensington"
"LINESTRING (-0.223852 51.483732,-0.179077 51.495592", "From Rainville Road, Hammersmith to Natural History Museum, South Kensington"
"LINESTRING (-0.205876 51.475698,-0.179077 51.495592", "From Chesilton Road, Fulham to Natural History Museum, South Kensington"
"LINESTRING (-0.189155 51.477292,-0.179077 51.495592", "From Michael Road, Walham Green to Natural History Museum, South Kensington"
"LINESTRING (-0.180274 51.481805,-0.179077 51.495592", "From World's End Place, West Chelsea to Natural History Museum, South Kensington"
"LINESTRING (-0.206029 51.49087,-0.179077 51.495592", "From West Kensington Station, West Kensington to Natural History Museum, South Kensington"
"LINESTRING (-0.176268 51.524826,-0.200838 51.514311", "From Aberdeen Place, St. John's Wood to Turquoise Island, Notting Hill"
"LINESTRING (-0.183118 51.515607,-0.200838 51.514311", "From Cleveland Gardens, Bayswater to Turquoise Island, Notting Hill"
"LINESTRING (-0.138019 51.524438,-0.200838 51.514311", "From Warren Street Station, Euston to Turquoise Island, Notting Hill"
"LINESTRING (-0.17977 51.51348,-0.200838 51.514311", "From Devonshire Terrace, Bayswater to Turquoise Island, Notting Hill"
"LINESTRING (-0.196422 51.509353,-0.200838 51.514311", "From Notting Hill Gate Station, Notting Hill to Turquoise Island, Notting Hill"
"LINESTRING (-0.166221 51.490714,-0.200838 51.514311", "From Chelsea Green, Chelsea to Turquoise Island, Notting Hill"
"LINESTRING (-0.142783 51.51196,-0.200838 51.514311", "From St. George Street, Mayfair to Turquoise Island, Notting Hill"
"LINESTRING (-0.21819 51.511486,-0.200838 51.514311", "From Evesham Street, Avondale to Turquoise Island, Notting Hill"
"LINESTRING (-0.179592 51.525575,-0.200838 51.514311", "From Clifton Road, Maida Vale to Turquoise Island, Notting Hill"
"LINESTRING (-0.19096 51.51244,-0.200838 51.514311", "From Ilchester Gardens, Bayswater to Turquoise Island, Notting Hill"
"LINESTRING (-0.142783 51.51196,-0.200838 51.514311", "From St. George Street, Mayfair to Turquoise Island, Notting Hill"
"LINESTRING (-0.17977 51.51348,-0.200838 51.514311", "From Devonshire Terrace, Bayswater to Turquoise Island, Notting Hill"
"LINESTRING (-0.19024 51.515529,-0.200838 51.514311", "From Westbourne Grove, Bayswater to Turquoise Island, Notting Hill"
"LINESTRING (-0.17977 51.51348,-0.200838 51.514311", "From Devonshire Terrace, Bayswater to Turquoise Island, Notting Hill"
"LINESTRING (-0.138019 51.524438,-0.200838 51.514311", "From Warren Street Station, Euston to Turquoise Island, Notting Hill"
"LINESTRING (-0.158264 51.514577,-0.150666 51.506864", "From Old Quebec Street, Marylebone to Stanhope Gate, Mayfair"
"LINESTRING (-0.179369 51.487196,-0.150666 51.506864", "From Drayton Gardens, West Chelsea to Stanhope Gate, Mayfair"
"LINESTRING (-0.156166 51.518913,-0.150666 51.506864", "From Baker Street, Marylebone to Stanhope Gate, Mayfair"
"LINESTRING (-0.170194 51.489716,-0.150666 51.506864", "From St. Luke's Church, Chelsea to Stanhope Gate, Mayfair"
"LINESTRING (-0.19617 51.490853,-0.150666 51.506864", "From Trebovir Road, Earl's Court to Stanhope Gate, Mayfair"
"LINESTRING (-0.201005 51.51787,-0.150666 51.506864", "From Westbourne Park Road, Portobello to Stanhope Gate, Mayfair"
"LINESTRING (-0.17977 51.51348,-0.150666 51.506864", "From Devonshire Terrace, Bayswater to Stanhope Gate, Mayfair"
"LINESTRING (-0.160854 51.535892,-0.150666 51.506864", "From Prince Albert Road, The Regent's Park to Stanhope Gate, Mayfair"
"LINESTRING (-0.13151 51.509639,-0.150666 51.506864", "From Panton Street, West End to Stanhope Gate, Mayfair"
"LINESTRING (-0.150481 51.51217,-0.150666 51.506864", "From Grosvenor Square, Mayfair to Stanhope Gate, Mayfair"
"LINESTRING (-0.099141 51.512484,-0.135777 51.51953", "From Godliman Street, St. Paul's to Charlotte Street, Fitzrovia"
"LINESTRING (-0.119643 51.511756,-0.135777 51.51953", "From Wellington Street , Strand to Charlotte Street, Fitzrovia"
"LINESTRING (-0.138853 51.541603,-0.135777 51.51953", "From Bonny Street, Camden Town to Charlotte Street, Fitzrovia"
"LINESTRING (-0.116191 51.535467,-0.135777 51.51953", "From Carnegie Street, King's Cross to Charlotte Street, Fitzrovia"
"LINESTRING (-0.130431 51.52168,-0.135777 51.51953", "From Malet Street, Bloomsbury to Charlotte Street, Fitzrovia"
"LINESTRING (-0.120202 51.523346,-0.135777 51.51953", "From Guilford Street , Bloomsbury to Charlotte Street, Fitzrovia"
"LINESTRING (-0.132102 51.472918,-0.135777 51.51953", "From Courland Grove, Wandsworth Road to Charlotte Street, Fitzrovia"
"LINESTRING (-0.104708 51.52326,-0.135777 51.51953", "From Clerkenwell Green, Clerkenwell to Charlotte Street, Fitzrovia"
"LINESTRING (-0.082422 51.516154,-0.135777 51.51953", "From Wormwood Street, Liverpool Street to Charlotte Street, Fitzrovia"
"LINESTRING (-0.162298 51.522511,-0.135777 51.51953", "From Boston Place, Marylebone to Charlotte Street, Fitzrovia"
"LINESTRING (-0.141423 51.514499,-0.135777 51.51953", "From Little Argyll Street, West End to Charlotte Street, Fitzrovia"
"LINESTRING (-0.133201 51.512515,-0.135777 51.51953", "From Wardour Street, Soho to Charlotte Street, Fitzrovia"
"LINESTRING (-0.09734 51.520841,-0.135777 51.51953", "From Aldersgate Street, Barbican to Charlotte Street, Fitzrovia"
"LINESTRING (-0.155525 51.516204,-0.135777 51.51953", "From Portman Square, Marylebone to Charlotte Street, Fitzrovia"
"LINESTRING (-0.119643 51.511756,-0.135777 51.51953", "From Wellington Street , Strand to Charlotte Street, Fitzrovia"
"LINESTRING (-0.109006 51.521661,-0.135777 51.51953", "From Hatton Wall, Holborn to Charlotte Street, Fitzrovia"
"LINESTRING (-0.199004 51.506584,-0.135777 51.51953", "From Campden Hill Road, Notting Hill to Charlotte Street, Fitzrovia"
"LINESTRING (-0.201005 51.51787,-0.135777 51.51953", "From Westbourne Park Road, Portobello to Charlotte Street, Fitzrovia"
"LINESTRING (-0.0786 51.500647,-0.135777 51.51953", "From Tanner Street, Bermondsey to Charlotte Street, Fitzrovia"
"LINESTRING (-0.14296 51.497998,-0.135777 51.51953", "From Warwick Row, Westminster to Charlotte Street, Fitzrovia"
"LINESTRING (-0.13225 51.528833,-0.135777 51.51953", "From Doric Way , Somers Town to Charlotte Street, Fitzrovia"
"LINESTRING (-0.144466 51.528302,-0.135777 51.51953", "From Albany Street, The Regent's Park to Charlotte Street, Fitzrovia"
"LINESTRING (-0.165842 51.522029,-0.135777 51.51953", "From Bell Street , Marylebone to Charlotte Street, Fitzrovia"
"LINESTRING (-0.201005 51.51787,-0.135777 51.51953", "From Westbourne Park Road, Portobello to Charlotte Street, Fitzrovia"
"LINESTRING (-0.13558 51.513684,-0.135777 51.51953", "From Broadwick Street, Soho to Charlotte Street, Fitzrovia"
"LINESTRING (-0.174653 51.527294,-0.135777 51.51953", "From St. John's Wood Road, St. John's Wood to Charlotte Street, Fitzrovia"
"LINESTRING (-0.099994 51.522853,-0.135777 51.51953", "From Berry Street, Clerkenwell to Charlotte Street, Fitzrovia"
"LINESTRING (-0.158963 51.524517,-0.135777 51.51953", "From Park Road (Baker Street), The Regent's Park to Charlotte Street, Fitzrovia"
"LINESTRING (-0.12335 51.51746,-0.135777 51.51953", "From Bury Place, Holborn to Charlotte Street, Fitzrovia"
"LINESTRING (-0.116688 51.520596,-0.135777 51.51953", "From Theobald's Road , Holborn to Charlotte Street, Fitzrovia"
"LINESTRING (-0.147301 51.514105,-0.135777 51.51953", "From Woodstock Street, Mayfair to Charlotte Street, Fitzrovia"
"LINESTRING (-0.17977 51.51348,-0.135777 51.51953", "From Devonshire Terrace, Bayswater to Charlotte Street, Fitzrovia"
"LINESTRING (-0.130504 51.526838,-0.135777 51.51953", "From Endsleigh Gardens, Euston to Charlotte Street, Fitzrovia"
"LINESTRING (-0.14296 51.497998,-0.147449 51.509351", "From Warwick Row, Westminster to Farm Street, Mayfair"
"LINESTRING (-0.167919 51.484984,-0.147449 51.509351", "From Phene Street, Chelsea to Farm Street, Mayfair"
"LINESTRING (-0.147449 51.509351,-0.147449 51.509351", "From Farm Street, Mayfair to Farm Street, Mayfair"
"LINESTRING (-0.191496 51.503157,-0.147449 51.509351", "From Kensington Church Street, Kensington to Farm Street, Mayfair"
"LINESTRING (-0.158456 51.502953,-0.147449 51.509351", "From Albert Gate, Hyde Park to Farm Street, Mayfair"
"LINESTRING (-0.197574 51.499606,-0.147449 51.509351", "From Phillimore Gardens, Kensington to Farm Street, Mayfair"
"LINESTRING (-0.185273 51.481765,-0.147449 51.509351", "From Hortensia Road, West Brompton to Farm Street, Mayfair"
"LINESTRING (-0.14296 51.497998,-0.147449 51.509351", "From Warwick Row, Westminster to Farm Street, Mayfair"
"LINESTRING (-0.156166 51.518913,-0.147449 51.509351", "From Baker Street, Marylebone to Farm Street, Mayfair"
"LINESTRING (-0.122492 51.486343,-0.147449 51.509351", "From Kennington Lane Rail Bridge, Vauxhall to Farm Street, Mayfair"
"LINESTRING (-0.144165 51.510736,-0.147449 51.509351", "From Bruton Street, Mayfair to Farm Street, Mayfair"
"LINESTRING (-0.195777 51.479463,-0.147449 51.509351", "From Erin Close, Walham Green to Farm Street, Mayfair"
"LINESTRING (-0.15213 51.470475,-0.147449 51.509351", "From Stanley Grove, Battersea to Farm Street, Mayfair"
"LINESTRING (-0.169249 51.515953,-0.147449 51.509351", "From Southwick Street, Paddington to Farm Street, Mayfair"
"LINESTRING (-0.197245 51.497387,-0.147449 51.509351", "From Abingdon Villas, Kensington to Farm Street, Mayfair"
"LINESTRING (-0.136123 51.482362,-0.147449 51.509351", "From Riverlight North, Nine Elms to Farm Street, Mayfair"
"LINESTRING (-0.141923 51.489856,-0.147449 51.509351", "From Warwick Square, Pimlico to Farm Street, Mayfair"
"LINESTRING (-0.191462 51.501364,-0.147449 51.509351", "From Derry Street, Kensington to Farm Street, Mayfair"
"LINESTRING (-0.147203 51.515308,-0.131213 51.513103", "From Chapel Place, Marylebone to Frith Street, Soho"
"LINESTRING (-0.093903 51.530991,-0.131213 51.513103", "From Wenlock Road , Hoxton to Frith Street, Soho"
"LINESTRING (-0.078505 51.53095,-0.131213 51.513103", "From Falkirk Street, Hoxton to Frith Street, Soho"
"LINESTRING (-0.078505 51.53095,-0.131213 51.513103", "From Falkirk Street, Hoxton to Frith Street, Soho"
"LINESTRING (-0.156876 51.49313,-0.131213 51.513103", "From Sedding Street, Sloane Square to Frith Street, Soho"
"LINESTRING (-0.123616 51.529943,-0.131213 51.513103", "From Belgrove Street , King's Cross to Frith Street, Soho"
"LINESTRING (-0.123616 51.529943,-0.131213 51.513103", "From Belgrove Street , King's Cross to Frith Street, Soho"
"LINESTRING (-0.144228 51.518117,-0.131213 51.513103", "From Broadcasting House, Marylebone to Frith Street, Soho"
"LINESTRING (-0.153933 51.494561,-0.131213 51.513103", "From Eaton Square (South), Belgravia to Frith Street, Soho"
"LINESTRING (-0.107987 51.517428,-0.131213 51.513103", "From New Fetter Lane, Holborn to Frith Street, Soho"
"LINESTRING (-0.154701 51.520583,-0.131213 51.513103", "From Paddington Street, Marylebone to Frith Street, Soho"
"LINESTRING (-0.10997 51.529163,-0.131213 51.513103", "From River Street , Clerkenwell to Frith Street, Soho"
"LINESTRING (-0.10527 51.515809,-0.131213 51.513103", "From Stonecutter Street, Holborn to Frith Street, Soho"
"LINESTRING (-0.139016 51.520994,-0.131213 51.513103", "From Howland Street, Fitzrovia to Frith Street, Soho"
"LINESTRING (-0.123823 51.501513,-0.131213 51.513103", "From Westminster Pier, Westminster to Frith Street, Soho"
"LINESTRING (-0.131773 51.506633,-0.131213 51.513103", "From Waterloo Place, St. James's to Frith Street, Soho"
"LINESTRING (-0.176645 51.518622,-0.131213 51.513103", "From North Wharf Road, Paddington to Frith Street, Soho"
"LINESTRING (-0.113426 51.503919,-0.131213 51.513103", "From Waterloo Station 2, Waterloo to Frith Street, Soho"
"LINESTRING (-0.119123 51.519435,-0.131213 51.513103", "From Red Lion Square, Holborn to Frith Street, Soho"
"LINESTRING (-0.171103 51.518268,-0.131213 51.513103", "From St Mary's Hospital, Paddington to Frith Street, Soho"
"LINESTRING (-0.145211 51.520715,-0.131213 51.513103", "From Portland Place, Marylebone to Frith Street, Soho"
"LINESTRING (-0.113864 51.504027,-0.131213 51.513103", "From Waterloo Station 1, Waterloo to Frith Street, Soho"
"LINESTRING (-0.105344 51.515059,-0.131213 51.513103", "From St. Bride Street, Holborn to Frith Street, Soho"
"LINESTRING (-0.116764 51.51362,-0.131213 51.513103", "From Houghton Street, Strand to Frith Street, Soho"
"LINESTRING (-0.145827 51.507326,-0.131213 51.513103", "From Clarges Street, Mayfair to Frith Street, Soho"
"LINESTRING (-0.131213 51.513103,-0.131213 51.513103", "From Frith Street, Soho to Frith Street, Soho"
"LINESTRING (-0.136052 51.527326,-0.131213 51.513103", "From Drummond Street , Euston to Frith Street, Soho"
"LINESTRING (-0.134621 51.507424,-0.131213 51.513103", "From St. James's Square, St. James's to Frith Street, Soho"
"LINESTRING (-0.125972 51.49764,-0.131213 51.513103", "From Abingdon Green, Westminster to Frith Street, Soho"
"LINESTRING (-0.123823 51.501513,-0.131213 51.513103", "From Westminster Pier, Westminster to Frith Street, Soho"
"LINESTRING (-0.145211 51.520715,-0.131213 51.513103", "From Portland Place, Marylebone to Frith Street, Soho"
"LINESTRING (-0.125972 51.49764,-0.131213 51.513103", "From Abingdon Green, Westminster to Frith Street, Soho"
"LINESTRING (-0.108657 51.51795,-0.131213 51.513103", "From Holborn Circus, Holborn to Frith Street, Soho"
"LINESTRING (-0.129386 51.534123,-0.131213 51.513103", "From Pancras Road, King's Cross to Frith Street, Soho"
"LINESTRING (-0.132224 51.49206,-0.131213 51.513103", "From Regency Street, Westminster to Frith Street, Soho"
"LINESTRING (-0.144466 51.528302,-0.131213 51.513103", "From Albany Street, The Regent's Park to Frith Street, Soho"
"LINESTRING (-0.115057 51.512582,-0.131213 51.513103", "From Strand, Strand to Frith Street, Soho"
"LINESTRING (-0.089887 51.520858,-0.131213 51.513103", "From Bunhill Row, Moorgate to Frith Street, Soho"
"LINESTRING (-0.114934 51.49288,-0.131213 51.513103", "From Lollard Street, Vauxhall to Frith Street, Soho"
"LINESTRING (-0.075901 51.531091,-0.131213 51.513103", "From Hoxton Station, Hoxton to Frith Street, Soho"
"LINESTRING (-0.144228 51.518117,-0.131213 51.513103", "From Broadcasting House, Marylebone to Frith Street, Soho"
"LINESTRING (-0.099828 51.493146,-0.131213 51.513103", "From Strata, Elephant & Castle to Frith Street, Soho"
"LINESTRING (-0.10044 51.498898,-0.131213 51.513103", "From Borough Road, Elephant & Castle to Frith Street, Soho"
"LINESTRING (-0.113656 51.505354,-0.131213 51.513103", "From Waterloo Bridge, South Bank to Frith Street, Soho"
"LINESTRING (-0.189155 51.477292,-0.192404 51.496481", "From Michael Road, Walham Green to Marloes Road, Kensington"
"LINESTRING (-0.189155 51.477292,-0.192404 51.496481", "From Michael Road, Walham Green to Marloes Road, Kensington"
"LINESTRING (-0.191462 51.501364,-0.192404 51.496481", "From Derry Street, Kensington to Marloes Road, Kensington"
"LINESTRING (-0.168917 51.497056,-0.192404 51.496481", "From Holy Trinity Brompton, Knightsbridge to Marloes Road, Kensington"
"LINESTRING (-0.18119 51.485587,-0.192404 51.496481", "From Limerston Street, West Chelsea to Marloes Road, Kensington"
"LINESTRING (-0.189155 51.477292,-0.192404 51.496481", "From Michael Road, Walham Green to Marloes Road, Kensington"
"LINESTRING (-0.170194 51.489716,-0.192404 51.496481", "From St. Luke's Church, Chelsea to Marloes Road, Kensington"
"LINESTRING (-0.191496 51.503157,-0.192404 51.496481", "From Kensington Church Street, Kensington to Marloes Road, Kensington"
"LINESTRING (-0.217515 51.500353,-0.192404 51.496481", "From Richmond Way, Shepherd's Bush to Marloes Road, Kensington"
"LINESTRING (-0.197245 51.497387,-0.192404 51.496481", "From Abingdon Villas, Kensington to Marloes Road, Kensington"
"LINESTRING (-0.18498 51.501737,-0.192404 51.496481", "From De Vere Gardens, Kensington to Marloes Road, Kensington"
"LINESTRING (-0.186753 51.491615,-0.192404 51.496481", "From Collingham Gardens, Earl's Court to Marloes Road, Kensington"
"LINESTRING (-0.18119 51.485587,-0.192404 51.496481", "From Limerston Street, West Chelsea to Marloes Road, Kensington"
"LINESTRING (-0.205284 51.496712,-0.192404 51.496481", "From Warwick Road, Olympia to Marloes Road, Kensington"
"LINESTRING (-0.18498 51.501737,-0.192404 51.496481", "From De Vere Gardens, Kensington to Marloes Road, Kensington"
"LINESTRING (-0.189155 51.477292,-0.192404 51.496481", "From Michael Road, Walham Green to Marloes Road, Kensington"
"LINESTRING (-0.165471 51.498884,-0.13011 51.513527", "From Montpelier Street, Knightsbridge to Moor Street, Soho"
"LINESTRING (-0.102091 51.500693,-0.13011 51.513527", "From Webber Street , Southwark to Moor Street, Soho"
"LINESTRING (-0.141423 51.514499,-0.13011 51.513527", "From Little Argyll Street, West End to Moor Street, Soho"
"LINESTRING (-0.102091 51.500693,-0.13011 51.513527", "From Webber Street , Southwark to Moor Street, Soho"
"LINESTRING (-0.143613 51.523518,-0.13011 51.513527", "From Bolsover Street, Fitzrovia to Moor Street, Soho"
"LINESTRING (-0.138072 51.517344,-0.13011 51.513527", "From Wells Street, Fitzrovia to Moor Street, Soho"
"LINESTRING (-0.132328 51.515631,-0.13011 51.513527", "From Soho Square , Soho to Moor Street, Soho"
"LINESTRING (-0.07813 51.526377,-0.13011 51.513527", "From Shoreditch High Street, Shoreditch to Moor Street, Soho"
"LINESTRING (-0.108657 51.51795,-0.13011 51.513527", "From Holborn Circus, Holborn to Moor Street, Soho"
"LINESTRING (-0.132224 51.49206,-0.13011 51.513527", "From Regency Street, Westminster to Moor Street, Soho"
"LINESTRING (-0.200742 51.502319,-0.13011 51.513527", "From Holland Park, Kensington to Moor Street, Soho"
"LINESTRING (-0.195777 51.479463,-0.13011 51.513527", "From Erin Close, Walham Green to Moor Street, Soho"
"LINESTRING (-0.171103 51.518268,-0.13011 51.513527", "From St Mary's Hospital, Paddington to Moor Street, Soho"
"LINESTRING (-0.142783 51.51196,-0.13011 51.513527", "From St. George Street, Mayfair to Moor Street, Soho"
"LINESTRING (-0.150481 51.51217,-0.13011 51.513527", "From Grosvenor Square, Mayfair to Moor Street, Soho"
"LINESTRING (-0.136039 51.519914,-0.13011 51.513527", "From Scala Street, Fitzrovia to Moor Street, Soho"
"LINESTRING (-0.082989 51.510484,-0.13011 51.513527", "From Great Tower Street, Monument to Moor Street, Soho"
"LINESTRING (-0.151359 51.522008,-0.13011 51.513527", "From Beaumont Street, Marylebone to Moor Street, Soho"
"LINESTRING (-0.175116 51.523353,-0.13011 51.513527", "From Frampton Street, Paddington to Moor Street, Soho"
"LINESTRING (-0.104947 51.516785,-0.13011 51.513527", "From Farringdon Street, Holborn to Moor Street, Soho"
"LINESTRING (-0.170703 51.470847,-0.13011 51.513527", "From Simpson Street, Clapham Junction to Moor Street, Soho"
"LINESTRING (-0.147478 51.492369,-0.13011 51.513527", "From Elizabeth Bridge, Victoria to Moor Street, Soho"
"LINESTRING (-0.10044 51.498898,-0.13011 51.513527", "From Borough Road, Elephant & Castle to Moor Street, Soho"
"LINESTRING (-0.174554 51.499917,-0.13011 51.513527", "From Exhibition Road, Knightsbridge to Moor Street, Soho"
"LINESTRING (-0.142345 51.510662,-0.13011 51.513527", "From Clifford Street, Mayfair to Moor Street, Soho"
"LINESTRING (-0.168917 51.497056,-0.13011 51.513527", "From Holy Trinity Brompton, Knightsbridge to Moor Street, Soho"
"LINESTRING (-0.175116 51.523353,-0.13011 51.513527", "From Frampton Street, Paddington to Moor Street, Soho"
"LINESTRING (-0.139625 51.490962,-0.13011 51.513527", "From Gloucester Street, Pimlico to Moor Street, Soho"
"LINESTRING (-0.115533 51.504942,-0.13011 51.513527", "From Concert Hall Approach 2, South Bank to Moor Street, Soho"
"LINESTRING (-0.116628 51.500089,-0.13011 51.513527", "From Lambeth Palace Road, Waterloo to Moor Street, Soho"
"LINESTRING (-0.128585 51.516118,-0.13011 51.513527", "From Earnshaw Street , Covent Garden to Moor Street, Soho"
"LINESTRING (-0.122219 51.51477,-0.13011 51.513527", "From Drury Lane, Covent Garden to Moor Street, Soho"
"LINESTRING (-0.132328 51.515631,-0.13011 51.513527", "From Soho Square , Soho to Moor Street, Soho"
"LINESTRING (-0.108068 51.527842,-0.13011 51.513527", "From Hardwick Street, Clerkenwell to Moor Street, Soho"
"LINESTRING (-0.142345 51.510662,-0.13011 51.513527", "From Clifford Street, Mayfair to Moor Street, Soho"
"LINESTRING (-0.122299 51.530199,-0.13011 51.513527", "From Birkenhead Street, King's Cross to Moor Street, Soho"
"LINESTRING (-0.149004 51.485821,-0.13011 51.513527", "From Chelsea Bridge, Pimlico to Moor Street, Soho"
"LINESTRING (-0.113864 51.504027,-0.13011 51.513527", "From Waterloo Station 1, Waterloo to Moor Street, Soho"
"LINESTRING (-0.164207 51.517372,-0.13011 51.513527", "From Harrowby Street, Marylebone to Moor Street, Soho"
"LINESTRING (-0.13011 51.513527,-0.13011 51.513527", "From Moor Street, Soho to Moor Street, Soho"
"LINESTRING (-0.131161 51.52505,-0.13011 51.513527", "From Taviton Street, Bloomsbury to Moor Street, Soho"
"LINESTRING (-0.114079 51.522264,-0.13011 51.513527", "From Northington Street , Holborn to Moor Street, Soho"
"LINESTRING (-0.113426 51.503919,-0.13011 51.513527", "From Waterloo Station 2, Waterloo to Moor Street, Soho"
"LINESTRING (-0.123823 51.501513,-0.13011 51.513527", "From Westminster Pier, Westminster to Moor Street, Soho"
"LINESTRING (-0.154701 51.520583,-0.13011 51.513527", "From Paddington Street, Marylebone to Moor Street, Soho"
"LINESTRING (-0.08974 51.500823,-0.13011 51.513527", "From Empire Square, The Borough to Moor Street, Soho"
"LINESTRING (-0.113864 51.504027,-0.13011 51.513527", "From Waterloo Station 1, Waterloo to Moor Street, Soho"
"LINESTRING (-0.097122 51.529423,-0.13011 51.513527", "From Macclesfield Rd, St Lukes to Moor Street, Soho"
"LINESTRING (-0.142345 51.510662,-0.13011 51.513527", "From Clifford Street, Mayfair to Moor Street, Soho"
"LINESTRING (-0.15823 51.46879,-0.13011 51.513527", "From Holden Street, Battersea to Moor Street, Soho"
"LINESTRING (-0.131861 51.527068,-0.13011 51.513527", "From Euston Square Gardens, Euston to Moor Street, Soho"
"LINESTRING (-0.17677 51.530889,-0.13011 51.513527", "From Grove End Road, St. John's Wood to Moor Street, Soho"
"LINESTRING (-0.140485 51.519181,-0.13011 51.513527", "From Foley Street, Fitzrovia to Moor Street, Soho"
"LINESTRING (-0.162298 51.522511,-0.13011 51.513527", "From Boston Place, Marylebone to Moor Street, Soho"
"LINESTRING (-0.129925 51.493072,-0.13011 51.513527", "From Vincent Street, Pimlico to Moor Street, Soho"
"LINESTRING (-0.13011 51.513527,-0.13011 51.513527", "From Moor Street, Soho to Moor Street, Soho"
"LINESTRING (-0.13544 51.497829,-0.13011 51.513527", "From Butler Place, Westminster to Moor Street, Soho"
"LINESTRING (-0.138019 51.524438,-0.13011 51.513527", "From Warren Street Station, Euston to Moor Street, Soho"
"LINESTRING (-0.147478 51.492369,-0.13011 51.513527", "From Elizabeth Bridge, Victoria to Moor Street, Soho"
"LINESTRING (-0.115533 51.504942,-0.13011 51.513527", "From Concert Hall Approach 2, South Bank to Moor Street, Soho"
"LINESTRING (-0.094524 51.500694,-0.13011 51.513527", "From Borough High Street, The Borough to Moor Street, Soho"
"LINESTRING (-0.112824 51.503791,-0.13011 51.513527", "From Waterloo Station 3, Waterloo to Moor Street, Soho"
"LINESTRING (-0.142345 51.510662,-0.13011 51.513527", "From Clifford Street, Mayfair to Moor Street, Soho"
"LINESTRING (-0.108322 51.510981,-0.13011 51.513527", "From Temple Gardens, Temple to Moor Street, Soho"
"LINESTRING (-0.097122 51.529423,-0.13011 51.513527", "From Macclesfield Rd, St Lukes to Moor Street, Soho"
"LINESTRING (-0.205279 51.487244,-0.13011 51.513527", "From Star Road, West Kensington to Moor Street, Soho"
"LINESTRING (-0.134407 51.526236,-0.13011 51.513527", "From Euston Road, Euston to Moor Street, Soho"
"LINESTRING (-0.161113 51.522596,-0.13011 51.513527", "From Dorset Square, Marylebone to Moor Street, Soho"
"LINESTRING (-0.130458 51.494816,-0.13011 51.513527", "From Horseferry Road, Westminster to Moor Street, Soho"
"LINESTRING (-0.100791 51.518218,-0.13011 51.513527", "From West Smithfield Rotunda, Farringdon to Moor Street, Soho"
"LINESTRING (-0.142844 51.506613,-0.121394 51.493699", "From Green Park Station, Mayfair to Fire Brigade Pier, Vauxhall"
"LINESTRING (-0.122492 51.486343,-0.121394 51.493699", "From Kennington Lane Rail Bridge, Vauxhall to Fire Brigade Pier, Vauxhall"
"LINESTRING (-0.120903 51.488124,-0.121394 51.493699", "From Vauxhall Walk, Vauxhall to Fire Brigade Pier, Vauxhall"
"LINESTRING (-0.106823 51.508033,-0.121394 51.493699", "From Sea Containers, South Bank to Fire Brigade Pier, Vauxhall"
"LINESTRING (-0.082422 51.516154,-0.121394 51.493699", "From Wormwood Street, Liverpool Street to Fire Brigade Pier, Vauxhall"
"LINESTRING (-0.09644 51.507385,-0.121394 51.493699", "From New Globe Walk, Bankside to Fire Brigade Pier, Vauxhall"
"LINESTRING (-0.174411 51.511933,-0.121394 51.493699", "From Bayswater Road, Hyde Park to Fire Brigade Pier, Vauxhall"
"LINESTRING (-0.164786 51.477292,-0.121394 51.493699", "From Ethelburga Estate, Battersea Park to Fire Brigade Pier, Vauxhall"
"LINESTRING (-0.111435 51.48894,-0.121394 51.493699", "From Kennington Cross, Kennington to Fire Brigade Pier, Vauxhall"
"LINESTRING (-0.106823 51.508033,-0.121394 51.493699", "From Sea Containers, South Bank to Fire Brigade Pier, Vauxhall"
"LINESTRING (-0.161113 51.522596,-0.121394 51.493699", "From Dorset Square, Marylebone to Fire Brigade Pier, Vauxhall"
"LINESTRING (-0.11655 51.51824,-0.121394 51.493699", "From Red Lion Street, Holborn to Fire Brigade Pier, Vauxhall"
"LINESTRING (-0.115375 51.460232,-0.121394 51.493699", "From Saltoun Road, Brixton to Fire Brigade Pier, Vauxhall"
"LINESTRING (-0.126021 51.508103,-0.121394 51.493699", "From Craven Street, Strand to Fire Brigade Pier, Vauxhall"
"LINESTRING (-0.125972 51.49764,-0.121394 51.493699", "From Abingdon Green, Westminster to Fire Brigade Pier, Vauxhall"
"LINESTRING (-0.09644 51.507385,-0.121394 51.493699", "From New Globe Walk, Bankside to Fire Brigade Pier, Vauxhall"
"LINESTRING (-0.113936 51.500139,-0.121394 51.493699", "From Lower Marsh, Waterloo to Fire Brigade Pier, Vauxhall"
"LINESTRING (-0.137424 51.498865,-0.121394 51.493699", "From Buckingham Gate, Westminster to Fire Brigade Pier, Vauxhall"
"LINESTRING (-0.110683 51.484788,-0.121394 51.493699", "From Kennington Road Post Office, Oval to Fire Brigade Pier, Vauxhall"
"LINESTRING (-0.124469 51.485917,-0.121394 51.493699", "From Vauxhall Cross, Vauxhall to Fire Brigade Pier, Vauxhall"
"LINESTRING (-0.17581 51.517335,-0.121723 51.510701", "From South Wharf Road, Paddington to Southampton Street, Strand"
"LINESTRING (-0.149035 51.481121,-0.121723 51.510701", "From Sopwith Way, Battersea Park to Southampton Street, Strand"
"LINESTRING (-0.120909 51.516128,-0.121723 51.510701", "From Newton Street, Covent Garden to Southampton Street, Strand"
"LINESTRING (-0.125972 51.49764,-0.121723 51.510701", "From Abingdon Green, Westminster to Southampton Street, Strand"
"LINESTRING (-0.138231 51.525542,-0.121723 51.510701", "From Hampstead Road, Euston to Southampton Street, Strand"
"LINESTRING (-0.100186 51.505817,-0.121723 51.510701", "From Bankside Mix, Bankside to Southampton Street, Strand"
"LINESTRING (-0.205284 51.496712,-0.121723 51.510701", "From Warwick Road, Olympia to Southampton Street, Strand"
"LINESTRING (-0.147203 51.515308,-0.121723 51.510701", "From Chapel Place, Marylebone to Southampton Street, Strand"
"LINESTRING (-0.163609 51.51809,-0.121723 51.510701", "From Shouldham Street, Marylebone to Southampton Street, Strand"
"LINESTRING (-0.105344 51.515059,-0.121723 51.510701", "From St. Bride Street, Holborn to Southampton Street, Strand"
"LINESTRING (-0.13151 51.509639,-0.121723 51.510701", "From Panton Street, West End to Southampton Street, Strand"
"LINESTRING (-0.085634 51.520962,-0.121723 51.510701", "From Finsbury Square , Moorgate to Southampton Street, Strand"
"LINESTRING (-0.132053 51.518587,-0.121723 51.510701", "From Bayley Street , Bloomsbury to Southampton Street, Strand"
"LINESTRING (-0.115851 51.505044,-0.121723 51.510701", "From Concert Hall Approach 1, South Bank to Southampton Street, Strand"
"LINESTRING (-0.13558 51.513684,-0.121723 51.510701", "From Broadwick Street, Soho to Southampton Street, Strand"
"LINESTRING (-0.183716 51.517932,-0.121723 51.510701", "From Orsett Terrace, Bayswater to Southampton Street, Strand"
"LINESTRING (-0.124469 51.485917,-0.121723 51.510701", "From Vauxhall Cross, Vauxhall to Southampton Street, Strand"
"LINESTRING (-0.115851 51.505044,-0.121723 51.510701", "From Concert Hall Approach 1, South Bank to Southampton Street, Strand"
"LINESTRING (-0.120909 51.516128,-0.121723 51.510701", "From Newton Street, Covent Garden to Southampton Street, Strand"
"LINESTRING (-0.13151 51.509639,-0.121723 51.510701", "From Panton Street, West End to Southampton Street, Strand"
"LINESTRING (-0.103132 51.498744,-0.121723 51.510701", "From LSBU (Borough Road), Elephant & Castle to Southampton Street, Strand"
"LINESTRING (-0.130699 51.50777,-0.121723 51.510701", "From Pall Mall East, West End to Southampton Street, Strand"
"LINESTRING (-0.125972 51.49764,-0.121723 51.510701", "From Abingdon Green, Westminster to Southampton Street, Strand"
"LINESTRING (-0.098497 51.503688,-0.121723 51.510701", "From Union Street, The Borough to Southampton Street, Strand"
"LINESTRING (-0.137598 51.497698,-0.121723 51.510701", "From Kings Gate House, Westminster to Southampton Street, Strand"
"LINESTRING (-0.105344 51.515059,-0.121723 51.510701", "From St. Bride Street, Holborn to Southampton Street, Strand"
"LINESTRING (-0.13544 51.497829,-0.121723 51.510701", "From Butler Place, Westminster to Southampton Street, Strand"
"LINESTRING (-0.089446 51.497382,-0.121723 51.510701", "From Great Dover Street, The Borough to Southampton Street, Strand"
"LINESTRING (-0.083159 51.500889,-0.121723 51.510701", "From Tyers Gate, Bermondsey to Southampton Street, Strand"
"LINESTRING (-0.125972 51.49764,-0.121723 51.510701", "From Abingdon Green, Westminster to Southampton Street, Strand"
"LINESTRING (-0.086685 51.517075,-0.121723 51.510701", "From Finsbury Circus, Liverpool Street to Southampton Street, Strand"
"LINESTRING (-0.105344 51.515059,-0.121723 51.510701", "From St. Bride Street, Holborn to Southampton Street, Strand"
"LINESTRING (-0.086685 51.517075,-0.121723 51.510701", "From Finsbury Circus, Liverpool Street to Southampton Street, Strand"
"LINESTRING (-0.06992 51.53385,-0.121723 51.510701", "From Queensbridge Road, Haggerston to Southampton Street, Strand"
"LINESTRING (-0.130504 51.526838,-0.121723 51.510701", "From Endsleigh Gardens, Euston to Southampton Street, Strand"
"LINESTRING (-0.109006 51.521661,-0.121723 51.510701", "From Hatton Wall, Holborn to Southampton Street, Strand"
"LINESTRING (-0.134621 51.507424,-0.121723 51.510701", "From St. James's Square, St. James's to Southampton Street, Strand"
"LINESTRING (-0.156876 51.49313,-0.121723 51.510701", "From Sedding Street, Sloane Square to Southampton Street, Strand"
"LINESTRING (-0.122831 51.472509,-0.121723 51.510701", "From Binfield Road, Stockwell to Southampton Street, Strand"
"LINESTRING (-0.111778 51.515937,-0.121723 51.510701", "From Breams Buildings, Holborn to Southampton Street, Strand"
"LINESTRING (-0.115851 51.505044,-0.121723 51.510701", "From Concert Hall Approach 1, South Bank to Southampton Street, Strand"
"LINESTRING (-0.147154 51.537349,-0.121723 51.510701", "From Gloucester Avenue, Camden Town to Southampton Street, Strand"
"LINESTRING (-0.129361 51.488365,-0.121723 51.510701", "From Vauxhall Bridge , Pimlico to Southampton Street, Strand"
"LINESTRING (-0.104708 51.52326,-0.121723 51.510701", "From Clerkenwell Green, Clerkenwell to Southampton Street, Strand"
"LINESTRING (-0.116191 51.535467,-0.121723 51.510701", "From Carnegie Street, King's Cross to Southampton Street, Strand"
"LINESTRING (-0.141423 51.514499,-0.121723 51.510701", "From Little Argyll Street, West End to Southampton Street, Strand"
"LINESTRING (-0.197245 51.497387,-0.121723 51.510701", "From Abingdon Villas, Kensington to Southampton Street, Strand"
"LINESTRING (-0.147624 51.49395,-0.155757 51.51013", "From Eccleston Place, Victoria to Upper Grosvenor Street, Mayfair"
"LINESTRING (-0.123616 51.529943,-0.155757 51.51013", "From Belgrove Street , King's Cross to Upper Grosvenor Street, Mayfair"
"LINESTRING (-0.147624 51.49395,-0.155757 51.51013", "From Eccleston Place, Victoria to Upper Grosvenor Street, Mayfair"
"LINESTRING (-0.122219 51.51477,-0.155757 51.51013", "From Drury Lane, Covent Garden to Upper Grosvenor Street, Mayfair"
"LINESTRING (-0.163609 51.51809,-0.155757 51.51013", "From Shouldham Street, Marylebone to Upper Grosvenor Street, Mayfair"
"LINESTRING (-0.176268 51.524826,-0.155757 51.51013", "From Aberdeen Place, St. John's Wood to Upper Grosvenor Street, Mayfair"
"LINESTRING (-0.038775 51.516,-0.068856 51.521776", "From Aston Street, Stepney to Buxton Street 1, Shoreditch"
"LINESTRING (-0.047218 51.526041,-0.068856 51.521776", "From Bancroft Road, Bethnal Green to Buxton Street 1, Shoreditch"
"LINESTRING (-0.087262 51.506304,-0.068856 51.521776", "From Duke Street Hill, London Bridge to Buxton Street 1, Shoreditch"
"LINESTRING (-0.02296 51.50623,-0.068856 51.521776", "From Fisherman's Walk West, Canary Wharf to Buxton Street 1, Shoreditch"
"LINESTRING (-0.066035 51.531864,-0.068856 51.521776", "From Goldsmith's Row, Haggerston to Buxton Street 1, Shoreditch"
"LINESTRING (-0.054883 51.522561,-0.068856 51.521776", "From Cephas Street, Bethnal Green to Buxton Street 1, Shoreditch"
"LINESTRING (-0.074284 51.539328,-0.068856 51.521776", "From Haggerston Road, Haggerston to Buxton Street 1, Shoreditch"
"LINESTRING (-0.092176 51.520044,-0.068856 51.521776", "From Barbican Centre, Barbican to Buxton Street 1, Shoreditch"
"LINESTRING (-0.066035 51.531864,-0.068856 51.521776", "From Goldsmith's Row, Haggerston to Buxton Street 1, Shoreditch"
"LINESTRING (-0.032267 51.525501,-0.068856 51.521776", "From Maplin Street, Mile End to Buxton Street 1, Shoreditch"
"LINESTRING (-0.120718 51.511968,-0.068856 51.521776", "From Tavistock Street, Covent Garden to Buxton Street 1, Shoreditch"
"LINESTRING (-0.126874 51.47787,-0.142345 51.510662", "From Hartington Road, Stockwell to Clifford Street, Mayfair"
"LINESTRING (-0.139625 51.490962,-0.142345 51.510662", "From Gloucester Street, Pimlico to Clifford Street, Mayfair"
"LINESTRING (-0.138733 51.496753,-0.142345 51.510662", "From Howick Place, Westminster to Clifford Street, Mayfair"
"LINESTRING (-0.165471 51.498884,-0.142345 51.510662", "From Montpelier Street, Knightsbridge to Clifford Street, Mayfair"
"LINESTRING (-0.158264 51.514577,-0.142345 51.510662", "From Old Quebec Street, Marylebone to Clifford Street, Mayfair"
"LINESTRING (-0.162298 51.522511,-0.142345 51.510662", "From Boston Place, Marylebone to Clifford Street, Mayfair"
"LINESTRING (-0.170279 51.506451,-0.142345 51.510662", "From Triangle Car Park, Hyde Park to Clifford Street, Mayfair"
"LINESTRING (-0.130699 51.50777,-0.142345 51.510662", "From Pall Mall East, West End to Clifford Street, Mayfair"
"LINESTRING (-0.113426 51.503919,-0.142345 51.510662", "From Waterloo Station 2, Waterloo to Clifford Street, Mayfair"
"LINESTRING (-0.106408 51.530515,-0.142345 51.510662", "From Chadwell Street, Angel to Clifford Street, Mayfair"
"LINESTRING (-0.130699 51.50777,-0.142345 51.510662", "From Pall Mall East, West End to Clifford Street, Mayfair"
"LINESTRING (-0.166304 51.525051,-0.142345 51.510662", "From Mallory Street, Marylebone to Clifford Street, Mayfair"
"LINESTRING (-0.119047 51.509631,-0.142345 51.510662", "From Embankment (Savoy), Strand to Clifford Street, Mayfair"
"LINESTRING (-0.147301 51.514105,-0.142345 51.510662", "From Woodstock Street, Mayfair to Clifford Street, Mayfair"
"LINESTRING (-0.101384 51.49652,-0.142345 51.510662", "From Ontario Street, Elephant & Castle to Clifford Street, Mayfair"
"LINESTRING (-0.193254 51.476259,-0.142345 51.510662", "From Eel Brook Common, Walham Green to Clifford Street, Mayfair"
"LINESTRING (-0.149551 51.477619,-0.142345 51.510662", "From Queen's Circus, Battersea Park to Clifford Street, Mayfair"
"LINESTRING (-0.161765 51.487964,-0.142345 51.510662", "From Ormonde Gate, Chelsea to Clifford Street, Mayfair"
"LINESTRING (-0.157436 51.512276,-0.142345 51.510662", "From Green Street, Mayfair to Clifford Street, Mayfair"
"LINESTRING (-0.196422 51.509353,-0.142345 51.510662", "From Notting Hill Gate Station, Notting Hill to Clifford Street, Mayfair"
"LINESTRING (-0.156876 51.49313,-0.142345 51.510662", "From Sedding Street, Sloane Square to Clifford Street, Mayfair"
"LINESTRING (-0.176645 51.518622,-0.142345 51.510662", "From North Wharf Road, Paddington to Clifford Street, Mayfair"
"LINESTRING (-0.130699 51.50777,-0.142345 51.510662", "From Pall Mall East, West End to Clifford Street, Mayfair"
"LINESTRING (-0.193487 51.513735,-0.142345 51.510662", "From Hereford Road, Bayswater to Clifford Street, Mayfair"
"LINESTRING (-0.179592 51.525575,-0.142345 51.510662", "From Clifton Road, Maida Vale to Clifford Street, Mayfair"
"LINESTRING (-0.157436 51.512276,-0.142345 51.510662", "From Green Street, Mayfair to Clifford Street, Mayfair"
"LINESTRING (-0.151926 51.516814,-0.142345 51.510662", "From Hinde Street, Marylebone to Clifford Street, Mayfair"
"LINESTRING (-0.142943 51.496863,-0.142345 51.510662", "From Allington Street, Victoria to Clifford Street, Mayfair"
"LINESTRING (-0.131961 51.508446,-0.142345 51.510662", "From Charles II Street, West End to Clifford Street, Mayfair"
"LINESTRING (-0.176645 51.518622,-0.142345 51.510662", "From North Wharf Road, Paddington to Clifford Street, Mayfair"
"LINESTRING (-0.158264 51.514577,-0.142345 51.510662", "From Old Quebec Street, Marylebone to Clifford Street, Mayfair"
"LINESTRING (-0.092176 51.520044,-0.142345 51.510662", "From Barbican Centre, Barbican to Clifford Street, Mayfair"
"LINESTRING (-0.155349 51.502757,-0.142345 51.510662", "From Knightsbridge, Hyde Park to Clifford Street, Mayfair"
"LINESTRING (-0.142943 51.496863,-0.179702 51.499428", "From Allington Street, Victoria to Imperial College, Knightsbridge"
"LINESTRING (-0.194116 51.479932,-0.179702 51.499428", "From Fulham Broadway, Walham Green to Imperial College, Knightsbridge"
"LINESTRING (-0.194116 51.479932,-0.179702 51.499428", "From Fulham Broadway, Walham Green to Imperial College, Knightsbridge"
"LINESTRING (-0.191462 51.501364,-0.179702 51.499428", "From Derry Street, Kensington to Imperial College, Knightsbridge"
"LINESTRING (-0.178433 51.492479,-0.179702 51.499428", "From Queen's Gate (South), South Kensington to Imperial College, Knightsbridge"
"LINESTRING (-0.194116 51.479932,-0.179702 51.499428", "From Fulham Broadway, Walham Green to Imperial College, Knightsbridge"
"LINESTRING (-0.191933 51.495866,-0.179702 51.499428", "From Lexham Gardens, Kensington to Imperial College, Knightsbridge"
"LINESTRING (-0.217995 51.487285,-0.179702 51.499428", "From Charing Cross Hospital, Hammersmith to Imperial College, Knightsbridge"
"LINESTRING (-0.185273 51.481765,-0.179702 51.499428", "From Hortensia Road, West Brompton to Imperial College, Knightsbridge"
"LINESTRING (-0.142783 51.51196,-0.179702 51.499428", "From St. George Street, Mayfair to Imperial College, Knightsbridge"
"LINESTRING (-0.195777 51.479463,-0.179702 51.499428", "From Erin Close, Walham Green to Imperial College, Knightsbridge"
"LINESTRING (-0.136123 51.482362,-0.179702 51.499428", "From Riverlight North, Nine Elms to Imperial College, Knightsbridge"
"LINESTRING (-0.180274 51.481805,-0.179702 51.499428", "From World's End Place, West Chelsea to Imperial College, Knightsbridge"
"LINESTRING (-0.147624 51.49395,-0.179702 51.499428", "From Eccleston Place, Victoria to Imperial College, Knightsbridge"
"LINESTRING (-0.179702 51.499428,-0.179702 51.499428", "From Imperial College, Knightsbridge to Imperial College, Knightsbridge"
"LINESTRING (-0.191351 51.513489,-0.179702 51.499428", "From Princes Square, Bayswater to Imperial College, Knightsbridge"
"LINESTRING (-0.179369 51.487196,-0.179702 51.499428", "From Drayton Gardens, West Chelsea to Imperial College, Knightsbridge"
"LINESTRING (-0.18267 51.494185,-0.179702 51.499428", "From Gloucester Road Station, South Kensington to Imperial College, Knightsbridge"
"LINESTRING (-0.197609 51.483911,-0.179702 51.499428", "From Halford Road, West Kensington to Imperial College, Knightsbridge"
"LINESTRING (-0.179077 51.495592,-0.179702 51.499428", "From Natural History Museum, South Kensington to Imperial College, Knightsbridge"
"LINESTRING (-0.180274 51.481805,-0.179702 51.499428", "From World's End Place, West Chelsea to Imperial College, Knightsbridge"
"LINESTRING (-0.190393 51.490163,-0.179702 51.499428", "From Bramham Gardens, Earl's Court to Imperial College, Knightsbridge"
"LINESTRING (-0.187842 51.509908,-0.179702 51.499428", "From Black Lion Gate, Kensington Gardens to Imperial College, Knightsbridge"
"LINESTRING (-0.226606 51.488108,-0.179702 51.499428", "From Crisp Road, Hammersmith to Imperial College, Knightsbridge"
"LINESTRING (-0.162298 51.522511,-0.179702 51.499428", "From Boston Place, Marylebone to Imperial College, Knightsbridge"
"LINESTRING (-0.174971 51.485121,-0.179702 51.499428", "From The Vale, Chelsea to Imperial College, Knightsbridge"
"LINESTRING (-0.204666 51.509591,-0.179702 51.499428", "From Lansdowne Walk, Ladbroke Grove to Imperial College, Knightsbridge"
"LINESTRING (-0.224103 51.509158,-0.179702 51.499428", "From Westfield Ariel Way, White City to Imperial College, Knightsbridge"
"LINESTRING (-0.142783 51.51196,-0.179702 51.499428", "From St. George Street, Mayfair to Imperial College, Knightsbridge"
"LINESTRING (-0.192404 51.496481,-0.179702 51.499428", "From Marloes Road, Kensington to Imperial College, Knightsbridge"
"LINESTRING (-0.19024 51.515529,-0.179702 51.499428", "From Westbourne Grove, Bayswater to Imperial College, Knightsbridge"
"LINESTRING (-0.194116 51.479932,-0.179702 51.499428", "From Fulham Broadway, Walham Green to Imperial College, Knightsbridge"
"LINESTRING (-0.206029 51.49087,-0.179702 51.499428", "From West Kensington Station, West Kensington to Imperial College, Knightsbridge"
"LINESTRING (-0.174971 51.485121,-0.179702 51.499428", "From The Vale, Chelsea to Imperial College, Knightsbridge"
"LINESTRING (-0.167894 51.493184,-0.179702 51.499428", "From Sloane Avenue, Knightsbridge to Imperial College, Knightsbridge"
"LINESTRING (-0.183165 51.474665,-0.179702 51.499428", "From Imperial Wharf Station, Sands End to Imperial College, Knightsbridge"
"LINESTRING (-0.193487 51.513735,-0.179702 51.499428", "From Hereford Road, Bayswater to Imperial College, Knightsbridge"
"LINESTRING (-0.126021 51.508103,-0.179702 51.499428", "From Craven Street, Strand to Imperial College, Knightsbridge"
"LINESTRING (-0.19617 51.490853,-0.179702 51.499428", "From Trebovir Road, Earl's Court to Imperial College, Knightsbridge"
"LINESTRING (-0.236769 51.494223,-0.179702 51.499428", "From Ravenscourt Park Station, Hammersmith to Imperial College, Knightsbridge"
"LINESTRING (-0.18267 51.494185,-0.179702 51.499428", "From Gloucester Road Station, South Kensington to Imperial College, Knightsbridge"
"LINESTRING (-0.205284 51.496712,-0.179702 51.499428", "From Warwick Road, Olympia to Imperial College, Knightsbridge"
"LINESTRING (-0.194116 51.479932,-0.179702 51.499428", "From Fulham Broadway, Walham Green to Imperial College, Knightsbridge"
"LINESTRING (-0.200806 51.457059,-0.179702 51.499428", "From Santos Road, Wandsworth to Imperial College, Knightsbridge"
"LINESTRING (-0.236769 51.494223,-0.179702 51.499428", "From Ravenscourt Park Station, Hammersmith to Imperial College, Knightsbridge"
"LINESTRING (-0.209378 51.489591,-0.179702 51.499428", "From Vereker Road, West Kensington to Imperial College, Knightsbridge"
"LINESTRING (-0.169249 51.515953,-0.179702 51.499428", "From Southwick Street, Paddington to Imperial College, Knightsbridge"
"LINESTRING (-0.194116 51.479932,-0.179702 51.499428", "From Fulham Broadway, Walham Green to Imperial College, Knightsbridge"
"LINESTRING (-0.169821 51.466633,-0.179702 51.499428", "From Falcon Road, Clapham Junction to Imperial College, Knightsbridge"
"LINESTRING (-0.197609 51.483911,-0.179702 51.499428", "From Halford Road, West Kensington to Imperial College, Knightsbridge"
"LINESTRING (-0.153645 51.512911,-0.179702 51.499428", "From North Audley Street, Mayfair to Imperial College, Knightsbridge"
"LINESTRING (-0.187842 51.509908,-0.179702 51.499428", "From Black Lion Gate, Kensington Gardens to Imperial College, Knightsbridge"
"LINESTRING (-0.190393 51.490163,-0.179702 51.499428", "From Bramham Gardens, Earl's Court to Imperial College, Knightsbridge"
"LINESTRING (-0.18267 51.494185,-0.179702 51.499428", "From Gloucester Road Station, South Kensington to Imperial College, Knightsbridge"
"LINESTRING (-0.144165 51.510736,-0.179702 51.499428", "From Bruton Street, Mayfair to Imperial College, Knightsbridge"
"LINESTRING (-0.193487 51.513735,-0.179702 51.499428", "From Hereford Road, Bayswater to Imperial College, Knightsbridge"
"LINESTRING (-0.07813 51.526377,-0.103604 51.517334", "From Shoreditch High Street, Shoreditch to Snow Hill, Farringdon"
"LINESTRING (-0.079608 51.521668,-0.103604 51.517334", "From Worship Street, Shoreditch to Snow Hill, Farringdon"
"LINESTRING (-0.074754 51.523648,-0.103604 51.517334", "From Bethnal Green Road, Shoreditch to Snow Hill, Farringdon"
"LINESTRING (-0.089887 51.520858,-0.103604 51.517334", "From Bunhill Row, Moorgate to Snow Hill, Farringdon"
"LINESTRING (-0.088285 51.519069,-0.103604 51.517334", "From Moorfields, Moorgate to Snow Hill, Farringdon"
"LINESTRING (-0.070133 51.515231,-0.103604 51.517334", "From Central House, Whitechapel to Snow Hill, Farringdon"
"LINESTRING (-0.097122 51.529423,-0.103604 51.517334", "From Macclesfield Rd, St Lukes to Snow Hill, Farringdon"
"LINESTRING (-0.112824 51.503791,-0.103604 51.517334", "From Waterloo Station 3, Waterloo to Snow Hill, Farringdon"
"LINESTRING (-0.110699 51.501444,-0.103604 51.517334", "From Baylis Road, Waterloo to Snow Hill, Farringdon"
"LINESTRING (-0.123616 51.529943,-0.103604 51.517334", "From Belgrove Street , King's Cross to Snow Hill, Farringdon"
"LINESTRING (-0.150181 51.536922,-0.103604 51.517334", "From London Zoo Car Park, The Regent's Park to Snow Hill, Farringdon"
"LINESTRING (-0.102757 51.536384,-0.103604 51.517334", "From Islington Green, Angel to Snow Hill, Farringdon"
"LINESTRING (-0.089659 51.52548,-0.103604 51.517334", "From Old Street Station, St. Luke's to Snow Hill, Farringdon"
"LINESTRING (-0.138231 51.525542,-0.103604 51.517334", "From Hampstead Road, Euston to Snow Hill, Farringdon"
"LINESTRING (-0.151926 51.516814,-0.103604 51.517334", "From Hinde Street, Marylebone to Snow Hill, Farringdon"
"LINESTRING (-0.093913 51.496791,-0.103604 51.517334", "From Dickens Square, Borough to Snow Hill, Farringdon"
"LINESTRING (-0.086685 51.517075,-0.103604 51.517334", "From Finsbury Circus, Liverpool Street to Snow Hill, Farringdon"
"LINESTRING (-0.13225 51.528833,-0.103604 51.517334", "From Doric Way , Somers Town to Snow Hill, Farringdon"
"LINESTRING (-0.13225 51.528833,-0.103604 51.517334", "From Doric Way , Somers Town to Snow Hill, Farringdon"
"LINESTRING (-0.083935 51.520009,-0.103604 51.517334", "From Sun Street, Liverpool Street to Snow Hill, Farringdon"
"LINESTRING (-0.074754 51.523648,-0.103604 51.517334", "From Bethnal Green Road, Shoreditch to Snow Hill, Farringdon"
"LINESTRING (-0.084439 51.524696,-0.103604 51.517334", "From Leonard Circus , Shoreditch to Snow Hill, Farringdon"
"LINESTRING (-0.083159 51.500889,-0.103604 51.517334", "From Tyers Gate, Bermondsey to Snow Hill, Farringdon"
"LINESTRING (-0.096317 51.526008,-0.103604 51.517334", "From Finsbury Leisure Centre, St. Luke's to Snow Hill, Farringdon"
"LINESTRING (-0.122219 51.51477,-0.103604 51.517334", "From Drury Lane, Covent Garden to Snow Hill, Farringdon"
"LINESTRING (-0.079608 51.521668,-0.103604 51.517334", "From Worship Street, Shoreditch to Snow Hill, Farringdon"
"LINESTRING (-0.124826 51.516226,-0.103604 51.517334", "From High Holborn , Covent Garden to Snow Hill, Farringdon"
"LINESTRING (-0.091773 51.504627,-0.103604 51.517334", "From Hop Exchange, The Borough to Snow Hill, Farringdon"
"LINESTRING (-0.161113 51.522596,-0.176268 51.524826", "From Dorset Square, Marylebone to Aberdeen Place, St. John's Wood"
"LINESTRING (-0.208565 51.515108,-0.176268 51.524826", "From Blenheim Crescent, Ladbroke Grove to Aberdeen Place, St. John's Wood"
"LINESTRING (-0.161113 51.522596,-0.176268 51.524826", "From Dorset Square, Marylebone to Aberdeen Place, St. John's Wood"
"LINESTRING (-0.144228 51.518117,-0.176268 51.524826", "From Broadcasting House, Marylebone to Aberdeen Place, St. John's Wood"
"LINESTRING (-0.120202 51.523346,-0.176268 51.524826", "From Guilford Street , Bloomsbury to Aberdeen Place, St. John's Wood"
"LINESTRING (-0.108657 51.51795,-0.176268 51.524826", "From Holborn Circus, Holborn to Aberdeen Place, St. John's Wood"
"LINESTRING (-0.138072 51.517344,-0.176268 51.524826", "From Wells Street, Fitzrovia to Aberdeen Place, St. John's Wood"
"LINESTRING (-0.169774 51.519968,-0.176268 51.524826", "From Edgware Road Station, Marylebone to Aberdeen Place, St. John's Wood"
"LINESTRING (-0.200838 51.514311,-0.176268 51.524826", "From Turquoise Island, Notting Hill to Aberdeen Place, St. John's Wood"
"LINESTRING (-0.155757 51.51013,-0.163609 51.51809", "From Upper Grosvenor Street, Mayfair to Shouldham Street, Marylebone"
"LINESTRING (-0.154907 51.522481,-0.163609 51.51809", "From Westminster University, Marylebone to Shouldham Street, Marylebone"
"LINESTRING (-0.197609 51.483911,-0.163609 51.51809", "From Halford Road, West Kensington to Shouldham Street, Marylebone"
"LINESTRING (-0.165842 51.522029,-0.163609 51.51809", "From Bell Street , Marylebone to Shouldham Street, Marylebone"
"LINESTRING (-0.086685 51.517075,-0.163609 51.51809", "From Finsbury Circus, Liverpool Street to Shouldham Street, Marylebone"
"LINESTRING (-0.140485 51.519181,-0.163609 51.51809", "From Foley Street, Fitzrovia to Shouldham Street, Marylebone"
"LINESTRING (-0.118478 51.514409,-0.163609 51.51809", "From Kingsway, Covent Garden to Shouldham Street, Marylebone"
"LINESTRING (-0.164393 51.516517,-0.163609 51.51809", "From Nutford Place, Marylebone to Shouldham Street, Marylebone"
"LINESTRING (-0.125674 51.491884,-0.163609 51.51809", "From Millbank Tower, Pimlico to Shouldham Street, Marylebone"
"LINESTRING (-0.123509 51.52625,-0.163609 51.51809", "From Tavistock Place, Bloomsbury to Shouldham Street, Marylebone"
"LINESTRING (-0.193487 51.513735,-0.163609 51.51809", "From Hereford Road, Bayswater to Shouldham Street, Marylebone"
"LINESTRING (-0.122219 51.51477,-0.163609 51.51809", "From Drury Lane, Covent Garden to Shouldham Street, Marylebone"
"LINESTRING (-0.165668 51.524561,-0.163609 51.51809", "From Broadley Terrace, Marylebone to Shouldham Street, Marylebone"
"LINESTRING (-0.196422 51.509353,-0.163609 51.51809", "From Notting Hill Gate Station, Notting Hill to Shouldham Street, Marylebone"
"LINESTRING (-0.153645 51.512911,-0.163609 51.51809", "From North Audley Street, Mayfair to Shouldham Street, Marylebone"
"LINESTRING (-0.120202 51.523346,-0.163609 51.51809", "From Guilford Street , Bloomsbury to Shouldham Street, Marylebone"
"LINESTRING (-0.148105 51.514759,-0.163609 51.51809", "From Marylebone Lane, Marylebone to Shouldham Street, Marylebone"
"LINESTRING (-0.09885 51.515418,-0.163609 51.51809", "From Newgate Street , St. Paul's to Shouldham Street, Marylebone"
"LINESTRING (-0.174653 51.527294,-0.163609 51.51809", "From St. John's Wood Road, St. John's Wood to Shouldham Street, Marylebone"
"LINESTRING (-0.087262 51.506304,-0.163609 51.51809", "From Duke Street Hill, London Bridge to Shouldham Street, Marylebone"
"LINESTRING (-0.142943 51.496863,-0.163609 51.51809", "From Allington Street, Victoria to Shouldham Street, Marylebone"
"LINESTRING (-0.13151 51.509639,-0.163609 51.51809", "From Panton Street, West End to Shouldham Street, Marylebone"
"LINESTRING (-0.150481 51.51217,-0.163609 51.51809", "From Grosvenor Square, Mayfair to Shouldham Street, Marylebone"
"LINESTRING (-0.143613 51.523518,-0.163609 51.51809", "From Bolsover Street, Fitzrovia to Shouldham Street, Marylebone"
"LINESTRING (-0.17977 51.51348,-0.163609 51.51809", "From Devonshire Terrace, Bayswater to Shouldham Street, Marylebone"
"LINESTRING (-0.183118 51.515607,-0.163609 51.51809", "From Cleveland Gardens, Bayswater to Shouldham Street, Marylebone"
"LINESTRING (-0.12335 51.51746,-0.163609 51.51809", "From Bury Place, Holborn to Shouldham Street, Marylebone"
"LINESTRING (-0.147301 51.514105,-0.163609 51.51809", "From Woodstock Street, Mayfair to Shouldham Street, Marylebone"
"LINESTRING (-0.170194 51.489716,-0.163609 51.51809", "From St. Luke's Church, Chelsea to Shouldham Street, Marylebone"
"LINESTRING (-0.151926 51.516814,-0.163609 51.51809", "From Hinde Street, Marylebone to Shouldham Street, Marylebone"
"LINESTRING (-0.171681 51.522892,-0.163609 51.51809", "From Penfold Street, Marylebone to Shouldham Street, Marylebone"
"LINESTRING (-0.121723 51.510701,-0.163609 51.51809", "From Southampton Street, Strand to Shouldham Street, Marylebone"
"LINESTRING (-0.190603 51.493631,-0.163609 51.51809", "From Knaresborough Place, Earl's Court to Shouldham Street, Marylebone"
"LINESTRING (-0.144466 51.528302,-0.163609 51.51809", "From Albany Street, The Regent's Park to Shouldham Street, Marylebone"
"LINESTRING (-0.124121 51.523418,-0.163609 51.51809", "From Russell Square Station, Bloomsbury to Shouldham Street, Marylebone"
"LINESTRING (-0.176268 51.524826,-0.163609 51.51809", "From Aberdeen Place, St. John's Wood to Shouldham Street, Marylebone"
"LINESTRING (-0.124678 51.51908,-0.163609 51.51809", "From British Museum, Bloomsbury to Shouldham Street, Marylebone"
"LINESTRING (-0.141334 51.492345,-0.163609 51.51809", "From Guildhouse Street, Victoria to Shouldham Street, Marylebone"
"LINESTRING (-0.18697 51.51616,-0.17977 51.51348", "From Bishop's Bridge Road West, Bayswater to Devonshire Terrace, Bayswater"
"LINESTRING (-0.19096 51.51244,-0.17977 51.51348", "From Ilchester Gardens, Bayswater to Devonshire Terrace, Bayswater"
"LINESTRING (-0.125441 51.541596,-0.17977 51.51348", "From York Way, Kings Cross to Devonshire Terrace, Bayswater"
"LINESTRING (-0.171103 51.518268,-0.17977 51.51348", "From St Mary's Hospital, Paddington to Devonshire Terrace, Bayswater"
"LINESTRING (-0.157183 51.52026,-0.17977 51.51348", "From Crawford Street, Marylebone to Devonshire Terrace, Bayswater"
"LINESTRING (-0.17306 51.505014,-0.17977 51.51348", "From Serpentine Car Park, Hyde Park to Devonshire Terrace, Bayswater"
"LINESTRING (-0.156166 51.518913,-0.17977 51.51348", "From Baker Street, Marylebone to Devonshire Terrace, Bayswater"
"LINESTRING (-0.125078 51.534667,-0.17977 51.51348", "From Good's Way, King's Cross to Devonshire Terrace, Bayswater"
"LINESTRING (-0.17306 51.505014,-0.17977 51.51348", "From Serpentine Car Park, Hyde Park to Devonshire Terrace, Bayswater"
"LINESTRING (-0.163609 51.51809,-0.17977 51.51348", "From Shouldham Street, Marylebone to Devonshire Terrace, Bayswater"
"LINESTRING (-0.18119 51.485587,-0.17977 51.51348", "From Limerston Street, West Chelsea to Devonshire Terrace, Bayswater"
"LINESTRING (-0.191462 51.501364,-0.17977 51.51348", "From Derry Street, Kensington to Devonshire Terrace, Bayswater"
"LINESTRING (-0.175116 51.523353,-0.17977 51.51348", "From Frampton Street, Paddington to Devonshire Terrace, Bayswater"
"LINESTRING (-0.147983 51.519167,-0.17977 51.51348", "From New Cavendish Street, Marylebone to Devonshire Terrace, Bayswater"
"LINESTRING (-0.17977 51.51348,-0.17977 51.51348", "From Devonshire Terrace, Bayswater to Devonshire Terrace, Bayswater"
"LINESTRING (-0.150481 51.51217,-0.17977 51.51348", "From Grosvenor Square, Mayfair to Devonshire Terrace, Bayswater"
"LINESTRING (-0.142943 51.496863,-0.17977 51.51348", "From Allington Street, Victoria to Devonshire Terrace, Bayswater"
"LINESTRING (-0.17977 51.51348,-0.17977 51.51348", "From Devonshire Terrace, Bayswater to Devonshire Terrace, Bayswater"
"LINESTRING (-0.19024 51.515529,-0.17977 51.51348", "From Westbourne Grove, Bayswater to Devonshire Terrace, Bayswater"
"LINESTRING (-0.154106 51.517703,-0.17977 51.51348", "From George Street, Marylebone to Devonshire Terrace, Bayswater"
"LINESTRING (-0.165164 51.514746,-0.17977 51.51348", "From Porchester Place, Paddington to Devonshire Terrace, Bayswater"
"LINESTRING (-0.191496 51.503157,-0.17977 51.51348", "From Kensington Church Street, Kensington to Devonshire Terrace, Bayswater"
"LINESTRING (-0.128585 51.516118,-0.17977 51.51348", "From Earnshaw Street , Covent Garden to Devonshire Terrace, Bayswater"
"LINESTRING (-0.18697 51.51616,-0.17977 51.51348", "From Bishop's Bridge Road West, Bayswater to Devonshire Terrace, Bayswater"
"LINESTRING (-0.165164 51.514746,-0.17977 51.51348", "From Porchester Place, Paddington to Devonshire Terrace, Bayswater"
"LINESTRING (-0.153645 51.512911,-0.17977 51.51348", "From North Audley Street, Mayfair to Devonshire Terrace, Bayswater"
"LINESTRING (-0.19024 51.515529,-0.17977 51.51348", "From Westbourne Grove, Bayswater to Devonshire Terrace, Bayswater"
"LINESTRING (-0.18697 51.51616,-0.17977 51.51348", "From Bishop's Bridge Road West, Bayswater to Devonshire Terrace, Bayswater"
"LINESTRING (-0.158456 51.502953,-0.17977 51.51348", "From Albert Gate, Hyde Park to Devonshire Terrace, Bayswater"
"LINESTRING (-0.171103 51.518268,-0.17977 51.51348", "From St Mary's Hospital, Paddington to Devonshire Terrace, Bayswater"
"LINESTRING (-0.147983 51.519167,-0.17977 51.51348", "From New Cavendish Street, Marylebone to Devonshire Terrace, Bayswater"
"LINESTRING (-0.150481 51.51217,-0.17977 51.51348", "From Grosvenor Square, Mayfair to Devonshire Terrace, Bayswater"
"LINESTRING (-0.165164 51.514746,-0.17977 51.51348", "From Porchester Place, Paddington to Devonshire Terrace, Bayswater"
"LINESTRING (-0.179668 51.511654,-0.17977 51.51348", "From Lancaster Gate , Bayswater to Devonshire Terrace, Bayswater"
"LINESTRING (-0.187402 51.51031,-0.17977 51.51348", "From Queensway, Kensington Gardens to Devonshire Terrace, Bayswater"
"LINESTRING (-0.157183 51.52026,-0.17977 51.51348", "From Crawford Street, Marylebone to Devonshire Terrace, Bayswater"
"LINESTRING (-0.17977 51.51348,-0.17977 51.51348", "From Devonshire Terrace, Bayswater to Devonshire Terrace, Bayswater"
"LINESTRING (-0.147983 51.519167,-0.17977 51.51348", "From New Cavendish Street, Marylebone to Devonshire Terrace, Bayswater"
"LINESTRING (-0.197245 51.497387,-0.200742 51.502319", "From Abingdon Villas, Kensington to Holland Park, Kensington"
"LINESTRING (-0.1844 51.502042,-0.200742 51.502319", "From Palace Gate, Kensington Gardens to Holland Park, Kensington"
"LINESTRING (-0.151296 51.50923,-0.200742 51.502319", "From South Audley Street, Mayfair to Holland Park, Kensington"
"LINESTRING (-0.195455 51.500401,-0.200742 51.502319", "From Argyll Road, Kensington to Holland Park, Kensington"
"LINESTRING (-0.195455 51.500401,-0.200742 51.502319", "From Argyll Road, Kensington to Holland Park, Kensington"
"LINESTRING (-0.210941 51.504199,-0.200742 51.502319", "From Addison Road, Holland Park to Holland Park, Kensington"
"LINESTRING (-0.213872 51.51687,-0.200742 51.502319", "From St. Mark's Road, North Kensington to Holland Park, Kensington"
"LINESTRING (-0.2174 51.504038,-0.200742 51.502319", "From Woodstock Grove, Shepherd's Bush to Holland Park, Kensington"
"LINESTRING (-0.187402 51.51031,-0.200742 51.502319", "From Queensway, Kensington Gardens to Holland Park, Kensington"
"LINESTRING (-0.1844 51.502042,-0.200742 51.502319", "From Palace Gate, Kensington Gardens to Holland Park, Kensington"
"LINESTRING (-0.209494 51.498157,-0.200742 51.502319", "From Kensington Olympia Station, Olympia to Holland Park, Kensington"
"LINESTRING (-0.198286 51.493724,-0.200742 51.502319", "From West Cromwell Road, Earl's Court to Holland Park, Kensington"
"LINESTRING (-0.199004 51.506584,-0.200742 51.502319", "From Campden Hill Road, Notting Hill to Holland Park, Kensington"
"LINESTRING (-0.213872 51.51687,-0.200742 51.502319", "From St. Mark's Road, North Kensington to Holland Park, Kensington"
"LINESTRING (-0.191496 51.503157,-0.200742 51.502319", "From Kensington Church Street, Kensington to Holland Park, Kensington"
"LINESTRING (-0.074431 51.519362,-0.071653 51.522617", "From Fournier Street, Whitechapel to Brick Lane Market, Shoreditch"
"LINESTRING (-0.071653 51.522617,-0.071653 51.522617", "From Brick Lane Market, Shoreditch to Brick Lane Market, Shoreditch"
"LINESTRING (-0.058631 51.524583,-0.071653 51.522617", "From Finnis Street, Bethnal Green to Brick Lane Market, Shoreditch"
"LINESTRING (-0.062546 51.535678,-0.071653 51.522617", "From Regent's Row , Haggerston to Brick Lane Market, Shoreditch"
"LINESTRING (-0.09644 51.507385,-0.071653 51.522617", "From New Globe Walk, Bankside to Brick Lane Market, Shoreditch"
"LINESTRING (-0.067937 51.51793,-0.071653 51.522617", "From Old Montague Street, Whitechapel to Brick Lane Market, Shoreditch"
"LINESTRING (-0.058826 51.54119,-0.071653 51.522617", "From London Fields, Hackney Central to Brick Lane Market, Shoreditch"
"LINESTRING (-0.069743 51.528222,-0.071653 51.522617", "From Wellington Row, Bethnal Green to Brick Lane Market, Shoreditch"
"LINESTRING (-0.077121 51.511594,-0.071653 51.522617", "From Crosswall, Tower to Brick Lane Market, Shoreditch"
"LINESTRING (-0.060291 51.535716,-0.071653 51.522617", "From Ada Street, Hackney Central to Brick Lane Market, Shoreditch"
"LINESTRING (-0.087262 51.506304,-0.071653 51.522617", "From Duke Street Hill, London Bridge to Brick Lane Market, Shoreditch"
"LINESTRING (-0.082989 51.510484,-0.071653 51.522617", "From Great Tower Street, Monument to Brick Lane Market, Shoreditch"
"LINESTRING (-0.062546 51.535678,-0.071653 51.522617", "From Regent's Row , Haggerston to Brick Lane Market, Shoreditch"
"LINESTRING (-0.06415 51.51295,-0.071653 51.522617", "From Christian Street, Whitechapel to Brick Lane Market, Shoreditch"
"LINESTRING (-0.025296 51.527058,-0.071653 51.522617", "From Bow Road Station, Bow to Brick Lane Market, Shoreditch"
"LINESTRING (-0.06415 51.51295,-0.071653 51.522617", "From Christian Street, Whitechapel to Brick Lane Market, Shoreditch"
"LINESTRING (-0.062697 51.518154,-0.071653 51.522617", "From New Road 1 , Whitechapel to Brick Lane Market, Shoreditch"
"LINESTRING (-0.071653 51.522617,-0.071653 51.522617", "From Brick Lane Market, Shoreditch to Brick Lane Market, Shoreditch"
"LINESTRING (-0.0786 51.500647,-0.071653 51.522617", "From Tanner Street, Bermondsey to Brick Lane Market, Shoreditch"
"LINESTRING (-0.133201 51.512515,-0.071653 51.522617", "From Wardour Street, Soho to Brick Lane Market, Shoreditch"
"LINESTRING (-0.087587 51.514441,-0.071653 51.522617", "From Bank of England Museum, Bank to Brick Lane Market, Shoreditch"
"LINESTRING (-0.137043 51.511897,-0.071653 51.522617", "From Golden Square, Soho to Brick Lane Market, Shoreditch"
"LINESTRING (-0.071653 51.522617,-0.071653 51.522617", "From Brick Lane Market, Shoreditch to Brick Lane Market, Shoreditch"
"LINESTRING (-0.070133 51.515231,-0.071653 51.522617", "From Central House, Whitechapel to Brick Lane Market, Shoreditch"
"LINESTRING (-0.077178 51.514449,-0.071653 51.522617", "From Houndsditch, Aldgate to Brick Lane Market, Shoreditch"
"LINESTRING (-0.009001 51.487129,-0.071653 51.522617", "From Saunders Ness Road, Cubitt Town to Brick Lane Market, Shoreditch"
"LINESTRING (-0.116764 51.51362,-0.071653 51.522617", "From Houghton Street, Strand to Brick Lane Market, Shoreditch"
"LINESTRING (-0.066078 51.514924,-0.071653 51.522617", "From LMU Commercial Road, Whitechapel to Brick Lane Market, Shoreditch"
"LINESTRING (-0.071653 51.522617,-0.071653 51.522617", "From Brick Lane Market, Shoreditch to Brick Lane Market, Shoreditch"
"LINESTRING (-0.060291 51.535716,-0.071653 51.522617", "From Ada Street, Hackney Central to Brick Lane Market, Shoreditch"
"LINESTRING (-0.073537 51.514233,-0.071653 51.522617", "From Braham Street, Aldgate to Brick Lane Market, Shoreditch"
"LINESTRING (-0.071653 51.522617,-0.071653 51.522617", "From Brick Lane Market, Shoreditch to Brick Lane Market, Shoreditch"
"LINESTRING (-0.144132 51.493204,-0.071653 51.522617", "From Belgrave Road, Victoria to Brick Lane Market, Shoreditch"
"LINESTRING (-0.038557 51.541515,-0.071653 51.522617", "From Gascoyne Road, Victoria Park to Brick Lane Market, Shoreditch"
"LINESTRING (-0.05438 51.520019,-0.071653 51.522617", "From Ansell House, Stepney to Brick Lane Market, Shoreditch"
"LINESTRING (-0.09294 51.51397,-0.071653 51.522617", "From Cheapside, Bank to Brick Lane Market, Shoreditch"
"LINESTRING (-0.076341 51.534464,-0.071653 51.522617", "From Whiston Road, Haggerston to Brick Lane Market, Shoreditch"
"LINESTRING (-0.120202 51.523346,-0.154106 51.517703", "From Guilford Street , Bloomsbury to George Street, Marylebone"
"LINESTRING (-0.17677 51.530889,-0.154106 51.517703", "From Grove End Road, St. John's Wood to George Street, Marylebone"
"LINESTRING (-0.147154 51.537349,-0.154106 51.517703", "From Gloucester Avenue, Camden Town to George Street, Marylebone"
"LINESTRING (-0.138846 51.510048,-0.154106 51.517703", "From Sackville Street, Mayfair to George Street, Marylebone"
"LINESTRING (-0.174653 51.527294,-0.154106 51.517703", "From St. John's Wood Road, St. John's Wood to George Street, Marylebone"
"LINESTRING (-0.138019 51.524438,-0.154106 51.517703", "From Warren Street Station, Euston to George Street, Marylebone"
"LINESTRING (-0.138019 51.524438,-0.154106 51.517703", "From Warren Street Station, Euston to George Street, Marylebone"
"LINESTRING (-0.136052 51.527326,-0.154106 51.517703", "From Drummond Street , Euston to George Street, Marylebone"
"LINESTRING (-0.167515 51.530529,-0.154106 51.517703", "From St. John's Wood Church, The Regent's Park to George Street, Marylebone"
"LINESTRING (-0.141423 51.514499,-0.154106 51.517703", "From Little Argyll Street, West End to George Street, Marylebone"
"LINESTRING (-0.179369 51.487196,-0.154106 51.517703", "From Drayton Gardens, West Chelsea to George Street, Marylebone"
"LINESTRING (-0.179135 51.516417,-0.154106 51.517703", "From Eastbourne Mews, Paddington to George Street, Marylebone"
"LINESTRING (-0.132845 51.489975,-0.154106 51.517703", "From Rampayne Street, Pimlico to George Street, Marylebone"
"LINESTRING (-0.156166 51.518913,-0.154106 51.517703", "From Baker Street, Marylebone to George Street, Marylebone"
"LINESTRING (-0.141812 51.469259,-0.154106 51.517703", "From Wandsworth Rd, Isley Court, Wandsworth Road to George Street, Marylebone"
"LINESTRING (-0.084439 51.524696,-0.154106 51.517703", "From Leonard Circus , Shoreditch to George Street, Marylebone"
"LINESTRING (-0.160854 51.535892,-0.154106 51.517703", "From Prince Albert Road, The Regent's Park to George Street, Marylebone"
"LINESTRING (-0.18119 51.490945,-0.154106 51.517703", "From Old Brompton Road, South Kensington to George Street, Marylebone"
"LINESTRING (-0.128585 51.516118,-0.154106 51.517703", "From Earnshaw Street , Covent Garden to George Street, Marylebone"
"LINESTRING (-0.194116 51.479932,-0.154106 51.517703", "From Fulham Broadway, Walham Green to George Street, Marylebone"
"LINESTRING (-0.173693 51.495948,-0.154106 51.517703", "From Exhibition Road Museums 2, South Kensington to George Street, Marylebone"
"LINESTRING (-0.142844 51.506613,-0.154106 51.517703", "From Green Park Station, Mayfair to George Street, Marylebone"
"LINESTRING (-0.136052 51.527326,-0.154106 51.517703", "From Drummond Street , Euston to George Street, Marylebone"
"LINESTRING (-0.148105 51.514759,-0.154106 51.517703", "From Marylebone Lane, Marylebone to George Street, Marylebone"
"LINESTRING (-0.171103 51.518268,-0.154106 51.517703", "From St Mary's Hospital, Paddington to George Street, Marylebone"
"LINESTRING (-0.104708 51.52326,-0.154106 51.517703", "From Clerkenwell Green, Clerkenwell to George Street, Marylebone"
"LINESTRING (-0.111014 51.493686,-0.154106 51.517703", "From Walnut Tree Walk, Vauxhall to George Street, Marylebone"
"LINESTRING (-0.141728 51.539099,-0.154106 51.517703", "From Greenland Road, Camden Town to George Street, Marylebone"
"LINESTRING (-0.121723 51.510701,-0.154106 51.517703", "From Southampton Street, Strand to George Street, Marylebone"
"LINESTRING (-0.138072 51.517344,-0.154106 51.517703", "From Wells Street, Fitzrovia to George Street, Marylebone"
"LINESTRING (-0.089659 51.52548,-0.075375 51.528187", "From Old Street Station, St. Luke's to Columbia Road, Shoreditch"
"LINESTRING (-0.048017 51.531127,-0.075375 51.528187", "From Old Ford Road, Bethnal Green to Columbia Road, Shoreditch"
"LINESTRING (-0.132328 51.515631,-0.075375 51.528187", "From Soho Square , Soho to Columbia Road, Shoreditch"
"LINESTRING (-0.099994 51.522853,-0.075375 51.528187", "From Berry Street, Clerkenwell to Columbia Road, Shoreditch"
"LINESTRING (-0.07023 51.536654,-0.075375 51.528187", "From Belford House, Haggerston to Columbia Road, Shoreditch"
"LINESTRING (-0.078869 51.521113,-0.075375 51.528187", "From Norton Folgate, Liverpool Street to Columbia Road, Shoreditch"
"LINESTRING (-0.06142 51.532091,-0.075375 51.528187", "From Pritchard's Road, Bethnal Green to Columbia Road, Shoreditch"
"LINESTRING (-0.071653 51.522617,-0.075375 51.528187", "From Brick Lane Market, Shoreditch to Columbia Road, Shoreditch"
"LINESTRING (-0.092762 51.500296,-0.075375 51.528187", "From Swan Street, The Borough to Columbia Road, Shoreditch"
"LINESTRING (-0.075885 51.536585,-0.075375 51.528187", "From Dunston Road , Haggerston to Columbia Road, Shoreditch"
"LINESTRING (-0.06142 51.532091,-0.075375 51.528187", "From Pritchard's Road, Bethnal Green to Columbia Road, Shoreditch"
"LINESTRING (-0.083159 51.500889,-0.075375 51.528187", "From Tyers Gate, Bermondsey to Columbia Road, Shoreditch"
"LINESTRING (-0.083067 51.523196,-0.075375 51.528187", "From Clifton Street, Shoreditch to Columbia Road, Shoreditch"
"LINESTRING (-0.079608 51.521668,-0.075375 51.528187", "From Worship Street, Shoreditch to Columbia Road, Shoreditch"
"LINESTRING (-0.089659 51.52548,-0.075375 51.528187", "From Old Street Station, St. Luke's to Columbia Road, Shoreditch"
"LINESTRING (-0.116688 51.520596,-0.075375 51.528187", "From Theobald's Road , Holborn to Columbia Road, Shoreditch"
"LINESTRING (-0.083935 51.520009,-0.075375 51.528187", "From Sun Street, Liverpool Street to Columbia Road, Shoreditch"
"LINESTRING (-0.099994 51.522853,-0.075375 51.528187", "From Berry Street, Clerkenwell to Columbia Road, Shoreditch"
"LINESTRING (-0.062546 51.535678,-0.075375 51.528187", "From Regent's Row , Haggerston to Columbia Road, Shoreditch"
"LINESTRING (-0.062546 51.535678,-0.075375 51.528187", "From Regent's Row , Haggerston to Columbia Road, Shoreditch"
"LINESTRING (-0.057133 51.527607,-0.075375 51.528187", "From Hollybush Gardens, Bethnal Green to Columbia Road, Shoreditch"
"LINESTRING (-0.058631 51.524583,-0.075375 51.528187", "From Finnis Street, Bethnal Green to Columbia Road, Shoreditch"
"LINESTRING (-0.104708 51.52326,-0.075375 51.528187", "From Clerkenwell Green, Clerkenwell to Columbia Road, Shoreditch"
"LINESTRING (-0.079249 51.518908,-0.075375 51.528187", "From Brushfield Street, Liverpool Street to Columbia Road, Shoreditch"
"LINESTRING (-0.062546 51.535678,-0.075375 51.528187", "From Regent's Row , Haggerston to Columbia Road, Shoreditch"
"LINESTRING (-0.088542 51.527025,-0.075375 51.528187", "From Baldwin Street, St. Luke's to Columbia Road, Shoreditch"
"LINESTRING (-0.033828 51.514115,-0.075375 51.528187", "From Salmon Lane, Limehouse to Columbia Road, Shoreditch"
"LINESTRING (-0.125078 51.534667,-0.075375 51.528187", "From Good's Way, King's Cross to Columbia Road, Shoreditch"
"LINESTRING (-0.055312 51.52568,-0.075375 51.528187", "From Bethnal Green Garden, Bethnal Green to Columbia Road, Shoreditch"
"LINESTRING (-0.028941 51.542118,-0.075375 51.528187", "From Cadogan Close, Victoria Park to Columbia Road, Shoreditch"
"LINESTRING (-0.183118 51.515607,-0.171681 51.522892", "From Cleveland Gardens, Bayswater to Penfold Street, Marylebone"
"LINESTRING (-0.18498 51.501737,-0.171681 51.522892", "From De Vere Gardens, Kensington to Penfold Street, Marylebone"
"LINESTRING (-0.16862 51.53256,-0.171681 51.522892", "From Greenberry Street, St.John's Wood to Penfold Street, Marylebone"
"LINESTRING (-0.17977 51.51348,-0.171681 51.522892", "From Devonshire Terrace, Bayswater to Penfold Street, Marylebone"
"LINESTRING (-0.123616 51.529943,-0.171681 51.522892", "From Belgrove Street , King's Cross to Penfold Street, Marylebone"
"LINESTRING (-0.158264 51.514577,-0.171681 51.522892", "From Old Quebec Street, Marylebone to Penfold Street, Marylebone"
"LINESTRING (-0.17524 51.48902,-0.171681 51.522892", "From South Parade, Chelsea to Penfold Street, Marylebone"
"LINESTRING (-0.123509 51.52625,-0.171681 51.522892", "From Tavistock Place, Bloomsbury to Penfold Street, Marylebone"
"LINESTRING (-0.138019 51.524438,-0.171681 51.522892", "From Warren Street Station, Euston to Penfold Street, Marylebone"
"LINESTRING (-0.137043 51.511897,-0.171681 51.522892", "From Golden Square, Soho to Penfold Street, Marylebone"
"LINESTRING (-0.164207 51.517372,-0.171681 51.522892", "From Harrowby Street, Marylebone to Penfold Street, Marylebone"
"LINESTRING (-0.186753 51.491615,-0.158249 51.516892", "From Collingham Gardens, Earl's Court to George Place Mews, Marylebone"
"LINESTRING (-0.144228 51.518117,-0.158249 51.516892", "From Broadcasting House, Marylebone to George Place Mews, Marylebone"
"LINESTRING (-0.154106 51.517703,-0.158249 51.516892", "From George Street, Marylebone to George Place Mews, Marylebone"
"LINESTRING (-0.09734 51.520841,-0.158249 51.516892", "From Aldersgate Street, Barbican to George Place Mews, Marylebone"
"LINESTRING (-0.124469 51.485917,-0.158249 51.516892", "From Vauxhall Cross, Vauxhall to George Place Mews, Marylebone"
"LINESTRING (-0.174653 51.527294,-0.158249 51.516892", "From St. John's Wood Road, St. John's Wood to George Place Mews, Marylebone"
"LINESTRING (-0.093421 51.529154,-0.158249 51.516892", "From Windsor Terrace, Hoxton to George Place Mews, Marylebone"
"LINESTRING (-0.15352 51.503117,-0.158249 51.516892", "From Hyde Park Corner, Hyde Park to George Place Mews, Marylebone"
"LINESTRING (-0.196422 51.509353,-0.158249 51.516892", "From Notting Hill Gate Station, Notting Hill to George Place Mews, Marylebone"
"LINESTRING (-0.223616 51.485743,-0.158249 51.516892", "From Manbre Road, Hammersmith to George Place Mews, Marylebone"
"LINESTRING (-0.112824 51.503791,-0.158249 51.516892", "From Waterloo Station 3, Waterloo to George Place Mews, Marylebone"
"LINESTRING (-0.165842 51.522029,-0.158249 51.516892", "From Bell Street , Marylebone to George Place Mews, Marylebone"
"LINESTRING (-0.158105 51.494645,-0.158249 51.516892", "From Cadogan Place, Knightsbridge to George Place Mews, Marylebone"
"LINESTRING (-0.201005 51.51787,-0.158249 51.516892", "From Westbourne Park Road, Portobello to George Place Mews, Marylebone"
"LINESTRING (-0.156166 51.518913,-0.158249 51.516892", "From Baker Street, Marylebone to George Place Mews, Marylebone"
"LINESTRING (-0.193487 51.513735,-0.158249 51.516892", "From Hereford Road, Bayswater to George Place Mews, Marylebone"
"LINESTRING (-0.195777 51.479463,-0.158249 51.516892", "From Erin Close, Walham Green to George Place Mews, Marylebone"
"LINESTRING (-0.171592 51.5289,-0.158249 51.516892", "From Lord's, St. John's Wood to George Place Mews, Marylebone"
"LINESTRING (-0.116279 51.524564,-0.158249 51.516892", "From Wren Street, Holborn to George Place Mews, Marylebone"
"LINESTRING (-0.158105 51.494645,-0.158249 51.516892", "From Cadogan Place, Knightsbridge to George Place Mews, Marylebone"
"LINESTRING (-0.124807 51.53724,-0.158249 51.516892", "From Handyside Street, King's Cross to George Place Mews, Marylebone"
"LINESTRING (-0.121328 51.517606,-0.158249 51.516892", "From Southampton Place, Holborn to George Place Mews, Marylebone"
"LINESTRING (-0.165842 51.522029,-0.158249 51.516892", "From Bell Street , Marylebone to George Place Mews, Marylebone"
"LINESTRING (-0.152248 51.467185,-0.158249 51.516892", "From Ashley Crescent, Battersea to George Place Mews, Marylebone"
"LINESTRING (-0.150905 51.496544,-0.158249 51.516892", "From Eaton Square, Belgravia to George Place Mews, Marylebone"
"LINESTRING (-0.086685 51.517075,-0.158249 51.516892", "From Finsbury Circus, Liverpool Street to George Place Mews, Marylebone"
"LINESTRING (-0.151926 51.516814,-0.158249 51.516892", "From Hinde Street, Marylebone to George Place Mews, Marylebone"
"LINESTRING (-0.200804 51.520509,-0.1844 51.502042", "From The Metropolitan, Portobello to Palace Gate, Kensington Gardens"
"LINESTRING (-0.190603 51.493631,-0.1844 51.502042", "From Knaresborough Place, Earl's Court to Palace Gate, Kensington Gardens"
"LINESTRING (-0.106323 51.490757,-0.1844 51.502042", "From Cotton Garden Estate, Kennington to Palace Gate, Kensington Gardens"
"LINESTRING (-0.224303 51.506093,-0.1844 51.502042", "From Westfield Library Corner, Shepherd's Bush to Palace Gate, Kensington Gardens"
"LINESTRING (-0.202608 51.51632,-0.1844 51.502042", "From All Saints Church, Portobello to Palace Gate, Kensington Gardens"
"LINESTRING (-0.185273 51.481765,-0.1844 51.502042", "From Hortensia Road, West Brompton to Palace Gate, Kensington Gardens"
"LINESTRING (-0.21985 51.493267,-0.1844 51.502042", "From Hammersmith Road, Hammersmith to Palace Gate, Kensington Gardens"
"LINESTRING (-0.170279 51.506451,-0.1844 51.502042", "From Triangle Car Park, Hyde Park to Palace Gate, Kensington Gardens"
"LINESTRING (-0.204764 51.519042,-0.1844 51.502042", "From All Saints' Road, Portobello to Palace Gate, Kensington Gardens"
"LINESTRING (-0.200838 51.514311,-0.1844 51.502042", "From Turquoise Island, Notting Hill to Palace Gate, Kensington Gardens"
"LINESTRING (-0.179135 51.516417,-0.1844 51.502042", "From Eastbourne Mews, Paddington to Palace Gate, Kensington Gardens"
"LINESTRING (-0.211593 51.51323,-0.1844 51.502042", "From Clarendon Road, Avondale to Palace Gate, Kensington Gardens"
"LINESTRING (-0.1844 51.502042,-0.1844 51.502042", "From Palace Gate, Kensington Gardens to Palace Gate, Kensington Gardens"
"LINESTRING (-0.211593 51.51323,-0.1844 51.502042", "From Clarendon Road, Avondale to Palace Gate, Kensington Gardens"
"LINESTRING (-0.201554 51.512136,-0.1844 51.502042", "From Chepstow Villas, Notting Hill to Palace Gate, Kensington Gardens"
"LINESTRING (-0.104193 51.49605,-0.1844 51.502042", "From Gaywood  Street, Elephant & Castle to Palace Gate, Kensington Gardens"
"LINESTRING (-0.15352 51.503117,-0.1844 51.502042", "From Hyde Park Corner, Hyde Park to Palace Gate, Kensington Gardens"
"LINESTRING (-0.158456 51.502953,-0.1844 51.502042", "From Albert Gate, Hyde Park to Palace Gate, Kensington Gardens"
"LINESTRING (-0.179854 51.501715,-0.1844 51.502042", "From Queen's Gate, Kensington Gardens to Palace Gate, Kensington Gardens"
"LINESTRING (-0.187842 51.509908,-0.1844 51.502042", "From Black Lion Gate, Kensington Gardens to Palace Gate, Kensington Gardens"
"LINESTRING (-0.179702 51.499428,-0.1844 51.502042", "From Imperial College, Knightsbridge to Palace Gate, Kensington Gardens"
"LINESTRING (-0.211593 51.51323,-0.1844 51.502042", "From Clarendon Road, Avondale to Palace Gate, Kensington Gardens"
"LINESTRING (-0.202608 51.51632,-0.1844 51.502042", "From All Saints Church, Portobello to Palace Gate, Kensington Gardens"
"LINESTRING (-0.15352 51.503117,-0.1844 51.502042", "From Hyde Park Corner, Hyde Park to Palace Gate, Kensington Gardens"
"LINESTRING (-0.106323 51.490757,-0.1844 51.502042", "From Cotton Garden Estate, Kennington to Palace Gate, Kensington Gardens"
"LINESTRING (-0.15352 51.503117,-0.1844 51.502042", "From Hyde Park Corner, Hyde Park to Palace Gate, Kensington Gardens"
"LINESTRING (-0.123179 51.506543,-0.1844 51.502042", "From Whitehall Place, Strand to Palace Gate, Kensington Gardens"
"LINESTRING (-0.211593 51.51323,-0.1844 51.502042", "From Clarendon Road, Avondale to Palace Gate, Kensington Gardens"
"LINESTRING (-0.179854 51.501715,-0.1844 51.502042", "From Queen's Gate, Kensington Gardens to Palace Gate, Kensington Gardens"
"LINESTRING (-0.18697 51.51616,-0.1844 51.502042", "From Bishop's Bridge Road West, Bayswater to Palace Gate, Kensington Gardens"
"LINESTRING (-0.14296 51.497998,-0.1844 51.502042", "From Warwick Row, Westminster to Palace Gate, Kensington Gardens"
"LINESTRING (-0.200804 51.520509,-0.1844 51.502042", "From The Metropolitan, Portobello to Palace Gate, Kensington Gardens"
"LINESTRING (-0.158456 51.502953,-0.1844 51.502042", "From Albert Gate, Hyde Park to Palace Gate, Kensington Gardens"
"LINESTRING (-0.158456 51.502953,-0.1844 51.502042", "From Albert Gate, Hyde Park to Palace Gate, Kensington Gardens"
"LINESTRING (-0.179369 51.487196,-0.18267 51.494185", "From Drayton Gardens, West Chelsea to Gloucester Road Station, South Kensington"
"LINESTRING (-0.18119 51.490945,-0.18267 51.494185", "From Old Brompton Road, South Kensington to Gloucester Road Station, South Kensington"
"LINESTRING (-0.176267 51.472876,-0.18267 51.494185", "From Vicarage Crescent, Battersea to Gloucester Road Station, South Kensington"
"LINESTRING (-0.191462 51.501364,-0.18267 51.494185", "From Derry Street, Kensington to Gloucester Road Station, South Kensington"
"LINESTRING (-0.180246 51.501026,-0.18267 51.494185", "From Queen's Gate (North), Kensington to Gloucester Road Station, South Kensington"
"LINESTRING (-0.18119 51.490945,-0.18267 51.494185", "From Old Brompton Road, South Kensington to Gloucester Road Station, South Kensington"
"LINESTRING (-0.193068 51.500397,-0.18267 51.494185", "From Wright's Lane, Kensington to Gloucester Road Station, South Kensington"
"LINESTRING (-0.18119 51.485587,-0.18267 51.494185", "From Limerston Street, West Chelsea to Gloucester Road Station, South Kensington"
"LINESTRING (-0.180246 51.501026,-0.18267 51.494185", "From Queen's Gate (North), Kensington to Gloucester Road Station, South Kensington"
"LINESTRING (-0.18267 51.494185,-0.18267 51.494185", "From Gloucester Road Station, South Kensington to Gloucester Road Station, South Kensington"
"LINESTRING (-0.204815 51.484386,-0.18267 51.494185", "From Normand Park, West Kensington to Gloucester Road Station, South Kensington"
"LINESTRING (-0.179369 51.487196,-0.18267 51.494185", "From Drayton Gardens, West Chelsea to Gloucester Road Station, South Kensington"
"LINESTRING (-0.199783 51.472817,-0.18267 51.494185", "From Parson's Green , Parson's Green to Gloucester Road Station, South Kensington"
"LINESTRING (-0.18119 51.485587,-0.18267 51.494185", "From Limerston Street, West Chelsea to Gloucester Road Station, South Kensington"
"LINESTRING (-0.171103 51.518268,-0.18267 51.494185", "From St Mary's Hospital, Paddington to Gloucester Road Station, South Kensington"
"LINESTRING (-0.174485 51.469161,-0.18267 51.494185", "From Fawcett Close, Battersea to Gloucester Road Station, South Kensington"
"LINESTRING (-0.174971 51.485121,-0.18267 51.494185", "From The Vale, Chelsea to Gloucester Road Station, South Kensington"
"LINESTRING (-0.217995 51.487285,-0.18267 51.494185", "From Charing Cross Hospital, Hammersmith to Gloucester Road Station, South Kensington"
"LINESTRING (-0.187427 51.460864,-0.18267 51.494185", "From Wandsworth Town Station, Wandsworth to Gloucester Road Station, South Kensington"
"LINESTRING (-0.179369 51.487196,-0.18267 51.494185", "From Drayton Gardens, West Chelsea to Gloucester Road Station, South Kensington"
"LINESTRING (-0.151296 51.50923,-0.18267 51.494185", "From South Audley Street, Mayfair to Gloucester Road Station, South Kensington"
"LINESTRING (-0.179369 51.487196,-0.18267 51.494185", "From Drayton Gardens, West Chelsea to Gloucester Road Station, South Kensington"
"LINESTRING (-0.183289 51.496462,-0.18267 51.494185", "From Gloucester Road (Central), South Kensington to Gloucester Road Station, South Kensington"
"LINESTRING (-0.180274 51.481805,-0.18267 51.494185", "From World's End Place, West Chelsea to Gloucester Road Station, South Kensington"
"LINESTRING (-0.192404 51.496481,-0.18267 51.494185", "From Marloes Road, Kensington to Gloucester Road Station, South Kensington"
"LINESTRING (-0.179369 51.487196,-0.18267 51.494185", "From Drayton Gardens, West Chelsea to Gloucester Road Station, South Kensington"
"LINESTRING (-0.158264 51.514577,-0.18267 51.494185", "From Old Quebec Street, Marylebone to Gloucester Road Station, South Kensington"
"LINESTRING (-0.179369 51.487196,-0.18267 51.494185", "From Drayton Gardens, West Chelsea to Gloucester Road Station, South Kensington"
"LINESTRING (-0.179668 51.511654,-0.18267 51.494185", "From Lancaster Gate , Bayswater to Gloucester Road Station, South Kensington"
"LINESTRING (-0.209973 51.481021,-0.18267 51.494185", "From Aintree Street, Fulham to Gloucester Road Station, South Kensington"
"LINESTRING (-0.167894 51.493184,-0.18267 51.494185", "From Sloane Avenue, Knightsbridge to Gloucester Road Station, South Kensington"
"LINESTRING (-0.186753 51.491615,-0.18267 51.494185", "From Collingham Gardens, Earl's Court to Gloucester Road Station, South Kensington"
"LINESTRING (-0.18119 51.485587,-0.18267 51.494185", "From Limerston Street, West Chelsea to Gloucester Road Station, South Kensington"
"LINESTRING (-0.156876 51.49313,-0.18267 51.494185", "From Sedding Street, Sloane Square to Gloucester Road Station, South Kensington"
"LINESTRING (-0.082422 51.516154,-0.18267 51.494185", "From Wormwood Street, Liverpool Street to Gloucester Road Station, South Kensington"
"LINESTRING (-0.211316 51.500088,-0.18267 51.494185", "From Russell Gardens, Olympia to Gloucester Road Station, South Kensington"
"LINESTRING (-0.174971 51.485121,-0.18267 51.494185", "From The Vale, Chelsea to Gloucester Road Station, South Kensington"
"LINESTRING (-0.168917 51.497056,-0.18267 51.494185", "From Holy Trinity Brompton, Knightsbridge to Gloucester Road Station, South Kensington"
"LINESTRING (-0.178656 51.501432,-0.18267 51.494185", "From Kensington Gore, Knightsbridge to Gloucester Road Station, South Kensington"
"LINESTRING (-0.174971 51.485121,-0.18267 51.494185", "From The Vale, Chelsea to Gloucester Road Station, South Kensington"
"LINESTRING (-0.174554 51.499917,-0.18267 51.494185", "From Exhibition Road, Knightsbridge to Gloucester Road Station, South Kensington"
"LINESTRING (-0.216305 51.483356,-0.18267 51.494185", "From Everington Street, Fulham to Gloucester Road Station, South Kensington"
"LINESTRING (-0.179369 51.487196,-0.18267 51.494185", "From Drayton Gardens, West Chelsea to Gloucester Road Station, South Kensington"
"LINESTRING (-0.197574 51.499606,-0.18267 51.494185", "From Phillimore Gardens, Kensington to Gloucester Road Station, South Kensington"
"LINESTRING (-0.208485 51.478939,-0.18267 51.494185", "From St. Peter's Terrace, Fulham to Gloucester Road Station, South Kensington"
"LINESTRING (-0.194757 51.493343,-0.18267 51.494185", "From Nevern Place, Earl's Court to Gloucester Road Station, South Kensington"
"LINESTRING (-0.170279 51.506451,-0.18267 51.494185", "From Triangle Car Park, Hyde Park to Gloucester Road Station, South Kensington"
"LINESTRING (-0.191462 51.501364,-0.18267 51.494185", "From Derry Street, Kensington to Gloucester Road Station, South Kensington"
"LINESTRING (-0.099828 51.493146,-0.18267 51.494185", "From Strata, Elephant & Castle to Gloucester Road Station, South Kensington"
"LINESTRING (-0.179702 51.499428,-0.18267 51.494185", "From Imperial College, Knightsbridge to Gloucester Road Station, South Kensington"
"LINESTRING (-0.192165 51.457529,-0.18267 51.494185", "From Ram Street, Wandsworth to Gloucester Road Station, South Kensington"
"LINESTRING (-0.179369 51.487196,-0.18267 51.494185", "From Drayton Gardens, West Chelsea to Gloucester Road Station, South Kensington"
"LINESTRING (-0.192404 51.496481,-0.18267 51.494185", "From Marloes Road, Kensington to Gloucester Road Station, South Kensington"
"LINESTRING (-0.194116 51.479932,-0.18267 51.494185", "From Fulham Broadway, Walham Green to Gloucester Road Station, South Kensington"
"LINESTRING (-0.18267 51.494185,-0.18267 51.494185", "From Gloucester Road Station, South Kensington to Gloucester Road Station, South Kensington"
"LINESTRING (-0.183834 51.497924,-0.18267 51.494185", "From Gloucester Road (North), Kensington to Gloucester Road Station, South Kensington"
"LINESTRING (-0.18267 51.494185,-0.18267 51.494185", "From Gloucester Road Station, South Kensington to Gloucester Road Station, South Kensington"
"LINESTRING (-0.151926 51.516814,-0.18267 51.494185", "From Hinde Street, Marylebone to Gloucester Road Station, South Kensington"
"LINESTRING (-0.191462 51.501364,-0.18267 51.494185", "From Derry Street, Kensington to Gloucester Road Station, South Kensington"
"LINESTRING (-0.14296 51.497998,-0.18267 51.494185", "From Warwick Row, Westminster to Gloucester Road Station, South Kensington"
"LINESTRING (-0.165471 51.498884,-0.18267 51.494185", "From Montpelier Street, Knightsbridge to Gloucester Road Station, South Kensington"
"LINESTRING (-0.111435 51.48894,-0.083935 51.520009", "From Kennington Cross, Kennington to Sun Street, Liverpool Street"
"LINESTRING (-0.086379 51.534042,-0.083935 51.520009", "From Shoreditch Park, Hoxton to Sun Street, Liverpool Street"
"LINESTRING (-0.063386 51.521905,-0.083935 51.520009", "From Selby Street, Whitechapel to Sun Street, Liverpool Street"
"LINESTRING (-0.123616 51.529943,-0.083935 51.520009", "From Belgrove Street , King's Cross to Sun Street, Liverpool Street"
"LINESTRING (-0.100791 51.518218,-0.083935 51.520009", "From West Smithfield Rotunda, Farringdon to Sun Street, Liverpool Street"
"LINESTRING (-0.176645 51.518622,-0.083935 51.520009", "From North Wharf Road, Paddington to Sun Street, Liverpool Street"
"LINESTRING (-0.144228 51.518117,-0.083935 51.520009", "From Broadcasting House, Marylebone to Sun Street, Liverpool Street"
"LINESTRING (-0.083353 51.529537,-0.083935 51.520009", "From Fanshaw Street, Hoxton to Sun Street, Liverpool Street"
"LINESTRING (-0.083353 51.529537,-0.083935 51.520009", "From Fanshaw Street, Hoxton to Sun Street, Liverpool Street"
"LINESTRING (-0.138733 51.496753,-0.083935 51.520009", "From Howick Place, Westminster to Sun Street, Liverpool Street"
"LINESTRING (-0.123258 51.476149,-0.083935 51.520009", "From Teversham Lane, Stockwell to Sun Street, Liverpool Street"
"LINESTRING (-0.11655 51.51824,-0.083935 51.520009", "From Red Lion Street, Holborn to Sun Street, Liverpool Street"
"LINESTRING (-0.097122 51.529423,-0.083935 51.520009", "From Macclesfield Rd, St Lukes to Sun Street, Liverpool Street"
"LINESTRING (-0.11934 51.531066,-0.083935 51.520009", "From Northdown Street, King's Cross to Sun Street, Liverpool Street"
"LINESTRING (-0.129386 51.534123,-0.083935 51.520009", "From Pancras Road, King's Cross to Sun Street, Liverpool Street"
"LINESTRING (-0.063386 51.521905,-0.083935 51.520009", "From Selby Street, Whitechapel to Sun Street, Liverpool Street"
"LINESTRING (-0.041378 51.522507,-0.083935 51.520009", "From Queen Mary's, Mile End to Sun Street, Liverpool Street"
"LINESTRING (-0.104708 51.52326,-0.083935 51.520009", "From Clerkenwell Green, Clerkenwell to Sun Street, Liverpool Street"
"LINESTRING (-0.096317 51.526008,-0.083935 51.520009", "From Finsbury Leisure Centre, St. Luke's to Sun Street, Liverpool Street"
"LINESTRING (-0.120202 51.523346,-0.083935 51.520009", "From Guilford Street , Bloomsbury to Sun Street, Liverpool Street"
"LINESTRING (-0.110121 51.488105,-0.083935 51.520009", "From Cleaver Street, Kennington to Sun Street, Liverpool Street"
"LINESTRING (-0.09294 51.51397,-0.083935 51.520009", "From Cheapside, Bank to Sun Street, Liverpool Street"
"LINESTRING (-0.111606 51.505569,-0.083935 51.520009", "From Stamford Street, South Bank to Sun Street, Liverpool Street"
"LINESTRING (-0.097122 51.529423,-0.083935 51.520009", "From Macclesfield Rd, St Lukes to Sun Street, Liverpool Street"
"LINESTRING (-0.09294 51.511553,-0.083935 51.520009", "From Queen Street 1, Bank to Sun Street, Liverpool Street"
"LINESTRING (-0.112824 51.503791,-0.083935 51.520009", "From Waterloo Station 3, Waterloo to Sun Street, Liverpool Street"
"LINESTRING (-0.131161 51.52505,-0.083935 51.520009", "From Taviton Street, Bloomsbury to Sun Street, Liverpool Street"
"LINESTRING (-0.037366 51.534137,-0.083935 51.520009", "From Driffield Road, Old Ford to Sun Street, Liverpool Street"
"LINESTRING (-0.112721 51.536392,-0.083935 51.520009", "From Charlotte Terrace, Angel to Sun Street, Liverpool Street"
"LINESTRING (-0.100168 51.530344,-0.083935 51.520009", "From City Road, Angel to Sun Street, Liverpool Street"
"LINESTRING (-0.086016 51.53114,-0.083935 51.520009", "From New North Road 2, Hoxton to Sun Street, Liverpool Street"
"LINESTRING (-0.069542 51.512363,-0.083935 51.520009", "From Leman Street, Aldgate to Sun Street, Liverpool Street"
"LINESTRING (-0.09315 51.53356,-0.083935 51.520009", "From Eagle Wharf Road, Hoxton to Sun Street, Liverpool Street"
"LINESTRING (-0.103604 51.517334,-0.083935 51.520009", "From Snow Hill, Farringdon to Sun Street, Liverpool Street"
"LINESTRING (-0.075901 51.531091,-0.083935 51.520009", "From Hoxton Station, Hoxton to Sun Street, Liverpool Street"
"LINESTRING (-0.079201 51.537277,-0.083935 51.520009", "From Hertford Road, De Beauvoir Town to Sun Street, Liverpool Street"
"LINESTRING (-0.113656 51.505354,-0.083935 51.520009", "From Waterloo Bridge, South Bank to Sun Street, Liverpool Street"
"LINESTRING (-0.06142 51.532091,-0.083935 51.520009", "From Pritchard's Road, Bethnal Green to Sun Street, Liverpool Street"
"LINESTRING (-0.13225 51.528833,-0.083935 51.520009", "From Doric Way , Somers Town to Sun Street, Liverpool Street"
"LINESTRING (-0.075855 51.517475,-0.083935 51.520009", "From Bell Lane, Liverpool Street to Sun Street, Liverpool Street"
"LINESTRING (-0.110889 51.495718,-0.083935 51.520009", "From Kennington Road  , Vauxhall to Sun Street, Liverpool Street"
"LINESTRING (-0.127854 51.517727,-0.083935 51.520009", "From Great Russell Street, Bloomsbury to Sun Street, Liverpool Street"
"LINESTRING (-0.108028 51.518825,-0.083935 51.520009", "From Hatton Garden, Holborn to Sun Street, Liverpool Street"
"LINESTRING (-0.081608 51.497855,-0.083935 51.520009", "From Bermondsey Street, Bermondsey to Sun Street, Liverpool Street"
"LINESTRING (-0.117863 51.515208,-0.083935 51.520009", "From Sardinia Street, Holborn to Sun Street, Liverpool Street"
"LINESTRING (-0.122219 51.51477,-0.083935 51.520009", "From Drury Lane, Covent Garden to Sun Street, Liverpool Street"
"LINESTRING (-0.104298 51.526717,-0.083935 51.520009", "From Finsbury Library , Finsbury to Sun Street, Liverpool Street"
"LINESTRING (-0.09734 51.520841,-0.083935 51.520009", "From Aldersgate Street, Barbican to Sun Street, Liverpool Street"
"LINESTRING (-0.143495 51.509992,-0.099828 51.493146", "From Grafton Street, Mayfair to Strata, Elephant & Castle"
"LINESTRING (-0.096191 51.498597,-0.099828 51.493146", "From Harper Road, The Borough to Strata, Elephant & Castle"
"LINESTRING (-0.150908 51.47505,-0.099828 51.493146", "From Alfreda Street, Battersea Park to Strata, Elephant & Castle"
"LINESTRING (-0.08497 51.50964,-0.099828 51.493146", "From Monument Street, Monument to Strata, Elephant & Castle"
"LINESTRING (-0.079249 51.518908,-0.099828 51.493146", "From Brushfield Street, Liverpool Street to Strata, Elephant & Castle"
"LINESTRING (-0.09022 51.491484,-0.099828 51.493146", "From Rodney Road , Walworth to Strata, Elephant & Castle"
"LINESTRING (-0.11655 51.51824,-0.099828 51.493146", "From Red Lion Street, Holborn to Strata, Elephant & Castle"
"LINESTRING (-0.073537 51.514233,-0.099828 51.493146", "From Braham Street, Aldgate to Strata, Elephant & Castle"
"LINESTRING (-0.108028 51.518825,-0.099828 51.493146", "From Hatton Garden, Holborn to Strata, Elephant & Castle"
"LINESTRING (-0.09294 51.511553,-0.099828 51.493146", "From Queen Street 1, Bank to Strata, Elephant & Castle"
"LINESTRING (-0.118256 51.47659,-0.099828 51.493146", "From Albert Square, Stockwell to Strata, Elephant & Castle"
"LINESTRING (-0.117661 51.482678,-0.099828 51.493146", "From Ashmole Estate, Oval to Strata, Elephant & Castle"
"LINESTRING (-0.114079 51.522264,-0.099828 51.493146", "From Northington Street , Holborn to Strata, Elephant & Castle"
"LINESTRING (-0.116625 51.486965,-0.099828 51.493146", "From Vauxhall Street, Vauxhall to Strata, Elephant & Castle"
"LINESTRING (-0.098341 51.505409,-0.099828 51.493146", "From Southwark Street, Bankside to Strata, Elephant & Castle"
"LINESTRING (-0.102996 51.486929,-0.099828 51.493146", "From Doddington Grove, Kennington to Strata, Elephant & Castle"
"LINESTRING (-0.113885 51.51165,-0.099828 51.493146", "From Arundel Street to Strata, Elephant & Castle"
"LINESTRING (-0.116625 51.486965,-0.099828 51.493146", "From Vauxhall Street, Vauxhall to Strata, Elephant & Castle"
"LINESTRING (-0.104947 51.516785,-0.099828 51.493146", "From Farringdon Street, Holborn to Strata, Elephant & Castle"
"LINESTRING (-0.082422 51.516154,-0.099828 51.493146", "From Wormwood Street, Liverpool Street to Strata, Elephant & Castle"
"LINESTRING (-0.027772 51.505703,-0.099828 51.493146", "From Westferry Circus, Canary Wharf to Strata, Elephant & Castle"
"LINESTRING (-0.102091 51.500693,-0.099828 51.493146", "From Webber Street , Southwark to Strata, Elephant & Castle"
"LINESTRING (-0.090847 51.525893,-0.099828 51.493146", "From Bath Street, St. Luke's to Strata, Elephant & Castle"
"LINESTRING (-0.116628 51.500089,-0.099828 51.493146", "From Lambeth Palace Road, Waterloo to Strata, Elephant & Castle"
"LINESTRING (-0.114934 51.49288,-0.099828 51.493146", "From Lollard Street, Vauxhall to Strata, Elephant & Castle"
"LINESTRING (-0.116625 51.486965,-0.099828 51.493146", "From Vauxhall Street, Vauxhall to Strata, Elephant & Castle"
"LINESTRING (-0.120903 51.488124,-0.099828 51.493146", "From Vauxhall Walk, Vauxhall to Strata, Elephant & Castle"
"LINESTRING (-0.102996 51.486929,-0.099828 51.493146", "From Doddington Grove, Kennington to Strata, Elephant & Castle"
"LINESTRING (-0.096191 51.498597,-0.099828 51.493146", "From Harper Road, The Borough to Strata, Elephant & Castle"
"LINESTRING (-0.082422 51.516154,-0.099828 51.493146", "From Wormwood Street, Liverpool Street to Strata, Elephant & Castle"
"LINESTRING (-0.105593 51.488852,-0.099828 51.493146", "From Kennington Station, Kennington to Strata, Elephant & Castle"
"LINESTRING (-0.096191 51.498597,-0.099828 51.493146", "From Harper Road, The Borough to Strata, Elephant & Castle"
"LINESTRING (-0.122219 51.51477,-0.099828 51.493146", "From Drury Lane, Covent Garden to Strata, Elephant & Castle"
"LINESTRING (-0.157788 51.465123,-0.099828 51.493146", "From Sugden Road, Clapham to Strata, Elephant & Castle"
"LINESTRING (-0.07962 51.503493,-0.099828 51.493146", "From Tooley Street, Bermondsey to Strata, Elephant & Castle"
"LINESTRING (-0.089887 51.520858,-0.099828 51.493146", "From Bunhill Row, Moorgate to Strata, Elephant & Castle"
"LINESTRING (-0.114605 51.495656,-0.099828 51.493146", "From Sail Street, Vauxhall to Strata, Elephant & Castle"
"LINESTRING (-0.110121 51.488105,-0.099828 51.493146", "From Cleaver Street, Kennington to Strata, Elephant & Castle"
"LINESTRING (-0.112824 51.503791,-0.099828 51.493146", "From Waterloo Station 3, Waterloo to Strata, Elephant & Castle"
"LINESTRING (-0.139956 51.493573,-0.099828 51.493146", "From Queen Mother Sports Centre, Victoria to Strata, Elephant & Castle"
"LINESTRING (-0.111435 51.48894,-0.099828 51.493146", "From Kennington Cross, Kennington to Strata, Elephant & Castle"
"LINESTRING (-0.08974 51.500823,-0.099828 51.493146", "From Empire Square, The Borough to Strata, Elephant & Castle"
"LINESTRING (-0.107349 51.511891,-0.099828 51.493146", "From Tallis Street, Temple to Strata, Elephant & Castle"
"LINESTRING (-0.111606 51.505569,-0.099828 51.493146", "From Stamford Street, South Bank to Strata, Elephant & Castle"
"LINESTRING (-0.163347 51.474392,-0.099828 51.493146", "From Albert Bridge Road, Battersea Park to Strata, Elephant & Castle"
"LINESTRING (-0.075459 51.509506,-0.099828 51.493146", "From Tower Gardens , Tower to Strata, Elephant & Castle"
"LINESTRING (-0.117974 51.494881,-0.099828 51.493146", "From Lambeth Road, Vauxhall to Strata, Elephant & Castle"
"LINESTRING (-0.116625 51.486965,-0.099828 51.493146", "From Vauxhall Street, Vauxhall to Strata, Elephant & Castle"
"LINESTRING (-0.10454 51.505461,-0.099828 51.493146", "From Blackfriars Road, Southwark to Strata, Elephant & Castle"
"LINESTRING (-0.116628 51.500089,-0.099828 51.493146", "From Lambeth Palace Road, Waterloo to Strata, Elephant & Castle"
"LINESTRING (-0.132102 51.472918,-0.099828 51.493146", "From Courland Grove, Wandsworth Road to Strata, Elephant & Castle"
"LINESTRING (-0.113936 51.500139,-0.099828 51.493146", "From Lower Marsh, Waterloo to Strata, Elephant & Castle"
"LINESTRING (-0.119643 51.511756,-0.099828 51.493146", "From Wellington Street , Strand to Strata, Elephant & Castle"
"LINESTRING (-0.176268 51.524826,-0.169774 51.519968", "From Aberdeen Place, St. John's Wood to Edgware Road Station, Marylebone"
"LINESTRING (-0.17581 51.517335,-0.169774 51.519968", "From South Wharf Road, Paddington to Edgware Road Station, Marylebone"
"LINESTRING (-0.175116 51.523353,-0.169774 51.519968", "From Frampton Street, Paddington to Edgware Road Station, Marylebone"
"LINESTRING (-0.169774 51.519968,-0.169774 51.519968", "From Edgware Road Station, Marylebone to Edgware Road Station, Marylebone"
"LINESTRING (-0.120973 51.530059,-0.169774 51.519968", "From St. Chad's Street, King's Cross to Edgware Road Station, Marylebone"
"LINESTRING (-0.126409 51.524,-0.169774 51.519968", "From Coram Street, Bloomsbury to Edgware Road Station, Marylebone"
"LINESTRING (-0.126021 51.508103,-0.169774 51.519968", "From Craven Street, Strand to Edgware Road Station, Marylebone"
"LINESTRING (-0.183486 51.529857,-0.169774 51.519968", "From Maida Vale, Maida Vale to Edgware Road Station, Marylebone"
"LINESTRING (-0.145211 51.520715,-0.169774 51.519968", "From Portland Place, Marylebone to Edgware Road Station, Marylebone"
"LINESTRING (-0.180246 51.501026,-0.169774 51.519968", "From Queen's Gate (North), Kensington to Edgware Road Station, Marylebone"
"LINESTRING (-0.147154 51.537349,-0.169774 51.519968", "From Gloucester Avenue, Camden Town to Edgware Road Station, Marylebone"
"LINESTRING (-0.147983 51.519167,-0.169774 51.519968", "From New Cavendish Street, Marylebone to Edgware Road Station, Marylebone"
"LINESTRING (-0.190393 51.490163,-0.169774 51.519968", "From Bramham Gardens, Earl's Court to Edgware Road Station, Marylebone"
"LINESTRING (-0.190393 51.490163,-0.169774 51.519968", "From Bramham Gardens, Earl's Court to Edgware Road Station, Marylebone"
"LINESTRING (-0.133952 51.536264,-0.169774 51.519968", "From Royal College Street, Camden Town to Edgware Road Station, Marylebone"
"LINESTRING (-0.123179 51.506543,-0.169774 51.519968", "From Whitehall Place, Strand to Edgware Road Station, Marylebone"
"LINESTRING (-0.156166 51.518913,-0.169774 51.519968", "From Baker Street, Marylebone to Edgware Road Station, Marylebone"
"LINESTRING (-0.17677 51.530889,-0.169774 51.519968", "From Grove End Road, St. John's Wood to Edgware Road Station, Marylebone"
"LINESTRING (-0.179369 51.487196,-0.169774 51.519968", "From Drayton Gardens, West Chelsea to Edgware Road Station, Marylebone"
"LINESTRING (-0.169774 51.519968,-0.169774 51.519968", "From Edgware Road Station, Marylebone to Edgware Road Station, Marylebone"
"LINESTRING (-0.128377 51.523673,-0.169774 51.519968", "From Bedford Way, Bloomsbury to Edgware Road Station, Marylebone"
"LINESTRING (-0.169774 51.519968,-0.169774 51.519968", "From Edgware Road Station, Marylebone to Edgware Road Station, Marylebone"
"LINESTRING (-0.151359 51.522008,-0.169774 51.519968", "From Beaumont Street, Marylebone to Edgware Road Station, Marylebone"
"LINESTRING (-0.168074 51.5343,-0.169774 51.519968", "From Charlbert Street, St. John's Wood to Edgware Road Station, Marylebone"
"LINESTRING (-0.190393 51.490163,-0.169774 51.519968", "From Bramham Gardens, Earl's Court to Edgware Road Station, Marylebone"
"LINESTRING (-0.171592 51.5289,-0.169774 51.519968", "From Lord's, St. John's Wood to Edgware Road Station, Marylebone"
"LINESTRING (-0.145211 51.520715,-0.169774 51.519968", "From Portland Place, Marylebone to Edgware Road Station, Marylebone"
"LINESTRING (-0.190393 51.490163,-0.169774 51.519968", "From Bramham Gardens, Earl's Court to Edgware Road Station, Marylebone"
"LINESTRING (-0.19096 51.51244,-0.169774 51.519968", "From Ilchester Gardens, Bayswater to Edgware Road Station, Marylebone"
"LINESTRING (-0.168074 51.5343,-0.169774 51.519968", "From Charlbert Street, St. John's Wood to Edgware Road Station, Marylebone"
"LINESTRING (-0.175116 51.523353,-0.169774 51.519968", "From Frampton Street, Paddington to Edgware Road Station, Marylebone"
"LINESTRING (-0.147154 51.537349,-0.169774 51.519968", "From Gloucester Avenue, Camden Town to Edgware Road Station, Marylebone"
"LINESTRING (-0.089887 51.520858,-0.055846 51.499169", "From Bunhill Row, Moorgate to Rotherhithe Roundabout, Rotherhithe"
"LINESTRING (-0.025996 51.509303,-0.055846 51.499169", "From Westferry DLR, Limehouse to Rotherhithe Roundabout, Rotherhithe"
"LINESTRING (-0.134621 51.507424,-0.055846 51.499169", "From St. James's Square, St. James's to Rotherhithe Roundabout, Rotherhithe"
"LINESTRING (-0.063471 51.497995,-0.055846 51.499169", "From Bermondsey Station, Bermondsey to Rotherhithe Roundabout, Rotherhithe"
"LINESTRING (-0.103078 51.511934,-0.055846 51.499169", "From Blackfriars Station, St. Paul's to Rotherhithe Roundabout, Rotherhithe"
"LINESTRING (-0.096317 51.526008,-0.055846 51.499169", "From Finsbury Leisure Centre, St. Luke's to Rotherhithe Roundabout, Rotherhithe"
"LINESTRING (-0.088542 51.527025,-0.055846 51.499169", "From Baldwin Street, St. Luke's to Rotherhithe Roundabout, Rotherhithe"
"LINESTRING (-0.021345 51.519265,-0.055846 51.499169", "From Furze Green, Bow to Rotherhithe Roundabout, Rotherhithe"
"LINESTRING (-0.033828 51.514115,-0.055846 51.499169", "From Salmon Lane, Limehouse to Rotherhithe Roundabout, Rotherhithe"
"LINESTRING (-0.106237 51.507244,-0.055846 51.499169", "From Milroy Walk, South Bank to Rotherhithe Roundabout, Rotherhithe"
"LINESTRING (-0.099141 51.512484,-0.055846 51.499169", "From Godliman Street, St. Paul's to Rotherhithe Roundabout, Rotherhithe"
"LINESTRING (-0.09644 51.507385,-0.055846 51.499169", "From New Globe Walk, Bankside to Rotherhithe Roundabout, Rotherhithe"
"LINESTRING (-0.093051 51.511246,-0.055846 51.499169", "From Queen Street 2, Bank to Rotherhithe Roundabout, Rotherhithe"
"LINESTRING (-0.09294 51.51397,-0.055846 51.499169", "From Cheapside, Bank to Rotherhithe Roundabout, Rotherhithe"
"LINESTRING (-0.11655 51.51824,-0.055846 51.499169", "From Red Lion Street, Holborn to Rotherhithe Roundabout, Rotherhithe"
"LINESTRING (-0.06691 51.507131,-0.055846 51.499169", "From Nesham Street, Wapping to Rotherhithe Roundabout, Rotherhithe"
"LINESTRING (-0.07962 51.503493,-0.055846 51.499169", "From Tooley Street, Bermondsey to Rotherhithe Roundabout, Rotherhithe"
"LINESTRING (-0.116628 51.500089,-0.110121 51.488105", "From Lambeth Palace Road, Waterloo to Cleaver Street, Kennington"
"LINESTRING (-0.149569 51.50274,-0.110121 51.488105", "From Wellington Arch, Hyde Park to Cleaver Street, Kennington"
"LINESTRING (-0.110121 51.488105,-0.110121 51.488105", "From Cleaver Street, Kennington to Cleaver Street, Kennington"
"LINESTRING (-0.10454 51.505461,-0.110121 51.488105", "From Blackfriars Road, Southwark to Cleaver Street, Kennington"
"LINESTRING (-0.117122 51.490994,-0.110121 51.488105", "From Black Prince Road, Vauxhall to Cleaver Street, Kennington"
"LINESTRING (-0.119643 51.511756,-0.110121 51.488105", "From Wellington Street , Strand to Cleaver Street, Kennington"
"LINESTRING (-0.111778 51.515937,-0.110121 51.488105", "From Breams Buildings, Holborn to Cleaver Street, Kennington"
"LINESTRING (-0.096518 51.491327,-0.110121 51.488105", "From Walworth Square, Walworth to Cleaver Street, Kennington"
"LINESTRING (-0.126021 51.508103,-0.110121 51.488105", "From Craven Street, Strand to Cleaver Street, Kennington"
"LINESTRING (-0.170194 51.489716,-0.110121 51.488105", "From St. Luke's Church, Chelsea to Cleaver Street, Kennington"
"LINESTRING (-0.106323 51.490757,-0.110121 51.488105", "From Cotton Garden Estate, Kennington to Cleaver Street, Kennington"
"LINESTRING (-0.141423 51.514499,-0.110121 51.488105", "From Little Argyll Street, West End to Cleaver Street, Kennington"
"LINESTRING (-0.10527 51.515809,-0.110121 51.488105", "From Stonecutter Street, Holborn to Cleaver Street, Kennington"
"LINESTRING (-0.08066 51.514225,-0.110121 51.488105", "From St. Mary Axe, Aldgate to Cleaver Street, Kennington"
"LINESTRING (-0.100292 51.501732,-0.110121 51.488105", "From Great Suffolk Street, The Borough to Cleaver Street, Kennington"
"LINESTRING (-0.103078 51.511934,-0.110121 51.488105", "From Blackfriars Station, St. Paul's to Cleaver Street, Kennington"
"LINESTRING (-0.2135 51.496927,-0.110121 51.488105", "From Blythe Road, Olympia to Cleaver Street, Kennington"
"LINESTRING (-0.138212 51.481335,-0.110121 51.488105", "From Riverlight South, Nine Elms to Cleaver Street, Kennington"
"LINESTRING (-0.098497 51.503688,-0.110121 51.488105", "From Union Street, The Borough to Cleaver Street, Kennington"
"LINESTRING (-0.069542 51.512363,-0.110121 51.488105", "From Leman Street, Aldgate to Cleaver Street, Kennington"
"LINESTRING (-0.110699 51.501444,-0.110121 51.488105", "From Baylis Road, Waterloo to Cleaver Street, Kennington"
"LINESTRING (-0.149004 51.485821,-0.149004 51.485821", "From Chelsea Bridge, Pimlico to Chelsea Bridge, Pimlico"
"LINESTRING (-0.108322 51.510981,-0.149004 51.485821", "From Temple Gardens, Temple to Chelsea Bridge, Pimlico"
"LINESTRING (-0.173757 51.496471,-0.149004 51.485821", "From Exhibition Road Museums 1, South Kensington to Chelsea Bridge, Pimlico"
"LINESTRING (-0.201968 51.475089,-0.149004 51.485821", "From Parsons Green Station, Parsons Green to Chelsea Bridge, Pimlico"
"LINESTRING (-0.147857 51.477966,-0.149004 51.485821", "From Gas Holders, Battersea Park to Chelsea Bridge, Pimlico"
"LINESTRING (-0.195777 51.479463,-0.149004 51.485821", "From Erin Close, Walham Green to Chelsea Bridge, Pimlico"
"LINESTRING (-0.179854 51.501715,-0.149004 51.485821", "From Queen's Gate, Kensington Gardens to Chelsea Bridge, Pimlico"
"LINESTRING (-0.122806 51.490435,-0.149004 51.485821", "From Albert Embankment, Vauxhall to Chelsea Bridge, Pimlico"
"LINESTRING (-0.122806 51.490435,-0.149004 51.485821", "From Albert Embankment, Vauxhall to Chelsea Bridge, Pimlico"
"LINESTRING (-0.132224 51.49206,-0.149004 51.485821", "From Regency Street, Westminster to Chelsea Bridge, Pimlico"
"LINESTRING (-0.139956 51.493573,-0.149004 51.485821", "From Queen Mother Sports Centre, Victoria to Chelsea Bridge, Pimlico"
"LINESTRING (-0.141923 51.489856,-0.149004 51.485821", "From Warwick Square, Pimlico to Chelsea Bridge, Pimlico"
"LINESTRING (-0.195777 51.479463,-0.149004 51.485821", "From Erin Close, Walham Green to Chelsea Bridge, Pimlico"
"LINESTRING (-0.158105 51.494645,-0.149004 51.485821", "From Cadogan Place, Knightsbridge to Chelsea Bridge, Pimlico"
"LINESTRING (-0.102996 51.486929,-0.149004 51.485821", "From Doddington Grove, Kennington to Chelsea Bridge, Pimlico"
"LINESTRING (-0.142207 51.485357,-0.149004 51.485821", "From Grosvenor Road, Pimlico to Chelsea Bridge, Pimlico"
"LINESTRING (-0.195777 51.479463,-0.149004 51.485821", "From Erin Close, Walham Green to Chelsea Bridge, Pimlico"
"LINESTRING (-0.144132 51.493204,-0.149004 51.485821", "From Belgrave Road, Victoria to Chelsea Bridge, Pimlico"
"LINESTRING (-0.195777 51.479463,-0.149004 51.485821", "From Erin Close, Walham Green to Chelsea Bridge, Pimlico"
"LINESTRING (-0.083632 51.502153,-0.149004 51.485821", "From Snowsfields, London Bridge to Chelsea Bridge, Pimlico"
"LINESTRING (-0.150908 51.47505,-0.149004 51.485821", "From Alfreda Street, Battersea Park to Chelsea Bridge, Pimlico"
"LINESTRING (-0.139956 51.493573,-0.149004 51.485821", "From Queen Mother Sports Centre, Victoria to Chelsea Bridge, Pimlico"
"LINESTRING (-0.21186 51.483217,-0.149004 51.485821", "From Humbolt Road, Fulham to Chelsea Bridge, Pimlico"
"LINESTRING (-0.192165 51.457529,-0.149004 51.485821", "From Ram Street, Wandsworth to Chelsea Bridge, Pimlico"
"LINESTRING (-0.179135 51.516417,-0.149004 51.485821", "From Eastbourne Mews, Paddington to Chelsea Bridge, Pimlico"
"LINESTRING (-0.147857 51.477966,-0.149004 51.485821", "From Gas Holders, Battersea Park to Chelsea Bridge, Pimlico"
"LINESTRING (-0.194757 51.493343,-0.149004 51.485821", "From Nevern Place, Earl's Court to Chelsea Bridge, Pimlico"
"LINESTRING (-0.166878 51.488023,-0.149004 51.485821", "From Flood Street, Chelsea to Chelsea Bridge, Pimlico"
"LINESTRING (-0.115851 51.505044,-0.149004 51.485821", "From Concert Hall Approach 1, South Bank to Chelsea Bridge, Pimlico"
"LINESTRING (-0.195777 51.479463,-0.149004 51.485821", "From Erin Close, Walham Green to Chelsea Bridge, Pimlico"
"LINESTRING (-0.149004 51.485821,-0.149004 51.485821", "From Chelsea Bridge, Pimlico to Chelsea Bridge, Pimlico"
"LINESTRING (-0.15934 51.500241,-0.149004 51.485821", "From Harriet Street, Knightsbridge to Chelsea Bridge, Pimlico"
"LINESTRING (-0.157436 51.512276,-0.149004 51.485821", "From Green Street, Mayfair to Chelsea Bridge, Pimlico"
"LINESTRING (-0.165471 51.498884,-0.149004 51.485821", "From Montpelier Street, Knightsbridge to Chelsea Bridge, Pimlico"
"LINESTRING (-0.117661 51.482678,-0.105312 51.504043", "From Ashmole Estate, Oval to Southwark Station 1, Southwark"
"LINESTRING (-0.068981 51.498585,-0.105312 51.504043", "From George Row, Bermondsey to Southwark Station 1, Southwark"
"LINESTRING (-0.109256 51.526443,-0.105312 51.504043", "From Tysoe Street, Clerkenwell to Southwark Station 1, Southwark"
"LINESTRING (-0.101536 51.49217,-0.105312 51.504043", "From Hampton Street, Walworth to Southwark Station 1, Southwark"
"LINESTRING (-0.068981 51.498585,-0.105312 51.504043", "From George Row, Bermondsey to Southwark Station 1, Southwark"
"LINESTRING (-0.14296 51.497998,-0.105312 51.504043", "From Warwick Row, Westminster to Southwark Station 1, Southwark"
"LINESTRING (-0.148059 51.472865,-0.105312 51.504043", "From Silverthorne Road, Battersea to Southwark Station 1, Southwark"
"LINESTRING (-0.123616 51.529943,-0.105312 51.504043", "From Belgrove Street , King's Cross to Southwark Station 1, Southwark"
"LINESTRING (-0.157436 51.512276,-0.105312 51.504043", "From Green Street, Mayfair to Southwark Station 1, Southwark"
"LINESTRING (-0.110889 51.495718,-0.105312 51.504043", "From Kennington Road  , Vauxhall to Southwark Station 1, Southwark"
"LINESTRING (-0.13011 51.513527,-0.105312 51.504043", "From Moor Street, Soho to Southwark Station 1, Southwark"
"LINESTRING (-0.081608 51.497855,-0.105312 51.504043", "From Bermondsey Street, Bermondsey to Southwark Station 1, Southwark"
"LINESTRING (-0.10834 51.52352,-0.105312 51.504043", "From Farringdon Lane, Clerkenwell to Southwark Station 1, Southwark"
"LINESTRING (-0.09294 51.51397,-0.105312 51.504043", "From Cheapside, Bank to Southwark Station 1, Southwark"
"LINESTRING (-0.147624 51.49395,-0.105312 51.504043", "From Eccleston Place, Victoria to Southwark Station 1, Southwark"
"LINESTRING (-0.136039 51.519914,-0.105312 51.504043", "From Scala Street, Fitzrovia to Southwark Station 1, Southwark"
"LINESTRING (-0.120903 51.488124,-0.105312 51.504043", "From Vauxhall Walk, Vauxhall to Southwark Station 1, Southwark"
"LINESTRING (-0.132328 51.515631,-0.105312 51.504043", "From Soho Square , Soho to Southwark Station 1, Southwark"
"LINESTRING (-0.10044 51.498898,-0.105312 51.504043", "From Borough Road, Elephant & Castle to Southwark Station 1, Southwark"
"LINESTRING (-0.117974 51.494881,-0.105312 51.504043", "From Lambeth Road, Vauxhall to Southwark Station 1, Southwark"
"LINESTRING (-0.132328 51.515631,-0.105312 51.504043", "From Soho Square , Soho to Southwark Station 1, Southwark"
"LINESTRING (-0.129361 51.488365,-0.105312 51.504043", "From Vauxhall Bridge , Pimlico to Southwark Station 1, Southwark"
"LINESTRING (-0.087262 51.506304,-0.105312 51.504043", "From Duke Street Hill, London Bridge to Southwark Station 1, Southwark"
"LINESTRING (-0.10044 51.498898,-0.105312 51.504043", "From Borough Road, Elephant & Castle to Southwark Station 1, Southwark"
"LINESTRING (-0.113426 51.503919,-0.105312 51.504043", "From Waterloo Station 2, Waterloo to Southwark Station 1, Southwark"
"LINESTRING (-0.131161 51.52505,-0.105312 51.504043", "From Taviton Street, Bloomsbury to Southwark Station 1, Southwark"
"LINESTRING (-0.058681 51.506946,-0.105312 51.504043", "From Reardon Street, Wapping to Southwark Station 1, Southwark"
"LINESTRING (-0.065006 51.508622,-0.105312 51.504043", "From Pennington Street, Wapping to Southwark Station 1, Southwark"
"LINESTRING (-0.033828 51.514115,-0.105312 51.504043", "From Salmon Lane, Limehouse to Southwark Station 1, Southwark"
"LINESTRING (-0.111781 51.533319,-0.105312 51.504043", "From Risinghill Street, Angel to Southwark Station 1, Southwark"
"LINESTRING (-0.119643 51.511756,-0.105312 51.504043", "From Wellington Street , Strand to Southwark Station 1, Southwark"
"LINESTRING (-0.033085 51.532513,-0.105312 51.504043", "From Ford Road, Old Ford to Southwark Station 1, Southwark"
"LINESTRING (-0.089659 51.52548,-0.105312 51.504043", "From Old Street Station, St. Luke's to Southwark Station 1, Southwark"
"LINESTRING (-0.115851 51.505044,-0.105312 51.504043", "From Concert Hall Approach 1, South Bank to Southwark Station 1, Southwark"
"LINESTRING (-0.104193 51.49605,-0.105312 51.504043", "From Gaywood  Street, Elephant & Castle to Southwark Station 1, Southwark"
"LINESTRING (-0.087262 51.506304,-0.105312 51.504043", "From Duke Street Hill, London Bridge to Southwark Station 1, Southwark"
"LINESTRING (-0.130504 51.526838,-0.105312 51.504043", "From Endsleigh Gardens, Euston to Southwark Station 1, Southwark"
"LINESTRING (-0.107927 51.513821,-0.105312 51.504043", "From Bouverie Street, Temple to Southwark Station 1, Southwark"
"LINESTRING (-0.08497 51.50964,-0.105312 51.504043", "From Monument Street, Monument to Southwark Station 1, Southwark"
"LINESTRING (-0.098341 51.505409,-0.104778 51.504044", "From Southwark Street, Bankside to Southwark Station 2, Southwark"
"LINESTRING (-0.130504 51.526838,-0.104778 51.504044", "From Endsleigh Gardens, Euston to Southwark Station 2, Southwark"
"LINESTRING (-0.144466 51.528302,-0.104778 51.504044", "From Albany Street, The Regent's Park to Southwark Station 2, Southwark"
"LINESTRING (-0.109914 51.531666,-0.104778 51.504044", "From Claremont Square, Angel to Southwark Station 2, Southwark"
"LINESTRING (-0.10527 51.515809,-0.104778 51.504044", "From Stonecutter Street, Holborn to Southwark Station 2, Southwark"
"LINESTRING (-0.038775 51.516,-0.104778 51.504044", "From Aston Street, Stepney to Southwark Station 2, Southwark"
"LINESTRING (-0.128585 51.516118,-0.104778 51.504044", "From Earnshaw Street , Covent Garden to Southwark Station 2, Southwark"
"LINESTRING (-0.142844 51.506613,-0.104778 51.504044", "From Green Park Station, Mayfair to Southwark Station 2, Southwark"
"LINESTRING (-0.104778 51.504044,-0.104778 51.504044", "From Southwark Station 2, Southwark to Southwark Station 2, Southwark"
"LINESTRING (-0.179668 51.511654,-0.104778 51.504044", "From Lancaster Gate , Bayswater to Southwark Station 2, Southwark"
"LINESTRING (-0.132102 51.498125,-0.104778 51.504044", "From Abbey Orchard Street, Westminster to Southwark Station 2, Southwark"
"LINESTRING (-0.093903 51.530991,-0.104778 51.504044", "From Wenlock Road , Hoxton to Southwark Station 2, Southwark"
"LINESTRING (-0.093051 51.511246,-0.104778 51.504044", "From Queen Street 2, Bank to Southwark Station 2, Southwark"
"LINESTRING (-0.117774 51.513875,-0.104778 51.504044", "From Kingsway Southbound, Strand to Southwark Station 2, Southwark"
"LINESTRING (-0.192369 51.491593,-0.104778 51.504044", "From Penywern Road, Earl's Court to Southwark Station 2, Southwark"
"LINESTRING (-0.063471 51.497995,-0.104778 51.504044", "From Bermondsey Station, Bermondsey to Southwark Station 2, Southwark"
"LINESTRING (-0.091773 51.504627,-0.104778 51.504044", "From Hop Exchange, The Borough to Southwark Station 2, Southwark"
"LINESTRING (-0.106 51.496127,-0.104778 51.504044", "From Geraldine Street, Elephant & Castle to Southwark Station 2, Southwark"
"LINESTRING (-0.179668 51.511654,-0.104778 51.504044", "From Lancaster Gate , Bayswater to Southwark Station 2, Southwark"
"LINESTRING (-0.105596 51.505342,-0.104778 51.504044", "From Colombo Street, Southwark to Southwark Station 2, Southwark"
"LINESTRING (-0.101384 51.49652,-0.104778 51.504044", "From Ontario Street, Elephant & Castle to Southwark Station 2, Southwark"
"LINESTRING (-0.112432 51.526599,-0.104778 51.504044", "From Margery Street, Clerkenwell to Southwark Station 2, Southwark"
"LINESTRING (-0.098031 51.505224,-0.104778 51.504044", "From Lavington Street, Bankside to Southwark Station 2, Southwark"
"LINESTRING (-0.141423 51.514499,-0.104778 51.504044", "From Little Argyll Street, West End to Southwark Station 2, Southwark"
"LINESTRING (-0.114079 51.522264,-0.104778 51.504044", "From Northington Street , Holborn to Southwark Station 2, Southwark"
"LINESTRING (-0.119643 51.511756,-0.104778 51.504044", "From Wellington Street , Strand to Southwark Station 2, Southwark"
"LINESTRING (-0.116279 51.524564,-0.104778 51.504044", "From Wren Street, Holborn to Southwark Station 2, Southwark"
"LINESTRING (-0.109006 51.521661,-0.104778 51.504044", "From Hatton Wall, Holborn to Southwark Station 2, Southwark"
"LINESTRING (-0.100292 51.501732,-0.104778 51.504044", "From Great Suffolk Street, The Borough to Southwark Station 2, Southwark"
"LINESTRING (-0.141327 51.520253,-0.153933 51.494561", "From Great Titchfield Street, Fitzrovia to Eaton Square (South), Belgravia"
"LINESTRING (-0.079249 51.518908,-0.153933 51.494561", "From Brushfield Street, Liverpool Street to Eaton Square (South), Belgravia"
"LINESTRING (-0.151926 51.516814,-0.153933 51.494561", "From Hinde Street, Marylebone to Eaton Square (South), Belgravia"
"LINESTRING (-0.209973 51.481021,-0.153933 51.494561", "From Aintree Street, Fulham to Eaton Square (South), Belgravia"
"LINESTRING (-0.183165 51.474665,-0.153933 51.494561", "From Imperial Wharf Station, Sands End to Eaton Square (South), Belgravia"
"LINESTRING (-0.143495 51.509992,-0.153933 51.494561", "From Grafton Street, Mayfair to Eaton Square (South), Belgravia"
"LINESTRING (-0.119022 51.469202,-0.153933 51.494561", "From Sidney Road, Stockwell to Eaton Square (South), Belgravia"
"LINESTRING (-0.159237 51.501855,-0.153933 51.494561", "From Seville Street, Knightsbridge to Eaton Square (South), Belgravia"
"LINESTRING (-0.170329 51.477684,-0.153933 51.494561", "From Westbridge Road, Battersea to Eaton Square (South), Belgravia"
"LINESTRING (-0.144132 51.493204,-0.153933 51.494561", "From Belgrave Road, Victoria to Eaton Square (South), Belgravia"
"LINESTRING (-0.183853 51.480898,-0.153933 51.494561", "From Thorndike Close, West Chelsea to Eaton Square (South), Belgravia"
"LINESTRING (-0.173881 51.494412,-0.153933 51.494561", "From South Kensington Station, South Kensington to Eaton Square (South), Belgravia"
"LINESTRING (-0.18697 51.51616,-0.153933 51.494561", "From Bishop's Bridge Road West, Bayswater to Eaton Square (South), Belgravia"
"LINESTRING (-0.187842 51.509908,-0.153933 51.494561", "From Black Lion Gate, Kensington Gardens to Eaton Square (South), Belgravia"
"LINESTRING (-0.147478 51.492369,-0.153933 51.494561", "From Elizabeth Bridge, Victoria to Eaton Square (South), Belgravia"
"LINESTRING (-0.159237 51.501855,-0.153933 51.494561", "From Seville Street, Knightsbridge to Eaton Square (South), Belgravia"
"LINESTRING (-0.183853 51.480898,-0.153933 51.494561", "From Thorndike Close, West Chelsea to Eaton Square (South), Belgravia"
"LINESTRING (-0.079249 51.518908,-0.153933 51.494561", "From Brushfield Street, Liverpool Street to Eaton Square (South), Belgravia"
"LINESTRING (-0.18119 51.485587,-0.153933 51.494561", "From Limerston Street, West Chelsea to Eaton Square (South), Belgravia"
"LINESTRING (-0.13011 51.513527,-0.153933 51.494561", "From Moor Street, Soho to Eaton Square (South), Belgravia"
"LINESTRING (-0.150817 51.505426,-0.153933 51.494561", "From Park Lane, Mayfair to Eaton Square (South), Belgravia"
"LINESTRING (-0.157275 51.510017,-0.149186 51.490491", "From Park Lane , Hyde Park to Ebury Bridge, Pimlico"
"LINESTRING (-0.096317 51.526008,-0.149186 51.490491", "From Finsbury Leisure Centre, St. Luke's to Ebury Bridge, Pimlico"
"LINESTRING (-0.16375 51.465064,-0.149186 51.490491", "From Dorothy Road, Clapham Junction to Ebury Bridge, Pimlico"
"LINESTRING (-0.137043 51.511897,-0.149186 51.490491", "From Golden Square, Soho to Ebury Bridge, Pimlico"
"LINESTRING (-0.092176 51.520044,-0.149186 51.490491", "From Barbican Centre, Barbican to Ebury Bridge, Pimlico"
"LINESTRING (-0.158456 51.502953,-0.149186 51.490491", "From Albert Gate, Hyde Park to Ebury Bridge, Pimlico"
"LINESTRING (-0.142943 51.496863,-0.149186 51.490491", "From Allington Street, Victoria to Ebury Bridge, Pimlico"
"LINESTRING (-0.134621 51.507424,-0.149186 51.490491", "From St. James's Square, St. James's to Ebury Bridge, Pimlico"
"LINESTRING (-0.132845 51.489975,-0.149186 51.490491", "From Rampayne Street, Pimlico to Ebury Bridge, Pimlico"
"LINESTRING (-0.157275 51.510017,-0.149186 51.490491", "From Park Lane , Hyde Park to Ebury Bridge, Pimlico"
"LINESTRING (-0.214749 51.473036,-0.149186 51.490491", "From Bishop's Avenue, Fulham to Ebury Bridge, Pimlico"
"LINESTRING (-0.130458 51.494816,-0.149186 51.490491", "From Horseferry Road, Westminster to Ebury Bridge, Pimlico"
"LINESTRING (-0.157275 51.510017,-0.149186 51.490491", "From Park Lane , Hyde Park to Ebury Bridge, Pimlico"
"LINESTRING (-0.142345 51.510662,-0.149186 51.490491", "From Clifford Street, Mayfair to Ebury Bridge, Pimlico"
"LINESTRING (-0.214594 51.510928,-0.149186 51.490491", "From Sirdar Road, Avondale to Ebury Bridge, Pimlico"
"LINESTRING (-0.126021 51.508103,-0.149186 51.490491", "From Craven Street, Strand to Ebury Bridge, Pimlico"
"LINESTRING (-0.132845 51.489975,-0.149186 51.490491", "From Rampayne Street, Pimlico to Ebury Bridge, Pimlico"
"LINESTRING (-0.124469 51.485917,-0.129925 51.493072", "From Vauxhall Cross, Vauxhall to Vincent Street, Pimlico"
"LINESTRING (-0.138364 51.492111,-0.129925 51.493072", "From Tachbrook Street, Victoria to Vincent Street, Pimlico"
"LINESTRING (-0.135478 51.495827,-0.129925 51.493072", "From Rochester Row, Westminster to Vincent Street, Pimlico"
"LINESTRING (-0.129925 51.493072,-0.129925 51.493072", "From Vincent Street, Pimlico to Vincent Street, Pimlico"
"LINESTRING (-0.18119 51.490945,-0.129925 51.493072", "From Old Brompton Road, South Kensington to Vincent Street, Pimlico"
"LINESTRING (-0.138364 51.492111,-0.129925 51.493072", "From Tachbrook Street, Victoria to Vincent Street, Pimlico"
"LINESTRING (-0.115851 51.505044,-0.129925 51.493072", "From Concert Hall Approach 1, South Bank to Vincent Street, Pimlico"
"LINESTRING (-0.079684 51.516468,-0.129925 51.493072", "From Devonshire Square, Liverpool Street to Vincent Street, Pimlico"
"LINESTRING (-0.173757 51.496471,-0.129925 51.493072", "From Exhibition Road Museums 1, South Kensington to Vincent Street, Pimlico"
"LINESTRING (-0.138733 51.496753,-0.129925 51.493072", "From Howick Place, Westminster to Vincent Street, Pimlico"
"LINESTRING (-0.173881 51.494412,-0.129925 51.493072", "From South Kensington Station, South Kensington to Vincent Street, Pimlico"
"LINESTRING (-0.138733 51.496753,-0.129925 51.493072", "From Howick Place, Westminster to Vincent Street, Pimlico"
"LINESTRING (-0.132845 51.489975,-0.129925 51.493072", "From Rampayne Street, Pimlico to Vincent Street, Pimlico"
"LINESTRING (-0.139956 51.493573,-0.129925 51.493072", "From Queen Mother Sports Centre, Victoria to Vincent Street, Pimlico"
"LINESTRING (-0.123823 51.501513,-0.129925 51.493072", "From Westminster Pier, Westminster to Vincent Street, Pimlico"
"LINESTRING (-0.099141 51.512484,-0.129925 51.493072", "From Godliman Street, St. Paul's to Vincent Street, Pimlico"
"LINESTRING (-0.136928 51.493985,-0.129925 51.493072", "From Vincent Square, Westminster to Vincent Street, Pimlico"
"LINESTRING (-0.140741 51.488057,-0.129925 51.493072", "From Alderney Street, Pimlico to Vincent Street, Pimlico"
"LINESTRING (-0.136928 51.493985,-0.129925 51.493072", "From Vincent Square, Westminster to Vincent Street, Pimlico"
"LINESTRING (-0.13558 51.513684,-0.129925 51.493072", "From Broadwick Street, Soho to Vincent Street, Pimlico"
"LINESTRING (-0.140947 51.49616,-0.129925 51.493072", "From Ashley Place, Victoria to Vincent Street, Pimlico"
"LINESTRING (-0.121394 51.493699,-0.129925 51.493072", "From Fire Brigade Pier, Vauxhall to Vincent Street, Pimlico"
"LINESTRING (-0.113134 51.483145,-0.129925 51.493072", "From Kennington Oval, Oval to Vincent Street, Pimlico"
"LINESTRING (-0.138733 51.496753,-0.129925 51.493072", "From Howick Place, Westminster to Vincent Street, Pimlico"
"LINESTRING (-0.140947 51.49616,-0.129925 51.493072", "From Ashley Place, Victoria to Vincent Street, Pimlico"
"LINESTRING (-0.093051 51.511246,-0.129925 51.493072", "From Queen Street 2, Bank to Vincent Street, Pimlico"
"LINESTRING (-0.147857 51.477966,-0.129925 51.493072", "From Gas Holders, Battersea Park to Vincent Street, Pimlico"
"LINESTRING (-0.135478 51.495827,-0.129925 51.493072", "From Rochester Row, Westminster to Vincent Street, Pimlico"
"LINESTRING (-0.136928 51.493985,-0.129925 51.493072", "From Vincent Square, Westminster to Vincent Street, Pimlico"
"LINESTRING (-0.141334 51.492345,-0.129925 51.493072", "From Guildhouse Street, Victoria to Vincent Street, Pimlico"
"LINESTRING (-0.116542 51.504636,-0.129925 51.493072", "From Jubilee Gardens, South Bank to Vincent Street, Pimlico"
"LINESTRING (-0.139956 51.493573,-0.129925 51.493072", "From Queen Mother Sports Centre, Victoria to Vincent Street, Pimlico"
"LINESTRING (-0.110699 51.501444,-0.129925 51.493072", "From Baylis Road, Waterloo to Vincent Street, Pimlico"
"LINESTRING (-0.112824 51.503791,-0.09294 51.51397", "From Waterloo Station 3, Waterloo to Cheapside, Bank"
"LINESTRING (-0.069542 51.512363,-0.09294 51.51397", "From Leman Street, Aldgate to Cheapside, Bank"
"LINESTRING (-0.089887 51.520858,-0.09294 51.51397", "From Bunhill Row, Moorgate to Cheapside, Bank"
"LINESTRING (-0.086685 51.517075,-0.09294 51.51397", "From Finsbury Circus, Liverpool Street to Cheapside, Bank"
"LINESTRING (-0.146544 51.468669,-0.09294 51.51397", "From Heath Road, Battersea to Cheapside, Bank"
"LINESTRING (-0.07962 51.503493,-0.09294 51.51397", "From Tooley Street, Bermondsey to Cheapside, Bank"
"LINESTRING (-0.092762 51.500296,-0.09294 51.51397", "From Swan Street, The Borough to Cheapside, Bank"
"LINESTRING (-0.025492 51.530535,-0.09294 51.51397", "From Mostyn Grove, Bow to Cheapside, Bank"
"LINESTRING (-0.13214 51.519572,-0.09294 51.51397", "From Store Street, Bloomsbury to Cheapside, Bank"
"LINESTRING (-0.055312 51.52568,-0.09294 51.51397", "From Bethnal Green Garden, Bethnal Green to Cheapside, Bank"
"LINESTRING (-0.086685 51.517075,-0.09294 51.51397", "From Finsbury Circus, Liverpool Street to Cheapside, Bank"
"LINESTRING (-0.107349 51.511891,-0.09294 51.51397", "From Tallis Street, Temple to Cheapside, Bank"
"LINESTRING (-0.069542 51.512363,-0.09294 51.51397", "From Leman Street, Aldgate to Cheapside, Bank"
"LINESTRING (-0.112824 51.503791,-0.09294 51.51397", "From Waterloo Station 3, Waterloo to Cheapside, Bank"
"LINESTRING (-0.138089 51.484839,-0.09294 51.51397", "From Claverton Street, Pimlico to Cheapside, Bank"
"LINESTRING (-0.130504 51.526838,-0.09294 51.51397", "From Endsleigh Gardens, Euston to Cheapside, Bank"
"LINESTRING (-0.0985 51.51601,-0.09294 51.51397", "From King Edward Street, St Pauls to Cheapside, Bank"
"LINESTRING (-0.047218 51.526041,-0.09294 51.51397", "From Bancroft Road, Bethnal Green to Cheapside, Bank"
"LINESTRING (-0.104947 51.516785,-0.09294 51.51397", "From Farringdon Street, Holborn to Cheapside, Bank"
"LINESTRING (-0.083353 51.529537,-0.09294 51.51397", "From Fanshaw Street, Hoxton to Cheapside, Bank"
"LINESTRING (-0.106408 51.530515,-0.09294 51.51397", "From Chadwell Street, Angel to Cheapside, Bank"
"LINESTRING (-0.109006 51.521661,-0.09294 51.51397", "From Hatton Wall, Holborn to Cheapside, Bank"
"LINESTRING (-0.021345 51.519265,-0.09294 51.51397", "From Furze Green, Bow to Cheapside, Bank"
"LINESTRING (-0.18267 51.494185,-0.09294 51.51397", "From Gloucester Road Station, South Kensington to Cheapside, Bank"
"LINESTRING (-0.116764 51.51362,-0.09294 51.51397", "From Houghton Street, Strand to Cheapside, Bank"
"LINESTRING (-0.013258 51.528828,-0.09294 51.51397", "From Bromley High Street, Bow to Cheapside, Bank"
"LINESTRING (-0.112753 51.51501,-0.09294 51.51397", "From Carey Street, Holborn to Cheapside, Bank"
"LINESTRING (-0.123823 51.501513,-0.09294 51.51397", "From Westminster Pier, Westminster to Cheapside, Bank"
"LINESTRING (-0.043371 51.518369,-0.09294 51.51397", "From Rectory Square, Stepney to Cheapside, Bank"
"LINESTRING (-0.101536 51.49217,-0.09294 51.51397", "From Hampton Street, Walworth to Cheapside, Bank"
"LINESTRING (-0.042744 51.530326,-0.09294 51.51397", "From Twig Folly Bridge, Mile End to Cheapside, Bank"
"LINESTRING (-0.112824 51.503791,-0.09294 51.51397", "From Waterloo Station 3, Waterloo to Cheapside, Bank"
"LINESTRING (-0.073537 51.514233,-0.09294 51.51397", "From Braham Street, Aldgate to Cheapside, Bank"
"LINESTRING (-0.111471 51.479601,-0.09294 51.51397", "From Cranmer Road, Stockwell to Cheapside, Bank"
"LINESTRING (-0.0985 51.51601,-0.09294 51.51397", "From King Edward Street, St Pauls to Cheapside, Bank"
"LINESTRING (-0.102996 51.486929,-0.09294 51.51397", "From Doddington Grove, Kennington to Cheapside, Bank"
"LINESTRING (-0.114079 51.522264,-0.09294 51.51397", "From Northington Street , Holborn to Cheapside, Bank"
"LINESTRING (-0.021345 51.519265,-0.09294 51.51397", "From Furze Green, Bow to Cheapside, Bank"
"LINESTRING (-0.05438 51.520019,-0.09294 51.51397", "From Ansell House, Stepney to Cheapside, Bank"
"LINESTRING (-0.08974 51.500823,-0.09294 51.51397", "From Empire Square, The Borough to Cheapside, Bank"
"LINESTRING (-0.093885 51.517008,-0.09294 51.51397", "From Wood Street, Guildhall to Cheapside, Bank"
"LINESTRING (-0.129925 51.493072,-0.09294 51.51397", "From Vincent Street, Pimlico to Cheapside, Bank"
"LINESTRING (-0.112824 51.503791,-0.09294 51.51397", "From Waterloo Station 3, Waterloo to Cheapside, Bank"
"LINESTRING (-0.09644 51.507385,-0.09294 51.51397", "From New Globe Walk, Bankside to Cheapside, Bank"
"LINESTRING (-0.162298 51.522511,-0.09294 51.51397", "From Boston Place, Marylebone to Cheapside, Bank"
"LINESTRING (-0.090847 51.525893,-0.09294 51.51397", "From Bath Street, St. Luke's to Cheapside, Bank"
"LINESTRING (-0.089887 51.520858,-0.09294 51.51397", "From Bunhill Row, Moorgate to Cheapside, Bank"
"LINESTRING (-0.117774 51.513875,-0.09294 51.51397", "From Kingsway Southbound, Strand to Cheapside, Bank"
"LINESTRING (-0.09294 51.51397,-0.09294 51.51397", "From Cheapside, Bank to Cheapside, Bank"
"LINESTRING (-0.104298 51.526717,-0.09294 51.51397", "From Finsbury Library , Finsbury to Cheapside, Bank"
"LINESTRING (-0.060291 51.535716,-0.09294 51.51397", "From Ada Street, Hackney Central to Cheapside, Bank"
"LINESTRING (-0.09315 51.53356,-0.09294 51.51397", "From Eagle Wharf Road, Hoxton to Cheapside, Bank"
"LINESTRING (-0.070133 51.515231,-0.09294 51.51397", "From Central House, Whitechapel to Cheapside, Bank"
"LINESTRING (-0.126409 51.524,-0.09294 51.51397", "From Coram Street, Bloomsbury to Cheapside, Bank"
"LINESTRING (-0.113864 51.504027,-0.09294 51.51397", "From Waterloo Station 1, Waterloo to Cheapside, Bank"
"LINESTRING (-0.141728 51.539099,-0.09294 51.51397", "From Greenland Road, Camden Town to Cheapside, Bank"
"LINESTRING (-0.112824 51.503791,-0.09294 51.51397", "From Waterloo Station 3, Waterloo to Cheapside, Bank"
"LINESTRING (-0.051394 51.520893,-0.09294 51.51397", "From Cleveland Way, Stepney to Cheapside, Bank"
"LINESTRING (-0.09294 51.51397,-0.09294 51.51397", "From Cheapside, Bank to Cheapside, Bank"
"LINESTRING (-0.091938 51.492807,-0.09294 51.51397", "From Victory Place, Walworth to Cheapside, Bank"
"LINESTRING (-0.058631 51.524583,-0.09294 51.51397", "From Finnis Street, Bethnal Green to Cheapside, Bank"
"LINESTRING (-0.119643 51.511756,-0.09294 51.51397", "From Wellington Street , Strand to Cheapside, Bank"
"LINESTRING (-0.130504 51.526838,-0.09294 51.51397", "From Endsleigh Gardens, Euston to Cheapside, Bank"
"LINESTRING (-0.086379 51.534042,-0.09294 51.51397", "From Shoreditch Park, Hoxton to Cheapside, Bank"
"LINESTRING (-0.103078 51.511934,-0.09294 51.51397", "From Blackfriars Station, St. Paul's to Cheapside, Bank"
"LINESTRING (-0.086016 51.53114,-0.09294 51.51397", "From New North Road 2, Hoxton to Cheapside, Bank"
"LINESTRING (-0.08974 51.500823,-0.09294 51.51397", "From Empire Square, The Borough to Cheapside, Bank"
"LINESTRING (-0.112824 51.503791,-0.09294 51.51397", "From Waterloo Station 3, Waterloo to Cheapside, Bank"
"LINESTRING (-0.039264 51.521564,-0.09294 51.51397", "From Harford Street, Mile End to Cheapside, Bank"
"LINESTRING (-0.025996 51.509303,-0.09294 51.51397", "From Westferry DLR, Limehouse to Cheapside, Bank"
"LINESTRING (-0.097441 51.511961,-0.09294 51.51397", "From Queen Victoria Street, St. Paul's to Cheapside, Bank"
"LINESTRING (-0.074431 51.519362,-0.09294 51.51397", "From Fournier Street, Whitechapel to Cheapside, Bank"
"LINESTRING (-0.096496 51.517821,-0.09294 51.51397", "From Museum of London, Barbican to Cheapside, Bank"
"LINESTRING (-0.09294 51.51397,-0.09294 51.51397", "From Cheapside, Bank to Cheapside, Bank"
"LINESTRING (-0.058681 51.506946,-0.09294 51.51397", "From Reardon Street, Wapping to Cheapside, Bank"
"LINESTRING (-0.100168 51.530344,-0.09294 51.51397", "From City Road, Angel to Cheapside, Bank"
"LINESTRING (-0.112824 51.503791,-0.09294 51.51397", "From Waterloo Station 3, Waterloo to Cheapside, Bank"
"LINESTRING (-0.205284 51.496712,-0.09294 51.51397", "From Warwick Road, Olympia to Cheapside, Bank"
"LINESTRING (-0.06691 51.507131,-0.09294 51.51397", "From Nesham Street, Wapping to Cheapside, Bank"
"LINESTRING (-0.117069 51.53136,-0.09294 51.51397", "From Calshot Street , King's Cross to Cheapside, Bank"
"LINESTRING (-0.074704 51.500845,-0.09294 51.51397", "From Tower Wharf, Bermondsey to Cheapside, Bank"
"LINESTRING (-0.063386 51.521905,-0.09294 51.51397", "From Selby Street, Whitechapel to Cheapside, Bank"
"LINESTRING (-0.183165 51.474665,-0.09294 51.51397", "From Imperial Wharf Station, Sands End to Cheapside, Bank"
"LINESTRING (-0.123616 51.529943,-0.09294 51.51397", "From Belgrove Street , King's Cross to Cheapside, Bank"
"LINESTRING (-0.055846 51.499169,-0.09294 51.51397", "From Rotherhithe Roundabout, Rotherhithe to Cheapside, Bank"
"LINESTRING (-0.145393 51.542138,-0.09294 51.51397", "From Castlehaven Road, Camden Town to Cheapside, Bank"
"LINESTRING (-0.093903 51.530991,-0.09294 51.51397", "From Wenlock Road , Hoxton to Cheapside, Bank"
"LINESTRING (-0.086685 51.517075,-0.09294 51.51397", "From Finsbury Circus, Liverpool Street to Cheapside, Bank"
"LINESTRING (-0.096317 51.526008,-0.09294 51.51397", "From Finsbury Leisure Centre, St. Luke's to Cheapside, Bank"
"LINESTRING (-0.04667 51.521889,-0.09294 51.51397", "From Stepney Green Station, Stepney to Cheapside, Bank"
"LINESTRING (-0.06691 51.507131,-0.09294 51.51397", "From Nesham Street, Wapping to Cheapside, Bank"
"LINESTRING (-0.124642 51.481747,-0.09294 51.51397", "From South Lambeth Road, Vauxhall to Cheapside, Bank"
"LINESTRING (-0.109256 51.526443,-0.09294 51.51397", "From Tysoe Street, Clerkenwell to Cheapside, Bank"
"LINESTRING (-0.129386 51.534123,-0.09294 51.51397", "From Pancras Road, King's Cross to Cheapside, Bank"
"LINESTRING (-0.123616 51.529943,-0.09294 51.51397", "From Belgrove Street , King's Cross to Cheapside, Bank"
"LINESTRING (-0.04667 51.521889,-0.09294 51.51397", "From Stepney Green Station, Stepney to Cheapside, Bank"
"LINESTRING (-0.108657 51.51795,-0.09294 51.51397", "From Holborn Circus, Holborn to Cheapside, Bank"
"LINESTRING (-0.082422 51.516154,-0.09294 51.51397", "From Wormwood Street, Liverpool Street to Cheapside, Bank"
"LINESTRING (-0.051394 51.520893,-0.09294 51.51397", "From Cleveland Way, Stepney to Cheapside, Bank"
"LINESTRING (-0.056667 51.511542,-0.09294 51.51397", "From Watney Street, Shadwell to Cheapside, Bank"
"LINESTRING (-0.097441 51.511961,-0.09294 51.51397", "From Queen Victoria Street, St. Paul's to Cheapside, Bank"
"LINESTRING (-0.099489 51.524868,-0.09294 51.51397", "From Sadlers Sports Centre, Finsbury to Cheapside, Bank"
"LINESTRING (-0.113864 51.504027,-0.09294 51.51397", "From Waterloo Station 1, Waterloo to Cheapside, Bank"
"LINESTRING (-0.138535 51.538792,-0.09294 51.51397", "From St Martins Close, Camden Town to Cheapside, Bank"
"LINESTRING (-0.098497 51.503688,-0.09294 51.51397", "From Union Street, The Borough to Cheapside, Bank"
"LINESTRING (-0.069542 51.512363,-0.09294 51.51397", "From Leman Street, Aldgate to Cheapside, Bank"
"LINESTRING (-0.096317 51.526008,-0.09294 51.51397", "From Finsbury Leisure Centre, St. Luke's to Cheapside, Bank"
"LINESTRING (-0.099489 51.524868,-0.09294 51.51397", "From Sadlers Sports Centre, Finsbury to Cheapside, Bank"
"LINESTRING (-0.071653 51.522617,-0.09294 51.51397", "From Brick Lane Market, Shoreditch to Cheapside, Bank"
"LINESTRING (-0.00699 51.508981,-0.09294 51.51397", "From Naval Row, Blackwall to Cheapside, Bank"
"LINESTRING (-0.099489 51.524868,-0.09294 51.51397", "From Sadlers Sports Centre, Finsbury to Cheapside, Bank"
"LINESTRING (-0.099828 51.493146,-0.09294 51.51397", "From Strata, Elephant & Castle to Cheapside, Bank"
"LINESTRING (-0.217995 51.487285,-0.174554 51.499917", "From Charing Cross Hospital, Hammersmith to Exhibition Road, Knightsbridge"
"LINESTRING (-0.120202 51.523346,-0.174554 51.499917", "From Guilford Street , Bloomsbury to Exhibition Road, Knightsbridge"
"LINESTRING (-0.191351 51.513489,-0.174554 51.499917", "From Princes Square, Bayswater to Exhibition Road, Knightsbridge"
"LINESTRING (-0.183846 51.523344,-0.174554 51.499917", "From Warwick Avenue Station, Maida Vale to Exhibition Road, Knightsbridge"
"LINESTRING (-0.142943 51.496863,-0.174554 51.499917", "From Allington Street, Victoria to Exhibition Road, Knightsbridge"
"LINESTRING (-0.197245 51.497387,-0.174554 51.499917", "From Abingdon Villas, Kensington to Exhibition Road, Knightsbridge"
"LINESTRING (-0.169249 51.515953,-0.174554 51.499917", "From Southwick Street, Paddington to Exhibition Road, Knightsbridge"
"LINESTRING (-0.208486 51.506465,-0.174554 51.499917", "From Princedale Road , Holland Park to Exhibition Road, Knightsbridge"
"LINESTRING (-0.176645 51.518622,-0.174554 51.499917", "From North Wharf Road, Paddington to Exhibition Road, Knightsbridge"
"LINESTRING (-0.155349 51.502757,-0.174554 51.499917", "From Knightsbridge, Hyde Park to Exhibition Road, Knightsbridge"
"LINESTRING (-0.18697 51.51616,-0.174554 51.499917", "From Bishop's Bridge Road West, Bayswater to Exhibition Road, Knightsbridge"
"LINESTRING (-0.108322 51.510981,-0.174554 51.499917", "From Temple Gardens, Temple to Exhibition Road, Knightsbridge"
"LINESTRING (-0.191933 51.495866,-0.174554 51.499917", "From Lexham Gardens, Kensington to Exhibition Road, Knightsbridge"
"LINESTRING (-0.161113 51.522596,-0.174554 51.499917", "From Dorset Square, Marylebone to Exhibition Road, Knightsbridge"
"LINESTRING (-0.155349 51.502757,-0.174554 51.499917", "From Knightsbridge, Hyde Park to Exhibition Road, Knightsbridge"
"LINESTRING (-0.170279 51.506451,-0.174554 51.499917", "From Triangle Car Park, Hyde Park to Exhibition Road, Knightsbridge"
"LINESTRING (-0.225787 51.514767,-0.174554 51.499917", "From BBC White City, White City to Exhibition Road, Knightsbridge"
"LINESTRING (-0.149569 51.50274,-0.174554 51.499917", "From Wellington Arch, Hyde Park to Exhibition Road, Knightsbridge"
"LINESTRING (-0.206029 51.49087,-0.174554 51.499917", "From West Kensington Station, West Kensington to Exhibition Road, Knightsbridge"
"LINESTRING (-0.129697 51.509087,-0.174554 51.499917", "From St. Martin's Street, West End to Exhibition Road, Knightsbridge"
"LINESTRING (-0.158264 51.514577,-0.174554 51.499917", "From Old Quebec Street, Marylebone to Exhibition Road, Knightsbridge"
"LINESTRING (-0.164207 51.517372,-0.174554 51.499917", "From Harrowby Street, Marylebone to Exhibition Road, Knightsbridge"
"LINESTRING (-0.187842 51.509908,-0.174554 51.499917", "From Black Lion Gate, Kensington Gardens to Exhibition Road, Knightsbridge"
"LINESTRING (-0.142943 51.496863,-0.174554 51.499917", "From Allington Street, Victoria to Exhibition Road, Knightsbridge"
"LINESTRING (-0.129925 51.493072,-0.174554 51.499917", "From Vincent Street, Pimlico to Exhibition Road, Knightsbridge"
"LINESTRING (-0.169249 51.515953,-0.174554 51.499917", "From Southwick Street, Paddington to Exhibition Road, Knightsbridge"
"LINESTRING (-0.173881 51.494412,-0.174554 51.499917", "From South Kensington Station, South Kensington to Exhibition Road, Knightsbridge"
"LINESTRING (-0.19096 51.51244,-0.174554 51.499917", "From Ilchester Gardens, Bayswater to Exhibition Road, Knightsbridge"
"LINESTRING (-0.164786 51.477292,-0.174554 51.499917", "From Ethelburga Estate, Battersea Park to Exhibition Road, Knightsbridge"
"LINESTRING (-0.104708 51.52326,-0.174554 51.499917", "From Clerkenwell Green, Clerkenwell to Exhibition Road, Knightsbridge"
"LINESTRING (-0.225787 51.514767,-0.174554 51.499917", "From BBC White City, White City to Exhibition Road, Knightsbridge"
"LINESTRING (-0.18697 51.51616,-0.174554 51.499917", "From Bishop's Bridge Road West, Bayswater to Exhibition Road, Knightsbridge"
"LINESTRING (-0.173881 51.494412,-0.174554 51.499917", "From South Kensington Station, South Kensington to Exhibition Road, Knightsbridge"
"LINESTRING (-0.173881 51.494412,-0.174554 51.499917", "From South Kensington Station, South Kensington to Exhibition Road, Knightsbridge"
"LINESTRING (-0.195455 51.500401,-0.174554 51.499917", "From Argyll Road, Kensington to Exhibition Road, Knightsbridge"
"LINESTRING (-0.130699 51.50777,-0.174554 51.499917", "From Pall Mall East, West End to Exhibition Road, Knightsbridge"
"LINESTRING (-0.129925 51.493072,-0.174554 51.499917", "From Vincent Street, Pimlico to Exhibition Road, Knightsbridge"
"LINESTRING (-0.180246 51.501026,-0.174554 51.499917", "From Queen's Gate (North), Kensington to Exhibition Road, Knightsbridge"
"LINESTRING (-0.116628 51.500089,-0.174554 51.499917", "From Lambeth Palace Road, Waterloo to Exhibition Road, Knightsbridge"
"LINESTRING (-0.187842 51.509908,-0.174554 51.499917", "From Black Lion Gate, Kensington Gardens to Exhibition Road, Knightsbridge"
"LINESTRING (-0.165164 51.514746,-0.174554 51.499917", "From Porchester Place, Paddington to Exhibition Road, Knightsbridge"
"LINESTRING (-0.154701 51.520583,-0.174554 51.499917", "From Paddington Street, Marylebone to Exhibition Road, Knightsbridge"
"LINESTRING (-0.169249 51.515953,-0.174554 51.499917", "From Southwick Street, Paddington to Exhibition Road, Knightsbridge"
"LINESTRING (-0.196422 51.509353,-0.174554 51.499917", "From Notting Hill Gate Station, Notting Hill to Exhibition Road, Knightsbridge"
"LINESTRING (-0.167894 51.493184,-0.174554 51.499917", "From Sloane Avenue, Knightsbridge to Exhibition Road, Knightsbridge"
"LINESTRING (-0.169249 51.515953,-0.174554 51.499917", "From Southwick Street, Paddington to Exhibition Road, Knightsbridge"
"LINESTRING (-0.167894 51.493184,-0.174554 51.499917", "From Sloane Avenue, Knightsbridge to Exhibition Road, Knightsbridge"
"LINESTRING (-0.171103 51.518268,-0.174554 51.499917", "From St Mary's Hospital, Paddington to Exhibition Road, Knightsbridge"
"LINESTRING (-0.130699 51.50777,-0.174554 51.499917", "From Pall Mall East, West End to Exhibition Road, Knightsbridge"
"LINESTRING (-0.174411 51.511933,-0.174554 51.499917", "From Bayswater Road, Hyde Park to Exhibition Road, Knightsbridge"
"LINESTRING (-0.127575 51.495805,-0.174554 51.499917", "From Smith Square, Westminster to Exhibition Road, Knightsbridge"
"LINESTRING (-0.137424 51.498865,-0.174554 51.499917", "From Buckingham Gate, Westminster to Exhibition Road, Knightsbridge"
"LINESTRING (-0.134621 51.507424,-0.174554 51.499917", "From St. James's Square, St. James's to Exhibition Road, Knightsbridge"
"LINESTRING (-0.136792 51.533005,-0.174554 51.499917", "From Eversholt Street , Camden Town to Exhibition Road, Knightsbridge"
"LINESTRING (-0.15352 51.503117,-0.174554 51.499917", "From Hyde Park Corner, Hyde Park to Exhibition Road, Knightsbridge"
"LINESTRING (-0.174554 51.499917,-0.174554 51.499917", "From Exhibition Road, Knightsbridge to Exhibition Road, Knightsbridge"
"LINESTRING (-0.155442 51.474376,-0.174554 51.499917", "From Austin Road, Battersea Park to Exhibition Road, Knightsbridge"
"LINESTRING (-0.15352 51.503117,-0.174554 51.499917", "From Hyde Park Corner, Hyde Park to Exhibition Road, Knightsbridge"
"LINESTRING (-0.125674 51.491884,-0.174554 51.499917", "From Millbank Tower, Pimlico to Exhibition Road, Knightsbridge"
"LINESTRING (-0.209378 51.489591,-0.174554 51.499917", "From Vereker Road, West Kensington to Exhibition Road, Knightsbridge"
"LINESTRING (-0.15352 51.503117,-0.174554 51.499917", "From Hyde Park Corner, Hyde Park to Exhibition Road, Knightsbridge"
"LINESTRING (-0.17977 51.51348,-0.174554 51.499917", "From Devonshire Terrace, Bayswater to Exhibition Road, Knightsbridge"
"LINESTRING (-0.17581 51.517335,-0.174554 51.499917", "From South Wharf Road, Paddington to Exhibition Road, Knightsbridge"
"LINESTRING (-0.142943 51.496863,-0.174554 51.499917", "From Allington Street, Victoria to Exhibition Road, Knightsbridge"
"LINESTRING (-0.183716 51.517932,-0.174554 51.499917", "From Orsett Terrace, Bayswater to Exhibition Road, Knightsbridge"
"LINESTRING (-0.178433 51.492479,-0.174554 51.499917", "From Queen's Gate (South), South Kensington to Exhibition Road, Knightsbridge"
"LINESTRING (-0.167894 51.493184,-0.174554 51.499917", "From Sloane Avenue, Knightsbridge to Exhibition Road, Knightsbridge"
"LINESTRING (-0.174411 51.511933,-0.174554 51.499917", "From Bayswater Road, Hyde Park to Exhibition Road, Knightsbridge"
"LINESTRING (-0.183165 51.474665,-0.174554 51.499917", "From Imperial Wharf Station, Sands End to Exhibition Road, Knightsbridge"
"LINESTRING (-0.165842 51.522029,-0.174554 51.499917", "From Bell Street , Marylebone to Exhibition Road, Knightsbridge"
"LINESTRING (-0.17581 51.517335,-0.174554 51.499917", "From South Wharf Road, Paddington to Exhibition Road, Knightsbridge"
"LINESTRING (-0.205279 51.487244,-0.174554 51.499917", "From Star Road, West Kensington to Exhibition Road, Knightsbridge"
"LINESTRING (-0.194116 51.479932,-0.174554 51.499917", "From Fulham Broadway, Walham Green to Exhibition Road, Knightsbridge"
"LINESTRING (-0.157183 51.52026,-0.174554 51.499917", "From Crawford Street, Marylebone to Exhibition Road, Knightsbridge"
"LINESTRING (-0.179668 51.511654,-0.174554 51.499917", "From Lancaster Gate , Bayswater to Exhibition Road, Knightsbridge"
"LINESTRING (-0.17977 51.51348,-0.174554 51.499917", "From Devonshire Terrace, Bayswater to Exhibition Road, Knightsbridge"
"LINESTRING (-0.129698 51.500703,-0.174554 51.499917", "From Storey's Gate, Westminster to Exhibition Road, Knightsbridge"
"LINESTRING (-0.130699 51.50777,-0.174554 51.499917", "From Pall Mall East, West End to Exhibition Road, Knightsbridge"
"LINESTRING (-0.162298 51.522511,-0.174554 51.499917", "From Boston Place, Marylebone to Exhibition Road, Knightsbridge"
"LINESTRING (-0.164786 51.477292,-0.174554 51.499917", "From Ethelburga Estate, Battersea Park to Exhibition Road, Knightsbridge"
"LINESTRING (-0.187842 51.509908,-0.174554 51.499917", "From Black Lion Gate, Kensington Gardens to Exhibition Road, Knightsbridge"
"LINESTRING (-0.190603 51.493631,-0.174554 51.499917", "From Knaresborough Place, Earl's Court to Exhibition Road, Knightsbridge"
"LINESTRING (-0.123616 51.529943,-0.174554 51.499917", "From Belgrove Street , King's Cross to Exhibition Road, Knightsbridge"
"LINESTRING (-0.174347 51.476964,-0.174554 51.499917", "From Battersea Church Road, Battersea to Exhibition Road, Knightsbridge"
"LINESTRING (-0.173693 51.495948,-0.174554 51.499917", "From Exhibition Road Museums 2, South Kensington to Exhibition Road, Knightsbridge"
"LINESTRING (-0.173881 51.494412,-0.174554 51.499917", "From South Kensington Station, South Kensington to Exhibition Road, Knightsbridge"
"LINESTRING (-0.126021 51.508103,-0.174554 51.499917", "From Craven Street, Strand to Exhibition Road, Knightsbridge"
"LINESTRING (-0.141423 51.514499,-0.174554 51.499917", "From Little Argyll Street, West End to Exhibition Road, Knightsbridge"
"LINESTRING (-0.150817 51.505426,-0.174554 51.499917", "From Park Lane, Mayfair to Exhibition Road, Knightsbridge"
"LINESTRING (-0.173693 51.495948,-0.174554 51.499917", "From Exhibition Road Museums 2, South Kensington to Exhibition Road, Knightsbridge"
"LINESTRING (-0.112031 51.49914,-0.174554 51.499917", "From Lambeth North Station, Waterloo to Exhibition Road, Knightsbridge"
"LINESTRING (-0.130699 51.50777,-0.174554 51.499917", "From Pall Mall East, West End to Exhibition Road, Knightsbridge"
"LINESTRING (-0.21186 51.483217,-0.17524 51.48902", "From Humbolt Road, Fulham to South Parade, Chelsea"
"LINESTRING (-0.167894 51.493184,-0.17524 51.48902", "From Sloane Avenue, Knightsbridge to South Parade, Chelsea"
"LINESTRING (-0.17524 51.48902,-0.17524 51.48902", "From South Parade, Chelsea to South Parade, Chelsea"
"LINESTRING (-0.148059 51.472865,-0.17524 51.48902", "From Silverthorne Road, Battersea to South Parade, Chelsea"
"LINESTRING (-0.169821 51.466633,-0.17524 51.48902", "From Falcon Road, Clapham Junction to South Parade, Chelsea"
"LINESTRING (-0.151126 51.510919,-0.17524 51.48902", "From Millennium Hotel, Mayfair to South Parade, Chelsea"
"LINESTRING (-0.09734 51.520841,-0.17524 51.48902", "From Aldersgate Street, Barbican to South Parade, Chelsea"
"LINESTRING (-0.225787 51.514767,-0.17524 51.48902", "From BBC White City, White City to South Parade, Chelsea"
"LINESTRING (-0.169821 51.466633,-0.17524 51.48902", "From Falcon Road, Clapham Junction to South Parade, Chelsea"
"LINESTRING (-0.165471 51.498884,-0.17524 51.48902", "From Montpelier Street, Knightsbridge to South Parade, Chelsea"
"LINESTRING (-0.15823 51.46879,-0.17524 51.48902", "From Holden Street, Battersea to South Parade, Chelsea"
"LINESTRING (-0.15213 51.470475,-0.17524 51.48902", "From Stanley Grove, Battersea to South Parade, Chelsea"
"LINESTRING (-0.171103 51.518268,-0.17524 51.48902", "From St Mary's Hospital, Paddington to South Parade, Chelsea"
"LINESTRING (-0.185273 51.481765,-0.17524 51.48902", "From Hortensia Road, West Brompton to South Parade, Chelsea"
"LINESTRING (-0.21186 51.483217,-0.17524 51.48902", "From Humbolt Road, Fulham to South Parade, Chelsea"
"LINESTRING (-0.159169 51.475153,-0.17524 51.48902", "From Prince of Wales Drive, Battersea Park to South Parade, Chelsea"
"LINESTRING (-0.170279 51.506451,-0.17524 51.48902", "From Triangle Car Park, Hyde Park to South Parade, Chelsea"
"LINESTRING (-0.113426 51.503919,-0.17524 51.48902", "From Waterloo Station 2, Waterloo to South Parade, Chelsea"
"LINESTRING (-0.212607 51.460792,-0.17524 51.48902", "From Oxford Road, Putney to South Parade, Chelsea"
"LINESTRING (-0.190393 51.490163,-0.17524 51.48902", "From Bramham Gardens, Earl's Court to South Parade, Chelsea"
"LINESTRING (-0.082989 51.510484,-0.17524 51.48902", "From Great Tower Street, Monument to South Parade, Chelsea"
"LINESTRING (-0.173881 51.494412,-0.17524 51.48902", "From South Kensington Station, South Kensington to South Parade, Chelsea"
"LINESTRING (-0.222456 51.488144,-0.17524 51.48902", "From Beryl Road, Hammersmith to South Parade, Chelsea"
"LINESTRING (-0.17524 51.48902,-0.17524 51.48902", "From South Parade, Chelsea to South Parade, Chelsea"
"LINESTRING (-0.191933 51.495866,-0.17524 51.48902", "From Lexham Gardens, Kensington to South Parade, Chelsea"
"LINESTRING (-0.17021 51.474535,-0.17524 51.48902", "From Orbel Street, Battersea to South Parade, Chelsea"
"LINESTRING (-0.201554 51.512136,-0.17524 51.48902", "From Chepstow Villas, Notting Hill to South Parade, Chelsea"
"LINESTRING (-0.123823 51.501513,-0.17524 51.48902", "From Westminster Pier, Westminster to South Parade, Chelsea"
"LINESTRING (-0.19617 51.490853,-0.17524 51.48902", "From Trebovir Road, Earl's Court to South Parade, Chelsea"
"LINESTRING (-0.217995 51.487285,-0.17524 51.48902", "From Charing Cross Hospital, Hammersmith to South Parade, Chelsea"
"LINESTRING (-0.132102 51.472918,-0.17524 51.48902", "From Courland Grove, Wandsworth Road to South Parade, Chelsea"
"LINESTRING (-0.18267 51.494185,-0.17524 51.48902", "From Gloucester Road Station, South Kensington to South Parade, Chelsea"
"LINESTRING (-0.180389 51.46517,-0.17524 51.48902", "From Hibbert Street, Battersea to South Parade, Chelsea"
"LINESTRING (-0.021345 51.519265,-0.122203 51.534474", "From Furze Green, Bow to Crinan Street, King's Cross"
"LINESTRING (-0.123616 51.529943,-0.122203 51.534474", "From Belgrove Street , King's Cross to Crinan Street, King's Cross"
"LINESTRING (-0.100791 51.518218,-0.122203 51.534474", "From West Smithfield Rotunda, Farringdon to Crinan Street, King's Cross"
"LINESTRING (-0.161113 51.522596,-0.122203 51.534474", "From Dorset Square, Marylebone to Crinan Street, King's Cross"
"LINESTRING (-0.144466 51.528302,-0.122203 51.534474", "From Albany Street, The Regent's Park to Crinan Street, King's Cross"
"LINESTRING (-0.13225 51.528833,-0.122203 51.534474", "From Doric Way , Somers Town to Crinan Street, King's Cross"
"LINESTRING (-0.083493 51.520955,-0.122203 51.534474", "From Pindar Street, Liverpool Street to Crinan Street, King's Cross"
"LINESTRING (-0.125441 51.541596,-0.122203 51.534474", "From York Way, Kings Cross to Crinan Street, King's Cross"
"LINESTRING (-0.122203 51.534474,-0.122203 51.534474", "From Crinan Street, King's Cross to Crinan Street, King's Cross"
"LINESTRING (-0.151926 51.516814,-0.122203 51.534474", "From Hinde Street, Marylebone to Crinan Street, King's Cross"
"LINESTRING (-0.112721 51.536392,-0.122203 51.534474", "From Charlotte Terrace, Angel to Crinan Street, King's Cross"
"LINESTRING (-0.113426 51.503919,-0.122203 51.534474", "From Waterloo Station 2, Waterloo to Crinan Street, King's Cross"
"LINESTRING (-0.113885 51.51165,-0.122203 51.534474", "From Arundel Street to Crinan Street, King's Cross"
"LINESTRING (-0.208888 51.5212,-0.173757 51.496471", "From Bevington Road West, North Kensington to Exhibition Road Museums 1, South Kensington"
"LINESTRING (-0.153645 51.512911,-0.173757 51.496471", "From North Audley Street, Mayfair to Exhibition Road Museums 1, South Kensington"
"LINESTRING (-0.141423 51.514499,-0.173757 51.496471", "From Little Argyll Street, West End to Exhibition Road Museums 1, South Kensington"
"LINESTRING (-0.164786 51.477292,-0.173757 51.496471", "From Ethelburga Estate, Battersea Park to Exhibition Road Museums 1, South Kensington"
"LINESTRING (-0.174411 51.511933,-0.173757 51.496471", "From Bayswater Road, Hyde Park to Exhibition Road Museums 1, South Kensington"
"LINESTRING (-0.167894 51.493184,-0.173757 51.496471", "From Sloane Avenue, Knightsbridge to Exhibition Road Museums 1, South Kensington"
"LINESTRING (-0.17977 51.51348,-0.173757 51.496471", "From Devonshire Terrace, Bayswater to Exhibition Road Museums 1, South Kensington"
"LINESTRING (-0.183846 51.523344,-0.173757 51.496471", "From Warwick Avenue Station, Maida Vale to Exhibition Road Museums 1, South Kensington"
"LINESTRING (-0.077121 51.511594,-0.173757 51.496471", "From Crosswall, Tower to Exhibition Road Museums 1, South Kensington"
"LINESTRING (-0.185273 51.481765,-0.173757 51.496471", "From Hortensia Road, West Brompton to Exhibition Road Museums 1, South Kensington"
"LINESTRING (-0.141423 51.514499,-0.173757 51.496471", "From Little Argyll Street, West End to Exhibition Road Museums 1, South Kensington"
"LINESTRING (-0.134234 51.494591,-0.173757 51.496471", "From Greycoat Street , Westminster to Exhibition Road Museums 1, South Kensington"
"LINESTRING (-0.185273 51.481765,-0.173757 51.496471", "From Hortensia Road, West Brompton to Exhibition Road Museums 1, South Kensington"
"LINESTRING (-0.206029 51.49087,-0.173757 51.496471", "From West Kensington Station, West Kensington to Exhibition Road Museums 1, South Kensington"
"LINESTRING (-0.165842 51.522029,-0.173757 51.496471", "From Bell Street , Marylebone to Exhibition Road Museums 1, South Kensington"
"LINESTRING (-0.110699 51.501444,-0.173757 51.496471", "From Baylis Road, Waterloo to Exhibition Road Museums 1, South Kensington"
"LINESTRING (-0.149569 51.50274,-0.173757 51.496471", "From Wellington Arch, Hyde Park to Exhibition Road Museums 1, South Kensington"
"LINESTRING (-0.179668 51.511654,-0.173757 51.496471", "From Lancaster Gate , Bayswater to Exhibition Road Museums 1, South Kensington"
"LINESTRING (-0.132845 51.489975,-0.173757 51.496471", "From Rampayne Street, Pimlico to Exhibition Road Museums 1, South Kensington"
"LINESTRING (-0.18267 51.494185,-0.173757 51.496471", "From Gloucester Road Station, South Kensington to Exhibition Road Museums 1, South Kensington"
"LINESTRING (-0.132845 51.489975,-0.173757 51.496471", "From Rampayne Street, Pimlico to Exhibition Road Museums 1, South Kensington"
"LINESTRING (-0.149186 51.490491,-0.173757 51.496471", "From Ebury Bridge, Pimlico to Exhibition Road Museums 1, South Kensington"
"LINESTRING (-0.132845 51.489975,-0.173757 51.496471", "From Rampayne Street, Pimlico to Exhibition Road Museums 1, South Kensington"
"LINESTRING (-0.134234 51.494591,-0.173757 51.496471", "From Greycoat Street , Westminster to Exhibition Road Museums 1, South Kensington"
"LINESTRING (-0.104708 51.52326,-0.173757 51.496471", "From Clerkenwell Green, Clerkenwell to Exhibition Road Museums 1, South Kensington"
"LINESTRING (-0.191462 51.501364,-0.173757 51.496471", "From Derry Street, Kensington to Exhibition Road Museums 1, South Kensington"
"LINESTRING (-0.208485 51.478939,-0.173757 51.496471", "From St. Peter's Terrace, Fulham to Exhibition Road Museums 1, South Kensington"
"LINESTRING (-0.18267 51.494185,-0.173757 51.496471", "From Gloucester Road Station, South Kensington to Exhibition Road Museums 1, South Kensington"
"LINESTRING (-0.126994 51.470732,-0.173757 51.496471", "From Clarence Walk, Stockwell to Exhibition Road Museums 1, South Kensington"
"LINESTRING (-0.149035 51.481121,-0.173757 51.496471", "From Sopwith Way, Battersea Park to Exhibition Road Museums 1, South Kensington"
"LINESTRING (-0.111471 51.479601,-0.173757 51.496471", "From Cranmer Road, Stockwell to Exhibition Road Museums 1, South Kensington"
"LINESTRING (-0.132845 51.489975,-0.173757 51.496471", "From Rampayne Street, Pimlico to Exhibition Road Museums 1, South Kensington"
"LINESTRING (-0.141423 51.514499,-0.173757 51.496471", "From Little Argyll Street, West End to Exhibition Road Museums 1, South Kensington"
"LINESTRING (-0.17021 51.474535,-0.173757 51.496471", "From Orbel Street, Battersea to Exhibition Road Museums 1, South Kensington"
"LINESTRING (-0.149551 51.477619,-0.173757 51.496471", "From Queen's Circus, Battersea Park to Exhibition Road Museums 1, South Kensington"
"LINESTRING (-0.139221 51.461388,-0.173757 51.496471", "From Clapham Common Station, Clapham Common to Exhibition Road Museums 1, South Kensington"
"LINESTRING (-0.18267 51.494185,-0.173757 51.496471", "From Gloucester Road Station, South Kensington to Exhibition Road Museums 1, South Kensington"
"LINESTRING (-0.162298 51.522511,-0.173757 51.496471", "From Boston Place, Marylebone to Exhibition Road Museums 1, South Kensington"
"LINESTRING (-0.174411 51.511933,-0.173757 51.496471", "From Bayswater Road, Hyde Park to Exhibition Road Museums 1, South Kensington"
"LINESTRING (-0.145904 51.507069,-0.173757 51.496471", "From Curzon Street, Mayfair to Exhibition Road Museums 1, South Kensington"
"LINESTRING (-0.141423 51.514499,-0.173757 51.496471", "From Little Argyll Street, West End to Exhibition Road Museums 1, South Kensington"
"LINESTRING (-0.179668 51.511654,-0.173757 51.496471", "From Lancaster Gate , Bayswater to Exhibition Road Museums 1, South Kensington"
"LINESTRING (-0.139221 51.461388,-0.173757 51.496471", "From Clapham Common Station, Clapham Common to Exhibition Road Museums 1, South Kensington"
"LINESTRING (-0.089782 51.53089,-0.116279 51.524564", "From Murray Grove , Hoxton to Wren Street, Holborn"
"LINESTRING (-0.119123 51.519435,-0.116279 51.524564", "From Red Lion Square, Holborn to Wren Street, Holborn"
"LINESTRING (-0.117069 51.53136,-0.116279 51.524564", "From Calshot Street , King's Cross to Wren Street, Holborn"
"LINESTRING (-0.104708 51.52326,-0.116279 51.524564", "From Clerkenwell Green, Clerkenwell to Wren Street, Holborn"
"LINESTRING (-0.114079 51.522264,-0.116279 51.524564", "From Northington Street , Holborn to Wren Street, Holborn"
"LINESTRING (-0.131161 51.52505,-0.116279 51.524564", "From Taviton Street, Bloomsbury to Wren Street, Holborn"
"LINESTRING (-0.102996 51.486929,-0.116279 51.524564", "From Doddington Grove, Kennington to Wren Street, Holborn"
"LINESTRING (-0.150666 51.506864,-0.116279 51.524564", "From Stanhope Gate, Mayfair to Wren Street, Holborn"
"LINESTRING (-0.123616 51.529943,-0.116279 51.524564", "From Belgrove Street , King's Cross to Wren Street, Holborn"
"LINESTRING (-0.131161 51.52505,-0.116279 51.524564", "From Taviton Street, Bloomsbury to Wren Street, Holborn"
"LINESTRING (-0.055312 51.52568,-0.116279 51.524564", "From Bethnal Green Garden, Bethnal Green to Wren Street, Holborn"
"LINESTRING (-0.122502 51.523951,-0.116279 51.524564", "From Brunswick Square, Bloomsbury to Wren Street, Holborn"
"LINESTRING (-0.131161 51.52505,-0.116279 51.524564", "From Taviton Street, Bloomsbury to Wren Street, Holborn"
"LINESTRING (-0.116279 51.524564,-0.116279 51.524564", "From Wren Street, Holborn to Wren Street, Holborn"
"LINESTRING (-0.122299 51.530199,-0.116279 51.524564", "From Birkenhead Street, King's Cross to Wren Street, Holborn"
"LINESTRING (-0.131861 51.527068,-0.116279 51.524564", "From Euston Square Gardens, Euston to Wren Street, Holborn"
"LINESTRING (-0.130431 51.52168,-0.116279 51.524564", "From Malet Street, Bloomsbury to Wren Street, Holborn"
"LINESTRING (-0.09885 51.515418,-0.116279 51.524564", "From Newgate Street , St. Paul's to Wren Street, Holborn"
"LINESTRING (-0.138231 51.525542,-0.116279 51.524564", "From Hampstead Road, Euston to Wren Street, Holborn"
"LINESTRING (-0.117774 51.513875,-0.116279 51.524564", "From Kingsway Southbound, Strand to Wren Street, Holborn"
"LINESTRING (-0.118295 51.52728,-0.116279 51.524564", "From Ampton Street , Clerkenwell to Wren Street, Holborn"
"LINESTRING (-0.117863 51.515208,-0.116279 51.524564", "From Sardinia Street, Holborn to Wren Street, Holborn"
"LINESTRING (-0.09885 51.515418,-0.116279 51.524564", "From Newgate Street , St. Paul's to Wren Street, Holborn"
"LINESTRING (-0.125979 51.526357,-0.116279 51.524564", "From Cartwright Gardens , Bloomsbury to Wren Street, Holborn"
"LINESTRING (-0.122219 51.51477,-0.116279 51.524564", "From Drury Lane, Covent Garden to Wren Street, Holborn"
"LINESTRING (-0.147804 51.461376,-0.105593 51.488852", "From Victoria Rise, Clapham Common to Kennington Station, Kennington"
"LINESTRING (-0.087587 51.514441,-0.105593 51.488852", "From Bank of England Museum, Bank to Kennington Station, Kennington"
"LINESTRING (-0.130908 51.464995,-0.105593 51.488852", "From Gauden Road, Clapham to Kennington Station, Kennington"
"LINESTRING (-0.074284 51.539328,-0.105593 51.488852", "From Haggerston Road, Haggerston to Kennington Station, Kennington"
"LINESTRING (-0.114934 51.49288,-0.105593 51.488852", "From Lollard Street, Vauxhall to Kennington Station, Kennington"
"LINESTRING (-0.065076 51.52388,-0.105593 51.488852", "From Cheshire Street, Bethnal Green to Kennington Station, Kennington"
"LINESTRING (-0.152248 51.467185,-0.105593 51.488852", "From Ashley Crescent, Battersea to Kennington Station, Kennington"
"LINESTRING (-0.074431 51.519362,-0.105593 51.488852", "From Fournier Street, Whitechapel to Kennington Station, Kennington"
"LINESTRING (-0.106 51.496127,-0.105593 51.488852", "From Geraldine Street, Elephant & Castle to Kennington Station, Kennington"
"LINESTRING (-0.09294 51.51397,-0.105593 51.488852", "From Cheapside, Bank to Kennington Station, Kennington"
"LINESTRING (-0.102996 51.486929,-0.105593 51.488852", "From Doddington Grove, Kennington to Kennington Station, Kennington"
"LINESTRING (-0.13011 51.513527,-0.105593 51.488852", "From Moor Street, Soho to Kennington Station, Kennington"
"LINESTRING (-0.133972 51.472993,-0.105593 51.488852", "From Union Grove, Wandsworth Road to Kennington Station, Kennington"
"LINESTRING (-0.117122 51.490994,-0.105593 51.488852", "From Black Prince Road, Vauxhall to Kennington Station, Kennington"
"LINESTRING (-0.102996 51.486929,-0.105593 51.488852", "From Doddington Grove, Kennington to Kennington Station, Kennington"
"LINESTRING (-0.141812 51.469259,-0.105593 51.488852", "From Wandsworth Rd, Isley Court, Wandsworth Road to Kennington Station, Kennington"
"LINESTRING (-0.167029 51.460333,-0.105593 51.488852", "From Abyssinia Close, Clapham Junction to Kennington Station, Kennington"
"LINESTRING (-0.103132 51.498744,-0.105593 51.488852", "From LSBU (Borough Road), Elephant & Castle to Kennington Station, Kennington"
"LINESTRING (-0.101536 51.49217,-0.105593 51.488852", "From Hampton Street, Walworth to Kennington Station, Kennington"
"LINESTRING (-0.106 51.496127,-0.105593 51.488852", "From Geraldine Street, Elephant & Castle to Kennington Station, Kennington"
"LINESTRING (-0.075375 51.528187,-0.105593 51.488852", "From Columbia Road, Shoreditch to Kennington Station, Kennington"
"LINESTRING (-0.074284 51.539328,-0.105593 51.488852", "From Haggerston Road, Haggerston to Kennington Station, Kennington"
"LINESTRING (-0.113864 51.504027,-0.11655 51.51824", "From Waterloo Station 1, Waterloo to Red Lion Street, Holborn"
"LINESTRING (-0.162298 51.522511,-0.11655 51.51824", "From Boston Place, Marylebone to Red Lion Street, Holborn"
"LINESTRING (-0.130504 51.526838,-0.11655 51.51824", "From Endsleigh Gardens, Euston to Red Lion Street, Holborn"
"LINESTRING (-0.17581 51.517335,-0.11655 51.51824", "From South Wharf Road, Paddington to Red Lion Street, Holborn"
"LINESTRING (-0.074284 51.539328,-0.11655 51.51824", "From Haggerston Road, Haggerston to Red Lion Street, Holborn"
"LINESTRING (-0.076793 51.513406,-0.11655 51.51824", "From Jewry Street, Aldgate to Red Lion Street, Holborn"
"LINESTRING (-0.113864 51.504027,-0.11655 51.51824", "From Waterloo Station 1, Waterloo to Red Lion Street, Holborn"
"LINESTRING (-0.063531 51.504719,-0.11655 51.51824", "From Hermitage Court, Wapping to Red Lion Street, Holborn"
"LINESTRING (-0.099981 51.532661,-0.11655 51.51824", "From Graham Street, Angel to Red Lion Street, Holborn"
"LINESTRING (-0.093051 51.511246,-0.11655 51.51824", "From Queen Street 2, Bank to Red Lion Street, Holborn"
"LINESTRING (-0.063471 51.497995,-0.11655 51.51824", "From Bermondsey Station, Bermondsey to Red Lion Street, Holborn"
"LINESTRING (-0.113426 51.503919,-0.11655 51.51824", "From Waterloo Station 2, Waterloo to Red Lion Street, Holborn"
"LINESTRING (-0.113864 51.504027,-0.11655 51.51824", "From Waterloo Station 1, Waterloo to Red Lion Street, Holborn"
"LINESTRING (-0.109006 51.521661,-0.11655 51.51824", "From Hatton Wall, Holborn to Red Lion Street, Holborn"
"LINESTRING (-0.162298 51.522511,-0.11655 51.51824", "From Boston Place, Marylebone to Red Lion Street, Holborn"
"LINESTRING (-0.09294 51.51397,-0.11655 51.51824", "From Cheapside, Bank to Red Lion Street, Holborn"
"LINESTRING (-0.083935 51.520009,-0.11655 51.51824", "From Sun Street, Liverpool Street to Red Lion Street, Holborn"
"LINESTRING (-0.074754 51.523648,-0.11655 51.51824", "From Bethnal Green Road, Shoreditch to Red Lion Street, Holborn"
"LINESTRING (-0.179592 51.525575,-0.11655 51.51824", "From Clifton Road, Maida Vale to Red Lion Street, Holborn"
"LINESTRING (-0.100292 51.501732,-0.11655 51.51824", "From Great Suffolk Street, The Borough to Red Lion Street, Holborn"
"LINESTRING (-0.112824 51.503791,-0.11655 51.51824", "From Waterloo Station 3, Waterloo to Red Lion Street, Holborn"
"LINESTRING (-0.108068 51.527842,-0.11655 51.51824", "From Hardwick Street, Clerkenwell to Red Lion Street, Holborn"
"LINESTRING (-0.096518 51.491327,-0.11655 51.51824", "From Walworth Square, Walworth to Red Lion Street, Holborn"
"LINESTRING (-0.093051 51.511246,-0.11655 51.51824", "From Queen Street 2, Bank to Red Lion Street, Holborn"
"LINESTRING (-0.133952 51.536264,-0.11655 51.51824", "From Royal College Street, Camden Town to Red Lion Street, Holborn"
"LINESTRING (-0.116191 51.535467,-0.11655 51.51824", "From Carnegie Street, King's Cross to Red Lion Street, Holborn"
"LINESTRING (-0.179135 51.516417,-0.11655 51.51824", "From Eastbourne Mews, Paddington to Red Lion Street, Holborn"
"LINESTRING (-0.18697 51.51616,-0.11655 51.51824", "From Bishop's Bridge Road West, Bayswater to Red Lion Street, Holborn"
"LINESTRING (-0.033828 51.514115,-0.11655 51.51824", "From Salmon Lane, Limehouse to Red Lion Street, Holborn"
"LINESTRING (-0.161765 51.487964,-0.11655 51.51824", "From Ormonde Gate, Chelsea to Red Lion Street, Holborn"
"LINESTRING (-0.067937 51.51793,-0.11655 51.51824", "From Old Montague Street, Whitechapel to Red Lion Street, Holborn"
"LINESTRING (-0.106237 51.507244,-0.11655 51.51824", "From Milroy Walk, South Bank to Red Lion Street, Holborn"
"LINESTRING (-0.113864 51.504027,-0.11655 51.51824", "From Waterloo Station 1, Waterloo to Red Lion Street, Holborn"
"LINESTRING (-0.132328 51.515631,-0.11655 51.51824", "From Soho Square , Soho to Red Lion Street, Holborn"
"LINESTRING (-0.105344 51.515059,-0.11655 51.51824", "From St. Bride Street, Holborn to Red Lion Street, Holborn"
"LINESTRING (-0.114079 51.522264,-0.11655 51.51824", "From Northington Street , Holborn to Red Lion Street, Holborn"
"LINESTRING (-0.103078 51.511934,-0.11655 51.51824", "From Blackfriars Station, St. Paul's to Red Lion Street, Holborn"
"LINESTRING (-0.138231 51.525542,-0.11655 51.51824", "From Hampstead Road, Euston to Red Lion Street, Holborn"
"LINESTRING (-0.083935 51.520009,-0.11655 51.51824", "From Sun Street, Liverpool Street to Red Lion Street, Holborn"
"LINESTRING (-0.13225 51.528833,-0.11655 51.51824", "From Doric Way , Somers Town to Red Lion Street, Holborn"
"LINESTRING (-0.114079 51.522264,-0.11655 51.51824", "From Northington Street , Holborn to Red Lion Street, Holborn"
"LINESTRING (-0.116688 51.520596,-0.11655 51.51824", "From Theobald's Road , Holborn to Red Lion Street, Holborn"
"LINESTRING (-0.099828 51.493146,-0.11655 51.51824", "From Strata, Elephant & Castle to Red Lion Street, Holborn"
"LINESTRING (-0.11655 51.51824,-0.11655 51.51824", "From Red Lion Street, Holborn to Red Lion Street, Holborn"
"LINESTRING (-0.121328 51.517606,-0.11655 51.51824", "From Southampton Place, Holborn to Red Lion Street, Holborn"
"LINESTRING (-0.117863 51.515208,-0.11655 51.51824", "From Sardinia Street, Holborn to Red Lion Street, Holborn"
"LINESTRING (-0.113864 51.504027,-0.11655 51.51824", "From Waterloo Station 1, Waterloo to Red Lion Street, Holborn"
"LINESTRING (-0.145246 51.539957,-0.11655 51.51824", "From Arlington Road, Camden Town to Red Lion Street, Holborn"
"LINESTRING (-0.110699 51.501444,-0.120903 51.488124", "From Baylis Road, Waterloo to Vauxhall Walk, Vauxhall"
"LINESTRING (-0.106823 51.508033,-0.120903 51.488124", "From Sea Containers, South Bank to Vauxhall Walk, Vauxhall"
"LINESTRING (-0.129698 51.500703,-0.120903 51.488124", "From Storey's Gate, Westminster to Vauxhall Walk, Vauxhall"
"LINESTRING (-0.110699 51.501444,-0.120903 51.488124", "From Baylis Road, Waterloo to Vauxhall Walk, Vauxhall"
"LINESTRING (-0.106823 51.508033,-0.120903 51.488124", "From Sea Containers, South Bank to Vauxhall Walk, Vauxhall"
"LINESTRING (-0.137235 51.473116,-0.120903 51.488124", "From Stewart's Road, Wandsworth Road to Vauxhall Walk, Vauxhall"
"LINESTRING (-0.116625 51.486965,-0.120903 51.488124", "From Vauxhall Street, Vauxhall to Vauxhall Walk, Vauxhall"
"LINESTRING (-0.099489 51.524868,-0.120903 51.488124", "From Sadlers Sports Centre, Finsbury to Vauxhall Walk, Vauxhall"
"LINESTRING (-0.123616 51.529943,-0.120903 51.488124", "From Belgrove Street , King's Cross to Vauxhall Walk, Vauxhall"
"LINESTRING (-0.126874 51.47787,-0.120903 51.488124", "From Hartington Road, Stockwell to Vauxhall Walk, Vauxhall"
"LINESTRING (-0.110699 51.501444,-0.120903 51.488124", "From Baylis Road, Waterloo to Vauxhall Walk, Vauxhall"
"LINESTRING (-0.092921 51.494436,-0.120903 51.488124", "From New Kent Road, The Borough to Vauxhall Walk, Vauxhall"
"LINESTRING (-0.144132 51.493204,-0.120903 51.488124", "From Belgrave Road, Victoria to Vauxhall Walk, Vauxhall"
"LINESTRING (-0.079249 51.518908,-0.120903 51.488124", "From Brushfield Street, Liverpool Street to Vauxhall Walk, Vauxhall"
"LINESTRING (-0.126994 51.470732,-0.120903 51.488124", "From Clarence Walk, Stockwell to Vauxhall Walk, Vauxhall"
"LINESTRING (-0.09294 51.51397,-0.120903 51.488124", "From Cheapside, Bank to Vauxhall Walk, Vauxhall"
"LINESTRING (-0.125674 51.491884,-0.120903 51.488124", "From Millbank Tower, Pimlico to Vauxhall Walk, Vauxhall"
"LINESTRING (-0.124642 51.481747,-0.120903 51.488124", "From South Lambeth Road, Vauxhall to Vauxhall Walk, Vauxhall"
"LINESTRING (-0.110699 51.501444,-0.120903 51.488124", "From Baylis Road, Waterloo to Vauxhall Walk, Vauxhall"
"LINESTRING (-0.027772 51.505703,-0.120903 51.488124", "From Westferry Circus, Canary Wharf to Vauxhall Walk, Vauxhall"
"LINESTRING (-0.115156 51.489479,-0.120903 51.488124", "From Sancroft Street, Vauxhall to Vauxhall Walk, Vauxhall"
"LINESTRING (-0.138846 51.510048,-0.120903 51.488124", "From Sackville Street, Mayfair to Vauxhall Walk, Vauxhall"
"LINESTRING (-0.139625 51.490962,-0.120903 51.488124", "From Gloucester Street, Pimlico to Vauxhall Walk, Vauxhall"
"LINESTRING (-0.138535 51.538792,-0.118677 51.5338", "From St Martins Close, Camden Town to Killick Street, King's Cross"
"LINESTRING (-0.138231 51.525542,-0.118677 51.5338", "From Hampstead Road, Euston to Killick Street, King's Cross"
"LINESTRING (-0.11655 51.51824,-0.118677 51.5338", "From Red Lion Street, Holborn to Killick Street, King's Cross"
"LINESTRING (-0.138535 51.538792,-0.118677 51.5338", "From St Martins Close, Camden Town to Killick Street, King's Cross"
"LINESTRING (-0.106992 51.534504,-0.118677 51.5338", "From Liverpool Road (N1 Centre), Angel to Killick Street, King's Cross"
"LINESTRING (-0.126409 51.524,-0.118677 51.5338", "From Coram Street, Bloomsbury to Killick Street, King's Cross"
"LINESTRING (-0.136052 51.527326,-0.118677 51.5338", "From Drummond Street , Euston to Killick Street, King's Cross"
"LINESTRING (-0.139016 51.520994,-0.118677 51.5338", "From Howland Street, Fitzrovia to Killick Street, King's Cross"
"LINESTRING (-0.145211 51.520715,-0.118677 51.5338", "From Portland Place, Marylebone to Killick Street, King's Cross"
"LINESTRING (-0.122219 51.51477,-0.118677 51.5338", "From Drury Lane, Covent Garden to Killick Street, King's Cross"
"LINESTRING (-0.139016 51.520994,-0.118677 51.5338", "From Howland Street, Fitzrovia to Killick Street, King's Cross"
"LINESTRING (-0.130431 51.52168,-0.118677 51.5338", "From Malet Street, Bloomsbury to Killick Street, King's Cross"
"LINESTRING (-0.176267 51.472876,-0.113134 51.483145", "From Vicarage Crescent, Battersea to Kennington Oval, Oval"
"LINESTRING (-0.133972 51.472993,-0.113134 51.483145", "From Union Grove, Wandsworth Road to Kennington Oval, Oval"
"LINESTRING (-0.170329 51.477684,-0.113134 51.483145", "From Westbridge Road, Battersea to Kennington Oval, Oval"
"LINESTRING (-0.132102 51.498125,-0.113134 51.483145", "From Abbey Orchard Street, Westminster to Kennington Oval, Oval"
"LINESTRING (-0.082422 51.516154,-0.113134 51.483145", "From Wormwood Street, Liverpool Street to Kennington Oval, Oval"
"LINESTRING (-0.163347 51.474392,-0.113134 51.483145", "From Albert Bridge Road, Battersea Park to Kennington Oval, Oval"
"LINESTRING (-0.081608 51.497855,-0.113134 51.483145", "From Bermondsey Street, Bermondsey to Kennington Oval, Oval"
"LINESTRING (-0.131961 51.508446,-0.113134 51.483145", "From Charles II Street, West End to Kennington Oval, Oval"
"LINESTRING (-0.132102 51.498125,-0.113134 51.483145", "From Abbey Orchard Street, Westminster to Kennington Oval, Oval"
"LINESTRING (-0.132102 51.498125,-0.113134 51.483145", "From Abbey Orchard Street, Westminster to Kennington Oval, Oval"
"LINESTRING (-0.136928 51.493985,-0.113134 51.483145", "From Vincent Square, Westminster to Kennington Oval, Oval"
"LINESTRING (-0.116625 51.486965,-0.113134 51.483145", "From Vauxhall Street, Vauxhall to Kennington Oval, Oval"
"LINESTRING (-0.110699 51.501444,-0.114605 51.495656", "From Baylis Road, Waterloo to Sail Street, Vauxhall"
"LINESTRING (-0.100791 51.518218,-0.114605 51.495656", "From West Smithfield Rotunda, Farringdon to Sail Street, Vauxhall"
"LINESTRING (-0.087587 51.514441,-0.114605 51.495656", "From Bank of England Museum, Bank to Sail Street, Vauxhall"
"LINESTRING (-0.13011 51.513527,-0.114605 51.495656", "From Moor Street, Soho to Sail Street, Vauxhall"
"LINESTRING (-0.129698 51.500703,-0.114605 51.495656", "From Storey's Gate, Westminster to Sail Street, Vauxhall"
"LINESTRING (-0.152317 51.499412,-0.114605 51.495656", "From Belgrave Square, Belgravia to Sail Street, Vauxhall"
"LINESTRING (-0.116625 51.486965,-0.114605 51.495656", "From Vauxhall Street, Vauxhall to Sail Street, Vauxhall"
"LINESTRING (-0.112031 51.49914,-0.114605 51.495656", "From Lambeth North Station, Waterloo to Sail Street, Vauxhall"
"LINESTRING (-0.111471 51.479601,-0.114605 51.495656", "From Cranmer Road, Stockwell to Sail Street, Vauxhall"
"LINESTRING (-0.148059 51.472865,-0.114605 51.495656", "From Silverthorne Road, Battersea to Sail Street, Vauxhall"
"LINESTRING (-0.115851 51.505044,-0.114605 51.495656", "From Concert Hall Approach 1, South Bank to Sail Street, Vauxhall"
"LINESTRING (-0.110699 51.501444,-0.114605 51.495656", "From Baylis Road, Waterloo to Sail Street, Vauxhall"
"LINESTRING (-0.110699 51.501444,-0.114605 51.495656", "From Baylis Road, Waterloo to Sail Street, Vauxhall"
"LINESTRING (-0.15352 51.503117,-0.114605 51.495656", "From Hyde Park Corner, Hyde Park to Sail Street, Vauxhall"
"LINESTRING (-0.104193 51.49605,-0.114605 51.495656", "From Gaywood  Street, Elephant & Castle to Sail Street, Vauxhall"
"LINESTRING (-0.027772 51.505703,-0.114605 51.495656", "From Westferry Circus, Canary Wharf to Sail Street, Vauxhall"
"LINESTRING (-0.0786 51.500647,-0.114605 51.495656", "From Tanner Street, Bermondsey to Sail Street, Vauxhall"
"LINESTRING (-0.104193 51.49605,-0.114605 51.495656", "From Gaywood  Street, Elephant & Castle to Sail Street, Vauxhall"
"LINESTRING (-0.147857 51.477966,-0.114605 51.495656", "From Gas Holders, Battersea Park to Sail Street, Vauxhall"
"LINESTRING (-0.152317 51.499412,-0.114605 51.495656", "From Belgrave Square, Belgravia to Sail Street, Vauxhall"
"LINESTRING (-0.138733 51.496753,-0.114605 51.495656", "From Howick Place, Westminster to Sail Street, Vauxhall"
"LINESTRING (-0.112031 51.49914,-0.114605 51.495656", "From Lambeth North Station, Waterloo to Sail Street, Vauxhall"
"LINESTRING (-0.13214 51.519572,-0.114605 51.495656", "From Store Street, Bloomsbury to Sail Street, Vauxhall"
"LINESTRING (-0.138846 51.510048,-0.114605 51.495656", "From Sackville Street, Mayfair to Sail Street, Vauxhall"
"LINESTRING (-0.205535 51.507481,-0.211358 51.510101", "From Lansdowne Road, Ladbroke Grove to Walmer Road, Avondale"
"LINESTRING (-0.169821 51.466633,-0.211358 51.510101", "From Falcon Road, Clapham Junction to Walmer Road, Avondale"
"LINESTRING (-0.202608 51.51632,-0.211358 51.510101", "From All Saints Church, Portobello to Walmer Road, Avondale"
"LINESTRING (-0.193764 51.508605,-0.211358 51.510101", "From Palace Gardens Terrace, Notting Hill to Walmer Road, Avondale"
"LINESTRING (-0.205535 51.507481,-0.211358 51.510101", "From Lansdowne Road, Ladbroke Grove to Walmer Road, Avondale"
"LINESTRING (-0.222293 51.501594,-0.211358 51.510101", "From Shepherd's Bush Road North, Shepherd's Bush to Walmer Road, Avondale"
"LINESTRING (-0.135635 51.488226,-0.211358 51.510101", "From St. George's Square, Pimlico to Walmer Road, Avondale"
"LINESTRING (-0.211358 51.510101,-0.211358 51.510101", "From Walmer Road, Avondale to Walmer Road, Avondale"
"LINESTRING (-0.191933 51.495866,-0.211358 51.510101", "From Lexham Gardens, Kensington to Walmer Road, Avondale"
"LINESTRING (-0.186753 51.491615,-0.211358 51.510101", "From Collingham Gardens, Earl's Court to Walmer Road, Avondale"
"LINESTRING (-0.205535 51.507481,-0.211358 51.510101", "From Lansdowne Road, Ladbroke Grove to Walmer Road, Avondale"
"LINESTRING (-0.196422 51.509353,-0.211358 51.510101", "From Notting Hill Gate Station, Notting Hill to Walmer Road, Avondale"
"LINESTRING (-0.196422 51.509353,-0.211358 51.510101", "From Notting Hill Gate Station, Notting Hill to Walmer Road, Avondale"
"LINESTRING (-0.205535 51.507481,-0.211358 51.510101", "From Lansdowne Road, Ladbroke Grove to Walmer Road, Avondale"
"LINESTRING (-0.204666 51.509591,-0.211358 51.510101", "From Lansdowne Walk, Ladbroke Grove to Walmer Road, Avondale"
"LINESTRING (-0.211358 51.510101,-0.211358 51.510101", "From Walmer Road, Avondale to Walmer Road, Avondale"
"LINESTRING (-0.073537 51.514233,-0.058641 51.515256", "From Braham Street, Aldgate to Philpot Street, Whitechapel"
"LINESTRING (-0.087459 51.528673,-0.058641 51.515256", "From East Road, Hoxton to Philpot Street, Whitechapel"
"LINESTRING (-0.07962 51.503493,-0.058641 51.515256", "From Tooley Street, Bermondsey to Philpot Street, Whitechapel"
"LINESTRING (-0.025996 51.509303,-0.058641 51.515256", "From Westferry DLR, Limehouse to Philpot Street, Whitechapel"
"LINESTRING (-0.051394 51.520893,-0.058641 51.515256", "From Cleveland Way, Stepney to Philpot Street, Whitechapel"
"LINESTRING (-0.079684 51.516468,-0.058641 51.515256", "From Devonshire Square, Liverpool Street to Philpot Street, Whitechapel"
"LINESTRING (-0.075375 51.528187,-0.058641 51.515256", "From Columbia Road, Shoreditch to Philpot Street, Whitechapel"
"LINESTRING (-0.092762 51.500296,-0.058641 51.515256", "From Swan Street, The Borough to Philpot Street, Whitechapel"
"LINESTRING (-0.068161 51.509786,-0.058641 51.515256", "From Dock Street, Wapping to Philpot Street, Whitechapel"
"LINESTRING (-0.069543 51.525645,-0.058641 51.515256", "From Granby Street, Shoreditch to Philpot Street, Whitechapel"
"LINESTRING (-0.058005 51.527152,-0.058641 51.515256", "From Pott Street, Bethnal Green to Philpot Street, Whitechapel"
"LINESTRING (-0.058826 51.54119,-0.058641 51.515256", "From London Fields, Hackney Central to Philpot Street, Whitechapel"
"LINESTRING (-0.09734 51.520841,-0.058641 51.515256", "From Aldersgate Street, Barbican to Philpot Street, Whitechapel"
"LINESTRING (-0.055894 51.528936,-0.058641 51.515256", "From York Hall, Bethnal Green to Philpot Street, Whitechapel"
"LINESTRING (-0.088285 51.519069,-0.058641 51.515256", "From Moorfields, Moorgate to Philpot Street, Whitechapel"
"LINESTRING (-0.071653 51.522617,-0.058641 51.515256", "From Brick Lane Market, Shoreditch to Philpot Street, Whitechapel"
"LINESTRING (-0.038775 51.516,-0.058641 51.515256", "From Aston Street, Stepney to Philpot Street, Whitechapel"
"LINESTRING (-0.093051 51.511246,-0.058641 51.515256", "From Queen Street 2, Bank to Philpot Street, Whitechapel"
"LINESTRING (-0.10834 51.52352,-0.055312 51.52568", "From Farringdon Lane, Clerkenwell to Bethnal Green Garden, Bethnal Green"
"LINESTRING (-0.13214 51.519572,-0.055312 51.52568", "From Store Street, Bloomsbury to Bethnal Green Garden, Bethnal Green"
"LINESTRING (-0.047218 51.526041,-0.055312 51.52568", "From Bancroft Road, Bethnal Green to Bethnal Green Garden, Bethnal Green"
"LINESTRING (-0.066035 51.531864,-0.055312 51.52568", "From Goldsmith's Row, Haggerston to Bethnal Green Garden, Bethnal Green"
"LINESTRING (-0.088542 51.527025,-0.055312 51.52568", "From Baldwin Street, St. Luke's to Bethnal Green Garden, Bethnal Green"
"LINESTRING (-0.047548 51.528869,-0.055312 51.52568", "From Globe Town Market, Bethnal Green to Bethnal Green Garden, Bethnal Green"
"LINESTRING (-0.036017 51.525941,-0.055312 51.52568", "From Clinton Road, Mile End to Bethnal Green Garden, Bethnal Green"
"LINESTRING (-0.063386 51.521905,-0.055312 51.52568", "From Selby Street, Whitechapel to Bethnal Green Garden, Bethnal Green"
"LINESTRING (-0.086016 51.53114,-0.055312 51.52568", "From New North Road 2, Hoxton to Bethnal Green Garden, Bethnal Green"
"LINESTRING (-0.079684 51.516468,-0.055312 51.52568", "From Devonshire Square, Liverpool Street to Bethnal Green Garden, Bethnal Green"
"LINESTRING (-0.055312 51.52568,-0.055312 51.52568", "From Bethnal Green Garden, Bethnal Green to Bethnal Green Garden, Bethnal Green"
"LINESTRING (-0.069542 51.512363,-0.055312 51.52568", "From Leman Street, Aldgate to Bethnal Green Garden, Bethnal Green"
"LINESTRING (-0.06111 51.518675,-0.055312 51.52568", "From Royal London Hospital, Whitechapel to Bethnal Green Garden, Bethnal Green"
"LINESTRING (-0.088542 51.527025,-0.055312 51.52568", "From Baldwin Street, St. Luke's to Bethnal Green Garden, Bethnal Green"
"LINESTRING (-0.020157 51.499041,-0.055312 51.52568", "From Lightermans Road, Millwall to Bethnal Green Garden, Bethnal Green"
"LINESTRING (-0.055656 51.514222,-0.055312 51.52568", "From Watney Market, Stepney to Bethnal Green Garden, Bethnal Green"
"LINESTRING (-0.070542 51.505697,-0.055312 51.52568", "From St. Katharine's Way, Tower to Bethnal Green Garden, Bethnal Green"
"LINESTRING (-0.051394 51.520893,-0.055312 51.52568", "From Cleveland Way, Stepney to Bethnal Green Garden, Bethnal Green"
"LINESTRING (-0.068161 51.509786,-0.055312 51.52568", "From Dock Street, Wapping to Bethnal Green Garden, Bethnal Green"
"LINESTRING (-0.028155 51.533283,-0.065076 51.52388", "From Hewison Street, Old Ford to Cheshire Street, Bethnal Green"
"LINESTRING (-0.058826 51.54119,-0.065076 51.52388", "From London Fields, Hackney Central to Cheshire Street, Bethnal Green"
"LINESTRING (-0.074284 51.539328,-0.065076 51.52388", "From Haggerston Road, Haggerston to Cheshire Street, Bethnal Green"
"LINESTRING (-0.042744 51.530326,-0.065076 51.52388", "From Twig Folly Bridge, Mile End to Cheshire Street, Bethnal Green"
"LINESTRING (-0.06142 51.532091,-0.065076 51.52388", "From Pritchard's Road, Bethnal Green to Cheshire Street, Bethnal Green"
"LINESTRING (-0.074754 51.523648,-0.065076 51.52388", "From Bethnal Green Road, Shoreditch to Cheshire Street, Bethnal Green"
"LINESTRING (-0.055312 51.52568,-0.065076 51.52388", "From Bethnal Green Garden, Bethnal Green to Cheshire Street, Bethnal Green"
"LINESTRING (-0.107927 51.513821,-0.065076 51.52388", "From Bouverie Street, Temple to Cheshire Street, Bethnal Green"
"LINESTRING (-0.042744 51.530326,-0.065076 51.52388", "From Twig Folly Bridge, Mile End to Cheshire Street, Bethnal Green"
"LINESTRING (-0.089887 51.520858,-0.065076 51.52388", "From Bunhill Row, Moorgate to Cheshire Street, Bethnal Green"
"LINESTRING (-0.089887 51.520858,-0.065076 51.52388", "From Bunhill Row, Moorgate to Cheshire Street, Bethnal Green"
"LINESTRING (-0.104298 51.526717,-0.065076 51.52388", "From Finsbury Library , Finsbury to Cheshire Street, Bethnal Green"
"LINESTRING (-0.06142 51.532091,-0.065076 51.52388", "From Pritchard's Road, Bethnal Green to Cheshire Street, Bethnal Green"
"LINESTRING (-0.074431 51.519362,-0.065076 51.52388", "From Fournier Street, Whitechapel to Cheshire Street, Bethnal Green"
"LINESTRING (-0.056667 51.511542,-0.065076 51.52388", "From Watney Street, Shadwell to Cheshire Street, Bethnal Green"
"LINESTRING (-0.074754 51.523648,-0.065076 51.52388", "From Bethnal Green Road, Shoreditch to Cheshire Street, Bethnal Green"
"LINESTRING (-0.066035 51.531864,-0.065076 51.52388", "From Goldsmith's Row, Haggerston to Cheshire Street, Bethnal Green"
"LINESTRING (-0.124749 51.509462,-0.065076 51.52388", "From William IV Street, Strand to Cheshire Street, Bethnal Green"
"LINESTRING (-0.083353 51.529537,-0.065076 51.52388", "From Fanshaw Street, Hoxton to Cheshire Street, Bethnal Green"
"LINESTRING (-0.087459 51.528673,-0.065076 51.52388", "From East Road, Hoxton to Cheshire Street, Bethnal Green"
"LINESTRING (-0.066035 51.531864,-0.065076 51.52388", "From Goldsmith's Row, Haggerston to Cheshire Street, Bethnal Green"
"LINESTRING (-0.074754 51.523648,-0.065076 51.52388", "From Bethnal Green Road, Shoreditch to Cheshire Street, Bethnal Green"
"LINESTRING (-0.089887 51.520858,-0.065076 51.52388", "From Bunhill Row, Moorgate to Cheshire Street, Bethnal Green"
"LINESTRING (-0.079249 51.518908,-0.065076 51.52388", "From Brushfield Street, Liverpool Street to Cheshire Street, Bethnal Green"
"LINESTRING (-0.124749 51.509462,-0.065076 51.52388", "From William IV Street, Strand to Cheshire Street, Bethnal Green"
"LINESTRING (-0.08249 51.53558,-0.065076 51.52388", "From Pitfield Street North,Hoxton to Cheshire Street, Bethnal Green"
"LINESTRING (-0.082422 51.516154,-0.065076 51.52388", "From Wormwood Street, Liverpool Street to Cheshire Street, Bethnal Green"
"LINESTRING (-0.079249 51.518908,-0.065076 51.52388", "From Brushfield Street, Liverpool Street to Cheshire Street, Bethnal Green"
"LINESTRING (-0.075885 51.536585,-0.065076 51.52388", "From Dunston Road , Haggerston to Cheshire Street, Bethnal Green"
"LINESTRING (-0.086379 51.534042,-0.065076 51.52388", "From Shoreditch Park, Hoxton to Cheshire Street, Bethnal Green"
"LINESTRING (-0.075578 51.52127,-0.065076 51.52388", "From Commercial Street, Shoreditch to Cheshire Street, Bethnal Green"
"LINESTRING (-0.048017 51.531127,-0.055894 51.528936", "From Old Ford Road, Bethnal Green to York Hall, Bethnal Green"
"LINESTRING (-0.06142 51.532091,-0.055894 51.528936", "From Pritchard's Road, Bethnal Green to York Hall, Bethnal Green"
"LINESTRING (-0.051394 51.520893,-0.055894 51.528936", "From Cleveland Way, Stepney to York Hall, Bethnal Green"
"LINESTRING (-0.131773 51.506633,-0.055894 51.528936", "From Waterloo Place, St. James's to York Hall, Bethnal Green"
"LINESTRING (-0.01051 51.54094,-0.055894 51.528936", "From Aquatic Centre, Queen Elizabeth Olympic Park to York Hall, Bethnal Green"
"LINESTRING (-0.089887 51.520858,-0.055894 51.528936", "From Bunhill Row, Moorgate to York Hall, Bethnal Green"
"LINESTRING (-0.049067 51.51563,-0.055894 51.528936", "From Aylward Street, Stepney to York Hall, Bethnal Green"
"LINESTRING (-0.087459 51.528673,-0.055894 51.528936", "From East Road, Hoxton to York Hall, Bethnal Green"
"LINESTRING (-0.074284 51.539328,-0.055894 51.528936", "From Haggerston Road, Haggerston to York Hall, Bethnal Green"
"LINESTRING (-0.051394 51.520893,-0.055894 51.528936", "From Cleveland Way, Stepney to York Hall, Bethnal Green"
"LINESTRING (-0.042744 51.530326,-0.055894 51.528936", "From Twig Folly Bridge, Mile End to York Hall, Bethnal Green"
"LINESTRING (-0.058826 51.54119,-0.055894 51.528936", "From London Fields, Hackney Central to York Hall, Bethnal Green"
"LINESTRING (-0.037366 51.534137,-0.055894 51.528936", "From Driffield Road, Old Ford to York Hall, Bethnal Green"
"LINESTRING (-0.055656 51.514222,-0.055894 51.528936", "From Watney Market, Stepney to York Hall, Bethnal Green"
"LINESTRING (-0.027772 51.505703,-0.055894 51.528936", "From Westferry Circus, Canary Wharf to York Hall, Bethnal Green"
"LINESTRING (-0.054162 51.536424,-0.055894 51.528936", "From Victoria Park Road, Hackney Central to York Hall, Bethnal Green"
"LINESTRING (-0.037366 51.534137,-0.055894 51.528936", "From Driffield Road, Old Ford to York Hall, Bethnal Green"
"LINESTRING (-0.054162 51.536424,-0.055894 51.528936", "From Victoria Park Road, Hackney Central to York Hall, Bethnal Green"
"LINESTRING (-0.07023 51.536654,-0.055894 51.528936", "From Belford House, Haggerston to York Hall, Bethnal Green"
"LINESTRING (-0.03338 51.535179,-0.055894 51.528936", "From Gunmakers Lane, Old Ford to York Hall, Bethnal Green"
"LINESTRING (-0.055894 51.528936,-0.055894 51.528936", "From York Hall, Bethnal Green to York Hall, Bethnal Green"
"LINESTRING (-0.059091 51.528692,-0.055894 51.528936", "From Clarkson Street, Bethnal Green to York Hall, Bethnal Green"
"LINESTRING (-0.03338 51.535179,-0.055894 51.528936", "From Gunmakers Lane, Old Ford to York Hall, Bethnal Green"
"LINESTRING (-0.055894 51.528936,-0.055894 51.528936", "From York Hall, Bethnal Green to York Hall, Bethnal Green"
"LINESTRING (-0.066035 51.531864,-0.055894 51.528936", "From Goldsmith's Row, Haggerston to York Hall, Bethnal Green"
"LINESTRING (-0.074754 51.523648,-0.055894 51.528936", "From Bethnal Green Road, Shoreditch to York Hall, Bethnal Green"
"LINESTRING (-0.075885 51.536585,-0.055894 51.528936", "From Dunston Road , Haggerston to York Hall, Bethnal Green"
"LINESTRING (-0.06142 51.532091,-0.055894 51.528936", "From Pritchard's Road, Bethnal Green to York Hall, Bethnal Green"
"LINESTRING (-0.079684 51.516468,-0.055894 51.528936", "From Devonshire Square, Liverpool Street to York Hall, Bethnal Green"
"LINESTRING (-0.007542 51.493381,-0.007542 51.493381", "From Jubilee Crescent, Cubitt Town to Jubilee Crescent, Cubitt Town"
"LINESTRING (-0.009205 51.489096,-0.007542 51.493381", "From Stebondale Street, Cubitt Town to Jubilee Crescent, Cubitt Town"
"LINESTRING (-0.017676 51.503083,-0.007542 51.493381", "From Upper Bank Street, Canary Wharf to Jubilee Crescent, Cubitt Town"
"LINESTRING (-0.009001 51.487129,-0.007542 51.493381", "From Saunders Ness Road, Cubitt Town to Jubilee Crescent, Cubitt Town"
"LINESTRING (-0.025996 51.509303,-0.007542 51.493381", "From Westferry DLR, Limehouse to Jubilee Crescent, Cubitt Town"
"LINESTRING (-0.009506 51.496454,-0.007542 51.493381", "From St. John's Park, Cubitt Town to Jubilee Crescent, Cubitt Town"
"LINESTRING (-0.053558 51.511066,-0.007542 51.493381", "From Sutton Street, Shadwell to Jubilee Crescent, Cubitt Town"
"LINESTRING (-0.009205 51.489096,-0.007542 51.493381", "From Stebondale Street, Cubitt Town to Jubilee Crescent, Cubitt Town"
"LINESTRING (-0.020068 51.50357,-0.007542 51.493381", "From Jubilee Plaza, Canary Wharf to Jubilee Crescent, Cubitt Town"
"LINESTRING (-0.068161 51.509786,-0.02296 51.50623", "From Dock Street, Wapping to Fisherman's Walk West, Canary Wharf"
"LINESTRING (-0.029138 51.516196,-0.02296 51.50623", "From Burdett Road, Mile End to Fisherman's Walk West, Canary Wharf"
"LINESTRING (-0.058631 51.524583,-0.02296 51.50623", "From Finnis Street, Bethnal Green to Fisherman's Walk West, Canary Wharf"
"LINESTRING (-0.179135 51.516417,-0.02296 51.50623", "From Eastbourne Mews, Paddington to Fisherman's Walk West, Canary Wharf"
"LINESTRING (-0.029138 51.516196,-0.02296 51.50623", "From Burdett Road, Mile End to Fisherman's Walk West, Canary Wharf"
"LINESTRING (-0.02296 51.50623,-0.02296 51.50623", "From Fisherman's Walk West, Canary Wharf to Fisherman's Walk West, Canary Wharf"
"LINESTRING (-0.011889 51.538718,-0.02296 51.50623", "From Podium, Queen Elizabeth Olympic Park to Fisherman's Walk West, Canary Wharf"
"LINESTRING (-0.058681 51.506946,-0.02296 51.50623", "From Reardon Street, Wapping to Fisherman's Walk West, Canary Wharf"
"LINESTRING (-0.0786 51.500647,-0.02296 51.50623", "From Tanner Street, Bermondsey to Fisherman's Walk West, Canary Wharf"
"LINESTRING (-0.02296 51.50623,-0.02296 51.50623", "From Fisherman's Walk West, Canary Wharf to Fisherman's Walk West, Canary Wharf"
"LINESTRING (-0.020467 51.513757,-0.02296 51.50623", "From Lindfield Street, Poplar to Fisherman's Walk West, Canary Wharf"
"LINESTRING (-0.020467 51.513757,-0.02296 51.50623", "From Lindfield Street, Poplar to Fisherman's Walk West, Canary Wharf"
"LINESTRING (-0.098031 51.505224,-0.02296 51.50623", "From Lavington Street, Bankside to Fisherman's Walk West, Canary Wharf"
"LINESTRING (-0.016251 51.50196,-0.02296 51.50623", "From South Quay East, Canary Wharf to Fisherman's Walk West, Canary Wharf"
"LINESTRING (-0.069542 51.512363,-0.02296 51.50623", "From Leman Street, Aldgate to Fisherman's Walk West, Canary Wharf"
"LINESTRING (-0.179702 51.499428,-0.02296 51.50623", "From Imperial College, Knightsbridge to Fisherman's Walk West, Canary Wharf"
"LINESTRING (-0.069543 51.525645,-0.02296 51.50623", "From Granby Street, Shoreditch to Fisherman's Walk West, Canary Wharf"
"LINESTRING (-0.109025 51.534408,-0.02296 51.50623", "From Cloudesley Road, Angel to Fisherman's Walk West, Canary Wharf"
"LINESTRING (-0.087587 51.514441,-0.02296 51.50623", "From Bank of England Museum, Bank to Fisherman's Walk West, Canary Wharf"
"LINESTRING (-0.025996 51.509303,-0.02296 51.50623", "From Westferry DLR, Limehouse to Fisherman's Walk West, Canary Wharf"
"LINESTRING (-0.093051 51.511246,-0.02296 51.50623", "From Queen Street 2, Bank to Fisherman's Walk West, Canary Wharf"
"LINESTRING (-0.053177 51.515975,-0.02296 51.50623", "From Jubilee Street, Stepney to Fisherman's Walk West, Canary Wharf"
"LINESTRING (-0.032566 51.520597,-0.02296 51.50623", "From Mile End Park Leisure Centre, Mile End to Fisherman's Walk West, Canary Wharf"
"LINESTRING (-0.098341 51.505409,-0.02296 51.50623", "From Southwark Street, Bankside to Fisherman's Walk West, Canary Wharf"
"LINESTRING (-0.179702 51.499428,-0.02296 51.50623", "From Imperial College, Knightsbridge to Fisherman's Walk West, Canary Wharf"
"LINESTRING (-0.067937 51.51793,-0.02296 51.50623", "From Old Montague Street, Whitechapel to Fisherman's Walk West, Canary Wharf"
"LINESTRING (-0.098497 51.503688,-0.02296 51.50623", "From Union Street, The Borough to Fisherman's Walk West, Canary Wharf"
"LINESTRING (-0.032566 51.520597,-0.02296 51.50623", "From Mile End Park Leisure Centre, Mile End to Fisherman's Walk West, Canary Wharf"
"LINESTRING (-0.028941 51.542118,-0.02296 51.50623", "From Cadogan Close, Victoria Park to Fisherman's Walk West, Canary Wharf"
"LINESTRING (-0.179702 51.499428,-0.02296 51.50623", "From Imperial College, Knightsbridge to Fisherman's Walk West, Canary Wharf"
"LINESTRING (-0.034903 51.518541,-0.02296 51.50623", "From Mile End Stadium, Mile End to Fisherman's Walk West, Canary Wharf"
"LINESTRING (-0.179702 51.499428,-0.02296 51.50623", "From Imperial College, Knightsbridge to Fisherman's Walk West, Canary Wharf"
"LINESTRING (-0.042744 51.530326,-0.02296 51.50623", "From Twig Folly Bridge, Mile End to Fisherman's Walk West, Canary Wharf"
"LINESTRING (-0.002275 51.509474,-0.057159 51.511088", "From East India DLR, Blackwall to Shadwell Station, Shadwell"
"LINESTRING (-0.107927 51.513821,-0.057159 51.511088", "From Bouverie Street, Temple to Shadwell Station, Shadwell"
"LINESTRING (-0.057159 51.511088,-0.057159 51.511088", "From Shadwell Station, Shadwell to Shadwell Station, Shadwell"
"LINESTRING (-0.057159 51.511088,-0.057159 51.511088", "From Shadwell Station, Shadwell to Shadwell Station, Shadwell"
"LINESTRING (-0.017676 51.503083,-0.057159 51.511088", "From Upper Bank Street, Canary Wharf to Shadwell Station, Shadwell"
"LINESTRING (-0.086685 51.517075,-0.057159 51.511088", "From Finsbury Circus, Liverpool Street to Shadwell Station, Shadwell"
"LINESTRING (-0.105344 51.515059,-0.057159 51.511088", "From St. Bride Street, Holborn to Shadwell Station, Shadwell"
"LINESTRING (-0.075459 51.509506,-0.057159 51.511088", "From Tower Gardens , Tower to Shadwell Station, Shadwell"
"LINESTRING (-0.082989 51.510484,-0.057159 51.511088", "From Great Tower Street, Monument to Shadwell Station, Shadwell"
"LINESTRING (-0.058826 51.54119,-0.057159 51.511088", "From London Fields, Hackney Central to Shadwell Station, Shadwell"
"LINESTRING (-0.058681 51.506946,-0.057159 51.511088", "From Reardon Street, Wapping to Shadwell Station, Shadwell"
"LINESTRING (-0.067937 51.51793,-0.057159 51.511088", "From Old Montague Street, Whitechapel to Shadwell Station, Shadwell"
"LINESTRING (-0.117495 51.498241,-0.057159 51.511088", "From Archbishop's Park, Waterloo to Shadwell Station, Shadwell"
"LINESTRING (-0.008428 51.503143,-0.057159 51.511088", "From Lancaster Drive, Blackwall to Shadwell Station, Shadwell"
"LINESTRING (-0.082989 51.510484,-0.057159 51.511088", "From Great Tower Street, Monument to Shadwell Station, Shadwell"
"LINESTRING (-0.017676 51.503083,-0.057159 51.511088", "From Upper Bank Street, Canary Wharf to Shadwell Station, Shadwell"
"LINESTRING (-0.142943 51.496863,-0.057159 51.511088", "From Allington Street, Victoria to Shadwell Station, Shadwell"
"LINESTRING (-0.009001 51.487129,-0.057159 51.511088", "From Saunders Ness Road, Cubitt Town to Shadwell Station, Shadwell"
"LINESTRING (-0.075855 51.517475,-0.057159 51.511088", "From Bell Lane, Liverpool Street to Shadwell Station, Shadwell"
"LINESTRING (-0.09885 51.515418,-0.057159 51.511088", "From Newgate Street , St. Paul's to Shadwell Station, Shadwell"
"LINESTRING (-0.027772 51.505703,-0.057159 51.511088", "From Westferry Circus, Canary Wharf to Shadwell Station, Shadwell"
"LINESTRING (-0.057159 51.511088,-0.057159 51.511088", "From Shadwell Station, Shadwell to Shadwell Station, Shadwell"
"LINESTRING (-0.082989 51.510484,-0.057159 51.511088", "From Great Tower Street, Monument to Shadwell Station, Shadwell"
"LINESTRING (-0.08497 51.50964,-0.057159 51.511088", "From Monument Street, Monument to Shadwell Station, Shadwell"
"LINESTRING (-0.047784 51.51328,-0.057159 51.511088", "From Albert Gardens, Stepney to Shadwell Station, Shadwell"
"LINESTRING (-0.008428 51.503143,-0.057159 51.511088", "From Lancaster Drive, Blackwall to Shadwell Station, Shadwell"
"LINESTRING (-0.017676 51.503083,-0.057159 51.511088", "From Upper Bank Street, Canary Wharf to Shadwell Station, Shadwell"
"LINESTRING (-0.063531 51.504719,-0.057159 51.511088", "From Hermitage Court, Wapping to Shadwell Station, Shadwell"
"LINESTRING (-0.017676 51.503083,-0.057159 51.511088", "From Upper Bank Street, Canary Wharf to Shadwell Station, Shadwell"
"LINESTRING (-0.043371 51.518369,-0.057159 51.511088", "From Rectory Square, Stepney to Shadwell Station, Shadwell"
"LINESTRING (-0.053558 51.511066,-0.057159 51.511088", "From Sutton Street, Shadwell to Shadwell Station, Shadwell"
"LINESTRING (-0.082989 51.510484,-0.057159 51.511088", "From Great Tower Street, Monument to Shadwell Station, Shadwell"
"LINESTRING (-0.058681 51.506946,-0.057159 51.511088", "From Reardon Street, Wapping to Shadwell Station, Shadwell"
"LINESTRING (-0.077121 51.511594,-0.057159 51.511088", "From Crosswall, Tower to Shadwell Station, Shadwell"
"LINESTRING (-0.098497 51.503688,-0.057159 51.511088", "From Union Street, The Borough to Shadwell Station, Shadwell"
"LINESTRING (-0.067937 51.51793,-0.057159 51.511088", "From Old Montague Street, Whitechapel to Shadwell Station, Shadwell"
"LINESTRING (-0.129698 51.500703,-0.057159 51.511088", "From Storey's Gate, Westminster to Shadwell Station, Shadwell"
"LINESTRING (-0.07962 51.503493,-0.057159 51.511088", "From Tooley Street, Bermondsey to Shadwell Station, Shadwell"
"LINESTRING (-0.070133 51.515231,-0.057159 51.511088", "From Central House, Whitechapel to Shadwell Station, Shadwell"
"LINESTRING (-0.057159 51.511088,-0.057159 51.511088", "From Shadwell Station, Shadwell to Shadwell Station, Shadwell"
"LINESTRING (-0.066078 51.514924,-0.053177 51.515975", "From LMU Commercial Road, Whitechapel to Jubilee Street, Stepney"
"LINESTRING (-0.098807 51.506725,-0.053177 51.515975", "From Tate Modern, Bankside to Jubilee Street, Stepney"
"LINESTRING (-0.084439 51.524696,-0.053177 51.515975", "From Leonard Circus , Shoreditch to Jubilee Street, Stepney"
"LINESTRING (-0.017676 51.503083,-0.053177 51.515975", "From Upper Bank Street, Canary Wharf to Jubilee Street, Stepney"
"LINESTRING (-0.07813 51.526377,-0.053177 51.515975", "From Shoreditch High Street, Shoreditch to Jubilee Street, Stepney"
"LINESTRING (-0.07962 51.503493,-0.053177 51.515975", "From Tooley Street, Bermondsey to Jubilee Street, Stepney"
"LINESTRING (-0.038775 51.516,-0.053177 51.515975", "From Aston Street, Stepney to Jubilee Street, Stepney"
"LINESTRING (-0.056667 51.511542,-0.053177 51.515975", "From Watney Street, Shadwell to Jubilee Street, Stepney"
"LINESTRING (-0.021596 51.502661,-0.053177 51.515975", "From Heron Quays DLR, Canary Wharf to Jubilee Street, Stepney"
"LINESTRING (-0.05438 51.520019,-0.053177 51.515975", "From Ansell House, Stepney to Jubilee Street, Stepney"
"LINESTRING (-0.084605 51.521283,-0.053177 51.515975", "From Christopher Street, Liverpool Street to Jubilee Street, Stepney"
"LINESTRING (-0.084439 51.524696,-0.053177 51.515975", "From Leonard Circus , Shoreditch to Jubilee Street, Stepney"
"LINESTRING (-0.06142 51.532091,-0.053177 51.515975", "From Pritchard's Road, Bethnal Green to Jubilee Street, Stepney"
"LINESTRING (-0.05438 51.520019,-0.053177 51.515975", "From Ansell House, Stepney to Jubilee Street, Stepney"
"LINESTRING (-0.049591 51.53341,-0.053177 51.515975", "From Bonner Gate, Victoria Park to Jubilee Street, Stepney"
"LINESTRING (-0.06555 51.528681,-0.053177 51.515975", "From Durant Street, Bethnal Green to Jubilee Street, Stepney"
"LINESTRING (-0.022793 51.497304,-0.053177 51.515975", "From Alpha Grove, Millwall to Jubilee Street, Stepney"
"LINESTRING (-0.085634 51.520962,-0.063531 51.504719", "From Finsbury Square , Moorgate to Hermitage Court, Wapping"
"LINESTRING (-0.104708 51.52326,-0.063531 51.504719", "From Clerkenwell Green, Clerkenwell to Hermitage Court, Wapping"
"LINESTRING (-0.093051 51.511246,-0.063531 51.504719", "From Queen Street 2, Bank to Hermitage Court, Wapping"
"LINESTRING (-0.12335 51.51746,-0.063531 51.504719", "From Bury Place, Holborn to Hermitage Court, Wapping"
"LINESTRING (-0.096518 51.491327,-0.063531 51.504719", "From Walworth Square, Walworth to Hermitage Court, Wapping"
"LINESTRING (-0.06691 51.507131,-0.063531 51.504719", "From Nesham Street, Wapping to Hermitage Court, Wapping"
"LINESTRING (-0.07962 51.503493,-0.063531 51.504719", "From Tooley Street, Bermondsey to Hermitage Court, Wapping"
"LINESTRING (-0.089887 51.520858,-0.063531 51.504719", "From Bunhill Row, Moorgate to Hermitage Court, Wapping"
"LINESTRING (-0.106823 51.508033,-0.063531 51.504719", "From Sea Containers, South Bank to Hermitage Court, Wapping"
"LINESTRING (-0.08497 51.50964,-0.063531 51.504719", "From Monument Street, Monument to Hermitage Court, Wapping"
"LINESTRING (-0.063531 51.504719,-0.063531 51.504719", "From Hermitage Court, Wapping to Hermitage Court, Wapping"
"LINESTRING (-0.115156 51.489479,-0.063531 51.504719", "From Sancroft Street, Vauxhall to Hermitage Court, Wapping"
"LINESTRING (-0.120202 51.523346,-0.063531 51.504719", "From Guilford Street , Bloomsbury to Hermitage Court, Wapping"
"LINESTRING (-0.091401 51.518093,-0.063531 51.504719", "From Fore Street Avenue, Guildhall to Hermitage Court, Wapping"
"LINESTRING (-0.088285 51.519069,-0.063531 51.504719", "From Moorfields, Moorgate to Hermitage Court, Wapping"
"LINESTRING (-0.057544 51.504749,-0.063531 51.504719", "From Wapping Lane, Wapping to Hermitage Court, Wapping"
"LINESTRING (-0.069542 51.512363,-0.063531 51.504719", "From Leman Street, Aldgate to Hermitage Court, Wapping"
"LINESTRING (-0.074189 51.502279,-0.063531 51.504719", "From Curlew Street, Shad Thames to Hermitage Court, Wapping"
"LINESTRING (-0.018703 51.528169,-0.063531 51.504719", "From Bow Church Station, Bow to Hermitage Court, Wapping"
"LINESTRING (-0.056667 51.511542,-0.063531 51.504719", "From Watney Street, Shadwell to Hermitage Court, Wapping"
"LINESTRING (-0.082989 51.510484,-0.063531 51.504719", "From Great Tower Street, Monument to Hermitage Court, Wapping"
"LINESTRING (-0.070542 51.505697,-0.063531 51.504719", "From St. Katharine's Way, Tower to Hermitage Court, Wapping"
"LINESTRING (-0.121328 51.517606,-0.063531 51.504719", "From Southampton Place, Holborn to Hermitage Court, Wapping"
"LINESTRING (-0.07962 51.503493,-0.063531 51.504719", "From Tooley Street, Bermondsey to Hermitage Court, Wapping"
"LINESTRING (-0.075855 51.517475,-0.070542 51.505697", "From Bell Lane, Liverpool Street to St. Katharine's Way, Tower"
"LINESTRING (-0.063531 51.504719,-0.070542 51.505697", "From Hermitage Court, Wapping to St. Katharine's Way, Tower"
"LINESTRING (-0.075855 51.517475,-0.070542 51.505697", "From Bell Lane, Liverpool Street to St. Katharine's Way, Tower"
"LINESTRING (-0.057544 51.504749,-0.070542 51.505697", "From Wapping Lane, Wapping to St. Katharine's Way, Tower"
"LINESTRING (-0.113001 51.50486,-0.070542 51.505697", "From Waterloo Road, South Bank to St. Katharine's Way, Tower"
"LINESTRING (-0.075459 51.509506,-0.070542 51.505697", "From Tower Gardens , Tower to St. Katharine's Way, Tower"
"LINESTRING (-0.053558 51.511066,-0.070542 51.505697", "From Sutton Street, Shadwell to St. Katharine's Way, Tower"
"LINESTRING (-0.074431 51.519362,-0.070542 51.505697", "From Fournier Street, Whitechapel to St. Katharine's Way, Tower"
"LINESTRING (-0.13011 51.513527,-0.070542 51.505697", "From Moor Street, Soho to St. Katharine's Way, Tower"
"LINESTRING (-0.075855 51.517475,-0.070542 51.505697", "From Bell Lane, Liverpool Street to St. Katharine's Way, Tower"
"LINESTRING (-0.057159 51.511088,-0.070542 51.505697", "From Shadwell Station, Shadwell to St. Katharine's Way, Tower"
"LINESTRING (-0.063471 51.497995,-0.070542 51.505697", "From Bermondsey Station, Bermondsey to St. Katharine's Way, Tower"
"LINESTRING (-0.057544 51.504749,-0.070542 51.505697", "From Wapping Lane, Wapping to St. Katharine's Way, Tower"
"LINESTRING (-0.06797 51.504904,-0.070542 51.505697", "From Wapping High Street, Wapping to St. Katharine's Way, Tower"
"LINESTRING (-0.110699 51.501444,-0.070542 51.505697", "From Baylis Road, Waterloo to St. Katharine's Way, Tower"
"LINESTRING (-0.075855 51.517475,-0.070542 51.505697", "From Bell Lane, Liverpool Street to St. Katharine's Way, Tower"
"LINESTRING (-0.058681 51.506946,-0.070542 51.505697", "From Reardon Street, Wapping to St. Katharine's Way, Tower"
"LINESTRING (-0.075459 51.509506,-0.070542 51.505697", "From Tower Gardens , Tower to St. Katharine's Way, Tower"
"LINESTRING (-0.058681 51.506946,-0.070542 51.505697", "From Reardon Street, Wapping to St. Katharine's Way, Tower"
"LINESTRING (-0.053558 51.511066,-0.070542 51.505697", "From Sutton Street, Shadwell to St. Katharine's Way, Tower"
"LINESTRING (-0.075855 51.517475,-0.070542 51.505697", "From Bell Lane, Liverpool Street to St. Katharine's Way, Tower"
"LINESTRING (-0.077121 51.511594,-0.070542 51.505697", "From Crosswall, Tower to St. Katharine's Way, Tower"
"LINESTRING (-0.075855 51.517475,-0.070542 51.505697", "From Bell Lane, Liverpool Street to St. Katharine's Way, Tower"
"LINESTRING (-0.091773 51.504627,-0.055167 51.508447", "From Hop Exchange, The Borough to Garnet Street, Shadwell"
"LINESTRING (-0.012413 51.508896,-0.055167 51.508447", "From Newby Place, Poplar to Garnet Street, Shadwell"
"LINESTRING (-0.06691 51.507131,-0.055167 51.508447", "From Nesham Street, Wapping to Garnet Street, Shadwell"
"LINESTRING (-0.055167 51.508447,-0.055167 51.508447", "From Garnet Street, Shadwell to Garnet Street, Shadwell"
"LINESTRING (-0.06111 51.518675,-0.055167 51.508447", "From Royal London Hospital, Whitechapel to Garnet Street, Shadwell"
"LINESTRING (-0.078869 51.521113,-0.055167 51.508447", "From Norton Folgate, Liverpool Street to Garnet Street, Shadwell"
"LINESTRING (-0.077178 51.514449,-0.055167 51.508447", "From Houndsditch, Aldgate to Garnet Street, Shadwell"
"LINESTRING (-0.06691 51.507131,-0.055167 51.508447", "From Nesham Street, Wapping to Garnet Street, Shadwell"
"LINESTRING (-0.06691 51.507131,-0.055167 51.508447", "From Nesham Street, Wapping to Garnet Street, Shadwell"
"LINESTRING (-0.069542 51.512363,-0.055167 51.508447", "From Leman Street, Aldgate to Garnet Street, Shadwell"
"LINESTRING (-0.117619 51.509943,-0.055167 51.508447", "From Somerset House, Strand to Garnet Street, Shadwell"
"LINESTRING (-0.01646 51.505772,-0.055167 51.508447", "From Import Dock, Canary Wharf to Garnet Street, Shadwell"
"LINESTRING (-0.079249 51.518908,-0.055167 51.508447", "From Brushfield Street, Liverpool Street to Garnet Street, Shadwell"
"LINESTRING (-0.06111 51.518675,-0.055167 51.508447", "From Royal London Hospital, Whitechapel to Garnet Street, Shadwell"
"LINESTRING (-0.06691 51.507131,-0.055167 51.508447", "From Nesham Street, Wapping to Garnet Street, Shadwell"
"LINESTRING (-0.075459 51.509506,-0.055167 51.508447", "From Tower Gardens , Tower to Garnet Street, Shadwell"
"LINESTRING (-0.09885 51.515418,-0.021582 51.487679", "From Newgate Street , St. Paul's to Napier Avenue, Millwall"
"LINESTRING (-0.073537 51.514233,-0.021582 51.487679", "From Braham Street, Aldgate to Napier Avenue, Millwall"
"LINESTRING (-0.025996 51.509303,-0.021582 51.487679", "From Westferry DLR, Limehouse to Napier Avenue, Millwall"
"LINESTRING (-0.07962 51.503493,-0.021582 51.487679", "From Tooley Street, Bermondsey to Napier Avenue, Millwall"
"LINESTRING (-0.077121 51.511594,-0.021582 51.487679", "From Crosswall, Tower to Napier Avenue, Millwall"
"LINESTRING (-0.020157 51.499041,-0.014409 51.49447", "From Lightermans Road, Millwall to East Ferry Road, Cubitt Town"
"LINESTRING (-0.021596 51.502661,-0.014409 51.49447", "From Heron Quays DLR, Canary Wharf to East Ferry Road, Cubitt Town"
"LINESTRING (-0.023565 51.515427,-0.014409 51.49447", "From Stainsby Road , Poplar to East Ferry Road, Cubitt Town"
"LINESTRING (-0.038557 51.541515,-0.014409 51.49447", "From Gascoyne Road, Victoria Park to East Ferry Road, Cubitt Town"
"LINESTRING (-0.021596 51.502661,-0.014409 51.49447", "From Heron Quays DLR, Canary Wharf to East Ferry Road, Cubitt Town"
"LINESTRING (-0.021596 51.502661,-0.014409 51.49447", "From Heron Quays DLR, Canary Wharf to East Ferry Road, Cubitt Town"
"LINESTRING (-0.139016 51.520994,-0.144664 51.538071", "From Howland Street, Fitzrovia to Parkway, Camden Town"
"LINESTRING (-0.144083 51.525595,-0.144664 51.538071", "From Longford Street, The Regent's Park to Parkway, Camden Town"
"LINESTRING (-0.158456 51.502953,-0.144664 51.538071", "From Albert Gate, Hyde Park to Parkway, Camden Town"
"LINESTRING (-0.171681 51.522892,-0.144664 51.538071", "From Penfold Street, Marylebone to Parkway, Camden Town"
"LINESTRING (-0.144466 51.528302,-0.144664 51.538071", "From Albany Street, The Regent's Park to Parkway, Camden Town"
"LINESTRING (-0.109914 51.531666,-0.144664 51.538071", "From Claremont Square, Angel to Parkway, Camden Town"
"LINESTRING (-0.145393 51.542138,-0.144664 51.538071", "From Castlehaven Road, Camden Town to Parkway, Camden Town"
"LINESTRING (-0.174593 51.520205,-0.144664 51.538071", "From Paddington Green, Paddington to Parkway, Camden Town"
"LINESTRING (-0.139016 51.520994,-0.144664 51.538071", "From Howland Street, Fitzrovia to Parkway, Camden Town"
"LINESTRING (-0.165668 51.524561,-0.144664 51.538071", "From Broadley Terrace, Marylebone to Parkway, Camden Town"
"LINESTRING (-0.145211 51.520715,-0.144664 51.538071", "From Portland Place, Marylebone to Parkway, Camden Town"
"LINESTRING (-0.161113 51.522596,-0.144664 51.538071", "From Dorset Square, Marylebone to Parkway, Camden Town"
"LINESTRING (-0.158456 51.502953,-0.144664 51.538071", "From Albert Gate, Hyde Park to Parkway, Camden Town"
"LINESTRING (-0.129386 51.534123,-0.144664 51.538071", "From Pancras Road, King's Cross to Parkway, Camden Town"
"LINESTRING (-0.138231 51.525542,-0.144664 51.538071", "From Hampstead Road, Euston to Parkway, Camden Town"
"LINESTRING (-0.125078 51.534667,-0.145393 51.542138", "From Good's Way, King's Cross to Castlehaven Road, Camden Town"
"LINESTRING (-0.169774 51.519968,-0.145393 51.542138", "From Edgware Road Station, Marylebone to Castlehaven Road, Camden Town"
"LINESTRING (-0.120973 51.530059,-0.145393 51.542138", "From St. Chad's Street, King's Cross to Castlehaven Road, Camden Town"
"LINESTRING (-0.172528 51.533043,-0.145393 51.542138", "From Wellington Road, St. John's Wood to Castlehaven Road, Camden Town"
"LINESTRING (-0.169774 51.519968,-0.145393 51.542138", "From Edgware Road Station, Marylebone to Castlehaven Road, Camden Town"
"LINESTRING (-0.145393 51.542138,-0.145393 51.542138", "From Castlehaven Road, Camden Town to Castlehaven Road, Camden Town"
"LINESTRING (-0.117774 51.513875,-0.145393 51.542138", "From Kingsway Southbound, Strand to Castlehaven Road, Camden Town"
"LINESTRING (-0.123616 51.529943,-0.145393 51.542138", "From Belgrove Street , King's Cross to Castlehaven Road, Camden Town"
"LINESTRING (-0.17677 51.530889,-0.145393 51.542138", "From Grove End Road, St. John's Wood to Castlehaven Road, Camden Town"
"LINESTRING (-0.123616 51.529943,-0.145393 51.542138", "From Belgrove Street , King's Cross to Castlehaven Road, Camden Town"
"LINESTRING (-0.124678 51.51908,-0.145393 51.542138", "From British Museum, Bloomsbury to Castlehaven Road, Camden Town"
"LINESTRING (-0.141728 51.539099,-0.145393 51.542138", "From Greenland Road, Camden Town to Castlehaven Road, Camden Town"
"LINESTRING (-0.128585 51.516118,-0.145393 51.542138", "From Earnshaw Street , Covent Garden to Castlehaven Road, Camden Town"
"LINESTRING (-0.123616 51.529943,-0.145393 51.542138", "From Belgrove Street , King's Cross to Castlehaven Road, Camden Town"
"LINESTRING (-0.158264 51.514577,-0.145393 51.542138", "From Old Quebec Street, Marylebone to Castlehaven Road, Camden Town"
"LINESTRING (-0.123616 51.529943,-0.145393 51.542138", "From Belgrove Street , King's Cross to Castlehaven Road, Camden Town"
"LINESTRING (-0.138853 51.541603,-0.145393 51.542138", "From Bonny Street, Camden Town to Castlehaven Road, Camden Town"
"LINESTRING (-0.005659 51.513548,-0.145393 51.542138", "From Aberfeldy Street, Poplar to Castlehaven Road, Camden Town"
"LINESTRING (-0.131773 51.506633,-0.145393 51.542138", "From Waterloo Place, St. James's to Castlehaven Road, Camden Town"
"LINESTRING (-0.126409 51.524,-0.145393 51.542138", "From Coram Street, Bloomsbury to Castlehaven Road, Camden Town"
"LINESTRING (-0.157183 51.52026,-0.145393 51.542138", "From Crawford Street, Marylebone to Castlehaven Road, Camden Town"
"LINESTRING (-0.104778 51.504044,-0.145393 51.542138", "From Southwark Station 2, Southwark to Castlehaven Road, Camden Town"
"LINESTRING (-0.147154 51.537349,-0.145393 51.542138", "From Gloucester Avenue, Camden Town to Castlehaven Road, Camden Town"
"LINESTRING (-0.120973 51.530059,-0.145393 51.542138", "From St. Chad's Street, King's Cross to Castlehaven Road, Camden Town"
"LINESTRING (-0.128585 51.516118,-0.145393 51.542138", "From Earnshaw Street , Covent Garden to Castlehaven Road, Camden Town"
"LINESTRING (-0.141728 51.539099,-0.145393 51.542138", "From Greenland Road, Camden Town to Castlehaven Road, Camden Town"
"LINESTRING (-0.123616 51.529943,-0.145393 51.542138", "From Belgrove Street , King's Cross to Castlehaven Road, Camden Town"
"LINESTRING (-0.122299 51.530199,-0.145393 51.542138", "From Birkenhead Street, King's Cross to Castlehaven Road, Camden Town"
"LINESTRING (-0.124807 51.53724,-0.145393 51.542138", "From Handyside Street, King's Cross to Castlehaven Road, Camden Town"
"LINESTRING (-0.136792 51.533005,-0.145393 51.542138", "From Eversholt Street , Camden Town to Castlehaven Road, Camden Town"
"LINESTRING (-0.129386 51.534123,-0.145393 51.542138", "From Pancras Road, King's Cross to Castlehaven Road, Camden Town"
"LINESTRING (-0.116628 51.500089,-0.145393 51.542138", "From Lambeth Palace Road, Waterloo to Castlehaven Road, Camden Town"
"LINESTRING (-0.147983 51.519167,-0.145393 51.542138", "From New Cavendish Street, Marylebone to Castlehaven Road, Camden Town"
"LINESTRING (-0.120973 51.530059,-0.145393 51.542138", "From St. Chad's Street, King's Cross to Castlehaven Road, Camden Town"
"LINESTRING (-0.171103 51.518268,-0.145393 51.542138", "From St Mary's Hospital, Paddington to Castlehaven Road, Camden Town"
"LINESTRING (-0.093051 51.511246,-0.057544 51.504749", "From Queen Street 2, Bank to Wapping Lane, Wapping"
"LINESTRING (-0.034903 51.518541,-0.057544 51.504749", "From Mile End Stadium, Mile End to Wapping Lane, Wapping"
"LINESTRING (-0.079684 51.516468,-0.057544 51.504749", "From Devonshire Square, Liverpool Street to Wapping Lane, Wapping"
"LINESTRING (-0.130699 51.50777,-0.057544 51.504749", "From Pall Mall East, West End to Wapping Lane, Wapping"
"LINESTRING (-0.06797 51.504904,-0.057544 51.504749", "From Wapping High Street, Wapping to Wapping Lane, Wapping"
"LINESTRING (-0.06691 51.507131,-0.057544 51.504749", "From Nesham Street, Wapping to Wapping Lane, Wapping"
"LINESTRING (-0.069542 51.512363,-0.057544 51.504749", "From Leman Street, Aldgate to Wapping Lane, Wapping"
"LINESTRING (-0.06691 51.507131,-0.057544 51.504749", "From Nesham Street, Wapping to Wapping Lane, Wapping"
"LINESTRING (-0.076793 51.513406,-0.057544 51.504749", "From Jewry Street, Aldgate to Wapping Lane, Wapping"
"LINESTRING (-0.0985 51.51601,-0.057544 51.504749", "From King Edward Street, St Pauls to Wapping Lane, Wapping"
"LINESTRING (-0.033828 51.514115,-0.057544 51.504749", "From Salmon Lane, Limehouse to Wapping Lane, Wapping"
"LINESTRING (-0.06691 51.507131,-0.057544 51.504749", "From Nesham Street, Wapping to Wapping Lane, Wapping"
"LINESTRING (-0.06691 51.507131,-0.057544 51.504749", "From Nesham Street, Wapping to Wapping Lane, Wapping"
"LINESTRING (-0.063531 51.504719,-0.057544 51.504749", "From Hermitage Court, Wapping to Wapping Lane, Wapping"
"LINESTRING (-0.069542 51.512363,-0.057544 51.504749", "From Leman Street, Aldgate to Wapping Lane, Wapping"
"LINESTRING (-0.029138 51.516196,-0.057544 51.504749", "From Burdett Road, Mile End to Wapping Lane, Wapping"
"LINESTRING (-0.056667 51.511542,-0.057544 51.504749", "From Watney Street, Shadwell to Wapping Lane, Wapping"
"LINESTRING (-0.06797 51.504904,-0.057544 51.504749", "From Wapping High Street, Wapping to Wapping Lane, Wapping"
"LINESTRING (-0.06797 51.504904,-0.057544 51.504749", "From Wapping High Street, Wapping to Wapping Lane, Wapping"
"LINESTRING (-0.038986 51.512871,-0.057544 51.504749", "From Flamborough Street, Limehouse to Wapping Lane, Wapping"
"LINESTRING (-0.06691 51.507131,-0.057544 51.504749", "From Nesham Street, Wapping to Wapping Lane, Wapping"
"LINESTRING (-0.079249 51.518908,-0.057544 51.504749", "From Brushfield Street, Liverpool Street to Wapping Lane, Wapping"
"LINESTRING (-0.069542 51.512363,-0.057544 51.504749", "From Leman Street, Aldgate to Wapping Lane, Wapping"
"LINESTRING (-0.073438 51.51838,-0.057544 51.504749", "From Fashion Street, Whitechapel to Wapping Lane, Wapping"
"LINESTRING (-0.020068 51.50357,-0.057544 51.504749", "From Jubilee Plaza, Canary Wharf to Wapping Lane, Wapping"
"LINESTRING (-0.082989 51.510484,-0.057544 51.504749", "From Great Tower Street, Monument to Wapping Lane, Wapping"
"LINESTRING (-0.032267 51.525501,-0.03338 51.535179", "From Maplin Street, Mile End to Gunmakers Lane, Old Ford"
"LINESTRING (-0.032267 51.525501,-0.03338 51.535179", "From Maplin Street, Mile End to Gunmakers Lane, Old Ford"
"LINESTRING (-0.015717 51.549369,-0.03338 51.535179", "From Lee Valley VeloPark, Queen Elizabeth Olympic Park to Gunmakers Lane, Old Ford"
"LINESTRING (-0.018703 51.528169,-0.03338 51.535179", "From Bow Church Station, Bow to Gunmakers Lane, Old Ford"
"LINESTRING (-0.058826 51.54119,-0.03338 51.535179", "From London Fields, Hackney Central to Gunmakers Lane, Old Ford"
"LINESTRING (-0.03338 51.535179,-0.03338 51.535179", "From Gunmakers Lane, Old Ford to Gunmakers Lane, Old Ford"
"LINESTRING (-0.051394 51.520893,-0.03338 51.535179", "From Cleveland Way, Stepney to Gunmakers Lane, Old Ford"
"LINESTRING (-0.049591 51.53341,-0.03338 51.535179", "From Bonner Gate, Victoria Park to Gunmakers Lane, Old Ford"
"LINESTRING (-0.074754 51.523648,-0.03338 51.535179", "From Bethnal Green Road, Shoreditch to Gunmakers Lane, Old Ford"
"LINESTRING (-0.011889 51.538718,-0.03338 51.535179", "From Podium, Queen Elizabeth Olympic Park to Gunmakers Lane, Old Ford"
"LINESTRING (-0.033085 51.532513,-0.03338 51.535179", "From Ford Road, Old Ford to Gunmakers Lane, Old Ford"
"LINESTRING (-0.015717 51.549369,-0.03338 51.535179", "From Lee Valley VeloPark, Queen Elizabeth Olympic Park to Gunmakers Lane, Old Ford"
"LINESTRING (-0.025996 51.509303,-0.03338 51.535179", "From Westferry DLR, Limehouse to Gunmakers Lane, Old Ford"
"LINESTRING (-0.062546 51.535678,-0.03338 51.535179", "From Regent's Row , Haggerston to Gunmakers Lane, Old Ford"
"LINESTRING (-0.028941 51.542118,-0.03338 51.535179", "From Cadogan Close, Victoria Park to Gunmakers Lane, Old Ford"
"LINESTRING (-0.10548 51.532199,-0.03338 51.535179", "From Torrens Street, Angel to Gunmakers Lane, Old Ford"
"LINESTRING (-0.026262 51.536039,-0.03338 51.535179", "From Wendon Street, Old Ford to Gunmakers Lane, Old Ford"
"LINESTRING (-0.011889 51.538718,-0.03338 51.535179", "From Podium, Queen Elizabeth Olympic Park to Gunmakers Lane, Old Ford"
"LINESTRING (-0.07962 51.503493,-0.029138 51.516196", "From Tooley Street, Bermondsey to Burdett Road, Mile End"
"LINESTRING (-0.062697 51.518154,-0.029138 51.516196", "From New Road 1 , Whitechapel to Burdett Road, Mile End"
"LINESTRING (-0.051394 51.520893,-0.029138 51.516196", "From Cleveland Way, Stepney to Burdett Road, Mile End"
"LINESTRING (-0.063386 51.521905,-0.029138 51.516196", "From Selby Street, Whitechapel to Burdett Road, Mile End"
"LINESTRING (-0.103078 51.511934,-0.029138 51.516196", "From Blackfriars Station, St. Paul's to Burdett Road, Mile End"
"LINESTRING (-0.026262 51.536039,-0.029138 51.516196", "From Wendon Street, Old Ford to Burdett Road, Mile End"
"LINESTRING (-0.032267 51.525501,-0.029138 51.516196", "From Maplin Street, Mile End to Burdett Road, Mile End"
"LINESTRING (-0.057544 51.504749,-0.029138 51.516196", "From Wapping Lane, Wapping to Burdett Road, Mile End"
"LINESTRING (-0.025996 51.509303,-0.029138 51.516196", "From Westferry DLR, Limehouse to Burdett Road, Mile End"
"LINESTRING (-0.025996 51.509303,-0.029138 51.516196", "From Westferry DLR, Limehouse to Burdett Road, Mile End"
"LINESTRING (-0.025492 51.530535,-0.029138 51.516196", "From Mostyn Grove, Bow to Burdett Road, Mile End"
"LINESTRING (-0.055656 51.514222,-0.029138 51.516196", "From Watney Market, Stepney to Burdett Road, Mile End"
"LINESTRING (-0.076793 51.513406,-0.029138 51.516196", "From Jewry Street, Aldgate to Burdett Road, Mile End"
"LINESTRING (-0.018703 51.528169,-0.029138 51.516196", "From Bow Church Station, Bow to Burdett Road, Mile End"
"LINESTRING (-0.09294 51.51397,-0.029138 51.516196", "From Cheapside, Bank to Burdett Road, Mile End"
"LINESTRING (-0.025492 51.530535,-0.029138 51.516196", "From Mostyn Grove, Bow to Burdett Road, Mile End"
"LINESTRING (-0.087262 51.506304,-0.029138 51.516196", "From Duke Street Hill, London Bridge to Burdett Road, Mile End"
"LINESTRING (-0.028941 51.542118,-0.029138 51.516196", "From Cadogan Close, Victoria Park to Burdett Road, Mile End"
"LINESTRING (-0.074754 51.523648,-0.029138 51.516196", "From Bethnal Green Road, Shoreditch to Burdett Road, Mile End"
"LINESTRING (-0.058631 51.524583,-0.029138 51.516196", "From Finnis Street, Bethnal Green to Burdett Road, Mile End"
"LINESTRING (-0.026262 51.536039,-0.029138 51.516196", "From Wendon Street, Old Ford to Burdett Road, Mile End"
"LINESTRING (-0.01646 51.505772,-0.029138 51.516196", "From Import Dock, Canary Wharf to Burdett Road, Mile End"
"LINESTRING (-0.086685 51.517075,-0.029138 51.516196", "From Finsbury Circus, Liverpool Street to Burdett Road, Mile End"
"LINESTRING (-0.026768 51.520398,-0.029138 51.516196", "From Ackroyd Drive, Bow to Burdett Road, Mile End"
"LINESTRING (-0.06111 51.518675,-0.029138 51.516196", "From Royal London Hospital, Whitechapel to Burdett Road, Mile End"
"LINESTRING (-0.063386 51.521905,-0.029138 51.516196", "From Selby Street, Whitechapel to Burdett Road, Mile End"
"LINESTRING (-0.062697 51.518154,-0.029138 51.516196", "From New Road 1 , Whitechapel to Burdett Road, Mile End"
"LINESTRING (-0.032566 51.520597,-0.029138 51.516196", "From Mile End Park Leisure Centre, Mile End to Burdett Road, Mile End"
"LINESTRING (-0.032267 51.525501,-0.029138 51.516196", "From Maplin Street, Mile End to Burdett Road, Mile End"
"LINESTRING (-0.074431 51.519362,-0.029138 51.516196", "From Fournier Street, Whitechapel to Burdett Road, Mile End"
"LINESTRING (-0.032267 51.525501,-0.038775 51.516", "From Maplin Street, Mile End to Aston Street, Stepney"
"LINESTRING (-0.07962 51.503493,-0.038775 51.516", "From Tooley Street, Bermondsey to Aston Street, Stepney"
"LINESTRING (-0.079249 51.518908,-0.038775 51.516", "From Brushfield Street, Liverpool Street to Aston Street, Stepney"
"LINESTRING (-0.104778 51.504044,-0.038775 51.516", "From Southwark Station 2, Southwark to Aston Street, Stepney"
"LINESTRING (-0.038986 51.512871,-0.038775 51.516", "From Flamborough Street, Limehouse to Aston Street, Stepney"
"LINESTRING (-0.082989 51.510484,-0.038775 51.516", "From Great Tower Street, Monument to Aston Street, Stepney"
"LINESTRING (-0.06111 51.518675,-0.038775 51.516", "From Royal London Hospital, Whitechapel to Aston Street, Stepney"
"LINESTRING (-0.085634 51.520962,-0.038775 51.516", "From Finsbury Square , Moorgate to Aston Street, Stepney"
"LINESTRING (-0.038775 51.516,-0.038775 51.516", "From Aston Street, Stepney to Aston Street, Stepney"
"LINESTRING (-0.038986 51.512871,-0.038775 51.516", "From Flamborough Street, Limehouse to Aston Street, Stepney"
"LINESTRING (-0.038986 51.512871,-0.038775 51.516", "From Flamborough Street, Limehouse to Aston Street, Stepney"
"LINESTRING (-0.038986 51.512871,-0.038775 51.516", "From Flamborough Street, Limehouse to Aston Street, Stepney"
"LINESTRING (-0.051394 51.520893,-0.038775 51.516", "From Cleveland Way, Stepney to Aston Street, Stepney"
"LINESTRING (-0.043371 51.518369,-0.038775 51.516", "From Rectory Square, Stepney to Aston Street, Stepney"
"LINESTRING (-0.038986 51.512871,-0.038775 51.516", "From Flamborough Street, Limehouse to Aston Street, Stepney"
"LINESTRING (-0.053558 51.511066,-0.038775 51.516", "From Sutton Street, Shadwell to Aston Street, Stepney"
"LINESTRING (-0.038986 51.512871,-0.038775 51.516", "From Flamborough Street, Limehouse to Aston Street, Stepney"
"LINESTRING (-0.038775 51.516,-0.038775 51.516", "From Aston Street, Stepney to Aston Street, Stepney"
"LINESTRING (-0.068856 51.521776,-0.038775 51.516", "From Buxton Street 1, Shoreditch to Aston Street, Stepney"
"LINESTRING (-0.153463 51.525367,-0.138853 51.541603", "From The Tennis Courts, The Regent's Park to Bonny Street, Camden Town"
"LINESTRING (-0.133952 51.536264,-0.138853 51.541603", "From Royal College Street, Camden Town to Bonny Street, Camden Town"
"LINESTRING (-0.10997 51.529163,-0.138853 51.541603", "From River Street , Clerkenwell to Bonny Street, Camden Town"
"LINESTRING (-0.144165 51.510736,-0.138853 51.541603", "From Bruton Street, Mayfair to Bonny Street, Camden Town"
"LINESTRING (-0.153463 51.525367,-0.138853 51.541603", "From The Tennis Courts, The Regent's Park to Bonny Street, Camden Town"
"LINESTRING (-0.197524 51.511084,-0.138853 51.541603", "From Pembridge Villas, Notting Hill to Bonny Street, Camden Town"
"LINESTRING (-0.079249 51.518908,-0.138853 51.541603", "From Brushfield Street, Liverpool Street to Bonny Street, Camden Town"
"LINESTRING (-0.145393 51.542138,-0.138853 51.541603", "From Castlehaven Road, Camden Town to Bonny Street, Camden Town"
"LINESTRING (-0.129386 51.534123,-0.138853 51.541603", "From Pancras Road, King's Cross to Bonny Street, Camden Town"
"LINESTRING (-0.125078 51.534667,-0.138853 51.541603", "From Good's Way, King's Cross to Bonny Street, Camden Town"
"LINESTRING (-0.125078 51.534667,-0.138853 51.541603", "From Good's Way, King's Cross to Bonny Street, Camden Town"
"LINESTRING (-0.183486 51.529857,-0.138853 51.541603", "From Maida Vale, Maida Vale to Bonny Street, Camden Town"
"LINESTRING (-0.131161 51.52505,-0.138853 51.541603", "From Taviton Street, Bloomsbury to Bonny Street, Camden Town"
"LINESTRING (-0.130431 51.52168,-0.138853 51.541603", "From Malet Street, Bloomsbury to Bonny Street, Camden Town"
"LINESTRING (-0.119643 51.511756,-0.138853 51.541603", "From Wellington Street , Strand to Bonny Street, Camden Town"
"LINESTRING (-0.138019 51.524438,-0.138853 51.541603", "From Warren Street Station, Euston to Bonny Street, Camden Town"
"LINESTRING (-0.129386 51.534123,-0.138853 51.541603", "From Pancras Road, King's Cross to Bonny Street, Camden Town"
"LINESTRING (-0.145393 51.542138,-0.138853 51.541603", "From Castlehaven Road, Camden Town to Bonny Street, Camden Town"
"LINESTRING (-0.183486 51.529857,-0.138853 51.541603", "From Maida Vale, Maida Vale to Bonny Street, Camden Town"
"LINESTRING (-0.120202 51.523346,-0.138853 51.541603", "From Guilford Street , Bloomsbury to Bonny Street, Camden Town"
"LINESTRING (-0.147154 51.537349,-0.138853 51.541603", "From Gloucester Avenue, Camden Town to Bonny Street, Camden Town"
"LINESTRING (-0.13225 51.528833,-0.138853 51.541603", "From Doric Way , Somers Town to Bonny Street, Camden Town"
"LINESTRING (-0.076793 51.513406,-0.138853 51.541603", "From Jewry Street, Aldgate to Bonny Street, Camden Town"
"LINESTRING (-0.153463 51.525367,-0.138853 51.541603", "From The Tennis Courts, The Regent's Park to Bonny Street, Camden Town"
"LINESTRING (-0.122502 51.523951,-0.138853 51.541603", "From Brunswick Square, Bloomsbury to Bonny Street, Camden Town"
"LINESTRING (-0.129386 51.534123,-0.138853 51.541603", "From Pancras Road, King's Cross to Bonny Street, Camden Town"
"LINESTRING (-0.116279 51.524564,-0.138853 51.541603", "From Wren Street, Holborn to Bonny Street, Camden Town"
"LINESTRING (-0.06992 51.53385,-0.138853 51.541603", "From Queensbridge Road, Haggerston to Bonny Street, Camden Town"
"LINESTRING (-0.071881 51.534776,-0.071881 51.534776", "From Thurtle Road, Haggerston to Thurtle Road, Haggerston"
"LINESTRING (-0.067937 51.51793,-0.071881 51.534776", "From Old Montague Street, Whitechapel to Thurtle Road, Haggerston"
"LINESTRING (-0.036017 51.525941,-0.071881 51.534776", "From Clinton Road, Mile End to Thurtle Road, Haggerston"
"LINESTRING (-0.06142 51.532091,-0.071881 51.534776", "From Pritchard's Road, Bethnal Green to Thurtle Road, Haggerston"
"LINESTRING (-0.06992 51.53385,-0.071881 51.534776", "From Queensbridge Road, Haggerston to Thurtle Road, Haggerston"
"LINESTRING (-0.071881 51.534776,-0.071881 51.534776", "From Thurtle Road, Haggerston to Thurtle Road, Haggerston"
"LINESTRING (-0.138072 51.517344,-0.071881 51.534776", "From Wells Street, Fitzrovia to Thurtle Road, Haggerston"
"LINESTRING (-0.089659 51.52548,-0.071881 51.534776", "From Old Street Station, St. Luke's to Thurtle Road, Haggerston"
"LINESTRING (-0.121723 51.510701,-0.071881 51.534776", "From Southampton Street, Strand to Thurtle Road, Haggerston"
"LINESTRING (-0.078505 51.53095,-0.071881 51.534776", "From Falkirk Street, Hoxton to Thurtle Road, Haggerston"
"LINESTRING (-0.08249 51.53558,-0.071881 51.534776", "From Pitfield Street North,Hoxton to Thurtle Road, Haggerston"
"LINESTRING (-0.08249 51.53558,-0.071881 51.534776", "From Pitfield Street North,Hoxton to Thurtle Road, Haggerston"
"LINESTRING (-0.062546 51.535678,-0.071881 51.534776", "From Regent's Row , Haggerston to Thurtle Road, Haggerston"
"LINESTRING (-0.053177 51.515975,-0.052099 51.51417", "From Jubilee Street, Stepney to St. Mary & St. Michael Church, Stepney"
"LINESTRING (-0.073537 51.514233,-0.052099 51.51417", "From Braham Street, Aldgate to St. Mary & St. Michael Church, Stepney"
"LINESTRING (-0.047548 51.528869,-0.052099 51.51417", "From Globe Town Market, Bethnal Green to St. Mary & St. Michael Church, Stepney"
"LINESTRING (-0.118295 51.52728,-0.052099 51.51417", "From Ampton Street , Clerkenwell to St. Mary & St. Michael Church, Stepney"
"LINESTRING (-0.122299 51.530199,-0.052099 51.51417", "From Birkenhead Street, King's Cross to St. Mary & St. Michael Church, Stepney"
"LINESTRING (-0.066078 51.514924,-0.052099 51.51417", "From LMU Commercial Road, Whitechapel to St. Mary & St. Michael Church, Stepney"
"LINESTRING (-0.038775 51.516,-0.052099 51.51417", "From Aston Street, Stepney to St. Mary & St. Michael Church, Stepney"
"LINESTRING (-0.091773 51.504627,-0.052099 51.51417", "From Hop Exchange, The Borough to St. Mary & St. Michael Church, Stepney"
"LINESTRING (-0.06691 51.507131,-0.052099 51.51417", "From Nesham Street, Wapping to St. Mary & St. Michael Church, Stepney"
"LINESTRING (-0.038775 51.516,-0.052099 51.51417", "From Aston Street, Stepney to St. Mary & St. Michael Church, Stepney"
"LINESTRING (-0.086685 51.517075,-0.052099 51.51417", "From Finsbury Circus, Liverpool Street to St. Mary & St. Michael Church, Stepney"
"LINESTRING (-0.151359 51.522008,-0.052099 51.51417", "From Beaumont Street, Marylebone to St. Mary & St. Michael Church, Stepney"
"LINESTRING (-0.084439 51.524696,-0.08249 51.53558", "From Leonard Circus , Shoreditch to Pitfield Street North,Hoxton"
"LINESTRING (-0.089659 51.52548,-0.08249 51.53558", "From Old Street Station, St. Luke's to Pitfield Street North,Hoxton"
"LINESTRING (-0.08497 51.50964,-0.08249 51.53558", "From Monument Street, Monument to Pitfield Street North,Hoxton"
"LINESTRING (-0.079201 51.537277,-0.08249 51.53558", "From Hertford Road, De Beauvoir Town to Pitfield Street North,Hoxton"
"LINESTRING (-0.112031 51.49914,-0.08249 51.53558", "From Lambeth North Station, Waterloo to Pitfield Street North,Hoxton"
"LINESTRING (-0.079608 51.521668,-0.08249 51.53558", "From Worship Street, Shoreditch to Pitfield Street North,Hoxton"
"LINESTRING (-0.102757 51.536384,-0.08249 51.53558", "From Islington Green, Angel to Pitfield Street North,Hoxton"
"LINESTRING (-0.106992 51.534504,-0.08249 51.53558", "From Liverpool Road (N1 Centre), Angel to Pitfield Street North,Hoxton"
"LINESTRING (-0.055894 51.528936,-0.08249 51.53558", "From York Hall, Bethnal Green to Pitfield Street North,Hoxton"
"LINESTRING (-0.086016 51.53114,-0.08249 51.53558", "From New North Road 2, Hoxton to Pitfield Street North,Hoxton"
"LINESTRING (-0.073537 51.514233,-0.08249 51.53558", "From Braham Street, Aldgate to Pitfield Street North,Hoxton"
"LINESTRING (-0.111606 51.505569,-0.08249 51.53558", "From Stamford Street, South Bank to Pitfield Street North,Hoxton"
"LINESTRING (-0.065076 51.52388,-0.08249 51.53558", "From Cheshire Street, Bethnal Green to Pitfield Street North,Hoxton"
"LINESTRING (-0.062546 51.535678,-0.08249 51.53558", "From Regent's Row , Haggerston to Pitfield Street North,Hoxton"
"LINESTRING (-0.096317 51.526008,-0.08249 51.53558", "From Finsbury Leisure Centre, St. Luke's to Pitfield Street North,Hoxton"
"LINESTRING (-0.090847 51.525893,-0.08249 51.53558", "From Bath Street, St. Luke's to Pitfield Street North,Hoxton"
"LINESTRING (-0.121328 51.517606,-0.08249 51.53558", "From Southampton Place, Holborn to Pitfield Street North,Hoxton"
"LINESTRING (-0.099489 51.524868,-0.08249 51.53558", "From Sadlers Sports Centre, Finsbury to Pitfield Street North,Hoxton"
"LINESTRING (-0.085634 51.520962,-0.08249 51.53558", "From Finsbury Square , Moorgate to Pitfield Street North,Hoxton"
"LINESTRING (-0.10834 51.52352,-0.08249 51.53558", "From Farringdon Lane, Clerkenwell to Pitfield Street North,Hoxton"
"LINESTRING (-0.071881 51.534776,-0.08249 51.53558", "From Thurtle Road, Haggerston to Pitfield Street North,Hoxton"
"LINESTRING (-0.086379 51.534042,-0.08249 51.53558", "From Shoreditch Park, Hoxton to Pitfield Street North,Hoxton"
"LINESTRING (-0.088542 51.527025,-0.08249 51.53558", "From Baldwin Street, St. Luke's to Pitfield Street North,Hoxton"
"LINESTRING (-0.100168 51.530344,-0.08249 51.53558", "From City Road, Angel to Pitfield Street North,Hoxton"
"LINESTRING (-0.100168 51.530344,-0.08249 51.53558", "From City Road, Angel to Pitfield Street North,Hoxton"
"LINESTRING (-0.089446 51.497382,-0.08249 51.53558", "From Great Dover Street, The Borough to Pitfield Street North,Hoxton"
"LINESTRING (-0.075901 51.531091,-0.08249 51.53558", "From Hoxton Station, Hoxton to Pitfield Street North,Hoxton"
"LINESTRING (-0.085634 51.520962,-0.08249 51.53558", "From Finsbury Square , Moorgate to Pitfield Street North,Hoxton"
"LINESTRING (-0.075901 51.531091,-0.08249 51.53558", "From Hoxton Station, Hoxton to Pitfield Street North,Hoxton"
"LINESTRING (-0.089887 51.520858,-0.08249 51.53558", "From Bunhill Row, Moorgate to Pitfield Street North,Hoxton"
"LINESTRING (-0.08249 51.53558,-0.08249 51.53558", "From Pitfield Street North,Hoxton to Pitfield Street North,Hoxton"
"LINESTRING (-0.090847 51.525893,-0.08249 51.53558", "From Bath Street, St. Luke's to Pitfield Street North,Hoxton"
"LINESTRING (-0.100168 51.530344,-0.08249 51.53558", "From City Road, Angel to Pitfield Street North,Hoxton"
"LINESTRING (-0.08249 51.53558,-0.08249 51.53558", "From Pitfield Street North,Hoxton to Pitfield Street North,Hoxton"
"LINESTRING (-0.071881 51.534776,-0.08249 51.53558", "From Thurtle Road, Haggerston to Pitfield Street North,Hoxton"
"LINESTRING (-0.070329 51.539083,-0.08249 51.53558", "From Shoreditch Court, Haggerston to Pitfield Street North,Hoxton"
"LINESTRING (-0.083353 51.529537,-0.08249 51.53558", "From Fanshaw Street, Hoxton to Pitfield Street North,Hoxton"
"LINESTRING (-0.08249 51.53558,-0.08249 51.53558", "From Pitfield Street North,Hoxton to Pitfield Street North,Hoxton"
"LINESTRING (-0.124678 51.51908,-0.08249 51.53558", "From British Museum, Bloomsbury to Pitfield Street North,Hoxton"
"LINESTRING (-0.084439 51.524696,-0.08249 51.53558", "From Leonard Circus , Shoreditch to Pitfield Street North,Hoxton"
"LINESTRING (-0.062546 51.535678,-0.08249 51.53558", "From Regent's Row , Haggerston to Pitfield Street North,Hoxton"
"LINESTRING (-0.085634 51.520962,-0.076341 51.534464", "From Finsbury Square , Moorgate to Whiston Road, Haggerston"
"LINESTRING (-0.09315 51.53356,-0.076341 51.534464", "From Eagle Wharf Road, Hoxton to Whiston Road, Haggerston"
"LINESTRING (-0.09308 51.515735,-0.076341 51.534464", "From The Guildhall, Guildhall to Whiston Road, Haggerston"
"LINESTRING (-0.085634 51.520962,-0.076341 51.534464", "From Finsbury Square , Moorgate to Whiston Road, Haggerston"
"LINESTRING (-0.092176 51.520044,-0.076341 51.534464", "From Barbican Centre, Barbican to Whiston Road, Haggerston"
"LINESTRING (-0.109006 51.521661,-0.076341 51.534464", "From Hatton Wall, Holborn to Whiston Road, Haggerston"
"LINESTRING (-0.055656 51.514222,-0.076341 51.534464", "From Watney Market, Stepney to Whiston Road, Haggerston"
"LINESTRING (-0.070329 51.539083,-0.076341 51.534464", "From Shoreditch Court, Haggerston to Whiston Road, Haggerston"
"LINESTRING (-0.037366 51.534137,-0.076341 51.534464", "From Driffield Road, Old Ford to Whiston Road, Haggerston"
"LINESTRING (-0.069743 51.528222,-0.076341 51.534464", "From Wellington Row, Bethnal Green to Whiston Road, Haggerston"
"LINESTRING (-0.069743 51.528222,-0.076341 51.534464", "From Wellington Row, Bethnal Green to Whiston Road, Haggerston"
"LINESTRING (-0.058826 51.54119,-0.076341 51.534464", "From London Fields, Hackney Central to Whiston Road, Haggerston"
"LINESTRING (-0.042744 51.530326,-0.076341 51.534464", "From Twig Folly Bridge, Mile End to Whiston Road, Haggerston"
"LINESTRING (-0.132328 51.515631,-0.076341 51.534464", "From Soho Square , Soho to Whiston Road, Haggerston"
"LINESTRING (-0.05438 51.520019,-0.030556 51.523538", "From Ansell House, Stepney to Southern Grove, Bow"
"LINESTRING (-0.058641 51.515256,-0.030556 51.523538", "From Philpot Street, Whitechapel to Southern Grove, Bow"
"LINESTRING (-0.075855 51.517475,-0.030556 51.523538", "From Bell Lane, Liverpool Street to Southern Grove, Bow"
"LINESTRING (-0.06111 51.518675,-0.030556 51.523538", "From Royal London Hospital, Whitechapel to Southern Grove, Bow"
"LINESTRING (-0.026768 51.520398,-0.030556 51.523538", "From Ackroyd Drive, Bow to Southern Grove, Bow"
"LINESTRING (-0.07813 51.526377,-0.030556 51.523538", "From Shoreditch High Street, Shoreditch to Southern Grove, Bow"
"LINESTRING (-0.051394 51.520893,-0.030556 51.523538", "From Cleveland Way, Stepney to Southern Grove, Bow"
"LINESTRING (-0.032267 51.525501,-0.030556 51.523538", "From Maplin Street, Mile End to Southern Grove, Bow"
"LINESTRING (-0.06111 51.518675,-0.030556 51.523538", "From Royal London Hospital, Whitechapel to Southern Grove, Bow"
"LINESTRING (-0.068856 51.521776,-0.030556 51.523538", "From Buxton Street 1, Shoreditch to Southern Grove, Bow"
"LINESTRING (-0.054162 51.536424,-0.030556 51.523538", "From Victoria Park Road, Hackney Central to Southern Grove, Bow"
"LINESTRING (-0.108322 51.510981,-0.030556 51.523538", "From Temple Gardens, Temple to Southern Grove, Bow"
"LINESTRING (-0.02296 51.50623,-0.030556 51.523538", "From Fisherman's Walk West, Canary Wharf to Southern Grove, Bow"
"LINESTRING (-0.041378 51.522507,-0.030556 51.523538", "From Queen Mary's, Mile End to Southern Grove, Bow"
"LINESTRING (-0.053558 51.511066,-0.022694 51.521564", "From Sutton Street, Shadwell to Cantrell Road, Bow"
"LINESTRING (-0.00481 51.541793,-0.022694 51.521564", "From Stratford Station, Stratford to Cantrell Road, Bow"
"LINESTRING (-0.032267 51.525501,-0.022694 51.521564", "From Maplin Street, Mile End to Cantrell Road, Bow"
"LINESTRING (-0.032566 51.520597,-0.022694 51.521564", "From Mile End Park Leisure Centre, Mile End to Cantrell Road, Bow"
"LINESTRING (-0.074284 51.539328,-0.022694 51.521564", "From Haggerston Road, Haggerston to Cantrell Road, Bow"
"LINESTRING (-0.032267 51.525501,-0.022694 51.521564", "From Maplin Street, Mile End to Cantrell Road, Bow"
"LINESTRING (-0.022694 51.521564,-0.022694 51.521564", "From Cantrell Road, Bow to Cantrell Road, Bow"
"LINESTRING (-0.032267 51.525501,-0.022694 51.521564", "From Maplin Street, Mile End to Cantrell Road, Bow"
"LINESTRING (-0.022694 51.521564,-0.022694 51.521564", "From Cantrell Road, Bow to Cantrell Road, Bow"
"LINESTRING (-0.041378 51.522507,-0.022694 51.521564", "From Queen Mary's, Mile End to Cantrell Road, Bow"
"LINESTRING (-0.055894 51.528936,-0.022694 51.521564", "From York Hall, Bethnal Green to Cantrell Road, Bow"
"LINESTRING (-0.013258 51.528828,-0.022694 51.521564", "From Bromley High Street, Bow to Cantrell Road, Bow"
"LINESTRING (-0.032566 51.520597,-0.022694 51.521564", "From Mile End Park Leisure Centre, Mile End to Cantrell Road, Bow"
"LINESTRING (-0.049067 51.51563,-0.022694 51.521564", "From Aylward Street, Stepney to Cantrell Road, Bow"
"LINESTRING (-0.092754 51.505974,-0.020467 51.513757", "From Park Street, Bankside to Lindfield Street, Poplar"
"LINESTRING (-0.032267 51.525501,-0.020467 51.513757", "From Maplin Street, Mile End to Lindfield Street, Poplar"
"LINESTRING (-0.01646 51.505772,-0.020467 51.513757", "From Import Dock, Canary Wharf to Lindfield Street, Poplar"
"LINESTRING (-0.025996 51.509303,-0.020467 51.513757", "From Westferry DLR, Limehouse to Lindfield Street, Poplar"
"LINESTRING (-0.049591 51.53341,-0.020467 51.513757", "From Bonner Gate, Victoria Park to Lindfield Street, Poplar"
"LINESTRING (-0.01051 51.54094,-0.020467 51.513757", "From Aquatic Centre, Queen Elizabeth Olympic Park to Lindfield Street, Poplar"
"LINESTRING (-0.025296 51.527058,-0.020467 51.513757", "From Bow Road Station, Bow to Lindfield Street, Poplar"
"LINESTRING (-0.032267 51.525501,-0.020467 51.513757", "From Maplin Street, Mile End to Lindfield Street, Poplar"
"LINESTRING (-0.074754 51.523648,-0.020467 51.513757", "From Bethnal Green Road, Shoreditch to Lindfield Street, Poplar"
"LINESTRING (-0.096496 51.517821,-0.020467 51.513757", "From Museum of London, Barbican to Lindfield Street, Poplar"
"LINESTRING (-0.041378 51.522507,-0.020467 51.513757", "From Queen Mary's, Mile End to Lindfield Street, Poplar"
"LINESTRING (-0.02296 51.50623,-0.020467 51.513757", "From Fisherman's Walk West, Canary Wharf to Lindfield Street, Poplar"
"LINESTRING (-0.02296 51.50623,-0.020467 51.513757", "From Fisherman's Walk West, Canary Wharf to Lindfield Street, Poplar"
"LINESTRING (-0.026768 51.520398,-0.020467 51.513757", "From Ackroyd Drive, Bow to Lindfield Street, Poplar"
"LINESTRING (-0.025996 51.509303,-0.020467 51.513757", "From Westferry DLR, Limehouse to Lindfield Street, Poplar"
"LINESTRING (-0.026768 51.520398,-0.020467 51.513757", "From Ackroyd Drive, Bow to Lindfield Street, Poplar"
"LINESTRING (-0.108028 51.518825,-0.020467 51.513757", "From Hatton Garden, Holborn to Lindfield Street, Poplar"
"LINESTRING (-0.06142 51.532091,-0.020467 51.513757", "From Pritchard's Road, Bethnal Green to Lindfield Street, Poplar"
"LINESTRING (-0.0985 51.51601,-0.025492 51.530535", "From King Edward Street, St Pauls to Mostyn Grove, Bow"
"LINESTRING (-0.025492 51.530535,-0.025492 51.530535", "From Mostyn Grove, Bow to Mostyn Grove, Bow"
"LINESTRING (-0.078505 51.53095,-0.025492 51.530535", "From Falkirk Street, Hoxton to Mostyn Grove, Bow"
"LINESTRING (-0.08066 51.514225,-0.025492 51.530535", "From St. Mary Axe, Aldgate to Mostyn Grove, Bow"
"LINESTRING (-0.096317 51.526008,-0.025492 51.530535", "From Finsbury Leisure Centre, St. Luke's to Mostyn Grove, Bow"
"LINESTRING (-0.054883 51.522561,-0.025492 51.530535", "From Cephas Street, Bethnal Green to Mostyn Grove, Bow"
"LINESTRING (-0.079608 51.521668,-0.025492 51.530535", "From Worship Street, Shoreditch to Mostyn Grove, Bow"
"LINESTRING (-0.047548 51.528869,-0.025492 51.530535", "From Globe Town Market, Bethnal Green to Mostyn Grove, Bow"
"LINESTRING (-0.025296 51.527058,-0.025492 51.530535", "From Bow Road Station, Bow to Mostyn Grove, Bow"
"LINESTRING (-0.029138 51.516196,-0.025492 51.530535", "From Burdett Road, Mile End to Mostyn Grove, Bow"
"LINESTRING (-0.071653 51.522617,-0.025492 51.530535", "From Brick Lane Market, Shoreditch to Mostyn Grove, Bow"
"LINESTRING (-0.055846 51.499169,-0.025492 51.530535", "From Rotherhithe Roundabout, Rotherhithe to Mostyn Grove, Bow"
"LINESTRING (-0.027581 51.526578,-0.025492 51.530535", "From Merchant Street, Bow to Mostyn Grove, Bow"
"LINESTRING (-0.066078 51.514924,-0.025492 51.530535", "From LMU Commercial Road, Whitechapel to Mostyn Grove, Bow"
"LINESTRING (-0.051394 51.520893,-0.025492 51.530535", "From Cleveland Way, Stepney to Mostyn Grove, Bow"
"LINESTRING (-0.051394 51.520893,-0.025492 51.530535", "From Cleveland Way, Stepney to Mostyn Grove, Bow"
"LINESTRING (-0.032267 51.525501,-0.025492 51.530535", "From Maplin Street, Mile End to Mostyn Grove, Bow"
"LINESTRING (-0.055312 51.52568,-0.025492 51.530535", "From Bethnal Green Garden, Bethnal Green to Mostyn Grove, Bow"
"LINESTRING (-0.067937 51.51793,-0.025492 51.530535", "From Old Montague Street, Whitechapel to Mostyn Grove, Bow"
"LINESTRING (-0.026262 51.536039,-0.025492 51.530535", "From Wendon Street, Old Ford to Mostyn Grove, Bow"
"LINESTRING (-0.038557 51.541515,-0.028155 51.533283", "From Gascoyne Road, Victoria Park to Hewison Street, Old Ford"
"LINESTRING (-0.057133 51.527607,-0.028155 51.533283", "From Hollybush Gardens, Bethnal Green to Hewison Street, Old Ford"
"LINESTRING (-0.109914 51.531666,-0.028155 51.533283", "From Claremont Square, Angel to Hewison Street, Old Ford"
"LINESTRING (-0.029138 51.516196,-0.028155 51.533283", "From Burdett Road, Mile End to Hewison Street, Old Ford"
"LINESTRING (-0.073438 51.51838,-0.028155 51.533283", "From Fashion Street, Whitechapel to Hewison Street, Old Ford"
"LINESTRING (-0.028155 51.533283,-0.028155 51.533283", "From Hewison Street, Old Ford to Hewison Street, Old Ford"
"LINESTRING (-0.032267 51.525501,-0.028155 51.533283", "From Maplin Street, Mile End to Hewison Street, Old Ford"
"LINESTRING (-0.025296 51.527058,-0.028155 51.533283", "From Bow Road Station, Bow to Hewison Street, Old Ford"
"LINESTRING (-0.025296 51.527058,-0.028155 51.533283", "From Bow Road Station, Bow to Hewison Street, Old Ford"
"LINESTRING (-0.011889 51.538718,-0.028155 51.533283", "From Podium, Queen Elizabeth Olympic Park to Hewison Street, Old Ford"
"LINESTRING (-0.051394 51.520893,-0.028155 51.533283", "From Cleveland Way, Stepney to Hewison Street, Old Ford"
"LINESTRING (-0.075885 51.536585,-0.028155 51.533283", "From Dunston Road , Haggerston to Hewison Street, Old Ford"
"LINESTRING (-0.047548 51.528869,-0.028155 51.533283", "From Globe Town Market, Bethnal Green to Hewison Street, Old Ford"
"LINESTRING (-0.038775 51.516,-0.028155 51.533283", "From Aston Street, Stepney to Hewison Street, Old Ford"
"LINESTRING (-0.00699 51.508981,-0.028155 51.533283", "From Naval Row, Blackwall to Hewison Street, Old Ford"
"LINESTRING (-0.032267 51.525501,-0.028155 51.533283", "From Maplin Street, Mile End to Hewison Street, Old Ford"
"LINESTRING (-0.058826 51.54119,-0.028155 51.533283", "From London Fields, Hackney Central to Hewison Street, Old Ford"
"LINESTRING (-0.015578 51.52512,-0.028155 51.533283", "From Devons Road, Bow to Hewison Street, Old Ford"
"LINESTRING (-0.032267 51.525501,-0.028155 51.533283", "From Maplin Street, Mile End to Hewison Street, Old Ford"
"LINESTRING (-0.08249 51.53558,-0.028155 51.533283", "From Pitfield Street North,Hoxton to Hewison Street, Old Ford"
"LINESTRING (-0.036017 51.525941,-0.028155 51.533283", "From Clinton Road, Mile End to Hewison Street, Old Ford"
"LINESTRING (-0.017676 51.503083,-0.028155 51.533283", "From Upper Bank Street, Canary Wharf to Hewison Street, Old Ford"
"LINESTRING (-0.037366 51.534137,-0.028155 51.533283", "From Driffield Road, Old Ford to Hewison Street, Old Ford"
"LINESTRING (-0.025296 51.527058,-0.028155 51.533283", "From Bow Road Station, Bow to Hewison Street, Old Ford"
"LINESTRING (-0.065076 51.52388,-0.028155 51.533283", "From Cheshire Street, Bethnal Green to Hewison Street, Old Ford"
"LINESTRING (-0.038986 51.512871,-0.028155 51.533283", "From Flamborough Street, Limehouse to Hewison Street, Old Ford"
"LINESTRING (-0.118256 51.47659,-0.027616 51.529452", "From Albert Square, Stockwell to Malmesbury Road, Bow"
"LINESTRING (-0.029138 51.516196,-0.027616 51.529452", "From Burdett Road, Mile End to Malmesbury Road, Bow"
"LINESTRING (-0.083067 51.523196,-0.027616 51.529452", "From Clifton Street, Shoreditch to Malmesbury Road, Bow"
"LINESTRING (-0.075459 51.509506,-0.027616 51.529452", "From Tower Gardens , Tower to Malmesbury Road, Bow"
"LINESTRING (-0.009001 51.487129,-0.019355 51.496137", "From Saunders Ness Road, Cubitt Town to Millharbour, Millwall"
"LINESTRING (-0.014582 51.490645,-0.019355 51.496137", "From Mudchute DLR, Cubitt Town to Millharbour, Millwall"
"LINESTRING (-0.043371 51.518369,-0.038557 51.541515", "From Rectory Square, Stepney to Gascoyne Road, Victoria Park"
"LINESTRING (-0.037471 51.528224,-0.038557 51.541515", "From Antill Road, Mile End to Gascoyne Road, Victoria Park"
"LINESTRING (-0.049591 51.53341,-0.038557 51.541515", "From Bonner Gate, Victoria Park to Gascoyne Road, Victoria Park"
"LINESTRING (-0.036017 51.525941,-0.038557 51.541515", "From Clinton Road, Mile End to Gascoyne Road, Victoria Park"
"LINESTRING (-0.026262 51.536039,-0.038557 51.541515", "From Wendon Street, Old Ford to Gascoyne Road, Victoria Park"
"LINESTRING (-0.038557 51.541515,-0.038557 51.541515", "From Gascoyne Road, Victoria Park to Gascoyne Road, Victoria Park"
"LINESTRING (-0.014691 51.546805,-0.038557 51.541515", "From Timber Lodge, Queen Elizabeth Olympic Park to Gascoyne Road, Victoria Park"
"LINESTRING (-0.041378 51.522507,-0.038557 51.541515", "From Queen Mary's, Mile End to Gascoyne Road, Victoria Park"
"LINESTRING (-0.047548 51.528869,-0.038557 51.541515", "From Globe Town Market, Bethnal Green to Gascoyne Road, Victoria Park"
"LINESTRING (-0.099981 51.532661,-0.038557 51.541515", "From Graham Street, Angel to Gascoyne Road, Victoria Park"
"LINESTRING (-0.00699 51.508981,-0.038557 51.541515", "From Naval Row, Blackwall to Gascoyne Road, Victoria Park"
"LINESTRING (-0.089446 51.497382,-0.038557 51.541515", "From Great Dover Street, The Borough to Gascoyne Road, Victoria Park"
"LINESTRING (-0.034903 51.518541,-0.038557 51.541515", "From Mile End Stadium, Mile End to Gascoyne Road, Victoria Park"
"LINESTRING (-0.09294 51.51397,-0.038557 51.541515", "From Cheapside, Bank to Gascoyne Road, Victoria Park"
"LINESTRING (-0.026262 51.536039,-0.038557 51.541515", "From Wendon Street, Old Ford to Gascoyne Road, Victoria Park"
"LINESTRING (-0.01646 51.505772,-0.020157 51.499041", "From Import Dock, Canary Wharf to Lightermans Road, Millwall"
"LINESTRING (-0.01051 51.54094,-0.020157 51.499041", "From Aquatic Centre, Queen Elizabeth Olympic Park to Lightermans Road, Millwall"
"LINESTRING (-0.058681 51.506946,-0.020157 51.499041", "From Reardon Street, Wapping to Lightermans Road, Millwall"
"LINESTRING (-0.102757 51.536384,-0.020157 51.499041", "From Islington Green, Angel to Lightermans Road, Millwall"
"LINESTRING (-0.020068 51.50357,-0.020157 51.499041", "From Jubilee Plaza, Canary Wharf to Lightermans Road, Millwall"
"LINESTRING (-0.015578 51.52512,-0.020157 51.499041", "From Devons Road, Bow to Lightermans Road, Millwall"
"LINESTRING (-0.014409 51.49447,-0.020157 51.499041", "From East Ferry Road, Cubitt Town to Lightermans Road, Millwall"
"LINESTRING (-0.01051 51.54094,-0.020157 51.499041", "From Aquatic Centre, Queen Elizabeth Olympic Park to Lightermans Road, Millwall"
"LINESTRING (-0.027772 51.505703,-0.020157 51.499041", "From Westferry Circus, Canary Wharf to Lightermans Road, Millwall"
"LINESTRING (-0.049591 51.53341,-0.020157 51.499041", "From Bonner Gate, Victoria Park to Lightermans Road, Millwall"
"LINESTRING (-0.083935 51.520009,-0.020157 51.499041", "From Sun Street, Liverpool Street to Lightermans Road, Millwall"
"LINESTRING (-0.007542 51.493381,-0.009205 51.489096", "From Jubilee Crescent, Cubitt Town to Stebondale Street, Cubitt Town"
"LINESTRING (-0.020068 51.50357,-0.009205 51.489096", "From Jubilee Plaza, Canary Wharf to Stebondale Street, Cubitt Town"
"LINESTRING (-0.020068 51.50357,-0.009205 51.489096", "From Jubilee Plaza, Canary Wharf to Stebondale Street, Cubitt Town"
"LINESTRING (-0.052099 51.51417,-0.018716 51.49109", "From St. Mary & St. Michael Church, Stepney to Spindrift Avenue, Millwall"
"LINESTRING (-0.052099 51.51417,-0.018716 51.49109", "From St. Mary & St. Michael Church, Stepney to Spindrift Avenue, Millwall"
"LINESTRING (-0.052099 51.51417,-0.018716 51.49109", "From St. Mary & St. Michael Church, Stepney to Spindrift Avenue, Millwall"
"LINESTRING (-0.052099 51.51417,-0.018716 51.49109", "From St. Mary & St. Michael Church, Stepney to Spindrift Avenue, Millwall"
"LINESTRING (-0.020068 51.50357,-0.018716 51.49109", "From Jubilee Plaza, Canary Wharf to Spindrift Avenue, Millwall"
"LINESTRING (-0.021596 51.502661,-0.018716 51.49109", "From Heron Quays DLR, Canary Wharf to Spindrift Avenue, Millwall"
"LINESTRING (-0.052099 51.51417,-0.018716 51.49109", "From St. Mary & St. Michael Church, Stepney to Spindrift Avenue, Millwall"
"LINESTRING (-0.06691 51.507131,-0.018716 51.49109", "From Nesham Street, Wapping to Spindrift Avenue, Millwall"
"LINESTRING (-0.074431 51.519362,-0.018716 51.49109", "From Fournier Street, Whitechapel to Spindrift Avenue, Millwall"
"LINESTRING (-0.018716 51.49109,-0.018716 51.49109", "From Spindrift Avenue, Millwall to Spindrift Avenue, Millwall"
"LINESTRING (-0.047548 51.528869,-0.04667 51.521889", "From Globe Town Market, Bethnal Green to Stepney Green Station, Stepney"
"LINESTRING (-0.043371 51.518369,-0.04667 51.521889", "From Rectory Square, Stepney to Stepney Green Station, Stepney"
"LINESTRING (-0.092176 51.520044,-0.04667 51.521889", "From Barbican Centre, Barbican to Stepney Green Station, Stepney"
"LINESTRING (-0.051394 51.520893,-0.04667 51.521889", "From Cleveland Way, Stepney to Stepney Green Station, Stepney"
"LINESTRING (-0.075901 51.531091,-0.04667 51.521889", "From Hoxton Station, Hoxton to Stepney Green Station, Stepney"
"LINESTRING (-0.082422 51.516154,-0.04667 51.521889", "From Wormwood Street, Liverpool Street to Stepney Green Station, Stepney"
"LINESTRING (-0.025492 51.530535,-0.04667 51.521889", "From Mostyn Grove, Bow to Stepney Green Station, Stepney"
"LINESTRING (-0.048017 51.531127,-0.04667 51.521889", "From Old Ford Road, Bethnal Green to Stepney Green Station, Stepney"
"LINESTRING (-0.110699 51.501444,-0.04667 51.521889", "From Baylis Road, Waterloo to Stepney Green Station, Stepney"
"LINESTRING (-0.049067 51.51563,-0.04667 51.521889", "From Aylward Street, Stepney to Stepney Green Station, Stepney"
"LINESTRING (-0.025296 51.527058,-0.04667 51.521889", "From Bow Road Station, Bow to Stepney Green Station, Stepney"
"LINESTRING (-0.108657 51.51795,-0.04667 51.521889", "From Holborn Circus, Holborn to Stepney Green Station, Stepney"
"LINESTRING (-0.030556 51.523538,-0.04667 51.521889", "From Southern Grove, Bow to Stepney Green Station, Stepney"
"LINESTRING (-0.082989 51.510484,-0.04667 51.521889", "From Great Tower Street, Monument to Stepney Green Station, Stepney"
"LINESTRING (-0.027581 51.526578,-0.04667 51.521889", "From Merchant Street, Bow to Stepney Green Station, Stepney"
"LINESTRING (-0.049067 51.51563,-0.04667 51.521889", "From Aylward Street, Stepney to Stepney Green Station, Stepney"
"LINESTRING (-0.038775 51.516,-0.04667 51.521889", "From Aston Street, Stepney to Stepney Green Station, Stepney"
"LINESTRING (-0.103078 51.511934,-0.04667 51.521889", "From Blackfriars Station, St. Paul's to Stepney Green Station, Stepney"
"LINESTRING (-0.09644 51.507385,-0.04667 51.521889", "From New Globe Walk, Bankside to Stepney Green Station, Stepney"
"LINESTRING (-0.039264 51.521564,-0.04667 51.521889", "From Harford Street, Mile End to Stepney Green Station, Stepney"
"LINESTRING (-0.038775 51.516,-0.04667 51.521889", "From Aston Street, Stepney to Stepney Green Station, Stepney"
"LINESTRING (-0.077178 51.514449,-0.04667 51.521889", "From Houndsditch, Aldgate to Stepney Green Station, Stepney"
"LINESTRING (-0.038775 51.516,-0.04667 51.521889", "From Aston Street, Stepney to Stepney Green Station, Stepney"
"LINESTRING (-0.051394 51.520893,-0.04667 51.521889", "From Cleveland Way, Stepney to Stepney Green Station, Stepney"
"LINESTRING (-0.055656 51.514222,-0.04667 51.521889", "From Watney Market, Stepney to Stepney Green Station, Stepney"
"LINESTRING (-0.089887 51.520858,-0.04667 51.521889", "From Bunhill Row, Moorgate to Stepney Green Station, Stepney"
"LINESTRING (-0.083935 51.520009,-0.04667 51.521889", "From Sun Street, Liverpool Street to Stepney Green Station, Stepney"
"LINESTRING (-0.06111 51.518675,-0.04667 51.521889", "From Royal London Hospital, Whitechapel to Stepney Green Station, Stepney"
"LINESTRING (-0.06111 51.518675,-0.04667 51.521889", "From Royal London Hospital, Whitechapel to Stepney Green Station, Stepney"
"LINESTRING (-0.083935 51.520009,-0.04667 51.521889", "From Sun Street, Liverpool Street to Stepney Green Station, Stepney"
"LINESTRING (-0.039264 51.521564,-0.04667 51.521889", "From Harford Street, Mile End to Stepney Green Station, Stepney"
"LINESTRING (-0.10044 51.498898,-0.04667 51.521889", "From Borough Road, Elephant & Castle to Stepney Green Station, Stepney"
"LINESTRING (-0.06142 51.532091,-0.04667 51.521889", "From Pritchard's Road, Bethnal Green to Stepney Green Station, Stepney"
"LINESTRING (-0.077121 51.511594,-0.04667 51.521889", "From Crosswall, Tower to Stepney Green Station, Stepney"
"LINESTRING (-0.075375 51.528187,-0.04667 51.521889", "From Columbia Road, Shoreditch to Stepney Green Station, Stepney"
"LINESTRING (-0.051394 51.520893,-0.04667 51.521889", "From Cleveland Way, Stepney to Stepney Green Station, Stepney"
"LINESTRING (-0.055656 51.514222,-0.04667 51.521889", "From Watney Market, Stepney to Stepney Green Station, Stepney"
"LINESTRING (-0.047218 51.526041,-0.04667 51.521889", "From Bancroft Road, Bethnal Green to Stepney Green Station, Stepney"
"LINESTRING (-0.043371 51.518369,-0.04667 51.521889", "From Rectory Square, Stepney to Stepney Green Station, Stepney"
"LINESTRING (-0.088542 51.527025,-0.04667 51.521889", "From Baldwin Street, St. Luke's to Stepney Green Station, Stepney"
"LINESTRING (-0.111471 51.479601,-0.04667 51.521889", "From Cranmer Road, Stockwell to Stepney Green Station, Stepney"
"LINESTRING (-0.025296 51.527058,-0.04667 51.521889", "From Bow Road Station, Bow to Stepney Green Station, Stepney"
"LINESTRING (-0.027616 51.529452,-0.04667 51.521889", "From Malmesbury Road, Bow to Stepney Green Station, Stepney"
"LINESTRING (-0.079249 51.518908,-0.04667 51.521889", "From Brushfield Street, Liverpool Street to Stepney Green Station, Stepney"
"LINESTRING (-0.022694 51.521564,-0.058005 51.527152", "From Cantrell Road, Bow to Pott Street, Bethnal Green"
"LINESTRING (-0.07813 51.526377,-0.058005 51.527152", "From Shoreditch High Street, Shoreditch to Pott Street, Bethnal Green"
"LINESTRING (-0.06555 51.528681,-0.058005 51.527152", "From Durant Street, Bethnal Green to Pott Street, Bethnal Green"
"LINESTRING (-0.06555 51.528681,-0.058005 51.527152", "From Durant Street, Bethnal Green to Pott Street, Bethnal Green"
"LINESTRING (-0.063386 51.521905,-0.058005 51.527152", "From Selby Street, Whitechapel to Pott Street, Bethnal Green"
"LINESTRING (-0.062546 51.535678,-0.058005 51.527152", "From Regent's Row , Haggerston to Pott Street, Bethnal Green"
"LINESTRING (-0.00699 51.508981,-0.058005 51.527152", "From Naval Row, Blackwall to Pott Street, Bethnal Green"
"LINESTRING (-0.089659 51.52548,-0.058005 51.527152", "From Old Street Station, St. Luke's to Pott Street, Bethnal Green"
"LINESTRING (-0.066035 51.531864,-0.058005 51.527152", "From Goldsmith's Row, Haggerston to Pott Street, Bethnal Green"
"LINESTRING (-0.07813 51.526377,-0.058005 51.527152", "From Shoreditch High Street, Shoreditch to Pott Street, Bethnal Green"
"LINESTRING (-0.058005 51.527152,-0.058005 51.527152", "From Pott Street, Bethnal Green to Pott Street, Bethnal Green"
"LINESTRING (-0.032267 51.525501,-0.058005 51.527152", "From Maplin Street, Mile End to Pott Street, Bethnal Green"
"LINESTRING (-0.06111 51.518675,-0.058005 51.527152", "From Royal London Hospital, Whitechapel to Pott Street, Bethnal Green"
"LINESTRING (-0.083159 51.500889,-0.058005 51.527152", "From Tyers Gate, Bermondsey to Pott Street, Bethnal Green"
"LINESTRING (-0.075885 51.536585,-0.058005 51.527152", "From Dunston Road , Haggerston to Pott Street, Bethnal Green"
"LINESTRING (-0.047548 51.528869,-0.058005 51.527152", "From Globe Town Market, Bethnal Green to Pott Street, Bethnal Green"
"LINESTRING (-0.06142 51.532091,-0.058005 51.527152", "From Pritchard's Road, Bethnal Green to Pott Street, Bethnal Green"
"LINESTRING (-0.06555 51.528681,-0.058005 51.527152", "From Durant Street, Bethnal Green to Pott Street, Bethnal Green"
"LINESTRING (-0.087459 51.528673,-0.058005 51.527152", "From East Road, Hoxton to Pott Street, Bethnal Green"
"LINESTRING (-0.06555 51.528681,-0.058005 51.527152", "From Durant Street, Bethnal Green to Pott Street, Bethnal Green"
"LINESTRING (-0.058826 51.54119,-0.058005 51.527152", "From London Fields, Hackney Central to Pott Street, Bethnal Green"
"LINESTRING (-0.130699 51.50777,-0.038986 51.512871", "From Pall Mall East, West End to Flamborough Street, Limehouse"
"LINESTRING (-0.018703 51.528169,-0.038986 51.512871", "From Bow Church Station, Bow to Flamborough Street, Limehouse"
"LINESTRING (-0.134621 51.507424,-0.038986 51.512871", "From St. James's Square, St. James's to Flamborough Street, Limehouse"
"LINESTRING (-0.082422 51.516154,-0.038986 51.512871", "From Wormwood Street, Liverpool Street to Flamborough Street, Limehouse"
"LINESTRING (-0.032566 51.520597,-0.038986 51.512871", "From Mile End Park Leisure Centre, Mile End to Flamborough Street, Limehouse"
"LINESTRING (-0.099828 51.493146,-0.038986 51.512871", "From Strata, Elephant & Castle to Flamborough Street, Limehouse"
"LINESTRING (-0.038775 51.516,-0.038986 51.512871", "From Aston Street, Stepney to Flamborough Street, Limehouse"
"LINESTRING (-0.05438 51.520019,-0.038986 51.512871", "From Ansell House, Stepney to Flamborough Street, Limehouse"
"LINESTRING (-0.043371 51.518369,-0.038986 51.512871", "From Rectory Square, Stepney to Flamborough Street, Limehouse"
"LINESTRING (-0.119558 51.528279,-0.038986 51.512871", "From Cromer Street, Bloomsbury to Flamborough Street, Limehouse"
"LINESTRING (-0.063386 51.521905,-0.038986 51.512871", "From Selby Street, Whitechapel to Flamborough Street, Limehouse"
"LINESTRING (-0.032267 51.525501,-0.038986 51.512871", "From Maplin Street, Mile End to Flamborough Street, Limehouse"
"LINESTRING (-0.075459 51.509506,-0.038986 51.512871", "From Tower Gardens , Tower to Flamborough Street, Limehouse"
"LINESTRING (-0.07813 51.526377,-0.038986 51.512871", "From Shoreditch High Street, Shoreditch to Flamborough Street, Limehouse"
"LINESTRING (-0.049067 51.51563,-0.038986 51.512871", "From Aylward Street, Stepney to Flamborough Street, Limehouse"
"LINESTRING (-0.062546 51.535678,-0.038986 51.512871", "From Regent's Row , Haggerston to Flamborough Street, Limehouse"
"LINESTRING (-0.074431 51.519362,-0.038986 51.512871", "From Fournier Street, Whitechapel to Flamborough Street, Limehouse"
"LINESTRING (-0.038775 51.516,-0.038986 51.512871", "From Aston Street, Stepney to Flamborough Street, Limehouse"
"LINESTRING (-0.105344 51.515059,-0.038986 51.512871", "From St. Bride Street, Holborn to Flamborough Street, Limehouse"
"LINESTRING (-0.058631 51.524583,-0.038986 51.512871", "From Finnis Street, Bethnal Green to Flamborough Street, Limehouse"
"LINESTRING (-0.032267 51.525501,-0.038986 51.512871", "From Maplin Street, Mile End to Flamborough Street, Limehouse"
"LINESTRING (-0.038775 51.516,-0.038986 51.512871", "From Aston Street, Stepney to Flamborough Street, Limehouse"
"LINESTRING (-0.038775 51.516,-0.038986 51.512871", "From Aston Street, Stepney to Flamborough Street, Limehouse"
"LINESTRING (-0.056667 51.511542,-0.038986 51.512871", "From Watney Street, Shadwell to Flamborough Street, Limehouse"
"LINESTRING (-0.032566 51.520597,-0.038986 51.512871", "From Mile End Park Leisure Centre, Mile End to Flamborough Street, Limehouse"
"LINESTRING (-0.032267 51.525501,-0.038986 51.512871", "From Maplin Street, Mile End to Flamborough Street, Limehouse"
"LINESTRING (-0.088285 51.519069,-0.038986 51.512871", "From Moorfields, Moorgate to Flamborough Street, Limehouse"
"LINESTRING (-0.038775 51.516,-0.038986 51.512871", "From Aston Street, Stepney to Flamborough Street, Limehouse"
"LINESTRING (-0.032267 51.525501,-0.038986 51.512871", "From Maplin Street, Mile End to Flamborough Street, Limehouse"
"LINESTRING (-0.041378 51.522507,-0.038986 51.512871", "From Queen Mary's, Mile End to Flamborough Street, Limehouse"
"LINESTRING (-0.038775 51.516,-0.038986 51.512871", "From Aston Street, Stepney to Flamborough Street, Limehouse"
"LINESTRING (-0.070133 51.515231,-0.038986 51.512871", "From Central House, Whitechapel to Flamborough Street, Limehouse"
"LINESTRING (-0.070133 51.515231,-0.038986 51.512871", "From Central House, Whitechapel to Flamborough Street, Limehouse"
"LINESTRING (-0.084985 51.509301,-0.038986 51.512871", "From Lower Thames Street, Monument to Flamborough Street, Limehouse"
"LINESTRING (-0.111778 51.515937,-0.038986 51.512871", "From Breams Buildings, Holborn to Flamborough Street, Limehouse"
"LINESTRING (-0.039264 51.521564,-0.038986 51.512871", "From Harford Street, Mile End to Flamborough Street, Limehouse"
"LINESTRING (-0.032566 51.520597,-0.038986 51.512871", "From Mile End Park Leisure Centre, Mile End to Flamborough Street, Limehouse"
"LINESTRING (-0.057544 51.504749,-0.038986 51.512871", "From Wapping Lane, Wapping to Flamborough Street, Limehouse"
"LINESTRING (-0.032267 51.525501,-0.038986 51.512871", "From Maplin Street, Mile End to Flamborough Street, Limehouse"
"LINESTRING (-0.055167 51.508447,-0.009001 51.487129", "From Garnet Street, Shadwell to Saunders Ness Road, Cubitt Town"
"LINESTRING (-0.020068 51.50357,-0.009001 51.487129", "From Jubilee Plaza, Canary Wharf to Saunders Ness Road, Cubitt Town"
"LINESTRING (-0.06797 51.504904,-0.009001 51.487129", "From Wapping High Street, Wapping to Saunders Ness Road, Cubitt Town"
"LINESTRING (-0.007542 51.493381,-0.009001 51.487129", "From Jubilee Crescent, Cubitt Town to Saunders Ness Road, Cubitt Town"
"LINESTRING (-0.032566 51.520597,-0.009001 51.487129", "From Mile End Park Leisure Centre, Mile End to Saunders Ness Road, Cubitt Town"
"LINESTRING (-0.071653 51.522617,-0.009001 51.487129", "From Brick Lane Market, Shoreditch to Saunders Ness Road, Cubitt Town"
"LINESTRING (-0.06797 51.504904,-0.009001 51.487129", "From Wapping High Street, Wapping to Saunders Ness Road, Cubitt Town"
"LINESTRING (-0.020068 51.50357,-0.009001 51.487129", "From Jubilee Plaza, Canary Wharf to Saunders Ness Road, Cubitt Town"
"LINESTRING (-0.06142 51.532091,-0.009001 51.487129", "From Pritchard's Road, Bethnal Green to Saunders Ness Road, Cubitt Town"
"LINESTRING (-0.01646 51.505772,-0.009001 51.487129", "From Import Dock, Canary Wharf to Saunders Ness Road, Cubitt Town"
"LINESTRING (-0.009506 51.496454,-0.009001 51.487129", "From St. John's Park, Cubitt Town to Saunders Ness Road, Cubitt Town"
"LINESTRING (-0.01646 51.505772,-0.009001 51.487129", "From Import Dock, Canary Wharf to Saunders Ness Road, Cubitt Town"
"LINESTRING (-0.15352 51.503117,-0.173693 51.495948", "From Hyde Park Corner, Hyde Park to Exhibition Road Museums 2, South Kensington"
"LINESTRING (-0.158456 51.502953,-0.173693 51.495948", "From Albert Gate, Hyde Park to Exhibition Road Museums 2, South Kensington"
"LINESTRING (-0.174554 51.499917,-0.173693 51.495948", "From Exhibition Road, Knightsbridge to Exhibition Road Museums 2, South Kensington"
"LINESTRING (-0.138072 51.517344,-0.173693 51.495948", "From Wells Street, Fitzrovia to Exhibition Road Museums 2, South Kensington"
"LINESTRING (-0.124642 51.481747,-0.173693 51.495948", "From South Lambeth Road, Vauxhall to Exhibition Road Museums 2, South Kensington"
"LINESTRING (-0.135635 51.488226,-0.173693 51.495948", "From St. George's Square, Pimlico to Exhibition Road Museums 2, South Kensington"
"LINESTRING (-0.18267 51.494185,-0.173693 51.495948", "From Gloucester Road Station, South Kensington to Exhibition Road Museums 2, South Kensington"
"LINESTRING (-0.174554 51.499917,-0.173693 51.495948", "From Exhibition Road, Knightsbridge to Exhibition Road Museums 2, South Kensington"
"LINESTRING (-0.216305 51.483356,-0.173693 51.495948", "From Everington Street, Fulham to Exhibition Road Museums 2, South Kensington"
"LINESTRING (-0.174411 51.511933,-0.173693 51.495948", "From Bayswater Road, Hyde Park to Exhibition Road Museums 2, South Kensington"
"LINESTRING (-0.170983 51.486892,-0.173693 51.495948", "From Manresa Road, Chelsea to Exhibition Road Museums 2, South Kensington"
"LINESTRING (-0.18267 51.494185,-0.173693 51.495948", "From Gloucester Road Station, South Kensington to Exhibition Road Museums 2, South Kensington"
"LINESTRING (-0.17306 51.505014,-0.173693 51.495948", "From Serpentine Car Park, Hyde Park to Exhibition Road Museums 2, South Kensington"
"LINESTRING (-0.197524 51.511084,-0.173693 51.495948", "From Pembridge Villas, Notting Hill to Exhibition Road Museums 2, South Kensington"
"LINESTRING (-0.154106 51.517703,-0.173693 51.495948", "From George Street, Marylebone to Exhibition Road Museums 2, South Kensington"
"LINESTRING (-0.197524 51.511084,-0.173693 51.495948", "From Pembridge Villas, Notting Hill to Exhibition Road Museums 2, South Kensington"
"LINESTRING (-0.150908 51.47505,-0.173693 51.495948", "From Alfreda Street, Battersea Park to Exhibition Road Museums 2, South Kensington"
"LINESTRING (-0.145393 51.542138,-0.173693 51.495948", "From Castlehaven Road, Camden Town to Exhibition Road Museums 2, South Kensington"
"LINESTRING (-0.190393 51.490163,-0.173693 51.495948", "From Bramham Gardens, Earl's Court to Exhibition Road Museums 2, South Kensington"
"LINESTRING (-0.164786 51.477292,-0.173693 51.495948", "From Ethelburga Estate, Battersea Park to Exhibition Road Museums 2, South Kensington"
"LINESTRING (-0.179668 51.511654,-0.173693 51.495948", "From Lancaster Gate , Bayswater to Exhibition Road Museums 2, South Kensington"
"LINESTRING (-0.167894 51.493184,-0.173693 51.495948", "From Sloane Avenue, Knightsbridge to Exhibition Road Museums 2, South Kensington"
"LINESTRING (-0.194757 51.493343,-0.173693 51.495948", "From Nevern Place, Earl's Court to Exhibition Road Museums 2, South Kensington"
"LINESTRING (-0.197524 51.511084,-0.173693 51.495948", "From Pembridge Villas, Notting Hill to Exhibition Road Museums 2, South Kensington"
"LINESTRING (-0.197524 51.511084,-0.173693 51.495948", "From Pembridge Villas, Notting Hill to Exhibition Road Museums 2, South Kensington"
"LINESTRING (-0.130699 51.50777,-0.173693 51.495948", "From Pall Mall East, West End to Exhibition Road Museums 2, South Kensington"
"LINESTRING (-0.077121 51.511594,-0.047784 51.51328", "From Crosswall, Tower to Albert Gardens, Stepney"
"LINESTRING (-0.022694 51.521564,-0.047784 51.51328", "From Cantrell Road, Bow to Albert Gardens, Stepney"
"LINESTRING (-0.025996 51.509303,-0.047784 51.51328", "From Westferry DLR, Limehouse to Albert Gardens, Stepney"
"LINESTRING (-0.025996 51.509303,-0.047784 51.51328", "From Westferry DLR, Limehouse to Albert Gardens, Stepney"
"LINESTRING (-0.029138 51.516196,-0.047784 51.51328", "From Burdett Road, Mile End to Albert Gardens, Stepney"
"LINESTRING (-0.075855 51.517475,-0.047784 51.51328", "From Bell Lane, Liverpool Street to Albert Gardens, Stepney"
"LINESTRING (-0.029138 51.516196,-0.047784 51.51328", "From Burdett Road, Mile End to Albert Gardens, Stepney"
"LINESTRING (-0.056667 51.511542,-0.047784 51.51328", "From Watney Street, Shadwell to Albert Gardens, Stepney"
"LINESTRING (-0.075459 51.509506,-0.047784 51.51328", "From Tower Gardens , Tower to Albert Gardens, Stepney"
"LINESTRING (-0.025996 51.509303,-0.047784 51.51328", "From Westferry DLR, Limehouse to Albert Gardens, Stepney"
"LINESTRING (-0.08066 51.514225,-0.047784 51.51328", "From St. Mary Axe, Aldgate to Albert Gardens, Stepney"
"LINESTRING (-0.056667 51.511542,-0.047784 51.51328", "From Watney Street, Shadwell to Albert Gardens, Stepney"
"LINESTRING (-0.025996 51.509303,-0.047784 51.51328", "From Westferry DLR, Limehouse to Albert Gardens, Stepney"
"LINESTRING (-0.025626 51.511811,-0.047784 51.51328", "From Canton Street, Poplar to Albert Gardens, Stepney"
"LINESTRING (-0.04667 51.521889,-0.047784 51.51328", "From Stepney Green Station, Stepney to Albert Gardens, Stepney"
"LINESTRING (-0.053558 51.511066,-0.047784 51.51328", "From Sutton Street, Shadwell to Albert Gardens, Stepney"
"LINESTRING (-0.025996 51.509303,-0.047784 51.51328", "From Westferry DLR, Limehouse to Albert Gardens, Stepney"
"LINESTRING (-0.025996 51.509303,-0.047784 51.51328", "From Westferry DLR, Limehouse to Albert Gardens, Stepney"
"LINESTRING (-0.083159 51.500889,-0.047784 51.51328", "From Tyers Gate, Bermondsey to Albert Gardens, Stepney"
"LINESTRING (-0.00699 51.508981,-0.047784 51.51328", "From Naval Row, Blackwall to Albert Gardens, Stepney"
"LINESTRING (-0.025996 51.509303,-0.047784 51.51328", "From Westferry DLR, Limehouse to Albert Gardens, Stepney"
"LINESTRING (-0.025996 51.509303,-0.047784 51.51328", "From Westferry DLR, Limehouse to Albert Gardens, Stepney"
"LINESTRING (-0.09734 51.520841,-0.047784 51.51328", "From Aldersgate Street, Barbican to Albert Gardens, Stepney"
"LINESTRING (-0.055656 51.514222,-0.047784 51.51328", "From Watney Market, Stepney to Albert Gardens, Stepney"
"LINESTRING (-0.014438 51.5112,-0.047784 51.51328", "From Chrisp Street Market, Poplar to Albert Gardens, Stepney"
"LINESTRING (-0.032566 51.520597,-0.013258 51.528828", "From Mile End Park Leisure Centre, Mile End to Bromley High Street, Bow"
"LINESTRING (-0.02163 51.540311,-0.013258 51.528828", "From Monier Road, Hackney Wick to Bromley High Street, Bow"
"LINESTRING (-0.032566 51.520597,-0.013258 51.528828", "From Mile End Park Leisure Centre, Mile End to Bromley High Street, Bow"
"LINESTRING (-0.05438 51.520019,-0.013258 51.528828", "From Ansell House, Stepney to Bromley High Street, Bow"
"LINESTRING (-0.041378 51.522507,-0.048017 51.531127", "From Queen Mary's, Mile End to Old Ford Road, Bethnal Green"
"LINESTRING (-0.09644 51.507385,-0.048017 51.531127", "From New Globe Walk, Bankside to Old Ford Road, Bethnal Green"
"LINESTRING (-0.074284 51.539328,-0.048017 51.531127", "From Haggerston Road, Haggerston to Old Ford Road, Bethnal Green"
"LINESTRING (-0.054883 51.522561,-0.048017 51.531127", "From Cephas Street, Bethnal Green to Old Ford Road, Bethnal Green"
"LINESTRING (-0.0801 51.52959,-0.048017 51.531127", "From Hoxton Street, Hoxton to Old Ford Road, Bethnal Green"
"LINESTRING (-0.037471 51.528224,-0.048017 51.531127", "From Antill Road, Mile End to Old Ford Road, Bethnal Green"
"LINESTRING (-0.036017 51.525941,-0.048017 51.531127", "From Clinton Road, Mile End to Old Ford Road, Bethnal Green"
"LINESTRING (-0.041378 51.522507,-0.048017 51.531127", "From Queen Mary's, Mile End to Old Ford Road, Bethnal Green"
"LINESTRING (-0.075901 51.531091,-0.048017 51.531127", "From Hoxton Station, Hoxton to Old Ford Road, Bethnal Green"
"LINESTRING (-0.0985 51.51601,-0.048017 51.531127", "From King Edward Street, St Pauls to Old Ford Road, Bethnal Green"
"LINESTRING (-0.06142 51.532091,-0.048017 51.531127", "From Pritchard's Road, Bethnal Green to Old Ford Road, Bethnal Green"
"LINESTRING (-0.015717 51.549369,-0.048017 51.531127", "From Lee Valley VeloPark, Queen Elizabeth Olympic Park to Old Ford Road, Bethnal Green"
"LINESTRING (-0.071653 51.522617,-0.048017 51.531127", "From Brick Lane Market, Shoreditch to Old Ford Road, Bethnal Green"
"LINESTRING (-0.06555 51.528681,-0.048017 51.531127", "From Durant Street, Bethnal Green to Old Ford Road, Bethnal Green"
"LINESTRING (-0.067937 51.51793,-0.048017 51.531127", "From Old Montague Street, Whitechapel to Old Ford Road, Bethnal Green"
"LINESTRING (-0.037366 51.534137,-0.048017 51.531127", "From Driffield Road, Old Ford to Old Ford Road, Bethnal Green"
"LINESTRING (-0.051394 51.520893,-0.048017 51.531127", "From Cleveland Way, Stepney to Old Ford Road, Bethnal Green"
"LINESTRING (-0.056667 51.511542,-0.069543 51.525645", "From Watney Street, Shadwell to Granby Street, Shoreditch"
"LINESTRING (-0.134234 51.494591,-0.069543 51.525645", "From Greycoat Street , Westminster to Granby Street, Shoreditch"
"LINESTRING (-0.06992 51.53385,-0.069543 51.525645", "From Queensbridge Road, Haggerston to Granby Street, Shoreditch"
"LINESTRING (-0.06142 51.532091,-0.069543 51.525645", "From Pritchard's Road, Bethnal Green to Granby Street, Shoreditch"
"LINESTRING (-0.111606 51.505569,-0.069543 51.525645", "From Stamford Street, South Bank to Granby Street, Shoreditch"
"LINESTRING (-0.084605 51.521283,-0.069543 51.525645", "From Christopher Street, Liverpool Street to Granby Street, Shoreditch"
"LINESTRING (-0.047548 51.528869,-0.069543 51.525645", "From Globe Town Market, Bethnal Green to Granby Street, Shoreditch"
"LINESTRING (-0.056667 51.511542,-0.069543 51.525645", "From Watney Street, Shadwell to Granby Street, Shoreditch"
"LINESTRING (-0.07813 51.526377,-0.069543 51.525645", "From Shoreditch High Street, Shoreditch to Granby Street, Shoreditch"
"LINESTRING (-0.055894 51.528936,-0.069543 51.525645", "From York Hall, Bethnal Green to Granby Street, Shoreditch"
"LINESTRING (-0.066078 51.514924,-0.069543 51.525645", "From LMU Commercial Road, Whitechapel to Granby Street, Shoreditch"
"LINESTRING (-0.054883 51.522561,-0.069543 51.525645", "From Cephas Street, Bethnal Green to Granby Street, Shoreditch"
"LINESTRING (-0.075885 51.536585,-0.069543 51.525645", "From Dunston Road , Haggerston to Granby Street, Shoreditch"
"LINESTRING (-0.099141 51.512484,-0.069543 51.525645", "From Godliman Street, St. Paul's to Granby Street, Shoreditch"
"LINESTRING (-0.069543 51.525645,-0.069543 51.525645", "From Granby Street, Shoreditch to Granby Street, Shoreditch"
"LINESTRING (-0.088542 51.527025,-0.069543 51.525645", "From Baldwin Street, St. Luke's to Granby Street, Shoreditch"
"LINESTRING (-0.079684 51.516468,-0.069543 51.525645", "From Devonshire Square, Liverpool Street to Granby Street, Shoreditch"
"LINESTRING (-0.062697 51.518154,-0.069543 51.525645", "From New Road 1 , Whitechapel to Granby Street, Shoreditch"
"LINESTRING (-0.06992 51.53385,-0.069543 51.525645", "From Queensbridge Road, Haggerston to Granby Street, Shoreditch"
"LINESTRING (-0.107927 51.513821,-0.069543 51.525645", "From Bouverie Street, Temple to Granby Street, Shoreditch"
"LINESTRING (-0.089887 51.520858,-0.069543 51.525645", "From Bunhill Row, Moorgate to Granby Street, Shoreditch"
"LINESTRING (-0.087459 51.528673,-0.069543 51.525645", "From East Road, Hoxton to Granby Street, Shoreditch"
"LINESTRING (-0.037366 51.534137,-0.069543 51.525645", "From Driffield Road, Old Ford to Granby Street, Shoreditch"
"LINESTRING (-0.033085 51.532513,-0.069543 51.525645", "From Ford Road, Old Ford to Granby Street, Shoreditch"
"LINESTRING (-0.037366 51.534137,-0.069543 51.525645", "From Driffield Road, Old Ford to Granby Street, Shoreditch"
"LINESTRING (-0.062546 51.535678,-0.069543 51.525645", "From Regent's Row , Haggerston to Granby Street, Shoreditch"
"LINESTRING (-0.075855 51.517475,-0.069543 51.525645", "From Bell Lane, Liverpool Street to Granby Street, Shoreditch"
"LINESTRING (-0.07813 51.526377,-0.069543 51.525645", "From Shoreditch High Street, Shoreditch to Granby Street, Shoreditch"
"LINESTRING (-0.070133 51.515231,-0.069543 51.525645", "From Central House, Whitechapel to Granby Street, Shoreditch"
"LINESTRING (-0.074431 51.519362,-0.069543 51.525645", "From Fournier Street, Whitechapel to Granby Street, Shoreditch"
"LINESTRING (-0.028941 51.542118,-0.069543 51.525645", "From Cadogan Close, Victoria Park to Granby Street, Shoreditch"
"LINESTRING (-0.087459 51.528673,-0.069543 51.525645", "From East Road, Hoxton to Granby Street, Shoreditch"
"LINESTRING (-0.092176 51.520044,-0.069543 51.525645", "From Barbican Centre, Barbican to Granby Street, Shoreditch"
"LINESTRING (-0.055312 51.52568,-0.069543 51.525645", "From Bethnal Green Garden, Bethnal Green to Granby Street, Shoreditch"
"LINESTRING (-0.143495 51.509992,-0.069543 51.525645", "From Grafton Street, Mayfair to Granby Street, Shoreditch"
"LINESTRING (-0.056667 51.511542,-0.069543 51.525645", "From Watney Street, Shadwell to Granby Street, Shoreditch"
"LINESTRING (-0.022694 51.521564,-0.069543 51.525645", "From Cantrell Road, Bow to Granby Street, Shoreditch"
"LINESTRING (-0.023565 51.515427,-0.025626 51.511811", "From Stainsby Road , Poplar to Canton Street, Poplar"
"LINESTRING (-0.023565 51.515427,-0.025626 51.511811", "From Stainsby Road , Poplar to Canton Street, Poplar"
"LINESTRING (-0.020068 51.50357,-0.025626 51.511811", "From Jubilee Plaza, Canary Wharf to Canton Street, Poplar"
"LINESTRING (-0.079608 51.521668,-0.025626 51.511811", "From Worship Street, Shoreditch to Canton Street, Poplar"
"LINESTRING (-0.020068 51.50357,-0.025626 51.511811", "From Jubilee Plaza, Canary Wharf to Canton Street, Poplar"
"LINESTRING (-0.020068 51.50357,-0.025626 51.511811", "From Jubilee Plaza, Canary Wharf to Canton Street, Poplar"
"LINESTRING (-0.022694 51.521564,-0.025626 51.511811", "From Cantrell Road, Bow to Canton Street, Poplar"
"LINESTRING (-0.020068 51.50357,-0.025626 51.511811", "From Jubilee Plaza, Canary Wharf to Canton Street, Poplar"
"LINESTRING (-0.074754 51.523648,-0.025626 51.511811", "From Bethnal Green Road, Shoreditch to Canton Street, Poplar"
"LINESTRING (-0.02296 51.50623,-0.025626 51.511811", "From Fisherman's Walk West, Canary Wharf to Canton Street, Poplar"
"LINESTRING (-0.02296 51.50623,-0.025626 51.511811", "From Fisherman's Walk West, Canary Wharf to Canton Street, Poplar"
"LINESTRING (-0.09294 51.511553,-0.025626 51.511811", "From Queen Street 1, Bank to Canton Street, Poplar"
"LINESTRING (-0.041378 51.522507,-0.025626 51.511811", "From Queen Mary's, Mile End to Canton Street, Poplar"
"LINESTRING (-0.014438 51.5112,-0.025626 51.511811", "From Chrisp Street Market, Poplar to Canton Street, Poplar"
"LINESTRING (-0.041378 51.522507,-0.025626 51.511811", "From Queen Mary's, Mile End to Canton Street, Poplar"
"LINESTRING (-0.071653 51.522617,-0.025626 51.511811", "From Brick Lane Market, Shoreditch to Canton Street, Poplar"
"LINESTRING (-0.055167 51.508447,-0.025626 51.511811", "From Garnet Street, Shadwell to Canton Street, Poplar"
"LINESTRING (-0.139956 51.493573,-0.058681 51.506946", "From Queen Mother Sports Centre, Victoria to Reardon Street, Wapping"
"LINESTRING (-0.09885 51.515418,-0.058681 51.506946", "From Newgate Street , St. Paul's to Reardon Street, Wapping"
"LINESTRING (-0.063531 51.504719,-0.058681 51.506946", "From Hermitage Court, Wapping to Reardon Street, Wapping"
"LINESTRING (-0.034903 51.518541,-0.058681 51.506946", "From Mile End Stadium, Mile End to Reardon Street, Wapping"
"LINESTRING (-0.077178 51.514449,-0.058681 51.506946", "From Houndsditch, Aldgate to Reardon Street, Wapping"
"LINESTRING (-0.06691 51.507131,-0.058681 51.506946", "From Nesham Street, Wapping to Reardon Street, Wapping"
"LINESTRING (-0.06691 51.507131,-0.058681 51.506946", "From Nesham Street, Wapping to Reardon Street, Wapping"
"LINESTRING (-0.078869 51.521113,-0.058681 51.506946", "From Norton Folgate, Liverpool Street to Reardon Street, Wapping"
"LINESTRING (-0.06691 51.507131,-0.058681 51.506946", "From Nesham Street, Wapping to Reardon Street, Wapping"
"LINESTRING (-0.06691 51.507131,-0.058681 51.506946", "From Nesham Street, Wapping to Reardon Street, Wapping"
"LINESTRING (-0.082989 51.510484,-0.058681 51.506946", "From Great Tower Street, Monument to Reardon Street, Wapping"
"LINESTRING (-0.06691 51.507131,-0.058681 51.506946", "From Nesham Street, Wapping to Reardon Street, Wapping"
"LINESTRING (-0.08066 51.514225,-0.058681 51.506946", "From St. Mary Axe, Aldgate to Reardon Street, Wapping"
"LINESTRING (-0.075459 51.509506,-0.058681 51.506946", "From Tower Gardens , Tower to Reardon Street, Wapping"
"LINESTRING (-0.087262 51.506304,-0.058681 51.506946", "From Duke Street Hill, London Bridge to Reardon Street, Wapping"
"LINESTRING (-0.06691 51.507131,-0.058681 51.506946", "From Nesham Street, Wapping to Reardon Street, Wapping"
"LINESTRING (-0.063531 51.504719,-0.058681 51.506946", "From Hermitage Court, Wapping to Reardon Street, Wapping"
"LINESTRING (-0.082989 51.510484,-0.058681 51.506946", "From Great Tower Street, Monument to Reardon Street, Wapping"
"LINESTRING (-0.058681 51.506946,-0.058681 51.506946", "From Reardon Street, Wapping to Reardon Street, Wapping"
"LINESTRING (-0.130458 51.494816,-0.058681 51.506946", "From Horseferry Road, Westminster to Reardon Street, Wapping"
"LINESTRING (-0.056667 51.511542,-0.058681 51.506946", "From Watney Street, Shadwell to Reardon Street, Wapping"
"LINESTRING (-0.070542 51.505697,-0.058681 51.506946", "From St. Katharine's Way, Tower to Reardon Street, Wapping"
"LINESTRING (-0.027772 51.505703,-0.058681 51.506946", "From Westferry Circus, Canary Wharf to Reardon Street, Wapping"
"LINESTRING (-0.075459 51.509506,-0.058681 51.506946", "From Tower Gardens , Tower to Reardon Street, Wapping"
"LINESTRING (-0.069542 51.512363,-0.058681 51.506946", "From Leman Street, Aldgate to Reardon Street, Wapping"
"LINESTRING (-0.06691 51.507131,-0.058681 51.506946", "From Nesham Street, Wapping to Reardon Street, Wapping"
"LINESTRING (-0.038986 51.512871,-0.058681 51.506946", "From Flamborough Street, Limehouse to Reardon Street, Wapping"
"LINESTRING (-0.09294 51.511553,-0.058681 51.506946", "From Queen Street 1, Bank to Reardon Street, Wapping"
"LINESTRING (-0.078869 51.521113,-0.058681 51.506946", "From Norton Folgate, Liverpool Street to Reardon Street, Wapping"
"LINESTRING (-0.07962 51.503493,-0.058681 51.506946", "From Tooley Street, Bermondsey to Reardon Street, Wapping"
"LINESTRING (-0.103078 51.511934,-0.058681 51.506946", "From Blackfriars Station, St. Paul's to Reardon Street, Wapping"
"LINESTRING (-0.008428 51.503143,-0.06415 51.51295", "From Lancaster Drive, Blackwall to Christian Street, Whitechapel"
"LINESTRING (-0.092762 51.500296,-0.06415 51.51295", "From Swan Street, The Borough to Christian Street, Whitechapel"
"LINESTRING (-0.025996 51.509303,-0.06415 51.51295", "From Westferry DLR, Limehouse to Christian Street, Whitechapel"
"LINESTRING (-0.008428 51.503143,-0.06415 51.51295", "From Lancaster Drive, Blackwall to Christian Street, Whitechapel"
"LINESTRING (-0.092762 51.500296,-0.06415 51.51295", "From Swan Street, The Borough to Christian Street, Whitechapel"
"LINESTRING (-0.09734 51.520841,-0.06415 51.51295", "From Aldersgate Street, Barbican to Christian Street, Whitechapel"
"LINESTRING (-0.087262 51.506304,-0.06415 51.51295", "From Duke Street Hill, London Bridge to Christian Street, Whitechapel"
"LINESTRING (-0.123179 51.506543,-0.06415 51.51295", "From Whitehall Place, Strand to Christian Street, Whitechapel"
"LINESTRING (-0.062697 51.518154,-0.06415 51.51295", "From New Road 1 , Whitechapel to Christian Street, Whitechapel"
"LINESTRING (-0.110699 51.501444,-0.06415 51.51295", "From Baylis Road, Waterloo to Christian Street, Whitechapel"
"LINESTRING (-0.074431 51.519362,-0.06415 51.51295", "From Fournier Street, Whitechapel to Christian Street, Whitechapel"
"LINESTRING (-0.063471 51.497995,-0.06415 51.51295", "From Bermondsey Station, Bermondsey to Christian Street, Whitechapel"
"LINESTRING (-0.065006 51.508622,-0.06415 51.51295", "From Pennington Street, Wapping to Christian Street, Whitechapel"
"LINESTRING (-0.071653 51.522617,-0.06415 51.51295", "From Brick Lane Market, Shoreditch to Christian Street, Whitechapel"
"LINESTRING (-0.056667 51.511542,-0.06415 51.51295", "From Watney Street, Shadwell to Christian Street, Whitechapel"
"LINESTRING (-0.084985 51.509301,-0.06415 51.51295", "From Lower Thames Street, Monument to Christian Street, Whitechapel"
"LINESTRING (-0.056667 51.511542,-0.06415 51.51295", "From Watney Street, Shadwell to Christian Street, Whitechapel"
"LINESTRING (-0.00699 51.508981,-0.06415 51.51295", "From Naval Row, Blackwall to Christian Street, Whitechapel"
"LINESTRING (-0.071653 51.522617,-0.06415 51.51295", "From Brick Lane Market, Shoreditch to Christian Street, Whitechapel"
"LINESTRING (-0.110699 51.501444,-0.06415 51.51295", "From Baylis Road, Waterloo to Christian Street, Whitechapel"
"LINESTRING (-0.065076 51.52388,-0.06415 51.51295", "From Cheshire Street, Bethnal Green to Christian Street, Whitechapel"
"LINESTRING (-0.066078 51.514924,-0.06415 51.51295", "From LMU Commercial Road, Whitechapel to Christian Street, Whitechapel"
"LINESTRING (-0.07813 51.526377,-0.06415 51.51295", "From Shoreditch High Street, Shoreditch to Christian Street, Whitechapel"
"LINESTRING (-0.055312 51.52568,-0.06415 51.51295", "From Bethnal Green Garden, Bethnal Green to Christian Street, Whitechapel"
"LINESTRING (-0.087262 51.506304,-0.06415 51.51295", "From Duke Street Hill, London Bridge to Christian Street, Whitechapel"
"LINESTRING (-0.09294 51.51397,-0.06415 51.51295", "From Cheapside, Bank to Christian Street, Whitechapel"
"LINESTRING (-0.06111 51.518675,-0.06415 51.51295", "From Royal London Hospital, Whitechapel to Christian Street, Whitechapel"
"LINESTRING (-0.09294 51.51397,-0.06415 51.51295", "From Cheapside, Bank to Christian Street, Whitechapel"
"LINESTRING (-0.079608 51.521668,-0.06415 51.51295", "From Worship Street, Shoreditch to Christian Street, Whitechapel"
"LINESTRING (-0.068161 51.509786,-0.06415 51.51295", "From Dock Street, Wapping to Christian Street, Whitechapel"
"LINESTRING (-0.062697 51.518154,-0.06415 51.51295", "From New Road 1 , Whitechapel to Christian Street, Whitechapel"
"LINESTRING (-0.056667 51.511542,-0.065006 51.508622", "From Watney Street, Shadwell to Pennington Street, Wapping"
"LINESTRING (-0.082989 51.510484,-0.065006 51.508622", "From Great Tower Street, Monument to Pennington Street, Wapping"
"LINESTRING (-0.077121 51.511594,-0.065006 51.508622", "From Crosswall, Tower to Pennington Street, Wapping"
"LINESTRING (-0.021596 51.502661,-0.065006 51.508622", "From Heron Quays DLR, Canary Wharf to Pennington Street, Wapping"
"LINESTRING (-0.042744 51.530326,-0.065006 51.508622", "From Twig Folly Bridge, Mile End to Pennington Street, Wapping"
"LINESTRING (-0.093051 51.511246,-0.065006 51.508622", "From Queen Street 2, Bank to Pennington Street, Wapping"
"LINESTRING (-0.068981 51.498585,-0.065006 51.508622", "From George Row, Bermondsey to Pennington Street, Wapping"
"LINESTRING (-0.074754 51.523648,-0.065006 51.508622", "From Bethnal Green Road, Shoreditch to Pennington Street, Wapping"
"LINESTRING (-0.075459 51.509506,-0.065006 51.508622", "From Tower Gardens , Tower to Pennington Street, Wapping"
"LINESTRING (-0.105312 51.504043,-0.065006 51.508622", "From Southwark Station 1, Southwark to Pennington Street, Wapping"
"LINESTRING (-0.069542 51.512363,-0.065006 51.508622", "From Leman Street, Aldgate to Pennington Street, Wapping"
"LINESTRING (-0.093903 51.530991,-0.065006 51.508622", "From Wenlock Road , Hoxton to Pennington Street, Wapping"
"LINESTRING (-0.079249 51.518908,-0.065006 51.508622", "From Brushfield Street, Liverpool Street to Pennington Street, Wapping"
"LINESTRING (-0.018716 51.49109,-0.065006 51.508622", "From Spindrift Avenue, Millwall to Pennington Street, Wapping"
"LINESTRING (-0.073537 51.514233,-0.065006 51.508622", "From Braham Street, Aldgate to Pennington Street, Wapping"
"LINESTRING (-0.06415 51.51295,-0.065006 51.508622", "From Christian Street, Whitechapel to Pennington Street, Wapping"
"LINESTRING (-0.005659 51.513548,-0.041378 51.522507", "From Aberfeldy Street, Poplar to Queen Mary's, Mile End"
"LINESTRING (-0.058631 51.524583,-0.041378 51.522507", "From Finnis Street, Bethnal Green to Queen Mary's, Mile End"
"LINESTRING (-0.015578 51.52512,-0.041378 51.522507", "From Devons Road, Bow to Queen Mary's, Mile End"
"LINESTRING (-0.041378 51.522507,-0.041378 51.522507", "From Queen Mary's, Mile End to Queen Mary's, Mile End"
"LINESTRING (-0.058641 51.515256,-0.041378 51.522507", "From Philpot Street, Whitechapel to Queen Mary's, Mile End"
"LINESTRING (-0.062697 51.518154,-0.041378 51.522507", "From New Road 1 , Whitechapel to Queen Mary's, Mile End"
"LINESTRING (-0.06691 51.507131,-0.041378 51.522507", "From Nesham Street, Wapping to Queen Mary's, Mile End"
"LINESTRING (-0.011889 51.538718,-0.041378 51.522507", "From Podium, Queen Elizabeth Olympic Park to Queen Mary's, Mile End"
"LINESTRING (-0.025296 51.527058,-0.041378 51.522507", "From Bow Road Station, Bow to Queen Mary's, Mile End"
"LINESTRING (-0.108657 51.51795,-0.041378 51.522507", "From Holborn Circus, Holborn to Queen Mary's, Mile End"
"LINESTRING (-0.048017 51.531127,-0.041378 51.522507", "From Old Ford Road, Bethnal Green to Queen Mary's, Mile End"
"LINESTRING (-0.038557 51.541515,-0.041378 51.522507", "From Gascoyne Road, Victoria Park to Queen Mary's, Mile End"
"LINESTRING (-0.020467 51.513757,-0.041378 51.522507", "From Lindfield Street, Poplar to Queen Mary's, Mile End"
"LINESTRING (-0.023565 51.515427,-0.041378 51.522507", "From Stainsby Road , Poplar to Queen Mary's, Mile End"
"LINESTRING (-0.058005 51.527152,-0.041378 51.522507", "From Pott Street, Bethnal Green to Queen Mary's, Mile End"
"LINESTRING (-0.022694 51.521564,-0.041378 51.522507", "From Cantrell Road, Bow to Queen Mary's, Mile End"
"LINESTRING (-0.02163 51.540311,-0.041378 51.522507", "From Monier Road, Hackney Wick to Queen Mary's, Mile End"
"LINESTRING (-0.038986 51.512871,-0.041378 51.522507", "From Flamborough Street, Limehouse to Queen Mary's, Mile End"
"LINESTRING (-0.051394 51.520893,-0.041378 51.522507", "From Cleveland Way, Stepney to Queen Mary's, Mile End"
"LINESTRING (-0.021345 51.519265,-0.041378 51.522507", "From Furze Green, Bow to Queen Mary's, Mile End"
"LINESTRING (-0.026768 51.520398,-0.041378 51.522507", "From Ackroyd Drive, Bow to Queen Mary's, Mile End"
"LINESTRING (-0.082422 51.516154,-0.041378 51.522507", "From Wormwood Street, Liverpool Street to Queen Mary's, Mile End"
"LINESTRING (-0.062697 51.518154,-0.041378 51.522507", "From New Road 1 , Whitechapel to Queen Mary's, Mile End"
"LINESTRING (-0.058631 51.524583,-0.041378 51.522507", "From Finnis Street, Bethnal Green to Queen Mary's, Mile End"
"LINESTRING (-0.074754 51.523648,-0.041378 51.522507", "From Bethnal Green Road, Shoreditch to Queen Mary's, Mile End"
"LINESTRING (-0.015578 51.52512,-0.041378 51.522507", "From Devons Road, Bow to Queen Mary's, Mile End"
"LINESTRING (-0.015578 51.52512,-0.041378 51.522507", "From Devons Road, Bow to Queen Mary's, Mile End"
"LINESTRING (-0.022694 51.521564,-0.041378 51.522507", "From Cantrell Road, Bow to Queen Mary's, Mile End"
"LINESTRING (-0.025626 51.511811,-0.041378 51.522507", "From Canton Street, Poplar to Queen Mary's, Mile End"
"LINESTRING (-0.021345 51.519265,-0.041378 51.522507", "From Furze Green, Bow to Queen Mary's, Mile End"
"LINESTRING (-0.055312 51.52568,-0.041378 51.522507", "From Bethnal Green Garden, Bethnal Green to Queen Mary's, Mile End"
"LINESTRING (-0.025996 51.509303,-0.041378 51.522507", "From Westferry DLR, Limehouse to Queen Mary's, Mile End"
"LINESTRING (-0.038986 51.512871,-0.041378 51.522507", "From Flamborough Street, Limehouse to Queen Mary's, Mile End"
"LINESTRING (-0.04667 51.521889,-0.041378 51.522507", "From Stepney Green Station, Stepney to Queen Mary's, Mile End"
"LINESTRING (-0.048017 51.531127,-0.041378 51.522507", "From Old Ford Road, Bethnal Green to Queen Mary's, Mile End"
"LINESTRING (-0.047548 51.528869,-0.041378 51.522507", "From Globe Town Market, Bethnal Green to Queen Mary's, Mile End"
"LINESTRING (-0.054162 51.536424,-0.041378 51.522507", "From Victoria Park Road, Hackney Central to Queen Mary's, Mile End"
"LINESTRING (-0.032267 51.525501,-0.032267 51.525501", "From Maplin Street, Mile End to Maplin Street, Mile End"
"LINESTRING (-0.032267 51.525501,-0.032267 51.525501", "From Maplin Street, Mile End to Maplin Street, Mile End"
"LINESTRING (-0.021345 51.519265,-0.032267 51.525501", "From Furze Green, Bow to Maplin Street, Mile End"
"LINESTRING (-0.022694 51.521564,-0.032267 51.525501", "From Cantrell Road, Bow to Maplin Street, Mile End"
"LINESTRING (-0.037471 51.528224,-0.032267 51.525501", "From Antill Road, Mile End to Maplin Street, Mile End"
"LINESTRING (-0.030556 51.523538,-0.032267 51.525501", "From Southern Grove, Bow to Maplin Street, Mile End"
"LINESTRING (-0.027616 51.529452,-0.032267 51.525501", "From Malmesbury Road, Bow to Maplin Street, Mile End"
"LINESTRING (-0.026768 51.520398,-0.032267 51.525501", "From Ackroyd Drive, Bow to Maplin Street, Mile End"
"LINESTRING (-0.021345 51.519265,-0.032267 51.525501", "From Furze Green, Bow to Maplin Street, Mile End"
"LINESTRING (-0.030556 51.523538,-0.032267 51.525501", "From Southern Grove, Bow to Maplin Street, Mile End"
"LINESTRING (-0.037471 51.528224,-0.032267 51.525501", "From Antill Road, Mile End to Maplin Street, Mile End"
"LINESTRING (-0.051394 51.520893,-0.032267 51.525501", "From Cleveland Way, Stepney to Maplin Street, Mile End"
"LINESTRING (-0.037471 51.528224,-0.032267 51.525501", "From Antill Road, Mile End to Maplin Street, Mile End"
"LINESTRING (-0.034903 51.518541,-0.032267 51.525501", "From Mile End Stadium, Mile End to Maplin Street, Mile End"
"LINESTRING (-0.033828 51.514115,-0.032267 51.525501", "From Salmon Lane, Limehouse to Maplin Street, Mile End"
"LINESTRING (-0.028941 51.542118,-0.032267 51.525501", "From Cadogan Close, Victoria Park to Maplin Street, Mile End"
"LINESTRING (-0.117619 51.509943,-0.032267 51.525501", "From Somerset House, Strand to Maplin Street, Mile End"
"LINESTRING (-0.015578 51.52512,-0.032267 51.525501", "From Devons Road, Bow to Maplin Street, Mile End"
"LINESTRING (-0.022694 51.521564,-0.032267 51.525501", "From Cantrell Road, Bow to Maplin Street, Mile End"
"LINESTRING (-0.025492 51.530535,-0.032267 51.525501", "From Mostyn Grove, Bow to Maplin Street, Mile End"
"LINESTRING (-0.109256 51.526443,-0.032267 51.525501", "From Tysoe Street, Clerkenwell to Maplin Street, Mile End"
"LINESTRING (-0.026768 51.520398,-0.032267 51.525501", "From Ackroyd Drive, Bow to Maplin Street, Mile End"
"LINESTRING (-0.021345 51.519265,-0.032267 51.525501", "From Furze Green, Bow to Maplin Street, Mile End"
"LINESTRING (-0.04667 51.521889,-0.032267 51.525501", "From Stepney Green Station, Stepney to Maplin Street, Mile End"
"LINESTRING (-0.025296 51.527058,-0.032267 51.525501", "From Bow Road Station, Bow to Maplin Street, Mile End"
"LINESTRING (-0.049591 51.53341,-0.032267 51.525501", "From Bonner Gate, Victoria Park to Maplin Street, Mile End"
"LINESTRING (-0.074754 51.523648,-0.032267 51.525501", "From Bethnal Green Road, Shoreditch to Maplin Street, Mile End"
"LINESTRING (-0.023565 51.515427,-0.032267 51.525501", "From Stainsby Road , Poplar to Maplin Street, Mile End"
"LINESTRING (-0.029138 51.516196,-0.032267 51.525501", "From Burdett Road, Mile End to Maplin Street, Mile End"
"LINESTRING (-0.078505 51.53095,-0.032267 51.525501", "From Falkirk Street, Hoxton to Maplin Street, Mile End"
"LINESTRING (-0.051394 51.520893,-0.032267 51.525501", "From Cleveland Way, Stepney to Maplin Street, Mile End"
"LINESTRING (-0.038986 51.512871,-0.032267 51.525501", "From Flamborough Street, Limehouse to Maplin Street, Mile End"
"LINESTRING (-0.03338 51.535179,-0.032267 51.525501", "From Gunmakers Lane, Old Ford to Maplin Street, Mile End"
"LINESTRING (-0.028155 51.533283,-0.032267 51.525501", "From Hewison Street, Old Ford to Maplin Street, Mile End"
"LINESTRING (-0.033085 51.532513,-0.032267 51.525501", "From Ford Road, Old Ford to Maplin Street, Mile End"
"LINESTRING (-0.027581 51.526578,-0.032267 51.525501", "From Merchant Street, Bow to Maplin Street, Mile End"
"LINESTRING (-0.020467 51.513757,-0.032267 51.525501", "From Lindfield Street, Poplar to Maplin Street, Mile End"
"LINESTRING (-0.079249 51.518908,-0.032267 51.525501", "From Brushfield Street, Liverpool Street to Maplin Street, Mile End"
"LINESTRING (-0.026768 51.520398,-0.032267 51.525501", "From Ackroyd Drive, Bow to Maplin Street, Mile End"
"LINESTRING (-0.026768 51.520398,-0.032267 51.525501", "From Ackroyd Drive, Bow to Maplin Street, Mile End"
"LINESTRING (-0.058631 51.524583,-0.032267 51.525501", "From Finnis Street, Bethnal Green to Maplin Street, Mile End"
"LINESTRING (-0.021345 51.519265,-0.032267 51.525501", "From Furze Green, Bow to Maplin Street, Mile End"
"LINESTRING (-0.026262 51.536039,-0.032267 51.525501", "From Wendon Street, Old Ford to Maplin Street, Mile End"
"LINESTRING (-0.021345 51.519265,-0.032267 51.525501", "From Furze Green, Bow to Maplin Street, Mile End"
"LINESTRING (-0.051394 51.520893,-0.032267 51.525501", "From Cleveland Way, Stepney to Maplin Street, Mile End"
"LINESTRING (-0.03338 51.535179,-0.032267 51.525501", "From Gunmakers Lane, Old Ford to Maplin Street, Mile End"
"LINESTRING (-0.021345 51.519265,-0.032267 51.525501", "From Furze Green, Bow to Maplin Street, Mile End"
"LINESTRING (-0.03338 51.535179,-0.032267 51.525501", "From Gunmakers Lane, Old Ford to Maplin Street, Mile End"
"LINESTRING (-0.022694 51.521564,-0.032267 51.525501", "From Cantrell Road, Bow to Maplin Street, Mile End"
"LINESTRING (-0.034903 51.518541,-0.032267 51.525501", "From Mile End Stadium, Mile End to Maplin Street, Mile End"
"LINESTRING (-0.073955 51.526293,-0.032267 51.525501", "From Palissy Street, Shoreditch to Maplin Street, Mile End"
"LINESTRING (-0.026768 51.520398,-0.032267 51.525501", "From Ackroyd Drive, Bow to Maplin Street, Mile End"
"LINESTRING (-0.026768 51.520398,-0.032267 51.525501", "From Ackroyd Drive, Bow to Maplin Street, Mile End"
"LINESTRING (-0.026768 51.520398,-0.032267 51.525501", "From Ackroyd Drive, Bow to Maplin Street, Mile End"
"LINESTRING (-0.026768 51.520398,-0.032267 51.525501", "From Ackroyd Drive, Bow to Maplin Street, Mile End"
"LINESTRING (-0.084439 51.524696,-0.032267 51.525501", "From Leonard Circus , Shoreditch to Maplin Street, Mile End"
"LINESTRING (-0.032267 51.525501,-0.032267 51.525501", "From Maplin Street, Mile End to Maplin Street, Mile End"
"LINESTRING (-0.065076 51.52388,-0.032267 51.525501", "From Cheshire Street, Bethnal Green to Maplin Street, Mile End"
"LINESTRING (-0.025492 51.530535,-0.032267 51.525501", "From Mostyn Grove, Bow to Maplin Street, Mile End"
"LINESTRING (-0.016251 51.50196,-0.016251 51.50196", "From South Quay East, Canary Wharf to South Quay East, Canary Wharf"
"LINESTRING (-0.016251 51.50196,-0.016251 51.50196", "From South Quay East, Canary Wharf to South Quay East, Canary Wharf"
"LINESTRING (-0.020157 51.499041,-0.016251 51.50196", "From Lightermans Road, Millwall to South Quay East, Canary Wharf"
"LINESTRING (-0.062697 51.518154,-0.018703 51.528169", "From New Road 1 , Whitechapel to Bow Church Station, Bow"
"LINESTRING (-0.087262 51.506304,-0.018703 51.528169", "From Duke Street Hill, London Bridge to Bow Church Station, Bow"
"LINESTRING (-0.00481 51.541793,-0.018703 51.528169", "From Stratford Station, Stratford to Bow Church Station, Bow"
"LINESTRING (-0.039264 51.521564,-0.018703 51.528169", "From Harford Street, Mile End to Bow Church Station, Bow"
"LINESTRING (-0.013258 51.528828,-0.018703 51.528169", "From Bromley High Street, Bow to Bow Church Station, Bow"
"LINESTRING (-0.01051 51.54094,-0.018703 51.528169", "From Aquatic Centre, Queen Elizabeth Olympic Park to Bow Church Station, Bow"
"LINESTRING (-0.032267 51.525501,-0.018703 51.528169", "From Maplin Street, Mile End to Bow Church Station, Bow"
"LINESTRING (-0.123179 51.506543,-0.018703 51.528169", "From Whitehall Place, Strand to Bow Church Station, Bow"
"LINESTRING (-0.022694 51.521564,-0.018703 51.528169", "From Cantrell Road, Bow to Bow Church Station, Bow"
"LINESTRING (-0.015578 51.52512,-0.018703 51.528169", "From Devons Road, Bow to Bow Church Station, Bow"
"LINESTRING (-0.110699 51.501444,-0.018703 51.528169", "From Baylis Road, Waterloo to Bow Church Station, Bow"
"LINESTRING (-0.06691 51.507131,-0.018703 51.528169", "From Nesham Street, Wapping to Bow Church Station, Bow"
"LINESTRING (-0.038986 51.512871,-0.018703 51.528169", "From Flamborough Street, Limehouse to Bow Church Station, Bow"
"LINESTRING (-0.051394 51.520893,-0.018703 51.528169", "From Cleveland Way, Stepney to Bow Church Station, Bow"
"LINESTRING (-0.025296 51.527058,-0.018703 51.528169", "From Bow Road Station, Bow to Bow Church Station, Bow"
"LINESTRING (-0.15934 51.500241,-0.018703 51.528169", "From Harriet Street, Knightsbridge to Bow Church Station, Bow"
"LINESTRING (-0.013475 51.51549,-0.018703 51.528169", "From Langdon Park, Poplar to Bow Church Station, Bow"
"LINESTRING (-0.027616 51.529452,-0.018703 51.528169", "From Malmesbury Road, Bow to Bow Church Station, Bow"
"LINESTRING (-0.020157 51.499041,-0.015578 51.52512", "From Lightermans Road, Millwall to Devons Road, Bow"
"LINESTRING (-0.089659 51.52548,-0.015578 51.52512", "From Old Street Station, St. Luke's to Devons Road, Bow"
"LINESTRING (-0.018703 51.528169,-0.015578 51.52512", "From Bow Church Station, Bow to Devons Road, Bow"
"LINESTRING (-0.036017 51.525941,-0.015578 51.52512", "From Clinton Road, Mile End to Devons Road, Bow"
"LINESTRING (-0.093051 51.511246,-0.015578 51.52512", "From Queen Street 2, Bank to Devons Road, Bow"
"LINESTRING (-0.029138 51.516196,-0.015578 51.52512", "From Burdett Road, Mile End to Devons Road, Bow"
"LINESTRING (-0.027581 51.526578,-0.015578 51.52512", "From Merchant Street, Bow to Devons Road, Bow"
"LINESTRING (-0.051394 51.520893,-0.015578 51.52512", "From Cleveland Way, Stepney to Devons Road, Bow"
"LINESTRING (-0.029138 51.516196,-0.015578 51.52512", "From Burdett Road, Mile End to Devons Road, Bow"
"LINESTRING (-0.051394 51.520893,-0.015578 51.52512", "From Cleveland Way, Stepney to Devons Road, Bow"
"LINESTRING (-0.077178 51.514449,-0.015578 51.52512", "From Houndsditch, Aldgate to Devons Road, Bow"
"LINESTRING (-0.047218 51.526041,-0.015578 51.52512", "From Bancroft Road, Bethnal Green to Devons Road, Bow"
"LINESTRING (-0.028155 51.533283,-0.015578 51.52512", "From Hewison Street, Old Ford to Devons Road, Bow"
"LINESTRING (-0.009935 51.546326,-0.027581 51.526578", "From East Village, Queen Elizabeth Olympic Park to Merchant Street, Bow"
"LINESTRING (-0.09734 51.520841,-0.027581 51.526578", "From Aldersgate Street, Barbican to Merchant Street, Bow"
"LINESTRING (-0.018703 51.528169,-0.027581 51.526578", "From Bow Church Station, Bow to Merchant Street, Bow"
"LINESTRING (-0.025296 51.527058,-0.027581 51.526578", "From Bow Road Station, Bow to Merchant Street, Bow"
"LINESTRING (-0.05438 51.520019,-0.027581 51.526578", "From Ansell House, Stepney to Merchant Street, Bow"
"LINESTRING (-0.018703 51.528169,-0.027581 51.526578", "From Bow Church Station, Bow to Merchant Street, Bow"
"LINESTRING (-0.015717 51.549369,-0.027581 51.526578", "From Lee Valley VeloPark, Queen Elizabeth Olympic Park to Merchant Street, Bow"
"LINESTRING (-0.037471 51.528224,-0.027581 51.526578", "From Antill Road, Mile End to Merchant Street, Bow"
"LINESTRING (-0.054883 51.522561,-0.027581 51.526578", "From Cephas Street, Bethnal Green to Merchant Street, Bow"
"LINESTRING (-0.062697 51.518154,-0.027581 51.526578", "From New Road 1 , Whitechapel to Merchant Street, Bow"
"LINESTRING (-0.063386 51.521905,-0.027581 51.526578", "From Selby Street, Whitechapel to Merchant Street, Bow"
"LINESTRING (-0.01051 51.54094,-0.027581 51.526578", "From Aquatic Centre, Queen Elizabeth Olympic Park to Merchant Street, Bow"
"LINESTRING (-0.08497 51.50964,-0.027581 51.526578", "From Monument Street, Monument to Merchant Street, Bow"
"LINESTRING (-0.030556 51.523538,-0.025296 51.527058", "From Southern Grove, Bow to Bow Road Station, Bow"
"LINESTRING (-0.026262 51.536039,-0.025296 51.527058", "From Wendon Street, Old Ford to Bow Road Station, Bow"
"LINESTRING (-0.03338 51.535179,-0.025296 51.527058", "From Gunmakers Lane, Old Ford to Bow Road Station, Bow"
"LINESTRING (-0.032566 51.520597,-0.025296 51.527058", "From Mile End Park Leisure Centre, Mile End to Bow Road Station, Bow"
"LINESTRING (-0.01051 51.54094,-0.025296 51.527058", "From Aquatic Centre, Queen Elizabeth Olympic Park to Bow Road Station, Bow"
"LINESTRING (-0.018703 51.528169,-0.025296 51.527058", "From Bow Church Station, Bow to Bow Road Station, Bow"
"LINESTRING (-0.063386 51.521905,-0.025296 51.527058", "From Selby Street, Whitechapel to Bow Road Station, Bow"
"LINESTRING (-0.062697 51.518154,-0.025296 51.527058", "From New Road 1 , Whitechapel to Bow Road Station, Bow"
"LINESTRING (-0.051394 51.520893,-0.025296 51.527058", "From Cleveland Way, Stepney to Bow Road Station, Bow"
"LINESTRING (-0.077121 51.511594,-0.025296 51.527058", "From Crosswall, Tower to Bow Road Station, Bow"
"LINESTRING (-0.08066 51.514225,-0.025296 51.527058", "From St. Mary Axe, Aldgate to Bow Road Station, Bow"
"LINESTRING (-0.028155 51.533283,-0.025296 51.527058", "From Hewison Street, Old Ford to Bow Road Station, Bow"
"LINESTRING (-0.028155 51.533283,-0.025296 51.527058", "From Hewison Street, Old Ford to Bow Road Station, Bow"
"LINESTRING (-0.034903 51.518541,-0.025296 51.527058", "From Mile End Stadium, Mile End to Bow Road Station, Bow"
"LINESTRING (-0.028155 51.533283,-0.025296 51.527058", "From Hewison Street, Old Ford to Bow Road Station, Bow"
"LINESTRING (-0.03338 51.535179,-0.025296 51.527058", "From Gunmakers Lane, Old Ford to Bow Road Station, Bow"
"LINESTRING (-0.026768 51.520398,-0.025296 51.527058", "From Ackroyd Drive, Bow to Bow Road Station, Bow"
"LINESTRING (-0.062546 51.535678,-0.025296 51.527058", "From Regent's Row , Haggerston to Bow Road Station, Bow"
"LINESTRING (-0.029138 51.516196,-0.025296 51.527058", "From Burdett Road, Mile End to Bow Road Station, Bow"
"LINESTRING (-0.063386 51.521905,-0.025296 51.527058", "From Selby Street, Whitechapel to Bow Road Station, Bow"
"LINESTRING (-0.051394 51.520893,-0.025296 51.527058", "From Cleveland Way, Stepney to Bow Road Station, Bow"
"LINESTRING (-0.106237 51.507244,-0.025296 51.527058", "From Milroy Walk, South Bank to Bow Road Station, Bow"
"LINESTRING (-0.028155 51.533283,-0.025296 51.527058", "From Hewison Street, Old Ford to Bow Road Station, Bow"
"LINESTRING (-0.041378 51.522507,-0.025296 51.527058", "From Queen Mary's, Mile End to Bow Road Station, Bow"
"LINESTRING (-0.032267 51.525501,-0.021345 51.519265", "From Maplin Street, Mile End to Furze Green, Bow"
"LINESTRING (-0.06111 51.518675,-0.021345 51.519265", "From Royal London Hospital, Whitechapel to Furze Green, Bow"
"LINESTRING (-0.074754 51.523648,-0.021345 51.519265", "From Bethnal Green Road, Shoreditch to Furze Green, Bow"
"LINESTRING (-0.079248 51.524526,-0.021345 51.519265", "From New Inn Yard, Shoreditch to Furze Green, Bow"
"LINESTRING (-0.04667 51.521889,-0.021345 51.519265", "From Stepney Green Station, Stepney to Furze Green, Bow"
"LINESTRING (-0.032267 51.525501,-0.021345 51.519265", "From Maplin Street, Mile End to Furze Green, Bow"
"LINESTRING (-0.032267 51.525501,-0.021345 51.519265", "From Maplin Street, Mile End to Furze Green, Bow"
"LINESTRING (-0.118677 51.5338,-0.021345 51.519265", "From Killick Street, King's Cross to Furze Green, Bow"
"LINESTRING (-0.062697 51.518154,-0.021345 51.519265", "From New Road 1 , Whitechapel to Furze Green, Bow"
"LINESTRING (-0.032267 51.525501,-0.021345 51.519265", "From Maplin Street, Mile End to Furze Green, Bow"
"LINESTRING (-0.123179 51.506543,-0.021345 51.519265", "From Whitehall Place, Strand to Furze Green, Bow"
"LINESTRING (-0.014438 51.5112,-0.021345 51.519265", "From Chrisp Street Market, Poplar to Furze Green, Bow"
"LINESTRING (-0.038986 51.512871,-0.021345 51.519265", "From Flamborough Street, Limehouse to Furze Green, Bow"
"LINESTRING (-0.041378 51.522507,-0.021345 51.519265", "From Queen Mary's, Mile End to Furze Green, Bow"
"LINESTRING (-0.032267 51.525501,-0.021345 51.519265", "From Maplin Street, Mile End to Furze Green, Bow"
"LINESTRING (-0.03338 51.535179,-0.021345 51.519265", "From Gunmakers Lane, Old Ford to Furze Green, Bow"
"LINESTRING (-0.138072 51.517344,-0.021345 51.519265", "From Wells Street, Fitzrovia to Furze Green, Bow"
"LINESTRING (-0.032267 51.525501,-0.021345 51.519265", "From Maplin Street, Mile End to Furze Green, Bow"
"LINESTRING (-0.025626 51.511811,-0.021345 51.519265", "From Canton Street, Poplar to Furze Green, Bow"
"LINESTRING (-0.034903 51.518541,-0.021345 51.519265", "From Mile End Stadium, Mile End to Furze Green, Bow"
"LINESTRING (-0.032267 51.525501,-0.021345 51.519265", "From Maplin Street, Mile End to Furze Green, Bow"
"LINESTRING (-0.051394 51.520893,-0.021345 51.519265", "From Cleveland Way, Stepney to Furze Green, Bow"
"LINESTRING (-0.079248 51.524526,-0.021345 51.519265", "From New Inn Yard, Shoreditch to Furze Green, Bow"
"LINESTRING (-0.034903 51.518541,-0.021345 51.519265", "From Mile End Stadium, Mile End to Furze Green, Bow"
"LINESTRING (-0.06111 51.518675,-0.021345 51.519265", "From Royal London Hospital, Whitechapel to Furze Green, Bow"
"LINESTRING (-0.08497 51.50964,-0.021345 51.519265", "From Monument Street, Monument to Furze Green, Bow"
"LINESTRING (-0.05438 51.520019,-0.021345 51.519265", "From Ansell House, Stepney to Furze Green, Bow"
"LINESTRING (-0.034903 51.518541,-0.05438 51.520019", "From Mile End Stadium, Mile End to Ansell House, Stepney"
"LINESTRING (-0.055894 51.528936,-0.05438 51.520019", "From York Hall, Bethnal Green to Ansell House, Stepney"
"LINESTRING (-0.057544 51.504749,-0.05438 51.520019", "From Wapping Lane, Wapping to Ansell House, Stepney"
"LINESTRING (-0.099994 51.522853,-0.05438 51.520019", "From Berry Street, Clerkenwell to Ansell House, Stepney"
"LINESTRING (-0.07962 51.503493,-0.05438 51.520019", "From Tooley Street, Bermondsey to Ansell House, Stepney"
"LINESTRING (-0.036017 51.525941,-0.05438 51.520019", "From Clinton Road, Mile End to Ansell House, Stepney"
"LINESTRING (-0.062697 51.518154,-0.05438 51.520019", "From New Road 1 , Whitechapel to Ansell House, Stepney"
"LINESTRING (-0.123179 51.506543,-0.05438 51.520019", "From Whitehall Place, Strand to Ansell House, Stepney"
"LINESTRING (-0.032267 51.525501,-0.05438 51.520019", "From Maplin Street, Mile End to Ansell House, Stepney"
"LINESTRING (-0.026262 51.536039,-0.05438 51.520019", "From Wendon Street, Old Ford to Ansell House, Stepney"
"LINESTRING (-0.093051 51.511246,-0.05438 51.520019", "From Queen Street 2, Bank to Ansell House, Stepney"
"LINESTRING (-0.093421 51.529154,-0.05438 51.520019", "From Windsor Terrace, Hoxton to Ansell House, Stepney"
"LINESTRING (-0.055656 51.514222,-0.05438 51.520019", "From Watney Market, Stepney to Ansell House, Stepney"
"LINESTRING (-0.04667 51.521889,-0.05438 51.520019", "From Stepney Green Station, Stepney to Ansell House, Stepney"
"LINESTRING (-0.04667 51.521889,-0.05438 51.520019", "From Stepney Green Station, Stepney to Ansell House, Stepney"
"LINESTRING (-0.071653 51.522617,-0.05438 51.520019", "From Brick Lane Market, Shoreditch to Ansell House, Stepney"
"LINESTRING (-0.053177 51.515975,-0.05438 51.520019", "From Jubilee Street, Stepney to Ansell House, Stepney"
"LINESTRING (-0.043371 51.518369,-0.05438 51.520019", "From Rectory Square, Stepney to Ansell House, Stepney"
"LINESTRING (-0.053177 51.515975,-0.05438 51.520019", "From Jubilee Street, Stepney to Ansell House, Stepney"
"LINESTRING (-0.013258 51.528828,-0.05438 51.520019", "From Bromley High Street, Bow to Ansell House, Stepney"
"LINESTRING (-0.109914 51.531666,-0.05438 51.520019", "From Claremont Square, Angel to Ansell House, Stepney"
"LINESTRING (-0.034903 51.518541,-0.05438 51.520019", "From Mile End Stadium, Mile End to Ansell House, Stepney"
"LINESTRING (-0.094475 51.521747,-0.05438 51.520019", "From Golden Lane, Barbican to Ansell House, Stepney"
"LINESTRING (-0.025296 51.527058,-0.05438 51.520019", "From Bow Road Station, Bow to Ansell House, Stepney"
"LINESTRING (-0.021345 51.519265,-0.05438 51.520019", "From Furze Green, Bow to Ansell House, Stepney"
"LINESTRING (-0.06111 51.518675,-0.05438 51.520019", "From Royal London Hospital, Whitechapel to Ansell House, Stepney"
"LINESTRING (-0.025296 51.527058,-0.05438 51.520019", "From Bow Road Station, Bow to Ansell House, Stepney"
"LINESTRING (-0.051394 51.520893,-0.05438 51.520019", "From Cleveland Way, Stepney to Ansell House, Stepney"
"LINESTRING (-0.062546 51.535678,-0.05438 51.520019", "From Regent's Row , Haggerston to Ansell House, Stepney"
"LINESTRING (-0.04667 51.521889,-0.05438 51.520019", "From Stepney Green Station, Stepney to Ansell House, Stepney"
"LINESTRING (-0.043371 51.518369,-0.05438 51.520019", "From Rectory Square, Stepney to Ansell House, Stepney"
"LINESTRING (-0.092921 51.494436,-0.054883 51.522561", "From New Kent Road, The Borough to Cephas Street, Bethnal Green"
"LINESTRING (-0.075855 51.517475,-0.054883 51.522561", "From Bell Lane, Liverpool Street to Cephas Street, Bethnal Green"
"LINESTRING (-0.018703 51.528169,-0.054883 51.522561", "From Bow Church Station, Bow to Cephas Street, Bethnal Green"
"LINESTRING (-0.059091 51.528692,-0.054883 51.522561", "From Clarkson Street, Bethnal Green to Cephas Street, Bethnal Green"
"LINESTRING (-0.069543 51.525645,-0.054883 51.522561", "From Granby Street, Shoreditch to Cephas Street, Bethnal Green"
"LINESTRING (-0.062546 51.535678,-0.054883 51.522561", "From Regent's Row , Haggerston to Cephas Street, Bethnal Green"
"LINESTRING (-0.084605 51.521283,-0.054883 51.522561", "From Christopher Street, Liverpool Street to Cephas Street, Bethnal Green"
"LINESTRING (-0.049591 51.53341,-0.054883 51.522561", "From Bonner Gate, Victoria Park to Cephas Street, Bethnal Green"
"LINESTRING (-0.047218 51.526041,-0.054883 51.522561", "From Bancroft Road, Bethnal Green to Cephas Street, Bethnal Green"
"LINESTRING (-0.055312 51.52568,-0.054883 51.522561", "From Bethnal Green Garden, Bethnal Green to Cephas Street, Bethnal Green"
"LINESTRING (-0.014691 51.546805,-0.054883 51.522561", "From Timber Lodge, Queen Elizabeth Olympic Park to Cephas Street, Bethnal Green"
"LINESTRING (-0.054883 51.522561,-0.054883 51.522561", "From Cephas Street, Bethnal Green to Cephas Street, Bethnal Green"
"LINESTRING (-0.048017 51.531127,-0.054883 51.522561", "From Old Ford Road, Bethnal Green to Cephas Street, Bethnal Green"
"LINESTRING (-0.11655 51.51824,-0.054883 51.522561", "From Red Lion Street, Holborn to Cephas Street, Bethnal Green"
"LINESTRING (-0.070133 51.515231,-0.054883 51.522561", "From Central House, Whitechapel to Cephas Street, Bethnal Green"
"LINESTRING (-0.078505 51.53095,-0.054883 51.522561", "From Falkirk Street, Hoxton to Cephas Street, Bethnal Green"
"LINESTRING (-0.06415 51.51295,-0.054883 51.522561", "From Christian Street, Whitechapel to Cephas Street, Bethnal Green"
"LINESTRING (-0.066078 51.514924,-0.054883 51.522561", "From LMU Commercial Road, Whitechapel to Cephas Street, Bethnal Green"
"LINESTRING (-0.066078 51.514924,-0.054883 51.522561", "From LMU Commercial Road, Whitechapel to Cephas Street, Bethnal Green"
"LINESTRING (-0.075855 51.517475,-0.054883 51.522561", "From Bell Lane, Liverpool Street to Cephas Street, Bethnal Green"
"LINESTRING (-0.075855 51.517475,-0.054883 51.522561", "From Bell Lane, Liverpool Street to Cephas Street, Bethnal Green"
"LINESTRING (-0.037366 51.534137,-0.054883 51.522561", "From Driffield Road, Old Ford to Cephas Street, Bethnal Green"
"LINESTRING (-0.135478 51.495827,-0.054883 51.522561", "From Rochester Row, Westminster to Cephas Street, Bethnal Green"
"LINESTRING (-0.053558 51.511066,-0.054883 51.522561", "From Sutton Street, Shadwell to Cephas Street, Bethnal Green"
"LINESTRING (-0.026262 51.536039,-0.054883 51.522561", "From Wendon Street, Old Ford to Cephas Street, Bethnal Green"
"LINESTRING (-0.111606 51.505569,-0.049591 51.53341", "From Stamford Street, South Bank to Bonner Gate, Victoria Park"
"LINESTRING (-0.054883 51.522561,-0.049591 51.53341", "From Cephas Street, Bethnal Green to Bonner Gate, Victoria Park"
"LINESTRING (-0.059091 51.528692,-0.049591 51.53341", "From Clarkson Street, Bethnal Green to Bonner Gate, Victoria Park"
"LINESTRING (-0.018703 51.528169,-0.049591 51.53341", "From Bow Church Station, Bow to Bonner Gate, Victoria Park"
"LINESTRING (-0.033828 51.514115,-0.049591 51.53341", "From Salmon Lane, Limehouse to Bonner Gate, Victoria Park"
"LINESTRING (-0.116279 51.524564,-0.049591 51.53341", "From Wren Street, Holborn to Bonner Gate, Victoria Park"
"LINESTRING (-0.07813 51.526377,-0.049591 51.53341", "From Shoreditch High Street, Shoreditch to Bonner Gate, Victoria Park"
"LINESTRING (-0.049591 51.53341,-0.049591 51.53341", "From Bonner Gate, Victoria Park to Bonner Gate, Victoria Park"
"LINESTRING (-0.093903 51.530991,-0.049591 51.53341", "From Wenlock Road , Hoxton to Bonner Gate, Victoria Park"
"LINESTRING (-0.055312 51.52568,-0.049591 51.53341", "From Bethnal Green Garden, Bethnal Green to Bonner Gate, Victoria Park"
"LINESTRING (-0.053177 51.515975,-0.049591 51.53341", "From Jubilee Street, Stepney to Bonner Gate, Victoria Park"
"LINESTRING (-0.020467 51.513757,-0.049591 51.53341", "From Lindfield Street, Poplar to Bonner Gate, Victoria Park"
"LINESTRING (-0.055894 51.528936,-0.049591 51.53341", "From York Hall, Bethnal Green to Bonner Gate, Victoria Park"
"LINESTRING (-0.054883 51.522561,-0.049591 51.53341", "From Cephas Street, Bethnal Green to Bonner Gate, Victoria Park"
"LINESTRING (-0.055894 51.528936,-0.049591 51.53341", "From York Hall, Bethnal Green to Bonner Gate, Victoria Park"
"LINESTRING (-0.07962 51.503493,-0.049591 51.53341", "From Tooley Street, Bermondsey to Bonner Gate, Victoria Park"
"LINESTRING (-0.02163 51.540311,-0.049591 51.53341", "From Monier Road, Hackney Wick to Bonner Gate, Victoria Park"
"LINESTRING (-0.070329 51.539083,-0.049591 51.53341", "From Shoreditch Court, Haggerston to Bonner Gate, Victoria Park"
"LINESTRING (-0.06555 51.528681,-0.049591 51.53341", "From Durant Street, Bethnal Green to Bonner Gate, Victoria Park"
"LINESTRING (-0.018703 51.528169,-0.049591 51.53341", "From Bow Church Station, Bow to Bonner Gate, Victoria Park"
"LINESTRING (-0.015717 51.549369,-0.049591 51.53341", "From Lee Valley VeloPark, Queen Elizabeth Olympic Park to Bonner Gate, Victoria Park"
"LINESTRING (-0.036017 51.525941,-0.049591 51.53341", "From Clinton Road, Mile End to Bonner Gate, Victoria Park"
"LINESTRING (-0.055894 51.528936,-0.049591 51.53341", "From York Hall, Bethnal Green to Bonner Gate, Victoria Park"
"LINESTRING (-0.06142 51.532091,-0.049591 51.53341", "From Pritchard's Road, Bethnal Green to Bonner Gate, Victoria Park"
"LINESTRING (-0.071653 51.522617,-0.049591 51.53341", "From Brick Lane Market, Shoreditch to Bonner Gate, Victoria Park"
"LINESTRING (-0.06142 51.532091,-0.049591 51.53341", "From Pritchard's Road, Bethnal Green to Bonner Gate, Victoria Park"
"LINESTRING (-0.049591 51.53341,-0.051394 51.520893", "From Bonner Gate, Victoria Park to Cleveland Way, Stepney"
"LINESTRING (-0.087262 51.506304,-0.051394 51.520893", "From Duke Street Hill, London Bridge to Cleveland Way, Stepney"
"LINESTRING (-0.089659 51.52548,-0.051394 51.520893", "From Old Street Station, St. Luke's to Cleveland Way, Stepney"
"LINESTRING (-0.036017 51.525941,-0.051394 51.520893", "From Clinton Road, Mile End to Cleveland Way, Stepney"
"LINESTRING (-0.034903 51.518541,-0.051394 51.520893", "From Mile End Stadium, Mile End to Cleveland Way, Stepney"
"LINESTRING (-0.082422 51.516154,-0.051394 51.520893", "From Wormwood Street, Liverpool Street to Cleveland Way, Stepney"
"LINESTRING (-0.055894 51.528936,-0.051394 51.520893", "From York Hall, Bethnal Green to Cleveland Way, Stepney"
"LINESTRING (-0.054883 51.522561,-0.051394 51.520893", "From Cephas Street, Bethnal Green to Cleveland Way, Stepney"
"LINESTRING (-0.079249 51.518908,-0.051394 51.520893", "From Brushfield Street, Liverpool Street to Cleveland Way, Stepney"
"LINESTRING (-0.047218 51.526041,-0.051394 51.520893", "From Bancroft Road, Bethnal Green to Cleveland Way, Stepney"
"LINESTRING (-0.032267 51.525501,-0.051394 51.520893", "From Maplin Street, Mile End to Cleveland Way, Stepney"
"LINESTRING (-0.119643 51.511756,-0.051394 51.520893", "From Wellington Street , Strand to Cleveland Way, Stepney"
"LINESTRING (-0.107927 51.513821,-0.051394 51.520893", "From Bouverie Street, Temple to Cleveland Way, Stepney"
"LINESTRING (-0.047784 51.51328,-0.051394 51.520893", "From Albert Gardens, Stepney to Cleveland Way, Stepney"
"LINESTRING (-0.06111 51.518675,-0.051394 51.520893", "From Royal London Hospital, Whitechapel to Cleveland Way, Stepney"
"LINESTRING (-0.014582 51.490645,-0.051394 51.520893", "From Mudchute DLR, Cubitt Town to Cleveland Way, Stepney"
"LINESTRING (-0.06142 51.532091,-0.051394 51.520893", "From Pritchard's Road, Bethnal Green to Cleveland Way, Stepney"
"LINESTRING (-0.055167 51.508447,-0.051394 51.520893", "From Garnet Street, Shadwell to Cleveland Way, Stepney"
"LINESTRING (-0.073537 51.514233,-0.051394 51.520893", "From Braham Street, Aldgate to Cleveland Way, Stepney"
"LINESTRING (-0.032566 51.520597,-0.051394 51.520893", "From Mile End Park Leisure Centre, Mile End to Cleveland Way, Stepney"
"LINESTRING (-0.039264 51.521564,-0.051394 51.520893", "From Harford Street, Mile End to Cleveland Way, Stepney"
"LINESTRING (-0.074431 51.519362,-0.051394 51.520893", "From Fournier Street, Whitechapel to Cleveland Way, Stepney"
"LINESTRING (-0.06142 51.532091,-0.051394 51.520893", "From Pritchard's Road, Bethnal Green to Cleveland Way, Stepney"
"LINESTRING (-0.028941 51.542118,-0.051394 51.520893", "From Cadogan Close, Victoria Park to Cleveland Way, Stepney"
"LINESTRING (-0.026768 51.520398,-0.051394 51.520893", "From Ackroyd Drive, Bow to Cleveland Way, Stepney"
"LINESTRING (-0.117774 51.513875,-0.051394 51.520893", "From Kingsway Southbound, Strand to Cleveland Way, Stepney"
"LINESTRING (-0.07962 51.503493,-0.051394 51.520893", "From Tooley Street, Bermondsey to Cleveland Way, Stepney"
"LINESTRING (-0.079249 51.518908,-0.051394 51.520893", "From Brushfield Street, Liverpool Street to Cleveland Way, Stepney"
"LINESTRING (-0.100186 51.505817,-0.051394 51.520893", "From Bankside Mix, Bankside to Cleveland Way, Stepney"
"LINESTRING (-0.051394 51.520893,-0.051394 51.520893", "From Cleveland Way, Stepney to Cleveland Way, Stepney"
"LINESTRING (-0.077178 51.514449,-0.051394 51.520893", "From Houndsditch, Aldgate to Cleveland Way, Stepney"
"LINESTRING (-0.067937 51.51793,-0.051394 51.520893", "From Old Montague Street, Whitechapel to Cleveland Way, Stepney"
"LINESTRING (-0.034903 51.518541,-0.051394 51.520893", "From Mile End Stadium, Mile End to Cleveland Way, Stepney"
"LINESTRING (-0.067937 51.51793,-0.051394 51.520893", "From Old Montague Street, Whitechapel to Cleveland Way, Stepney"
"LINESTRING (-0.041378 51.522507,-0.051394 51.520893", "From Queen Mary's, Mile End to Cleveland Way, Stepney"
"LINESTRING (-0.058826 51.54119,-0.051394 51.520893", "From London Fields, Hackney Central to Cleveland Way, Stepney"
"LINESTRING (-0.058641 51.515256,-0.051394 51.520893", "From Philpot Street, Whitechapel to Cleveland Way, Stepney"
"LINESTRING (-0.08974 51.500823,-0.051394 51.520893", "From Empire Square, The Borough to Cleveland Way, Stepney"
"LINESTRING (-0.058641 51.515256,-0.051394 51.520893", "From Philpot Street, Whitechapel to Cleveland Way, Stepney"
"LINESTRING (-0.030556 51.523538,-0.051394 51.520893", "From Southern Grove, Bow to Cleveland Way, Stepney"
"LINESTRING (-0.039264 51.521564,-0.051394 51.520893", "From Harford Street, Mile End to Cleveland Way, Stepney"
"LINESTRING (-0.09294 51.51397,-0.051394 51.520893", "From Cheapside, Bank to Cleveland Way, Stepney"
"LINESTRING (-0.06111 51.518675,-0.051394 51.520893", "From Royal London Hospital, Whitechapel to Cleveland Way, Stepney"
"LINESTRING (-0.051394 51.520893,-0.051394 51.520893", "From Cleveland Way, Stepney to Cleveland Way, Stepney"
"LINESTRING (-0.088285 51.519069,-0.051394 51.520893", "From Moorfields, Moorgate to Cleveland Way, Stepney"
"LINESTRING (-0.047784 51.51328,-0.051394 51.520893", "From Albert Gardens, Stepney to Cleveland Way, Stepney"
"LINESTRING (-0.04667 51.521889,-0.051394 51.520893", "From Stepney Green Station, Stepney to Cleveland Way, Stepney"
"LINESTRING (-0.094524 51.500694,-0.051394 51.520893", "From Borough High Street, The Borough to Cleveland Way, Stepney"
"LINESTRING (-0.029138 51.516196,-0.051394 51.520893", "From Burdett Road, Mile End to Cleveland Way, Stepney"
"LINESTRING (-0.038986 51.512871,-0.051394 51.520893", "From Flamborough Street, Limehouse to Cleveland Way, Stepney"
"LINESTRING (-0.06111 51.518675,-0.051394 51.520893", "From Royal London Hospital, Whitechapel to Cleveland Way, Stepney"
"LINESTRING (-0.025296 51.527058,-0.051394 51.520893", "From Bow Road Station, Bow to Cleveland Way, Stepney"
"LINESTRING (-0.04667 51.521889,-0.051394 51.520893", "From Stepney Green Station, Stepney to Cleveland Way, Stepney"
"LINESTRING (-0.070329 51.539083,-0.051394 51.520893", "From Shoreditch Court, Haggerston to Cleveland Way, Stepney"
"LINESTRING (-0.053177 51.515975,-0.051394 51.520893", "From Jubilee Street, Stepney to Cleveland Way, Stepney"
"LINESTRING (-0.047548 51.528869,-0.051394 51.520893", "From Globe Town Market, Bethnal Green to Cleveland Way, Stepney"
"LINESTRING (-0.079608 51.521668,-0.051394 51.520893", "From Worship Street, Shoreditch to Cleveland Way, Stepney"
"LINESTRING (-0.053177 51.515975,-0.051394 51.520893", "From Jubilee Street, Stepney to Cleveland Way, Stepney"
"LINESTRING (-0.11655 51.51824,-0.051394 51.520893", "From Red Lion Street, Holborn to Cleveland Way, Stepney"
"LINESTRING (-0.04667 51.521889,-0.051394 51.520893", "From Stepney Green Station, Stepney to Cleveland Way, Stepney"
"LINESTRING (-0.034903 51.518541,-0.051394 51.520893", "From Mile End Stadium, Mile End to Cleveland Way, Stepney"
"LINESTRING (-0.119643 51.511756,-0.051394 51.520893", "From Wellington Street , Strand to Cleveland Way, Stepney"
"LINESTRING (-0.018716 51.49109,-0.009506 51.496454", "From Spindrift Avenue, Millwall to St. John's Park, Cubitt Town"
"LINESTRING (-0.018716 51.49109,-0.009506 51.496454", "From Spindrift Avenue, Millwall to St. John's Park, Cubitt Town"
"LINESTRING (-0.018716 51.49109,-0.009506 51.496454", "From Spindrift Avenue, Millwall to St. John's Park, Cubitt Town"
"LINESTRING (-0.014409 51.49447,-0.009506 51.496454", "From East Ferry Road, Cubitt Town to St. John's Park, Cubitt Town"
"LINESTRING (-0.007542 51.493381,-0.009506 51.496454", "From Jubilee Crescent, Cubitt Town to St. John's Park, Cubitt Town"
"LINESTRING (-0.018716 51.49109,-0.009506 51.496454", "From Spindrift Avenue, Millwall to St. John's Park, Cubitt Town"
"LINESTRING (-0.018716 51.49109,-0.009506 51.496454", "From Spindrift Avenue, Millwall to St. John's Park, Cubitt Town"
"LINESTRING (-0.01646 51.505772,-0.026768 51.520398", "From Import Dock, Canary Wharf to Ackroyd Drive, Bow"
"LINESTRING (-0.033085 51.532513,-0.026768 51.520398", "From Ford Road, Old Ford to Ackroyd Drive, Bow"
"LINESTRING (-0.037471 51.528224,-0.026768 51.520398", "From Antill Road, Mile End to Ackroyd Drive, Bow"
"LINESTRING (-0.026768 51.520398,-0.026768 51.520398", "From Ackroyd Drive, Bow to Ackroyd Drive, Bow"
"LINESTRING (-0.032267 51.525501,-0.026768 51.520398", "From Maplin Street, Mile End to Ackroyd Drive, Bow"
"LINESTRING (-0.032267 51.525501,-0.026768 51.520398", "From Maplin Street, Mile End to Ackroyd Drive, Bow"
"LINESTRING (-0.032267 51.525501,-0.026768 51.520398", "From Maplin Street, Mile End to Ackroyd Drive, Bow"
"LINESTRING (-0.026768 51.520398,-0.026768 51.520398", "From Ackroyd Drive, Bow to Ackroyd Drive, Bow"
"LINESTRING (-0.047548 51.528869,-0.026768 51.520398", "From Globe Town Market, Bethnal Green to Ackroyd Drive, Bow"
"LINESTRING (-0.026768 51.520398,-0.026768 51.520398", "From Ackroyd Drive, Bow to Ackroyd Drive, Bow"
"LINESTRING (-0.032267 51.525501,-0.026768 51.520398", "From Maplin Street, Mile End to Ackroyd Drive, Bow"
"LINESTRING (-0.038986 51.512871,-0.026768 51.520398", "From Flamborough Street, Limehouse to Ackroyd Drive, Bow"
"LINESTRING (-0.037471 51.528224,-0.026768 51.520398", "From Antill Road, Mile End to Ackroyd Drive, Bow"
"LINESTRING (-0.032267 51.525501,-0.026768 51.520398", "From Maplin Street, Mile End to Ackroyd Drive, Bow"
"LINESTRING (-0.032267 51.525501,-0.026768 51.520398", "From Maplin Street, Mile End to Ackroyd Drive, Bow"
"LINESTRING (-0.079249 51.518908,-0.026768 51.520398", "From Brushfield Street, Liverpool Street to Ackroyd Drive, Bow"
"LINESTRING (-0.079248 51.524526,-0.026768 51.520398", "From New Inn Yard, Shoreditch to Ackroyd Drive, Bow"
"LINESTRING (-0.032267 51.525501,-0.026768 51.520398", "From Maplin Street, Mile End to Ackroyd Drive, Bow"
"LINESTRING (-0.025296 51.527058,-0.026768 51.520398", "From Bow Road Station, Bow to Ackroyd Drive, Bow"
"LINESTRING (-0.04667 51.521889,-0.026768 51.520398", "From Stepney Green Station, Stepney to Ackroyd Drive, Bow"
"LINESTRING (-0.01646 51.505772,-0.026768 51.520398", "From Import Dock, Canary Wharf to Ackroyd Drive, Bow"
"LINESTRING (-0.01646 51.505772,-0.026768 51.520398", "From Import Dock, Canary Wharf to Ackroyd Drive, Bow"
"LINESTRING (-0.051394 51.520893,-0.026768 51.520398", "From Cleveland Way, Stepney to Ackroyd Drive, Bow"
"LINESTRING (-0.086685 51.517075,-0.075855 51.517475", "From Finsbury Circus, Liverpool Street to Bell Lane, Liverpool Street"
"LINESTRING (-0.180246 51.501026,-0.075855 51.517475", "From Queen's Gate (North), Kensington to Bell Lane, Liverpool Street"
"LINESTRING (-0.084605 51.521283,-0.075855 51.517475", "From Christopher Street, Liverpool Street to Bell Lane, Liverpool Street"
"LINESTRING (-0.130504 51.526838,-0.075855 51.517475", "From Endsleigh Gardens, Euston to Bell Lane, Liverpool Street"
"LINESTRING (-0.0801 51.52959,-0.075855 51.517475", "From Hoxton Street, Hoxton to Bell Lane, Liverpool Street"
"LINESTRING (-0.074704 51.500845,-0.075855 51.517475", "From Tower Wharf, Bermondsey to Bell Lane, Liverpool Street"
"LINESTRING (-0.0801 51.52959,-0.075855 51.517475", "From Hoxton Street, Hoxton to Bell Lane, Liverpool Street"
"LINESTRING (-0.10454 51.505461,-0.075855 51.517475", "From Blackfriars Road, Southwark to Bell Lane, Liverpool Street"
"LINESTRING (-0.084605 51.521283,-0.075855 51.517475", "From Christopher Street, Liverpool Street to Bell Lane, Liverpool Street"
"LINESTRING (-0.086379 51.534042,-0.075855 51.517475", "From Shoreditch Park, Hoxton to Bell Lane, Liverpool Street"
"LINESTRING (-0.08497 51.50964,-0.075855 51.517475", "From Monument Street, Monument to Bell Lane, Liverpool Street"
"LINESTRING (-0.075855 51.517475,-0.075855 51.517475", "From Bell Lane, Liverpool Street to Bell Lane, Liverpool Street"
"LINESTRING (-0.075885 51.536585,-0.075855 51.517475", "From Dunston Road , Haggerston to Bell Lane, Liverpool Street"
"LINESTRING (-0.047784 51.51328,-0.075855 51.517475", "From Albert Gardens, Stepney to Bell Lane, Liverpool Street"
"LINESTRING (-0.070542 51.505697,-0.075855 51.517475", "From St. Katharine's Way, Tower to Bell Lane, Liverpool Street"
"LINESTRING (-0.070133 51.515231,-0.075855 51.517475", "From Central House, Whitechapel to Bell Lane, Liverpool Street"
"LINESTRING (-0.07962 51.503493,-0.075855 51.517475", "From Tooley Street, Bermondsey to Bell Lane, Liverpool Street"
"LINESTRING (-0.087262 51.506304,-0.075855 51.517475", "From Duke Street Hill, London Bridge to Bell Lane, Liverpool Street"
"LINESTRING (-0.036017 51.525941,-0.075855 51.517475", "From Clinton Road, Mile End to Bell Lane, Liverpool Street"
"LINESTRING (-0.066078 51.514924,-0.075855 51.517475", "From LMU Commercial Road, Whitechapel to Bell Lane, Liverpool Street"
"LINESTRING (-0.071881 51.534776,-0.075855 51.517475", "From Thurtle Road, Haggerston to Bell Lane, Liverpool Street"
"LINESTRING (-0.079201 51.537277,-0.075855 51.517475", "From Hertford Road, De Beauvoir Town to Bell Lane, Liverpool Street"
"LINESTRING (-0.083353 51.529537,-0.075855 51.517475", "From Fanshaw Street, Hoxton to Bell Lane, Liverpool Street"
"LINESTRING (-0.09644 51.507385,-0.075855 51.517475", "From New Globe Walk, Bankside to Bell Lane, Liverpool Street"
"LINESTRING (-0.057159 51.511088,-0.075855 51.517475", "From Shadwell Station, Shadwell to Bell Lane, Liverpool Street"
"LINESTRING (-0.070542 51.505697,-0.075855 51.517475", "From St. Katharine's Way, Tower to Bell Lane, Liverpool Street"
"LINESTRING (-0.079608 51.521668,-0.075855 51.517475", "From Worship Street, Shoreditch to Bell Lane, Liverpool Street"
"LINESTRING (-0.069543 51.525645,-0.075855 51.517475", "From Granby Street, Shoreditch to Bell Lane, Liverpool Street"
"LINESTRING (-0.172078 51.482567,-0.075855 51.517475", "From Danvers Street, West Chelsea to Bell Lane, Liverpool Street"
"LINESTRING (-0.04667 51.521889,-0.075855 51.517475", "From Stepney Green Station, Stepney to Bell Lane, Liverpool Street"
"LINESTRING (-0.063531 51.504719,-0.075855 51.517475", "From Hermitage Court, Wapping to Bell Lane, Liverpool Street"
"LINESTRING (-0.049591 51.53341,-0.059091 51.528692", "From Bonner Gate, Victoria Park to Clarkson Street, Bethnal Green"
"LINESTRING (-0.041378 51.522507,-0.059091 51.528692", "From Queen Mary's, Mile End to Clarkson Street, Bethnal Green"
"LINESTRING (-0.049591 51.53341,-0.059091 51.528692", "From Bonner Gate, Victoria Park to Clarkson Street, Bethnal Green"
"LINESTRING (-0.098497 51.503688,-0.059091 51.528692", "From Union Street, The Borough to Clarkson Street, Bethnal Green"
"LINESTRING (-0.066035 51.531864,-0.059091 51.528692", "From Goldsmith's Row, Haggerston to Clarkson Street, Bethnal Green"
"LINESTRING (-0.048017 51.531127,-0.059091 51.528692", "From Old Ford Road, Bethnal Green to Clarkson Street, Bethnal Green"
"LINESTRING (-0.110699 51.501444,-0.059091 51.528692", "From Baylis Road, Waterloo to Clarkson Street, Bethnal Green"
"LINESTRING (-0.099994 51.522853,-0.059091 51.528692", "From Berry Street, Clerkenwell to Clarkson Street, Bethnal Green"
"LINESTRING (-0.047218 51.526041,-0.059091 51.528692", "From Bancroft Road, Bethnal Green to Clarkson Street, Bethnal Green"
"LINESTRING (-0.0985 51.51601,-0.059091 51.528692", "From King Edward Street, St Pauls to Clarkson Street, Bethnal Green"
"LINESTRING (-0.073955 51.526293,-0.059091 51.528692", "From Palissy Street, Shoreditch to Clarkson Street, Bethnal Green"
"LINESTRING (-0.08249 51.53558,-0.059091 51.528692", "From Pitfield Street North,Hoxton to Clarkson Street, Bethnal Green"
"LINESTRING (-0.07962 51.503493,-0.059091 51.528692", "From Tooley Street, Bermondsey to Clarkson Street, Bethnal Green"
"LINESTRING (-0.085814 51.495061,-0.074431 51.519362", "From Bricklayers Arms, Borough to Fournier Street, Whitechapel"
"LINESTRING (-0.075885 51.536585,-0.074431 51.519362", "From Dunston Road , Haggerston to Fournier Street, Whitechapel"
"LINESTRING (-0.130504 51.526838,-0.074431 51.519362", "From Endsleigh Gardens, Euston to Fournier Street, Whitechapel"
"LINESTRING (-0.087262 51.506304,-0.074431 51.519362", "From Duke Street Hill, London Bridge to Fournier Street, Whitechapel"
"LINESTRING (-0.083935 51.520009,-0.074431 51.519362", "From Sun Street, Liverpool Street to Fournier Street, Whitechapel"
"LINESTRING (-0.107913 51.498386,-0.074431 51.519362", "From Westminster Bridge Road, Elephant & Castle to Fournier Street, Whitechapel"
"LINESTRING (-0.086016 51.53114,-0.074431 51.519362", "From New North Road 2, Hoxton to Fournier Street, Whitechapel"
"LINESTRING (-0.112824 51.503791,-0.074431 51.519362", "From Waterloo Station 3, Waterloo to Fournier Street, Whitechapel"
"LINESTRING (-0.104298 51.526717,-0.074431 51.519362", "From Finsbury Library , Finsbury to Fournier Street, Whitechapel"
"LINESTRING (-0.075855 51.517475,-0.074431 51.519362", "From Bell Lane, Liverpool Street to Fournier Street, Whitechapel"
"LINESTRING (-0.094475 51.521747,-0.074431 51.519362", "From Golden Lane, Barbican to Fournier Street, Whitechapel"
"LINESTRING (-0.122219 51.51477,-0.074431 51.519362", "From Drury Lane, Covent Garden to Fournier Street, Whitechapel"
"LINESTRING (-0.108657 51.51795,-0.074431 51.519362", "From Holborn Circus, Holborn to Fournier Street, Whitechapel"
"LINESTRING (-0.032566 51.520597,-0.074431 51.519362", "From Mile End Park Leisure Centre, Mile End to Fournier Street, Whitechapel"
"LINESTRING (-0.094475 51.521747,-0.074431 51.519362", "From Golden Lane, Barbican to Fournier Street, Whitechapel"
"LINESTRING (-0.087262 51.506304,-0.074431 51.519362", "From Duke Street Hill, London Bridge to Fournier Street, Whitechapel"
"LINESTRING (-0.023565 51.515427,-0.074431 51.519362", "From Stainsby Road , Poplar to Fournier Street, Whitechapel"
"LINESTRING (-0.068161 51.509786,-0.074431 51.519362", "From Dock Street, Wapping to Fournier Street, Whitechapel"
"LINESTRING (-0.025996 51.509303,-0.074431 51.519362", "From Westferry DLR, Limehouse to Fournier Street, Whitechapel"
"LINESTRING (-0.068161 51.509786,-0.074431 51.519362", "From Dock Street, Wapping to Fournier Street, Whitechapel"
"LINESTRING (-0.09734 51.520841,-0.074431 51.519362", "From Aldersgate Street, Barbican to Fournier Street, Whitechapel"
"LINESTRING (-0.167515 51.530529,-0.074431 51.519362", "From St. John's Wood Church, The Regent's Park to Fournier Street, Whitechapel"
"LINESTRING (-0.039264 51.521564,-0.074431 51.519362", "From Harford Street, Mile End to Fournier Street, Whitechapel"
"LINESTRING (-0.089887 51.520858,-0.074431 51.519362", "From Bunhill Row, Moorgate to Fournier Street, Whitechapel"
"LINESTRING (-0.10527 51.515809,-0.074431 51.519362", "From Stonecutter Street, Holborn to Fournier Street, Whitechapel"
"LINESTRING (-0.06142 51.532091,-0.074431 51.519362", "From Pritchard's Road, Bethnal Green to Fournier Street, Whitechapel"
"LINESTRING (-0.086379 51.534042,-0.074431 51.519362", "From Shoreditch Park, Hoxton to Fournier Street, Whitechapel"
"LINESTRING (-0.07962 51.503493,-0.074431 51.519362", "From Tooley Street, Bermondsey to Fournier Street, Whitechapel"
"LINESTRING (-0.087459 51.528673,-0.074431 51.519362", "From East Road, Hoxton to Fournier Street, Whitechapel"
"LINESTRING (-0.089659 51.52548,-0.074431 51.519362", "From Old Street Station, St. Luke's to Fournier Street, Whitechapel"
"LINESTRING (-0.155442 51.474376,-0.074431 51.519362", "From Austin Road, Battersea Park to Fournier Street, Whitechapel"
"LINESTRING (-0.029138 51.516196,-0.074431 51.519362", "From Burdett Road, Mile End to Fournier Street, Whitechapel"
"LINESTRING (-0.09294 51.51397,-0.074431 51.519362", "From Cheapside, Bank to Fournier Street, Whitechapel"
"LINESTRING (-0.074754 51.523648,-0.074431 51.519362", "From Bethnal Green Road, Shoreditch to Fournier Street, Whitechapel"
"LINESTRING (-0.070542 51.505697,-0.074431 51.519362", "From St. Katharine's Way, Tower to Fournier Street, Whitechapel"
"LINESTRING (-0.09294 51.511553,-0.074431 51.519362", "From Queen Street 1, Bank to Fournier Street, Whitechapel"
"LINESTRING (-0.127854 51.517727,-0.074431 51.519362", "From Great Russell Street, Bloomsbury to Fournier Street, Whitechapel"
"LINESTRING (-0.062697 51.518154,-0.074431 51.519362", "From New Road 1 , Whitechapel to Fournier Street, Whitechapel"
"LINESTRING (-0.104708 51.52326,-0.074431 51.519362", "From Clerkenwell Green, Clerkenwell to Fournier Street, Whitechapel"
"LINESTRING (-0.096496 51.517821,-0.074431 51.519362", "From Museum of London, Barbican to Fournier Street, Whitechapel"
"LINESTRING (-0.058641 51.515256,-0.074431 51.519362", "From Philpot Street, Whitechapel to Fournier Street, Whitechapel"
"LINESTRING (-0.077178 51.514449,-0.090075 51.517842", "From Houndsditch, Aldgate to Fore Street, Guildhall"
"LINESTRING (-0.075885 51.536585,-0.090075 51.517842", "From Dunston Road , Haggerston to Fore Street, Guildhall"
"LINESTRING (-0.107927 51.513821,-0.090075 51.517842", "From Bouverie Street, Temple to Fore Street, Guildhall"
"LINESTRING (-0.140741 51.488057,-0.090075 51.517842", "From Alderney Street, Pimlico to Fore Street, Guildhall"
"LINESTRING (-0.106323 51.490757,-0.090075 51.517842", "From Cotton Garden Estate, Kennington to Fore Street, Guildhall"
"LINESTRING (-0.113426 51.503919,-0.090075 51.517842", "From Waterloo Station 2, Waterloo to Fore Street, Guildhall"
"LINESTRING (-0.119643 51.511756,-0.090075 51.517842", "From Wellington Street , Strand to Fore Street, Guildhall"
"LINESTRING (-0.102757 51.536384,-0.090075 51.517842", "From Islington Green, Angel to Fore Street, Guildhall"
"LINESTRING (-0.079201 51.537277,-0.090075 51.517842", "From Hertford Road, De Beauvoir Town to Fore Street, Guildhall"
"LINESTRING (-0.077178 51.514449,-0.090075 51.517842", "From Houndsditch, Aldgate to Fore Street, Guildhall"
"LINESTRING (-0.100791 51.518218,-0.090075 51.517842", "From West Smithfield Rotunda, Farringdon to Fore Street, Guildhall"
"LINESTRING (-0.101536 51.49217,-0.090075 51.517842", "From Hampton Street, Walworth to Fore Street, Guildhall"
"LINESTRING (-0.122502 51.523951,-0.090075 51.517842", "From Brunswick Square, Bloomsbury to Fore Street, Guildhall"
"LINESTRING (-0.074754 51.523648,-0.090075 51.517842", "From Bethnal Green Road, Shoreditch to Fore Street, Guildhall"
"LINESTRING (-0.047218 51.526041,-0.090075 51.517842", "From Bancroft Road, Bethnal Green to Fore Street, Guildhall"
"LINESTRING (-0.112824 51.503791,-0.090075 51.517842", "From Waterloo Station 3, Waterloo to Fore Street, Guildhall"
"LINESTRING (-0.06691 51.507131,-0.090075 51.517842", "From Nesham Street, Wapping to Fore Street, Guildhall"
"LINESTRING (-0.084439 51.524696,-0.090075 51.517842", "From Leonard Circus , Shoreditch to Fore Street, Guildhall"
"LINESTRING (-0.108028 51.518825,-0.090075 51.517842", "From Hatton Garden, Holborn to Fore Street, Guildhall"
"LINESTRING (-0.052099 51.51417,-0.090075 51.517842", "From St. Mary & St. Michael Church, Stepney to Fore Street, Guildhall"
"LINESTRING (-0.096317 51.526008,-0.090075 51.517842", "From Finsbury Leisure Centre, St. Luke's to Fore Street, Guildhall"
"LINESTRING (-0.15934 51.500241,-0.090075 51.517842", "From Harriet Street, Knightsbridge to Fore Street, Guildhall"
"LINESTRING (-0.096317 51.526008,-0.090075 51.517842", "From Finsbury Leisure Centre, St. Luke's to Fore Street, Guildhall"
"LINESTRING (-0.113426 51.503919,-0.090075 51.517842", "From Waterloo Station 2, Waterloo to Fore Street, Guildhall"
"LINESTRING (-0.047218 51.526041,-0.090075 51.517842", "From Bancroft Road, Bethnal Green to Fore Street, Guildhall"
"LINESTRING (-0.123616 51.529943,-0.090075 51.517842", "From Belgrove Street , King's Cross to Fore Street, Guildhall"
"LINESTRING (-0.079608 51.521668,-0.090075 51.517842", "From Worship Street, Shoreditch to Fore Street, Guildhall"
"LINESTRING (-0.096496 51.517821,-0.090075 51.517842", "From Museum of London, Barbican to Fore Street, Guildhall"
"LINESTRING (-0.10044 51.498898,-0.090075 51.517842", "From Borough Road, Elephant & Castle to Fore Street, Guildhall"
"LINESTRING (-0.101536 51.49217,-0.090075 51.517842", "From Hampton Street, Walworth to Fore Street, Guildhall"
"LINESTRING (-0.11655 51.51824,-0.090075 51.517842", "From Red Lion Street, Holborn to Fore Street, Guildhall"
"LINESTRING (-0.139625 51.490962,-0.090075 51.517842", "From Gloucester Street, Pimlico to Fore Street, Guildhall"
"LINESTRING (-0.082989 51.510484,-0.090075 51.517842", "From Great Tower Street, Monument to Fore Street, Guildhall"
"LINESTRING (-0.149004 51.485821,-0.090075 51.517842", "From Chelsea Bridge, Pimlico to Fore Street, Guildhall"
"LINESTRING (-0.079201 51.537277,-0.090075 51.517842", "From Hertford Road, De Beauvoir Town to Fore Street, Guildhall"
"LINESTRING (-0.023565 51.515427,-0.025996 51.509303", "From Stainsby Road , Poplar to Westferry DLR, Limehouse"
"LINESTRING (-0.020068 51.50357,-0.025996 51.509303", "From Jubilee Plaza, Canary Wharf to Westferry DLR, Limehouse"
"LINESTRING (-0.020068 51.50357,-0.025996 51.509303", "From Jubilee Plaza, Canary Wharf to Westferry DLR, Limehouse"
"LINESTRING (-0.020068 51.50357,-0.025996 51.509303", "From Jubilee Plaza, Canary Wharf to Westferry DLR, Limehouse"
"LINESTRING (-0.020068 51.50357,-0.025996 51.509303", "From Jubilee Plaza, Canary Wharf to Westferry DLR, Limehouse"
"LINESTRING (-0.020467 51.513757,-0.025996 51.509303", "From Lindfield Street, Poplar to Westferry DLR, Limehouse"
"LINESTRING (-0.028155 51.533283,-0.025996 51.509303", "From Hewison Street, Old Ford to Westferry DLR, Limehouse"
"LINESTRING (-0.020068 51.50357,-0.025996 51.509303", "From Jubilee Plaza, Canary Wharf to Westferry DLR, Limehouse"
"LINESTRING (-0.023565 51.515427,-0.025996 51.509303", "From Stainsby Road , Poplar to Westferry DLR, Limehouse"
"LINESTRING (-0.087459 51.528673,-0.025996 51.509303", "From East Road, Hoxton to Westferry DLR, Limehouse"
"LINESTRING (-0.06111 51.518675,-0.025996 51.509303", "From Royal London Hospital, Whitechapel to Westferry DLR, Limehouse"
"LINESTRING (-0.056667 51.511542,-0.025996 51.509303", "From Watney Street, Shadwell to Westferry DLR, Limehouse"
"LINESTRING (-0.047548 51.528869,-0.025996 51.509303", "From Globe Town Market, Bethnal Green to Westferry DLR, Limehouse"
"LINESTRING (-0.025996 51.509303,-0.025996 51.509303", "From Westferry DLR, Limehouse to Westferry DLR, Limehouse"
"LINESTRING (-0.057159 51.511088,-0.025996 51.509303", "From Shadwell Station, Shadwell to Westferry DLR, Limehouse"
"LINESTRING (-0.020068 51.50357,-0.025996 51.509303", "From Jubilee Plaza, Canary Wharf to Westferry DLR, Limehouse"
"LINESTRING (-0.020467 51.513757,-0.025996 51.509303", "From Lindfield Street, Poplar to Westferry DLR, Limehouse"
"LINESTRING (-0.018716 51.49109,-0.025996 51.509303", "From Spindrift Avenue, Millwall to Westferry DLR, Limehouse"
"LINESTRING (-0.020068 51.50357,-0.025996 51.509303", "From Jubilee Plaza, Canary Wharf to Westferry DLR, Limehouse"
"LINESTRING (-0.020068 51.50357,-0.025996 51.509303", "From Jubilee Plaza, Canary Wharf to Westferry DLR, Limehouse"
"LINESTRING (-0.09885 51.515418,-0.025996 51.509303", "From Newgate Street , St. Paul's to Westferry DLR, Limehouse"
"LINESTRING (-0.01646 51.505772,-0.025996 51.509303", "From Import Dock, Canary Wharf to Westferry DLR, Limehouse"
"LINESTRING (-0.023565 51.515427,-0.025996 51.509303", "From Stainsby Road , Poplar to Westferry DLR, Limehouse"
"LINESTRING (-0.039264 51.521564,-0.025996 51.509303", "From Harford Street, Mile End to Westferry DLR, Limehouse"
"LINESTRING (-0.015578 51.52512,-0.025996 51.509303", "From Devons Road, Bow to Westferry DLR, Limehouse"
"LINESTRING (-0.008428 51.503143,-0.025996 51.509303", "From Lancaster Drive, Blackwall to Westferry DLR, Limehouse"
"LINESTRING (-0.075901 51.531091,-0.025996 51.509303", "From Hoxton Station, Hoxton to Westferry DLR, Limehouse"
"LINESTRING (-0.076793 51.513406,-0.025996 51.509303", "From Jewry Street, Aldgate to Westferry DLR, Limehouse"
"LINESTRING (-0.108322 51.510981,-0.025996 51.509303", "From Temple Gardens, Temple to Westferry DLR, Limehouse"
"LINESTRING (-0.066035 51.531864,-0.025996 51.509303", "From Goldsmith's Row, Haggerston to Westferry DLR, Limehouse"
"LINESTRING (-0.02296 51.50623,-0.025996 51.509303", "From Fisherman's Walk West, Canary Wharf to Westferry DLR, Limehouse"
"LINESTRING (-0.09294 51.511553,-0.025996 51.509303", "From Queen Street 1, Bank to Westferry DLR, Limehouse"
"LINESTRING (-0.10454 51.505461,-0.025996 51.509303", "From Blackfriars Road, Southwark to Westferry DLR, Limehouse"
"LINESTRING (-0.020068 51.50357,-0.025996 51.509303", "From Jubilee Plaza, Canary Wharf to Westferry DLR, Limehouse"
"LINESTRING (-0.01646 51.505772,-0.025996 51.509303", "From Import Dock, Canary Wharf to Westferry DLR, Limehouse"
"LINESTRING (-0.110683 51.484788,-0.025996 51.509303", "From Kennington Road Post Office, Oval to Westferry DLR, Limehouse"
"LINESTRING (-0.055167 51.508447,-0.025996 51.509303", "From Garnet Street, Shadwell to Westferry DLR, Limehouse"
"LINESTRING (-0.023565 51.515427,-0.025996 51.509303", "From Stainsby Road , Poplar to Westferry DLR, Limehouse"
"LINESTRING (-0.079608 51.521668,-0.053558 51.511066", "From Worship Street, Shoreditch to Sutton Street, Shadwell"
"LINESTRING (-0.021582 51.487679,-0.053558 51.511066", "From Napier Avenue, Millwall to Sutton Street, Shadwell"
"LINESTRING (-0.057159 51.511088,-0.053558 51.511066", "From Shadwell Station, Shadwell to Sutton Street, Shadwell"
"LINESTRING (-0.069542 51.512363,-0.053558 51.511066", "From Leman Street, Aldgate to Sutton Street, Shadwell"
"LINESTRING (-0.13011 51.513527,-0.053558 51.511066", "From Moor Street, Soho to Sutton Street, Shadwell"
"LINESTRING (-0.074431 51.519362,-0.053558 51.511066", "From Fournier Street, Whitechapel to Sutton Street, Shadwell"
"LINESTRING (-0.09294 51.51397,-0.053558 51.511066", "From Cheapside, Bank to Sutton Street, Shadwell"
"LINESTRING (-0.077178 51.514449,-0.053558 51.511066", "From Houndsditch, Aldgate to Sutton Street, Shadwell"
"LINESTRING (-0.134621 51.507424,-0.053558 51.511066", "From St. James's Square, St. James's to Sutton Street, Shadwell"
"LINESTRING (-0.088285 51.519069,-0.053558 51.511066", "From Moorfields, Moorgate to Sutton Street, Shadwell"
"LINESTRING (-0.090847 51.525893,-0.053558 51.511066", "From Bath Street, St. Luke's to Sutton Street, Shadwell"
"LINESTRING (-0.055656 51.514222,-0.053558 51.511066", "From Watney Market, Stepney to Sutton Street, Shadwell"
"LINESTRING (-0.10834 51.52352,-0.053558 51.511066", "From Farringdon Lane, Clerkenwell to Sutton Street, Shadwell"
"LINESTRING (-0.123179 51.506543,-0.053558 51.511066", "From Whitehall Place, Strand to Sutton Street, Shadwell"
"LINESTRING (-0.022694 51.521564,-0.053558 51.511066", "From Cantrell Road, Bow to Sutton Street, Shadwell"
"LINESTRING (-0.118272 51.516277,-0.053558 51.511066", "From Lincoln's Inn Fields, Holborn to Sutton Street, Shadwell"
"LINESTRING (-0.122806 51.490435,-0.053558 51.511066", "From Albert Embankment, Vauxhall to Sutton Street, Shadwell"
"LINESTRING (-0.11258 51.473874,-0.053558 51.511066", "From Normandy Road, Stockwell to Sutton Street, Shadwell"
"LINESTRING (-0.06415 51.51295,-0.053558 51.511066", "From Christian Street, Whitechapel to Sutton Street, Shadwell"
"LINESTRING (-0.150481 51.51217,-0.053558 51.511066", "From Grosvenor Square, Mayfair to Sutton Street, Shadwell"
"LINESTRING (-0.06415 51.51295,-0.053558 51.511066", "From Christian Street, Whitechapel to Sutton Street, Shadwell"
"LINESTRING (-0.0786 51.500647,-0.053558 51.511066", "From Tanner Street, Bermondsey to Sutton Street, Shadwell"
"LINESTRING (-0.047784 51.51328,-0.053558 51.511066", "From Albert Gardens, Stepney to Sutton Street, Shadwell"
"LINESTRING (-0.062697 51.518154,-0.053558 51.511066", "From New Road 1 , Whitechapel to Sutton Street, Shadwell"
"LINESTRING (-0.051394 51.520893,-0.053558 51.511066", "From Cleveland Way, Stepney to Sutton Street, Shadwell"
"LINESTRING (-0.092754 51.505974,-0.053558 51.511066", "From Park Street, Bankside to Sutton Street, Shadwell"
"LINESTRING (-0.086379 51.534042,-0.053558 51.511066", "From Shoreditch Park, Hoxton to Sutton Street, Shadwell"
"LINESTRING (-0.082422 51.516154,-0.053558 51.511066", "From Wormwood Street, Liverpool Street to Sutton Street, Shadwell"
"LINESTRING (-0.014438 51.5112,-0.053558 51.511066", "From Chrisp Street Market, Poplar to Sutton Street, Shadwell"
"LINESTRING (-0.144228 51.518117,-0.053558 51.511066", "From Broadcasting House, Marylebone to Sutton Street, Shadwell"
"LINESTRING (-0.074431 51.519362,-0.053558 51.511066", "From Fournier Street, Whitechapel to Sutton Street, Shadwell"
"LINESTRING (-0.07023 51.536654,-0.053558 51.511066", "From Belford House, Haggerston to Sutton Street, Shadwell"
"LINESTRING (-0.138846 51.510048,-0.053558 51.511066", "From Sackville Street, Mayfair to Sutton Street, Shadwell"
"LINESTRING (-0.068856 51.521776,-0.06142 51.532091", "From Buxton Street 1, Shoreditch to Pritchard's Road, Bethnal Green"
"LINESTRING (-0.084439 51.524696,-0.06142 51.532091", "From Leonard Circus , Shoreditch to Pritchard's Road, Bethnal Green"
"LINESTRING (-0.119558 51.528279,-0.06142 51.532091", "From Cromer Street, Bloomsbury to Pritchard's Road, Bethnal Green"
"LINESTRING (-0.113864 51.504027,-0.06142 51.532091", "From Waterloo Station 1, Waterloo to Pritchard's Road, Bethnal Green"
"LINESTRING (-0.055894 51.528936,-0.06142 51.532091", "From York Hall, Bethnal Green to Pritchard's Road, Bethnal Green"
"LINESTRING (-0.066035 51.531864,-0.06142 51.532091", "From Goldsmith's Row, Haggerston to Pritchard's Road, Bethnal Green"
"LINESTRING (-0.069543 51.525645,-0.06142 51.532091", "From Granby Street, Shoreditch to Pritchard's Road, Bethnal Green"
"LINESTRING (-0.053177 51.515975,-0.06142 51.532091", "From Jubilee Street, Stepney to Pritchard's Road, Bethnal Green"
"LINESTRING (-0.052099 51.51417,-0.06142 51.532091", "From St. Mary & St. Michael Church, Stepney to Pritchard's Road, Bethnal Green"
"LINESTRING (-0.048017 51.531127,-0.06142 51.532091", "From Old Ford Road, Bethnal Green to Pritchard's Road, Bethnal Green"
"LINESTRING (-0.009001 51.487129,-0.06142 51.532091", "From Saunders Ness Road, Cubitt Town to Pritchard's Road, Bethnal Green"
"LINESTRING (-0.107987 51.517428,-0.06142 51.532091", "From New Fetter Lane, Holborn to Pritchard's Road, Bethnal Green"
"LINESTRING (-0.055894 51.528936,-0.06142 51.532091", "From York Hall, Bethnal Green to Pritchard's Road, Bethnal Green"
"LINESTRING (-0.093421 51.529154,-0.06142 51.532091", "From Windsor Terrace, Hoxton to Pritchard's Road, Bethnal Green"
"LINESTRING (-0.074284 51.539328,-0.06142 51.532091", "From Haggerston Road, Haggerston to Pritchard's Road, Bethnal Green"
"LINESTRING (-0.06142 51.532091,-0.06142 51.532091", "From Pritchard's Road, Bethnal Green to Pritchard's Road, Bethnal Green"
"LINESTRING (-0.0786 51.500647,-0.06142 51.532091", "From Tanner Street, Bermondsey to Pritchard's Road, Bethnal Green"
"LINESTRING (-0.063531 51.504719,-0.06142 51.532091", "From Hermitage Court, Wapping to Pritchard's Road, Bethnal Green"
"LINESTRING (-0.075375 51.528187,-0.06142 51.532091", "From Columbia Road, Shoreditch to Pritchard's Road, Bethnal Green"
"LINESTRING (-0.051394 51.520893,-0.06142 51.532091", "From Cleveland Way, Stepney to Pritchard's Road, Bethnal Green"
"LINESTRING (-0.06415 51.51295,-0.06142 51.532091", "From Christian Street, Whitechapel to Pritchard's Road, Bethnal Green"
"LINESTRING (-0.069542 51.512363,-0.06142 51.532091", "From Leman Street, Aldgate to Pritchard's Road, Bethnal Green"
"LINESTRING (-0.065076 51.52388,-0.06142 51.532091", "From Cheshire Street, Bethnal Green to Pritchard's Road, Bethnal Green"
"LINESTRING (-0.047548 51.528869,-0.06142 51.532091", "From Globe Town Market, Bethnal Green to Pritchard's Road, Bethnal Green"
"LINESTRING (-0.087459 51.528673,-0.06142 51.532091", "From East Road, Hoxton to Pritchard's Road, Bethnal Green"
"LINESTRING (-0.018703 51.528169,-0.06142 51.532091", "From Bow Church Station, Bow to Pritchard's Road, Bethnal Green"
"LINESTRING (-0.07023 51.536654,-0.06142 51.532091", "From Belford House, Haggerston to Pritchard's Road, Bethnal Green"
"LINESTRING (-0.131161 51.52505,-0.06142 51.532091", "From Taviton Street, Bloomsbury to Pritchard's Road, Bethnal Green"
"LINESTRING (-0.083353 51.529537,-0.06142 51.532091", "From Fanshaw Street, Hoxton to Pritchard's Road, Bethnal Green"
"LINESTRING (-0.06111 51.518675,-0.06142 51.532091", "From Royal London Hospital, Whitechapel to Pritchard's Road, Bethnal Green"
"LINESTRING (-0.051394 51.520893,-0.06142 51.532091", "From Cleveland Way, Stepney to Pritchard's Road, Bethnal Green"
"LINESTRING (-0.058826 51.54119,-0.06142 51.532091", "From London Fields, Hackney Central to Pritchard's Road, Bethnal Green"
"LINESTRING (-0.057133 51.527607,-0.06142 51.532091", "From Hollybush Gardens, Bethnal Green to Pritchard's Road, Bethnal Green"
"LINESTRING (-0.055312 51.52568,-0.06142 51.532091", "From Bethnal Green Garden, Bethnal Green to Pritchard's Road, Bethnal Green"
"LINESTRING (-0.138019 51.524438,-0.06142 51.532091", "From Warren Street Station, Euston to Pritchard's Road, Bethnal Green"
"LINESTRING (-0.067937 51.51793,-0.06142 51.532091", "From Old Montague Street, Whitechapel to Pritchard's Road, Bethnal Green"
"LINESTRING (-0.038557 51.541515,-0.06142 51.532091", "From Gascoyne Road, Victoria Park to Pritchard's Road, Bethnal Green"
"LINESTRING (-0.067937 51.51793,-0.06142 51.532091", "From Old Montague Street, Whitechapel to Pritchard's Road, Bethnal Green"
"LINESTRING (-0.071881 51.534776,-0.06142 51.532091", "From Thurtle Road, Haggerston to Pritchard's Road, Bethnal Green"
"LINESTRING (-0.119558 51.528279,-0.06142 51.532091", "From Cromer Street, Bloomsbury to Pritchard's Road, Bethnal Green"
"LINESTRING (-0.025996 51.509303,-0.06142 51.532091", "From Westferry DLR, Limehouse to Pritchard's Road, Bethnal Green"
"LINESTRING (-0.089659 51.52548,-0.06142 51.532091", "From Old Street Station, St. Luke's to Pritchard's Road, Bethnal Green"
"LINESTRING (-0.123616 51.529943,-0.06142 51.532091", "From Belgrove Street , King's Cross to Pritchard's Road, Bethnal Green"
"LINESTRING (-0.102208 51.526153,-0.06142 51.532091", "From Percival Street, Finsbury to Pritchard's Road, Bethnal Green"
"LINESTRING (-0.082422 51.516154,-0.06142 51.532091", "From Wormwood Street, Liverpool Street to Pritchard's Road, Bethnal Green"
"LINESTRING (-0.062546 51.535678,-0.06142 51.532091", "From Regent's Row , Haggerston to Pritchard's Road, Bethnal Green"
"LINESTRING (-0.06992 51.53385,-0.06142 51.532091", "From Queensbridge Road, Haggerston to Pritchard's Road, Bethnal Green"
"LINESTRING (-0.075375 51.528187,-0.06142 51.532091", "From Columbia Road, Shoreditch to Pritchard's Road, Bethnal Green"
"LINESTRING (-0.058826 51.54119,-0.06142 51.532091", "From London Fields, Hackney Central to Pritchard's Road, Bethnal Green"
"LINESTRING (-0.073438 51.51838,-0.06142 51.532091", "From Fashion Street, Whitechapel to Pritchard's Road, Bethnal Green"
"LINESTRING (-0.033085 51.532513,-0.06142 51.532091", "From Ford Road, Old Ford to Pritchard's Road, Bethnal Green"
"LINESTRING (-0.07813 51.526377,-0.06142 51.532091", "From Shoreditch High Street, Shoreditch to Pritchard's Road, Bethnal Green"
"LINESTRING (-0.107987 51.517428,-0.06142 51.532091", "From New Fetter Lane, Holborn to Pritchard's Road, Bethnal Green"
"LINESTRING (-0.05438 51.520019,-0.06142 51.532091", "From Ansell House, Stepney to Pritchard's Road, Bethnal Green"
"LINESTRING (-0.06992 51.53385,-0.06142 51.532091", "From Queensbridge Road, Haggerston to Pritchard's Road, Bethnal Green"
"LINESTRING (-0.06992 51.53385,-0.06142 51.532091", "From Queensbridge Road, Haggerston to Pritchard's Road, Bethnal Green"
"LINESTRING (-0.04667 51.521889,-0.055656 51.514222", "From Stepney Green Station, Stepney to Watney Market, Stepney"
"LINESTRING (-0.088285 51.519069,-0.055656 51.514222", "From Moorfields, Moorgate to Watney Market, Stepney"
"LINESTRING (-0.062546 51.535678,-0.055656 51.514222", "From Regent's Row , Haggerston to Watney Market, Stepney"
"LINESTRING (-0.085814 51.495061,-0.055656 51.514222", "From Bricklayers Arms, Borough to Watney Market, Stepney"
"LINESTRING (-0.051394 51.520893,-0.055656 51.514222", "From Cleveland Way, Stepney to Watney Market, Stepney"
"LINESTRING (-0.100168 51.530344,-0.055656 51.514222", "From City Road, Angel to Watney Market, Stepney"
"LINESTRING (-0.123823 51.501513,-0.055656 51.514222", "From Westminster Pier, Westminster to Watney Market, Stepney"
"LINESTRING (-0.014438 51.5112,-0.055656 51.514222", "From Chrisp Street Market, Poplar to Watney Market, Stepney"
"LINESTRING (-0.051394 51.520893,-0.055656 51.514222", "From Cleveland Way, Stepney to Watney Market, Stepney"
"LINESTRING (-0.04667 51.521889,-0.055656 51.514222", "From Stepney Green Station, Stepney to Watney Market, Stepney"
"LINESTRING (-0.028941 51.542118,-0.055656 51.514222", "From Cadogan Close, Victoria Park to Watney Market, Stepney"
"LINESTRING (-0.089659 51.52548,-0.055656 51.514222", "From Old Street Station, St. Luke's to Watney Market, Stepney"
"LINESTRING (-0.066078 51.514924,-0.055656 51.514222", "From LMU Commercial Road, Whitechapel to Watney Market, Stepney"
"LINESTRING (-0.032267 51.525501,-0.055656 51.514222", "From Maplin Street, Mile End to Watney Market, Stepney"
"LINESTRING (-0.047784 51.51328,-0.055656 51.514222", "From Albert Gardens, Stepney to Watney Market, Stepney"
"LINESTRING (-0.05438 51.520019,-0.055656 51.514222", "From Ansell House, Stepney to Watney Market, Stepney"
"LINESTRING (-0.05438 51.520019,-0.055656 51.514222", "From Ansell House, Stepney to Watney Market, Stepney"
"LINESTRING (-0.217515 51.500353,-0.155525 51.516204", "From Richmond Way, Shepherd's Bush to Portman Square, Marylebone"
"LINESTRING (-0.162298 51.522511,-0.155525 51.516204", "From Boston Place, Marylebone to Portman Square, Marylebone"
"LINESTRING (-0.139174 51.533019,-0.155525 51.516204", "From Harrington Square 1, Camden Town to Portman Square, Marylebone"
"LINESTRING (-0.104947 51.516785,-0.155525 51.516204", "From Farringdon Street, Holborn to Portman Square, Marylebone"
"LINESTRING (-0.179135 51.516417,-0.155525 51.516204", "From Eastbourne Mews, Paddington to Portman Square, Marylebone"
"LINESTRING (-0.139016 51.520994,-0.155525 51.516204", "From Howland Street, Fitzrovia to Portman Square, Marylebone"
"LINESTRING (-0.183853 51.480898,-0.155525 51.516204", "From Thorndike Close, West Chelsea to Portman Square, Marylebone"
"LINESTRING (-0.144466 51.528302,-0.155525 51.516204", "From Albany Street, The Regent's Park to Portman Square, Marylebone"
"LINESTRING (-0.187402 51.51031,-0.155525 51.516204", "From Queensway, Kensington Gardens to Portman Square, Marylebone"
"LINESTRING (-0.108657 51.51795,-0.155525 51.516204", "From Holborn Circus, Holborn to Portman Square, Marylebone"
"LINESTRING (-0.187842 51.509908,-0.155525 51.516204", "From Black Lion Gate, Kensington Gardens to Portman Square, Marylebone"
"LINESTRING (-0.156166 51.518913,-0.155525 51.516204", "From Baker Street, Marylebone to Portman Square, Marylebone"
"LINESTRING (-0.195455 51.500401,-0.155525 51.516204", "From Argyll Road, Kensington to Portman Square, Marylebone"
"LINESTRING (-0.15352 51.503117,-0.155525 51.516204", "From Hyde Park Corner, Hyde Park to Portman Square, Marylebone"
"LINESTRING (-0.174554 51.499917,-0.155525 51.516204", "From Exhibition Road, Knightsbridge to Portman Square, Marylebone"
"LINESTRING (-0.183165 51.474665,-0.155525 51.516204", "From Imperial Wharf Station, Sands End to Portman Square, Marylebone"
"LINESTRING (-0.137043 51.511897,-0.155525 51.516204", "From Golden Square, Soho to Portman Square, Marylebone"
"LINESTRING (-0.143495 51.509992,-0.155525 51.516204", "From Grafton Street, Mayfair to Portman Square, Marylebone"
"LINESTRING (-0.111257 51.514274,-0.155525 51.516204", "From Chancery Lane, Holborn to Portman Square, Marylebone"
"LINESTRING (-0.11655 51.51824,-0.155525 51.516204", "From Red Lion Street, Holborn to Portman Square, Marylebone"
"LINESTRING (-0.200742 51.502319,-0.155525 51.516204", "From Holland Park, Kensington to Portman Square, Marylebone"
"LINESTRING (-0.136052 51.527326,-0.155525 51.516204", "From Drummond Street , Euston to Portman Square, Marylebone"
"LINESTRING (-0.120973 51.530059,-0.155525 51.516204", "From St. Chad's Street, King's Cross to Portman Square, Marylebone"
"LINESTRING (-0.155525 51.516204,-0.155525 51.516204", "From Portman Square, Marylebone to Portman Square, Marylebone"
"LINESTRING (-0.180274 51.481805,-0.155525 51.516204", "From World's End Place, West Chelsea to Portman Square, Marylebone"
"LINESTRING (-0.134621 51.507424,-0.155525 51.516204", "From St. James's Square, St. James's to Portman Square, Marylebone"
"LINESTRING (-0.139625 51.490962,-0.155525 51.516204", "From Gloucester Street, Pimlico to Portman Square, Marylebone"
"LINESTRING (-0.217515 51.500353,-0.155525 51.516204", "From Richmond Way, Shepherd's Bush to Portman Square, Marylebone"
"LINESTRING (-0.038986 51.512871,-0.155525 51.516204", "From Flamborough Street, Limehouse to Portman Square, Marylebone"
"LINESTRING (-0.147301 51.514105,-0.155525 51.516204", "From Woodstock Street, Mayfair to Portman Square, Marylebone"
"LINESTRING (-0.183846 51.523344,-0.155525 51.516204", "From Warwick Avenue Station, Maida Vale to Portman Square, Marylebone"
"LINESTRING (-0.223868 51.496664,-0.211316 51.500088", "From Little Brook Green, Brook Green to Russell Gardens, Olympia"
"LINESTRING (-0.2174 51.504038,-0.211316 51.500088", "From Woodstock Grove, Shepherd's Bush to Russell Gardens, Olympia"
"LINESTRING (-0.209494 51.498157,-0.211316 51.500088", "From Kensington Olympia Station, Olympia to Russell Gardens, Olympia"
"LINESTRING (-0.131961 51.508446,-0.211316 51.500088", "From Charles II Street, West End to Russell Gardens, Olympia"
"LINESTRING (-0.134621 51.507424,-0.211316 51.500088", "From St. James's Square, St. James's to Russell Gardens, Olympia"
"LINESTRING (-0.205284 51.496712,-0.211316 51.500088", "From Warwick Road, Olympia to Russell Gardens, Olympia"
"LINESTRING (-0.228188 51.494499,-0.211316 51.500088", "From Southerton Road, Hammersmith to Russell Gardens, Olympia"
"LINESTRING (-0.21985 51.493267,-0.211316 51.500088", "From Hammersmith Road, Hammersmith to Russell Gardens, Olympia"
"LINESTRING (-0.047784 51.51328,-0.014438 51.5112", "From Albert Gardens, Stepney to Chrisp Street Market, Poplar"
"LINESTRING (-0.025996 51.509303,-0.014438 51.5112", "From Westferry DLR, Limehouse to Chrisp Street Market, Poplar"
"LINESTRING (-0.05438 51.520019,-0.014438 51.5112", "From Ansell House, Stepney to Chrisp Street Market, Poplar"
"LINESTRING (-0.082989 51.510484,-0.014438 51.5112", "From Great Tower Street, Monument to Chrisp Street Market, Poplar"
"LINESTRING (-0.038986 51.512871,-0.014438 51.5112", "From Flamborough Street, Limehouse to Chrisp Street Market, Poplar"
"LINESTRING (-0.052099 51.51417,-0.014438 51.5112", "From St. Mary & St. Michael Church, Stepney to Chrisp Street Market, Poplar"
"LINESTRING (-0.042744 51.530326,-0.014438 51.5112", "From Twig Folly Bridge, Mile End to Chrisp Street Market, Poplar"
"LINESTRING (-0.04667 51.521889,-0.014438 51.5112", "From Stepney Green Station, Stepney to Chrisp Street Market, Poplar"
"LINESTRING (-0.014438 51.5112,-0.014438 51.5112", "From Chrisp Street Market, Poplar to Chrisp Street Market, Poplar"
"LINESTRING (-0.034903 51.518541,-0.014438 51.5112", "From Mile End Stadium, Mile End to Chrisp Street Market, Poplar"
"LINESTRING (-0.02296 51.50623,-0.014438 51.5112", "From Fisherman's Walk West, Canary Wharf to Chrisp Street Market, Poplar"
"LINESTRING (-0.057159 51.511088,-0.014438 51.5112", "From Shadwell Station, Shadwell to Chrisp Street Market, Poplar"
"LINESTRING (-0.011662 51.518811,-0.014438 51.5112", "From Teviot Street, Poplar to Chrisp Street Market, Poplar"
"LINESTRING (-0.052099 51.51417,-0.014438 51.5112", "From St. Mary & St. Michael Church, Stepney to Chrisp Street Market, Poplar"
"LINESTRING (-0.053558 51.511066,-0.014438 51.5112", "From Sutton Street, Shadwell to Chrisp Street Market, Poplar"
"LINESTRING (-0.011662 51.518811,-0.014438 51.5112", "From Teviot Street, Poplar to Chrisp Street Market, Poplar"
"LINESTRING (-0.105312 51.504043,-0.033085 51.532513", "From Southwark Station 1, Southwark to Ford Road, Old Ford"
"LINESTRING (-0.08299 51.53213,-0.033085 51.532513", "From Pitfield Street Central, Hoxton to Ford Road, Old Ford"
"LINESTRING (-0.073537 51.514233,-0.033085 51.532513", "From Braham Street, Aldgate to Ford Road, Old Ford"
"LINESTRING (-0.051394 51.520893,-0.033085 51.532513", "From Cleveland Way, Stepney to Ford Road, Old Ford"
"LINESTRING (-0.01646 51.505772,-0.033085 51.532513", "From Import Dock, Canary Wharf to Ford Road, Old Ford"
"LINESTRING (-0.020597 51.546532,-0.033085 51.532513", "From Here East South, Queen Elizabeth Olympic Park to Ford Road, Old Ford"
"LINESTRING (-0.079249 51.518908,-0.033085 51.532513", "From Brushfield Street, Liverpool Street to Ford Road, Old Ford"
"LINESTRING (-0.032267 51.525501,-0.033085 51.532513", "From Maplin Street, Mile End to Ford Road, Old Ford"
"LINESTRING (-0.06142 51.532091,-0.033085 51.532513", "From Pritchard's Road, Bethnal Green to Ford Road, Old Ford"
"LINESTRING (-0.051394 51.520893,-0.033085 51.532513", "From Cleveland Way, Stepney to Ford Road, Old Ford"
"LINESTRING (-0.01051 51.54094,-0.033085 51.532513", "From Aquatic Centre, Queen Elizabeth Olympic Park to Ford Road, Old Ford"
"LINESTRING (-0.01051 51.54094,-0.033085 51.532513", "From Aquatic Centre, Queen Elizabeth Olympic Park to Ford Road, Old Ford"
"LINESTRING (-0.026768 51.520398,-0.033085 51.532513", "From Ackroyd Drive, Bow to Ford Road, Old Ford"
"LINESTRING (-0.08497 51.50964,-0.033085 51.532513", "From Monument Street, Monument to Ford Road, Old Ford"
"LINESTRING (-0.07813 51.526377,-0.033085 51.532513", "From Shoreditch High Street, Shoreditch to Ford Road, Old Ford"
"LINESTRING (-0.058826 51.54119,-0.033085 51.532513", "From London Fields, Hackney Central to Ford Road, Old Ford"
"LINESTRING (-0.091773 51.504627,-0.033085 51.532513", "From Hop Exchange, The Borough to Ford Road, Old Ford"
"LINESTRING (-0.032566 51.520597,-0.037471 51.528224", "From Mile End Park Leisure Centre, Mile End to Antill Road, Mile End"
"LINESTRING (-0.042744 51.530326,-0.037471 51.528224", "From Twig Folly Bridge, Mile End to Antill Road, Mile End"
"LINESTRING (-0.032267 51.525501,-0.037471 51.528224", "From Maplin Street, Mile End to Antill Road, Mile End"
"LINESTRING (-0.069543 51.525645,-0.037471 51.528224", "From Granby Street, Shoreditch to Antill Road, Mile End"
"LINESTRING (-0.09734 51.520841,-0.037471 51.528224", "From Aldersgate Street, Barbican to Antill Road, Mile End"
"LINESTRING (-0.027581 51.526578,-0.037471 51.528224", "From Merchant Street, Bow to Antill Road, Mile End"
"LINESTRING (-0.020068 51.50357,-0.037471 51.528224", "From Jubilee Plaza, Canary Wharf to Antill Road, Mile End"
"LINESTRING (-0.08249 51.53558,-0.037471 51.528224", "From Pitfield Street North,Hoxton to Antill Road, Mile End"
"LINESTRING (-0.076793 51.513406,-0.037471 51.528224", "From Jewry Street, Aldgate to Antill Road, Mile End"
"LINESTRING (-0.037471 51.528224,-0.037471 51.528224", "From Antill Road, Mile End to Antill Road, Mile End"
"LINESTRING (-0.103078 51.511934,-0.037471 51.528224", "From Blackfriars Station, St. Paul's to Antill Road, Mile End"
"LINESTRING (-0.062546 51.535678,-0.037471 51.528224", "From Regent's Row , Haggerston to Antill Road, Mile End"
"LINESTRING (-0.032566 51.520597,-0.037471 51.528224", "From Mile End Park Leisure Centre, Mile End to Antill Road, Mile End"
"LINESTRING (-0.070133 51.515231,-0.037471 51.528224", "From Central House, Whitechapel to Antill Road, Mile End"
"LINESTRING (-0.047218 51.526041,-0.037471 51.528224", "From Bancroft Road, Bethnal Green to Antill Road, Mile End"
"LINESTRING (-0.032566 51.520597,-0.037471 51.528224", "From Mile End Park Leisure Centre, Mile End to Antill Road, Mile End"
"LINESTRING (-0.047218 51.526041,-0.037471 51.528224", "From Bancroft Road, Bethnal Green to Antill Road, Mile End"
"LINESTRING (-0.132102 51.498125,-0.037471 51.528224", "From Abbey Orchard Street, Westminster to Antill Road, Mile End"
"LINESTRING (-0.032267 51.525501,-0.037471 51.528224", "From Maplin Street, Mile End to Antill Road, Mile End"
"LINESTRING (-0.049591 51.53341,-0.037471 51.528224", "From Bonner Gate, Victoria Park to Antill Road, Mile End"
"LINESTRING (-0.07813 51.526377,-0.037471 51.528224", "From Shoreditch High Street, Shoreditch to Antill Road, Mile End"
"LINESTRING (-0.058826 51.54119,-0.011662 51.518811", "From London Fields, Hackney Central to Teviot Street, Poplar"
"LINESTRING (-0.014438 51.5112,-0.011662 51.518811", "From Chrisp Street Market, Poplar to Teviot Street, Poplar"
"LINESTRING (-0.00699 51.508981,-0.011662 51.518811", "From Naval Row, Blackwall to Teviot Street, Poplar"
"LINESTRING (-0.005659 51.513548,-0.011662 51.518811", "From Aberfeldy Street, Poplar to Teviot Street, Poplar"
"LINESTRING (-0.011662 51.518811,-0.011662 51.518811", "From Teviot Street, Poplar to Teviot Street, Poplar"
"LINESTRING (-0.078869 51.521113,-0.047218 51.526041", "From Norton Folgate, Liverpool Street to Bancroft Road, Bethnal Green"
"LINESTRING (-0.062697 51.518154,-0.047218 51.526041", "From New Road 1 , Whitechapel to Bancroft Road, Bethnal Green"
"LINESTRING (-0.058826 51.54119,-0.047218 51.526041", "From London Fields, Hackney Central to Bancroft Road, Bethnal Green"
"LINESTRING (-0.075459 51.509506,-0.047218 51.526041", "From Tower Gardens , Tower to Bancroft Road, Bethnal Green"
"LINESTRING (-0.104708 51.52326,-0.047218 51.526041", "From Clerkenwell Green, Clerkenwell to Bancroft Road, Bethnal Green"
"LINESTRING (-0.120202 51.523346,-0.047218 51.526041", "From Guilford Street , Bloomsbury to Bancroft Road, Bethnal Green"
"LINESTRING (-0.021345 51.519265,-0.047218 51.526041", "From Furze Green, Bow to Bancroft Road, Bethnal Green"
"LINESTRING (-0.084439 51.524696,-0.047218 51.526041", "From Leonard Circus , Shoreditch to Bancroft Road, Bethnal Green"
"LINESTRING (-0.058631 51.524583,-0.047218 51.526041", "From Finnis Street, Bethnal Green to Bancroft Road, Bethnal Green"
"LINESTRING (-0.079248 51.524526,-0.047218 51.526041", "From New Inn Yard, Shoreditch to Bancroft Road, Bethnal Green"
"LINESTRING (-0.015578 51.52512,-0.047218 51.526041", "From Devons Road, Bow to Bancroft Road, Bethnal Green"
"LINESTRING (-0.091401 51.518093,-0.047218 51.526041", "From Fore Street Avenue, Guildhall to Bancroft Road, Bethnal Green"
"LINESTRING (-0.073955 51.526293,-0.047218 51.526041", "From Palissy Street, Shoreditch to Bancroft Road, Bethnal Green"
"LINESTRING (-0.028941 51.542118,-0.047218 51.526041", "From Cadogan Close, Victoria Park to Bancroft Road, Bethnal Green"
"LINESTRING (-0.08066 51.514225,-0.047218 51.526041", "From St. Mary Axe, Aldgate to Bancroft Road, Bethnal Green"
"LINESTRING (-0.029138 51.516196,-0.047218 51.526041", "From Burdett Road, Mile End to Bancroft Road, Bethnal Green"
"LINESTRING (-0.06142 51.532091,-0.037366 51.534137", "From Pritchard's Road, Bethnal Green to Driffield Road, Old Ford"
"LINESTRING (-0.047548 51.528869,-0.037366 51.534137", "From Globe Town Market, Bethnal Green to Driffield Road, Old Ford"
"LINESTRING (-0.05438 51.520019,-0.037366 51.534137", "From Ansell House, Stepney to Driffield Road, Old Ford"
"LINESTRING (-0.075578 51.52127,-0.037366 51.534137", "From Commercial Street, Shoreditch to Driffield Road, Old Ford"
"LINESTRING (-0.055312 51.52568,-0.037366 51.534137", "From Bethnal Green Garden, Bethnal Green to Driffield Road, Old Ford"
"LINESTRING (-0.062546 51.535678,-0.037366 51.534137", "From Regent's Row , Haggerston to Driffield Road, Old Ford"
"LINESTRING (-0.047548 51.528869,-0.037366 51.534137", "From Globe Town Market, Bethnal Green to Driffield Road, Old Ford"
"LINESTRING (-0.027772 51.505703,-0.037366 51.534137", "From Westferry Circus, Canary Wharf to Driffield Road, Old Ford"
"LINESTRING (-0.028155 51.533283,-0.037366 51.534137", "From Hewison Street, Old Ford to Driffield Road, Old Ford"
"LINESTRING (-0.033085 51.532513,-0.037366 51.534137", "From Ford Road, Old Ford to Driffield Road, Old Ford"
"LINESTRING (-0.026262 51.536039,-0.037366 51.534137", "From Wendon Street, Old Ford to Driffield Road, Old Ford"
"LINESTRING (-0.047548 51.528869,-0.037366 51.534137", "From Globe Town Market, Bethnal Green to Driffield Road, Old Ford"
"LINESTRING (-0.075901 51.531091,-0.037366 51.534137", "From Hoxton Station, Hoxton to Driffield Road, Old Ford"
"LINESTRING (-0.037471 51.528224,-0.037366 51.534137", "From Antill Road, Mile End to Driffield Road, Old Ford"
"LINESTRING (-0.048017 51.531127,-0.037366 51.534137", "From Old Ford Road, Bethnal Green to Driffield Road, Old Ford"
"LINESTRING (-0.07813 51.526377,-0.037366 51.534137", "From Shoreditch High Street, Shoreditch to Driffield Road, Old Ford"
"LINESTRING (-0.079249 51.518908,-0.037366 51.534137", "From Brushfield Street, Liverpool Street to Driffield Road, Old Ford"
"LINESTRING (-0.028941 51.542118,-0.037366 51.534137", "From Cadogan Close, Victoria Park to Driffield Road, Old Ford"
"LINESTRING (-0.048017 51.531127,-0.037366 51.534137", "From Old Ford Road, Bethnal Green to Driffield Road, Old Ford"
"LINESTRING (-0.062697 51.518154,-0.037366 51.534137", "From New Road 1 , Whitechapel to Driffield Road, Old Ford"
"LINESTRING (-0.055312 51.52568,-0.036017 51.525941", "From Bethnal Green Garden, Bethnal Green to Clinton Road, Mile End"
"LINESTRING (-0.090847 51.525893,-0.036017 51.525941", "From Bath Street, St. Luke's to Clinton Road, Mile End"
"LINESTRING (-0.068161 51.509786,-0.036017 51.525941", "From Dock Street, Wapping to Clinton Road, Mile End"
"LINESTRING (-0.05438 51.520019,-0.036017 51.525941", "From Ansell House, Stepney to Clinton Road, Mile End"
"LINESTRING (-0.014691 51.546805,-0.036017 51.525941", "From Timber Lodge, Queen Elizabeth Olympic Park to Clinton Road, Mile End"
"LINESTRING (-0.037366 51.534137,-0.036017 51.525941", "From Driffield Road, Old Ford to Clinton Road, Mile End"
"LINESTRING (-0.084439 51.524696,-0.036017 51.525941", "From Leonard Circus , Shoreditch to Clinton Road, Mile End"
"LINESTRING (-0.028155 51.533283,-0.036017 51.525941", "From Hewison Street, Old Ford to Clinton Road, Mile End"
"LINESTRING (-0.062697 51.518154,-0.036017 51.525941", "From New Road 1 , Whitechapel to Clinton Road, Mile End"
"LINESTRING (-0.047548 51.528869,-0.036017 51.525941", "From Globe Town Market, Bethnal Green to Clinton Road, Mile End"
"LINESTRING (-0.063386 51.521905,-0.036017 51.525941", "From Selby Street, Whitechapel to Clinton Road, Mile End"
"LINESTRING (-0.093885 51.517008,-0.036017 51.525941", "From Wood Street, Guildhall to Clinton Road, Mile End"
"LINESTRING (-0.084605 51.521283,-0.036017 51.525941", "From Christopher Street, Liverpool Street to Clinton Road, Mile End"
"LINESTRING (-0.108322 51.510981,-0.036017 51.525941", "From Temple Gardens, Temple to Clinton Road, Mile End"
"LINESTRING (-0.075855 51.517475,-0.036017 51.525941", "From Bell Lane, Liverpool Street to Clinton Road, Mile End"
"LINESTRING (-0.017676 51.503083,-0.036017 51.525941", "From Upper Bank Street, Canary Wharf to Clinton Road, Mile End"
"LINESTRING (-0.058826 51.54119,-0.036017 51.525941", "From London Fields, Hackney Central to Clinton Road, Mile End"
"LINESTRING (-0.021345 51.519265,-0.036017 51.525941", "From Furze Green, Bow to Clinton Road, Mile End"
"LINESTRING (-0.00699 51.508981,-0.013475 51.51549", "From Naval Row, Blackwall to Langdon Park, Poplar"
"LINESTRING (-0.047548 51.528869,-0.013475 51.51549", "From Globe Town Market, Bethnal Green to Langdon Park, Poplar"
"LINESTRING (-0.06111 51.518675,-0.013475 51.51549", "From Royal London Hospital, Whitechapel to Langdon Park, Poplar"
"LINESTRING (-0.014438 51.5112,-0.013475 51.51549", "From Chrisp Street Market, Poplar to Langdon Park, Poplar"
"LINESTRING (-0.173757 51.496471,-0.179668 51.511654", "From Exhibition Road Museums 1, South Kensington to Lancaster Gate , Bayswater"
"LINESTRING (-0.165471 51.498884,-0.179668 51.511654", "From Montpelier Street, Knightsbridge to Lancaster Gate , Bayswater"
"LINESTRING (-0.158264 51.514577,-0.179668 51.511654", "From Old Quebec Street, Marylebone to Lancaster Gate , Bayswater"
"LINESTRING (-0.179135 51.516417,-0.179668 51.511654", "From Eastbourne Mews, Paddington to Lancaster Gate , Bayswater"
"LINESTRING (-0.179135 51.516417,-0.179668 51.511654", "From Eastbourne Mews, Paddington to Lancaster Gate , Bayswater"
"LINESTRING (-0.173693 51.495948,-0.179668 51.511654", "From Exhibition Road Museums 2, South Kensington to Lancaster Gate , Bayswater"
"LINESTRING (-0.158264 51.514577,-0.179668 51.511654", "From Old Quebec Street, Marylebone to Lancaster Gate , Bayswater"
"LINESTRING (-0.13011 51.513527,-0.179668 51.511654", "From Moor Street, Soho to Lancaster Gate , Bayswater"
"LINESTRING (-0.193487 51.513735,-0.179668 51.511654", "From Hereford Road, Bayswater to Lancaster Gate , Bayswater"
"LINESTRING (-0.167919 51.484984,-0.179668 51.511654", "From Phene Street, Chelsea to Lancaster Gate , Bayswater"
"LINESTRING (-0.158105 51.494645,-0.179668 51.511654", "From Cadogan Place, Knightsbridge to Lancaster Gate , Bayswater"
"LINESTRING (-0.194116 51.479932,-0.179668 51.511654", "From Fulham Broadway, Walham Green to Lancaster Gate , Bayswater"
"LINESTRING (-0.193254 51.476259,-0.179668 51.511654", "From Eel Brook Common, Walham Green to Lancaster Gate , Bayswater"
"LINESTRING (-0.157183 51.52026,-0.179668 51.511654", "From Crawford Street, Marylebone to Lancaster Gate , Bayswater"
"LINESTRING (-0.167919 51.484984,-0.179668 51.511654", "From Phene Street, Chelsea to Lancaster Gate , Bayswater"
"LINESTRING (-0.171103 51.518268,-0.179668 51.511654", "From St Mary's Hospital, Paddington to Lancaster Gate , Bayswater"
"LINESTRING (-0.179854 51.501715,-0.179668 51.511654", "From Queen's Gate, Kensington Gardens to Lancaster Gate , Bayswater"
"LINESTRING (-0.147983 51.519167,-0.179668 51.511654", "From New Cavendish Street, Marylebone to Lancaster Gate , Bayswater"
"LINESTRING (-0.137043 51.511897,-0.179668 51.511654", "From Golden Square, Soho to Lancaster Gate , Bayswater"
"LINESTRING (-0.193487 51.513735,-0.179668 51.511654", "From Hereford Road, Bayswater to Lancaster Gate , Bayswater"
"LINESTRING (-0.219486 51.512981,-0.179668 51.511654", "From Freston Road, Avondale to Lancaster Gate , Bayswater"
"LINESTRING (-0.179135 51.516417,-0.179668 51.511654", "From Eastbourne Mews, Paddington to Lancaster Gate , Bayswater"
"LINESTRING (-0.137043 51.511897,-0.179668 51.511654", "From Golden Square, Soho to Lancaster Gate , Bayswater"
"LINESTRING (-0.157183 51.52026,-0.179668 51.511654", "From Crawford Street, Marylebone to Lancaster Gate , Bayswater"
"LINESTRING (-0.141423 51.514499,-0.179668 51.511654", "From Little Argyll Street, West End to Lancaster Gate , Bayswater"
"LINESTRING (-0.173693 51.495948,-0.179668 51.511654", "From Exhibition Road Museums 2, South Kensington to Lancaster Gate , Bayswater"
"LINESTRING (-0.208565 51.515108,-0.2135 51.496927", "From Blenheim Crescent, Ladbroke Grove to Blythe Road, Olympia"
"LINESTRING (-0.208565 51.515108,-0.2135 51.496927", "From Blenheim Crescent, Ladbroke Grove to Blythe Road, Olympia"
"LINESTRING (-0.205535 51.507481,-0.2135 51.496927", "From Lansdowne Road, Ladbroke Grove to Blythe Road, Olympia"
"LINESTRING (-0.197574 51.499606,-0.2135 51.496927", "From Phillimore Gardens, Kensington to Blythe Road, Olympia"
"LINESTRING (-0.206029 51.49087,-0.2135 51.496927", "From West Kensington Station, West Kensington to Blythe Road, Olympia"
"LINESTRING (-0.2135 51.496927,-0.2135 51.496927", "From Blythe Road, Olympia to Blythe Road, Olympia"
"LINESTRING (-0.195455 51.500401,-0.2135 51.496927", "From Argyll Road, Kensington to Blythe Road, Olympia"
"LINESTRING (-0.193254 51.476259,-0.2135 51.496927", "From Eel Brook Common, Walham Green to Blythe Road, Olympia"
"LINESTRING (-0.222293 51.501594,-0.2135 51.496927", "From Shepherd's Bush Road North, Shepherd's Bush to Blythe Road, Olympia"
"LINESTRING (-0.208486 51.506465,-0.2135 51.496927", "From Princedale Road , Holland Park to Blythe Road, Olympia"
"LINESTRING (-0.205279 51.487244,-0.2135 51.496927", "From Star Road, West Kensington to Blythe Road, Olympia"
"LINESTRING (-0.224303 51.506093,-0.2135 51.496927", "From Westfield Library Corner, Shepherd's Bush to Blythe Road, Olympia"
"LINESTRING (-0.2174 51.504038,-0.2135 51.496927", "From Woodstock Grove, Shepherd's Bush to Blythe Road, Olympia"
"LINESTRING (-0.217515 51.500353,-0.2135 51.496927", "From Richmond Way, Shepherd's Bush to Blythe Road, Olympia"
"LINESTRING (-0.020157 51.499041,-0.008428 51.503143", "From Lightermans Road, Millwall to Lancaster Drive, Blackwall"
"LINESTRING (-0.025996 51.509303,-0.008428 51.503143", "From Westferry DLR, Limehouse to Lancaster Drive, Blackwall"
"LINESTRING (-0.017676 51.503083,-0.008428 51.503143", "From Upper Bank Street, Canary Wharf to Lancaster Drive, Blackwall"
"LINESTRING (-0.017676 51.503083,-0.008428 51.503143", "From Upper Bank Street, Canary Wharf to Lancaster Drive, Blackwall"
"LINESTRING (-0.00699 51.508981,-0.008428 51.503143", "From Naval Row, Blackwall to Lancaster Drive, Blackwall"
"LINESTRING (-0.017676 51.503083,-0.008428 51.503143", "From Upper Bank Street, Canary Wharf to Lancaster Drive, Blackwall"
"LINESTRING (-0.018716 51.49109,-0.008428 51.503143", "From Spindrift Avenue, Millwall to Lancaster Drive, Blackwall"
"LINESTRING (-0.017676 51.503083,-0.008428 51.503143", "From Upper Bank Street, Canary Wharf to Lancaster Drive, Blackwall"
"LINESTRING (-0.0985 51.51601,-0.008428 51.503143", "From King Edward Street, St Pauls to Lancaster Drive, Blackwall"
"LINESTRING (-0.209494 51.498157,-0.215808 51.503802", "From Kensington Olympia Station, Olympia to Hansard Mews, Holland Park"
"LINESTRING (-0.134621 51.507424,-0.215808 51.503802", "From St. James's Square, St. James's to Hansard Mews, Holland Park"
"LINESTRING (-0.191462 51.501364,-0.215808 51.503802", "From Derry Street, Kensington to Hansard Mews, Holland Park"
"LINESTRING (-0.21819 51.511486,-0.215808 51.503802", "From Evesham Street, Avondale to Hansard Mews, Holland Park"
"LINESTRING (-0.193764 51.508605,-0.215808 51.503802", "From Palace Gardens Terrace, Notting Hill to Hansard Mews, Holland Park"
"LINESTRING (-0.190393 51.490163,-0.215808 51.503802", "From Bramham Gardens, Earl's Court to Hansard Mews, Holland Park"
"LINESTRING (-0.20782 51.473471,-0.145827 51.507326", "From Fulham Park Road, Fulham to Clarges Street, Mayfair"
"LINESTRING (-0.178433 51.492479,-0.145827 51.507326", "From Queen's Gate (South), South Kensington to Clarges Street, Mayfair"
"LINESTRING (-0.15934 51.500241,-0.145827 51.507326", "From Harriet Street, Knightsbridge to Clarges Street, Mayfair"
"LINESTRING (-0.15823 51.46879,-0.145827 51.507326", "From Holden Street, Battersea to Clarges Street, Mayfair"
"LINESTRING (-0.154907 51.522481,-0.145827 51.507326", "From Westminster University, Marylebone to Clarges Street, Mayfair"
"LINESTRING (-0.119558 51.528279,-0.145827 51.507326", "From Cromer Street, Bloomsbury to Clarges Street, Mayfair"
"LINESTRING (-0.145827 51.507326,-0.145827 51.507326", "From Clarges Street, Mayfair to Clarges Street, Mayfair"
"LINESTRING (-0.188098 51.517919,-0.145827 51.507326", "From Gloucester Terrace, Bayswater to Clarges Street, Mayfair"
"LINESTRING (-0.169774 51.519968,-0.145827 51.507326", "From Edgware Road Station, Marylebone to Clarges Street, Mayfair"
"LINESTRING (-0.154106 51.517703,-0.145827 51.507326", "From George Street, Marylebone to Clarges Street, Mayfair"
"LINESTRING (-0.162298 51.522511,-0.145827 51.507326", "From Boston Place, Marylebone to Clarges Street, Mayfair"
"LINESTRING (-0.114079 51.522264,-0.145827 51.507326", "From Northington Street , Holborn to Clarges Street, Mayfair"
"LINESTRING (-0.180389 51.46517,-0.145827 51.507326", "From Hibbert Street, Battersea to Clarges Street, Mayfair"
"LINESTRING (-0.157436 51.512276,-0.145827 51.507326", "From Green Street, Mayfair to Clarges Street, Mayfair"
"LINESTRING (-0.174411 51.511933,-0.145827 51.507326", "From Bayswater Road, Hyde Park to Clarges Street, Mayfair"
"LINESTRING (-0.083353 51.529537,-0.145827 51.507326", "From Fanshaw Street, Hoxton to Clarges Street, Mayfair"
"LINESTRING (-0.183118 51.515607,-0.145827 51.507326", "From Cleveland Gardens, Bayswater to Clarges Street, Mayfair"
"LINESTRING (-0.172528 51.533043,-0.145827 51.507326", "From Wellington Road, St. John's Wood to Clarges Street, Mayfair"
"LINESTRING (-0.204815 51.484386,-0.145827 51.507326", "From Normand Park, West Kensington to Clarges Street, Mayfair"
"LINESTRING (-0.136052 51.527326,-0.145827 51.507326", "From Drummond Street , Euston to Clarges Street, Mayfair"
"LINESTRING (-0.106237 51.507244,-0.145827 51.507326", "From Milroy Walk, South Bank to Clarges Street, Mayfair"
"LINESTRING (-0.140485 51.519181,-0.145827 51.507326", "From Foley Street, Fitzrovia to Clarges Street, Mayfair"
"LINESTRING (-0.15934 51.500241,-0.145827 51.507326", "From Harriet Street, Knightsbridge to Clarges Street, Mayfair"
"LINESTRING (-0.147624 51.49395,-0.170983 51.486892", "From Eccleston Place, Victoria to Manresa Road, Chelsea"
"LINESTRING (-0.169821 51.466633,-0.170983 51.486892", "From Falcon Road, Clapham Junction to Manresa Road, Chelsea"
"LINESTRING (-0.185273 51.481765,-0.170983 51.486892", "From Hortensia Road, West Brompton to Manresa Road, Chelsea"
"LINESTRING (-0.194757 51.493343,-0.170983 51.486892", "From Nevern Place, Earl's Court to Manresa Road, Chelsea"
"LINESTRING (-0.135635 51.488226,-0.170983 51.486892", "From St. George's Square, Pimlico to Manresa Road, Chelsea"
"LINESTRING (-0.167919 51.484984,-0.170983 51.486892", "From Phene Street, Chelsea to Manresa Road, Chelsea"
"LINESTRING (-0.180274 51.481805,-0.170983 51.486892", "From World's End Place, West Chelsea to Manresa Road, Chelsea"
"LINESTRING (-0.19024 51.515529,-0.170983 51.486892", "From Westbourne Grove, Bayswater to Manresa Road, Chelsea"
"LINESTRING (-0.139221 51.461388,-0.170983 51.486892", "From Clapham Common Station, Clapham Common to Manresa Road, Chelsea"
"LINESTRING (-0.191933 51.495866,-0.170983 51.486892", "From Lexham Gardens, Kensington to Manresa Road, Chelsea"
"LINESTRING (-0.19024 51.515529,-0.170983 51.486892", "From Westbourne Grove, Bayswater to Manresa Road, Chelsea"
"LINESTRING (-0.157183 51.52026,-0.170983 51.486892", "From Crawford Street, Marylebone to Manresa Road, Chelsea"
"LINESTRING (-0.144132 51.493204,-0.170983 51.486892", "From Belgrave Road, Victoria to Manresa Road, Chelsea"
"LINESTRING (-0.174971 51.485121,-0.170983 51.486892", "From The Vale, Chelsea to Manresa Road, Chelsea"
"LINESTRING (-0.190393 51.490163,-0.170983 51.486892", "From Bramham Gardens, Earl's Court to Manresa Road, Chelsea"
"LINESTRING (-0.147857 51.477966,-0.170983 51.486892", "From Gas Holders, Battersea Park to Manresa Road, Chelsea"
"LINESTRING (-0.170983 51.486892,-0.170983 51.486892", "From Manresa Road, Chelsea to Manresa Road, Chelsea"
"LINESTRING (-0.156876 51.49313,-0.170983 51.486892", "From Sedding Street, Sloane Square to Manresa Road, Chelsea"
"LINESTRING (-0.18267 51.494185,-0.170983 51.486892", "From Gloucester Road Station, South Kensington to Manresa Road, Chelsea"
"LINESTRING (-0.168292 51.462392,-0.170983 51.486892", "From St. John's Road, Clapham Junction to Manresa Road, Chelsea"
"LINESTRING (-0.170983 51.486892,-0.170983 51.486892", "From Manresa Road, Chelsea to Manresa Road, Chelsea"
"LINESTRING (-0.148059 51.472865,-0.170983 51.486892", "From Silverthorne Road, Battersea to Manresa Road, Chelsea"
"LINESTRING (-0.209494 51.498157,-0.170983 51.486892", "From Kensington Olympia Station, Olympia to Manresa Road, Chelsea"
"LINESTRING (-0.170983 51.486892,-0.170983 51.486892", "From Manresa Road, Chelsea to Manresa Road, Chelsea"
"LINESTRING (-0.070133 51.515231,-0.012413 51.508896", "From Central House, Whitechapel to Newby Place, Poplar"
"LINESTRING (-0.117619 51.509943,-0.012413 51.508896", "From Somerset House, Strand to Newby Place, Poplar"
"LINESTRING (-0.038775 51.516,-0.012413 51.508896", "From Aston Street, Stepney to Newby Place, Poplar"
"LINESTRING (-0.04667 51.521889,-0.012413 51.508896", "From Stepney Green Station, Stepney to Newby Place, Poplar"
"LINESTRING (-0.025996 51.509303,-0.012413 51.508896", "From Westferry DLR, Limehouse to Newby Place, Poplar"
"LINESTRING (-0.079608 51.521668,-0.012413 51.508896", "From Worship Street, Shoreditch to Newby Place, Poplar"
"LINESTRING (-0.069542 51.512363,-0.012413 51.508896", "From Leman Street, Aldgate to Newby Place, Poplar"
"LINESTRING (-0.108657 51.51795,-0.012413 51.508896", "From Holborn Circus, Holborn to Newby Place, Poplar"
"LINESTRING (-0.058826 51.54119,-0.012413 51.508896", "From London Fields, Hackney Central to Newby Place, Poplar"
"LINESTRING (-0.087262 51.506304,-0.042744 51.530326", "From Duke Street Hill, London Bridge to Twig Folly Bridge, Mile End"
"LINESTRING (-0.110699 51.501444,-0.042744 51.530326", "From Baylis Road, Waterloo to Twig Folly Bridge, Mile End"
"LINESTRING (-0.058005 51.527152,-0.042744 51.530326", "From Pott Street, Bethnal Green to Twig Folly Bridge, Mile End"
"LINESTRING (-0.079249 51.518908,-0.042744 51.530326", "From Brushfield Street, Liverpool Street to Twig Folly Bridge, Mile End"
"LINESTRING (-0.089887 51.520858,-0.042744 51.530326", "From Bunhill Row, Moorgate to Twig Folly Bridge, Mile End"
"LINESTRING (-0.07962 51.503493,-0.042744 51.530326", "From Tooley Street, Bermondsey to Twig Folly Bridge, Mile End"
"LINESTRING (-0.089887 51.520858,-0.042744 51.530326", "From Bunhill Row, Moorgate to Twig Folly Bridge, Mile End"
"LINESTRING (-0.122502 51.523951,-0.042744 51.530326", "From Brunswick Square, Bloomsbury to Twig Folly Bridge, Mile End"
"LINESTRING (-0.065076 51.52388,-0.042744 51.530326", "From Cheshire Street, Bethnal Green to Twig Folly Bridge, Mile End"
"LINESTRING (-0.074284 51.539328,-0.042744 51.530326", "From Haggerston Road, Haggerston to Twig Folly Bridge, Mile End"
"LINESTRING (-0.076341 51.534464,-0.042744 51.530326", "From Whiston Road, Haggerston to Twig Folly Bridge, Mile End"
"LINESTRING (-0.065076 51.52388,-0.042744 51.530326", "From Cheshire Street, Bethnal Green to Twig Folly Bridge, Mile End"
"LINESTRING (-0.049591 51.53341,-0.042744 51.530326", "From Bonner Gate, Victoria Park to Twig Folly Bridge, Mile End"
"LINESTRING (-0.08249 51.53558,-0.042744 51.530326", "From Pitfield Street North,Hoxton to Twig Folly Bridge, Mile End"
"LINESTRING (-0.022793 51.497304,-0.042744 51.530326", "From Alpha Grove, Millwall to Twig Folly Bridge, Mile End"
"LINESTRING (-0.02163 51.540311,-0.042744 51.530326", "From Monier Road, Hackney Wick to Twig Folly Bridge, Mile End"
"LINESTRING (-0.042744 51.530326,-0.042744 51.530326", "From Twig Folly Bridge, Mile End to Twig Folly Bridge, Mile End"
"LINESTRING (-0.069542 51.512363,-0.042744 51.530326", "From Leman Street, Aldgate to Twig Folly Bridge, Mile End"
"LINESTRING (-0.036017 51.525941,-0.042744 51.530326", "From Clinton Road, Mile End to Twig Folly Bridge, Mile End"
"LINESTRING (-0.091401 51.518093,-0.042744 51.530326", "From Fore Street Avenue, Guildhall to Twig Folly Bridge, Mile End"
"LINESTRING (-0.087587 51.514441,-0.042744 51.530326", "From Bank of England Museum, Bank to Twig Folly Bridge, Mile End"
"LINESTRING (-0.074754 51.523648,-0.042744 51.530326", "From Bethnal Green Road, Shoreditch to Twig Folly Bridge, Mile End"
"LINESTRING (-0.073537 51.514233,-0.042744 51.530326", "From Braham Street, Aldgate to Twig Folly Bridge, Mile End"
"LINESTRING (-0.069743 51.528222,-0.042744 51.530326", "From Wellington Row, Bethnal Green to Twig Folly Bridge, Mile End"
"LINESTRING (-0.127575 51.495805,-0.042744 51.530326", "From Smith Square, Westminster to Twig Folly Bridge, Mile End"
"LINESTRING (-0.047784 51.51328,-0.020068 51.50357", "From Albert Gardens, Stepney to Jubilee Plaza, Canary Wharf"
"LINESTRING (-0.01646 51.505772,-0.020068 51.50357", "From Import Dock, Canary Wharf to Jubilee Plaza, Canary Wharf"
"LINESTRING (-0.074704 51.500845,-0.020068 51.50357", "From Tower Wharf, Bermondsey to Jubilee Plaza, Canary Wharf"
"LINESTRING (-0.009506 51.496454,-0.020068 51.50357", "From St. John's Park, Cubitt Town to Jubilee Plaza, Canary Wharf"
"LINESTRING (-0.025996 51.509303,-0.020068 51.50357", "From Westferry DLR, Limehouse to Jubilee Plaza, Canary Wharf"
"LINESTRING (-0.075855 51.517475,-0.020068 51.50357", "From Bell Lane, Liverpool Street to Jubilee Plaza, Canary Wharf"
"LINESTRING (-0.009152 51.499286,-0.020068 51.50357", "From Preston's Road, Cubitt Town to Jubilee Plaza, Canary Wharf"
"LINESTRING (-0.018716 51.49109,-0.020068 51.50357", "From Spindrift Avenue, Millwall to Jubilee Plaza, Canary Wharf"
"LINESTRING (-0.093051 51.511246,-0.020068 51.50357", "From Queen Street 2, Bank to Jubilee Plaza, Canary Wharf"
"LINESTRING (-0.098031 51.505224,-0.020068 51.50357", "From Lavington Street, Bankside to Jubilee Plaza, Canary Wharf"
"LINESTRING (-0.100791 51.518218,-0.020068 51.50357", "From West Smithfield Rotunda, Farringdon to Jubilee Plaza, Canary Wharf"
"LINESTRING (-0.009506 51.496454,-0.020068 51.50357", "From St. John's Park, Cubitt Town to Jubilee Plaza, Canary Wharf"
"LINESTRING (-0.07962 51.503493,-0.020068 51.50357", "From Tooley Street, Bermondsey to Jubilee Plaza, Canary Wharf"
"LINESTRING (-0.027772 51.505703,-0.020068 51.50357", "From Westferry Circus, Canary Wharf to Jubilee Plaza, Canary Wharf"
"LINESTRING (-0.01646 51.505772,-0.020068 51.50357", "From Import Dock, Canary Wharf to Jubilee Plaza, Canary Wharf"
"LINESTRING (-0.009506 51.496454,-0.020068 51.50357", "From St. John's Park, Cubitt Town to Jubilee Plaza, Canary Wharf"
"LINESTRING (-0.018716 51.49109,-0.020068 51.50357", "From Spindrift Avenue, Millwall to Jubilee Plaza, Canary Wharf"
"LINESTRING (-0.047784 51.51328,-0.020068 51.50357", "From Albert Gardens, Stepney to Jubilee Plaza, Canary Wharf"
"LINESTRING (-0.075885 51.536585,-0.020068 51.50357", "From Dunston Road , Haggerston to Jubilee Plaza, Canary Wharf"
"LINESTRING (-0.01646 51.505772,-0.020068 51.50357", "From Import Dock, Canary Wharf to Jubilee Plaza, Canary Wharf"
"LINESTRING (-0.018716 51.49109,-0.020068 51.50357", "From Spindrift Avenue, Millwall to Jubilee Plaza, Canary Wharf"
"LINESTRING (-0.01646 51.505772,-0.020068 51.50357", "From Import Dock, Canary Wharf to Jubilee Plaza, Canary Wharf"
"LINESTRING (-0.09294 51.51397,-0.020068 51.50357", "From Cheapside, Bank to Jubilee Plaza, Canary Wharf"
"LINESTRING (-0.002275 51.509474,-0.020068 51.50357", "From East India DLR, Blackwall to Jubilee Plaza, Canary Wharf"
"LINESTRING (-0.047784 51.51328,-0.020068 51.50357", "From Albert Gardens, Stepney to Jubilee Plaza, Canary Wharf"
"LINESTRING (-0.037471 51.528224,-0.020068 51.50357", "From Antill Road, Mile End to Jubilee Plaza, Canary Wharf"
"LINESTRING (-0.079249 51.518908,-0.020068 51.50357", "From Brushfield Street, Liverpool Street to Jubilee Plaza, Canary Wharf"
"LINESTRING (-0.023565 51.515427,-0.020068 51.50357", "From Stainsby Road , Poplar to Jubilee Plaza, Canary Wharf"
"LINESTRING (-0.047784 51.51328,-0.020068 51.50357", "From Albert Gardens, Stepney to Jubilee Plaza, Canary Wharf"
"LINESTRING (-0.009001 51.487129,-0.020068 51.50357", "From Saunders Ness Road, Cubitt Town to Jubilee Plaza, Canary Wharf"
"LINESTRING (-0.01646 51.505772,-0.020068 51.50357", "From Import Dock, Canary Wharf to Jubilee Plaza, Canary Wharf"
"LINESTRING (-0.145246 51.539957,-0.020068 51.50357", "From Arlington Road, Camden Town to Jubilee Plaza, Canary Wharf"
"LINESTRING (-0.099981 51.532661,-0.020068 51.50357", "From Graham Street, Angel to Jubilee Plaza, Canary Wharf"
"LINESTRING (-0.047784 51.51328,-0.020068 51.50357", "From Albert Gardens, Stepney to Jubilee Plaza, Canary Wharf"
"LINESTRING (-0.009506 51.496454,-0.020068 51.50357", "From St. John's Park, Cubitt Town to Jubilee Plaza, Canary Wharf"
"LINESTRING (-0.009001 51.487129,-0.020068 51.50357", "From Saunders Ness Road, Cubitt Town to Jubilee Plaza, Canary Wharf"
"LINESTRING (-0.01646 51.505772,-0.020068 51.50357", "From Import Dock, Canary Wharf to Jubilee Plaza, Canary Wharf"
"LINESTRING (-0.009506 51.496454,-0.020068 51.50357", "From St. John's Park, Cubitt Town to Jubilee Plaza, Canary Wharf"
"LINESTRING (-0.01646 51.505772,-0.020068 51.50357", "From Import Dock, Canary Wharf to Jubilee Plaza, Canary Wharf"
"LINESTRING (-0.002275 51.509474,-0.020068 51.50357", "From East India DLR, Blackwall to Jubilee Plaza, Canary Wharf"
"LINESTRING (-0.01646 51.505772,-0.020068 51.50357", "From Import Dock, Canary Wharf to Jubilee Plaza, Canary Wharf"
"LINESTRING (-0.025996 51.509303,-0.020068 51.50357", "From Westferry DLR, Limehouse to Jubilee Plaza, Canary Wharf"
"LINESTRING (-0.102208 51.526153,-0.069743 51.528222", "From Percival Street, Finsbury to Wellington Row, Bethnal Green"
"LINESTRING (-0.120973 51.530059,-0.069743 51.528222", "From St. Chad's Street, King's Cross to Wellington Row, Bethnal Green"
"LINESTRING (-0.058826 51.54119,-0.069743 51.528222", "From London Fields, Hackney Central to Wellington Row, Bethnal Green"
"LINESTRING (-0.092176 51.520044,-0.069743 51.528222", "From Barbican Centre, Barbican to Wellington Row, Bethnal Green"
"LINESTRING (-0.068161 51.509786,-0.069743 51.528222", "From Dock Street, Wapping to Wellington Row, Bethnal Green"
"LINESTRING (-0.005659 51.513548,-0.069743 51.528222", "From Aberfeldy Street, Poplar to Wellington Row, Bethnal Green"
"LINESTRING (-0.106 51.496127,-0.069743 51.528222", "From Geraldine Street, Elephant & Castle to Wellington Row, Bethnal Green"
"LINESTRING (-0.058826 51.54119,-0.069743 51.528222", "From London Fields, Hackney Central to Wellington Row, Bethnal Green"
"LINESTRING (-0.062546 51.535678,-0.069743 51.528222", "From Regent's Row , Haggerston to Wellington Row, Bethnal Green"
"LINESTRING (-0.069743 51.528222,-0.069743 51.528222", "From Wellington Row, Bethnal Green to Wellington Row, Bethnal Green"
"LINESTRING (-0.062697 51.518154,-0.069743 51.528222", "From New Road 1 , Whitechapel to Wellington Row, Bethnal Green"
"LINESTRING (-0.058826 51.54119,-0.069743 51.528222", "From London Fields, Hackney Central to Wellington Row, Bethnal Green"
"LINESTRING (-0.133201 51.512515,-0.069743 51.528222", "From Wardour Street, Soho to Wellington Row, Bethnal Green"
"LINESTRING (-0.059091 51.528692,-0.069743 51.528222", "From Clarkson Street, Bethnal Green to Wellington Row, Bethnal Green"
"LINESTRING (-0.073955 51.526293,-0.069743 51.528222", "From Palissy Street, Shoreditch to Wellington Row, Bethnal Green"
"LINESTRING (-0.10834 51.52352,-0.069743 51.528222", "From Farringdon Lane, Clerkenwell to Wellington Row, Bethnal Green"
"LINESTRING (-0.075885 51.536585,-0.069743 51.528222", "From Dunston Road , Haggerston to Wellington Row, Bethnal Green"
"LINESTRING (-0.084439 51.524696,-0.069743 51.528222", "From Leonard Circus , Shoreditch to Wellington Row, Bethnal Green"
"LINESTRING (-0.049591 51.53341,-0.069743 51.528222", "From Bonner Gate, Victoria Park to Wellington Row, Bethnal Green"
"LINESTRING (-0.10454 51.505461,-0.069743 51.528222", "From Blackfriars Road, Southwark to Wellington Row, Bethnal Green"
"LINESTRING (-0.073955 51.526293,-0.066035 51.531864", "From Palissy Street, Shoreditch to Goldsmith's Row, Haggerston"
"LINESTRING (-0.073955 51.526293,-0.066035 51.531864", "From Palissy Street, Shoreditch to Goldsmith's Row, Haggerston"
"LINESTRING (-0.037471 51.528224,-0.066035 51.531864", "From Antill Road, Mile End to Goldsmith's Row, Haggerston"
"LINESTRING (-0.07813 51.526377,-0.066035 51.531864", "From Shoreditch High Street, Shoreditch to Goldsmith's Row, Haggerston"
"LINESTRING (-0.067937 51.51793,-0.066035 51.531864", "From Old Montague Street, Whitechapel to Goldsmith's Row, Haggerston"
"LINESTRING (-0.03338 51.535179,-0.066035 51.531864", "From Gunmakers Lane, Old Ford to Goldsmith's Row, Haggerston"
"LINESTRING (-0.087587 51.514441,-0.066035 51.531864", "From Bank of England Museum, Bank to Goldsmith's Row, Haggerston"
"LINESTRING (-0.055894 51.528936,-0.066035 51.531864", "From York Hall, Bethnal Green to Goldsmith's Row, Haggerston"
"LINESTRING (-0.087459 51.528673,-0.066035 51.531864", "From East Road, Hoxton to Goldsmith's Row, Haggerston"
"LINESTRING (-0.124121 51.523418,-0.066035 51.531864", "From Russell Square Station, Bloomsbury to Goldsmith's Row, Haggerston"
"LINESTRING (-0.066035 51.531864,-0.066035 51.531864", "From Goldsmith's Row, Haggerston to Goldsmith's Row, Haggerston"
"LINESTRING (-0.097441 51.511961,-0.066035 51.531864", "From Queen Victoria Street, St. Paul's to Goldsmith's Row, Haggerston"
"LINESTRING (-0.074284 51.539328,-0.066035 51.531864", "From Haggerston Road, Haggerston to Goldsmith's Row, Haggerston"
"LINESTRING (-0.069543 51.525645,-0.066035 51.531864", "From Granby Street, Shoreditch to Goldsmith's Row, Haggerston"
"LINESTRING (-0.131213 51.513103,-0.066035 51.531864", "From Frith Street, Soho to Goldsmith's Row, Haggerston"
"LINESTRING (-0.058826 51.54119,-0.066035 51.531864", "From London Fields, Hackney Central to Goldsmith's Row, Haggerston"
"LINESTRING (-0.0801 51.52959,-0.066035 51.531864", "From Hoxton Street, Hoxton to Goldsmith's Row, Haggerston"
"LINESTRING (-0.097441 51.511961,-0.066035 51.531864", "From Queen Victoria Street, St. Paul's to Goldsmith's Row, Haggerston"
"LINESTRING (-0.073438 51.51838,-0.066035 51.531864", "From Fashion Street, Whitechapel to Goldsmith's Row, Haggerston"
"LINESTRING (-0.059091 51.528692,-0.066035 51.531864", "From Clarkson Street, Bethnal Green to Goldsmith's Row, Haggerston"
"LINESTRING (-0.062546 51.535678,-0.066035 51.531864", "From Regent's Row , Haggerston to Goldsmith's Row, Haggerston"
"LINESTRING (-0.069543 51.525645,-0.066035 51.531864", "From Granby Street, Shoreditch to Goldsmith's Row, Haggerston"
"LINESTRING (-0.048017 51.531127,-0.066035 51.531864", "From Old Ford Road, Bethnal Green to Goldsmith's Row, Haggerston"
"LINESTRING (-0.170329 51.477684,-0.066035 51.531864", "From Westbridge Road, Battersea to Goldsmith's Row, Haggerston"
"LINESTRING (-0.073537 51.514233,-0.066035 51.531864", "From Braham Street, Aldgate to Goldsmith's Row, Haggerston"
"LINESTRING (-0.089887 51.520858,-0.066035 51.531864", "From Bunhill Row, Moorgate to Goldsmith's Row, Haggerston"
"LINESTRING (-0.062546 51.535678,-0.066035 51.531864", "From Regent's Row , Haggerston to Goldsmith's Row, Haggerston"
"LINESTRING (-0.025996 51.509303,-0.066035 51.531864", "From Westferry DLR, Limehouse to Goldsmith's Row, Haggerston"
"LINESTRING (-0.097441 51.511961,-0.066035 51.531864", "From Queen Victoria Street, St. Paul's to Goldsmith's Row, Haggerston"
"LINESTRING (-0.06111 51.518675,-0.066035 51.531864", "From Royal London Hospital, Whitechapel to Goldsmith's Row, Haggerston"
"LINESTRING (-0.157275 51.510017,-0.147154 51.537349", "From Park Lane , Hyde Park to Gloucester Avenue, Camden Town"
"LINESTRING (-0.157275 51.510017,-0.147154 51.537349", "From Park Lane , Hyde Park to Gloucester Avenue, Camden Town"
"LINESTRING (-0.183486 51.529857,-0.147154 51.537349", "From Maida Vale, Maida Vale to Gloucester Avenue, Camden Town"
"LINESTRING (-0.145211 51.520715,-0.147154 51.537349", "From Portland Place, Marylebone to Gloucester Avenue, Camden Town"
"LINESTRING (-0.169774 51.519968,-0.147154 51.537349", "From Edgware Road Station, Marylebone to Gloucester Avenue, Camden Town"
"LINESTRING (-0.169774 51.519968,-0.147154 51.537349", "From Edgware Road Station, Marylebone to Gloucester Avenue, Camden Town"
"LINESTRING (-0.200804 51.520509,-0.147154 51.537349", "From The Metropolitan, Portobello to Gloucester Avenue, Camden Town"
"LINESTRING (-0.142783 51.51196,-0.147154 51.537349", "From St. George Street, Mayfair to Gloucester Avenue, Camden Town"
"LINESTRING (-0.138535 51.538792,-0.147154 51.537349", "From St Martins Close, Camden Town to Gloucester Avenue, Camden Town"
"LINESTRING (-0.099489 51.524868,-0.147154 51.537349", "From Sadlers Sports Centre, Finsbury to Gloucester Avenue, Camden Town"
"LINESTRING (-0.157275 51.510017,-0.147154 51.537349", "From Park Lane , Hyde Park to Gloucester Avenue, Camden Town"
"LINESTRING (-0.153463 51.525367,-0.147154 51.537349", "From The Tennis Courts, The Regent's Park to Gloucester Avenue, Camden Town"
"LINESTRING (-0.196422 51.509353,-0.147154 51.537349", "From Notting Hill Gate Station, Notting Hill to Gloucester Avenue, Camden Town"
"LINESTRING (-0.157275 51.510017,-0.147154 51.537349", "From Park Lane , Hyde Park to Gloucester Avenue, Camden Town"
"LINESTRING (-0.193764 51.508605,-0.147154 51.537349", "From Palace Gardens Terrace, Notting Hill to Gloucester Avenue, Camden Town"
"LINESTRING (-0.143613 51.523518,-0.147154 51.537349", "From Bolsover Street, Fitzrovia to Gloucester Avenue, Camden Town"
"LINESTRING (-0.143613 51.523518,-0.147154 51.537349", "From Bolsover Street, Fitzrovia to Gloucester Avenue, Camden Town"
"LINESTRING (-0.135777 51.51953,-0.147154 51.537349", "From Charlotte Street, Fitzrovia to Gloucester Avenue, Camden Town"
"LINESTRING (-0.157275 51.510017,-0.147154 51.537349", "From Park Lane , Hyde Park to Gloucester Avenue, Camden Town"
"LINESTRING (-0.169774 51.519968,-0.147154 51.537349", "From Edgware Road Station, Marylebone to Gloucester Avenue, Camden Town"
"LINESTRING (-0.145246 51.539957,-0.147154 51.537349", "From Arlington Road, Camden Town to Gloucester Avenue, Camden Town"
"LINESTRING (-0.128279 51.5293,-0.147154 51.537349", "From Ossulston Street, Somers Town to Gloucester Avenue, Camden Town"
"LINESTRING (-0.169774 51.519968,-0.147154 51.537349", "From Edgware Road Station, Marylebone to Gloucester Avenue, Camden Town"
"LINESTRING (-0.183118 51.515607,-0.147154 51.537349", "From Cleveland Gardens, Bayswater to Gloucester Avenue, Camden Town"
"LINESTRING (-0.138231 51.525542,-0.147154 51.537349", "From Hampstead Road, Euston to Gloucester Avenue, Camden Town"
"LINESTRING (-0.100186 51.505817,-0.147154 51.537349", "From Bankside Mix, Bankside to Gloucester Avenue, Camden Town"
"LINESTRING (-0.153463 51.525367,-0.147154 51.537349", "From The Tennis Courts, The Regent's Park to Gloucester Avenue, Camden Town"
"LINESTRING (-0.074284 51.539328,-0.06992 51.53385", "From Haggerston Road, Haggerston to Queensbridge Road, Haggerston"
"LINESTRING (-0.066035 51.531864,-0.06992 51.53385", "From Goldsmith's Row, Haggerston to Queensbridge Road, Haggerston"
"LINESTRING (-0.074284 51.539328,-0.06992 51.53385", "From Haggerston Road, Haggerston to Queensbridge Road, Haggerston"
"LINESTRING (-0.06142 51.532091,-0.06992 51.53385", "From Pritchard's Road, Bethnal Green to Queensbridge Road, Haggerston"
"LINESTRING (-0.074284 51.539328,-0.06992 51.53385", "From Haggerston Road, Haggerston to Queensbridge Road, Haggerston"
"LINESTRING (-0.030556 51.523538,-0.06992 51.53385", "From Southern Grove, Bow to Queensbridge Road, Haggerston"
"LINESTRING (-0.087262 51.506304,-0.06992 51.53385", "From Duke Street Hill, London Bridge to Queensbridge Road, Haggerston"
"LINESTRING (-0.073537 51.514233,-0.06992 51.53385", "From Braham Street, Aldgate to Queensbridge Road, Haggerston"
"LINESTRING (-0.03338 51.535179,-0.06992 51.53385", "From Gunmakers Lane, Old Ford to Queensbridge Road, Haggerston"
"LINESTRING (-0.069543 51.525645,-0.06992 51.53385", "From Granby Street, Shoreditch to Queensbridge Road, Haggerston"
"LINESTRING (-0.06142 51.532091,-0.06992 51.53385", "From Pritchard's Road, Bethnal Green to Queensbridge Road, Haggerston"
"LINESTRING (-0.06142 51.532091,-0.06992 51.53385", "From Pritchard's Road, Bethnal Green to Queensbridge Road, Haggerston"
"LINESTRING (-0.122219 51.51477,-0.06992 51.53385", "From Drury Lane, Covent Garden to Queensbridge Road, Haggerston"
"LINESTRING (-0.079608 51.521668,-0.06992 51.53385", "From Worship Street, Shoreditch to Queensbridge Road, Haggerston"
"LINESTRING (-0.054162 51.536424,-0.067937 51.51793", "From Victoria Park Road, Hackney Central to Old Montague Street, Whitechapel"
"LINESTRING (-0.029138 51.516196,-0.067937 51.51793", "From Burdett Road, Mile End to Old Montague Street, Whitechapel"
"LINESTRING (-0.113885 51.51165,-0.067937 51.51793", "From Arundel Street to Old Montague Street, Whitechapel"
"LINESTRING (-0.11655 51.51824,-0.067937 51.51793", "From Red Lion Street, Holborn to Old Montague Street, Whitechapel"
"LINESTRING (-0.071881 51.534776,-0.067937 51.51793", "From Thurtle Road, Haggerston to Old Montague Street, Whitechapel"
"LINESTRING (-0.063386 51.521905,-0.067937 51.51793", "From Selby Street, Whitechapel to Old Montague Street, Whitechapel"
"LINESTRING (-0.06142 51.532091,-0.067937 51.51793", "From Pritchard's Road, Bethnal Green to Old Montague Street, Whitechapel"
"LINESTRING (-0.093051 51.511246,-0.067937 51.51793", "From Queen Street 2, Bank to Old Montague Street, Whitechapel"
"LINESTRING (-0.074754 51.523648,-0.067937 51.51793", "From Bethnal Green Road, Shoreditch to Old Montague Street, Whitechapel"
"LINESTRING (-0.056667 51.511542,-0.067937 51.51793", "From Watney Street, Shadwell to Old Montague Street, Whitechapel"
"LINESTRING (-0.123823 51.501513,-0.067937 51.51793", "From Westminster Pier, Westminster to Old Montague Street, Whitechapel"
"LINESTRING (-0.084439 51.524696,-0.067937 51.51793", "From Leonard Circus , Shoreditch to Old Montague Street, Whitechapel"
"LINESTRING (-0.058641 51.515256,-0.067937 51.51793", "From Philpot Street, Whitechapel to Old Montague Street, Whitechapel"
"LINESTRING (-0.047218 51.526041,-0.067937 51.51793", "From Bancroft Road, Bethnal Green to Old Montague Street, Whitechapel"
"LINESTRING (-0.096317 51.526008,-0.067937 51.51793", "From Finsbury Leisure Centre, St. Luke's to Old Montague Street, Whitechapel"
"LINESTRING (-0.051394 51.520893,-0.067937 51.51793", "From Cleveland Way, Stepney to Old Montague Street, Whitechapel"
"LINESTRING (-0.110699 51.501444,-0.067937 51.51793", "From Baylis Road, Waterloo to Old Montague Street, Whitechapel"
"LINESTRING (-0.025996 51.509303,-0.067937 51.51793", "From Westferry DLR, Limehouse to Old Montague Street, Whitechapel"
"LINESTRING (-0.09885 51.515418,-0.067937 51.51793", "From Newgate Street , St. Paul's to Old Montague Street, Whitechapel"
"LINESTRING (-0.032566 51.520597,-0.067937 51.51793", "From Mile End Park Leisure Centre, Mile End to Old Montague Street, Whitechapel"
"LINESTRING (-0.077178 51.514449,-0.067937 51.51793", "From Houndsditch, Aldgate to Old Montague Street, Whitechapel"
"LINESTRING (-0.082989 51.510484,-0.067937 51.51793", "From Great Tower Street, Monument to Old Montague Street, Whitechapel"
"LINESTRING (-0.086685 51.517075,-0.067937 51.51793", "From Finsbury Circus, Liverpool Street to Old Montague Street, Whitechapel"
"LINESTRING (-0.123823 51.501513,-0.067937 51.51793", "From Westminster Pier, Westminster to Old Montague Street, Whitechapel"
"LINESTRING (-0.082422 51.516154,-0.067937 51.51793", "From Wormwood Street, Liverpool Street to Old Montague Street, Whitechapel"
"LINESTRING (-0.09294 51.51397,-0.067937 51.51793", "From Cheapside, Bank to Old Montague Street, Whitechapel"
"LINESTRING (-0.054883 51.522561,-0.067937 51.51793", "From Cephas Street, Bethnal Green to Old Montague Street, Whitechapel"
"LINESTRING (-0.06142 51.532091,-0.067937 51.51793", "From Pritchard's Road, Bethnal Green to Old Montague Street, Whitechapel"
"LINESTRING (-0.109006 51.521661,-0.067937 51.51793", "From Hatton Wall, Holborn to Old Montague Street, Whitechapel"
"LINESTRING (-0.07813 51.526377,-0.067937 51.51793", "From Shoreditch High Street, Shoreditch to Old Montague Street, Whitechapel"
"LINESTRING (-0.047784 51.51328,-0.067937 51.51793", "From Albert Gardens, Stepney to Old Montague Street, Whitechapel"
"LINESTRING (-0.090847 51.525893,-0.067937 51.51793", "From Bath Street, St. Luke's to Old Montague Street, Whitechapel"
"LINESTRING (-0.086685 51.517075,-0.067937 51.51793", "From Finsbury Circus, Liverpool Street to Old Montague Street, Whitechapel"
"LINESTRING (-0.130458 51.494816,-0.067937 51.51793", "From Horseferry Road, Westminster to Old Montague Street, Whitechapel"
"LINESTRING (-0.086685 51.517075,-0.067937 51.51793", "From Finsbury Circus, Liverpool Street to Old Montague Street, Whitechapel"
"LINESTRING (-0.008428 51.503143,-0.00699 51.508981", "From Lancaster Drive, Blackwall to Naval Row, Blackwall"
"LINESTRING (-0.011662 51.518811,-0.00699 51.508981", "From Teviot Street, Poplar to Naval Row, Blackwall"
"LINESTRING (-0.021345 51.519265,-0.00699 51.508981", "From Furze Green, Bow to Naval Row, Blackwall"
"LINESTRING (-0.011662 51.518811,-0.00699 51.508981", "From Teviot Street, Poplar to Naval Row, Blackwall"
"LINESTRING (-0.012413 51.508896,-0.00699 51.508981", "From Newby Place, Poplar to Naval Row, Blackwall"
"LINESTRING (-0.086685 51.517075,-0.00699 51.508981", "From Finsbury Circus, Liverpool Street to Naval Row, Blackwall"
"LINESTRING (-0.053558 51.511066,-0.00699 51.508981", "From Sutton Street, Shadwell to Naval Row, Blackwall"
"LINESTRING (-0.073438 51.51838,-0.00699 51.508981", "From Fashion Street, Whitechapel to Naval Row, Blackwall"
"LINESTRING (-0.053558 51.511066,-0.00699 51.508981", "From Sutton Street, Shadwell to Naval Row, Blackwall"
"LINESTRING (-0.009001 51.487129,-0.00699 51.508981", "From Saunders Ness Road, Cubitt Town to Naval Row, Blackwall"
"LINESTRING (-0.023565 51.515427,-0.00699 51.508981", "From Stainsby Road , Poplar to Naval Row, Blackwall"
"LINESTRING (-0.018703 51.528169,-0.00699 51.508981", "From Bow Church Station, Bow to Naval Row, Blackwall"
"LINESTRING (-0.053558 51.511066,-0.00699 51.508981", "From Sutton Street, Shadwell to Naval Row, Blackwall"
"LINESTRING (-0.009506 51.496454,-0.00699 51.508981", "From St. John's Park, Cubitt Town to Naval Row, Blackwall"
"LINESTRING (-0.008428 51.503143,-0.00699 51.508981", "From Lancaster Drive, Blackwall to Naval Row, Blackwall"
"LINESTRING (-0.025996 51.509303,-0.00699 51.508981", "From Westferry DLR, Limehouse to Naval Row, Blackwall"
"LINESTRING (-0.06415 51.51295,-0.00699 51.508981", "From Christian Street, Whitechapel to Naval Row, Blackwall"
"LINESTRING (-0.115375 51.460232,-0.00699 51.508981", "From Saltoun Road, Brixton to Naval Row, Blackwall"
"LINESTRING (-0.074704 51.500845,-0.075901 51.531091", "From Tower Wharf, Bermondsey to Hoxton Station, Hoxton"
"LINESTRING (-0.025296 51.527058,-0.075901 51.531091", "From Bow Road Station, Bow to Hoxton Station, Hoxton"
"LINESTRING (-0.066035 51.531864,-0.075901 51.531091", "From Goldsmith's Row, Haggerston to Hoxton Station, Hoxton"
"LINESTRING (-0.100168 51.530344,-0.075901 51.531091", "From City Road, Angel to Hoxton Station, Hoxton"
"LINESTRING (-0.082422 51.516154,-0.075901 51.531091", "From Wormwood Street, Liverpool Street to Hoxton Station, Hoxton"
"LINESTRING (-0.081608 51.497855,-0.075901 51.531091", "From Bermondsey Street, Bermondsey to Hoxton Station, Hoxton"
"LINESTRING (-0.074754 51.523648,-0.075901 51.531091", "From Bethnal Green Road, Shoreditch to Hoxton Station, Hoxton"
"LINESTRING (-0.055656 51.514222,-0.075901 51.531091", "From Watney Market, Stepney to Hoxton Station, Hoxton"
"LINESTRING (-0.042744 51.530326,-0.075901 51.531091", "From Twig Folly Bridge, Mile End to Hoxton Station, Hoxton"
"LINESTRING (-0.079249 51.518908,-0.075901 51.531091", "From Brushfield Street, Liverpool Street to Hoxton Station, Hoxton"
"LINESTRING (-0.070329 51.539083,-0.075901 51.531091", "From Shoreditch Court, Haggerston to Hoxton Station, Hoxton"
"LINESTRING (-0.109006 51.521661,-0.075901 51.531091", "From Hatton Wall, Holborn to Hoxton Station, Hoxton"
"LINESTRING (-0.09294 51.511553,-0.075901 51.531091", "From Queen Street 1, Bank to Hoxton Station, Hoxton"
"LINESTRING (-0.104298 51.526717,-0.075901 51.531091", "From Finsbury Library , Finsbury to Hoxton Station, Hoxton"
"LINESTRING (-0.08249 51.53558,-0.075901 51.531091", "From Pitfield Street North,Hoxton to Hoxton Station, Hoxton"
"LINESTRING (-0.125078 51.534667,-0.075901 51.531091", "From Good's Way, King's Cross to Hoxton Station, Hoxton"
"LINESTRING (-0.066035 51.531864,-0.075901 51.531091", "From Goldsmith's Row, Haggerston to Hoxton Station, Hoxton"
"LINESTRING (-0.085603 51.53095,-0.075901 51.531091", "From New North Road 1, Hoxton to Hoxton Station, Hoxton"
"LINESTRING (-0.025296 51.527058,-0.075901 51.531091", "From Bow Road Station, Bow to Hoxton Station, Hoxton"
"LINESTRING (-0.037366 51.534137,-0.075901 51.531091", "From Driffield Road, Old Ford to Hoxton Station, Hoxton"
"LINESTRING (-0.070329 51.539083,-0.075901 51.531091", "From Shoreditch Court, Haggerston to Hoxton Station, Hoxton"
"LINESTRING (-0.078505 51.53095,-0.075901 51.531091", "From Falkirk Street, Hoxton to Hoxton Station, Hoxton"
"LINESTRING (-0.07023 51.536654,-0.075901 51.531091", "From Belford House, Haggerston to Hoxton Station, Hoxton"
"LINESTRING (-0.070329 51.539083,-0.075901 51.531091", "From Shoreditch Court, Haggerston to Hoxton Station, Hoxton"
"LINESTRING (-0.086379 51.534042,-0.075901 51.531091", "From Shoreditch Park, Hoxton to Hoxton Station, Hoxton"
"LINESTRING (-0.152248 51.467185,-0.075901 51.531091", "From Ashley Crescent, Battersea to Hoxton Station, Hoxton"
"LINESTRING (-0.111778 51.515937,-0.075901 51.531091", "From Breams Buildings, Holborn to Hoxton Station, Hoxton"
"LINESTRING (-0.106408 51.530515,-0.144466 51.528302", "From Chadwell Street, Angel to Albany Street, The Regent's Park"
"LINESTRING (-0.135025 51.518162,-0.144466 51.528302", "From Rathbone Street, Fitzrovia to Albany Street, The Regent's Park"
"LINESTRING (-0.144466 51.528302,-0.144466 51.528302", "From Albany Street, The Regent's Park to Albany Street, The Regent's Park"
"LINESTRING (-0.144466 51.528302,-0.144466 51.528302", "From Albany Street, The Regent's Park to Albany Street, The Regent's Park"
"LINESTRING (-0.122203 51.534474,-0.144466 51.528302", "From Crinan Street, King's Cross to Albany Street, The Regent's Park"
"LINESTRING (-0.141327 51.520253,-0.144466 51.528302", "From Great Titchfield Street, Fitzrovia to Albany Street, The Regent's Park"
"LINESTRING (-0.13151 51.509639,-0.144466 51.528302", "From Panton Street, West End to Albany Street, The Regent's Park"
"LINESTRING (-0.099828 51.493146,-0.144466 51.528302", "From Strata, Elephant & Castle to Albany Street, The Regent's Park"
"LINESTRING (-0.124678 51.51908,-0.144466 51.528302", "From British Museum, Bloomsbury to Albany Street, The Regent's Park"
"LINESTRING (-0.116764 51.51362,-0.144466 51.528302", "From Houghton Street, Strand to Albany Street, The Regent's Park"
"LINESTRING (-0.138231 51.525542,-0.144466 51.528302", "From Hampstead Road, Euston to Albany Street, The Regent's Park"
"LINESTRING (-0.13214 51.519572,-0.144466 51.528302", "From Store Street, Bloomsbury to Albany Street, The Regent's Park"
"LINESTRING (-0.144466 51.528302,-0.144466 51.528302", "From Albany Street, The Regent's Park to Albany Street, The Regent's Park"
"LINESTRING (-0.138019 51.524438,-0.144466 51.528302", "From Warren Street Station, Euston to Albany Street, The Regent's Park"
"LINESTRING (-0.13151 51.509639,-0.144466 51.528302", "From Panton Street, West End to Albany Street, The Regent's Park"
"LINESTRING (-0.144466 51.528302,-0.144466 51.528302", "From Albany Street, The Regent's Park to Albany Street, The Regent's Park"
"LINESTRING (-0.124678 51.51908,-0.144466 51.528302", "From British Museum, Bloomsbury to Albany Street, The Regent's Park"
"LINESTRING (-0.118272 51.516277,-0.144466 51.528302", "From Lincoln's Inn Fields, Holborn to Albany Street, The Regent's Park"
"LINESTRING (-0.13151 51.509639,-0.144466 51.528302", "From Panton Street, West End to Albany Street, The Regent's Park"
"LINESTRING (-0.135025 51.518162,-0.144466 51.528302", "From Rathbone Street, Fitzrovia to Albany Street, The Regent's Park"
"LINESTRING (-0.158963 51.524517,-0.144466 51.528302", "From Park Road (Baker Street), The Regent's Park to Albany Street, The Regent's Park"
"LINESTRING (-0.215804 51.494347,-0.144466 51.528302", "From Brook Green South, Brook Green to Albany Street, The Regent's Park"
"LINESTRING (-0.165668 51.524561,-0.144466 51.528302", "From Broadley Terrace, Marylebone to Albany Street, The Regent's Park"
"LINESTRING (-0.104778 51.504044,-0.144466 51.528302", "From Southwark Station 2, Southwark to Albany Street, The Regent's Park"
"LINESTRING (-0.147203 51.515308,-0.144466 51.528302", "From Chapel Place, Marylebone to Albany Street, The Regent's Park"
"LINESTRING (-0.129386 51.534123,-0.144466 51.528302", "From Pancras Road, King's Cross to Albany Street, The Regent's Park"
"LINESTRING (-0.140485 51.519181,-0.144466 51.528302", "From Foley Street, Fitzrovia to Albany Street, The Regent's Park"
"LINESTRING (-0.138019 51.524438,-0.144466 51.528302", "From Warren Street Station, Euston to Albany Street, The Regent's Park"
"LINESTRING (-0.139956 51.493573,-0.142844 51.506613", "From Queen Mother Sports Centre, Victoria to Green Park Station, Mayfair"
"LINESTRING (-0.130458 51.494816,-0.142844 51.506613", "From Horseferry Road, Westminster to Green Park Station, Mayfair"
"LINESTRING (-0.123702 51.506767,-0.142844 51.506613", "From Northumberland Avenue, Strand to Green Park Station, Mayfair"
"LINESTRING (-0.126021 51.508103,-0.142844 51.506613", "From Craven Street, Strand to Green Park Station, Mayfair"
"LINESTRING (-0.123179 51.506543,-0.142844 51.506613", "From Whitehall Place, Strand to Green Park Station, Mayfair"
"LINESTRING (-0.076793 51.513406,-0.142844 51.506613", "From Jewry Street, Aldgate to Green Park Station, Mayfair"
"LINESTRING (-0.197609 51.483911,-0.142844 51.506613", "From Halford Road, West Kensington to Green Park Station, Mayfair"
"LINESTRING (-0.155525 51.516204,-0.142844 51.506613", "From Portman Square, Marylebone to Green Park Station, Mayfair"
"LINESTRING (-0.133201 51.512515,-0.142844 51.506613", "From Wardour Street, Soho to Green Park Station, Mayfair"
"LINESTRING (-0.192369 51.491593,-0.142844 51.506613", "From Penywern Road, Earl's Court to Green Park Station, Mayfair"
"LINESTRING (-0.155525 51.516204,-0.142844 51.506613", "From Portman Square, Marylebone to Green Park Station, Mayfair"
"LINESTRING (-0.171103 51.518268,-0.142844 51.506613", "From St Mary's Hospital, Paddington to Green Park Station, Mayfair"
"LINESTRING (-0.17306 51.505014,-0.142844 51.506613", "From Serpentine Car Park, Hyde Park to Green Park Station, Mayfair"
"LINESTRING (-0.197574 51.499606,-0.142844 51.506613", "From Phillimore Gardens, Kensington to Green Park Station, Mayfair"
"LINESTRING (-0.17306 51.505014,-0.142844 51.506613", "From Serpentine Car Park, Hyde Park to Green Park Station, Mayfair"
"LINESTRING (-0.180274 51.481805,-0.142844 51.506613", "From World's End Place, West Chelsea to Green Park Station, Mayfair"
"LINESTRING (-0.130699 51.50777,-0.142844 51.506613", "From Pall Mall East, West End to Green Park Station, Mayfair"
"LINESTRING (-0.17306 51.505014,-0.142844 51.506613", "From Serpentine Car Park, Hyde Park to Green Park Station, Mayfair"
"LINESTRING (-0.192404 51.496481,-0.142844 51.506613", "From Marloes Road, Kensington to Green Park Station, Mayfair"
"LINESTRING (-0.208888 51.5212,-0.142844 51.506613", "From Bevington Road West, North Kensington to Green Park Station, Mayfair"
"LINESTRING (-0.1844 51.502042,-0.142844 51.506613", "From Palace Gate, Kensington Gardens to Green Park Station, Mayfair"
"LINESTRING (-0.090847 51.525893,-0.142844 51.506613", "From Bath Street, St. Luke's to Green Park Station, Mayfair"
"LINESTRING (-0.179702 51.499428,-0.142844 51.506613", "From Imperial College, Knightsbridge to Green Park Station, Mayfair"
"LINESTRING (-0.125972 51.49764,-0.142844 51.506613", "From Abingdon Green, Westminster to Green Park Station, Mayfair"
"LINESTRING (-0.187842 51.509908,-0.142844 51.506613", "From Black Lion Gate, Kensington Gardens to Green Park Station, Mayfair"
"LINESTRING (-0.112824 51.503791,-0.142844 51.506613", "From Waterloo Station 3, Waterloo to Green Park Station, Mayfair"
"LINESTRING (-0.205876 51.475698,-0.142844 51.506613", "From Chesilton Road, Fulham to Green Park Station, Mayfair"
"LINESTRING (-0.063471 51.497995,-0.142844 51.506613", "From Bermondsey Station, Bermondsey to Green Park Station, Mayfair"
"LINESTRING (-0.191496 51.503157,-0.142844 51.506613", "From Kensington Church Street, Kensington to Green Park Station, Mayfair"
"LINESTRING (-0.094524 51.500694,-0.142844 51.506613", "From Borough High Street, The Borough to Green Park Station, Mayfair"
"LINESTRING (-0.115057 51.512582,-0.142844 51.506613", "From Strand, Strand to Green Park Station, Mayfair"
"LINESTRING (-0.161203 51.496886,-0.142844 51.506613", "From Pont Street, Knightsbridge to Green Park Station, Mayfair"
"LINESTRING (-0.150908 51.47505,-0.142844 51.506613", "From Alfreda Street, Battersea Park to Green Park Station, Mayfair"
"LINESTRING (-0.15934 51.500241,-0.142844 51.506613", "From Harriet Street, Knightsbridge to Green Park Station, Mayfair"
"LINESTRING (-0.153933 51.494561,-0.142844 51.506613", "From Eaton Square (South), Belgravia to Green Park Station, Mayfair"
"LINESTRING (-0.15352 51.503117,-0.142844 51.506613", "From Hyde Park Corner, Hyde Park to Green Park Station, Mayfair"
"LINESTRING (-0.180389 51.46517,-0.142844 51.506613", "From Hibbert Street, Battersea to Green Park Station, Mayfair"
"LINESTRING (-0.18697 51.51616,-0.142844 51.506613", "From Bishop's Bridge Road West, Bayswater to Green Park Station, Mayfair"
"LINESTRING (-0.161765 51.487964,-0.142844 51.506613", "From Ormonde Gate, Chelsea to Green Park Station, Mayfair"
"LINESTRING (-0.123702 51.506767,-0.142844 51.506613", "From Northumberland Avenue, Strand to Green Park Station, Mayfair"
"LINESTRING (-0.104193 51.49605,-0.142844 51.506613", "From Gaywood  Street, Elephant & Castle to Green Park Station, Mayfair"
"LINESTRING (-0.142844 51.506613,-0.142844 51.506613", "From Green Park Station, Mayfair to Green Park Station, Mayfair"
"LINESTRING (-0.127575 51.495805,-0.142844 51.506613", "From Smith Square, Westminster to Green Park Station, Mayfair"
"LINESTRING (-0.158264 51.514577,-0.142844 51.506613", "From Old Quebec Street, Marylebone to Green Park Station, Mayfair"
"LINESTRING (-0.199004 51.506584,-0.142844 51.506613", "From Campden Hill Road, Notting Hill to Green Park Station, Mayfair"
"LINESTRING (-0.174485 51.469161,-0.142844 51.506613", "From Fawcett Close, Battersea to Green Park Station, Mayfair"
"LINESTRING (-0.200838 51.514311,-0.142844 51.506613", "From Turquoise Island, Notting Hill to Green Park Station, Mayfair"
"LINESTRING (-0.217515 51.500353,-0.142844 51.506613", "From Richmond Way, Shepherd's Bush to Green Park Station, Mayfair"
"LINESTRING (-0.130699 51.50777,-0.142844 51.506613", "From Pall Mall East, West End to Green Park Station, Mayfair"
"LINESTRING (-0.161203 51.496886,-0.142844 51.506613", "From Pont Street, Knightsbridge to Green Park Station, Mayfair"
"LINESTRING (-0.183289 51.496462,-0.142844 51.506613", "From Gloucester Road (Central), South Kensington to Green Park Station, Mayfair"
"LINESTRING (-0.179369 51.487196,-0.142844 51.506613", "From Drayton Gardens, West Chelsea to Green Park Station, Mayfair"
"LINESTRING (-0.162298 51.522511,-0.142844 51.506613", "From Boston Place, Marylebone to Green Park Station, Mayfair"
"LINESTRING (-0.134621 51.507424,-0.142844 51.506613", "From St. James's Square, St. James's to Green Park Station, Mayfair"
"LINESTRING (-0.124749 51.509462,-0.142844 51.506613", "From William IV Street, Strand to Green Park Station, Mayfair"
"LINESTRING (-0.161203 51.496886,-0.142844 51.506613", "From Pont Street, Knightsbridge to Green Park Station, Mayfair"
"LINESTRING (-0.127575 51.495805,-0.142844 51.506613", "From Smith Square, Westminster to Green Park Station, Mayfair"
"LINESTRING (-0.165842 51.522029,-0.142844 51.506613", "From Bell Street , Marylebone to Green Park Station, Mayfair"
"LINESTRING (-0.192538 51.504723,-0.142844 51.506613", "From Vicarage Gate, Kensington to Green Park Station, Mayfair"
"LINESTRING (-0.141334 51.492345,-0.142844 51.506613", "From Guildhouse Street, Victoria to Green Park Station, Mayfair"
"LINESTRING (-0.142844 51.506613,-0.142844 51.506613", "From Green Park Station, Mayfair to Green Park Station, Mayfair"
"LINESTRING (-0.167894 51.493184,-0.142844 51.506613", "From Sloane Avenue, Knightsbridge to Green Park Station, Mayfair"
"LINESTRING (-0.209494 51.498157,-0.142844 51.506613", "From Kensington Olympia Station, Olympia to Green Park Station, Mayfair"
"LINESTRING (-0.110699 51.501444,-0.142844 51.506613", "From Baylis Road, Waterloo to Green Park Station, Mayfair"
"LINESTRING (-0.10454 51.505461,-0.142844 51.506613", "From Blackfriars Road, Southwark to Green Park Station, Mayfair"
"LINESTRING (-0.14296 51.497998,-0.142844 51.506613", "From Warwick Row, Westminster to Green Park Station, Mayfair"
"LINESTRING (-0.139956 51.493573,-0.142844 51.506613", "From Queen Mother Sports Centre, Victoria to Green Park Station, Mayfair"
"LINESTRING (-0.163041 51.470538,-0.142844 51.506613", "From Sheepcote Lane, Battersea to Green Park Station, Mayfair"
"LINESTRING (-0.157436 51.512276,-0.142844 51.506613", "From Green Street, Mayfair to Green Park Station, Mayfair"
"LINESTRING (-0.138364 51.492111,-0.142844 51.506613", "From Tachbrook Street, Victoria to Green Park Station, Mayfair"
"LINESTRING (-0.1844 51.502042,-0.142844 51.506613", "From Palace Gate, Kensington Gardens to Green Park Station, Mayfair"
"LINESTRING (-0.138846 51.510048,-0.142844 51.506613", "From Sackville Street, Mayfair to Green Park Station, Mayfair"
"LINESTRING (-0.123179 51.506543,-0.142844 51.506613", "From Whitehall Place, Strand to Green Park Station, Mayfair"
"LINESTRING (-0.121394 51.493699,-0.142844 51.506613", "From Fire Brigade Pier, Vauxhall to Green Park Station, Mayfair"
"LINESTRING (-0.171103 51.518268,-0.142844 51.506613", "From St Mary's Hospital, Paddington to Green Park Station, Mayfair"
"LINESTRING (-0.19096 51.51244,-0.142844 51.506613", "From Ilchester Gardens, Bayswater to Green Park Station, Mayfair"
"LINESTRING (-0.17581 51.517335,-0.142844 51.506613", "From South Wharf Road, Paddington to Green Park Station, Mayfair"
"LINESTRING (-0.158105 51.494645,-0.142844 51.506613", "From Cadogan Place, Knightsbridge to Green Park Station, Mayfair"
"LINESTRING (-0.123702 51.506767,-0.142844 51.506613", "From Northumberland Avenue, Strand to Green Park Station, Mayfair"
"LINESTRING (-0.171103 51.518268,-0.142844 51.506613", "From St Mary's Hospital, Paddington to Green Park Station, Mayfair"
"LINESTRING (-0.138072 51.517344,-0.142844 51.506613", "From Wells Street, Fitzrovia to Green Park Station, Mayfair"
"LINESTRING (-0.18498 51.501737,-0.142844 51.506613", "From De Vere Gardens, Kensington to Green Park Station, Mayfair"
"LINESTRING (-0.068161 51.509786,-0.142844 51.506613", "From Dock Street, Wapping to Green Park Station, Mayfair"
"LINESTRING (-0.17581 51.517335,-0.142844 51.506613", "From South Wharf Road, Paddington to Green Park Station, Mayfair"
"LINESTRING (-0.147983 51.519167,-0.142844 51.506613", "From New Cavendish Street, Marylebone to Green Park Station, Mayfair"
"LINESTRING (-0.171103 51.518268,-0.142844 51.506613", "From St Mary's Hospital, Paddington to Green Park Station, Mayfair"
"LINESTRING (-0.191462 51.501364,-0.142844 51.506613", "From Derry Street, Kensington to Green Park Station, Mayfair"
"LINESTRING (-0.15352 51.503117,-0.142844 51.506613", "From Hyde Park Corner, Hyde Park to Green Park Station, Mayfair"
"LINESTRING (-0.113426 51.503919,-0.142844 51.506613", "From Waterloo Station 2, Waterloo to Green Park Station, Mayfair"
"LINESTRING (-0.133972 51.472993,-0.142844 51.506613", "From Union Grove, Wandsworth Road to Green Park Station, Mayfair"
"LINESTRING (-0.111014 51.493686,-0.142844 51.506613", "From Walnut Tree Walk, Vauxhall to Green Park Station, Mayfair"
"LINESTRING (-0.110683 51.484788,-0.142844 51.506613", "From Kennington Road Post Office, Oval to Green Park Station, Mayfair"
"LINESTRING (-0.173881 51.494412,-0.142844 51.506613", "From South Kensington Station, South Kensington to Green Park Station, Mayfair"
"LINESTRING (-0.070133 51.515231,-0.033828 51.514115", "From Central House, Whitechapel to Salmon Lane, Limehouse"
"LINESTRING (-0.025296 51.527058,-0.033828 51.514115", "From Bow Road Station, Bow to Salmon Lane, Limehouse"
"LINESTRING (-0.030556 51.523538,-0.033828 51.514115", "From Southern Grove, Bow to Salmon Lane, Limehouse"
"LINESTRING (-0.068856 51.521776,-0.033828 51.514115", "From Buxton Street 1, Shoreditch to Salmon Lane, Limehouse"
"LINESTRING (-0.04667 51.521889,-0.033828 51.514115", "From Stepney Green Station, Stepney to Salmon Lane, Limehouse"
"LINESTRING (-0.025996 51.509303,-0.033828 51.514115", "From Westferry DLR, Limehouse to Salmon Lane, Limehouse"
"LINESTRING (-0.058826 51.54119,-0.033828 51.514115", "From London Fields, Hackney Central to Salmon Lane, Limehouse"
"LINESTRING (-0.032267 51.525501,-0.033828 51.514115", "From Maplin Street, Mile End to Salmon Lane, Limehouse"
"LINESTRING (-0.025996 51.509303,-0.033828 51.514115", "From Westferry DLR, Limehouse to Salmon Lane, Limehouse"
"LINESTRING (-0.025996 51.509303,-0.033828 51.514115", "From Westferry DLR, Limehouse to Salmon Lane, Limehouse"
"LINESTRING (-0.055656 51.514222,-0.033828 51.514115", "From Watney Market, Stepney to Salmon Lane, Limehouse"
"LINESTRING (-0.032566 51.520597,-0.033828 51.514115", "From Mile End Park Leisure Centre, Mile End to Salmon Lane, Limehouse"
"LINESTRING (-0.057544 51.504749,-0.033828 51.514115", "From Wapping Lane, Wapping to Salmon Lane, Limehouse"
"LINESTRING (-0.02163 51.540311,-0.033828 51.514115", "From Monier Road, Hackney Wick to Salmon Lane, Limehouse"
"LINESTRING (-0.055312 51.52568,-0.033828 51.514115", "From Bethnal Green Garden, Bethnal Green to Salmon Lane, Limehouse"
"LINESTRING (-0.055167 51.508447,-0.033828 51.514115", "From Garnet Street, Shadwell to Salmon Lane, Limehouse"
"LINESTRING (-0.02163 51.540311,-0.033828 51.514115", "From Monier Road, Hackney Wick to Salmon Lane, Limehouse"
"LINESTRING (-0.032267 51.525501,-0.033828 51.514115", "From Maplin Street, Mile End to Salmon Lane, Limehouse"
"LINESTRING (-0.223868 51.496664,-0.204666 51.509591", "From Little Brook Green, Brook Green to Lansdowne Walk, Ladbroke Grove"
"LINESTRING (-0.179135 51.516417,-0.204666 51.509591", "From Eastbourne Mews, Paddington to Lansdowne Walk, Ladbroke Grove"
"LINESTRING (-0.185273 51.481765,-0.204666 51.509591", "From Hortensia Road, West Brompton to Lansdowne Walk, Ladbroke Grove"
"LINESTRING (-0.156166 51.518913,-0.204666 51.509591", "From Baker Street, Marylebone to Lansdowne Walk, Ladbroke Grove"
"LINESTRING (-0.223868 51.496664,-0.204666 51.509591", "From Little Brook Green, Brook Green to Lansdowne Walk, Ladbroke Grove"
"LINESTRING (-0.122502 51.523951,-0.102208 51.526153", "From Brunswick Square, Bloomsbury to Percival Street, Finsbury"
"LINESTRING (-0.141728 51.539099,-0.102208 51.526153", "From Greenland Road, Camden Town to Percival Street, Finsbury"
"LINESTRING (-0.116191 51.535467,-0.102208 51.526153", "From Carnegie Street, King's Cross to Percival Street, Finsbury"
"LINESTRING (-0.120202 51.523346,-0.102208 51.526153", "From Guilford Street , Bloomsbury to Percival Street, Finsbury"
"LINESTRING (-0.079608 51.521668,-0.102208 51.526153", "From Worship Street, Shoreditch to Percival Street, Finsbury"
"LINESTRING (-0.131161 51.52505,-0.102208 51.526153", "From Taviton Street, Bloomsbury to Percival Street, Finsbury"
"LINESTRING (-0.084439 51.524696,-0.102208 51.526153", "From Leonard Circus , Shoreditch to Percival Street, Finsbury"
"LINESTRING (-0.176645 51.518622,-0.102208 51.526153", "From North Wharf Road, Paddington to Percival Street, Finsbury"
"LINESTRING (-0.08497 51.50964,-0.102208 51.526153", "From Monument Street, Monument to Percival Street, Finsbury"
"LINESTRING (-0.11548 51.528915,-0.102208 51.526153", "From Great Percy Street, Clerkenwell to Percival Street, Finsbury"
"LINESTRING (-0.138019 51.524438,-0.102208 51.526153", "From Warren Street Station, Euston to Percival Street, Finsbury"
"LINESTRING (-0.131213 51.513103,-0.102208 51.526153", "From Frith Street, Soho to Percival Street, Finsbury"
"LINESTRING (-0.141423 51.514499,-0.102208 51.526153", "From Little Argyll Street, West End to Percival Street, Finsbury"
"LINESTRING (-0.106408 51.530515,-0.102208 51.526153", "From Chadwell Street, Angel to Percival Street, Finsbury"
"LINESTRING (-0.075375 51.528187,-0.102208 51.526153", "From Columbia Road, Shoreditch to Percival Street, Finsbury"
"LINESTRING (-0.079201 51.537277,-0.102208 51.526153", "From Hertford Road, De Beauvoir Town to Percival Street, Finsbury"
"LINESTRING (-0.088285 51.519069,-0.102208 51.526153", "From Moorfields, Moorgate to Percival Street, Finsbury"
"LINESTRING (-0.089782 51.53089,-0.102208 51.526153", "From Murray Grove , Hoxton to Percival Street, Finsbury"
"LINESTRING (-0.079248 51.524526,-0.102208 51.526153", "From New Inn Yard, Shoreditch to Percival Street, Finsbury"
"LINESTRING (-0.086016 51.53114,-0.102208 51.526153", "From New North Road 2, Hoxton to Percival Street, Finsbury"
"LINESTRING (-0.09315 51.53356,-0.102208 51.526153", "From Eagle Wharf Road, Hoxton to Percival Street, Finsbury"
"LINESTRING (-0.077121 51.511594,-0.102208 51.526153", "From Crosswall, Tower to Percival Street, Finsbury"
"LINESTRING (-0.115057 51.512582,-0.102208 51.526153", "From Strand, Strand to Percival Street, Finsbury"
"LINESTRING (-0.11655 51.51824,-0.102208 51.526153", "From Red Lion Street, Holborn to Percival Street, Finsbury"
"LINESTRING (-0.13011 51.513527,-0.102208 51.526153", "From Moor Street, Soho to Percival Street, Finsbury"
"LINESTRING (-0.122219 51.51477,-0.102208 51.526153", "From Drury Lane, Covent Garden to Percival Street, Finsbury"
"LINESTRING (-0.113426 51.503919,-0.145246 51.539957", "From Waterloo Station 2, Waterloo to Arlington Road, Camden Town"
"LINESTRING (-0.106992 51.534504,-0.145246 51.539957", "From Liverpool Road (N1 Centre), Angel to Arlington Road, Camden Town"
"LINESTRING (-0.138072 51.517344,-0.145246 51.539957", "From Wells Street, Fitzrovia to Arlington Road, Camden Town"
"LINESTRING (-0.169774 51.519968,-0.145246 51.539957", "From Edgware Road Station, Marylebone to Arlington Road, Camden Town"
"LINESTRING (-0.145393 51.542138,-0.145246 51.539957", "From Castlehaven Road, Camden Town to Arlington Road, Camden Town"
"LINESTRING (-0.129386 51.534123,-0.145246 51.539957", "From Pancras Road, King's Cross to Arlington Road, Camden Town"
"LINESTRING (-0.161113 51.522596,-0.145246 51.539957", "From Dorset Square, Marylebone to Arlington Road, Camden Town"
"LINESTRING (-0.129386 51.534123,-0.145246 51.539957", "From Pancras Road, King's Cross to Arlington Road, Camden Town"
"LINESTRING (-0.161113 51.522596,-0.145246 51.539957", "From Dorset Square, Marylebone to Arlington Road, Camden Town"
"LINESTRING (-0.079248 51.524526,-0.145246 51.539957", "From New Inn Yard, Shoreditch to Arlington Road, Camden Town"
"LINESTRING (-0.144466 51.528302,-0.145246 51.539957", "From Albany Street, The Regent's Park to Arlington Road, Camden Town"
"LINESTRING (-0.142943 51.496863,-0.145246 51.539957", "From Allington Street, Victoria to Arlington Road, Camden Town"
"LINESTRING (-0.162298 51.522511,-0.145246 51.539957", "From Boston Place, Marylebone to Arlington Road, Camden Town"
"LINESTRING (-0.113864 51.504027,-0.145246 51.539957", "From Waterloo Station 1, Waterloo to Arlington Road, Camden Town"
"LINESTRING (-0.168074 51.5343,-0.145246 51.539957", "From Charlbert Street, St. John's Wood to Arlington Road, Camden Town"
"LINESTRING (-0.154907 51.522481,-0.145246 51.539957", "From Westminster University, Marylebone to Arlington Road, Camden Town"
"LINESTRING (-0.093421 51.529154,-0.145246 51.539957", "From Windsor Terrace, Hoxton to Arlington Road, Camden Town"
"LINESTRING (-0.138853 51.541603,-0.145246 51.539957", "From Bonny Street, Camden Town to Arlington Road, Camden Town"
"LINESTRING (-0.130431 51.52168,-0.145246 51.539957", "From Malet Street, Bloomsbury to Arlington Road, Camden Town"
"LINESTRING (-0.138072 51.517344,-0.145246 51.539957", "From Wells Street, Fitzrovia to Arlington Road, Camden Town"
"LINESTRING (-0.138019 51.524438,-0.145246 51.539957", "From Warren Street Station, Euston to Arlington Road, Camden Town"
"LINESTRING (-0.076793 51.513406,-0.107987 51.517428", "From Jewry Street, Aldgate to New Fetter Lane, Holborn"
"LINESTRING (-0.097122 51.529423,-0.107987 51.517428", "From Macclesfield Rd, St Lukes to New Fetter Lane, Holborn"
"LINESTRING (-0.085666 51.499075,-0.107987 51.517428", "From Long Lane , Bermondsey to New Fetter Lane, Holborn"
"LINESTRING (-0.068161 51.509786,-0.107987 51.517428", "From Dock Street, Wapping to New Fetter Lane, Holborn"
"LINESTRING (-0.07813 51.526377,-0.107987 51.517428", "From Shoreditch High Street, Shoreditch to New Fetter Lane, Holborn"
"LINESTRING (-0.077121 51.511594,-0.107987 51.517428", "From Crosswall, Tower to New Fetter Lane, Holborn"
"LINESTRING (-0.079608 51.521668,-0.107987 51.517428", "From Worship Street, Shoreditch to New Fetter Lane, Holborn"
"LINESTRING (-0.112824 51.503791,-0.107987 51.517428", "From Waterloo Station 3, Waterloo to New Fetter Lane, Holborn"
"LINESTRING (-0.114079 51.522264,-0.107987 51.517428", "From Northington Street , Holborn to New Fetter Lane, Holborn"
"LINESTRING (-0.068161 51.509786,-0.107987 51.517428", "From Dock Street, Wapping to New Fetter Lane, Holborn"
"LINESTRING (-0.193502 51.467064,-0.107987 51.517428", "From South Park, Sands End to New Fetter Lane, Holborn"
"LINESTRING (-0.09315 51.53356,-0.107987 51.517428", "From Eagle Wharf Road, Hoxton to New Fetter Lane, Holborn"
"LINESTRING (-0.032566 51.520597,-0.107987 51.517428", "From Mile End Park Leisure Centre, Mile End to New Fetter Lane, Holborn"
"LINESTRING (-0.092176 51.520044,-0.107987 51.517428", "From Barbican Centre, Barbican to New Fetter Lane, Holborn"
"LINESTRING (-0.179592 51.525575,-0.107987 51.517428", "From Clifton Road, Maida Vale to New Fetter Lane, Holborn"
"LINESTRING (-0.063386 51.521905,-0.107987 51.517428", "From Selby Street, Whitechapel to New Fetter Lane, Holborn"
"LINESTRING (-0.09294 51.51397,-0.107987 51.517428", "From Cheapside, Bank to New Fetter Lane, Holborn"
"LINESTRING (-0.158249 51.516892,-0.107987 51.517428", "From George Place Mews, Marylebone to New Fetter Lane, Holborn"
"LINESTRING (-0.06415 51.51295,-0.107987 51.517428", "From Christian Street, Whitechapel to New Fetter Lane, Holborn"
"LINESTRING (-0.086685 51.517075,-0.107987 51.517428", "From Finsbury Circus, Liverpool Street to New Fetter Lane, Holborn"
"LINESTRING (-0.002275 51.509474,-0.107987 51.517428", "From East India DLR, Blackwall to New Fetter Lane, Holborn"
"LINESTRING (-0.114686 51.506133,-0.107987 51.517428", "From Belvedere Road 1, South Bank to New Fetter Lane, Holborn"
"LINESTRING (-0.122219 51.51477,-0.107987 51.517428", "From Drury Lane, Covent Garden to New Fetter Lane, Holborn"
"LINESTRING (-0.076793 51.513406,-0.107987 51.517428", "From Jewry Street, Aldgate to New Fetter Lane, Holborn"
"LINESTRING (-0.111471 51.479601,-0.107987 51.517428", "From Cranmer Road, Stockwell to New Fetter Lane, Holborn"
"LINESTRING (-0.093885 51.517008,-0.107987 51.517428", "From Wood Street, Guildhall to New Fetter Lane, Holborn"
"LINESTRING (-0.117661 51.482678,-0.107987 51.517428", "From Ashmole Estate, Oval to New Fetter Lane, Holborn"
"LINESTRING (-0.113426 51.503919,-0.107987 51.517428", "From Waterloo Station 2, Waterloo to New Fetter Lane, Holborn"
"LINESTRING (-0.066078 51.514924,-0.107987 51.517428", "From LMU Commercial Road, Whitechapel to New Fetter Lane, Holborn"
"LINESTRING (-0.132845 51.489975,-0.107987 51.517428", "From Rampayne Street, Pimlico to New Fetter Lane, Holborn"
"LINESTRING (-0.05438 51.520019,-0.107987 51.517428", "From Ansell House, Stepney to New Fetter Lane, Holborn"
"LINESTRING (-0.101384 51.49652,-0.107987 51.517428", "From Ontario Street, Elephant & Castle to New Fetter Lane, Holborn"
"LINESTRING (-0.112824 51.503791,-0.107987 51.517428", "From Waterloo Station 3, Waterloo to New Fetter Lane, Holborn"
"LINESTRING (-0.103137 51.506692,-0.107987 51.517428", "From Poured Lines, Bankside to New Fetter Lane, Holborn"
"LINESTRING (-0.086685 51.517075,-0.107987 51.517428", "From Finsbury Circus, Liverpool Street to New Fetter Lane, Holborn"
"LINESTRING (-0.096496 51.517821,-0.107987 51.517428", "From Museum of London, Barbican to New Fetter Lane, Holborn"
"LINESTRING (-0.142943 51.496863,-0.107987 51.517428", "From Allington Street, Victoria to New Fetter Lane, Holborn"
"LINESTRING (-0.096317 51.526008,-0.107987 51.517428", "From Finsbury Leisure Centre, St. Luke's to New Fetter Lane, Holborn"
"LINESTRING (-0.012413 51.508896,-0.002275 51.509474", "From Newby Place, Poplar to East India DLR, Blackwall"
"LINESTRING (-0.002275 51.509474,-0.002275 51.509474", "From East India DLR, Blackwall to East India DLR, Blackwall"
"LINESTRING (-0.020157 51.499041,-0.002275 51.509474", "From Lightermans Road, Millwall to East India DLR, Blackwall"
"LINESTRING (-0.014409 51.49447,-0.002275 51.509474", "From East Ferry Road, Cubitt Town to East India DLR, Blackwall"
"LINESTRING (-0.002275 51.509474,-0.002275 51.509474", "From East India DLR, Blackwall to East India DLR, Blackwall"
"LINESTRING (-0.038986 51.512871,-0.002275 51.509474", "From Flamborough Street, Limehouse to East India DLR, Blackwall"
"LINESTRING (-0.020068 51.50357,-0.002275 51.509474", "From Jubilee Plaza, Canary Wharf to East India DLR, Blackwall"
"LINESTRING (-0.002275 51.509474,-0.002275 51.509474", "From East India DLR, Blackwall to East India DLR, Blackwall"
"LINESTRING (-0.022793 51.497304,-0.002275 51.509474", "From Alpha Grove, Millwall to East India DLR, Blackwall"
"LINESTRING (-0.025996 51.509303,-0.002275 51.509474", "From Westferry DLR, Limehouse to East India DLR, Blackwall"
"LINESTRING (-0.009506 51.496454,-0.002275 51.509474", "From St. John's Park, Cubitt Town to East India DLR, Blackwall"
"LINESTRING (-0.110699 51.501444,-0.107913 51.498386", "From Baylis Road, Waterloo to Westminster Bridge Road, Elephant & Castle"
"LINESTRING (-0.07813 51.526377,-0.107913 51.498386", "From Shoreditch High Street, Shoreditch to Westminster Bridge Road, Elephant & Castle"
"LINESTRING (-0.130431 51.52168,-0.107913 51.498386", "From Malet Street, Bloomsbury to Westminster Bridge Road, Elephant & Castle"
"LINESTRING (-0.083159 51.500889,-0.107913 51.498386", "From Tyers Gate, Bermondsey to Westminster Bridge Road, Elephant & Castle"
"LINESTRING (-0.10044 51.498898,-0.107913 51.498386", "From Borough Road, Elephant & Castle to Westminster Bridge Road, Elephant & Castle"
"LINESTRING (-0.098497 51.503688,-0.107913 51.498386", "From Union Street, The Borough to Westminster Bridge Road, Elephant & Castle"
"LINESTRING (-0.091773 51.504627,-0.104193 51.49605", "From Hop Exchange, The Borough to Gaywood  Street, Elephant & Castle"
"LINESTRING (-0.113936 51.500139,-0.104193 51.49605", "From Lower Marsh, Waterloo to Gaywood  Street, Elephant & Castle"
"LINESTRING (-0.112031 51.49914,-0.104193 51.49605", "From Lambeth North Station, Waterloo to Gaywood  Street, Elephant & Castle"
"LINESTRING (-0.104193 51.49605,-0.104193 51.49605", "From Gaywood  Street, Elephant & Castle to Gaywood  Street, Elephant & Castle"
"LINESTRING (-0.079249 51.518908,-0.104193 51.49605", "From Brushfield Street, Liverpool Street to Gaywood  Street, Elephant & Castle"
"LINESTRING (-0.093051 51.511246,-0.104193 51.49605", "From Queen Street 2, Bank to Gaywood  Street, Elephant & Castle"
"LINESTRING (-0.115156 51.489479,-0.104193 51.49605", "From Sancroft Street, Vauxhall to Gaywood  Street, Elephant & Castle"
"LINESTRING (-0.108068 51.527842,-0.104193 51.49605", "From Hardwick Street, Clerkenwell to Gaywood  Street, Elephant & Castle"
"LINESTRING (-0.116628 51.500089,-0.104193 51.49605", "From Lambeth Palace Road, Waterloo to Gaywood  Street, Elephant & Castle"
"LINESTRING (-0.094524 51.500694,-0.104193 51.49605", "From Borough High Street, The Borough to Gaywood  Street, Elephant & Castle"
"LINESTRING (-0.0786 51.500647,-0.104193 51.49605", "From Tanner Street, Bermondsey to Gaywood  Street, Elephant & Castle"
"LINESTRING (-0.120909 51.516128,-0.104193 51.49605", "From Newton Street, Covent Garden to Gaywood  Street, Elephant & Castle"
"LINESTRING (-0.094524 51.500694,-0.104193 51.49605", "From Borough High Street, The Borough to Gaywood  Street, Elephant & Castle"
"LINESTRING (-0.111014 51.493686,-0.104193 51.49605", "From Walnut Tree Walk, Vauxhall to Gaywood  Street, Elephant & Castle"
"LINESTRING (-0.140947 51.49616,-0.104193 51.49605", "From Ashley Place, Victoria to Gaywood  Street, Elephant & Castle"
"LINESTRING (-0.123823 51.501513,-0.104193 51.49605", "From Westminster Pier, Westminster to Gaywood  Street, Elephant & Castle"
"LINESTRING (-0.149569 51.50274,-0.104193 51.49605", "From Wellington Arch, Hyde Park to Gaywood  Street, Elephant & Castle"
"LINESTRING (-0.111014 51.493686,-0.104193 51.49605", "From Walnut Tree Walk, Vauxhall to Gaywood  Street, Elephant & Castle"
"LINESTRING (-0.11258 51.473874,-0.104193 51.49605", "From Normandy Road, Stockwell to Gaywood  Street, Elephant & Castle"
"LINESTRING (-0.113936 51.500139,-0.104193 51.49605", "From Lower Marsh, Waterloo to Gaywood  Street, Elephant & Castle"
"LINESTRING (-0.073438 51.51838,-0.104193 51.49605", "From Fashion Street, Whitechapel to Gaywood  Street, Elephant & Castle"
"LINESTRING (-0.09022 51.491484,-0.104193 51.49605", "From Rodney Road , Walworth to Gaywood  Street, Elephant & Castle"
"LINESTRING (-0.111014 51.493686,-0.104193 51.49605", "From Walnut Tree Walk, Vauxhall to Gaywood  Street, Elephant & Castle"
"LINESTRING (-0.09294 51.511553,-0.104193 51.49605", "From Queen Street 1, Bank to Gaywood  Street, Elephant & Castle"
"LINESTRING (-0.113864 51.504027,-0.104193 51.49605", "From Waterloo Station 1, Waterloo to Gaywood  Street, Elephant & Castle"
"LINESTRING (-0.172293 51.467454,-0.104193 51.49605", "From Ingrave Street, Clapham Junction to Gaywood  Street, Elephant & Castle"
"LINESTRING (-0.112031 51.49914,-0.104193 51.49605", "From Lambeth North Station, Waterloo to Gaywood  Street, Elephant & Castle"
"LINESTRING (-0.114934 51.49288,-0.104193 51.49605", "From Lollard Street, Vauxhall to Gaywood  Street, Elephant & Castle"
"LINESTRING (-0.174347 51.476964,-0.104193 51.49605", "From Battersea Church Road, Battersea to Gaywood  Street, Elephant & Castle"
"LINESTRING (-0.051394 51.520893,-0.039264 51.521564", "From Cleveland Way, Stepney to Harford Street, Mile End"
"LINESTRING (-0.047548 51.528869,-0.039264 51.521564", "From Globe Town Market, Bethnal Green to Harford Street, Mile End"
"LINESTRING (-0.05438 51.520019,-0.039264 51.521564", "From Ansell House, Stepney to Harford Street, Mile End"
"LINESTRING (-0.04667 51.521889,-0.039264 51.521564", "From Stepney Green Station, Stepney to Harford Street, Mile End"
"LINESTRING (-0.049067 51.51563,-0.039264 51.521564", "From Aylward Street, Stepney to Harford Street, Mile End"
"LINESTRING (-0.077178 51.514449,-0.039264 51.521564", "From Houndsditch, Aldgate to Harford Street, Mile End"
"LINESTRING (-0.038986 51.512871,-0.039264 51.521564", "From Flamborough Street, Limehouse to Harford Street, Mile End"
"LINESTRING (-0.04667 51.521889,-0.039264 51.521564", "From Stepney Green Station, Stepney to Harford Street, Mile End"
"LINESTRING (-0.04667 51.521889,-0.039264 51.521564", "From Stepney Green Station, Stepney to Harford Street, Mile End"
"LINESTRING (-0.051394 51.520893,-0.039264 51.521564", "From Cleveland Way, Stepney to Harford Street, Mile End"
"LINESTRING (-0.020467 51.513757,-0.01646 51.505772", "From Lindfield Street, Poplar to Import Dock, Canary Wharf"
"LINESTRING (-0.142844 51.506613,-0.01646 51.505772", "From Green Park Station, Mayfair to Import Dock, Canary Wharf"
"LINESTRING (-0.131861 51.527068,-0.01646 51.505772", "From Euston Square Gardens, Euston to Import Dock, Canary Wharf"
"LINESTRING (-0.067937 51.51793,-0.01646 51.505772", "From Old Montague Street, Whitechapel to Import Dock, Canary Wharf"
"LINESTRING (-0.029138 51.516196,-0.01646 51.505772", "From Burdett Road, Mile End to Import Dock, Canary Wharf"
"LINESTRING (-0.033085 51.532513,-0.01646 51.505772", "From Ford Road, Old Ford to Import Dock, Canary Wharf"
"LINESTRING (-0.025996 51.509303,-0.01646 51.505772", "From Westferry DLR, Limehouse to Import Dock, Canary Wharf"
"LINESTRING (-0.025626 51.511811,-0.01646 51.505772", "From Canton Street, Poplar to Import Dock, Canary Wharf"
"LINESTRING (-0.025626 51.511811,-0.01646 51.505772", "From Canton Street, Poplar to Import Dock, Canary Wharf"
"LINESTRING (-0.027581 51.526578,-0.01646 51.505772", "From Merchant Street, Bow to Import Dock, Canary Wharf"
"LINESTRING (-0.053177 51.515975,-0.01646 51.505772", "From Jubilee Street, Stepney to Import Dock, Canary Wharf"
"LINESTRING (-0.023565 51.515427,-0.01646 51.505772", "From Stainsby Road , Poplar to Import Dock, Canary Wharf"
"LINESTRING (-0.025996 51.509303,-0.01646 51.505772", "From Westferry DLR, Limehouse to Import Dock, Canary Wharf"
"LINESTRING (-0.014438 51.5112,-0.01646 51.505772", "From Chrisp Street Market, Poplar to Import Dock, Canary Wharf"
"LINESTRING (-0.085814 51.495061,-0.01646 51.505772", "From Bricklayers Arms, Borough to Import Dock, Canary Wharf"
"LINESTRING (-0.025626 51.511811,-0.01646 51.505772", "From Canton Street, Poplar to Import Dock, Canary Wharf"
"LINESTRING (-0.016251 51.50196,-0.01646 51.505772", "From South Quay East, Canary Wharf to Import Dock, Canary Wharf"
"LINESTRING (-0.063531 51.504719,-0.01646 51.505772", "From Hermitage Court, Wapping to Import Dock, Canary Wharf"
"LINESTRING (-0.025626 51.511811,-0.01646 51.505772", "From Canton Street, Poplar to Import Dock, Canary Wharf"
"LINESTRING (-0.074284 51.539328,-0.01646 51.505772", "From Haggerston Road, Haggerston to Import Dock, Canary Wharf"
"LINESTRING (-0.023565 51.515427,-0.01646 51.505772", "From Stainsby Road , Poplar to Import Dock, Canary Wharf"
"LINESTRING (-0.053177 51.515975,-0.056667 51.511542", "From Jubilee Street, Stepney to Watney Street, Shadwell"
"LINESTRING (-0.138733 51.496753,-0.056667 51.511542", "From Howick Place, Westminster to Watney Street, Shadwell"
"LINESTRING (-0.054883 51.522561,-0.056667 51.511542", "From Cephas Street, Bethnal Green to Watney Street, Shadwell"
"LINESTRING (-0.06691 51.507131,-0.056667 51.511542", "From Nesham Street, Wapping to Watney Street, Shadwell"
"LINESTRING (-0.103078 51.511934,-0.056667 51.511542", "From Blackfriars Station, St. Paul's to Watney Street, Shadwell"
"LINESTRING (-0.09885 51.515418,-0.056667 51.511542", "From Newgate Street , St. Paul's to Watney Street, Shadwell"
"LINESTRING (-0.06555 51.528681,-0.056667 51.511542", "From Durant Street, Bethnal Green to Watney Street, Shadwell"
"LINESTRING (-0.057544 51.504749,-0.056667 51.511542", "From Wapping Lane, Wapping to Watney Street, Shadwell"
"LINESTRING (-0.07962 51.503493,-0.056667 51.511542", "From Tooley Street, Bermondsey to Watney Street, Shadwell"
"LINESTRING (-0.058641 51.515256,-0.056667 51.511542", "From Philpot Street, Whitechapel to Watney Street, Shadwell"
"LINESTRING (-0.06415 51.51295,-0.056667 51.511542", "From Christian Street, Whitechapel to Watney Street, Shadwell"
"LINESTRING (-0.106823 51.508033,-0.056667 51.511542", "From Sea Containers, South Bank to Watney Street, Shadwell"
"LINESTRING (-0.065006 51.508622,-0.056667 51.511542", "From Pennington Street, Wapping to Watney Street, Shadwell"
"LINESTRING (-0.056667 51.511542,-0.056667 51.511542", "From Watney Street, Shadwell to Watney Street, Shadwell"
"LINESTRING (-0.032566 51.520597,-0.056667 51.511542", "From Mile End Park Leisure Centre, Mile End to Watney Street, Shadwell"
"LINESTRING (-0.097122 51.529423,-0.056667 51.511542", "From Macclesfield Rd, St Lukes to Watney Street, Shadwell"
"LINESTRING (-0.058681 51.506946,-0.056667 51.511542", "From Reardon Street, Wapping to Watney Street, Shadwell"
"LINESTRING (-0.066078 51.514924,-0.056667 51.511542", "From LMU Commercial Road, Whitechapel to Watney Street, Shadwell"
"LINESTRING (-0.06415 51.51295,-0.056667 51.511542", "From Christian Street, Whitechapel to Watney Street, Shadwell"
"LINESTRING (-0.053558 51.511066,-0.056667 51.511542", "From Sutton Street, Shadwell to Watney Street, Shadwell"
"LINESTRING (-0.06415 51.51295,-0.056667 51.511542", "From Christian Street, Whitechapel to Watney Street, Shadwell"
"LINESTRING (-0.069542 51.512363,-0.056667 51.511542", "From Leman Street, Aldgate to Watney Street, Shadwell"
"LINESTRING (-0.051394 51.520893,-0.056667 51.511542", "From Cleveland Way, Stepney to Watney Street, Shadwell"
"LINESTRING (-0.056667 51.511542,-0.056667 51.511542", "From Watney Street, Shadwell to Watney Street, Shadwell"
"LINESTRING (-0.058631 51.524583,-0.056667 51.511542", "From Finnis Street, Bethnal Green to Watney Street, Shadwell"
"LINESTRING (-0.014409 51.49447,-0.056667 51.511542", "From East Ferry Road, Cubitt Town to Watney Street, Shadwell"
"LINESTRING (-0.065006 51.508622,-0.056667 51.511542", "From Pennington Street, Wapping to Watney Street, Shadwell"
"LINESTRING (-0.047784 51.51328,-0.056667 51.511542", "From Albert Gardens, Stepney to Watney Street, Shadwell"
"LINESTRING (-0.06415 51.51295,-0.056667 51.511542", "From Christian Street, Whitechapel to Watney Street, Shadwell"
"LINESTRING (-0.014409 51.49447,-0.056667 51.511542", "From East Ferry Road, Cubitt Town to Watney Street, Shadwell"
"LINESTRING (-0.065006 51.508622,-0.056667 51.511542", "From Pennington Street, Wapping to Watney Street, Shadwell"
"LINESTRING (-0.06415 51.51295,-0.056667 51.511542", "From Christian Street, Whitechapel to Watney Street, Shadwell"
"LINESTRING (-0.07962 51.503493,-0.056667 51.511542", "From Tooley Street, Bermondsey to Watney Street, Shadwell"
"LINESTRING (-0.052099 51.51417,-0.056667 51.511542", "From St. Mary & St. Michael Church, Stepney to Watney Street, Shadwell"
"LINESTRING (-0.051394 51.520893,-0.056667 51.511542", "From Cleveland Way, Stepney to Watney Street, Shadwell"
"LINESTRING (-0.08249 51.53558,-0.062546 51.535678", "From Pitfield Street North,Hoxton to Regent's Row , Haggerston"
"LINESTRING (-0.118272 51.516277,-0.062546 51.535678", "From Lincoln's Inn Fields, Holborn to Regent's Row , Haggerston"
"LINESTRING (-0.074284 51.539328,-0.062546 51.535678", "From Haggerston Road, Haggerston to Regent's Row , Haggerston"
"LINESTRING (-0.10997 51.529163,-0.062546 51.535678", "From River Street , Clerkenwell to Regent's Row , Haggerston"
"LINESTRING (-0.055894 51.528936,-0.062546 51.535678", "From York Hall, Bethnal Green to Regent's Row , Haggerston"
"LINESTRING (-0.111781 51.533319,-0.062546 51.535678", "From Risinghill Street, Angel to Regent's Row , Haggerston"
"LINESTRING (-0.062697 51.518154,-0.062546 51.535678", "From New Road 1 , Whitechapel to Regent's Row , Haggerston"
"LINESTRING (-0.011889 51.538718,-0.062546 51.535678", "From Podium, Queen Elizabeth Olympic Park to Regent's Row , Haggerston"
"LINESTRING (-0.025296 51.527058,-0.062546 51.535678", "From Bow Road Station, Bow to Regent's Row , Haggerston"
"LINESTRING (-0.06555 51.528681,-0.062546 51.535678", "From Durant Street, Bethnal Green to Regent's Row , Haggerston"
"LINESTRING (-0.108068 51.527842,-0.062546 51.535678", "From Hardwick Street, Clerkenwell to Regent's Row , Haggerston"
"LINESTRING (-0.099981 51.532661,-0.062546 51.535678", "From Graham Street, Angel to Regent's Row , Haggerston"
"LINESTRING (-0.066035 51.531864,-0.062546 51.535678", "From Goldsmith's Row, Haggerston to Regent's Row , Haggerston"
"LINESTRING (-0.037366 51.534137,-0.062546 51.535678", "From Driffield Road, Old Ford to Regent's Row , Haggerston"
"LINESTRING (-0.073537 51.514233,-0.062546 51.535678", "From Braham Street, Aldgate to Regent's Row , Haggerston"
"LINESTRING (-0.087459 51.528673,-0.062546 51.535678", "From East Road, Hoxton to Regent's Row , Haggerston"
"LINESTRING (-0.074284 51.539328,-0.062546 51.535678", "From Haggerston Road, Haggerston to Regent's Row , Haggerston"
"LINESTRING (-0.021596 51.502661,-0.062546 51.535678", "From Heron Quays DLR, Canary Wharf to Regent's Row , Haggerston"
"LINESTRING (-0.099981 51.532661,-0.062546 51.535678", "From Graham Street, Angel to Regent's Row , Haggerston"
"LINESTRING (-0.087587 51.514441,-0.062546 51.535678", "From Bank of England Museum, Bank to Regent's Row , Haggerston"
"LINESTRING (-0.100791 51.518218,-0.062546 51.535678", "From West Smithfield Rotunda, Farringdon to Regent's Row , Haggerston"
"LINESTRING (-0.074754 51.523648,-0.062546 51.535678", "From Bethnal Green Road, Shoreditch to Regent's Row , Haggerston"
"LINESTRING (-0.071653 51.522617,-0.062546 51.535678", "From Brick Lane Market, Shoreditch to Regent's Row , Haggerston"
"LINESTRING (-0.119123 51.519435,-0.062546 51.535678", "From Red Lion Square, Holborn to Regent's Row , Haggerston"
"LINESTRING (-0.074754 51.523648,-0.062546 51.535678", "From Bethnal Green Road, Shoreditch to Regent's Row , Haggerston"
"LINESTRING (-0.111257 51.514274,-0.062546 51.535678", "From Chancery Lane, Holborn to Regent's Row , Haggerston"
"LINESTRING (-0.06555 51.528681,-0.062546 51.535678", "From Durant Street, Bethnal Green to Regent's Row , Haggerston"
"LINESTRING (-0.135025 51.518162,-0.062546 51.535678", "From Rathbone Street, Fitzrovia to Regent's Row , Haggerston"
"LINESTRING (-0.009935 51.546326,-0.062546 51.535678", "From East Village, Queen Elizabeth Olympic Park to Regent's Row , Haggerston"
"LINESTRING (-0.117619 51.509943,-0.062546 51.535678", "From Somerset House, Strand to Regent's Row , Haggerston"
"LINESTRING (-0.086685 51.517075,-0.062546 51.535678", "From Finsbury Circus, Liverpool Street to Regent's Row , Haggerston"
"LINESTRING (-0.087587 51.514441,-0.062546 51.535678", "From Bank of England Museum, Bank to Regent's Row , Haggerston"
"LINESTRING (-0.082422 51.516154,-0.062546 51.535678", "From Wormwood Street, Liverpool Street to Regent's Row , Haggerston"
"LINESTRING (-0.009935 51.546326,-0.062546 51.535678", "From East Village, Queen Elizabeth Olympic Park to Regent's Row , Haggerston"
"LINESTRING (-0.086379 51.534042,-0.062546 51.535678", "From Shoreditch Park, Hoxton to Regent's Row , Haggerston"
"LINESTRING (-0.135025 51.518162,-0.062546 51.535678", "From Rathbone Street, Fitzrovia to Regent's Row , Haggerston"
"LINESTRING (-0.074754 51.523648,-0.062546 51.535678", "From Bethnal Green Road, Shoreditch to Regent's Row , Haggerston"
"LINESTRING (-0.047548 51.528869,-0.062546 51.535678", "From Globe Town Market, Bethnal Green to Regent's Row , Haggerston"
"LINESTRING (-0.058826 51.54119,-0.062546 51.535678", "From London Fields, Hackney Central to Regent's Row , Haggerston"
"LINESTRING (-0.062546 51.535678,-0.062546 51.535678", "From Regent's Row , Haggerston to Regent's Row , Haggerston"
"LINESTRING (-0.084439 51.524696,-0.062546 51.535678", "From Leonard Circus , Shoreditch to Regent's Row , Haggerston"
"LINESTRING (-0.13011 51.513527,-0.062546 51.535678", "From Moor Street, Soho to Regent's Row , Haggerston"
"LINESTRING (-0.132053 51.518587,-0.062546 51.535678", "From Bayley Street , Bloomsbury to Regent's Row , Haggerston"
"LINESTRING (-0.078869 51.521113,-0.062546 51.535678", "From Norton Folgate, Liverpool Street to Regent's Row , Haggerston"
"LINESTRING (-0.075901 51.531091,-0.062546 51.535678", "From Hoxton Station, Hoxton to Regent's Row , Haggerston"
"LINESTRING (-0.08249 51.53558,-0.062546 51.535678", "From Pitfield Street North,Hoxton to Regent's Row , Haggerston"
"LINESTRING (-0.015717 51.549369,-0.062546 51.535678", "From Lee Valley VeloPark, Queen Elizabeth Olympic Park to Regent's Row , Haggerston"
"LINESTRING (-0.087587 51.514441,-0.062546 51.535678", "From Bank of England Museum, Bank to Regent's Row , Haggerston"
"LINESTRING (-0.087459 51.528673,-0.062546 51.535678", "From East Road, Hoxton to Regent's Row , Haggerston"
"LINESTRING (-0.10548 51.532199,-0.062546 51.535678", "From Torrens Street, Angel to Regent's Row , Haggerston"
"LINESTRING (-0.074754 51.523648,-0.062546 51.535678", "From Bethnal Green Road, Shoreditch to Regent's Row , Haggerston"
"LINESTRING (-0.099489 51.524868,-0.062546 51.535678", "From Sadlers Sports Centre, Finsbury to Regent's Row , Haggerston"
"LINESTRING (-0.084439 51.524696,-0.062546 51.535678", "From Leonard Circus , Shoreditch to Regent's Row , Haggerston"
"LINESTRING (-0.060291 51.535716,-0.062546 51.535678", "From Ada Street, Hackney Central to Regent's Row , Haggerston"
"LINESTRING (-0.082989 51.510484,-0.062546 51.535678", "From Great Tower Street, Monument to Regent's Row , Haggerston"
"LINESTRING (-0.06555 51.528681,-0.062546 51.535678", "From Durant Street, Bethnal Green to Regent's Row , Haggerston"
"LINESTRING (-0.083353 51.529537,-0.062546 51.535678", "From Fanshaw Street, Hoxton to Regent's Row , Haggerston"
"LINESTRING (-0.071653 51.522617,-0.062546 51.535678", "From Brick Lane Market, Shoreditch to Regent's Row , Haggerston"
"LINESTRING (-0.073955 51.526293,-0.062546 51.535678", "From Palissy Street, Shoreditch to Regent's Row , Haggerston"
"LINESTRING (-0.062546 51.535678,-0.062546 51.535678", "From Regent's Row , Haggerston to Regent's Row , Haggerston"
"LINESTRING (-0.10454 51.505461,-0.062546 51.535678", "From Blackfriars Road, Southwark to Regent's Row , Haggerston"
"LINESTRING (-0.093903 51.530991,-0.062546 51.535678", "From Wenlock Road , Hoxton to Regent's Row , Haggerston"
"LINESTRING (-0.115851 51.505044,-0.062546 51.535678", "From Concert Hall Approach 1, South Bank to Regent's Row , Haggerston"
"LINESTRING (-0.084439 51.524696,-0.062546 51.535678", "From Leonard Circus , Shoreditch to Regent's Row , Haggerston"
"LINESTRING (-0.116688 51.520596,-0.062546 51.535678", "From Theobald's Road , Holborn to Regent's Row , Haggerston"
"LINESTRING (-0.025492 51.530535,-0.062546 51.535678", "From Mostyn Grove, Bow to Regent's Row , Haggerston"
"LINESTRING (-0.074754 51.523648,-0.062546 51.535678", "From Bethnal Green Road, Shoreditch to Regent's Row , Haggerston"
"LINESTRING (-0.084439 51.524696,-0.062546 51.535678", "From Leonard Circus , Shoreditch to Regent's Row , Haggerston"
"LINESTRING (-0.093903 51.530991,-0.062546 51.535678", "From Wenlock Road , Hoxton to Regent's Row , Haggerston"
"LINESTRING (-0.074284 51.539328,-0.062546 51.535678", "From Haggerston Road, Haggerston to Regent's Row , Haggerston"
"LINESTRING (-0.102757 51.536384,-0.062546 51.535678", "From Islington Green, Angel to Regent's Row , Haggerston"
"LINESTRING (-0.090847 51.525893,-0.062546 51.535678", "From Bath Street, St. Luke's to Regent's Row , Haggerston"
"LINESTRING (-0.074754 51.523648,-0.005659 51.513548", "From Bethnal Green Road, Shoreditch to Aberfeldy Street, Poplar"
"LINESTRING (-0.00699 51.508981,-0.005659 51.513548", "From Naval Row, Blackwall to Aberfeldy Street, Poplar"
"LINESTRING (-0.011662 51.518811,-0.005659 51.513548", "From Teviot Street, Poplar to Aberfeldy Street, Poplar"
"LINESTRING (-0.069743 51.528222,-0.005659 51.513548", "From Wellington Row, Bethnal Green to Aberfeldy Street, Poplar"
"LINESTRING (-0.038986 51.512871,-0.005659 51.513548", "From Flamborough Street, Limehouse to Aberfeldy Street, Poplar"
"LINESTRING (-0.023565 51.515427,-0.005659 51.513548", "From Stainsby Road , Poplar to Aberfeldy Street, Poplar"
"LINESTRING (-0.018716 51.49109,-0.021596 51.502661", "From Spindrift Avenue, Millwall to Heron Quays DLR, Canary Wharf"
"LINESTRING (-0.053558 51.511066,-0.021596 51.502661", "From Sutton Street, Shadwell to Heron Quays DLR, Canary Wharf"
"LINESTRING (-0.06691 51.507131,-0.021596 51.502661", "From Nesham Street, Wapping to Heron Quays DLR, Canary Wharf"
"LINESTRING (-0.002275 51.509474,-0.021596 51.502661", "From East India DLR, Blackwall to Heron Quays DLR, Canary Wharf"
"LINESTRING (-0.016251 51.50196,-0.021596 51.502661", "From South Quay East, Canary Wharf to Heron Quays DLR, Canary Wharf"
"LINESTRING (-0.070542 51.505697,-0.021596 51.502661", "From St. Katharine's Way, Tower to Heron Quays DLR, Canary Wharf"
"LINESTRING (-0.070133 51.515231,-0.021596 51.502661", "From Central House, Whitechapel to Heron Quays DLR, Canary Wharf"
"LINESTRING (-0.019355 51.496137,-0.021596 51.502661", "From Millharbour, Millwall to Heron Quays DLR, Canary Wharf"
"LINESTRING (-0.083159 51.500889,-0.021596 51.502661", "From Tyers Gate, Bermondsey to Heron Quays DLR, Canary Wharf"
"LINESTRING (-0.053177 51.515975,-0.021596 51.502661", "From Jubilee Street, Stepney to Heron Quays DLR, Canary Wharf"
"LINESTRING (-0.083159 51.500889,-0.021596 51.502661", "From Tyers Gate, Bermondsey to Heron Quays DLR, Canary Wharf"
"LINESTRING (-0.037471 51.528224,-0.021596 51.502661", "From Antill Road, Mile End to Heron Quays DLR, Canary Wharf"
"LINESTRING (-0.008428 51.503143,-0.021596 51.502661", "From Lancaster Drive, Blackwall to Heron Quays DLR, Canary Wharf"
"LINESTRING (-0.065006 51.508622,-0.021596 51.502661", "From Pennington Street, Wapping to Heron Quays DLR, Canary Wharf"
"LINESTRING (-0.062697 51.518154,-0.021596 51.502661", "From New Road 1 , Whitechapel to Heron Quays DLR, Canary Wharf"
"LINESTRING (-0.099981 51.532661,-0.021596 51.502661", "From Graham Street, Angel to Heron Quays DLR, Canary Wharf"
"LINESTRING (-0.057133 51.527607,-0.021596 51.502661", "From Hollybush Gardens, Bethnal Green to Heron Quays DLR, Canary Wharf"
"LINESTRING (-0.016251 51.50196,-0.021596 51.502661", "From South Quay East, Canary Wharf to Heron Quays DLR, Canary Wharf"
"LINESTRING (-0.060291 51.535716,-0.021596 51.502661", "From Ada Street, Hackney Central to Heron Quays DLR, Canary Wharf"
"LINESTRING (-0.069542 51.512363,-0.021596 51.502661", "From Leman Street, Aldgate to Heron Quays DLR, Canary Wharf"
"LINESTRING (-0.06142 51.532091,-0.021596 51.502661", "From Pritchard's Road, Bethnal Green to Heron Quays DLR, Canary Wharf"
"LINESTRING (-0.06691 51.507131,-0.021596 51.502661", "From Nesham Street, Wapping to Heron Quays DLR, Canary Wharf"
"LINESTRING (-0.113864 51.504027,-0.0985 51.51601", "From Waterloo Station 1, Waterloo to King Edward Street, St Pauls"
"LINESTRING (-0.09315 51.53356,-0.0985 51.51601", "From Eagle Wharf Road, Hoxton to King Edward Street, St Pauls"
"LINESTRING (-0.09294 51.51397,-0.0985 51.51601", "From Cheapside, Bank to King Edward Street, St Pauls"
"LINESTRING (-0.083353 51.529537,-0.0985 51.51601", "From Fanshaw Street, Hoxton to King Edward Street, St Pauls"
"LINESTRING (-0.104193 51.49605,-0.0985 51.51601", "From Gaywood  Street, Elephant & Castle to King Edward Street, St Pauls"
"LINESTRING (-0.094475 51.521747,-0.0985 51.51601", "From Golden Lane, Barbican to King Edward Street, St Pauls"
"LINESTRING (-0.113885 51.51165,-0.0985 51.51601", "From Arundel Street to King Edward Street, St Pauls"
"LINESTRING (-0.093885 51.517008,-0.0985 51.51601", "From Wood Street, Guildhall to King Edward Street, St Pauls"
"LINESTRING (-0.149035 51.481121,-0.0985 51.51601", "From Sopwith Way, Battersea Park to King Edward Street, St Pauls"
"LINESTRING (-0.126409 51.524,-0.0985 51.51601", "From Coram Street, Bloomsbury to King Edward Street, St Pauls"
"LINESTRING (-0.122806 51.490435,-0.0985 51.51601", "From Albert Embankment, Vauxhall to King Edward Street, St Pauls"
"LINESTRING (-0.112824 51.503791,-0.0985 51.51601", "From Waterloo Station 3, Waterloo to King Edward Street, St Pauls"
"LINESTRING (-0.107927 51.513821,-0.0985 51.51601", "From Bouverie Street, Temple to King Edward Street, St Pauls"
"LINESTRING (-0.162298 51.522511,-0.0985 51.51601", "From Boston Place, Marylebone to King Edward Street, St Pauls"
"LINESTRING (-0.169249 51.515953,-0.0985 51.51601", "From Southwick Street, Paddington to King Edward Street, St Pauls"
"LINESTRING (-0.107927 51.513821,-0.0985 51.51601", "From Bouverie Street, Temple to King Edward Street, St Pauls"
"LINESTRING (-0.157788 51.465123,-0.0985 51.51601", "From Sugden Road, Clapham to King Edward Street, St Pauls"
"LINESTRING (-0.023565 51.515427,-0.0985 51.51601", "From Stainsby Road , Poplar to King Edward Street, St Pauls"
"LINESTRING (-0.094934 51.522954,-0.0985 51.51601", "From Roscoe Street, St. Luke's to King Edward Street, St Pauls"
"LINESTRING (-0.054162 51.536424,-0.0985 51.51601", "From Victoria Park Road, Hackney Central to King Edward Street, St Pauls"
"LINESTRING (-0.183846 51.523344,-0.0985 51.51601", "From Warwick Avenue Station, Maida Vale to King Edward Street, St Pauls"
"LINESTRING (-0.096317 51.526008,-0.0985 51.51601", "From Finsbury Leisure Centre, St. Luke's to King Edward Street, St Pauls"
"LINESTRING (-0.049591 51.53341,-0.0985 51.51601", "From Bonner Gate, Victoria Park to King Edward Street, St Pauls"
"LINESTRING (-0.08497 51.50964,-0.0985 51.51601", "From Monument Street, Monument to King Edward Street, St Pauls"
"LINESTRING (-0.059091 51.528692,-0.0985 51.51601", "From Clarkson Street, Bethnal Green to King Edward Street, St Pauls"
"LINESTRING (-0.115781 51.464019,-0.0985 51.51601", "From Ferndale Road, Brixton to King Edward Street, St Pauls"
"LINESTRING (-0.083353 51.529537,-0.0985 51.51601", "From Fanshaw Street, Hoxton to King Edward Street, St Pauls"
"LINESTRING (-0.122831 51.472509,-0.0985 51.51601", "From Binfield Road, Stockwell to King Edward Street, St Pauls"
"LINESTRING (-0.130699 51.50777,-0.0985 51.51601", "From Pall Mall East, West End to King Edward Street, St Pauls"
"LINESTRING (-0.06111 51.518675,-0.0985 51.51601", "From Royal London Hospital, Whitechapel to King Edward Street, St Pauls"
"LINESTRING (-0.096191 51.498597,-0.0985 51.51601", "From Harper Road, The Borough to King Edward Street, St Pauls"
"LINESTRING (-0.110683 51.484788,-0.127554 51.493978", "From Kennington Road Post Office, Oval to Page Street, Westminster"
"LINESTRING (-0.116493 51.477839,-0.127554 51.493978", "From Caldwell Street, Stockwell to Page Street, Westminster"
"LINESTRING (-0.111471 51.479601,-0.127554 51.493978", "From Cranmer Road, Stockwell to Page Street, Westminster"
"LINESTRING (-0.176267 51.472876,-0.127554 51.493978", "From Vicarage Crescent, Battersea to Page Street, Westminster"
"LINESTRING (-0.099828 51.493146,-0.127554 51.493978", "From Strata, Elephant & Castle to Page Street, Westminster"
"LINESTRING (-0.13151 51.509639,-0.127554 51.493978", "From Panton Street, West End to Page Street, Westminster"
"LINESTRING (-0.179135 51.516417,-0.127554 51.493978", "From Eastbourne Mews, Paddington to Page Street, Westminster"
"LINESTRING (-0.131213 51.513103,-0.127554 51.493978", "From Frith Street, Soho to Page Street, Westminster"
"LINESTRING (-0.115375 51.460232,-0.127554 51.493978", "From Saltoun Road, Brixton to Page Street, Westminster"
"LINESTRING (-0.110889 51.495718,-0.127554 51.493978", "From Kennington Road  , Vauxhall to Page Street, Westminster"
"LINESTRING (-0.138212 51.481335,-0.127554 51.493978", "From Riverlight South, Nine Elms to Page Street, Westminster"
"LINESTRING (-0.136928 51.493985,-0.127554 51.493978", "From Vincent Square, Westminster to Page Street, Westminster"
"LINESTRING (-0.147624 51.49395,-0.127554 51.493978", "From Eccleston Place, Victoria to Page Street, Westminster"
"LINESTRING (-0.136123 51.482362,-0.127554 51.493978", "From Riverlight North, Nine Elms to Page Street, Westminster"
"LINESTRING (-0.079248 51.524526,-0.127554 51.493978", "From New Inn Yard, Shoreditch to Page Street, Westminster"
"LINESTRING (-0.162298 51.522511,-0.127554 51.493978", "From Boston Place, Marylebone to Page Street, Westminster"
"LINESTRING (-0.074754 51.523648,-0.127554 51.493978", "From Bethnal Green Road, Shoreditch to Page Street, Westminster"
"LINESTRING (-0.111471 51.479601,-0.127554 51.493978", "From Cranmer Road, Stockwell to Page Street, Westminster"
"LINESTRING (-0.174347 51.476964,-0.127554 51.493978", "From Battersea Church Road, Battersea to Page Street, Westminster"
"LINESTRING (-0.132845 51.489975,-0.127554 51.493978", "From Rampayne Street, Pimlico to Page Street, Westminster"
"LINESTRING (-0.079249 51.518908,-0.127554 51.493978", "From Brushfield Street, Liverpool Street to Page Street, Westminster"
"LINESTRING (-0.09734 51.520841,-0.127554 51.493978", "From Aldersgate Street, Barbican to Page Street, Westminster"
"LINESTRING (-0.102996 51.486929,-0.127554 51.493978", "From Doddington Grove, Kennington to Page Street, Westminster"
"LINESTRING (-0.149004 51.485821,-0.127554 51.493978", "From Chelsea Bridge, Pimlico to Page Street, Westminster"
"LINESTRING (-0.138364 51.492111,-0.127554 51.493978", "From Tachbrook Street, Victoria to Page Street, Westminster"
"LINESTRING (-0.205876 51.475698,-0.127554 51.493978", "From Chesilton Road, Fulham to Page Street, Westminster"
"LINESTRING (-0.132845 51.489975,-0.127554 51.493978", "From Rampayne Street, Pimlico to Page Street, Westminster"
"LINESTRING (-0.092176 51.520044,-0.127554 51.493978", "From Barbican Centre, Barbican to Page Street, Westminster"
"LINESTRING (-0.113426 51.503919,-0.127554 51.493978", "From Waterloo Station 2, Waterloo to Page Street, Westminster"
"LINESTRING (-0.138019 51.524438,-0.127554 51.493978", "From Warren Street Station, Euston to Page Street, Westminster"
"LINESTRING (-0.179135 51.516417,-0.127554 51.493978", "From Eastbourne Mews, Paddington to Page Street, Westminster"
"LINESTRING (-0.135635 51.488226,-0.127554 51.493978", "From St. George's Square, Pimlico to Page Street, Westminster"
"LINESTRING (-0.140741 51.488057,-0.127554 51.493978", "From Alderney Street, Pimlico to Page Street, Westminster"
"LINESTRING (-0.099828 51.493146,-0.127554 51.493978", "From Strata, Elephant & Castle to Page Street, Westminster"
"LINESTRING (-0.164207 51.517372,-0.127554 51.493978", "From Harrowby Street, Marylebone to Page Street, Westminster"
"LINESTRING (-0.123616 51.529943,-0.127554 51.493978", "From Belgrove Street , King's Cross to Page Street, Westminster"
"LINESTRING (-0.10527 51.515809,-0.127554 51.493978", "From Stonecutter Street, Holborn to Page Street, Westminster"
"LINESTRING (-0.124469 51.485917,-0.127554 51.493978", "From Vauxhall Cross, Vauxhall to Page Street, Westminster"
"LINESTRING (-0.138733 51.496753,-0.127554 51.493978", "From Howick Place, Westminster to Page Street, Westminster"
"LINESTRING (-0.158105 51.494645,-0.127554 51.493978", "From Cadogan Place, Knightsbridge to Page Street, Westminster"
"LINESTRING (-0.130458 51.494816,-0.127554 51.493978", "From Horseferry Road, Westminster to Page Street, Westminster"
"LINESTRING (-0.074189 51.502279,-0.127554 51.493978", "From Curlew Street, Shad Thames to Page Street, Westminster"
"LINESTRING (-0.144132 51.493204,-0.127554 51.493978", "From Belgrave Road, Victoria to Page Street, Westminster"
"LINESTRING (-0.15213 51.470475,-0.127554 51.493978", "From Stanley Grove, Battersea to Page Street, Westminster"
"LINESTRING (-0.082422 51.516154,-0.127554 51.493978", "From Wormwood Street, Liverpool Street to Page Street, Westminster"
"LINESTRING (-0.096518 51.491327,-0.127554 51.493978", "From Walworth Square, Walworth to Page Street, Westminster"
"LINESTRING (-0.135635 51.488226,-0.127554 51.493978", "From St. George's Square, Pimlico to Page Street, Westminster"
"LINESTRING (-0.142943 51.496863,-0.127554 51.493978", "From Allington Street, Victoria to Page Street, Westminster"
"LINESTRING (-0.13151 51.509639,-0.127554 51.493978", "From Panton Street, West End to Page Street, Westminster"
"LINESTRING (-0.122492 51.486343,-0.127554 51.493978", "From Kennington Lane Rail Bridge, Vauxhall to Page Street, Westminster"
"LINESTRING (-0.182435 51.478169,-0.127554 51.493978", "From Upcerne Road, West Chelsea to Page Street, Westminster"
"LINESTRING (-0.147857 51.477966,-0.127554 51.493978", "From Gas Holders, Battersea Park to Page Street, Westminster"
"LINESTRING (-0.141423 51.514499,-0.205991 51.501391", "From Little Argyll Street, West End to Abbotsbury Road, Holland Park"
"LINESTRING (-0.211358 51.510101,-0.205991 51.501391", "From Walmer Road, Avondale to Abbotsbury Road, Holland Park"
"LINESTRING (-0.206029 51.49087,-0.205991 51.501391", "From West Kensington Station, West Kensington to Abbotsbury Road, Holland Park"
"LINESTRING (-0.208486 51.506465,-0.205991 51.501391", "From Princedale Road , Holland Park to Abbotsbury Road, Holland Park"
"LINESTRING (-0.206029 51.49087,-0.205991 51.501391", "From West Kensington Station, West Kensington to Abbotsbury Road, Holland Park"
"LINESTRING (-0.222456 51.488144,-0.205991 51.501391", "From Beryl Road, Hammersmith to Abbotsbury Road, Holland Park"
"LINESTRING (-0.205535 51.507481,-0.205991 51.501391", "From Lansdowne Road, Ladbroke Grove to Abbotsbury Road, Holland Park"
"LINESTRING (-0.206029 51.49087,-0.205991 51.501391", "From West Kensington Station, West Kensington to Abbotsbury Road, Holland Park"
"LINESTRING (-0.190393 51.490163,-0.205921 51.511624", "From Bramham Gardens, Earl's Court to Ladbroke Grove Central, Ladbroke Grove"
"LINESTRING (-0.208888 51.5212,-0.205921 51.511624", "From Bevington Road West, North Kensington to Ladbroke Grove Central, Ladbroke Grove"
"LINESTRING (-0.173009 51.495898,-0.205921 51.511624", "From Victoria & Albert Museum, South Kensington to Ladbroke Grove Central, Ladbroke Grove"
"LINESTRING (-0.173009 51.495898,-0.205921 51.511624", "From Victoria & Albert Museum, South Kensington to Ladbroke Grove Central, Ladbroke Grove"
"LINESTRING (-0.173009 51.495898,-0.205921 51.511624", "From Victoria & Albert Museum, South Kensington to Ladbroke Grove Central, Ladbroke Grove"
"LINESTRING (-0.082422 51.516154,-0.043371 51.518369", "From Wormwood Street, Liverpool Street to Rectory Square, Stepney"
"LINESTRING (-0.06142 51.532091,-0.043371 51.518369", "From Pritchard's Road, Bethnal Green to Rectory Square, Stepney"
"LINESTRING (-0.085634 51.520962,-0.043371 51.518369", "From Finsbury Square , Moorgate to Rectory Square, Stepney"
"LINESTRING (-0.084605 51.521283,-0.043371 51.518369", "From Christopher Street, Liverpool Street to Rectory Square, Stepney"
"LINESTRING (-0.05438 51.520019,-0.043371 51.518369", "From Ansell House, Stepney to Rectory Square, Stepney"
"LINESTRING (-0.067937 51.51793,-0.043371 51.518369", "From Old Montague Street, Whitechapel to Rectory Square, Stepney"
"LINESTRING (-0.05438 51.520019,-0.043371 51.518369", "From Ansell House, Stepney to Rectory Square, Stepney"
"LINESTRING (-0.082422 51.516154,-0.043371 51.518369", "From Wormwood Street, Liverpool Street to Rectory Square, Stepney"
"LINESTRING (-0.047548 51.528869,-0.043371 51.518369", "From Globe Town Market, Bethnal Green to Rectory Square, Stepney"
"LINESTRING (-0.027772 51.505703,-0.043371 51.518369", "From Westferry Circus, Canary Wharf to Rectory Square, Stepney"
"LINESTRING (-0.121328 51.517606,-0.043371 51.518369", "From Southampton Place, Holborn to Rectory Square, Stepney"
"LINESTRING (-0.112824 51.503791,-0.12335 51.51746", "From Waterloo Station 3, Waterloo to Bury Place, Holborn"
"LINESTRING (-0.113426 51.503919,-0.12335 51.51746", "From Waterloo Station 2, Waterloo to Bury Place, Holborn"
"LINESTRING (-0.143613 51.523518,-0.12335 51.51746", "From Bolsover Street, Fitzrovia to Bury Place, Holborn"
"LINESTRING (-0.07962 51.503493,-0.12335 51.51746", "From Tooley Street, Bermondsey to Bury Place, Holborn"
"LINESTRING (-0.161113 51.522596,-0.12335 51.51746", "From Dorset Square, Marylebone to Bury Place, Holborn"
"LINESTRING (-0.057544 51.504749,-0.12335 51.51746", "From Wapping Lane, Wapping to Bury Place, Holborn"
"LINESTRING (-0.163609 51.51809,-0.12335 51.51746", "From Shouldham Street, Marylebone to Bury Place, Holborn"
"LINESTRING (-0.117069 51.53136,-0.12335 51.51746", "From Calshot Street , King's Cross to Bury Place, Holborn"
"LINESTRING (-0.123616 51.529943,-0.12335 51.51746", "From Belgrove Street , King's Cross to Bury Place, Holborn"
"LINESTRING (-0.125441 51.541596,-0.12335 51.51746", "From York Way, Kings Cross to Bury Place, Holborn"
"LINESTRING (-0.117069 51.53136,-0.12335 51.51746", "From Calshot Street , King's Cross to Bury Place, Holborn"
"LINESTRING (-0.18697 51.51616,-0.12335 51.51746", "From Bishop's Bridge Road West, Bayswater to Bury Place, Holborn"
"LINESTRING (-0.087262 51.506304,-0.12335 51.51746", "From Duke Street Hill, London Bridge to Bury Place, Holborn"
"LINESTRING (-0.04915 51.498439,-0.12335 51.51746", "From Canada Water Station, Rotherhithe to Bury Place, Holborn"
"LINESTRING (-0.07962 51.503493,-0.12335 51.51746", "From Tooley Street, Bermondsey to Bury Place, Holborn"
"LINESTRING (-0.131861 51.527068,-0.12335 51.51746", "From Euston Square Gardens, Euston to Bury Place, Holborn"
"LINESTRING (-0.08497 51.50964,-0.12335 51.51746", "From Monument Street, Monument to Bury Place, Holborn"
"LINESTRING (-0.113426 51.503919,-0.12335 51.51746", "From Waterloo Station 2, Waterloo to Bury Place, Holborn"
"LINESTRING (-0.096518 51.491327,-0.12335 51.51746", "From Walworth Square, Walworth to Bury Place, Holborn"
"LINESTRING (-0.124807 51.53724,-0.12335 51.51746", "From Handyside Street, King's Cross to Bury Place, Holborn"
"LINESTRING (-0.123616 51.529943,-0.12335 51.51746", "From Belgrove Street , King's Cross to Bury Place, Holborn"
"LINESTRING (-0.109025 51.534408,-0.12335 51.51746", "From Cloudesley Road, Angel to Bury Place, Holborn"
"LINESTRING (-0.08249 51.53558,-0.12335 51.51746", "From Pitfield Street North,Hoxton to Bury Place, Holborn"
"LINESTRING (-0.131861 51.527068,-0.12335 51.51746", "From Euston Square Gardens, Euston to Bury Place, Holborn"
"LINESTRING (-0.0985 51.51601,-0.12335 51.51746", "From King Edward Street, St Pauls to Bury Place, Holborn"
"LINESTRING (-0.147301 51.514105,-0.12335 51.51746", "From Woodstock Street, Mayfair to Bury Place, Holborn"
"LINESTRING (-0.156166 51.518913,-0.12335 51.51746", "From Baker Street, Marylebone to Bury Place, Holborn"
"LINESTRING (-0.130504 51.526838,-0.12335 51.51746", "From Endsleigh Gardens, Euston to Bury Place, Holborn"
"LINESTRING (-0.144228 51.518117,-0.12335 51.51746", "From Broadcasting House, Marylebone to Bury Place, Holborn"
"LINESTRING (-0.079248 51.524526,-0.12335 51.51746", "From New Inn Yard, Shoreditch to Bury Place, Holborn"
"LINESTRING (-0.139174 51.533019,-0.12335 51.51746", "From Harrington Square 1, Camden Town to Bury Place, Holborn"
"LINESTRING (-0.130504 51.526838,-0.12335 51.51746", "From Endsleigh Gardens, Euston to Bury Place, Holborn"
"LINESTRING (-0.066035 51.531864,-0.12335 51.51746", "From Goldsmith's Row, Haggerston to Bury Place, Holborn"
"LINESTRING (-0.18377 51.5171,-0.12335 51.51746", "From Bishop's Bridge Road East, Bayswater to Bury Place, Holborn"
"LINESTRING (-0.123616 51.529943,-0.12335 51.51746", "From Belgrove Street , King's Cross to Bury Place, Holborn"
"LINESTRING (-0.002275 51.509474,-0.009152 51.499286", "From East India DLR, Blackwall to Preston's Road, Cubitt Town"
"LINESTRING (-0.058681 51.506946,-0.009152 51.499286", "From Reardon Street, Wapping to Preston's Road, Cubitt Town"
"LINESTRING (-0.017676 51.503083,-0.009152 51.499286", "From Upper Bank Street, Canary Wharf to Preston's Road, Cubitt Town"
"LINESTRING (-0.009001 51.487129,-0.009152 51.499286", "From Saunders Ness Road, Cubitt Town to Preston's Road, Cubitt Town"
"LINESTRING (-0.020068 51.50357,-0.009152 51.499286", "From Jubilee Plaza, Canary Wharf to Preston's Road, Cubitt Town"
"LINESTRING (-0.009152 51.499286,-0.009152 51.499286", "From Preston's Road, Cubitt Town to Preston's Road, Cubitt Town"
"LINESTRING (-0.017676 51.503083,-0.009152 51.499286", "From Upper Bank Street, Canary Wharf to Preston's Road, Cubitt Town"
"LINESTRING (-0.020068 51.50357,-0.009152 51.499286", "From Jubilee Plaza, Canary Wharf to Preston's Road, Cubitt Town"
"LINESTRING (-0.020068 51.50357,-0.009152 51.499286", "From Jubilee Plaza, Canary Wharf to Preston's Road, Cubitt Town"
"LINESTRING (-0.009152 51.499286,-0.009152 51.499286", "From Preston's Road, Cubitt Town to Preston's Road, Cubitt Town"
"LINESTRING (-0.034903 51.518541,-0.117619 51.509943", "From Mile End Stadium, Mile End to Somerset House, Strand"
"LINESTRING (-0.022694 51.521564,-0.117619 51.509943", "From Cantrell Road, Bow to Somerset House, Strand"
"LINESTRING (-0.082422 51.516154,-0.117619 51.509943", "From Wormwood Street, Liverpool Street to Somerset House, Strand"
"LINESTRING (-0.05438 51.520019,-0.117619 51.509943", "From Ansell House, Stepney to Somerset House, Strand"
"LINESTRING (-0.087587 51.514441,-0.117619 51.509943", "From Bank of England Museum, Bank to Somerset House, Strand"
"LINESTRING (-0.147624 51.49395,-0.117619 51.509943", "From Eccleston Place, Victoria to Somerset House, Strand"
"LINESTRING (-0.123823 51.501513,-0.117619 51.509943", "From Westminster Pier, Westminster to Somerset House, Strand"
"LINESTRING (-0.034903 51.518541,-0.117619 51.509943", "From Mile End Stadium, Mile End to Somerset House, Strand"
"LINESTRING (-0.075459 51.509506,-0.117619 51.509943", "From Tower Gardens , Tower to Somerset House, Strand"
"LINESTRING (-0.180791 51.46193,-0.117619 51.509943", "From Nantes Close, Wandsworth to Somerset House, Strand"
"LINESTRING (-0.074189 51.502279,-0.117619 51.509943", "From Curlew Street, Shad Thames to Somerset House, Strand"
"LINESTRING (-0.147624 51.49395,-0.117619 51.509943", "From Eccleston Place, Victoria to Somerset House, Strand"
"LINESTRING (-0.077121 51.511594,-0.117619 51.509943", "From Crosswall, Tower to Somerset House, Strand"
"LINESTRING (-0.082422 51.516154,-0.117619 51.509943", "From Wormwood Street, Liverpool Street to Somerset House, Strand"
"LINESTRING (-0.149569 51.50274,-0.117619 51.509943", "From Wellington Arch, Hyde Park to Somerset House, Strand"
"LINESTRING (-0.133972 51.472993,-0.117619 51.509943", "From Union Grove, Wandsworth Road to Somerset House, Strand"
"LINESTRING (-0.075459 51.509506,-0.117619 51.509943", "From Tower Gardens , Tower to Somerset House, Strand"
"LINESTRING (-0.098807 51.506725,-0.117619 51.509943", "From Tate Modern, Bankside to Somerset House, Strand"
"LINESTRING (-0.074754 51.523648,-0.117619 51.509943", "From Bethnal Green Road, Shoreditch to Somerset House, Strand"
"LINESTRING (-0.09885 51.515418,-0.117619 51.509943", "From Newgate Street , St. Paul's to Somerset House, Strand"
"LINESTRING (-0.102091 51.500693,-0.117619 51.509943", "From Webber Street , Southwark to Somerset House, Strand"
"LINESTRING (-0.025296 51.527058,-0.117619 51.509943", "From Bow Road Station, Bow to Somerset House, Strand"
"LINESTRING (-0.086685 51.517075,-0.117619 51.509943", "From Finsbury Circus, Liverpool Street to Somerset House, Strand"
"LINESTRING (-0.06415 51.51295,-0.117619 51.509943", "From Christian Street, Whitechapel to Somerset House, Strand"
"LINESTRING (-0.075459 51.509506,-0.117619 51.509943", "From Tower Gardens , Tower to Somerset House, Strand"
"LINESTRING (-0.06415 51.51295,-0.117619 51.509943", "From Christian Street, Whitechapel to Somerset House, Strand"
"LINESTRING (-0.042744 51.530326,-0.117619 51.509943", "From Twig Folly Bridge, Mile End to Somerset House, Strand"
"LINESTRING (-0.070133 51.515231,-0.117619 51.509943", "From Central House, Whitechapel to Somerset House, Strand"
"LINESTRING (-0.18119 51.485587,-0.117619 51.509943", "From Limerston Street, West Chelsea to Somerset House, Strand"
"LINESTRING (-0.104947 51.516785,-0.117619 51.509943", "From Farringdon Street, Holborn to Somerset House, Strand"
"LINESTRING (-0.147624 51.49395,-0.117619 51.509943", "From Eccleston Place, Victoria to Somerset House, Strand"
"LINESTRING (-0.104708 51.52326,-0.117619 51.509943", "From Clerkenwell Green, Clerkenwell to Somerset House, Strand"
"LINESTRING (-0.020068 51.50357,-0.117619 51.509943", "From Jubilee Plaza, Canary Wharf to Somerset House, Strand"
"LINESTRING (-0.058826 51.54119,-0.117619 51.509943", "From London Fields, Hackney Central to Somerset House, Strand"
"LINESTRING (-0.093051 51.511246,-0.117619 51.509943", "From Queen Street 2, Bank to Somerset House, Strand"
"LINESTRING (-0.075459 51.509506,-0.117619 51.509943", "From Tower Gardens , Tower to Somerset House, Strand"
"LINESTRING (-0.057159 51.511088,-0.117619 51.509943", "From Shadwell Station, Shadwell to Somerset House, Strand"
"LINESTRING (-0.089887 51.520858,-0.117619 51.509943", "From Bunhill Row, Moorgate to Somerset House, Strand"
"LINESTRING (-0.174411 51.511933,-0.117619 51.509943", "From Bayswater Road, Hyde Park to Somerset House, Strand"
"LINESTRING (-0.149569 51.50274,-0.117619 51.509943", "From Wellington Arch, Hyde Park to Somerset House, Strand"
"LINESTRING (-0.088285 51.519069,-0.117619 51.509943", "From Moorfields, Moorgate to Somerset House, Strand"
"LINESTRING (-0.09294 51.511553,-0.117619 51.509943", "From Queen Street 1, Bank to Somerset House, Strand"
"LINESTRING (-0.025996 51.509303,-0.117619 51.509943", "From Westferry DLR, Limehouse to Somerset House, Strand"
"LINESTRING (-0.053558 51.511066,-0.117619 51.509943", "From Sutton Street, Shadwell to Somerset House, Strand"
"LINESTRING (-0.075459 51.509506,-0.117619 51.509943", "From Tower Gardens , Tower to Somerset House, Strand"
"LINESTRING (-0.09294 51.511553,-0.117619 51.509943", "From Queen Street 1, Bank to Somerset House, Strand"
"LINESTRING (-0.123823 51.501513,-0.117619 51.509943", "From Westminster Pier, Westminster to Somerset House, Strand"
"LINESTRING (-0.178433 51.492479,-0.117619 51.509943", "From Queen's Gate (South), South Kensington to Somerset House, Strand"
"LINESTRING (-0.104947 51.516785,-0.117619 51.509943", "From Farringdon Street, Holborn to Somerset House, Strand"
"LINESTRING (-0.138212 51.481335,-0.117619 51.509943", "From Riverlight South, Nine Elms to Somerset House, Strand"
"LINESTRING (-0.139625 51.490962,-0.117619 51.509943", "From Gloucester Street, Pimlico to Somerset House, Strand"
"LINESTRING (-0.073438 51.51838,-0.117619 51.509943", "From Fashion Street, Whitechapel to Somerset House, Strand"
"LINESTRING (-0.055167 51.508447,-0.117619 51.509943", "From Garnet Street, Shadwell to Somerset House, Strand"
"LINESTRING (-0.193068 51.500397,-0.117619 51.509943", "From Wright's Lane, Kensington to Somerset House, Strand"
"LINESTRING (-0.055656 51.514222,-0.063386 51.521905", "From Watney Market, Stepney to Selby Street, Whitechapel"
"LINESTRING (-0.0786 51.500647,-0.063386 51.521905", "From Tanner Street, Bermondsey to Selby Street, Whitechapel"
"LINESTRING (-0.056667 51.511542,-0.063386 51.521905", "From Watney Street, Shadwell to Selby Street, Whitechapel"
"LINESTRING (-0.083935 51.520009,-0.063386 51.521905", "From Sun Street, Liverpool Street to Selby Street, Whitechapel"
"LINESTRING (-0.09294 51.51397,-0.063386 51.521905", "From Cheapside, Bank to Selby Street, Whitechapel"
"LINESTRING (-0.032566 51.520597,-0.063386 51.521905", "From Mile End Park Leisure Centre, Mile End to Selby Street, Whitechapel"
"LINESTRING (-0.068856 51.521776,-0.063386 51.521905", "From Buxton Street 1, Shoreditch to Selby Street, Whitechapel"
"LINESTRING (-0.025296 51.527058,-0.063386 51.521905", "From Bow Road Station, Bow to Selby Street, Whitechapel"
"LINESTRING (-0.075375 51.528187,-0.063386 51.521905", "From Columbia Road, Shoreditch to Selby Street, Whitechapel"
"LINESTRING (-0.058005 51.527152,-0.063386 51.521905", "From Pott Street, Bethnal Green to Selby Street, Whitechapel"
"LINESTRING (-0.049591 51.53341,-0.063386 51.521905", "From Bonner Gate, Victoria Park to Selby Street, Whitechapel"
"LINESTRING (-0.074754 51.523648,-0.063386 51.521905", "From Bethnal Green Road, Shoreditch to Selby Street, Whitechapel"
"LINESTRING (-0.036017 51.525941,-0.063386 51.521905", "From Clinton Road, Mile End to Selby Street, Whitechapel"
"LINESTRING (-0.06142 51.532091,-0.063386 51.521905", "From Pritchard's Road, Bethnal Green to Selby Street, Whitechapel"
"LINESTRING (-0.09022 51.491484,-0.063386 51.521905", "From Rodney Road , Walworth to Selby Street, Whitechapel"
"LINESTRING (-0.029138 51.516196,-0.063386 51.521905", "From Burdett Road, Mile End to Selby Street, Whitechapel"
"LINESTRING (-0.029138 51.516196,-0.063386 51.521905", "From Burdett Road, Mile End to Selby Street, Whitechapel"
"LINESTRING (-0.079248 51.524526,-0.063386 51.521905", "From New Inn Yard, Shoreditch to Selby Street, Whitechapel"
"LINESTRING (-0.038986 51.512871,-0.063386 51.521905", "From Flamborough Street, Limehouse to Selby Street, Whitechapel"
"LINESTRING (-0.025296 51.527058,-0.063386 51.521905", "From Bow Road Station, Bow to Selby Street, Whitechapel"
"LINESTRING (-0.193487 51.513735,-0.224103 51.509158", "From Hereford Road, Bayswater to Westfield Ariel Way, White City"
"LINESTRING (-0.183853 51.480898,-0.224103 51.509158", "From Thorndike Close, West Chelsea to Westfield Ariel Way, White City"
"LINESTRING (-0.20782 51.473471,-0.224103 51.509158", "From Fulham Park Road, Fulham to Westfield Ariel Way, White City"
"LINESTRING (-0.192369 51.491593,-0.224103 51.509158", "From Penywern Road, Earl's Court to Westfield Ariel Way, White City"
"LINESTRING (-0.215804 51.494347,-0.224103 51.509158", "From Brook Green South, Brook Green to Westfield Ariel Way, White City"
"LINESTRING (-0.196422 51.509353,-0.224103 51.509158", "From Notting Hill Gate Station, Notting Hill to Westfield Ariel Way, White City"
"LINESTRING (-0.180389 51.46517,-0.224103 51.509158", "From Hibbert Street, Battersea to Westfield Ariel Way, White City"
"LINESTRING (-0.193068 51.500397,-0.224103 51.509158", "From Wright's Lane, Kensington to Westfield Ariel Way, White City"
"LINESTRING (-0.183716 51.517932,-0.224103 51.509158", "From Orsett Terrace, Bayswater to Westfield Ariel Way, White City"
"LINESTRING (-0.209378 51.489591,-0.224103 51.509158", "From Vereker Road, West Kensington to Westfield Ariel Way, White City"
"LINESTRING (-0.144228 51.518117,-0.224103 51.509158", "From Broadcasting House, Marylebone to Westfield Ariel Way, White City"
"LINESTRING (-0.218337 51.506256,-0.224103 51.509158", "From Westfield Southern Terrace ,Shepherd's Bush to Westfield Ariel Way, White City"
"LINESTRING (-0.225787 51.514767,-0.224103 51.509158", "From BBC White City, White City to Westfield Ariel Way, White City"
"LINESTRING (-0.198286 51.493724,-0.224103 51.509158", "From West Cromwell Road, Earl's Court to Westfield Ariel Way, White City"
"LINESTRING (-0.214428 51.486062,-0.224103 51.509158", "From Greyhound Road, Hammersmith to Westfield Ariel Way, White City"
"LINESTRING (-0.205535 51.507481,-0.224103 51.509158", "From Lansdowne Road, Ladbroke Grove to Westfield Ariel Way, White City"
"LINESTRING (-0.168074 51.5343,-0.224103 51.509158", "From Charlbert Street, St. John's Wood to Westfield Ariel Way, White City"
"LINESTRING (-0.198286 51.493724,-0.224103 51.509158", "From West Cromwell Road, Earl's Court to Westfield Ariel Way, White City"
"LINESTRING (-0.172078 51.482567,-0.224103 51.509158", "From Danvers Street, West Chelsea to Westfield Ariel Way, White City"
"LINESTRING (-0.187402 51.51031,-0.224103 51.509158", "From Queensway, Kensington Gardens to Westfield Ariel Way, White City"
"LINESTRING (-0.187842 51.509908,-0.224103 51.509158", "From Black Lion Gate, Kensington Gardens to Westfield Ariel Way, White City"
"LINESTRING (-0.218337 51.506256,-0.224103 51.509158", "From Westfield Southern Terrace ,Shepherd's Bush to Westfield Ariel Way, White City"
"LINESTRING (-0.217515 51.500353,-0.224103 51.509158", "From Richmond Way, Shepherd's Bush to Westfield Ariel Way, White City"
"LINESTRING (-0.187402 51.51031,-0.18697 51.51616", "From Queensway, Kensington Gardens to Bishop's Bridge Road West, Bayswater"
"LINESTRING (-0.167029 51.460333,-0.18697 51.51616", "From Abyssinia Close, Clapham Junction to Bishop's Bridge Road West, Bayswater"
"LINESTRING (-0.174554 51.499917,-0.18697 51.51616", "From Exhibition Road, Knightsbridge to Bishop's Bridge Road West, Bayswater"
"LINESTRING (-0.19024 51.515529,-0.18697 51.51616", "From Westbourne Grove, Bayswater to Bishop's Bridge Road West, Bayswater"
"LINESTRING (-0.197609 51.483911,-0.18697 51.51616", "From Halford Road, West Kensington to Bishop's Bridge Road West, Bayswater"
"LINESTRING (-0.170329 51.477684,-0.18697 51.51616", "From Westbridge Road, Battersea to Bishop's Bridge Road West, Bayswater"
"LINESTRING (-0.144132 51.493204,-0.18697 51.51616", "From Belgrave Road, Victoria to Bishop's Bridge Road West, Bayswater"
"LINESTRING (-0.157275 51.510017,-0.18697 51.51616", "From Park Lane , Hyde Park to Bishop's Bridge Road West, Bayswater"
"LINESTRING (-0.165842 51.522029,-0.18697 51.51616", "From Bell Street , Marylebone to Bishop's Bridge Road West, Bayswater"
"LINESTRING (-0.183118 51.515607,-0.18697 51.51616", "From Cleveland Gardens, Bayswater to Bishop's Bridge Road West, Bayswater"
"LINESTRING (-0.141423 51.514499,-0.18697 51.51616", "From Little Argyll Street, West End to Bishop's Bridge Road West, Bayswater"
"LINESTRING (-0.236769 51.494223,-0.18697 51.51616", "From Ravenscourt Park Station, Hammersmith to Bishop's Bridge Road West, Bayswater"
"LINESTRING (-0.158456 51.502953,-0.18697 51.51616", "From Albert Gate, Hyde Park to Bishop's Bridge Road West, Bayswater"
"LINESTRING (-0.176645 51.518622,-0.18697 51.51616", "From North Wharf Road, Paddington to Bishop's Bridge Road West, Bayswater"
"LINESTRING (-0.17219 51.526448,-0.18697 51.51616", "From Lisson Grove, St. John's Wood to Bishop's Bridge Road West, Bayswater"
"LINESTRING (-0.173757 51.496471,-0.18697 51.51616", "From Exhibition Road Museums 1, South Kensington to Bishop's Bridge Road West, Bayswater"
"LINESTRING (-0.108657 51.51795,-0.18697 51.51616", "From Holborn Circus, Holborn to Bishop's Bridge Road West, Bayswater"
"LINESTRING (-0.174554 51.499917,-0.18697 51.51616", "From Exhibition Road, Knightsbridge to Bishop's Bridge Road West, Bayswater"
"LINESTRING (-0.17977 51.51348,-0.18697 51.51616", "From Devonshire Terrace, Bayswater to Bishop's Bridge Road West, Bayswater"
"LINESTRING (-0.17977 51.51348,-0.18697 51.51616", "From Devonshire Terrace, Bayswater to Bishop's Bridge Road West, Bayswater"
"LINESTRING (-0.209121 51.491026,-0.18697 51.51616", "From Gwendwr Road, West Kensington to Bishop's Bridge Road West, Bayswater"
"LINESTRING (-0.183486 51.529857,-0.18697 51.51616", "From Maida Vale, Maida Vale to Bishop's Bridge Road West, Bayswater"
"LINESTRING (-0.125972 51.49764,-0.18697 51.51616", "From Abingdon Green, Westminster to Bishop's Bridge Road West, Bayswater"
"LINESTRING (-0.18697 51.51616,-0.18697 51.51616", "From Bishop's Bridge Road West, Bayswater to Bishop's Bridge Road West, Bayswater"
"LINESTRING (-0.208565 51.515108,-0.18697 51.51616", "From Blenheim Crescent, Ladbroke Grove to Bishop's Bridge Road West, Bayswater"
"LINESTRING (-0.17977 51.51348,-0.18697 51.51616", "From Devonshire Terrace, Bayswater to Bishop's Bridge Road West, Bayswater"
"LINESTRING (-0.107987 51.517428,-0.08299 51.53213", "From New Fetter Lane, Holborn to Pitfield Street Central, Hoxton"
"LINESTRING (-0.109256 51.526443,-0.08299 51.53213", "From Tysoe Street, Clerkenwell to Pitfield Street Central, Hoxton"
"LINESTRING (-0.0801 51.52959,-0.08299 51.53213", "From Hoxton Street, Hoxton to Pitfield Street Central, Hoxton"
"LINESTRING (-0.086016 51.53114,-0.08299 51.53213", "From New North Road 2, Hoxton to Pitfield Street Central, Hoxton"
"LINESTRING (-0.087262 51.506304,-0.08299 51.53213", "From Duke Street Hill, London Bridge to Pitfield Street Central, Hoxton"
"LINESTRING (-0.131213 51.513103,-0.08299 51.53213", "From Frith Street, Soho to Pitfield Street Central, Hoxton"
"LINESTRING (-0.087459 51.528673,-0.08299 51.53213", "From East Road, Hoxton to Pitfield Street Central, Hoxton"
"LINESTRING (-0.082989 51.510484,-0.08299 51.53213", "From Great Tower Street, Monument to Pitfield Street Central, Hoxton"
"LINESTRING (-0.09734 51.520841,-0.08299 51.53213", "From Aldersgate Street, Barbican to Pitfield Street Central, Hoxton"
"LINESTRING (-0.089782 51.53089,-0.08299 51.53213", "From Murray Grove , Hoxton to Pitfield Street Central, Hoxton"
"LINESTRING (-0.06555 51.528681,-0.08299 51.53213", "From Durant Street, Bethnal Green to Pitfield Street Central, Hoxton"
"LINESTRING (-0.101384 51.49652,-0.08299 51.53213", "From Ontario Street, Elephant & Castle to Pitfield Street Central, Hoxton"
"LINESTRING (-0.086379 51.534042,-0.08299 51.53213", "From Shoreditch Park, Hoxton to Pitfield Street Central, Hoxton"
"LINESTRING (-0.099994 51.522853,-0.08299 51.53213", "From Berry Street, Clerkenwell to Pitfield Street Central, Hoxton"
"LINESTRING (-0.083353 51.529537,-0.08299 51.53213", "From Fanshaw Street, Hoxton to Pitfield Street Central, Hoxton"
"LINESTRING (-0.055894 51.528936,-0.08299 51.53213", "From York Hall, Bethnal Green to Pitfield Street Central, Hoxton"
"LINESTRING (-0.079249 51.518908,-0.08299 51.53213", "From Brushfield Street, Liverpool Street to Pitfield Street Central, Hoxton"
"LINESTRING (-0.106992 51.534504,-0.08299 51.53213", "From Liverpool Road (N1 Centre), Angel to Pitfield Street Central, Hoxton"
"LINESTRING (-0.093051 51.511246,-0.017676 51.503083", "From Queen Street 2, Bank to Upper Bank Street, Canary Wharf"
"LINESTRING (-0.075855 51.517475,-0.017676 51.503083", "From Bell Lane, Liverpool Street to Upper Bank Street, Canary Wharf"
"LINESTRING (-0.111257 51.514274,-0.017676 51.503083", "From Chancery Lane, Holborn to Upper Bank Street, Canary Wharf"
"LINESTRING (-0.022793 51.497304,-0.017676 51.503083", "From Alpha Grove, Millwall to Upper Bank Street, Canary Wharf"
"LINESTRING (-0.069543 51.525645,-0.017676 51.503083", "From Granby Street, Shoreditch to Upper Bank Street, Canary Wharf"
"LINESTRING (-0.025626 51.511811,-0.017676 51.503083", "From Canton Street, Poplar to Upper Bank Street, Canary Wharf"
"LINESTRING (-0.007542 51.493381,-0.017676 51.503083", "From Jubilee Crescent, Cubitt Town to Upper Bank Street, Canary Wharf"
"LINESTRING (-0.027772 51.505703,-0.017676 51.503083", "From Westferry Circus, Canary Wharf to Upper Bank Street, Canary Wharf"
"LINESTRING (-0.007542 51.493381,-0.017676 51.503083", "From Jubilee Crescent, Cubitt Town to Upper Bank Street, Canary Wharf"
"LINESTRING (-0.017676 51.503083,-0.017676 51.503083", "From Upper Bank Street, Canary Wharf to Upper Bank Street, Canary Wharf"
"LINESTRING (-0.025626 51.511811,-0.017676 51.503083", "From Canton Street, Poplar to Upper Bank Street, Canary Wharf"
"LINESTRING (-0.007542 51.493381,-0.017676 51.503083", "From Jubilee Crescent, Cubitt Town to Upper Bank Street, Canary Wharf"
"LINESTRING (-0.017676 51.503083,-0.017676 51.503083", "From Upper Bank Street, Canary Wharf to Upper Bank Street, Canary Wharf"
"LINESTRING (-0.053177 51.515975,-0.017676 51.503083", "From Jubilee Street, Stepney to Upper Bank Street, Canary Wharf"
"LINESTRING (-0.058681 51.506946,-0.017676 51.503083", "From Reardon Street, Wapping to Upper Bank Street, Canary Wharf"
"LINESTRING (-0.020068 51.50357,-0.017676 51.503083", "From Jubilee Plaza, Canary Wharf to Upper Bank Street, Canary Wharf"
"LINESTRING (-0.056667 51.511542,-0.017676 51.503083", "From Watney Street, Shadwell to Upper Bank Street, Canary Wharf"
"LINESTRING (-0.025996 51.509303,-0.017676 51.503083", "From Westferry DLR, Limehouse to Upper Bank Street, Canary Wharf"
"LINESTRING (-0.075901 51.531091,-0.017676 51.503083", "From Hoxton Station, Hoxton to Upper Bank Street, Canary Wharf"
"LINESTRING (-0.075885 51.536585,-0.017676 51.503083", "From Dunston Road , Haggerston to Upper Bank Street, Canary Wharf"
"LINESTRING (-0.008428 51.503143,-0.017676 51.503083", "From Lancaster Drive, Blackwall to Upper Bank Street, Canary Wharf"
"LINESTRING (-0.114605 51.495656,-0.017676 51.503083", "From Sail Street, Vauxhall to Upper Bank Street, Canary Wharf"
"LINESTRING (-0.009152 51.499286,-0.017676 51.503083", "From Preston's Road, Cubitt Town to Upper Bank Street, Canary Wharf"
"LINESTRING (-0.020068 51.50357,-0.017676 51.503083", "From Jubilee Plaza, Canary Wharf to Upper Bank Street, Canary Wharf"
"LINESTRING (-0.052099 51.51417,-0.017676 51.503083", "From St. Mary & St. Michael Church, Stepney to Upper Bank Street, Canary Wharf"
"LINESTRING (-0.037366 51.534137,-0.017676 51.503083", "From Driffield Road, Old Ford to Upper Bank Street, Canary Wharf"
"LINESTRING (-0.056667 51.511542,-0.017676 51.503083", "From Watney Street, Shadwell to Upper Bank Street, Canary Wharf"
"LINESTRING (-0.009506 51.496454,-0.017676 51.503083", "From St. John's Park, Cubitt Town to Upper Bank Street, Canary Wharf"
"LINESTRING (-0.083632 51.502153,-0.017676 51.503083", "From Snowsfields, London Bridge to Upper Bank Street, Canary Wharf"
"LINESTRING (-0.008428 51.503143,-0.017676 51.503083", "From Lancaster Drive, Blackwall to Upper Bank Street, Canary Wharf"
"LINESTRING (-0.007542 51.493381,-0.017676 51.503083", "From Jubilee Crescent, Cubitt Town to Upper Bank Street, Canary Wharf"
"LINESTRING (-0.00699 51.508981,-0.017676 51.503083", "From Naval Row, Blackwall to Upper Bank Street, Canary Wharf"
"LINESTRING (-0.002275 51.509474,-0.017676 51.503083", "From East India DLR, Blackwall to Upper Bank Street, Canary Wharf"
"LINESTRING (-0.027772 51.505703,-0.017676 51.503083", "From Westferry Circus, Canary Wharf to Upper Bank Street, Canary Wharf"
"LINESTRING (-0.211358 51.510101,-0.218337 51.506256", "From Walmer Road, Avondale to Westfield Southern Terrace ,Shepherd's Bush"
"LINESTRING (-0.208888 51.5212,-0.218337 51.506256", "From Bevington Road West, North Kensington to Westfield Southern Terrace ,Shepherd's Bush"
"LINESTRING (-0.19096 51.51244,-0.218337 51.506256", "From Ilchester Gardens, Bayswater to Westfield Southern Terrace ,Shepherd's Bush"
"LINESTRING (-0.214749 51.473036,-0.218337 51.506256", "From Bishop's Avenue, Fulham to Westfield Southern Terrace ,Shepherd's Bush"
"LINESTRING (-0.225787 51.514767,-0.218337 51.506256", "From BBC White City, White City to Westfield Southern Terrace ,Shepherd's Bush"
"LINESTRING (-0.222293 51.501594,-0.218337 51.506256", "From Shepherd's Bush Road North, Shepherd's Bush to Westfield Southern Terrace ,Shepherd's Bush"
"LINESTRING (-0.218337 51.506256,-0.218337 51.506256", "From Westfield Southern Terrace ,Shepherd's Bush to Westfield Southern Terrace ,Shepherd's Bush"
"LINESTRING (-0.142844 51.506613,-0.218337 51.506256", "From Green Park Station, Mayfair to Westfield Southern Terrace ,Shepherd's Bush"
"LINESTRING (-0.236769 51.494223,-0.218337 51.506256", "From Ravenscourt Park Station, Hammersmith to Westfield Southern Terrace ,Shepherd's Bush"
"LINESTRING (-0.19096 51.51244,-0.218337 51.506256", "From Ilchester Gardens, Bayswater to Westfield Southern Terrace ,Shepherd's Bush"
"LINESTRING (-0.214749 51.473036,-0.218337 51.506256", "From Bishop's Avenue, Fulham to Westfield Southern Terrace ,Shepherd's Bush"
"LINESTRING (-0.216016 51.509224,-0.218337 51.506256", "From Rifle Place, Avondale to Westfield Southern Terrace ,Shepherd's Bush"
"LINESTRING (-0.213872 51.51687,-0.218337 51.506256", "From St. Mark's Road, North Kensington to Westfield Southern Terrace ,Shepherd's Bush"
"LINESTRING (-0.225787 51.514767,-0.218337 51.506256", "From BBC White City, White City to Westfield Southern Terrace ,Shepherd's Bush"
"LINESTRING (-0.084605 51.521283,-0.141728 51.539099", "From Christopher Street, Liverpool Street to Greenland Road, Camden Town"
"LINESTRING (-0.111778 51.515937,-0.141728 51.539099", "From Breams Buildings, Holborn to Greenland Road, Camden Town"
"LINESTRING (-0.132053 51.518587,-0.141728 51.539099", "From Bayley Street , Bloomsbury to Greenland Road, Camden Town"
"LINESTRING (-0.144664 51.538071,-0.141728 51.539099", "From Parkway, Camden Town to Greenland Road, Camden Town"
"LINESTRING (-0.172528 51.533043,-0.141728 51.539099", "From Wellington Road, St. John's Wood to Greenland Road, Camden Town"
"LINESTRING (-0.143495 51.509992,-0.141728 51.539099", "From Grafton Street, Mayfair to Greenland Road, Camden Town"
"LINESTRING (-0.153463 51.525367,-0.141728 51.539099", "From The Tennis Courts, The Regent's Park to Greenland Road, Camden Town"
"LINESTRING (-0.153463 51.525367,-0.141728 51.539099", "From The Tennis Courts, The Regent's Park to Greenland Road, Camden Town"
"LINESTRING (-0.161113 51.522596,-0.141728 51.539099", "From Dorset Square, Marylebone to Greenland Road, Camden Town"
"LINESTRING (-0.136792 51.533005,-0.141728 51.539099", "From Eversholt Street , Camden Town to Greenland Road, Camden Town"
"LINESTRING (-0.084605 51.521283,-0.141728 51.539099", "From Christopher Street, Liverpool Street to Greenland Road, Camden Town"
"LINESTRING (-0.141728 51.539099,-0.141728 51.539099", "From Greenland Road, Camden Town to Greenland Road, Camden Town"
"LINESTRING (-0.106408 51.530515,-0.141728 51.539099", "From Chadwell Street, Angel to Greenland Road, Camden Town"
"LINESTRING (-0.102208 51.526153,-0.141728 51.539099", "From Percival Street, Finsbury to Greenland Road, Camden Town"
"LINESTRING (-0.087587 51.514441,-0.141728 51.539099", "From Bank of England Museum, Bank to Greenland Road, Camden Town"
"LINESTRING (-0.144664 51.538071,-0.141728 51.539099", "From Parkway, Camden Town to Greenland Road, Camden Town"
"LINESTRING (-0.141728 51.539099,-0.141728 51.539099", "From Greenland Road, Camden Town to Greenland Road, Camden Town"
"LINESTRING (-0.084605 51.521283,-0.141728 51.539099", "From Christopher Street, Liverpool Street to Greenland Road, Camden Town"
"LINESTRING (-0.170194 51.489716,-0.141728 51.539099", "From St. Luke's Church, Chelsea to Greenland Road, Camden Town"
"LINESTRING (-0.120202 51.523346,-0.141728 51.539099", "From Guilford Street , Bloomsbury to Greenland Road, Camden Town"
"LINESTRING (-0.160854 51.535892,-0.141728 51.539099", "From Prince Albert Road, The Regent's Park to Greenland Road, Camden Town"
"LINESTRING (-0.086685 51.517075,-0.141728 51.539099", "From Finsbury Circus, Liverpool Street to Greenland Road, Camden Town"
"LINESTRING (-0.124807 51.53724,-0.141728 51.539099", "From Handyside Street, King's Cross to Greenland Road, Camden Town"
"LINESTRING (-0.108028 51.518825,-0.141728 51.539099", "From Hatton Garden, Holborn to Greenland Road, Camden Town"
"LINESTRING (-0.131861 51.527068,-0.141728 51.539099", "From Euston Square Gardens, Euston to Greenland Road, Camden Town"
"LINESTRING (-0.130504 51.526838,-0.141728 51.539099", "From Endsleigh Gardens, Euston to Greenland Road, Camden Town"
"LINESTRING (-0.145393 51.542138,-0.141728 51.539099", "From Castlehaven Road, Camden Town to Greenland Road, Camden Town"
"LINESTRING (-0.093903 51.530991,-0.141728 51.539099", "From Wenlock Road , Hoxton to Greenland Road, Camden Town"
"LINESTRING (-0.111257 51.514274,-0.141728 51.539099", "From Chancery Lane, Holborn to Greenland Road, Camden Town"
"LINESTRING (-0.100791 51.518218,-0.141728 51.539099", "From West Smithfield Rotunda, Farringdon to Greenland Road, Camden Town"
"LINESTRING (-0.136039 51.519914,-0.141728 51.539099", "From Scala Street, Fitzrovia to Greenland Road, Camden Town"
"LINESTRING (-0.141728 51.539099,-0.141728 51.539099", "From Greenland Road, Camden Town to Greenland Road, Camden Town"
"LINESTRING (-0.132053 51.518587,-0.141728 51.539099", "From Bayley Street , Bloomsbury to Greenland Road, Camden Town"
"LINESTRING (-0.143495 51.509992,-0.141728 51.539099", "From Grafton Street, Mayfair to Greenland Road, Camden Town"
"LINESTRING (-0.145904 51.507069,-0.18119 51.485587", "From Curzon Street, Mayfair to Limerston Street, West Chelsea"
"LINESTRING (-0.168917 51.497056,-0.18119 51.485587", "From Holy Trinity Brompton, Knightsbridge to Limerston Street, West Chelsea"
"LINESTRING (-0.174347 51.476964,-0.18119 51.485587", "From Battersea Church Road, Battersea to Limerston Street, West Chelsea"
"LINESTRING (-0.169821 51.466633,-0.18119 51.485587", "From Falcon Road, Clapham Junction to Limerston Street, West Chelsea"
"LINESTRING (-0.202038 51.48357,-0.18119 51.485587", "From Coomer Place, West Kensington to Limerston Street, West Chelsea"
"LINESTRING (-0.173715 51.491211,-0.18119 51.485587", "From Sumner Place, South Kensington to Limerston Street, West Chelsea"
"LINESTRING (-0.149004 51.485821,-0.18119 51.485587", "From Chelsea Bridge, Pimlico to Limerston Street, West Chelsea"
"LINESTRING (-0.15823 51.46879,-0.18119 51.485587", "From Holden Street, Battersea to Limerston Street, West Chelsea"
"LINESTRING (-0.167894 51.493184,-0.18119 51.485587", "From Sloane Avenue, Knightsbridge to Limerston Street, West Chelsea"
"LINESTRING (-0.204815 51.484386,-0.18119 51.485587", "From Normand Park, West Kensington to Limerston Street, West Chelsea"
"LINESTRING (-0.210279 51.468814,-0.18119 51.485587", "From Putney Bridge Station, Fulham to Limerston Street, West Chelsea"
"LINESTRING (-0.169821 51.466633,-0.18119 51.485587", "From Falcon Road, Clapham Junction to Limerston Street, West Chelsea"
"LINESTRING (-0.154701 51.520583,-0.18119 51.485587", "From Paddington Street, Marylebone to Limerston Street, West Chelsea"
"LINESTRING (-0.167894 51.493184,-0.18119 51.485587", "From Sloane Avenue, Knightsbridge to Limerston Street, West Chelsea"
"LINESTRING (-0.163609 51.51809,-0.18119 51.485587", "From Shouldham Street, Marylebone to Limerston Street, West Chelsea"
"LINESTRING (-0.116628 51.500089,-0.18119 51.485587", "From Lambeth Palace Road, Waterloo to Limerston Street, West Chelsea"
"LINESTRING (-0.191933 51.495866,-0.18119 51.485587", "From Lexham Gardens, Kensington to Limerston Street, West Chelsea"
"LINESTRING (-0.20782 51.473471,-0.18119 51.485587", "From Fulham Park Road, Fulham to Limerston Street, West Chelsea"
"LINESTRING (-0.209973 51.481021,-0.18119 51.485587", "From Aintree Street, Fulham to Limerston Street, West Chelsea"
"LINESTRING (-0.18267 51.494185,-0.18119 51.485587", "From Gloucester Road Station, South Kensington to Limerston Street, West Chelsea"
"LINESTRING (-0.180274 51.481805,-0.18119 51.485587", "From World's End Place, West Chelsea to Limerston Street, West Chelsea"
"LINESTRING (-0.138212 51.481335,-0.18119 51.485587", "From Riverlight South, Nine Elms to Limerston Street, West Chelsea"
"LINESTRING (-0.191933 51.495866,-0.18119 51.485587", "From Lexham Gardens, Kensington to Limerston Street, West Chelsea"
"LINESTRING (-0.198286 51.493724,-0.18119 51.485587", "From West Cromwell Road, Earl's Court to Limerston Street, West Chelsea"
"LINESTRING (-0.176267 51.472876,-0.18119 51.485587", "From Vicarage Crescent, Battersea to Limerston Street, West Chelsea"
"LINESTRING (-0.173029 51.464894,-0.18119 51.485587", "From Grant Road East, Clapham Junction to Limerston Street, West Chelsea"
"LINESTRING (-0.205921 51.511624,-0.18119 51.485587", "From Ladbroke Grove Central, Ladbroke Grove to Limerston Street, West Chelsea"
"LINESTRING (-0.170983 51.486892,-0.18119 51.485587", "From Manresa Road, Chelsea to Limerston Street, West Chelsea"
"LINESTRING (-0.173715 51.491211,-0.18119 51.485587", "From Sumner Place, South Kensington to Limerston Street, West Chelsea"
"LINESTRING (-0.183165 51.474665,-0.18119 51.485587", "From Imperial Wharf Station, Sands End to Limerston Street, West Chelsea"
"LINESTRING (-0.163609 51.51809,-0.18119 51.485587", "From Shouldham Street, Marylebone to Limerston Street, West Chelsea"
"LINESTRING (-0.14177 51.479501,-0.18119 51.485587", "From Battersea Park Road, Nine Elms to Limerston Street, West Chelsea"
"LINESTRING (-0.223616 51.485743,-0.18119 51.485587", "From Manbre Road, Hammersmith to Limerston Street, West Chelsea"
"LINESTRING (-0.15934 51.500241,-0.18119 51.485587", "From Harriet Street, Knightsbridge to Limerston Street, West Chelsea"
"LINESTRING (-0.183165 51.474665,-0.18119 51.485587", "From Imperial Wharf Station, Sands End to Limerston Street, West Chelsea"
"LINESTRING (-0.180274 51.481805,-0.18119 51.485587", "From World's End Place, West Chelsea to Limerston Street, West Chelsea"
"LINESTRING (-0.191933 51.495866,-0.18119 51.485587", "From Lexham Gardens, Kensington to Limerston Street, West Chelsea"
"LINESTRING (-0.158105 51.494645,-0.18119 51.485587", "From Cadogan Place, Knightsbridge to Limerston Street, West Chelsea"
"LINESTRING (-0.176267 51.472876,-0.18119 51.485587", "From Vicarage Crescent, Battersea to Limerston Street, West Chelsea"
"LINESTRING (-0.167894 51.493184,-0.18119 51.485587", "From Sloane Avenue, Knightsbridge to Limerston Street, West Chelsea"
"LINESTRING (-0.173881 51.494412,-0.18119 51.485587", "From South Kensington Station, South Kensington to Limerston Street, West Chelsea"
"LINESTRING (-0.190393 51.490163,-0.18119 51.485587", "From Bramham Gardens, Earl's Court to Limerston Street, West Chelsea"
"LINESTRING (-0.168917 51.497056,-0.18119 51.485587", "From Holy Trinity Brompton, Knightsbridge to Limerston Street, West Chelsea"
"LINESTRING (-0.174485 51.469161,-0.18119 51.485587", "From Fawcett Close, Battersea to Limerston Street, West Chelsea"
"LINESTRING (-0.17581 51.517335,-0.18119 51.485587", "From South Wharf Road, Paddington to Limerston Street, West Chelsea"
"LINESTRING (-0.079684 51.516468,-0.18119 51.485587", "From Devonshire Square, Liverpool Street to Limerston Street, West Chelsea"
"LINESTRING (-0.216145 51.46161,-0.18119 51.485587", "From Disraeli Road, Putney to Limerston Street, West Chelsea"
"LINESTRING (-0.155442 51.474376,-0.18119 51.485587", "From Austin Road, Battersea Park to Limerston Street, West Chelsea"
"LINESTRING (-0.149004 51.485821,-0.18119 51.485587", "From Chelsea Bridge, Pimlico to Limerston Street, West Chelsea"
"LINESTRING (-0.204815 51.484386,-0.18119 51.485587", "From Normand Park, West Kensington to Limerston Street, West Chelsea"
"LINESTRING (-0.170194 51.489716,-0.18119 51.485587", "From St. Luke's Church, Chelsea to Limerston Street, West Chelsea"
"LINESTRING (-0.206029 51.49087,-0.18119 51.485587", "From West Kensington Station, West Kensington to Limerston Street, West Chelsea"
"LINESTRING (-0.202038 51.48357,-0.18119 51.485587", "From Coomer Place, West Kensington to Limerston Street, West Chelsea"
"LINESTRING (-0.162727 51.489932,-0.18119 51.485587", "From Royal Avenue 1, Chelsea to Limerston Street, West Chelsea"
"LINESTRING (-0.180274 51.481805,-0.18119 51.485587", "From World's End Place, West Chelsea to Limerston Street, West Chelsea"
"LINESTRING (-0.178732 51.493967,-0.18119 51.485587", "From Queen's Gate (Central), South Kensington to Limerston Street, West Chelsea"
"LINESTRING (-0.191803 51.473611,-0.18119 51.485587", "From Sandilands Road, Walham Green to Limerston Street, West Chelsea"
"LINESTRING (-0.147301 51.514105,-0.18119 51.485587", "From Woodstock Street, Mayfair to Limerston Street, West Chelsea"
"LINESTRING (-0.190184 51.459953,-0.18119 51.485587", "From Morie Street, Wandsworth to Limerston Street, West Chelsea"
"LINESTRING (-0.174971 51.485121,-0.18119 51.485587", "From The Vale, Chelsea to Limerston Street, West Chelsea"
"LINESTRING (-0.123823 51.501513,-0.18119 51.485587", "From Westminster Pier, Westminster to Limerston Street, West Chelsea"
"LINESTRING (-0.169774 51.519968,-0.18119 51.485587", "From Edgware Road Station, Marylebone to Limerston Street, West Chelsea"
"LINESTRING (-0.189155 51.477292,-0.18119 51.485587", "From Michael Road, Walham Green to Limerston Street, West Chelsea"
"LINESTRING (-0.174347 51.476964,-0.18119 51.485587", "From Battersea Church Road, Battersea to Limerston Street, West Chelsea"
"LINESTRING (-0.15934 51.500241,-0.18119 51.485587", "From Harriet Street, Knightsbridge to Limerston Street, West Chelsea"
"LINESTRING (-0.18267 51.494185,-0.18119 51.485587", "From Gloucester Road Station, South Kensington to Limerston Street, West Chelsea"
"LINESTRING (-0.170194 51.489716,-0.18119 51.485587", "From St. Luke's Church, Chelsea to Limerston Street, West Chelsea"
"LINESTRING (-0.216145 51.46161,-0.18119 51.485587", "From Disraeli Road, Putney to Limerston Street, West Chelsea"
"LINESTRING (-0.197609 51.483911,-0.18119 51.485587", "From Halford Road, West Kensington to Limerston Street, West Chelsea"
"LINESTRING (-0.149569 51.50274,-0.18119 51.485587", "From Wellington Arch, Hyde Park to Limerston Street, West Chelsea"
"LINESTRING (-0.18267 51.494185,-0.18119 51.485587", "From Gloucester Road Station, South Kensington to Limerston Street, West Chelsea"
"LINESTRING (-0.089887 51.520858,-0.09315 51.53356", "From Bunhill Row, Moorgate to Eagle Wharf Road, Hoxton"
"LINESTRING (-0.119047 51.509631,-0.09315 51.53356", "From Embankment (Savoy), Strand to Eagle Wharf Road, Hoxton"
"LINESTRING (-0.09734 51.520841,-0.09315 51.53356", "From Aldersgate Street, Barbican to Eagle Wharf Road, Hoxton"
"LINESTRING (-0.111435 51.48894,-0.09315 51.53356", "From Kennington Cross, Kennington to Eagle Wharf Road, Hoxton"
"LINESTRING (-0.099994 51.522853,-0.09315 51.53356", "From Berry Street, Clerkenwell to Eagle Wharf Road, Hoxton"
"LINESTRING (-0.090847 51.525893,-0.09315 51.53356", "From Bath Street, St. Luke's to Eagle Wharf Road, Hoxton"
"LINESTRING (-0.087262 51.506304,-0.09315 51.53356", "From Duke Street Hill, London Bridge to Eagle Wharf Road, Hoxton"
"LINESTRING (-0.08066 51.514225,-0.09315 51.53356", "From St. Mary Axe, Aldgate to Eagle Wharf Road, Hoxton"
"LINESTRING (-0.090847 51.525893,-0.09315 51.53356", "From Bath Street, St. Luke's to Eagle Wharf Road, Hoxton"
"LINESTRING (-0.138231 51.525542,-0.09315 51.53356", "From Hampstead Road, Euston to Eagle Wharf Road, Hoxton"
"LINESTRING (-0.070329 51.539083,-0.09315 51.53356", "From Shoreditch Court, Haggerston to Eagle Wharf Road, Hoxton"
"LINESTRING (-0.075855 51.517475,-0.09315 51.53356", "From Bell Lane, Liverpool Street to Eagle Wharf Road, Hoxton"
"LINESTRING (-0.10997 51.529163,-0.09315 51.53356", "From River Street , Clerkenwell to Eagle Wharf Road, Hoxton"
"LINESTRING (-0.076341 51.534464,-0.09315 51.53356", "From Whiston Road, Haggerston to Eagle Wharf Road, Hoxton"
"LINESTRING (-0.116542 51.504636,-0.09315 51.53356", "From Jubilee Gardens, South Bank to Eagle Wharf Road, Hoxton"
"LINESTRING (-0.085634 51.520962,-0.09315 51.53356", "From Finsbury Square , Moorgate to Eagle Wharf Road, Hoxton"
"LINESTRING (-0.09294 51.511553,-0.09315 51.53356", "From Queen Street 1, Bank to Eagle Wharf Road, Hoxton"
"LINESTRING (-0.107349 51.511891,-0.09315 51.53356", "From Tallis Street, Temple to Eagle Wharf Road, Hoxton"
"LINESTRING (-0.099489 51.524868,-0.09315 51.53356", "From Sadlers Sports Centre, Finsbury to Eagle Wharf Road, Hoxton"
"LINESTRING (-0.089887 51.520858,-0.09315 51.53356", "From Bunhill Row, Moorgate to Eagle Wharf Road, Hoxton"
"LINESTRING (-0.169774 51.519968,-0.09315 51.53356", "From Edgware Road Station, Marylebone to Eagle Wharf Road, Hoxton"
"LINESTRING (-0.089887 51.520858,-0.09315 51.53356", "From Bunhill Row, Moorgate to Eagle Wharf Road, Hoxton"
"LINESTRING (-0.109025 51.534408,-0.09315 51.53356", "From Cloudesley Road, Angel to Eagle Wharf Road, Hoxton"
"LINESTRING (-0.084605 51.521283,-0.09315 51.53356", "From Christopher Street, Liverpool Street to Eagle Wharf Road, Hoxton"
"LINESTRING (-0.08249 51.53558,-0.09315 51.53356", "From Pitfield Street North,Hoxton to Eagle Wharf Road, Hoxton"
"LINESTRING (-0.088285 51.519069,-0.09315 51.53356", "From Moorfields, Moorgate to Eagle Wharf Road, Hoxton"
"LINESTRING (-0.096317 51.526008,-0.09315 51.53356", "From Finsbury Leisure Centre, St. Luke's to Eagle Wharf Road, Hoxton"
"LINESTRING (-0.103078 51.511934,-0.09315 51.53356", "From Blackfriars Station, St. Paul's to Eagle Wharf Road, Hoxton"
"LINESTRING (-0.106992 51.534504,-0.09315 51.53356", "From Liverpool Road (N1 Centre), Angel to Eagle Wharf Road, Hoxton"
"LINESTRING (-0.106992 51.534504,-0.09315 51.53356", "From Liverpool Road (N1 Centre), Angel to Eagle Wharf Road, Hoxton"
"LINESTRING (-0.108657 51.51795,-0.09315 51.53356", "From Holborn Circus, Holborn to Eagle Wharf Road, Hoxton"
"LINESTRING (-0.089887 51.520858,-0.09315 51.53356", "From Bunhill Row, Moorgate to Eagle Wharf Road, Hoxton"
"LINESTRING (-0.083493 51.520955,-0.09315 51.53356", "From Pindar Street, Liverpool Street to Eagle Wharf Road, Hoxton"
"LINESTRING (-0.084605 51.521283,-0.09315 51.53356", "From Christopher Street, Liverpool Street to Eagle Wharf Road, Hoxton"
"LINESTRING (-0.087262 51.506304,-0.09315 51.53356", "From Duke Street Hill, London Bridge to Eagle Wharf Road, Hoxton"
"LINESTRING (-0.037366 51.534137,-0.09315 51.53356", "From Driffield Road, Old Ford to Eagle Wharf Road, Hoxton"
"LINESTRING (-0.087262 51.506304,-0.09315 51.53356", "From Duke Street Hill, London Bridge to Eagle Wharf Road, Hoxton"
"LINESTRING (-0.089887 51.520858,-0.09315 51.53356", "From Bunhill Row, Moorgate to Eagle Wharf Road, Hoxton"
"LINESTRING (-0.099489 51.524868,-0.09315 51.53356", "From Sadlers Sports Centre, Finsbury to Eagle Wharf Road, Hoxton"
"LINESTRING (-0.070329 51.539083,-0.09315 51.53356", "From Shoreditch Court, Haggerston to Eagle Wharf Road, Hoxton"
"LINESTRING (-0.125441 51.541596,-0.09315 51.53356", "From York Way, Kings Cross to Eagle Wharf Road, Hoxton"
"LINESTRING (-0.090847 51.525893,-0.09315 51.53356", "From Bath Street, St. Luke's to Eagle Wharf Road, Hoxton"
"LINESTRING (-0.090075 51.517842,-0.09315 51.53356", "From Fore Street, Guildhall to Eagle Wharf Road, Hoxton"
"LINESTRING (-0.109025 51.534408,-0.09315 51.53356", "From Cloudesley Road, Angel to Eagle Wharf Road, Hoxton"
"LINESTRING (-0.090847 51.525893,-0.09315 51.53356", "From Bath Street, St. Luke's to Eagle Wharf Road, Hoxton"
"LINESTRING (-0.089659 51.52548,-0.09315 51.53356", "From Old Street Station, St. Luke's to Eagle Wharf Road, Hoxton"
"LINESTRING (-0.089782 51.53089,-0.09315 51.53356", "From Murray Grove , Hoxton to Eagle Wharf Road, Hoxton"
"LINESTRING (-0.113426 51.503919,-0.09315 51.53356", "From Waterloo Station 2, Waterloo to Eagle Wharf Road, Hoxton"
"LINESTRING (-0.079248 51.524526,-0.09315 51.53356", "From New Inn Yard, Shoreditch to Eagle Wharf Road, Hoxton"
"LINESTRING (-0.099489 51.524868,-0.09315 51.53356", "From Sadlers Sports Centre, Finsbury to Eagle Wharf Road, Hoxton"
"LINESTRING (-0.075885 51.536585,-0.09315 51.53356", "From Dunston Road , Haggerston to Eagle Wharf Road, Hoxton"
"LINESTRING (-0.11934 51.531066,-0.09315 51.53356", "From Northdown Street, King's Cross to Eagle Wharf Road, Hoxton"
"LINESTRING (-0.106992 51.534504,-0.09315 51.53356", "From Liverpool Road (N1 Centre), Angel to Eagle Wharf Road, Hoxton"
"LINESTRING (-0.102208 51.526153,-0.09315 51.53356", "From Percival Street, Finsbury to Eagle Wharf Road, Hoxton"
"LINESTRING (-0.099489 51.524868,-0.09315 51.53356", "From Sadlers Sports Centre, Finsbury to Eagle Wharf Road, Hoxton"
"LINESTRING (-0.093885 51.517008,-0.09315 51.53356", "From Wood Street, Guildhall to Eagle Wharf Road, Hoxton"
"LINESTRING (-0.108657 51.51795,-0.09315 51.53356", "From Holborn Circus, Holborn to Eagle Wharf Road, Hoxton"
"LINESTRING (-0.09885 51.515418,-0.09315 51.53356", "From Newgate Street , St. Paul's to Eagle Wharf Road, Hoxton"
"LINESTRING (-0.075885 51.536585,-0.09315 51.53356", "From Dunston Road , Haggerston to Eagle Wharf Road, Hoxton"
"LINESTRING (-0.113864 51.504027,-0.09315 51.53356", "From Waterloo Station 1, Waterloo to Eagle Wharf Road, Hoxton"
"LINESTRING (-0.078505 51.53095,-0.09315 51.53356", "From Falkirk Street, Hoxton to Eagle Wharf Road, Hoxton"
"LINESTRING (-0.103078 51.511934,-0.09315 51.53356", "From Blackfriars Station, St. Paul's to Eagle Wharf Road, Hoxton"
"LINESTRING (-0.062546 51.535678,-0.09315 51.53356", "From Regent's Row , Haggerston to Eagle Wharf Road, Hoxton"
"LINESTRING (-0.090847 51.525893,-0.09315 51.53356", "From Bath Street, St. Luke's to Eagle Wharf Road, Hoxton"
"LINESTRING (-0.087262 51.506304,-0.09315 51.53356", "From Duke Street Hill, London Bridge to Eagle Wharf Road, Hoxton"
"LINESTRING (-0.111778 51.515937,-0.09315 51.53356", "From Breams Buildings, Holborn to Eagle Wharf Road, Hoxton"
"LINESTRING (-0.087587 51.514441,-0.09315 51.53356", "From Bank of England Museum, Bank to Eagle Wharf Road, Hoxton"
"LINESTRING (-0.125979 51.526357,-0.09315 51.53356", "From Cartwright Gardens , Bloomsbury to Eagle Wharf Road, Hoxton"
"LINESTRING (-0.104947 51.516785,-0.09315 51.53356", "From Farringdon Street, Holborn to Eagle Wharf Road, Hoxton"
"LINESTRING (-0.089659 51.52548,-0.09315 51.53356", "From Old Street Station, St. Luke's to Eagle Wharf Road, Hoxton"
"LINESTRING (-0.088285 51.519069,-0.09315 51.53356", "From Moorfields, Moorgate to Eagle Wharf Road, Hoxton"
"LINESTRING (-0.079684 51.516468,-0.022793 51.497304", "From Devonshire Square, Liverpool Street to Alpha Grove, Millwall"
"LINESTRING (-0.022793 51.497304,-0.022793 51.497304", "From Alpha Grove, Millwall to Alpha Grove, Millwall"
"LINESTRING (-0.053558 51.511066,-0.022793 51.497304", "From Sutton Street, Shadwell to Alpha Grove, Millwall"
"LINESTRING (-0.00699 51.508981,-0.022793 51.497304", "From Naval Row, Blackwall to Alpha Grove, Millwall"
"LINESTRING (-0.014582 51.490645,-0.022793 51.497304", "From Mudchute DLR, Cubitt Town to Alpha Grove, Millwall"
"LINESTRING (-0.053177 51.515975,-0.022793 51.497304", "From Jubilee Street, Stepney to Alpha Grove, Millwall"
"LINESTRING (-0.014582 51.490645,-0.022793 51.497304", "From Mudchute DLR, Cubitt Town to Alpha Grove, Millwall"
"LINESTRING (-0.033828 51.514115,-0.022793 51.497304", "From Salmon Lane, Limehouse to Alpha Grove, Millwall"
"LINESTRING (-0.036017 51.525941,-0.022793 51.497304", "From Clinton Road, Mile End to Alpha Grove, Millwall"
"LINESTRING (-0.014582 51.490645,-0.022793 51.497304", "From Mudchute DLR, Cubitt Town to Alpha Grove, Millwall"
"LINESTRING (-0.055656 51.514222,-0.022793 51.497304", "From Watney Market, Stepney to Alpha Grove, Millwall"
"LINESTRING (-0.07813 51.526377,-0.047548 51.528869", "From Shoreditch High Street, Shoreditch to Globe Town Market, Bethnal Green"
"LINESTRING (-0.039264 51.521564,-0.047548 51.528869", "From Harford Street, Mile End to Globe Town Market, Bethnal Green"
"LINESTRING (-0.054883 51.522561,-0.047548 51.528869", "From Cephas Street, Bethnal Green to Globe Town Market, Bethnal Green"
"LINESTRING (-0.051394 51.520893,-0.047548 51.528869", "From Cleveland Way, Stepney to Globe Town Market, Bethnal Green"
"LINESTRING (-0.047548 51.528869,-0.047548 51.528869", "From Globe Town Market, Bethnal Green to Globe Town Market, Bethnal Green"
"LINESTRING (-0.119047 51.509631,-0.047548 51.528869", "From Embankment (Savoy), Strand to Globe Town Market, Bethnal Green"
"LINESTRING (-0.082422 51.516154,-0.047548 51.528869", "From Wormwood Street, Liverpool Street to Globe Town Market, Bethnal Green"
"LINESTRING (-0.03338 51.535179,-0.047548 51.528869", "From Gunmakers Lane, Old Ford to Globe Town Market, Bethnal Green"
"LINESTRING (-0.09734 51.520841,-0.047548 51.528869", "From Aldersgate Street, Barbican to Globe Town Market, Bethnal Green"
"LINESTRING (-0.058005 51.527152,-0.047548 51.528869", "From Pott Street, Bethnal Green to Globe Town Market, Bethnal Green"
"LINESTRING (-0.058641 51.515256,-0.047548 51.528869", "From Philpot Street, Whitechapel to Globe Town Market, Bethnal Green"
"LINESTRING (-0.028155 51.533283,-0.047548 51.528869", "From Hewison Street, Old Ford to Globe Town Market, Bethnal Green"
"LINESTRING (-0.093051 51.511246,-0.047548 51.528869", "From Queen Street 2, Bank to Globe Town Market, Bethnal Green"
"LINESTRING (-0.048017 51.531127,-0.047548 51.528869", "From Old Ford Road, Bethnal Green to Globe Town Market, Bethnal Green"
"LINESTRING (-0.086685 51.517075,-0.047548 51.528869", "From Finsbury Circus, Liverpool Street to Globe Town Market, Bethnal Green"
"LINESTRING (-0.058826 51.54119,-0.047548 51.528869", "From London Fields, Hackney Central to Globe Town Market, Bethnal Green"
"LINESTRING (-0.051394 51.520893,-0.047548 51.528869", "From Cleveland Way, Stepney to Globe Town Market, Bethnal Green"
"LINESTRING (-0.078869 51.521113,-0.047548 51.528869", "From Norton Folgate, Liverpool Street to Globe Town Market, Bethnal Green"
"LINESTRING (-0.039264 51.521564,-0.047548 51.528869", "From Harford Street, Mile End to Globe Town Market, Bethnal Green"
"LINESTRING (-0.028155 51.533283,-0.047548 51.528869", "From Hewison Street, Old Ford to Globe Town Market, Bethnal Green"
"LINESTRING (-0.074754 51.523648,-0.047548 51.528869", "From Bethnal Green Road, Shoreditch to Globe Town Market, Bethnal Green"
"LINESTRING (-0.078869 51.521113,-0.047548 51.528869", "From Norton Folgate, Liverpool Street to Globe Town Market, Bethnal Green"
"LINESTRING (-0.062546 51.535678,-0.047548 51.528869", "From Regent's Row , Haggerston to Globe Town Market, Bethnal Green"
"LINESTRING (-0.055312 51.52568,-0.047548 51.528869", "From Bethnal Green Garden, Bethnal Green to Globe Town Market, Bethnal Green"
"LINESTRING (-0.085634 51.520962,-0.047548 51.528869", "From Finsbury Square , Moorgate to Globe Town Market, Bethnal Green"
"LINESTRING (-0.06142 51.532091,-0.047548 51.528869", "From Pritchard's Road, Bethnal Green to Globe Town Market, Bethnal Green"
"LINESTRING (-0.051394 51.520893,-0.047548 51.528869", "From Cleveland Way, Stepney to Globe Town Market, Bethnal Green"
"LINESTRING (-0.042744 51.530326,-0.047548 51.528869", "From Twig Folly Bridge, Mile End to Globe Town Market, Bethnal Green"
"LINESTRING (-0.054883 51.522561,-0.047548 51.528869", "From Cephas Street, Bethnal Green to Globe Town Market, Bethnal Green"
"LINESTRING (-0.094475 51.521747,-0.047548 51.528869", "From Golden Lane, Barbican to Globe Town Market, Bethnal Green"
"LINESTRING (-0.077121 51.511594,-0.047548 51.528869", "From Crosswall, Tower to Globe Town Market, Bethnal Green"
"LINESTRING (-0.066078 51.514924,-0.047548 51.528869", "From LMU Commercial Road, Whitechapel to Globe Town Market, Bethnal Green"
"LINESTRING (-0.059091 51.528692,-0.057133 51.527607", "From Clarkson Street, Bethnal Green to Hollybush Gardens, Bethnal Green"
"LINESTRING (-0.089782 51.53089,-0.057133 51.527607", "From Murray Grove , Hoxton to Hollybush Gardens, Bethnal Green"
"LINESTRING (-0.125078 51.534667,-0.057133 51.527607", "From Good's Way, King's Cross to Hollybush Gardens, Bethnal Green"
"LINESTRING (-0.079249 51.518908,-0.057133 51.527607", "From Brushfield Street, Liverpool Street to Hollybush Gardens, Bethnal Green"
"LINESTRING (-0.06555 51.528681,-0.057133 51.527607", "From Durant Street, Bethnal Green to Hollybush Gardens, Bethnal Green"
"LINESTRING (-0.094934 51.522954,-0.057133 51.527607", "From Roscoe Street, St. Luke's to Hollybush Gardens, Bethnal Green"
"LINESTRING (-0.038986 51.512871,-0.057133 51.527607", "From Flamborough Street, Limehouse to Hollybush Gardens, Bethnal Green"
"LINESTRING (-0.074431 51.519362,-0.057133 51.527607", "From Fournier Street, Whitechapel to Hollybush Gardens, Bethnal Green"
"LINESTRING (-0.057133 51.527607,-0.057133 51.527607", "From Hollybush Gardens, Bethnal Green to Hollybush Gardens, Bethnal Green"
"LINESTRING (-0.038775 51.516,-0.057133 51.527607", "From Aston Street, Stepney to Hollybush Gardens, Bethnal Green"
"LINESTRING (-0.028941 51.542118,-0.057133 51.527607", "From Cadogan Close, Victoria Park to Hollybush Gardens, Bethnal Green"
"LINESTRING (-0.094475 51.521747,-0.057133 51.527607", "From Golden Lane, Barbican to Hollybush Gardens, Bethnal Green"
"LINESTRING (-0.11548 51.528915,-0.057133 51.527607", "From Great Percy Street, Clerkenwell to Hollybush Gardens, Bethnal Green"
"LINESTRING (-0.075885 51.536585,-0.057133 51.527607", "From Dunston Road , Haggerston to Hollybush Gardens, Bethnal Green"
"LINESTRING (-0.020542 51.544909,-0.057133 51.527607", "From Copper Box Arena, Queen Elizabeth Olympic Park to Hollybush Gardens, Bethnal Green"
"LINESTRING (-0.104193 51.49605,-0.093051 51.511246", "From Gaywood  Street, Elephant & Castle to Queen Street 2, Bank"
"LINESTRING (-0.025996 51.509303,-0.093051 51.511246", "From Westferry DLR, Limehouse to Queen Street 2, Bank"
"LINESTRING (-0.113864 51.504027,-0.093051 51.511246", "From Waterloo Station 1, Waterloo to Queen Street 2, Bank"
"LINESTRING (-0.112824 51.503791,-0.093051 51.511246", "From Waterloo Station 3, Waterloo to Queen Street 2, Bank"
"LINESTRING (-0.081608 51.497855,-0.093051 51.511246", "From Bermondsey Street, Bermondsey to Queen Street 2, Bank"
"LINESTRING (-0.043371 51.518369,-0.093051 51.511246", "From Rectory Square, Stepney to Queen Street 2, Bank"
"LINESTRING (-0.057159 51.511088,-0.093051 51.511246", "From Shadwell Station, Shadwell to Queen Street 2, Bank"
"LINESTRING (-0.141728 51.539099,-0.093051 51.511246", "From Greenland Road, Camden Town to Queen Street 2, Bank"
"LINESTRING (-0.21186 51.483217,-0.093051 51.511246", "From Humbolt Road, Fulham to Queen Street 2, Bank"
"LINESTRING (-0.179854 51.501715,-0.093051 51.511246", "From Queen's Gate, Kensington Gardens to Queen Street 2, Bank"
"LINESTRING (-0.09294 51.511553,-0.093051 51.511246", "From Queen Street 1, Bank to Queen Street 2, Bank"
"LINESTRING (-0.100168 51.530344,-0.093051 51.511246", "From City Road, Angel to Queen Street 2, Bank"
"LINESTRING (-0.158264 51.514577,-0.093051 51.511246", "From Old Quebec Street, Marylebone to Queen Street 2, Bank"
"LINESTRING (-0.112824 51.503791,-0.093051 51.511246", "From Waterloo Station 3, Waterloo to Queen Street 2, Bank"
"LINESTRING (-0.091773 51.504627,-0.093051 51.511246", "From Hop Exchange, The Borough to Queen Street 2, Bank"
"LINESTRING (-0.09294 51.511553,-0.093051 51.511246", "From Queen Street 1, Bank to Queen Street 2, Bank"
"LINESTRING (-0.055167 51.508447,-0.093051 51.511246", "From Garnet Street, Shadwell to Queen Street 2, Bank"
"LINESTRING (-0.017676 51.503083,-0.093051 51.511246", "From Upper Bank Street, Canary Wharf to Queen Street 2, Bank"
"LINESTRING (-0.138853 51.541603,-0.093051 51.511246", "From Bonny Street, Camden Town to Queen Street 2, Bank"
"LINESTRING (-0.09308 51.515735,-0.093051 51.511246", "From The Guildhall, Guildhall to Queen Street 2, Bank"
"LINESTRING (-0.052099 51.51417,-0.093051 51.511246", "From St. Mary & St. Michael Church, Stepney to Queen Street 2, Bank"
"LINESTRING (-0.093051 51.511246,-0.093051 51.511246", "From Queen Street 2, Bank to Queen Street 2, Bank"
"LINESTRING (-0.141334 51.492345,-0.093051 51.511246", "From Guildhouse Street, Victoria to Queen Street 2, Bank"
"LINESTRING (-0.10548 51.532199,-0.093051 51.511246", "From Torrens Street, Angel to Queen Street 2, Bank"
"LINESTRING (-0.090075 51.517842,-0.093051 51.511246", "From Fore Street, Guildhall to Queen Street 2, Bank"
"LINESTRING (-0.057159 51.511088,-0.093051 51.511246", "From Shadwell Station, Shadwell to Queen Street 2, Bank"
"LINESTRING (-0.007542 51.493381,-0.093051 51.511246", "From Jubilee Crescent, Cubitt Town to Queen Street 2, Bank"
"LINESTRING (-0.083159 51.500889,-0.093051 51.511246", "From Tyers Gate, Bermondsey to Queen Street 2, Bank"
"LINESTRING (-0.074189 51.502279,-0.093051 51.511246", "From Curlew Street, Shad Thames to Queen Street 2, Bank"
"LINESTRING (-0.102208 51.526153,-0.093051 51.511246", "From Percival Street, Finsbury to Queen Street 2, Bank"
"LINESTRING (-0.09734 51.520841,-0.093051 51.511246", "From Aldersgate Street, Barbican to Queen Street 2, Bank"
"LINESTRING (-0.113001 51.50486,-0.093051 51.511246", "From Waterloo Road, South Bank to Queen Street 2, Bank"
"LINESTRING (-0.138733 51.496753,-0.093051 51.511246", "From Howick Place, Westminster to Queen Street 2, Bank"
"LINESTRING (-0.075459 51.509506,-0.093051 51.511246", "From Tower Gardens , Tower to Queen Street 2, Bank"
"LINESTRING (-0.112824 51.503791,-0.093051 51.511246", "From Waterloo Station 3, Waterloo to Queen Street 2, Bank"
"LINESTRING (-0.098031 51.505224,-0.093051 51.511246", "From Lavington Street, Bankside to Queen Street 2, Bank"
"LINESTRING (-0.10044 51.498898,-0.093051 51.511246", "From Borough Road, Elephant & Castle to Queen Street 2, Bank"
"LINESTRING (-0.130908 51.464995,-0.093051 51.511246", "From Gauden Road, Clapham to Queen Street 2, Bank"
"LINESTRING (-0.179369 51.487196,-0.093051 51.511246", "From Drayton Gardens, West Chelsea to Queen Street 2, Bank"
"LINESTRING (-0.179702 51.499428,-0.093051 51.511246", "From Imperial College, Knightsbridge to Queen Street 2, Bank"
"LINESTRING (-0.014438 51.5112,-0.093051 51.511246", "From Chrisp Street Market, Poplar to Queen Street 2, Bank"
"LINESTRING (-0.057159 51.511088,-0.093051 51.511246", "From Shadwell Station, Shadwell to Queen Street 2, Bank"
"LINESTRING (-0.055167 51.508447,-0.093051 51.511246", "From Garnet Street, Shadwell to Queen Street 2, Bank"
"LINESTRING (-0.109025 51.534408,-0.093051 51.511246", "From Cloudesley Road, Angel to Queen Street 2, Bank"
"LINESTRING (-0.09022 51.491484,-0.093051 51.511246", "From Rodney Road , Walworth to Queen Street 2, Bank"
"LINESTRING (-0.075459 51.509506,-0.093051 51.511246", "From Tower Gardens , Tower to Queen Street 2, Bank"
"LINESTRING (-0.069542 51.512363,-0.093051 51.511246", "From Leman Street, Aldgate to Queen Street 2, Bank"
"LINESTRING (-0.057544 51.504749,-0.093051 51.511246", "From Wapping Lane, Wapping to Queen Street 2, Bank"
"LINESTRING (-0.112824 51.503791,-0.093051 51.511246", "From Waterloo Station 3, Waterloo to Queen Street 2, Bank"
"LINESTRING (-0.056667 51.511542,-0.093051 51.511246", "From Watney Street, Shadwell to Queen Street 2, Bank"
"LINESTRING (-0.17581 51.517335,-0.093051 51.511246", "From South Wharf Road, Paddington to Queen Street 2, Bank"
"LINESTRING (-0.058681 51.506946,-0.093051 51.511246", "From Reardon Street, Wapping to Queen Street 2, Bank"
"LINESTRING (-0.122299 51.530199,-0.093051 51.511246", "From Birkenhead Street, King's Cross to Queen Street 2, Bank"
"LINESTRING (-0.104724 51.52836,-0.093051 51.511246", "From St. John Street, Finsbury to Queen Street 2, Bank"
"LINESTRING (-0.068161 51.509786,-0.093051 51.511246", "From Dock Street, Wapping to Queen Street 2, Bank"
"LINESTRING (-0.123823 51.501513,-0.093051 51.511246", "From Westminster Pier, Westminster to Queen Street 2, Bank"
"LINESTRING (-0.078505 51.53095,-0.093051 51.511246", "From Falkirk Street, Hoxton to Queen Street 2, Bank"
"LINESTRING (-0.075459 51.509506,-0.093051 51.511246", "From Tower Gardens , Tower to Queen Street 2, Bank"
"LINESTRING (-0.075459 51.509506,-0.093051 51.511246", "From Tower Gardens , Tower to Queen Street 2, Bank"
"LINESTRING (-0.091773 51.504627,-0.093051 51.511246", "From Hop Exchange, The Borough to Queen Street 2, Bank"
"LINESTRING (-0.002275 51.509474,-0.093051 51.511246", "From East India DLR, Blackwall to Queen Street 2, Bank"
"LINESTRING (-0.09022 51.491484,-0.093051 51.511246", "From Rodney Road , Walworth to Queen Street 2, Bank"
"LINESTRING (-0.179854 51.501715,-0.093051 51.511246", "From Queen's Gate, Kensington Gardens to Queen Street 2, Bank"
"LINESTRING (-0.084985 51.509301,-0.093051 51.511246", "From Lower Thames Street, Monument to Queen Street 2, Bank"
"LINESTRING (-0.097122 51.529423,-0.093051 51.511246", "From Macclesfield Rd, St Lukes to Queen Street 2, Bank"
"LINESTRING (-0.106823 51.508033,-0.093051 51.511246", "From Sea Containers, South Bank to Queen Street 2, Bank"
"LINESTRING (-0.110121 51.488105,-0.093051 51.511246", "From Cleaver Street, Kennington to Queen Street 2, Bank"
"LINESTRING (-0.063471 51.497995,-0.093051 51.511246", "From Bermondsey Station, Bermondsey to Queen Street 2, Bank"
"LINESTRING (-0.099828 51.493146,-0.093051 51.511246", "From Strata, Elephant & Castle to Queen Street 2, Bank"
"LINESTRING (-0.112824 51.503791,-0.093051 51.511246", "From Waterloo Station 3, Waterloo to Queen Street 2, Bank"
"LINESTRING (-0.062546 51.535678,-0.093051 51.511246", "From Regent's Row , Haggerston to Queen Street 2, Bank"
"LINESTRING (-0.075459 51.509506,-0.093051 51.511246", "From Tower Gardens , Tower to Queen Street 2, Bank"
"LINESTRING (-0.161203 51.496886,-0.093051 51.511246", "From Pont Street, Knightsbridge to Queen Street 2, Bank"
"LINESTRING (-0.08974 51.500823,-0.093051 51.511246", "From Empire Square, The Borough to Queen Street 2, Bank"
"LINESTRING (-0.093051 51.511246,-0.093051 51.511246", "From Queen Street 2, Bank to Queen Street 2, Bank"
"LINESTRING (-0.06691 51.507131,-0.093051 51.511246", "From Nesham Street, Wapping to Queen Street 2, Bank"
"LINESTRING (-0.099994 51.522853,-0.093051 51.511246", "From Berry Street, Clerkenwell to Queen Street 2, Bank"
"LINESTRING (-0.05438 51.520019,-0.093051 51.511246", "From Ansell House, Stepney to Queen Street 2, Bank"
"LINESTRING (-0.085814 51.495061,-0.093051 51.511246", "From Bricklayers Arms, Borough to Queen Street 2, Bank"
"LINESTRING (-0.0786 51.500647,-0.093051 51.511246", "From Tanner Street, Bermondsey to Queen Street 2, Bank"
"LINESTRING (-0.139221 51.461388,-0.093051 51.511246", "From Clapham Common Station, Clapham Common to Queen Street 2, Bank"
"LINESTRING (-0.092762 51.500296,-0.093051 51.511246", "From Swan Street, The Borough to Queen Street 2, Bank"
"LINESTRING (-0.057159 51.511088,-0.093051 51.511246", "From Shadwell Station, Shadwell to Queen Street 2, Bank"
"LINESTRING (-0.075459 51.509506,-0.093051 51.511246", "From Tower Gardens , Tower to Queen Street 2, Bank"
"LINESTRING (-0.179135 51.516417,-0.093051 51.511246", "From Eastbourne Mews, Paddington to Queen Street 2, Bank"
"LINESTRING (-0.138212 51.481335,-0.093051 51.511246", "From Riverlight South, Nine Elms to Queen Street 2, Bank"
"LINESTRING (-0.123823 51.501513,-0.093051 51.511246", "From Westminster Pier, Westminster to Queen Street 2, Bank"
"LINESTRING (-0.123823 51.501513,-0.093051 51.511246", "From Westminster Pier, Westminster to Queen Street 2, Bank"
"LINESTRING (-0.149004 51.485821,-0.093051 51.511246", "From Chelsea Bridge, Pimlico to Queen Street 2, Bank"
"LINESTRING (-0.10454 51.505461,-0.093051 51.511246", "From Blackfriars Road, Southwark to Queen Street 2, Bank"
"LINESTRING (-0.124642 51.481747,-0.093051 51.511246", "From South Lambeth Road, Vauxhall to Queen Street 2, Bank"
"LINESTRING (-0.107927 51.513821,-0.093051 51.511246", "From Bouverie Street, Temple to Queen Street 2, Bank"
"LINESTRING (-0.123823 51.501513,-0.093051 51.511246", "From Westminster Pier, Westminster to Queen Street 2, Bank"
"LINESTRING (-0.139625 51.490962,-0.093051 51.511246", "From Gloucester Street, Pimlico to Queen Street 2, Bank"
"LINESTRING (-0.123823 51.501513,-0.093051 51.511246", "From Westminster Pier, Westminster to Queen Street 2, Bank"
"LINESTRING (-0.103078 51.511934,-0.102996 51.486929", "From Blackfriars Station, St. Paul's to Doddington Grove, Kennington"
"LINESTRING (-0.13558 51.513684,-0.102996 51.486929", "From Broadwick Street, Soho to Doddington Grove, Kennington"
"LINESTRING (-0.108322 51.510981,-0.102996 51.486929", "From Temple Gardens, Temple to Doddington Grove, Kennington"
"LINESTRING (-0.102996 51.486929,-0.102996 51.486929", "From Doddington Grove, Kennington to Doddington Grove, Kennington"
"LINESTRING (-0.04915 51.498439,-0.102996 51.486929", "From Canada Water Station, Rotherhithe to Doddington Grove, Kennington"
"LINESTRING (-0.096191 51.498597,-0.102996 51.486929", "From Harper Road, The Borough to Doddington Grove, Kennington"
"LINESTRING (-0.108322 51.510981,-0.102996 51.486929", "From Temple Gardens, Temple to Doddington Grove, Kennington"
"LINESTRING (-0.124749 51.509462,-0.102996 51.486929", "From William IV Street, Strand to Doddington Grove, Kennington"
"LINESTRING (-0.129698 51.500703,-0.102996 51.486929", "From Storey's Gate, Westminster to Doddington Grove, Kennington"
"LINESTRING (-0.083632 51.502153,-0.102996 51.486929", "From Snowsfields, London Bridge to Doddington Grove, Kennington"
"LINESTRING (-0.127554 51.493978,-0.102996 51.486929", "From Page Street, Westminster to Doddington Grove, Kennington"
"LINESTRING (-0.087587 51.514441,-0.102996 51.486929", "From Bank of England Museum, Bank to Doddington Grove, Kennington"
"LINESTRING (-0.101536 51.49217,-0.102996 51.486929", "From Hampton Street, Walworth to Doddington Grove, Kennington"
"LINESTRING (-0.096496 51.517821,-0.102996 51.486929", "From Museum of London, Barbican to Doddington Grove, Kennington"
"LINESTRING (-0.09644 51.507385,-0.102996 51.486929", "From New Globe Walk, Bankside to Doddington Grove, Kennington"
"LINESTRING (-0.096518 51.491327,-0.102996 51.486929", "From Walworth Square, Walworth to Doddington Grove, Kennington"
"LINESTRING (-0.138733 51.496753,-0.102996 51.486929", "From Howick Place, Westminster to Doddington Grove, Kennington"
"LINESTRING (-0.110699 51.501444,-0.102996 51.486929", "From Baylis Road, Waterloo to Doddington Grove, Kennington"
"LINESTRING (-0.149004 51.485821,-0.102996 51.486929", "From Chelsea Bridge, Pimlico to Doddington Grove, Kennington"
"LINESTRING (-0.121723 51.510701,-0.102996 51.486929", "From Southampton Street, Strand to Doddington Grove, Kennington"
"LINESTRING (-0.106237 51.507244,-0.102996 51.486929", "From Milroy Walk, South Bank to Doddington Grove, Kennington"
"LINESTRING (-0.102996 51.486929,-0.102996 51.486929", "From Doddington Grove, Kennington to Doddington Grove, Kennington"
"LINESTRING (-0.10454 51.505461,-0.102996 51.486929", "From Blackfriars Road, Southwark to Doddington Grove, Kennington"
"LINESTRING (-0.096191 51.498597,-0.102996 51.486929", "From Harper Road, The Borough to Doddington Grove, Kennington"
"LINESTRING (-0.101536 51.49217,-0.102996 51.486929", "From Hampton Street, Walworth to Doddington Grove, Kennington"
"LINESTRING (-0.093051 51.511246,-0.102996 51.486929", "From Queen Street 2, Bank to Doddington Grove, Kennington"
"LINESTRING (-0.15934 51.500241,-0.102996 51.486929", "From Harriet Street, Knightsbridge to Doddington Grove, Kennington"
"LINESTRING (-0.088285 51.519069,-0.102996 51.486929", "From Moorfields, Moorgate to Doddington Grove, Kennington"
"LINESTRING (-0.100292 51.501732,-0.102996 51.486929", "From Great Suffolk Street, The Borough to Doddington Grove, Kennington"
"LINESTRING (-0.103078 51.511934,-0.102996 51.486929", "From Blackfriars Station, St. Paul's to Doddington Grove, Kennington"
"LINESTRING (-0.116542 51.504636,-0.102996 51.486929", "From Jubilee Gardens, South Bank to Doddington Grove, Kennington"
"LINESTRING (-0.107349 51.511891,-0.102996 51.486929", "From Tallis Street, Temple to Doddington Grove, Kennington"
"LINESTRING (-0.141327 51.520253,-0.147983 51.519167", "From Great Titchfield Street, Fitzrovia to New Cavendish Street, Marylebone"
"LINESTRING (-0.087262 51.506304,-0.147983 51.519167", "From Duke Street Hill, London Bridge to New Cavendish Street, Marylebone"
"LINESTRING (-0.160854 51.535892,-0.147983 51.519167", "From Prince Albert Road, The Regent's Park to New Cavendish Street, Marylebone"
"LINESTRING (-0.054162 51.536424,-0.147983 51.519167", "From Victoria Park Road, Hackney Central to New Cavendish Street, Marylebone"
"LINESTRING (-0.099981 51.532661,-0.147983 51.519167", "From Graham Street, Angel to New Cavendish Street, Marylebone"
"LINESTRING (-0.113864 51.504027,-0.147983 51.519167", "From Waterloo Station 1, Waterloo to New Cavendish Street, Marylebone"
"LINESTRING (-0.094934 51.522954,-0.147983 51.519167", "From Roscoe Street, St. Luke's to New Cavendish Street, Marylebone"
"LINESTRING (-0.169774 51.519968,-0.147983 51.519167", "From Edgware Road Station, Marylebone to New Cavendish Street, Marylebone"
"LINESTRING (-0.164393 51.516517,-0.147983 51.519167", "From Nutford Place, Marylebone to New Cavendish Street, Marylebone"
"LINESTRING (-0.164393 51.516517,-0.147983 51.519167", "From Nutford Place, Marylebone to New Cavendish Street, Marylebone"
"LINESTRING (-0.124807 51.53724,-0.147983 51.519167", "From Handyside Street, King's Cross to New Cavendish Street, Marylebone"
"LINESTRING (-0.124121 51.523418,-0.147983 51.519167", "From Russell Square Station, Bloomsbury to New Cavendish Street, Marylebone"
"LINESTRING (-0.125979 51.526357,-0.147983 51.519167", "From Cartwright Gardens , Bloomsbury to New Cavendish Street, Marylebone"
"LINESTRING (-0.142783 51.51196,-0.147983 51.519167", "From St. George Street, Mayfair to New Cavendish Street, Marylebone"
"LINESTRING (-0.190393 51.490163,-0.147983 51.519167", "From Bramham Gardens, Earl's Court to New Cavendish Street, Marylebone"
"LINESTRING (-0.102208 51.526153,-0.147983 51.519167", "From Percival Street, Finsbury to New Cavendish Street, Marylebone"
"LINESTRING (-0.138072 51.517344,-0.147983 51.519167", "From Wells Street, Fitzrovia to New Cavendish Street, Marylebone"
"LINESTRING (-0.143613 51.523518,-0.147983 51.519167", "From Bolsover Street, Fitzrovia to New Cavendish Street, Marylebone"
"LINESTRING (-0.17977 51.51348,-0.147983 51.519167", "From Devonshire Terrace, Bayswater to New Cavendish Street, Marylebone"
"LINESTRING (-0.125979 51.526357,-0.147983 51.519167", "From Cartwright Gardens , Bloomsbury to New Cavendish Street, Marylebone"
"LINESTRING (-0.186753 51.491615,-0.147983 51.519167", "From Collingham Gardens, Earl's Court to New Cavendish Street, Marylebone"
"LINESTRING (-0.086685 51.517075,-0.147983 51.519167", "From Finsbury Circus, Liverpool Street to New Cavendish Street, Marylebone"
"LINESTRING (-0.118295 51.52728,-0.147983 51.519167", "From Ampton Street , Clerkenwell to New Cavendish Street, Marylebone"
"LINESTRING (-0.145827 51.507326,-0.147983 51.519167", "From Clarges Street, Mayfair to New Cavendish Street, Marylebone"
"LINESTRING (-0.141327 51.520253,-0.147983 51.519167", "From Great Titchfield Street, Fitzrovia to New Cavendish Street, Marylebone"
"LINESTRING (-0.171103 51.518268,-0.147983 51.519167", "From St Mary's Hospital, Paddington to New Cavendish Street, Marylebone"
"LINESTRING (-0.106408 51.530515,-0.147983 51.519167", "From Chadwell Street, Angel to New Cavendish Street, Marylebone"
"LINESTRING (-0.100791 51.518218,-0.147983 51.519167", "From West Smithfield Rotunda, Farringdon to New Cavendish Street, Marylebone"
"LINESTRING (-0.111781 51.533319,-0.147983 51.519167", "From Risinghill Street, Angel to New Cavendish Street, Marylebone"
"LINESTRING (-0.113864 51.504027,-0.147983 51.519167", "From Waterloo Station 1, Waterloo to New Cavendish Street, Marylebone"
"LINESTRING (-0.111435 51.48894,-0.147983 51.519167", "From Kennington Cross, Kennington to New Cavendish Street, Marylebone"
"LINESTRING (-0.176268 51.524826,-0.147983 51.519167", "From Aberdeen Place, St. John's Wood to New Cavendish Street, Marylebone"
"LINESTRING (-0.145393 51.542138,-0.147983 51.519167", "From Castlehaven Road, Camden Town to New Cavendish Street, Marylebone"
"LINESTRING (-0.134621 51.507424,-0.147983 51.519167", "From St. James's Square, St. James's to New Cavendish Street, Marylebone"
"LINESTRING (-0.14326 51.541007,-0.147983 51.519167", "From Hawley Crescent, Camden Town to New Cavendish Street, Marylebone"
"LINESTRING (-0.125441 51.541596,-0.147983 51.519167", "From York Way, Kings Cross to New Cavendish Street, Marylebone"
"LINESTRING (-0.145393 51.542138,-0.147983 51.519167", "From Castlehaven Road, Camden Town to New Cavendish Street, Marylebone"
"LINESTRING (-0.123616 51.529943,-0.147983 51.519167", "From Belgrove Street , King's Cross to New Cavendish Street, Marylebone"
"LINESTRING (-0.17306 51.505014,-0.147983 51.519167", "From Serpentine Car Park, Hyde Park to New Cavendish Street, Marylebone"
"LINESTRING (-0.139016 51.520994,-0.147983 51.519167", "From Howland Street, Fitzrovia to New Cavendish Street, Marylebone"
"LINESTRING (-0.115156 51.489479,-0.125972 51.49764", "From Sancroft Street, Vauxhall to Abingdon Green, Westminster"
"LINESTRING (-0.132102 51.498125,-0.125972 51.49764", "From Abbey Orchard Street, Westminster to Abingdon Green, Westminster"
"LINESTRING (-0.138089 51.484839,-0.125972 51.49764", "From Claverton Street, Pimlico to Abingdon Green, Westminster"
"LINESTRING (-0.130458 51.494816,-0.125972 51.49764", "From Horseferry Road, Westminster to Abingdon Green, Westminster"
"LINESTRING (-0.123179 51.506543,-0.125972 51.49764", "From Whitehall Place, Strand to Abingdon Green, Westminster"
"LINESTRING (-0.142207 51.485357,-0.125972 51.49764", "From Grosvenor Road, Pimlico to Abingdon Green, Westminster"
"LINESTRING (-0.108322 51.510981,-0.125972 51.49764", "From Temple Gardens, Temple to Abingdon Green, Westminster"
"LINESTRING (-0.141923 51.489856,-0.125972 51.49764", "From Warwick Square, Pimlico to Abingdon Green, Westminster"
"LINESTRING (-0.101384 51.49652,-0.125972 51.49764", "From Ontario Street, Elephant & Castle to Abingdon Green, Westminster"
"LINESTRING (-0.167894 51.493184,-0.125972 51.49764", "From Sloane Avenue, Knightsbridge to Abingdon Green, Westminster"
"LINESTRING (-0.126021 51.508103,-0.125972 51.49764", "From Craven Street, Strand to Abingdon Green, Westminster"
"LINESTRING (-0.140741 51.488057,-0.125972 51.49764", "From Alderney Street, Pimlico to Abingdon Green, Westminster"
"LINESTRING (-0.14177 51.479501,-0.125972 51.49764", "From Battersea Park Road, Nine Elms to Abingdon Green, Westminster"
"LINESTRING (-0.126021 51.508103,-0.125972 51.49764", "From Craven Street, Strand to Abingdon Green, Westminster"
"LINESTRING (-0.091773 51.504627,-0.125972 51.49764", "From Hop Exchange, The Borough to Abingdon Green, Westminster"
"LINESTRING (-0.063471 51.497995,-0.125972 51.49764", "From Bermondsey Station, Bermondsey to Abingdon Green, Westminster"
"LINESTRING (-0.17021 51.474535,-0.125972 51.49764", "From Orbel Street, Battersea to Abingdon Green, Westminster"
"LINESTRING (-0.087262 51.506304,-0.125972 51.49764", "From Duke Street Hill, London Bridge to Abingdon Green, Westminster"
"LINESTRING (-0.138733 51.496753,-0.125972 51.49764", "From Howick Place, Westminster to Abingdon Green, Westminster"
"LINESTRING (-0.102757 51.536384,-0.125972 51.49764", "From Islington Green, Angel to Abingdon Green, Westminster"
"LINESTRING (-0.133201 51.512515,-0.125972 51.49764", "From Wardour Street, Soho to Abingdon Green, Westminster"
"LINESTRING (-0.18119 51.485587,-0.125972 51.49764", "From Limerston Street, West Chelsea to Abingdon Green, Westminster"
"LINESTRING (-0.159322 51.461343,-0.125972 51.49764", "From Clapham Common North Side, Clapham Common to Abingdon Green, Westminster"
"LINESTRING (-0.079249 51.518908,-0.125972 51.49764", "From Brushfield Street, Liverpool Street to Abingdon Green, Westminster"
"LINESTRING (-0.130458 51.494816,-0.125972 51.49764", "From Horseferry Road, Westminster to Abingdon Green, Westminster"
"LINESTRING (-0.086685 51.517075,-0.125972 51.49764", "From Finsbury Circus, Liverpool Street to Abingdon Green, Westminster"
"LINESTRING (-0.19096 51.51244,-0.125972 51.49764", "From Ilchester Gardens, Bayswater to Abingdon Green, Westminster"
"LINESTRING (-0.18697 51.51616,-0.125972 51.49764", "From Bishop's Bridge Road West, Bayswater to Abingdon Green, Westminster"
"LINESTRING (-0.15823 51.46879,-0.125972 51.49764", "From Holden Street, Battersea to Abingdon Green, Westminster"
"LINESTRING (-0.127554 51.493978,-0.125972 51.49764", "From Page Street, Westminster to Abingdon Green, Westminster"
"LINESTRING (-0.124826 51.516226,-0.125972 51.49764", "From High Holborn , Covent Garden to Abingdon Green, Westminster"
"LINESTRING (-0.129361 51.488365,-0.125972 51.49764", "From Vauxhall Bridge , Pimlico to Abingdon Green, Westminster"
"LINESTRING (-0.130458 51.494816,-0.125972 51.49764", "From Horseferry Road, Westminster to Abingdon Green, Westminster"
"LINESTRING (-0.135478 51.495827,-0.125972 51.49764", "From Rochester Row, Westminster to Abingdon Green, Westminster"
"LINESTRING (-0.208486 51.506465,-0.125972 51.49764", "From Princedale Road , Holland Park to Abingdon Green, Westminster"
"LINESTRING (-0.147714 51.483507,-0.125972 51.49764", "From Battersea Power Station, Battersea Park to Abingdon Green, Westminster"
"LINESTRING (-0.063471 51.497995,-0.125972 51.49764", "From Bermondsey Station, Bermondsey to Abingdon Green, Westminster"
"LINESTRING (-0.158105 51.494645,-0.125972 51.49764", "From Cadogan Place, Knightsbridge to Abingdon Green, Westminster"
"LINESTRING (-0.122492 51.486343,-0.125972 51.49764", "From Kennington Lane Rail Bridge, Vauxhall to Abingdon Green, Westminster"
"LINESTRING (-0.111435 51.48894,-0.125972 51.49764", "From Kennington Cross, Kennington to Abingdon Green, Westminster"
"LINESTRING (-0.153463 51.525367,-0.19096 51.51244", "From The Tennis Courts, The Regent's Park to Ilchester Gardens, Bayswater"
"LINESTRING (-0.179135 51.516417,-0.19096 51.51244", "From Eastbourne Mews, Paddington to Ilchester Gardens, Bayswater"
"LINESTRING (-0.202608 51.51632,-0.19096 51.51244", "From All Saints Church, Portobello to Ilchester Gardens, Bayswater"
"LINESTRING (-0.165471 51.498884,-0.19096 51.51244", "From Montpelier Street, Knightsbridge to Ilchester Gardens, Bayswater"
"LINESTRING (-0.1844 51.502042,-0.19096 51.51244", "From Palace Gate, Kensington Gardens to Ilchester Gardens, Bayswater"
"LINESTRING (-0.228188 51.494499,-0.19096 51.51244", "From Southerton Road, Hammersmith to Ilchester Gardens, Bayswater"
"LINESTRING (-0.163609 51.51809,-0.19096 51.51244", "From Shouldham Street, Marylebone to Ilchester Gardens, Bayswater"
"LINESTRING (-0.179592 51.525575,-0.19096 51.51244", "From Clifton Road, Maida Vale to Ilchester Gardens, Bayswater"
"LINESTRING (-0.1844 51.502042,-0.19096 51.51244", "From Palace Gate, Kensington Gardens to Ilchester Gardens, Bayswater"
"LINESTRING (-0.193764 51.508605,-0.19096 51.51244", "From Palace Gardens Terrace, Notting Hill to Ilchester Gardens, Bayswater"
"LINESTRING (-0.165471 51.498884,-0.19096 51.51244", "From Montpelier Street, Knightsbridge to Ilchester Gardens, Bayswater"
"LINESTRING (-0.191462 51.501364,-0.19096 51.51244", "From Derry Street, Kensington to Ilchester Gardens, Bayswater"
"LINESTRING (-0.170983 51.486892,-0.19096 51.51244", "From Manresa Road, Chelsea to Ilchester Gardens, Bayswater"
"LINESTRING (-0.17306 51.505014,-0.19096 51.51244", "From Serpentine Car Park, Hyde Park to Ilchester Gardens, Bayswater"
"LINESTRING (-0.191496 51.503157,-0.19096 51.51244", "From Kensington Church Street, Kensington to Ilchester Gardens, Bayswater"
"LINESTRING (-0.200838 51.514311,-0.19096 51.51244", "From Turquoise Island, Notting Hill to Ilchester Gardens, Bayswater"
"LINESTRING (-0.191496 51.503157,-0.19096 51.51244", "From Kensington Church Street, Kensington to Ilchester Gardens, Bayswater"
"LINESTRING (-0.188098 51.517919,-0.19096 51.51244", "From Gloucester Terrace, Bayswater to Ilchester Gardens, Bayswater"
"LINESTRING (-0.188098 51.517919,-0.19096 51.51244", "From Gloucester Terrace, Bayswater to Ilchester Gardens, Bayswater"
"LINESTRING (-0.169249 51.515953,-0.19096 51.51244", "From Southwick Street, Paddington to Ilchester Gardens, Bayswater"
"LINESTRING (-0.200804 51.520509,-0.19096 51.51244", "From The Metropolitan, Portobello to Ilchester Gardens, Bayswater"
"LINESTRING (-0.214762 51.5129,-0.19096 51.51244", "From Grenfell Road, Avondale to Ilchester Gardens, Bayswater"
"LINESTRING (-0.170983 51.486892,-0.19096 51.51244", "From Manresa Road, Chelsea to Ilchester Gardens, Bayswater"
"LINESTRING (-0.169774 51.519968,-0.19096 51.51244", "From Edgware Road Station, Marylebone to Ilchester Gardens, Bayswater"
"LINESTRING (-0.165164 51.514746,-0.19096 51.51244", "From Porchester Place, Paddington to Ilchester Gardens, Bayswater"
"LINESTRING (-0.169249 51.515953,-0.19096 51.51244", "From Southwick Street, Paddington to Ilchester Gardens, Bayswater"
"LINESTRING (-0.200838 51.514311,-0.19096 51.51244", "From Turquoise Island, Notting Hill to Ilchester Gardens, Bayswater"
"LINESTRING (-0.200804 51.520509,-0.19096 51.51244", "From The Metropolitan, Portobello to Ilchester Gardens, Bayswater"
"LINESTRING (-0.022793 51.497304,-0.014582 51.490645", "From Alpha Grove, Millwall to Mudchute DLR, Cubitt Town"
"LINESTRING (-0.022793 51.497304,-0.014582 51.490645", "From Alpha Grove, Millwall to Mudchute DLR, Cubitt Town"
"LINESTRING (-0.022793 51.497304,-0.014582 51.490645", "From Alpha Grove, Millwall to Mudchute DLR, Cubitt Town"
"LINESTRING (-0.075578 51.52127,-0.08497 51.50964", "From Commercial Street, Shoreditch to Monument Street, Monument"
"LINESTRING (-0.082422 51.516154,-0.08497 51.50964", "From Wormwood Street, Liverpool Street to Monument Street, Monument"
"LINESTRING (-0.117619 51.509943,-0.08497 51.50964", "From Somerset House, Strand to Monument Street, Monument"
"LINESTRING (-0.112824 51.503791,-0.08497 51.50964", "From Waterloo Station 3, Waterloo to Monument Street, Monument"
"LINESTRING (-0.149569 51.50274,-0.08497 51.50964", "From Wellington Arch, Hyde Park to Monument Street, Monument"
"LINESTRING (-0.155525 51.516204,-0.08497 51.50964", "From Portman Square, Marylebone to Monument Street, Monument"
"LINESTRING (-0.070133 51.515231,-0.08497 51.50964", "From Central House, Whitechapel to Monument Street, Monument"
"LINESTRING (-0.09885 51.515418,-0.08497 51.50964", "From Newgate Street , St. Paul's to Monument Street, Monument"
"LINESTRING (-0.06555 51.528681,-0.08497 51.50964", "From Durant Street, Bethnal Green to Monument Street, Monument"
"LINESTRING (-0.068981 51.498585,-0.08497 51.50964", "From George Row, Bermondsey to Monument Street, Monument"
"LINESTRING (-0.069743 51.528222,-0.08497 51.50964", "From Wellington Row, Bethnal Green to Monument Street, Monument"
"LINESTRING (-0.075855 51.517475,-0.08497 51.50964", "From Bell Lane, Liverpool Street to Monument Street, Monument"
"LINESTRING (-0.018703 51.528169,-0.08497 51.50964", "From Bow Church Station, Bow to Monument Street, Monument"
"LINESTRING (-0.057159 51.511088,-0.08497 51.50964", "From Shadwell Station, Shadwell to Monument Street, Monument"
"LINESTRING (-0.074754 51.523648,-0.08497 51.50964", "From Bethnal Green Road, Shoreditch to Monument Street, Monument"
"LINESTRING (-0.112824 51.503791,-0.08497 51.50964", "From Waterloo Station 3, Waterloo to Monument Street, Monument"
"LINESTRING (-0.141327 51.520253,-0.08497 51.50964", "From Great Titchfield Street, Fitzrovia to Monument Street, Monument"
"LINESTRING (-0.101384 51.49652,-0.08497 51.50964", "From Ontario Street, Elephant & Castle to Monument Street, Monument"
"LINESTRING (-0.122806 51.490435,-0.08497 51.50964", "From Albert Embankment, Vauxhall to Monument Street, Monument"
"LINESTRING (-0.149569 51.50274,-0.08497 51.50964", "From Wellington Arch, Hyde Park to Monument Street, Monument"
"LINESTRING (-0.163609 51.51809,-0.08497 51.50964", "From Shouldham Street, Marylebone to Monument Street, Monument"
"LINESTRING (-0.043371 51.518369,-0.08497 51.50964", "From Rectory Square, Stepney to Monument Street, Monument"
"LINESTRING (-0.0985 51.51601,-0.08497 51.50964", "From King Edward Street, St Pauls to Monument Street, Monument"
"LINESTRING (-0.13225 51.528833,-0.08497 51.50964", "From Doric Way , Somers Town to Monument Street, Monument"
"LINESTRING (-0.112824 51.503791,-0.08497 51.50964", "From Waterloo Station 3, Waterloo to Monument Street, Monument"
"LINESTRING (-0.158456 51.502953,-0.08497 51.50964", "From Albert Gate, Hyde Park to Monument Street, Monument"
"LINESTRING (-0.109025 51.534408,-0.08497 51.50964", "From Cloudesley Road, Angel to Monument Street, Monument"
"LINESTRING (-0.108657 51.51795,-0.08497 51.50964", "From Holborn Circus, Holborn to Monument Street, Monument"
"LINESTRING (-0.138089 51.484839,-0.08497 51.50964", "From Claverton Street, Pimlico to Monument Street, Monument"
"LINESTRING (-0.093903 51.530991,-0.08497 51.50964", "From Wenlock Road , Hoxton to Monument Street, Monument"
"LINESTRING (-0.123702 51.506767,-0.08497 51.50964", "From Northumberland Avenue, Strand to Monument Street, Monument"
"LINESTRING (-0.123179 51.506543,-0.08497 51.50964", "From Whitehall Place, Strand to Monument Street, Monument"
"LINESTRING (-0.108322 51.510981,-0.08497 51.50964", "From Temple Gardens, Temple to Monument Street, Monument"
"LINESTRING (-0.069542 51.512363,-0.08497 51.50964", "From Leman Street, Aldgate to Monument Street, Monument"
"LINESTRING (-0.092921 51.494436,-0.08497 51.50964", "From New Kent Road, The Borough to Monument Street, Monument"
"LINESTRING (-0.115781 51.464019,-0.08497 51.50964", "From Ferndale Road, Brixton to Monument Street, Monument"
"LINESTRING (-0.103078 51.511934,-0.08497 51.50964", "From Blackfriars Station, St. Paul's to Monument Street, Monument"
"LINESTRING (-0.07962 51.503493,-0.08497 51.50964", "From Tooley Street, Bermondsey to Monument Street, Monument"
"LINESTRING (-0.094475 51.521747,-0.08497 51.50964", "From Golden Lane, Barbican to Monument Street, Monument"
"LINESTRING (-0.06415 51.51295,-0.08497 51.50964", "From Christian Street, Whitechapel to Monument Street, Monument"
"LINESTRING (-0.112824 51.503791,-0.08497 51.50964", "From Waterloo Station 3, Waterloo to Monument Street, Monument"
"LINESTRING (-0.123823 51.501513,-0.08497 51.50964", "From Westminster Pier, Westminster to Monument Street, Monument"
"LINESTRING (-0.102757 51.536384,-0.08497 51.50964", "From Islington Green, Angel to Monument Street, Monument"
"LINESTRING (-0.058826 51.54119,-0.08497 51.50964", "From London Fields, Hackney Central to Monument Street, Monument"
"LINESTRING (-0.138364 51.492111,-0.08497 51.50964", "From Tachbrook Street, Victoria to Monument Street, Monument"
"LINESTRING (-0.084605 51.521283,-0.0801 51.52959", "From Christopher Street, Liverpool Street to Hoxton Street, Hoxton"
"LINESTRING (-0.083353 51.529537,-0.0801 51.52959", "From Fanshaw Street, Hoxton to Hoxton Street, Hoxton"
"LINESTRING (-0.08249 51.53558,-0.0801 51.52959", "From Pitfield Street North,Hoxton to Hoxton Street, Hoxton"
"LINESTRING (-0.100168 51.530344,-0.0801 51.52959", "From City Road, Angel to Hoxton Street, Hoxton"
"LINESTRING (-0.114079 51.522264,-0.0801 51.52959", "From Northington Street , Holborn to Hoxton Street, Hoxton"
"LINESTRING (-0.033085 51.532513,-0.0801 51.52959", "From Ford Road, Old Ford to Hoxton Street, Hoxton"
"LINESTRING (-0.075885 51.536585,-0.0801 51.52959", "From Dunston Road , Haggerston to Hoxton Street, Hoxton"
"LINESTRING (-0.066035 51.531864,-0.0801 51.52959", "From Goldsmith's Row, Haggerston to Hoxton Street, Hoxton"
"LINESTRING (-0.075885 51.536585,-0.0801 51.52959", "From Dunston Road , Haggerston to Hoxton Street, Hoxton"
"LINESTRING (-0.204764 51.519042,-0.179369 51.487196", "From All Saints' Road, Portobello to Drayton Gardens, West Chelsea"
"LINESTRING (-0.179369 51.487196,-0.179369 51.487196", "From Drayton Gardens, West Chelsea to Drayton Gardens, West Chelsea"
"LINESTRING (-0.215804 51.494347,-0.179369 51.487196", "From Brook Green South, Brook Green to Drayton Gardens, West Chelsea"
"LINESTRING (-0.190603 51.493631,-0.179369 51.487196", "From Knaresborough Place, Earl's Court to Drayton Gardens, West Chelsea"
"LINESTRING (-0.194116 51.479932,-0.179369 51.487196", "From Fulham Broadway, Walham Green to Drayton Gardens, West Chelsea"
"LINESTRING (-0.179369 51.487196,-0.179369 51.487196", "From Drayton Gardens, West Chelsea to Drayton Gardens, West Chelsea"
"LINESTRING (-0.200742 51.502319,-0.179369 51.487196", "From Holland Park, Kensington to Drayton Gardens, West Chelsea"
"LINESTRING (-0.147624 51.49395,-0.179369 51.487196", "From Eccleston Place, Victoria to Drayton Gardens, West Chelsea"
"LINESTRING (-0.183165 51.474665,-0.179369 51.487196", "From Imperial Wharf Station, Sands End to Drayton Gardens, West Chelsea"
"LINESTRING (-0.153233 51.490959,-0.179369 51.487196", "From Bourne Street, Belgravia to Drayton Gardens, West Chelsea"
"LINESTRING (-0.163041 51.470538,-0.179369 51.487196", "From Sheepcote Lane, Battersea to Drayton Gardens, West Chelsea"
"LINESTRING (-0.159169 51.475153,-0.179369 51.487196", "From Prince of Wales Drive, Battersea Park to Drayton Gardens, West Chelsea"
"LINESTRING (-0.178433 51.492479,-0.179369 51.487196", "From Queen's Gate (South), South Kensington to Drayton Gardens, West Chelsea"
"LINESTRING (-0.18267 51.494185,-0.179369 51.487196", "From Gloucester Road Station, South Kensington to Drayton Gardens, West Chelsea"
"LINESTRING (-0.167894 51.493184,-0.179369 51.487196", "From Sloane Avenue, Knightsbridge to Drayton Gardens, West Chelsea"
"LINESTRING (-0.113864 51.504027,-0.179369 51.487196", "From Waterloo Station 1, Waterloo to Drayton Gardens, West Chelsea"
"LINESTRING (-0.153233 51.490959,-0.179369 51.487196", "From Bourne Street, Belgravia to Drayton Gardens, West Chelsea"
"LINESTRING (-0.147624 51.49395,-0.179369 51.487196", "From Eccleston Place, Victoria to Drayton Gardens, West Chelsea"
"LINESTRING (-0.179369 51.487196,-0.179369 51.487196", "From Drayton Gardens, West Chelsea to Drayton Gardens, West Chelsea"
"LINESTRING (-0.148059 51.472865,-0.179369 51.487196", "From Silverthorne Road, Battersea to Drayton Gardens, West Chelsea"
"LINESTRING (-0.178433 51.492479,-0.179369 51.487196", "From Queen's Gate (South), South Kensington to Drayton Gardens, West Chelsea"
"LINESTRING (-0.204815 51.484386,-0.179369 51.487196", "From Normand Park, West Kensington to Drayton Gardens, West Chelsea"
"LINESTRING (-0.164786 51.477292,-0.179369 51.487196", "From Ethelburga Estate, Battersea Park to Drayton Gardens, West Chelsea"
"LINESTRING (-0.168917 51.497056,-0.179369 51.487196", "From Holy Trinity Brompton, Knightsbridge to Drayton Gardens, West Chelsea"
"LINESTRING (-0.153233 51.490959,-0.179369 51.487196", "From Bourne Street, Belgravia to Drayton Gardens, West Chelsea"
"LINESTRING (-0.217995 51.487285,-0.179369 51.487196", "From Charing Cross Hospital, Hammersmith to Drayton Gardens, West Chelsea"
"LINESTRING (-0.185296 51.495362,-0.179369 51.487196", "From Emperor's Gate, South Kensington to Drayton Gardens, West Chelsea"
"LINESTRING (-0.166878 51.488023,-0.179369 51.487196", "From Flood Street, Chelsea to Drayton Gardens, West Chelsea"
"LINESTRING (-0.142345 51.510662,-0.179369 51.487196", "From Clifford Street, Mayfair to Drayton Gardens, West Chelsea"
"LINESTRING (-0.204815 51.484386,-0.179369 51.487196", "From Normand Park, West Kensington to Drayton Gardens, West Chelsea"
"LINESTRING (-0.205876 51.475698,-0.179369 51.487196", "From Chesilton Road, Fulham to Drayton Gardens, West Chelsea"
"LINESTRING (-0.179369 51.487196,-0.179369 51.487196", "From Drayton Gardens, West Chelsea to Drayton Gardens, West Chelsea"
"LINESTRING (-0.113864 51.504027,-0.179369 51.487196", "From Waterloo Station 1, Waterloo to Drayton Gardens, West Chelsea"
"LINESTRING (-0.170194 51.489716,-0.179369 51.487196", "From St. Luke's Church, Chelsea to Drayton Gardens, West Chelsea"
"LINESTRING (-0.167894 51.493184,-0.179369 51.487196", "From Sloane Avenue, Knightsbridge to Drayton Gardens, West Chelsea"
"LINESTRING (-0.179668 51.511654,-0.179369 51.487196", "From Lancaster Gate , Bayswater to Drayton Gardens, West Chelsea"
"LINESTRING (-0.205921 51.511624,-0.179369 51.487196", "From Ladbroke Grove Central, Ladbroke Grove to Drayton Gardens, West Chelsea"
"LINESTRING (-0.195197 51.454752,-0.179369 51.487196", "From Neville Gill Close, Wandsworth to Drayton Gardens, West Chelsea"
"LINESTRING (-0.185273 51.481765,-0.179369 51.487196", "From Hortensia Road, West Brompton to Drayton Gardens, West Chelsea"
"LINESTRING (-0.205279 51.487244,-0.179369 51.487196", "From Star Road, West Kensington to Drayton Gardens, West Chelsea"
"LINESTRING (-0.205279 51.487244,-0.179369 51.487196", "From Star Road, West Kensington to Drayton Gardens, West Chelsea"
"LINESTRING (-0.209973 51.481021,-0.179369 51.487196", "From Aintree Street, Fulham to Drayton Gardens, West Chelsea"
"LINESTRING (-0.18267 51.494185,-0.179369 51.487196", "From Gloucester Road Station, South Kensington to Drayton Gardens, West Chelsea"
"LINESTRING (-0.18267 51.494185,-0.179369 51.487196", "From Gloucester Road Station, South Kensington to Drayton Gardens, West Chelsea"
"LINESTRING (-0.123179 51.506543,-0.179369 51.487196", "From Whitehall Place, Strand to Drayton Gardens, West Chelsea"
"LINESTRING (-0.194116 51.479932,-0.179369 51.487196", "From Fulham Broadway, Walham Green to Drayton Gardens, West Chelsea"
"LINESTRING (-0.126409 51.524,-0.179369 51.487196", "From Coram Street, Bloomsbury to Drayton Gardens, West Chelsea"
"LINESTRING (-0.136123 51.482362,-0.179369 51.487196", "From Riverlight North, Nine Elms to Drayton Gardens, West Chelsea"
"LINESTRING (-0.194116 51.479932,-0.179369 51.487196", "From Fulham Broadway, Walham Green to Drayton Gardens, West Chelsea"
"LINESTRING (-0.185273 51.481765,-0.179369 51.487196", "From Hortensia Road, West Brompton to Drayton Gardens, West Chelsea"
"LINESTRING (-0.182435 51.478169,-0.179369 51.487196", "From Upcerne Road, West Chelsea to Drayton Gardens, West Chelsea"
"LINESTRING (-0.151359 51.522008,-0.16862 51.53256", "From Beaumont Street, Marylebone to Greenberry Street, St.John's Wood"
"LINESTRING (-0.147203 51.515308,-0.16862 51.53256", "From Chapel Place, Marylebone to Greenberry Street, St.John's Wood"
"LINESTRING (-0.161113 51.522596,-0.16862 51.53256", "From Dorset Square, Marylebone to Greenberry Street, St.John's Wood"
"LINESTRING (-0.165842 51.522029,-0.16862 51.53256", "From Bell Street , Marylebone to Greenberry Street, St.John's Wood"
"LINESTRING (-0.141327 51.520253,-0.16862 51.53256", "From Great Titchfield Street, Fitzrovia to Greenberry Street, St.John's Wood"
"LINESTRING (-0.191351 51.513489,-0.16862 51.53256", "From Princes Square, Bayswater to Greenberry Street, St.John's Wood"
"LINESTRING (-0.21819 51.511486,-0.16862 51.53256", "From Evesham Street, Avondale to Greenberry Street, St.John's Wood"
"LINESTRING (-0.176268 51.524826,-0.16862 51.53256", "From Aberdeen Place, St. John's Wood to Greenberry Street, St.John's Wood"
"LINESTRING (-0.156166 51.518913,-0.16862 51.53256", "From Baker Street, Marylebone to Greenberry Street, St.John's Wood"
"LINESTRING (-0.236769 51.494223,-0.224303 51.506093", "From Ravenscourt Park Station, Hammersmith to Westfield Library Corner, Shepherd's Bush"
"LINESTRING (-0.19617 51.490853,-0.224303 51.506093", "From Trebovir Road, Earl's Court to Westfield Library Corner, Shepherd's Bush"
"LINESTRING (-0.197574 51.499606,-0.224303 51.506093", "From Phillimore Gardens, Kensington to Westfield Library Corner, Shepherd's Bush"
"LINESTRING (-0.191462 51.501364,-0.224303 51.506093", "From Derry Street, Kensington to Westfield Library Corner, Shepherd's Bush"
"LINESTRING (-0.205535 51.507481,-0.224303 51.506093", "From Lansdowne Road, Ladbroke Grove to Westfield Library Corner, Shepherd's Bush"
"LINESTRING (-0.190393 51.490163,-0.224303 51.506093", "From Bramham Gardens, Earl's Court to Westfield Library Corner, Shepherd's Bush"
"LINESTRING (-0.197574 51.499606,-0.224303 51.506093", "From Phillimore Gardens, Kensington to Westfield Library Corner, Shepherd's Bush"
"LINESTRING (-0.218337 51.506256,-0.224303 51.506093", "From Westfield Southern Terrace ,Shepherd's Bush to Westfield Library Corner, Shepherd's Bush"
"LINESTRING (-0.201005 51.51787,-0.224303 51.506093", "From Westbourne Park Road, Portobello to Westfield Library Corner, Shepherd's Bush"
"LINESTRING (-0.197574 51.499606,-0.224303 51.506093", "From Phillimore Gardens, Kensington to Westfield Library Corner, Shepherd's Bush"
"LINESTRING (-0.174347 51.476964,-0.224303 51.506093", "From Battersea Church Road, Battersea to Westfield Library Corner, Shepherd's Bush"
"LINESTRING (-0.205284 51.496712,-0.224303 51.506093", "From Warwick Road, Olympia to Westfield Library Corner, Shepherd's Bush"
"LINESTRING (-0.178656 51.501432,-0.224303 51.506093", "From Kensington Gore, Knightsbridge to Westfield Library Corner, Shepherd's Bush"
"LINESTRING (-0.191351 51.513489,-0.224303 51.506093", "From Princes Square, Bayswater to Westfield Library Corner, Shepherd's Bush"
"LINESTRING (-0.209973 51.481021,-0.224303 51.506093", "From Aintree Street, Fulham to Westfield Library Corner, Shepherd's Bush"
"LINESTRING (-0.17306 51.505014,-0.18377 51.5171", "From Serpentine Car Park, Hyde Park to Bishop's Bridge Road East, Bayswater"
"LINESTRING (-0.187427 51.460864,-0.18377 51.5171", "From Wandsworth Town Station, Wandsworth to Bishop's Bridge Road East, Bayswater"
"LINESTRING (-0.179854 51.501715,-0.18377 51.5171", "From Queen's Gate, Kensington Gardens to Bishop's Bridge Road East, Bayswater"
"LINESTRING (-0.17306 51.505014,-0.18377 51.5171", "From Serpentine Car Park, Hyde Park to Bishop's Bridge Road East, Bayswater"
"LINESTRING (-0.187278 51.475142,-0.18377 51.5171", "From Imperial Road, Sands End to Bishop's Bridge Road East, Bayswater"
"LINESTRING (-0.138072 51.517344,-0.18377 51.5171", "From Wells Street, Fitzrovia to Bishop's Bridge Road East, Bayswater"
"LINESTRING (-0.088542 51.527025,-0.18377 51.5171", "From Baldwin Street, St. Luke's to Bishop's Bridge Road East, Bayswater"
"LINESTRING (-0.18697 51.51616,-0.18377 51.5171", "From Bishop's Bridge Road West, Bayswater to Bishop's Bridge Road East, Bayswater"
"LINESTRING (-0.18697 51.51616,-0.18377 51.5171", "From Bishop's Bridge Road West, Bayswater to Bishop's Bridge Road East, Bayswater"
"LINESTRING (-0.18377 51.5171,-0.18377 51.5171", "From Bishop's Bridge Road East, Bayswater to Bishop's Bridge Road East, Bayswater"
"LINESTRING (-0.199004 51.506584,-0.18377 51.5171", "From Campden Hill Road, Notting Hill to Bishop's Bridge Road East, Bayswater"
"LINESTRING (-0.208486 51.506465,-0.18377 51.5171", "From Princedale Road , Holland Park to Bishop's Bridge Road East, Bayswater"
"LINESTRING (-0.157275 51.510017,-0.18377 51.5171", "From Park Lane , Hyde Park to Bishop's Bridge Road East, Bayswater"
"LINESTRING (-0.18697 51.51616,-0.18377 51.5171", "From Bishop's Bridge Road West, Bayswater to Bishop's Bridge Road East, Bayswater"
"LINESTRING (-0.122492 51.486343,-0.18377 51.5171", "From Kennington Lane Rail Bridge, Vauxhall to Bishop's Bridge Road East, Bayswater"
"LINESTRING (-0.174411 51.511933,-0.18377 51.5171", "From Bayswater Road, Hyde Park to Bishop's Bridge Road East, Bayswater"
"LINESTRING (-0.18697 51.51616,-0.18377 51.5171", "From Bishop's Bridge Road West, Bayswater to Bishop's Bridge Road East, Bayswater"
"LINESTRING (-0.147301 51.514105,-0.18377 51.5171", "From Woodstock Street, Mayfair to Bishop's Bridge Road East, Bayswater"
"LINESTRING (-0.125441 51.541596,-0.11934 51.531066", "From York Way, Kings Cross to Northdown Street, King's Cross"
"LINESTRING (-0.086685 51.517075,-0.11934 51.531066", "From Finsbury Circus, Liverpool Street to Northdown Street, King's Cross"
"LINESTRING (-0.06555 51.528681,-0.11934 51.531066", "From Durant Street, Bethnal Green to Northdown Street, King's Cross"
"LINESTRING (-0.093903 51.530991,-0.11934 51.531066", "From Wenlock Road , Hoxton to Northdown Street, King's Cross"
"LINESTRING (-0.145393 51.542138,-0.11934 51.531066", "From Castlehaven Road, Camden Town to Northdown Street, King's Cross"
"LINESTRING (-0.125441 51.541596,-0.11934 51.531066", "From York Way, Kings Cross to Northdown Street, King's Cross"
"LINESTRING (-0.158963 51.524517,-0.11934 51.531066", "From Park Road (Baker Street), The Regent's Park to Northdown Street, King's Cross"
"LINESTRING (-0.109025 51.534408,-0.11934 51.531066", "From Cloudesley Road, Angel to Northdown Street, King's Cross"
"LINESTRING (-0.106992 51.534504,-0.11934 51.531066", "From Liverpool Road (N1 Centre), Angel to Northdown Street, King's Cross"
"LINESTRING (-0.124121 51.523418,-0.11934 51.531066", "From Russell Square Station, Bloomsbury to Northdown Street, King's Cross"
"LINESTRING (-0.085603 51.53095,-0.11934 51.531066", "From New North Road 1, Hoxton to Northdown Street, King's Cross"
"LINESTRING (-0.134407 51.526236,-0.11934 51.531066", "From Euston Road, Euston to Northdown Street, King's Cross"
"LINESTRING (-0.106992 51.534504,-0.11934 51.531066", "From Liverpool Road (N1 Centre), Angel to Northdown Street, King's Cross"
"LINESTRING (-0.069543 51.525645,-0.11934 51.531066", "From Granby Street, Shoreditch to Northdown Street, King's Cross"
"LINESTRING (-0.122299 51.530199,-0.11934 51.531066", "From Birkenhead Street, King's Cross to Northdown Street, King's Cross"
"LINESTRING (-0.055656 51.514222,-0.11934 51.531066", "From Watney Market, Stepney to Northdown Street, King's Cross"
"LINESTRING (-0.123616 51.529943,-0.117774 51.513875", "From Belgrove Street , King's Cross to Kingsway Southbound, Strand"
"LINESTRING (-0.138019 51.524438,-0.117774 51.513875", "From Warren Street Station, Euston to Kingsway Southbound, Strand"
"LINESTRING (-0.09022 51.491484,-0.117774 51.513875", "From Rodney Road , Walworth to Kingsway Southbound, Strand"
"LINESTRING (-0.074754 51.523648,-0.117774 51.513875", "From Bethnal Green Road, Shoreditch to Kingsway Southbound, Strand"
"LINESTRING (-0.093913 51.496791,-0.117774 51.513875", "From Dickens Square, Borough to Kingsway Southbound, Strand"
"LINESTRING (-0.100186 51.505817,-0.117774 51.513875", "From Bankside Mix, Bankside to Kingsway Southbound, Strand"
"LINESTRING (-0.122299 51.530199,-0.117774 51.513875", "From Birkenhead Street, King's Cross to Kingsway Southbound, Strand"
"LINESTRING (-0.113001 51.50486,-0.117774 51.513875", "From Waterloo Road, South Bank to Kingsway Southbound, Strand"
"LINESTRING (-0.116688 51.520596,-0.117774 51.513875", "From Theobald's Road , Holborn to Kingsway Southbound, Strand"
"LINESTRING (-0.074754 51.523648,-0.117774 51.513875", "From Bethnal Green Road, Shoreditch to Kingsway Southbound, Strand"
"LINESTRING (-0.113001 51.50486,-0.117774 51.513875", "From Waterloo Road, South Bank to Kingsway Southbound, Strand"
"LINESTRING (-0.087262 51.506304,-0.117774 51.513875", "From Duke Street Hill, London Bridge to Kingsway Southbound, Strand"
"LINESTRING (-0.149035 51.481121,-0.117774 51.513875", "From Sopwith Way, Battersea Park to Kingsway Southbound, Strand"
"LINESTRING (-0.168074 51.5343,-0.117774 51.513875", "From Charlbert Street, St. John's Wood to Kingsway Southbound, Strand"
"LINESTRING (-0.074754 51.523648,-0.117774 51.513875", "From Bethnal Green Road, Shoreditch to Kingsway Southbound, Strand"
"LINESTRING (-0.122299 51.530199,-0.117774 51.513875", "From Birkenhead Street, King's Cross to Kingsway Southbound, Strand"
"LINESTRING (-0.074754 51.523648,-0.117774 51.513875", "From Bethnal Green Road, Shoreditch to Kingsway Southbound, Strand"
"LINESTRING (-0.100292 51.501732,-0.117774 51.513875", "From Great Suffolk Street, The Borough to Kingsway Southbound, Strand"
"LINESTRING (-0.101384 51.49652,-0.117774 51.513875", "From Ontario Street, Elephant & Castle to Kingsway Southbound, Strand"
"LINESTRING (-0.134621 51.507424,-0.117774 51.513875", "From St. James's Square, St. James's to Kingsway Southbound, Strand"
"LINESTRING (-0.116191 51.535467,-0.117774 51.513875", "From Carnegie Street, King's Cross to Kingsway Southbound, Strand"
"LINESTRING (-0.113001 51.50486,-0.117774 51.513875", "From Waterloo Road, South Bank to Kingsway Southbound, Strand"
"LINESTRING (-0.113001 51.50486,-0.117774 51.513875", "From Waterloo Road, South Bank to Kingsway Southbound, Strand"
"LINESTRING (-0.117774 51.513875,-0.117774 51.513875", "From Kingsway Southbound, Strand to Kingsway Southbound, Strand"
"LINESTRING (-0.099828 51.493146,-0.117774 51.513875", "From Strata, Elephant & Castle to Kingsway Southbound, Strand"
"LINESTRING (-0.098807 51.506725,-0.117774 51.513875", "From Tate Modern, Bankside to Kingsway Southbound, Strand"
"LINESTRING (-0.130431 51.52168,-0.117774 51.513875", "From Malet Street, Bloomsbury to Kingsway Southbound, Strand"
"LINESTRING (-0.083353 51.529537,-0.117774 51.513875", "From Fanshaw Street, Hoxton to Kingsway Southbound, Strand"
"LINESTRING (-0.113001 51.50486,-0.117774 51.513875", "From Waterloo Road, South Bank to Kingsway Southbound, Strand"
"LINESTRING (-0.138231 51.525542,-0.117774 51.513875", "From Hampstead Road, Euston to Kingsway Southbound, Strand"
"LINESTRING (-0.113001 51.50486,-0.117774 51.513875", "From Waterloo Road, South Bank to Kingsway Southbound, Strand"
"LINESTRING (-0.092762 51.500296,-0.117774 51.513875", "From Swan Street, The Borough to Kingsway Southbound, Strand"
"LINESTRING (-0.209121 51.491026,-0.21985 51.493267", "From Gwendwr Road, West Kensington to Hammersmith Road, Hammersmith"
"LINESTRING (-0.198286 51.493724,-0.21985 51.493267", "From West Cromwell Road, Earl's Court to Hammersmith Road, Hammersmith"
"LINESTRING (-0.18498 51.501737,-0.21985 51.493267", "From De Vere Gardens, Kensington to Hammersmith Road, Hammersmith"
"LINESTRING (-0.18498 51.501737,-0.21985 51.493267", "From De Vere Gardens, Kensington to Hammersmith Road, Hammersmith"
"LINESTRING (-0.221791 51.49968,-0.21985 51.493267", "From Blythe Road West, Shepherd's Bush to Hammersmith Road, Hammersmith"
"LINESTRING (-0.205284 51.496712,-0.21985 51.493267", "From Warwick Road, Olympia to Hammersmith Road, Hammersmith"
"LINESTRING (-0.205284 51.496712,-0.21985 51.493267", "From Warwick Road, Olympia to Hammersmith Road, Hammersmith"
"LINESTRING (-0.214428 51.486062,-0.21985 51.493267", "From Greyhound Road, Hammersmith to Hammersmith Road, Hammersmith"
"LINESTRING (-0.19096 51.51244,-0.21985 51.493267", "From Ilchester Gardens, Bayswater to Hammersmith Road, Hammersmith"
"LINESTRING (-0.21819 51.511486,-0.21985 51.493267", "From Evesham Street, Avondale to Hammersmith Road, Hammersmith"
"LINESTRING (-0.225787 51.514767,-0.21985 51.493267", "From BBC White City, White City to Hammersmith Road, Hammersmith"
"LINESTRING (-0.15352 51.503117,-0.21985 51.493267", "From Hyde Park Corner, Hyde Park to Hammersmith Road, Hammersmith"
"LINESTRING (-0.225787 51.514767,-0.21985 51.493267", "From BBC White City, White City to Hammersmith Road, Hammersmith"
"LINESTRING (-0.191933 51.495866,-0.21985 51.493267", "From Lexham Gardens, Kensington to Hammersmith Road, Hammersmith"
"LINESTRING (-0.187402 51.51031,-0.21985 51.493267", "From Queensway, Kensington Gardens to Hammersmith Road, Hammersmith"
"LINESTRING (-0.18498 51.501737,-0.21985 51.493267", "From De Vere Gardens, Kensington to Hammersmith Road, Hammersmith"
"LINESTRING (-0.138212 51.481335,-0.21985 51.493267", "From Riverlight South, Nine Elms to Hammersmith Road, Hammersmith"
"LINESTRING (-0.205284 51.496712,-0.21985 51.493267", "From Warwick Road, Olympia to Hammersmith Road, Hammersmith"
"LINESTRING (-0.198286 51.493724,-0.21985 51.493267", "From West Cromwell Road, Earl's Court to Hammersmith Road, Hammersmith"
"LINESTRING (-0.18498 51.501737,-0.21985 51.493267", "From De Vere Gardens, Kensington to Hammersmith Road, Hammersmith"
"LINESTRING (-0.210941 51.504199,-0.21985 51.493267", "From Addison Road, Holland Park to Hammersmith Road, Hammersmith"
"LINESTRING (-0.216526 51.460717,-0.21985 51.493267", "From Putney Rail Station, Putney to Hammersmith Road, Hammersmith"
"LINESTRING (-0.19096 51.51244,-0.21985 51.493267", "From Ilchester Gardens, Bayswater to Hammersmith Road, Hammersmith"
"LINESTRING (-0.209378 51.489591,-0.21985 51.493267", "From Vereker Road, West Kensington to Hammersmith Road, Hammersmith"
"LINESTRING (-0.2135 51.496927,-0.21985 51.493267", "From Blythe Road, Olympia to Hammersmith Road, Hammersmith"
"LINESTRING (-0.18498 51.501737,-0.21985 51.493267", "From De Vere Gardens, Kensington to Hammersmith Road, Hammersmith"
"LINESTRING (-0.209973 51.481021,-0.21985 51.493267", "From Aintree Street, Fulham to Hammersmith Road, Hammersmith"
"LINESTRING (-0.209121 51.491026,-0.21985 51.493267", "From Gwendwr Road, West Kensington to Hammersmith Road, Hammersmith"
"LINESTRING (-0.2174 51.504038,-0.21985 51.493267", "From Woodstock Grove, Shepherd's Bush to Hammersmith Road, Hammersmith"
"LINESTRING (-0.174971 51.485121,-0.21985 51.493267", "From The Vale, Chelsea to Hammersmith Road, Hammersmith"
"LINESTRING (-0.205284 51.496712,-0.21985 51.493267", "From Warwick Road, Olympia to Hammersmith Road, Hammersmith"
"LINESTRING (-0.151926 51.516814,-0.21985 51.493267", "From Hinde Street, Marylebone to Hammersmith Road, Hammersmith"
"LINESTRING (-0.205284 51.496712,-0.21985 51.493267", "From Warwick Road, Olympia to Hammersmith Road, Hammersmith"
"LINESTRING (-0.18498 51.501737,-0.21985 51.493267", "From De Vere Gardens, Kensington to Hammersmith Road, Hammersmith"
"LINESTRING (-0.18498 51.501737,-0.21985 51.493267", "From De Vere Gardens, Kensington to Hammersmith Road, Hammersmith"
"LINESTRING (-0.194116 51.479932,-0.21985 51.493267", "From Fulham Broadway, Walham Green to Hammersmith Road, Hammersmith"
"LINESTRING (-0.225787 51.514767,-0.21985 51.493267", "From BBC White City, White City to Hammersmith Road, Hammersmith"
"LINESTRING (-0.191462 51.501364,-0.21985 51.493267", "From Derry Street, Kensington to Hammersmith Road, Hammersmith"
"LINESTRING (-0.195777 51.479463,-0.199783 51.472817", "From Erin Close, Walham Green to Parson's Green , Parson's Green"
"LINESTRING (-0.193502 51.467064,-0.199783 51.472817", "From South Park, Sands End to Parson's Green , Parson's Green"
"LINESTRING (-0.167919 51.484984,-0.199783 51.472817", "From Phene Street, Chelsea to Parson's Green , Parson's Green"
"LINESTRING (-0.174691 51.45787,-0.199783 51.472817", "From Spencer Park, Wandsworth Common to Parson's Green , Parson's Green"
"LINESTRING (-0.138733 51.496753,-0.199783 51.472817", "From Howick Place, Westminster to Parson's Green , Parson's Green"
"LINESTRING (-0.219346 51.482944,-0.199783 51.472817", "From Crabtree Lane, Fulham to Parson's Green , Parson's Green"
"LINESTRING (-0.121723 51.510701,-0.199783 51.472817", "From Southampton Street, Strand to Parson's Green , Parson's Green"
"LINESTRING (-0.190346 51.46822,-0.199783 51.472817", "From Stephendale Road, Sands End to Parson's Green , Parson's Green"
"LINESTRING (-0.195777 51.479463,-0.199783 51.472817", "From Erin Close, Walham Green to Parson's Green , Parson's Green"
"LINESTRING (-0.173715 51.491211,-0.199783 51.472817", "From Sumner Place, South Kensington to Parson's Green , Parson's Green"
"LINESTRING (-0.195777 51.479463,-0.199783 51.472817", "From Erin Close, Walham Green to Parson's Green , Parson's Green"
"LINESTRING (-0.195777 51.479463,-0.199783 51.472817", "From Erin Close, Walham Green to Parson's Green , Parson's Green"
"LINESTRING (-0.205279 51.487244,-0.199783 51.472817", "From Star Road, West Kensington to Parson's Green , Parson's Green"
"LINESTRING (-0.202038 51.48357,-0.199783 51.472817", "From Coomer Place, West Kensington to Parson's Green , Parson's Green"
"LINESTRING (-0.179369 51.487196,-0.199783 51.472817", "From Drayton Gardens, West Chelsea to Parson's Green , Parson's Green"
"LINESTRING (-0.208485 51.478939,-0.199783 51.472817", "From St. Peter's Terrace, Fulham to Parson's Green , Parson's Green"
"LINESTRING (-0.199135 51.468418,-0.199783 51.472817", "From Broomhouse Lane, Parsons Green to Parson's Green , Parson's Green"
"LINESTRING (-0.09294 51.511553,-0.199783 51.472817", "From Queen Street 1, Bank to Parson's Green , Parson's Green"
"LINESTRING (-0.193502 51.467064,-0.199783 51.472817", "From South Park, Sands End to Parson's Green , Parson's Green"
"LINESTRING (-0.161765 51.487964,-0.199783 51.472817", "From Ormonde Gate, Chelsea to Parson's Green , Parson's Green"
"LINESTRING (-0.219346 51.482944,-0.199783 51.472817", "From Crabtree Lane, Fulham to Parson's Green , Parson's Green"
"LINESTRING (-0.173029 51.464894,-0.199783 51.472817", "From Grant Road East, Clapham Junction to Parson's Green , Parson's Green"
"LINESTRING (-0.179369 51.487196,-0.199783 51.472817", "From Drayton Gardens, West Chelsea to Parson's Green , Parson's Green"
"LINESTRING (-0.173029 51.464894,-0.199783 51.472817", "From Grant Road East, Clapham Junction to Parson's Green , Parson's Green"
"LINESTRING (-0.138089 51.484839,-0.199783 51.472817", "From Claverton Street, Pimlico to Parson's Green , Parson's Green"
"LINESTRING (-0.193502 51.467064,-0.199783 51.472817", "From South Park, Sands End to Parson's Green , Parson's Green"
"LINESTRING (-0.199135 51.468418,-0.199783 51.472817", "From Broomhouse Lane, Parsons Green to Parson's Green , Parson's Green"
"LINESTRING (-0.180389 51.46517,-0.199783 51.472817", "From Hibbert Street, Battersea to Parson's Green , Parson's Green"
"LINESTRING (-0.193502 51.467064,-0.199783 51.472817", "From South Park, Sands End to Parson's Green , Parson's Green"
"LINESTRING (-0.187278 51.475142,-0.199783 51.472817", "From Imperial Road, Sands End to Parson's Green , Parson's Green"
"LINESTRING (-0.194116 51.479932,-0.199783 51.472817", "From Fulham Broadway, Walham Green to Parson's Green , Parson's Green"
"LINESTRING (-0.162418 51.490083,-0.20782 51.473471", "From Royal Avenue 2, Chelsea to Fulham Park Road, Fulham"
"LINESTRING (-0.174347 51.476964,-0.20782 51.473471", "From Battersea Church Road, Battersea to Fulham Park Road, Fulham"
"LINESTRING (-0.202802 51.45682,-0.20782 51.473471", "From Mexfield Road, East Putney to Fulham Park Road, Fulham"
"LINESTRING (-0.192165 51.457529,-0.20782 51.473471", "From Ram Street, Wandsworth to Fulham Park Road, Fulham"
"LINESTRING (-0.202038 51.48357,-0.20782 51.473471", "From Coomer Place, West Kensington to Fulham Park Road, Fulham"
"LINESTRING (-0.21186 51.483217,-0.20782 51.473471", "From Humbolt Road, Fulham to Fulham Park Road, Fulham"
"LINESTRING (-0.202038 51.48357,-0.20782 51.473471", "From Coomer Place, West Kensington to Fulham Park Road, Fulham"
"LINESTRING (-0.167919 51.484984,-0.20782 51.473471", "From Phene Street, Chelsea to Fulham Park Road, Fulham"
"LINESTRING (-0.201968 51.475089,-0.20782 51.473471", "From Parsons Green Station, Parsons Green to Fulham Park Road, Fulham"
"LINESTRING (-0.197609 51.483911,-0.20782 51.473471", "From Halford Road, West Kensington to Fulham Park Road, Fulham"
"LINESTRING (-0.204815 51.484386,-0.20782 51.473471", "From Normand Park, West Kensington to Fulham Park Road, Fulham"
"LINESTRING (-0.219346 51.482944,-0.20782 51.473471", "From Crabtree Lane, Fulham to Fulham Park Road, Fulham"
"LINESTRING (-0.202038 51.48357,-0.20782 51.473471", "From Coomer Place, West Kensington to Fulham Park Road, Fulham"
"LINESTRING (-0.195777 51.479463,-0.20782 51.473471", "From Erin Close, Walham Green to Fulham Park Road, Fulham"
"LINESTRING (-0.192369 51.491593,-0.20782 51.473471", "From Penywern Road, Earl's Court to Fulham Park Road, Fulham"
"LINESTRING (-0.214428 51.486062,-0.20782 51.473471", "From Greyhound Road, Hammersmith to Fulham Park Road, Fulham"
"LINESTRING (-0.191803 51.473611,-0.20782 51.473471", "From Sandilands Road, Walham Green to Fulham Park Road, Fulham"
"LINESTRING (-0.194116 51.479932,-0.20782 51.473471", "From Fulham Broadway, Walham Green to Fulham Park Road, Fulham"
"LINESTRING (-0.216305 51.483356,-0.20782 51.473471", "From Everington Street, Fulham to Fulham Park Road, Fulham"
"LINESTRING (-0.208888 51.5212,-0.228188 51.494499", "From Bevington Road West, North Kensington to Southerton Road, Hammersmith"
"LINESTRING (-0.204815 51.484386,-0.228188 51.494499", "From Normand Park, West Kensington to Southerton Road, Hammersmith"
"LINESTRING (-0.215618 51.464786,-0.228188 51.494499", "From Felsham Road, Putney to Southerton Road, Hammersmith"
"LINESTRING (-0.225787 51.514767,-0.228188 51.494499", "From BBC White City, White City to Southerton Road, Hammersmith"
"LINESTRING (-0.205284 51.496712,-0.228188 51.494499", "From Warwick Road, Olympia to Southerton Road, Hammersmith"
"LINESTRING (-0.205284 51.496712,-0.228188 51.494499", "From Warwick Road, Olympia to Southerton Road, Hammersmith"
"LINESTRING (-0.204815 51.484386,-0.228188 51.494499", "From Normand Park, West Kensington to Southerton Road, Hammersmith"
"LINESTRING (-0.195455 51.500401,-0.228188 51.494499", "From Argyll Road, Kensington to Southerton Road, Hammersmith"
"LINESTRING (-0.216145 51.46161,-0.228188 51.494499", "From Disraeli Road, Putney to Southerton Road, Hammersmith"
"LINESTRING (-0.209121 51.491026,-0.228188 51.494499", "From Gwendwr Road, West Kensington to Southerton Road, Hammersmith"
"LINESTRING (-0.225787 51.514767,-0.228188 51.494499", "From BBC White City, White City to Southerton Road, Hammersmith"
"LINESTRING (-0.20464 51.470131,-0.228188 51.494499", "From Hurlingham Park, Parsons Green to Southerton Road, Hammersmith"
"LINESTRING (-0.210941 51.504199,-0.228188 51.494499", "From Addison Road, Holland Park to Southerton Road, Hammersmith"
"LINESTRING (-0.216305 51.483356,-0.228188 51.494499", "From Everington Street, Fulham to Southerton Road, Hammersmith"
"LINESTRING (-0.211316 51.500088,-0.228188 51.494499", "From Russell Gardens, Olympia to Southerton Road, Hammersmith"
"LINESTRING (-0.221791 51.49968,-0.228188 51.494499", "From Blythe Road West, Shepherd's Bush to Southerton Road, Hammersmith"
"LINESTRING (-0.222293 51.501594,-0.228188 51.494499", "From Shepherd's Bush Road North, Shepherd's Bush to Southerton Road, Hammersmith"
"LINESTRING (-0.205876 51.475698,-0.228188 51.494499", "From Chesilton Road, Fulham to Southerton Road, Hammersmith"
"LINESTRING (-0.221791 51.49968,-0.228188 51.494499", "From Blythe Road West, Shepherd's Bush to Southerton Road, Hammersmith"
"LINESTRING (-0.20464 51.470131,-0.228188 51.494499", "From Hurlingham Park, Parsons Green to Southerton Road, Hammersmith"
"LINESTRING (-0.215895 51.476885,-0.228188 51.494499", "From Finlay Street, Fulham to Southerton Road, Hammersmith"
"LINESTRING (-0.215087 51.490217,-0.223616 51.485743", "From Barons Court Station, West Kensington to Manbre Road, Hammersmith"
"LINESTRING (-0.215087 51.490217,-0.223616 51.485743", "From Barons Court Station, West Kensington to Manbre Road, Hammersmith"
"LINESTRING (-0.205279 51.487244,-0.223616 51.485743", "From Star Road, West Kensington to Manbre Road, Hammersmith"
"LINESTRING (-0.224303 51.506093,-0.223616 51.485743", "From Westfield Library Corner, Shepherd's Bush to Manbre Road, Hammersmith"
"LINESTRING (-0.202038 51.48357,-0.223616 51.485743", "From Coomer Place, West Kensington to Manbre Road, Hammersmith"
"LINESTRING (-0.215087 51.490217,-0.223616 51.485743", "From Barons Court Station, West Kensington to Manbre Road, Hammersmith"
"LINESTRING (-0.210279 51.468814,-0.223616 51.485743", "From Putney Bridge Station, Fulham to Manbre Road, Hammersmith"
"LINESTRING (-0.215087 51.490217,-0.223616 51.485743", "From Barons Court Station, West Kensington to Manbre Road, Hammersmith"
"LINESTRING (-0.168292 51.462392,-0.223616 51.485743", "From St. John's Road, Clapham Junction to Manbre Road, Hammersmith"
"LINESTRING (-0.223616 51.485743,-0.223616 51.485743", "From Manbre Road, Hammersmith to Manbre Road, Hammersmith"
"LINESTRING (-0.215618 51.464786,-0.223616 51.485743", "From Felsham Road, Putney to Manbre Road, Hammersmith"
"LINESTRING (-0.223616 51.485743,-0.223616 51.485743", "From Manbre Road, Hammersmith to Manbre Road, Hammersmith"
"LINESTRING (-0.187278 51.475142,-0.223616 51.485743", "From Imperial Road, Sands End to Manbre Road, Hammersmith"
"LINESTRING (-0.202038 51.48357,-0.223616 51.485743", "From Coomer Place, West Kensington to Manbre Road, Hammersmith"
"LINESTRING (-0.139956 51.493573,-0.124642 51.481747", "From Queen Mother Sports Centre, Victoria to South Lambeth Road, Vauxhall"
"LINESTRING (-0.122831 51.472509,-0.124642 51.481747", "From Binfield Road, Stockwell to South Lambeth Road, Vauxhall"
"LINESTRING (-0.110699 51.501444,-0.124642 51.481747", "From Baylis Road, Waterloo to South Lambeth Road, Vauxhall"
"LINESTRING (-0.126874 51.47787,-0.124642 51.481747", "From Hartington Road, Stockwell to South Lambeth Road, Vauxhall"
"LINESTRING (-0.120903 51.488124,-0.124642 51.481747", "From Vauxhall Walk, Vauxhall to South Lambeth Road, Vauxhall"
"LINESTRING (-0.101536 51.49217,-0.124642 51.481747", "From Hampton Street, Walworth to South Lambeth Road, Vauxhall"
"LINESTRING (-0.116542 51.504636,-0.124642 51.481747", "From Jubilee Gardens, South Bank to South Lambeth Road, Vauxhall"
"LINESTRING (-0.118256 51.47659,-0.124642 51.481747", "From Albert Square, Stockwell to South Lambeth Road, Vauxhall"
"LINESTRING (-0.082422 51.516154,-0.124642 51.481747", "From Wormwood Street, Liverpool Street to South Lambeth Road, Vauxhall"
"LINESTRING (-0.174971 51.485121,-0.124642 51.481747", "From The Vale, Chelsea to South Lambeth Road, Vauxhall"
"LINESTRING (-0.122806 51.490435,-0.124642 51.481747", "From Albert Embankment, Vauxhall to South Lambeth Road, Vauxhall"
"LINESTRING (-0.083632 51.502153,-0.124642 51.481747", "From Snowsfields, London Bridge to South Lambeth Road, Vauxhall"
"LINESTRING (-0.123258 51.476149,-0.124642 51.481747", "From Teversham Lane, Stockwell to South Lambeth Road, Vauxhall"
"LINESTRING (-0.119047 51.509631,-0.124642 51.481747", "From Embankment (Savoy), Strand to South Lambeth Road, Vauxhall"
"LINESTRING (-0.122806 51.490435,-0.124642 51.481747", "From Albert Embankment, Vauxhall to South Lambeth Road, Vauxhall"
"LINESTRING (-0.096191 51.498597,-0.124642 51.481747", "From Harper Road, The Borough to South Lambeth Road, Vauxhall"
"LINESTRING (-0.147857 51.477966,-0.124642 51.481747", "From Gas Holders, Battersea Park to South Lambeth Road, Vauxhall"
"LINESTRING (-0.108028 51.518825,-0.124642 51.481747", "From Hatton Garden, Holborn to South Lambeth Road, Vauxhall"
"LINESTRING (-0.09885 51.515418,-0.124642 51.481747", "From Newgate Street , St. Paul's to South Lambeth Road, Vauxhall"
"LINESTRING (-0.139956 51.493573,-0.124642 51.481747", "From Queen Mother Sports Centre, Victoria to South Lambeth Road, Vauxhall"
"LINESTRING (-0.111014 51.493686,-0.124642 51.481747", "From Walnut Tree Walk, Vauxhall to South Lambeth Road, Vauxhall"
"LINESTRING (-0.130699 51.50777,-0.124642 51.481747", "From Pall Mall East, West End to South Lambeth Road, Vauxhall"
"LINESTRING (-0.106823 51.508033,-0.124642 51.481747", "From Sea Containers, South Bank to South Lambeth Road, Vauxhall"
"LINESTRING (-0.111471 51.479601,-0.124642 51.481747", "From Cranmer Road, Stockwell to South Lambeth Road, Vauxhall"
"LINESTRING (-0.124642 51.481747,-0.124642 51.481747", "From South Lambeth Road, Vauxhall to South Lambeth Road, Vauxhall"
"LINESTRING (-0.140741 51.488057,-0.124642 51.481747", "From Alderney Street, Pimlico to South Lambeth Road, Vauxhall"
"LINESTRING (-0.09294 51.511553,-0.124642 51.481747", "From Queen Street 1, Bank to South Lambeth Road, Vauxhall"
"LINESTRING (-0.117774 51.513875,-0.124642 51.481747", "From Kingsway Southbound, Strand to South Lambeth Road, Vauxhall"
"LINESTRING (-0.132224 51.49206,-0.124642 51.481747", "From Regency Street, Westminster to South Lambeth Road, Vauxhall"
"LINESTRING (-0.118272 51.516277,-0.124642 51.481747", "From Lincoln's Inn Fields, Holborn to South Lambeth Road, Vauxhall"
"LINESTRING (-0.126874 51.47787,-0.124642 51.481747", "From Hartington Road, Stockwell to South Lambeth Road, Vauxhall"
"LINESTRING (-0.093051 51.511246,-0.124642 51.481747", "From Queen Street 2, Bank to South Lambeth Road, Vauxhall"
"LINESTRING (-0.174554 51.499917,-0.124642 51.481747", "From Exhibition Road, Knightsbridge to South Lambeth Road, Vauxhall"
"LINESTRING (-0.082422 51.516154,-0.124642 51.481747", "From Wormwood Street, Liverpool Street to South Lambeth Road, Vauxhall"
"LINESTRING (-0.147857 51.477966,-0.124642 51.481747", "From Gas Holders, Battersea Park to South Lambeth Road, Vauxhall"
"LINESTRING (-0.141812 51.469259,-0.124642 51.481747", "From Wandsworth Rd, Isley Court, Wandsworth Road to South Lambeth Road, Vauxhall"
"LINESTRING (-0.115781 51.464019,-0.124642 51.481747", "From Ferndale Road, Brixton to South Lambeth Road, Vauxhall"
"LINESTRING (-0.09885 51.515418,-0.124642 51.481747", "From Newgate Street , St. Paul's to South Lambeth Road, Vauxhall"
"LINESTRING (-0.173757 51.496471,-0.124642 51.481747", "From Exhibition Road Museums 1, South Kensington to South Lambeth Road, Vauxhall"
"LINESTRING (-0.125674 51.491884,-0.124642 51.481747", "From Millbank Tower, Pimlico to South Lambeth Road, Vauxhall"
"LINESTRING (-0.124642 51.481747,-0.124642 51.481747", "From South Lambeth Road, Vauxhall to South Lambeth Road, Vauxhall"
"LINESTRING (-0.124469 51.485917,-0.124642 51.481747", "From Vauxhall Cross, Vauxhall to South Lambeth Road, Vauxhall"
"LINESTRING (-0.21985 51.493267,-0.225787 51.514767", "From Hammersmith Road, Hammersmith to BBC White City, White City"
"LINESTRING (-0.218337 51.506256,-0.225787 51.514767", "From Westfield Southern Terrace ,Shepherd's Bush to BBC White City, White City"
"LINESTRING (-0.225787 51.514767,-0.225787 51.514767", "From BBC White City, White City to BBC White City, White City"
"LINESTRING (-0.174411 51.511933,-0.225787 51.514767", "From Bayswater Road, Hyde Park to BBC White City, White City"
"LINESTRING (-0.228188 51.494499,-0.225787 51.514767", "From Southerton Road, Hammersmith to BBC White City, White City"
"LINESTRING (-0.205279 51.487244,-0.225787 51.514767", "From Star Road, West Kensington to BBC White City, White City"
"LINESTRING (-0.223868 51.496664,-0.225787 51.514767", "From Little Brook Green, Brook Green to BBC White City, White City"
"LINESTRING (-0.222456 51.488144,-0.225787 51.514767", "From Beryl Road, Hammersmith to BBC White City, White City"
"LINESTRING (-0.201968 51.475089,-0.225787 51.514767", "From Parsons Green Station, Parsons Green to BBC White City, White City"
"LINESTRING (-0.171103 51.518268,-0.225787 51.514767", "From St Mary's Hospital, Paddington to BBC White City, White City"
"LINESTRING (-0.224103 51.509158,-0.225787 51.514767", "From Westfield Ariel Way, White City to BBC White City, White City"
"LINESTRING (-0.200742 51.502319,-0.225787 51.514767", "From Holland Park, Kensington to BBC White City, White City"
"LINESTRING (-0.225787 51.514767,-0.225787 51.514767", "From BBC White City, White City to BBC White City, White City"
"LINESTRING (-0.17581 51.517335,-0.225787 51.514767", "From South Wharf Road, Paddington to BBC White City, White City"
"LINESTRING (-0.191803 51.473611,-0.225787 51.514767", "From Sandilands Road, Walham Green to BBC White City, White City"
"LINESTRING (-0.213872 51.51687,-0.225787 51.514767", "From St. Mark's Road, North Kensington to BBC White City, White City"
"LINESTRING (-0.225787 51.514767,-0.225787 51.514767", "From BBC White City, White City to BBC White City, White City"
"LINESTRING (-0.218337 51.506256,-0.225787 51.514767", "From Westfield Southern Terrace ,Shepherd's Bush to BBC White City, White City"
"LINESTRING (-0.206029 51.49087,-0.225787 51.514767", "From West Kensington Station, West Kensington to BBC White City, White City"
"LINESTRING (-0.215895 51.476885,-0.225787 51.514767", "From Finlay Street, Fulham to BBC White City, White City"
"LINESTRING (-0.218337 51.506256,-0.225787 51.514767", "From Westfield Southern Terrace ,Shepherd's Bush to BBC White City, White City"
"LINESTRING (-0.215087 51.490217,-0.225787 51.514767", "From Barons Court Station, West Kensington to BBC White City, White City"
"LINESTRING (-0.204815 51.484386,-0.225787 51.514767", "From Normand Park, West Kensington to BBC White City, White City"
"LINESTRING (-0.21985 51.493267,-0.225787 51.514767", "From Hammersmith Road, Hammersmith to BBC White City, White City"
"LINESTRING (-0.178433 51.492479,-0.225787 51.514767", "From Queen's Gate (South), South Kensington to BBC White City, White City"
"LINESTRING (-0.224303 51.506093,-0.225787 51.514767", "From Westfield Library Corner, Shepherd's Bush to BBC White City, White City"
"LINESTRING (-0.225787 51.514767,-0.225787 51.514767", "From BBC White City, White City to BBC White City, White City"
"LINESTRING (-0.187842 51.509908,-0.225787 51.514767", "From Black Lion Gate, Kensington Gardens to BBC White City, White City"
"LINESTRING (-0.173029 51.464894,-0.225787 51.514767", "From Grant Road East, Clapham Junction to BBC White City, White City"
"LINESTRING (-0.187402 51.51031,-0.225787 51.514767", "From Queensway, Kensington Gardens to BBC White City, White City"
"LINESTRING (-0.208888 51.5212,-0.225787 51.514767", "From Bevington Road West, North Kensington to BBC White City, White City"
"LINESTRING (-0.132102 51.472918,-0.133972 51.472993", "From Courland Grove, Wandsworth Road to Union Grove, Wandsworth Road"
"LINESTRING (-0.119022 51.469202,-0.133972 51.472993", "From Sidney Road, Stockwell to Union Grove, Wandsworth Road"
"LINESTRING (-0.126021 51.508103,-0.133972 51.472993", "From Craven Street, Strand to Union Grove, Wandsworth Road"
"LINESTRING (-0.146544 51.468669,-0.133972 51.472993", "From Heath Road, Battersea to Union Grove, Wandsworth Road"
"LINESTRING (-0.088285 51.519069,-0.133972 51.472993", "From Moorfields, Moorgate to Union Grove, Wandsworth Road"
"LINESTRING (-0.152248 51.467185,-0.133972 51.472993", "From Ashley Crescent, Battersea to Union Grove, Wandsworth Road"
"LINESTRING (-0.117661 51.482678,-0.133972 51.472993", "From Ashmole Estate, Oval to Union Grove, Wandsworth Road"
"LINESTRING (-0.146544 51.468669,-0.133972 51.472993", "From Heath Road, Battersea to Union Grove, Wandsworth Road"
"LINESTRING (-0.153645 51.512911,-0.133972 51.472993", "From North Audley Street, Mayfair to Union Grove, Wandsworth Road"
"LINESTRING (-0.133972 51.472993,-0.133972 51.472993", "From Union Grove, Wandsworth Road to Union Grove, Wandsworth Road"
"LINESTRING (-0.117661 51.482678,-0.133972 51.472993", "From Ashmole Estate, Oval to Union Grove, Wandsworth Road"
"LINESTRING (-0.133972 51.472993,-0.133972 51.472993", "From Union Grove, Wandsworth Road to Union Grove, Wandsworth Road"
"LINESTRING (-0.116628 51.500089,-0.133972 51.472993", "From Lambeth Palace Road, Waterloo to Union Grove, Wandsworth Road"
"LINESTRING (-0.117495 51.498241,-0.133972 51.472993", "From Archbishop's Park, Waterloo to Union Grove, Wandsworth Road"
"LINESTRING (-0.121723 51.510701,-0.133972 51.472993", "From Southampton Street, Strand to Union Grove, Wandsworth Road"
"LINESTRING (-0.117122 51.490994,-0.133972 51.472993", "From Black Prince Road, Vauxhall to Union Grove, Wandsworth Road"
"LINESTRING (-0.093051 51.511246,-0.133972 51.472993", "From Queen Street 2, Bank to Union Grove, Wandsworth Road"
"LINESTRING (-0.138212 51.481335,-0.133972 51.472993", "From Riverlight South, Nine Elms to Union Grove, Wandsworth Road"
"LINESTRING (-0.116628 51.500089,-0.133972 51.472993", "From Lambeth Palace Road, Waterloo to Union Grove, Wandsworth Road"
"LINESTRING (-0.124469 51.485917,-0.133972 51.472993", "From Vauxhall Cross, Vauxhall to Union Grove, Wandsworth Road"
"LINESTRING (-0.119047 51.509631,-0.133972 51.472993", "From Embankment (Savoy), Strand to Union Grove, Wandsworth Road"
"LINESTRING (-0.142844 51.506613,-0.133972 51.472993", "From Green Park Station, Mayfair to Union Grove, Wandsworth Road"
"LINESTRING (-0.17524 51.48902,-0.133972 51.472993", "From South Parade, Chelsea to Union Grove, Wandsworth Road"
"LINESTRING (-0.109006 51.521661,-0.133972 51.472993", "From Hatton Wall, Holborn to Union Grove, Wandsworth Road"
"LINESTRING (-0.14177 51.479501,-0.133972 51.472993", "From Battersea Park Road, Nine Elms to Union Grove, Wandsworth Road"
"LINESTRING (-0.122831 51.472509,-0.133972 51.472993", "From Binfield Road, Stockwell to Union Grove, Wandsworth Road"
"LINESTRING (-0.149004 51.485821,-0.133972 51.472993", "From Chelsea Bridge, Pimlico to Union Grove, Wandsworth Road"
"LINESTRING (-0.132102 51.472918,-0.133972 51.472993", "From Courland Grove, Wandsworth Road to Union Grove, Wandsworth Road"
"LINESTRING (-0.105593 51.488852,-0.116493 51.477839", "From Kennington Station, Kennington to Caldwell Street, Stockwell"
"LINESTRING (-0.102996 51.486929,-0.116493 51.477839", "From Doddington Grove, Kennington to Caldwell Street, Stockwell"
"LINESTRING (-0.107349 51.511891,-0.116493 51.477839", "From Tallis Street, Temple to Caldwell Street, Stockwell"
"LINESTRING (-0.116628 51.500089,-0.116493 51.477839", "From Lambeth Palace Road, Waterloo to Caldwell Street, Stockwell"
"LINESTRING (-0.180884 51.459225,-0.116493 51.477839", "From Spanish Road, Clapham Junction to Caldwell Street, Stockwell"
"LINESTRING (-0.122831 51.472509,-0.116493 51.477839", "From Binfield Road, Stockwell to Caldwell Street, Stockwell"
"LINESTRING (-0.103078 51.511934,-0.116493 51.477839", "From Blackfriars Station, St. Paul's to Caldwell Street, Stockwell"
"LINESTRING (-0.122831 51.472509,-0.116493 51.477839", "From Binfield Road, Stockwell to Caldwell Street, Stockwell"
"LINESTRING (-0.122492 51.486343,-0.116493 51.477839", "From Kennington Lane Rail Bridge, Vauxhall to Caldwell Street, Stockwell"
"LINESTRING (-0.094524 51.500694,-0.116493 51.477839", "From Borough High Street, The Borough to Caldwell Street, Stockwell"
"LINESTRING (-0.122831 51.472509,-0.116493 51.477839", "From Binfield Road, Stockwell to Caldwell Street, Stockwell"
"LINESTRING (-0.139625 51.490962,-0.116493 51.477839", "From Gloucester Street, Pimlico to Caldwell Street, Stockwell"
"LINESTRING (-0.111014 51.493686,-0.116493 51.477839", "From Walnut Tree Walk, Vauxhall to Caldwell Street, Stockwell"
"LINESTRING (-0.122492 51.486343,-0.116493 51.477839", "From Kennington Lane Rail Bridge, Vauxhall to Caldwell Street, Stockwell"
"LINESTRING (-0.110683 51.484788,-0.116493 51.477839", "From Kennington Road Post Office, Oval to Caldwell Street, Stockwell"
"LINESTRING (-0.117122 51.490994,-0.116493 51.477839", "From Black Prince Road, Vauxhall to Caldwell Street, Stockwell"
"LINESTRING (-0.12367 51.471433,-0.116493 51.477839", "From Clapham Road, Lingham Street, Stockwell to Caldwell Street, Stockwell"
"LINESTRING (-0.130908 51.464995,-0.116493 51.477839", "From Gauden Road, Clapham to Caldwell Street, Stockwell"
"LINESTRING (-0.124469 51.485917,-0.116493 51.477839", "From Vauxhall Cross, Vauxhall to Caldwell Street, Stockwell"
"LINESTRING (-0.153233 51.490959,-0.116493 51.477839", "From Bourne Street, Belgravia to Caldwell Street, Stockwell"
"LINESTRING (-0.091773 51.504627,-0.116493 51.477839", "From Hop Exchange, The Borough to Caldwell Street, Stockwell"
"LINESTRING (-0.085634 51.520962,-0.116493 51.477839", "From Finsbury Square , Moorgate to Caldwell Street, Stockwell"
"LINESTRING (-0.124642 51.481747,-0.116493 51.477839", "From South Lambeth Road, Vauxhall to Caldwell Street, Stockwell"
"LINESTRING (-0.113179 51.466232,-0.116493 51.477839", "From St John's Crescent, Brixton to Caldwell Street, Stockwell"
"LINESTRING (-0.111471 51.479601,-0.116493 51.477839", "From Cranmer Road, Stockwell to Caldwell Street, Stockwell"
"LINESTRING (-0.122492 51.486343,-0.116493 51.477839", "From Kennington Lane Rail Bridge, Vauxhall to Caldwell Street, Stockwell"
"LINESTRING (-0.09644 51.507385,-0.116493 51.477839", "From New Globe Walk, Bankside to Caldwell Street, Stockwell"
"LINESTRING (-0.137598 51.497698,-0.116493 51.477839", "From Kings Gate House, Westminster to Caldwell Street, Stockwell"
"LINESTRING (-0.138733 51.496753,-0.116493 51.477839", "From Howick Place, Westminster to Caldwell Street, Stockwell"
"LINESTRING (-0.076793 51.513406,-0.116493 51.477839", "From Jewry Street, Aldgate to Caldwell Street, Stockwell"
"LINESTRING (-0.124749 51.509462,-0.138535 51.538792", "From William IV Street, Strand to St Martins Close, Camden Town"
"LINESTRING (-0.128377 51.523673,-0.138535 51.538792", "From Bedford Way, Bloomsbury to St Martins Close, Camden Town"
"LINESTRING (-0.133952 51.536264,-0.138535 51.538792", "From Royal College Street, Camden Town to St Martins Close, Camden Town"
"LINESTRING (-0.139174 51.533019,-0.138535 51.538792", "From Harrington Square 1, Camden Town to St Martins Close, Camden Town"
"LINESTRING (-0.123509 51.52625,-0.138535 51.538792", "From Tavistock Place, Bloomsbury to St Martins Close, Camden Town"
"LINESTRING (-0.128279 51.5293,-0.138535 51.538792", "From Ossulston Street, Somers Town to St Martins Close, Camden Town"
"LINESTRING (-0.156166 51.518913,-0.138535 51.538792", "From Baker Street, Marylebone to St Martins Close, Camden Town"
"LINESTRING (-0.118272 51.516277,-0.138535 51.538792", "From Lincoln's Inn Fields, Holborn to St Martins Close, Camden Town"
"LINESTRING (-0.124749 51.509462,-0.138535 51.538792", "From William IV Street, Strand to St Martins Close, Camden Town"
"LINESTRING (-0.124807 51.53724,-0.138535 51.538792", "From Handyside Street, King's Cross to St Martins Close, Camden Town"
"LINESTRING (-0.205535 51.507481,-0.210941 51.504199", "From Lansdowne Road, Ladbroke Grove to Addison Road, Holland Park"
"LINESTRING (-0.223868 51.496664,-0.210941 51.504199", "From Little Brook Green, Brook Green to Addison Road, Holland Park"
"LINESTRING (-0.165164 51.514746,-0.210941 51.504199", "From Porchester Place, Paddington to Addison Road, Holland Park"
"LINESTRING (-0.184318 51.468819,-0.210941 51.504199", "From William Morris Way, Sands End to Addison Road, Holland Park"
"LINESTRING (-0.219486 51.512981,-0.210941 51.504199", "From Freston Road, Avondale to Addison Road, Holland Park"
"LINESTRING (-0.088285 51.519069,-0.210941 51.504199", "From Moorfields, Moorgate to Addison Road, Holland Park"
"LINESTRING (-0.18377 51.5171,-0.210941 51.504199", "From Bishop's Bridge Road East, Bayswater to Addison Road, Holland Park"
"LINESTRING (-0.164786 51.477292,-0.210941 51.504199", "From Ethelburga Estate, Battersea Park to Addison Road, Holland Park"
"LINESTRING (-0.186753 51.491615,-0.210941 51.504199", "From Collingham Gardens, Earl's Court to Addison Road, Holland Park"
"LINESTRING (-0.21985 51.493267,-0.210941 51.504199", "From Hammersmith Road, Hammersmith to Addison Road, Holland Park"
"LINESTRING (-0.190346 51.46822,-0.210279 51.468814", "From Stephendale Road, Sands End to Putney Bridge Station, Fulham"
"LINESTRING (-0.180274 51.481805,-0.210279 51.468814", "From World's End Place, West Chelsea to Putney Bridge Station, Fulham"
"LINESTRING (-0.19701 51.473763,-0.210279 51.468814", "From Irene Road, Parsons Green to Putney Bridge Station, Fulham"
"LINESTRING (-0.141923 51.489856,-0.210279 51.468814", "From Warwick Square, Pimlico to Putney Bridge Station, Fulham"
"LINESTRING (-0.236769 51.494223,-0.210279 51.468814", "From Ravenscourt Park Station, Hammersmith to Putney Bridge Station, Fulham"
"LINESTRING (-0.223868 51.496664,-0.210279 51.468814", "From Little Brook Green, Brook Green to Putney Bridge Station, Fulham"
"LINESTRING (-0.198735 51.46067,-0.210279 51.468814", "From Osiers Road, Wandsworth to Putney Bridge Station, Fulham"
"LINESTRING (-0.223868 51.496664,-0.210279 51.468814", "From Little Brook Green, Brook Green to Putney Bridge Station, Fulham"
"LINESTRING (-0.205279 51.487244,-0.210279 51.468814", "From Star Road, West Kensington to Putney Bridge Station, Fulham"
"LINESTRING (-0.205876 51.475698,-0.210279 51.468814", "From Chesilton Road, Fulham to Putney Bridge Station, Fulham"
"LINESTRING (-0.229116 51.492084,-0.210279 51.468814", "From Bridge Avenue, Hammersmith to Putney Bridge Station, Fulham"
"LINESTRING (-0.19701 51.473763,-0.210279 51.468814", "From Irene Road, Parsons Green to Putney Bridge Station, Fulham"
"LINESTRING (-0.206029 51.49087,-0.216493 51.491093", "From West Kensington Station, West Kensington to Colet Gardens, Hammersmith"
"LINESTRING (-0.205279 51.487244,-0.216493 51.491093", "From Star Road, West Kensington to Colet Gardens, Hammersmith"
"LINESTRING (-0.209973 51.481021,-0.216493 51.491093", "From Aintree Street, Fulham to Colet Gardens, Hammersmith"
"LINESTRING (-0.214428 51.486062,-0.216493 51.491093", "From Greyhound Road, Hammersmith to Colet Gardens, Hammersmith"
"LINESTRING (-0.163041 51.470538,-0.216493 51.491093", "From Sheepcote Lane, Battersea to Colet Gardens, Hammersmith"
"LINESTRING (-0.180389 51.46517,-0.157788 51.465123", "From Hibbert Street, Battersea to Sugden Road, Clapham"
"LINESTRING (-0.099828 51.493146,-0.157788 51.465123", "From Strata, Elephant & Castle to Sugden Road, Clapham"
"LINESTRING (-0.146544 51.468669,-0.157788 51.465123", "From Heath Road, Battersea to Sugden Road, Clapham"
"LINESTRING (-0.139221 51.461388,-0.157788 51.465123", "From Clapham Common Station, Clapham Common to Sugden Road, Clapham"
"LINESTRING (-0.117661 51.482678,-0.157788 51.465123", "From Ashmole Estate, Oval to Sugden Road, Clapham"
"LINESTRING (-0.139625 51.490962,-0.157788 51.465123", "From Gloucester Street, Pimlico to Sugden Road, Clapham"
"LINESTRING (-0.170194 51.489716,-0.157788 51.465123", "From St. Luke's Church, Chelsea to Sugden Road, Clapham"
"LINESTRING (-0.094524 51.500694,-0.157788 51.465123", "From Borough High Street, The Borough to Sugden Road, Clapham"
"LINESTRING (-0.133972 51.472993,-0.157788 51.465123", "From Union Grove, Wandsworth Road to Sugden Road, Clapham"
"LINESTRING (-0.167919 51.484984,-0.157788 51.465123", "From Phene Street, Chelsea to Sugden Road, Clapham"
"LINESTRING (-0.173881 51.494412,-0.157788 51.465123", "From South Kensington Station, South Kensington to Sugden Road, Clapham"
"LINESTRING (-0.126874 51.47787,-0.157788 51.465123", "From Hartington Road, Stockwell to Sugden Road, Clapham"
"LINESTRING (-0.163041 51.470538,-0.157788 51.465123", "From Sheepcote Lane, Battersea to Sugden Road, Clapham"
"LINESTRING (-0.173881 51.494412,-0.157788 51.465123", "From South Kensington Station, South Kensington to Sugden Road, Clapham"
"LINESTRING (-0.137235 51.473116,-0.157788 51.465123", "From Stewart's Road, Wandsworth Road to Sugden Road, Clapham"
"LINESTRING (-0.139221 51.461388,-0.157788 51.465123", "From Clapham Common Station, Clapham Common to Sugden Road, Clapham"
"LINESTRING (-0.147624 51.49395,-0.157788 51.465123", "From Eccleston Place, Victoria to Sugden Road, Clapham"
"LINESTRING (-0.168292 51.462392,-0.157788 51.465123", "From St. John's Road, Clapham Junction to Sugden Road, Clapham"
"LINESTRING (-0.179038 51.479573,-0.157788 51.465123", "From Lots Road, West Chelsea to Sugden Road, Clapham"
"LINESTRING (-0.075901 51.531091,-0.157788 51.465123", "From Hoxton Station, Hoxton to Sugden Road, Clapham"
"LINESTRING (-0.147478 51.492369,-0.172078 51.482567", "From Elizabeth Bridge, Victoria to Danvers Street, West Chelsea"
"LINESTRING (-0.163347 51.474392,-0.172078 51.482567", "From Albert Bridge Road, Battersea Park to Danvers Street, West Chelsea"
"LINESTRING (-0.141423 51.514499,-0.172078 51.482567", "From Little Argyll Street, West End to Danvers Street, West Chelsea"
"LINESTRING (-0.142943 51.496863,-0.172078 51.482567", "From Allington Street, Victoria to Danvers Street, West Chelsea"
"LINESTRING (-0.131213 51.513103,-0.172078 51.482567", "From Frith Street, Soho to Danvers Street, West Chelsea"
"LINESTRING (-0.215895 51.476885,-0.172078 51.482567", "From Finlay Street, Fulham to Danvers Street, West Chelsea"
"LINESTRING (-0.09294 51.51397,-0.172078 51.482567", "From Cheapside, Bank to Danvers Street, West Chelsea"
"LINESTRING (-0.200838 51.514311,-0.172078 51.482567", "From Turquoise Island, Notting Hill to Danvers Street, West Chelsea"
"LINESTRING (-0.131213 51.513103,-0.172078 51.482567", "From Frith Street, Soho to Danvers Street, West Chelsea"
"LINESTRING (-0.091773 51.504627,-0.172078 51.482567", "From Hop Exchange, The Borough to Danvers Street, West Chelsea"
"LINESTRING (-0.170703 51.470847,-0.172078 51.482567", "From Simpson Street, Clapham Junction to Danvers Street, West Chelsea"
"LINESTRING (-0.166878 51.488023,-0.172078 51.482567", "From Flood Street, Chelsea to Danvers Street, West Chelsea"
"LINESTRING (-0.178433 51.492479,-0.172078 51.482567", "From Queen's Gate (South), South Kensington to Danvers Street, West Chelsea"
"LINESTRING (-0.174411 51.511933,-0.172078 51.482567", "From Bayswater Road, Hyde Park to Danvers Street, West Chelsea"
"LINESTRING (-0.191803 51.473611,-0.172078 51.482567", "From Sandilands Road, Walham Green to Danvers Street, West Chelsea"
"LINESTRING (-0.179038 51.479573,-0.172078 51.482567", "From Lots Road, West Chelsea to Danvers Street, West Chelsea"
"LINESTRING (-0.082422 51.516154,-0.172078 51.482567", "From Wormwood Street, Liverpool Street to Danvers Street, West Chelsea"
"LINESTRING (-0.222456 51.488144,-0.172078 51.482567", "From Beryl Road, Hammersmith to Danvers Street, West Chelsea"
"LINESTRING (-0.192369 51.491593,-0.172078 51.482567", "From Penywern Road, Earl's Court to Danvers Street, West Chelsea"
"LINESTRING (-0.21985 51.493267,-0.172078 51.482567", "From Hammersmith Road, Hammersmith to Danvers Street, West Chelsea"
"LINESTRING (-0.166878 51.488023,-0.172078 51.482567", "From Flood Street, Chelsea to Danvers Street, West Chelsea"
"LINESTRING (-0.07813 51.526377,-0.172078 51.482567", "From Shoreditch High Street, Shoreditch to Danvers Street, West Chelsea"
"LINESTRING (-0.179668 51.511654,-0.172078 51.482567", "From Lancaster Gate , Bayswater to Danvers Street, West Chelsea"
"LINESTRING (-0.166878 51.488023,-0.172078 51.482567", "From Flood Street, Chelsea to Danvers Street, West Chelsea"
"LINESTRING (-0.156876 51.49313,-0.172078 51.482567", "From Sedding Street, Sloane Square to Danvers Street, West Chelsea"
"LINESTRING (-0.16716 51.47518,-0.172078 51.482567", "From Surrey Lane, Battersea to Danvers Street, West Chelsea"
"LINESTRING (-0.193764 51.508605,-0.172078 51.482567", "From Palace Gardens Terrace, Notting Hill to Danvers Street, West Chelsea"
"LINESTRING (-0.169821 51.466633,-0.172078 51.482567", "From Falcon Road, Clapham Junction to Danvers Street, West Chelsea"
"LINESTRING (-0.132053 51.518587,-0.208486 51.506465", "From Bayley Street , Bloomsbury to Princedale Road , Holland Park"
"LINESTRING (-0.191496 51.503157,-0.208486 51.506465", "From Kensington Church Street, Kensington to Princedale Road , Holland Park"
"LINESTRING (-0.18498 51.501737,-0.208486 51.506465", "From De Vere Gardens, Kensington to Princedale Road , Holland Park"
"LINESTRING (-0.187278 51.475142,-0.208486 51.506465", "From Imperial Road, Sands End to Princedale Road , Holland Park"
"LINESTRING (-0.18377 51.5171,-0.208486 51.506465", "From Bishop's Bridge Road East, Bayswater to Princedale Road , Holland Park"
"LINESTRING (-0.142844 51.506613,-0.208486 51.506465", "From Green Park Station, Mayfair to Princedale Road , Holland Park"
"LINESTRING (-0.165164 51.514746,-0.208486 51.506465", "From Porchester Place, Paddington to Princedale Road , Holland Park"
"LINESTRING (-0.209378 51.489591,-0.208486 51.506465", "From Vereker Road, West Kensington to Princedale Road , Holland Park"
"LINESTRING (-0.123823 51.501513,-0.208486 51.506465", "From Westminster Pier, Westminster to Princedale Road , Holland Park"
"LINESTRING (-0.165471 51.498884,-0.208486 51.506465", "From Montpelier Street, Knightsbridge to Princedale Road , Holland Park"
"LINESTRING (-0.205535 51.507481,-0.208486 51.506465", "From Lansdowne Road, Ladbroke Grove to Princedale Road , Holland Park"
"LINESTRING (-0.202608 51.51632,-0.208486 51.506465", "From All Saints Church, Portobello to Princedale Road , Holland Park"
"LINESTRING (-0.174347 51.476964,-0.208486 51.506465", "From Battersea Church Road, Battersea to Princedale Road , Holland Park"
"LINESTRING (-0.205876 51.475698,-0.208486 51.506465", "From Chesilton Road, Fulham to Princedale Road , Holland Park"
"LINESTRING (-0.225787 51.514767,-0.208486 51.506465", "From BBC White City, White City to Princedale Road , Holland Park"
"LINESTRING (-0.208486 51.506465,-0.208486 51.506465", "From Princedale Road , Holland Park to Princedale Road , Holland Park"
"LINESTRING (-0.152248 51.467185,-0.141812 51.469259", "From Ashley Crescent, Battersea to Wandsworth Rd, Isley Court, Wandsworth Road"
"LINESTRING (-0.14177 51.479501,-0.141812 51.469259", "From Battersea Park Road, Nine Elms to Wandsworth Rd, Isley Court, Wandsworth Road"
"LINESTRING (-0.149551 51.477619,-0.141812 51.469259", "From Queen's Circus, Battersea Park to Wandsworth Rd, Isley Court, Wandsworth Road"
"LINESTRING (-0.127575 51.495805,-0.141812 51.469259", "From Smith Square, Westminster to Wandsworth Rd, Isley Court, Wandsworth Road"
"LINESTRING (-0.139221 51.461388,-0.141812 51.469259", "From Clapham Common Station, Clapham Common to Wandsworth Rd, Isley Court, Wandsworth Road"
"LINESTRING (-0.133972 51.472993,-0.141812 51.469259", "From Union Grove, Wandsworth Road to Wandsworth Rd, Isley Court, Wandsworth Road"
"LINESTRING (-0.123702 51.506767,-0.141812 51.469259", "From Northumberland Avenue, Strand to Wandsworth Rd, Isley Court, Wandsworth Road"
"LINESTRING (-0.130908 51.464995,-0.141812 51.469259", "From Gauden Road, Clapham to Wandsworth Rd, Isley Court, Wandsworth Road"
"LINESTRING (-0.117661 51.482678,-0.141812 51.469259", "From Ashmole Estate, Oval to Wandsworth Rd, Isley Court, Wandsworth Road"
"LINESTRING (-0.148059 51.472865,-0.141812 51.469259", "From Silverthorne Road, Battersea to Wandsworth Rd, Isley Court, Wandsworth Road"
"LINESTRING (-0.115375 51.460232,-0.141812 51.469259", "From Saltoun Road, Brixton to Wandsworth Rd, Isley Court, Wandsworth Road"
"LINESTRING (-0.152248 51.467185,-0.141812 51.469259", "From Ashley Crescent, Battersea to Wandsworth Rd, Isley Court, Wandsworth Road"
"LINESTRING (-0.112753 51.51501,-0.141812 51.469259", "From Carey Street, Holborn to Wandsworth Rd, Isley Court, Wandsworth Road"
"LINESTRING (-0.117661 51.482678,-0.141812 51.469259", "From Ashmole Estate, Oval to Wandsworth Rd, Isley Court, Wandsworth Road"
"LINESTRING (-0.13544 51.497829,-0.141812 51.469259", "From Butler Place, Westminster to Wandsworth Rd, Isley Court, Wandsworth Road"
"LINESTRING (-0.21985 51.493267,-0.2174 51.504038", "From Hammersmith Road, Hammersmith to Woodstock Grove, Shepherd's Bush"
"LINESTRING (-0.187402 51.51031,-0.2174 51.504038", "From Queensway, Kensington Gardens to Woodstock Grove, Shepherd's Bush"
"LINESTRING (-0.193764 51.508605,-0.2174 51.504038", "From Palace Gardens Terrace, Notting Hill to Woodstock Grove, Shepherd's Bush"
"LINESTRING (-0.127554 51.493978,-0.2174 51.504038", "From Page Street, Westminster to Woodstock Grove, Shepherd's Bush"
"LINESTRING (-0.21985 51.493267,-0.2174 51.504038", "From Hammersmith Road, Hammersmith to Woodstock Grove, Shepherd's Bush"
"LINESTRING (-0.147624 51.49395,-0.2174 51.504038", "From Eccleston Place, Victoria to Woodstock Grove, Shepherd's Bush"
"LINESTRING (-0.131861 51.527068,-0.2174 51.504038", "From Euston Square Gardens, Euston to Woodstock Grove, Shepherd's Bush"
"LINESTRING (-0.223868 51.496664,-0.2174 51.504038", "From Little Brook Green, Brook Green to Woodstock Grove, Shepherd's Bush"
"LINESTRING (-0.236769 51.494223,-0.2174 51.504038", "From Ravenscourt Park Station, Hammersmith to Woodstock Grove, Shepherd's Bush"
"LINESTRING (-0.2135 51.496927,-0.2174 51.504038", "From Blythe Road, Olympia to Woodstock Grove, Shepherd's Bush"
"LINESTRING (-0.183834 51.497924,-0.2174 51.504038", "From Gloucester Road (North), Kensington to Woodstock Grove, Shepherd's Bush"
"LINESTRING (-0.217995 51.487285,-0.2174 51.504038", "From Charing Cross Hospital, Hammersmith to Woodstock Grove, Shepherd's Bush"
"LINESTRING (-0.209494 51.498157,-0.2174 51.504038", "From Kensington Olympia Station, Olympia to Woodstock Grove, Shepherd's Bush"
"LINESTRING (-0.184806 51.457991,-0.2174 51.504038", "From Alma Road, Wandsworth to Woodstock Grove, Shepherd's Bush"
"LINESTRING (-0.205284 51.496712,-0.2174 51.504038", "From Warwick Road, Olympia to Woodstock Grove, Shepherd's Bush"
"LINESTRING (-0.205284 51.496712,-0.2174 51.504038", "From Warwick Road, Olympia to Woodstock Grove, Shepherd's Bush"
"LINESTRING (-0.127554 51.493978,-0.2174 51.504038", "From Page Street, Westminster to Woodstock Grove, Shepherd's Bush"
"LINESTRING (-0.217515 51.500353,-0.2174 51.504038", "From Richmond Way, Shepherd's Bush to Woodstock Grove, Shepherd's Bush"
"LINESTRING (-0.217515 51.500353,-0.2174 51.504038", "From Richmond Way, Shepherd's Bush to Woodstock Grove, Shepherd's Bush"
"LINESTRING (-0.205284 51.496712,-0.2174 51.504038", "From Warwick Road, Olympia to Woodstock Grove, Shepherd's Bush"
"LINESTRING (-0.2135 51.496927,-0.2174 51.504038", "From Blythe Road, Olympia to Woodstock Grove, Shepherd's Bush"
"LINESTRING (-0.226606 51.488108,-0.2174 51.504038", "From Crisp Road, Hammersmith to Woodstock Grove, Shepherd's Bush"
"LINESTRING (-0.222293 51.501594,-0.2174 51.504038", "From Shepherd's Bush Road North, Shepherd's Bush to Woodstock Grove, Shepherd's Bush"
"LINESTRING (-0.219486 51.512981,-0.2174 51.504038", "From Freston Road, Avondale to Woodstock Grove, Shepherd's Bush"
"LINESTRING (-0.209494 51.498157,-0.2174 51.504038", "From Kensington Olympia Station, Olympia to Woodstock Grove, Shepherd's Bush"
"LINESTRING (-0.184318 51.468819,-0.2174 51.504038", "From William Morris Way, Sands End to Woodstock Grove, Shepherd's Bush"
"LINESTRING (-0.200742 51.502319,-0.2174 51.504038", "From Holland Park, Kensington to Woodstock Grove, Shepherd's Bush"
"LINESTRING (-0.139016 51.520994,-0.2174 51.504038", "From Howland Street, Fitzrovia to Woodstock Grove, Shepherd's Bush"
"LINESTRING (-0.223616 51.485743,-0.2174 51.504038", "From Manbre Road, Hammersmith to Woodstock Grove, Shepherd's Bush"
"LINESTRING (-0.211316 51.500088,-0.2174 51.504038", "From Russell Gardens, Olympia to Woodstock Grove, Shepherd's Bush"
"LINESTRING (-0.183118 51.515607,-0.2174 51.504038", "From Cleveland Gardens, Bayswater to Woodstock Grove, Shepherd's Bush"
"LINESTRING (-0.225787 51.514767,-0.2174 51.504038", "From BBC White City, White City to Woodstock Grove, Shepherd's Bush"
"LINESTRING (-0.204815 51.484386,-0.2174 51.504038", "From Normand Park, West Kensington to Woodstock Grove, Shepherd's Bush"
"LINESTRING (-0.10997 51.529163,-0.058826 51.54119", "From River Street , Clerkenwell to London Fields, Hackney Central"
"LINESTRING (-0.079201 51.537277,-0.058826 51.54119", "From Hertford Road, De Beauvoir Town to London Fields, Hackney Central"
"LINESTRING (-0.07813 51.526377,-0.058826 51.54119", "From Shoreditch High Street, Shoreditch to London Fields, Hackney Central"
"LINESTRING (-0.06555 51.528681,-0.058826 51.54119", "From Durant Street, Bethnal Green to London Fields, Hackney Central"
"LINESTRING (-0.012413 51.508896,-0.058826 51.54119", "From Newby Place, Poplar to London Fields, Hackney Central"
"LINESTRING (-0.055312 51.52568,-0.058826 51.54119", "From Bethnal Green Garden, Bethnal Green to London Fields, Hackney Central"
"LINESTRING (-0.069542 51.512363,-0.058826 51.54119", "From Leman Street, Aldgate to London Fields, Hackney Central"
"LINESTRING (-0.011662 51.518811,-0.058826 51.54119", "From Teviot Street, Poplar to London Fields, Hackney Central"
"LINESTRING (-0.109006 51.521661,-0.058826 51.54119", "From Hatton Wall, Holborn to London Fields, Hackney Central"
"LINESTRING (-0.079201 51.537277,-0.058826 51.54119", "From Hertford Road, De Beauvoir Town to London Fields, Hackney Central"
"LINESTRING (-0.078869 51.521113,-0.058826 51.54119", "From Norton Folgate, Liverpool Street to London Fields, Hackney Central"
"LINESTRING (-0.065076 51.52388,-0.058826 51.54119", "From Cheshire Street, Bethnal Green to London Fields, Hackney Central"
"LINESTRING (-0.047218 51.526041,-0.058826 51.54119", "From Bancroft Road, Bethnal Green to London Fields, Hackney Central"
"LINESTRING (-0.102757 51.536384,-0.058826 51.54119", "From Islington Green, Angel to London Fields, Hackney Central"
"LINESTRING (-0.075885 51.536585,-0.058826 51.54119", "From Dunston Road , Haggerston to London Fields, Hackney Central"
"LINESTRING (-0.079249 51.518908,-0.058826 51.54119", "From Brushfield Street, Liverpool Street to London Fields, Hackney Central"
"LINESTRING (-0.03338 51.535179,-0.058826 51.54119", "From Gunmakers Lane, Old Ford to London Fields, Hackney Central"
"LINESTRING (-0.042744 51.530326,-0.058826 51.54119", "From Twig Folly Bridge, Mile End to London Fields, Hackney Central"
"LINESTRING (-0.047548 51.528869,-0.058826 51.54119", "From Globe Town Market, Bethnal Green to London Fields, Hackney Central"
"LINESTRING (-0.078869 51.521113,-0.058826 51.54119", "From Norton Folgate, Liverpool Street to London Fields, Hackney Central"
"LINESTRING (-0.091773 51.504627,-0.058826 51.54119", "From Hop Exchange, The Borough to London Fields, Hackney Central"
"LINESTRING (-0.112721 51.536392,-0.058826 51.54119", "From Charlotte Terrace, Angel to London Fields, Hackney Central"
"LINESTRING (-0.098341 51.505409,-0.058826 51.54119", "From Southwark Street, Bankside to London Fields, Hackney Central"
"LINESTRING (-0.170329 51.477684,-0.058826 51.54119", "From Westbridge Road, Battersea to London Fields, Hackney Central"
"LINESTRING (-0.038775 51.516,-0.058826 51.54119", "From Aston Street, Stepney to London Fields, Hackney Central"
"LINESTRING (-0.062546 51.535678,-0.058826 51.54119", "From Regent's Row , Haggerston to London Fields, Hackney Central"
"LINESTRING (-0.048017 51.531127,-0.058826 51.54119", "From Old Ford Road, Bethnal Green to London Fields, Hackney Central"
"LINESTRING (-0.094934 51.522954,-0.058826 51.54119", "From Roscoe Street, St. Luke's to London Fields, Hackney Central"
"LINESTRING (-0.066035 51.531864,-0.058826 51.54119", "From Goldsmith's Row, Haggerston to London Fields, Hackney Central"
"LINESTRING (-0.075901 51.531091,-0.058826 51.54119", "From Hoxton Station, Hoxton to London Fields, Hackney Central"
"LINESTRING (-0.057133 51.527607,-0.058826 51.54119", "From Hollybush Gardens, Bethnal Green to London Fields, Hackney Central"
"LINESTRING (-0.060291 51.535716,-0.058826 51.54119", "From Ada Street, Hackney Central to London Fields, Hackney Central"
"LINESTRING (-0.083632 51.502153,-0.058826 51.54119", "From Snowsfields, London Bridge to London Fields, Hackney Central"
"LINESTRING (-0.075885 51.536585,-0.058826 51.54119", "From Dunston Road , Haggerston to London Fields, Hackney Central"
"LINESTRING (-0.099981 51.532661,-0.058826 51.54119", "From Graham Street, Angel to London Fields, Hackney Central"
"LINESTRING (-0.07813 51.526377,-0.058826 51.54119", "From Shoreditch High Street, Shoreditch to London Fields, Hackney Central"
"LINESTRING (-0.121328 51.517606,-0.058826 51.54119", "From Southampton Place, Holborn to London Fields, Hackney Central"
"LINESTRING (-0.078869 51.521113,-0.058826 51.54119", "From Norton Folgate, Liverpool Street to London Fields, Hackney Central"
"LINESTRING (-0.066035 51.531864,-0.058826 51.54119", "From Goldsmith's Row, Haggerston to London Fields, Hackney Central"
"LINESTRING (-0.037471 51.528224,-0.058826 51.54119", "From Antill Road, Mile End to London Fields, Hackney Central"
"LINESTRING (-0.104708 51.52326,-0.058826 51.54119", "From Clerkenwell Green, Clerkenwell to London Fields, Hackney Central"
"LINESTRING (-0.082422 51.516154,-0.058826 51.54119", "From Wormwood Street, Liverpool Street to London Fields, Hackney Central"
"LINESTRING (-0.051394 51.520893,-0.058826 51.54119", "From Cleveland Way, Stepney to London Fields, Hackney Central"
"LINESTRING (-0.066035 51.531864,-0.058826 51.54119", "From Goldsmith's Row, Haggerston to London Fields, Hackney Central"
"LINESTRING (-0.112753 51.51501,-0.058826 51.54119", "From Carey Street, Holborn to London Fields, Hackney Central"
"LINESTRING (-0.02163 51.540311,-0.058826 51.54119", "From Monier Road, Hackney Wick to London Fields, Hackney Central"
"LINESTRING (-0.08249 51.53558,-0.058826 51.54119", "From Pitfield Street North,Hoxton to London Fields, Hackney Central"
"LINESTRING (-0.02163 51.540311,-0.058826 51.54119", "From Monier Road, Hackney Wick to London Fields, Hackney Central"
"LINESTRING (-0.13214 51.519572,-0.058826 51.54119", "From Store Street, Bloomsbury to London Fields, Hackney Central"
"LINESTRING (-0.099489 51.524868,-0.058826 51.54119", "From Sadlers Sports Centre, Finsbury to London Fields, Hackney Central"
"LINESTRING (-0.076341 51.534464,-0.058826 51.54119", "From Whiston Road, Haggerston to London Fields, Hackney Central"
"LINESTRING (-0.099981 51.532661,-0.058826 51.54119", "From Graham Street, Angel to London Fields, Hackney Central"
"LINESTRING (-0.067937 51.51793,-0.058826 51.54119", "From Old Montague Street, Whitechapel to London Fields, Hackney Central"
"LINESTRING (-0.03338 51.535179,-0.058826 51.54119", "From Gunmakers Lane, Old Ford to London Fields, Hackney Central"
"LINESTRING (-0.079608 51.521668,-0.058826 51.54119", "From Worship Street, Shoreditch to London Fields, Hackney Central"
"LINESTRING (-0.058641 51.515256,-0.058826 51.54119", "From Philpot Street, Whitechapel to London Fields, Hackney Central"
"LINESTRING (-0.062546 51.535678,-0.058826 51.54119", "From Regent's Row , Haggerston to London Fields, Hackney Central"
"LINESTRING (-0.033085 51.532513,-0.058826 51.54119", "From Ford Road, Old Ford to London Fields, Hackney Central"
"LINESTRING (-0.038557 51.541515,-0.058826 51.54119", "From Gascoyne Road, Victoria Park to London Fields, Hackney Central"
"LINESTRING (-0.093903 51.530991,-0.058826 51.54119", "From Wenlock Road , Hoxton to London Fields, Hackney Central"
"LINESTRING (-0.097122 51.529423,-0.058826 51.54119", "From Macclesfield Rd, St Lukes to London Fields, Hackney Central"
"LINESTRING (-0.089887 51.520858,-0.058826 51.54119", "From Bunhill Row, Moorgate to London Fields, Hackney Central"
"LINESTRING (-0.038557 51.541515,-0.058826 51.54119", "From Gascoyne Road, Victoria Park to London Fields, Hackney Central"
"LINESTRING (-0.075901 51.531091,-0.058826 51.54119", "From Hoxton Station, Hoxton to London Fields, Hackney Central"
"LINESTRING (-0.057159 51.511088,-0.058826 51.54119", "From Shadwell Station, Shadwell to London Fields, Hackney Central"
"LINESTRING (-0.038557 51.541515,-0.058826 51.54119", "From Gascoyne Road, Victoria Park to London Fields, Hackney Central"
"LINESTRING (-0.140485 51.519181,-0.058826 51.54119", "From Foley Street, Fitzrovia to London Fields, Hackney Central"
"LINESTRING (-0.036017 51.525941,-0.058826 51.54119", "From Clinton Road, Mile End to London Fields, Hackney Central"
"LINESTRING (-0.109256 51.526443,-0.058826 51.54119", "From Tysoe Street, Clerkenwell to London Fields, Hackney Central"
"LINESTRING (-0.058631 51.524583,-0.058826 51.54119", "From Finnis Street, Bethnal Green to London Fields, Hackney Central"
"LINESTRING (-0.06142 51.532091,-0.058826 51.54119", "From Pritchard's Road, Bethnal Green to London Fields, Hackney Central"
"LINESTRING (-0.099994 51.522853,-0.058826 51.54119", "From Berry Street, Clerkenwell to London Fields, Hackney Central"
"LINESTRING (-0.073438 51.51838,-0.058826 51.54119", "From Fashion Street, Whitechapel to London Fields, Hackney Central"
"LINESTRING (-0.104298 51.526717,-0.058826 51.54119", "From Finsbury Library , Finsbury to London Fields, Hackney Central"
"LINESTRING (-0.037366 51.534137,-0.058826 51.54119", "From Driffield Road, Old Ford to London Fields, Hackney Central"
"LINESTRING (-0.058005 51.527152,-0.058826 51.54119", "From Pott Street, Bethnal Green to London Fields, Hackney Central"
"LINESTRING (-0.041378 51.522507,-0.058826 51.54119", "From Queen Mary's, Mile End to London Fields, Hackney Central"
"LINESTRING (-0.06992 51.53385,-0.058826 51.54119", "From Queensbridge Road, Haggerston to London Fields, Hackney Central"
"LINESTRING (-0.02163 51.540311,-0.058826 51.54119", "From Monier Road, Hackney Wick to London Fields, Hackney Central"
"LINESTRING (-0.087459 51.528673,-0.058826 51.54119", "From East Road, Hoxton to London Fields, Hackney Central"
"LINESTRING (-0.086379 51.534042,-0.058826 51.54119", "From Shoreditch Park, Hoxton to London Fields, Hackney Central"
"LINESTRING (-0.091773 51.504627,-0.058826 51.54119", "From Hop Exchange, The Borough to London Fields, Hackney Central"
"LINESTRING (-0.078505 51.53095,-0.058826 51.54119", "From Falkirk Street, Hoxton to London Fields, Hackney Central"
"LINESTRING (-0.08497 51.50964,-0.058826 51.54119", "From Monument Street, Monument to London Fields, Hackney Central"
"LINESTRING (-0.058631 51.524583,-0.058826 51.54119", "From Finnis Street, Bethnal Green to London Fields, Hackney Central"
"LINESTRING (-0.229116 51.492084,-0.215895 51.476885", "From Bridge Avenue, Hammersmith to Finlay Street, Fulham"
"LINESTRING (-0.197609 51.483911,-0.215895 51.476885", "From Halford Road, West Kensington to Finlay Street, Fulham"
"LINESTRING (-0.17524 51.48902,-0.215895 51.476885", "From South Parade, Chelsea to Finlay Street, Fulham"
"LINESTRING (-0.201968 51.475089,-0.215895 51.476885", "From Parsons Green Station, Parsons Green to Finlay Street, Fulham"
"LINESTRING (-0.171103 51.518268,-0.215895 51.476885", "From St Mary's Hospital, Paddington to Finlay Street, Fulham"
"LINESTRING (-0.215087 51.490217,-0.215895 51.476885", "From Barons Court Station, West Kensington to Finlay Street, Fulham"
"LINESTRING (-0.209973 51.481021,-0.215895 51.476885", "From Aintree Street, Fulham to Finlay Street, Fulham"
"LINESTRING (-0.13544 51.497829,-0.215895 51.476885", "From Butler Place, Westminster to Finlay Street, Fulham"
"LINESTRING (-0.205284 51.496712,-0.215895 51.476885", "From Warwick Road, Olympia to Finlay Street, Fulham"
"LINESTRING (-0.159237 51.501855,-0.215895 51.476885", "From Seville Street, Knightsbridge to Finlay Street, Fulham"
"LINESTRING (-0.172078 51.482567,-0.215895 51.476885", "From Danvers Street, West Chelsea to Finlay Street, Fulham"
"LINESTRING (-0.139956 51.493573,-0.215895 51.476885", "From Queen Mother Sports Centre, Victoria to Finlay Street, Fulham"
"LINESTRING (-0.201968 51.475089,-0.215895 51.476885", "From Parsons Green Station, Parsons Green to Finlay Street, Fulham"
"LINESTRING (-0.17524 51.48902,-0.215895 51.476885", "From South Parade, Chelsea to Finlay Street, Fulham"
"LINESTRING (-0.205284 51.496712,-0.215895 51.476885", "From Warwick Road, Olympia to Finlay Street, Fulham"
"LINESTRING (-0.208888 51.5212,-0.215895 51.476885", "From Bevington Road West, North Kensington to Finlay Street, Fulham"
"LINESTRING (-0.18267 51.494185,-0.215895 51.476885", "From Gloucester Road Station, South Kensington to Finlay Street, Fulham"
"LINESTRING (-0.215087 51.490217,-0.215895 51.476885", "From Barons Court Station, West Kensington to Finlay Street, Fulham"
"LINESTRING (-0.236769 51.494223,-0.215895 51.476885", "From Ravenscourt Park Station, Hammersmith to Finlay Street, Fulham"
"LINESTRING (-0.195777 51.479463,-0.215895 51.476885", "From Erin Close, Walham Green to Finlay Street, Fulham"
"LINESTRING (-0.215087 51.490217,-0.215895 51.476885", "From Barons Court Station, West Kensington to Finlay Street, Fulham"
"LINESTRING (-0.225787 51.514767,-0.215895 51.476885", "From BBC White City, White City to Finlay Street, Fulham"
"LINESTRING (-0.229116 51.492084,-0.215895 51.476885", "From Bridge Avenue, Hammersmith to Finlay Street, Fulham"
"LINESTRING (-0.209378 51.489591,-0.209973 51.481021", "From Vereker Road, West Kensington to Aintree Street, Fulham"
"LINESTRING (-0.201968 51.475089,-0.209973 51.481021", "From Parsons Green Station, Parsons Green to Aintree Street, Fulham"
"LINESTRING (-0.170194 51.489716,-0.209973 51.481021", "From St. Luke's Church, Chelsea to Aintree Street, Fulham"
"LINESTRING (-0.217995 51.487285,-0.209973 51.481021", "From Charing Cross Hospital, Hammersmith to Aintree Street, Fulham"
"LINESTRING (-0.150908 51.47505,-0.209973 51.481021", "From Alfreda Street, Battersea Park to Aintree Street, Fulham"
"LINESTRING (-0.229116 51.492084,-0.209973 51.481021", "From Bridge Avenue, Hammersmith to Aintree Street, Fulham"
"LINESTRING (-0.192369 51.491593,-0.209973 51.481021", "From Penywern Road, Earl's Court to Aintree Street, Fulham"
"LINESTRING (-0.192369 51.491593,-0.209973 51.481021", "From Penywern Road, Earl's Court to Aintree Street, Fulham"
"LINESTRING (-0.116625 51.486965,-0.209973 51.481021", "From Vauxhall Street, Vauxhall to Aintree Street, Fulham"
"LINESTRING (-0.170703 51.470847,-0.209973 51.481021", "From Simpson Street, Clapham Junction to Aintree Street, Fulham"
"LINESTRING (-0.109256 51.526443,-0.209973 51.481021", "From Tysoe Street, Clerkenwell to Aintree Street, Fulham"
"LINESTRING (-0.183853 51.480898,-0.209973 51.481021", "From Thorndike Close, West Chelsea to Aintree Street, Fulham"
"LINESTRING (-0.215895 51.476885,-0.209973 51.481021", "From Finlay Street, Fulham to Aintree Street, Fulham"
"LINESTRING (-0.173715 51.491211,-0.209973 51.481021", "From Sumner Place, South Kensington to Aintree Street, Fulham"
"LINESTRING (-0.173881 51.494412,-0.209973 51.481021", "From South Kensington Station, South Kensington to Aintree Street, Fulham"
"LINESTRING (-0.17581 51.517335,-0.209973 51.481021", "From South Wharf Road, Paddington to Aintree Street, Fulham"
"LINESTRING (-0.215087 51.490217,-0.209973 51.481021", "From Barons Court Station, West Kensington to Aintree Street, Fulham"
"LINESTRING (-0.192369 51.491593,-0.209973 51.481021", "From Penywern Road, Earl's Court to Aintree Street, Fulham"
"LINESTRING (-0.165297 51.461923,-0.209973 51.481021", "From Limburg Road, Clapham Junction to Aintree Street, Fulham"
"LINESTRING (-0.194116 51.479932,-0.209973 51.481021", "From Fulham Broadway, Walham Green to Aintree Street, Fulham"
"LINESTRING (-0.222456 51.488144,-0.209973 51.481021", "From Beryl Road, Hammersmith to Aintree Street, Fulham"
"LINESTRING (-0.185296 51.495362,-0.209973 51.481021", "From Emperor's Gate, South Kensington to Aintree Street, Fulham"
"LINESTRING (-0.194116 51.479932,-0.209973 51.481021", "From Fulham Broadway, Walham Green to Aintree Street, Fulham"
"LINESTRING (-0.163609 51.51809,-0.209973 51.481021", "From Shouldham Street, Marylebone to Aintree Street, Fulham"
"LINESTRING (-0.236769 51.494223,-0.209973 51.481021", "From Ravenscourt Park Station, Hammersmith to Aintree Street, Fulham"
"LINESTRING (-0.215087 51.490217,-0.209973 51.481021", "From Barons Court Station, West Kensington to Aintree Street, Fulham"
"LINESTRING (-0.217995 51.487285,-0.209973 51.481021", "From Charing Cross Hospital, Hammersmith to Aintree Street, Fulham"
"LINESTRING (-0.179369 51.487196,-0.209973 51.481021", "From Drayton Gardens, West Chelsea to Aintree Street, Fulham"
"LINESTRING (-0.185273 51.481765,-0.209973 51.481021", "From Hortensia Road, West Brompton to Aintree Street, Fulham"
"LINESTRING (-0.184806 51.457991,-0.209973 51.481021", "From Alma Road, Wandsworth to Aintree Street, Fulham"
"LINESTRING (-0.215895 51.476885,-0.207842 51.471079", "From Finlay Street, Fulham to Elysium Place, Fulham"
"LINESTRING (-0.075459 51.509506,-0.207842 51.471079", "From Tower Gardens , Tower to Elysium Place, Fulham"
"LINESTRING (-0.207842 51.471079,-0.207842 51.471079", "From Elysium Place, Fulham to Elysium Place, Fulham"
"LINESTRING (-0.204815 51.484386,-0.207842 51.471079", "From Normand Park, West Kensington to Elysium Place, Fulham"
"LINESTRING (-0.14296 51.497998,-0.207842 51.471079", "From Warwick Row, Westminster to Elysium Place, Fulham"
"LINESTRING (-0.207842 51.471079,-0.207842 51.471079", "From Elysium Place, Fulham to Elysium Place, Fulham"
"LINESTRING (-0.215087 51.490217,-0.207842 51.471079", "From Barons Court Station, West Kensington to Elysium Place, Fulham"
"LINESTRING (-0.216145 51.46161,-0.207842 51.471079", "From Disraeli Road, Putney to Elysium Place, Fulham"
"LINESTRING (-0.184318 51.468819,-0.207842 51.471079", "From William Morris Way, Sands End to Elysium Place, Fulham"
"LINESTRING (-0.215895 51.476885,-0.207842 51.471079", "From Finlay Street, Fulham to Elysium Place, Fulham"
"LINESTRING (-0.207842 51.471079,-0.207842 51.471079", "From Elysium Place, Fulham to Elysium Place, Fulham"
"LINESTRING (-0.150481 51.51217,-0.207842 51.471079", "From Grosvenor Square, Mayfair to Elysium Place, Fulham"
"LINESTRING (-0.207842 51.471079,-0.207842 51.471079", "From Elysium Place, Fulham to Elysium Place, Fulham"
"LINESTRING (-0.223616 51.485743,-0.207842 51.471079", "From Manbre Road, Hammersmith to Elysium Place, Fulham"
"LINESTRING (-0.202038 51.48357,-0.207842 51.471079", "From Coomer Place, West Kensington to Elysium Place, Fulham"
"LINESTRING (-0.113885 51.51165,-0.193254 51.476259", "From Arundel Street to Eel Brook Common, Walham Green"
"LINESTRING (-0.114934 51.49288,-0.193254 51.476259", "From Lollard Street, Vauxhall to Eel Brook Common, Walham Green"
"LINESTRING (-0.195777 51.479463,-0.193254 51.476259", "From Erin Close, Walham Green to Eel Brook Common, Walham Green"
"LINESTRING (-0.193254 51.476259,-0.193254 51.476259", "From Eel Brook Common, Walham Green to Eel Brook Common, Walham Green"
"LINESTRING (-0.19617 51.490853,-0.193254 51.476259", "From Trebovir Road, Earl's Court to Eel Brook Common, Walham Green"
"LINESTRING (-0.179369 51.487196,-0.193254 51.476259", "From Drayton Gardens, West Chelsea to Eel Brook Common, Walham Green"
"LINESTRING (-0.187278 51.475142,-0.193254 51.476259", "From Imperial Road, Sands End to Eel Brook Common, Walham Green"
"LINESTRING (-0.192369 51.491593,-0.193254 51.476259", "From Penywern Road, Earl's Court to Eel Brook Common, Walham Green"
"LINESTRING (-0.120718 51.511968,-0.193254 51.476259", "From Tavistock Street, Covent Garden to Eel Brook Common, Walham Green"
"LINESTRING (-0.173029 51.464894,-0.193254 51.476259", "From Grant Road East, Clapham Junction to Eel Brook Common, Walham Green"
"LINESTRING (-0.162298 51.522511,-0.193254 51.476259", "From Boston Place, Marylebone to Eel Brook Common, Walham Green"
"LINESTRING (-0.183165 51.474665,-0.193254 51.476259", "From Imperial Wharf Station, Sands End to Eel Brook Common, Walham Green"
"LINESTRING (-0.187404 51.487958,-0.193254 51.476259", "From Harcourt Terrace, West Brompton to Eel Brook Common, Walham Green"
"LINESTRING (-0.172078 51.482567,-0.193254 51.476259", "From Danvers Street, West Chelsea to Eel Brook Common, Walham Green"
"LINESTRING (-0.182126 51.463489,-0.193254 51.476259", "From Usk Road, Clapham Junction to Eel Brook Common, Walham Green"
"LINESTRING (-0.147449 51.509351,-0.193254 51.476259", "From Farm Street, Mayfair to Eel Brook Common, Walham Green"
"LINESTRING (-0.166878 51.488023,-0.193254 51.476259", "From Flood Street, Chelsea to Eel Brook Common, Walham Green"
"LINESTRING (-0.194116 51.479932,-0.193254 51.476259", "From Fulham Broadway, Walham Green to Eel Brook Common, Walham Green"
"LINESTRING (-0.216573 51.466907,-0.193254 51.476259", "From Putney Pier, Wandsworth to Eel Brook Common, Walham Green"
"LINESTRING (-0.180389 51.46517,-0.193254 51.476259", "From Hibbert Street, Battersea to Eel Brook Common, Walham Green"
"LINESTRING (-0.187427 51.460864,-0.19701 51.473763", "From Wandsworth Town Station, Wandsworth to Irene Road, Parsons Green"
"LINESTRING (-0.192369 51.491593,-0.19701 51.473763", "From Penywern Road, Earl's Court to Irene Road, Parsons Green"
"LINESTRING (-0.217515 51.500353,-0.19701 51.473763", "From Richmond Way, Shepherd's Bush to Irene Road, Parsons Green"
"LINESTRING (-0.192165 51.457529,-0.19701 51.473763", "From Ram Street, Wandsworth to Irene Road, Parsons Green"
"LINESTRING (-0.156166 51.518913,-0.19701 51.473763", "From Baker Street, Marylebone to Irene Road, Parsons Green"
"LINESTRING (-0.187427 51.460864,-0.19701 51.473763", "From Wandsworth Town Station, Wandsworth to Irene Road, Parsons Green"
"LINESTRING (-0.180274 51.481805,-0.19701 51.473763", "From World's End Place, West Chelsea to Irene Road, Parsons Green"
"LINESTRING (-0.187427 51.460864,-0.19701 51.473763", "From Wandsworth Town Station, Wandsworth to Irene Road, Parsons Green"
"LINESTRING (-0.205279 51.487244,-0.19701 51.473763", "From Star Road, West Kensington to Irene Road, Parsons Green"
"LINESTRING (-0.209378 51.489591,-0.19701 51.473763", "From Vereker Road, West Kensington to Irene Road, Parsons Green"
"LINESTRING (-0.149569 51.50274,-0.19701 51.473763", "From Wellington Arch, Hyde Park to Irene Road, Parsons Green"
"LINESTRING (-0.176267 51.472876,-0.19701 51.473763", "From Vicarage Crescent, Battersea to Irene Road, Parsons Green"
"LINESTRING (-0.197609 51.483911,-0.19701 51.473763", "From Halford Road, West Kensington to Irene Road, Parsons Green"
"LINESTRING (-0.192369 51.491593,-0.19701 51.473763", "From Penywern Road, Earl's Court to Irene Road, Parsons Green"
"LINESTRING (-0.183165 51.474665,-0.19701 51.473763", "From Imperial Wharf Station, Sands End to Irene Road, Parsons Green"
"LINESTRING (-0.147714 51.483507,-0.19701 51.473763", "From Battersea Power Station, Battersea Park to Irene Road, Parsons Green"
"LINESTRING (-0.156876 51.49313,-0.19701 51.473763", "From Sedding Street, Sloane Square to Irene Road, Parsons Green"
"LINESTRING (-0.163347 51.474392,-0.19701 51.473763", "From Albert Bridge Road, Battersea Park to Irene Road, Parsons Green"
"LINESTRING (-0.205284 51.496712,-0.19701 51.473763", "From Warwick Road, Olympia to Irene Road, Parsons Green"
"LINESTRING (-0.194116 51.479932,-0.19701 51.473763", "From Fulham Broadway, Walham Green to Irene Road, Parsons Green"
"LINESTRING (-0.170703 51.470847,-0.19701 51.473763", "From Simpson Street, Clapham Junction to Irene Road, Parsons Green"
"LINESTRING (-0.183853 51.480898,-0.19701 51.473763", "From Thorndike Close, West Chelsea to Irene Road, Parsons Green"
"LINESTRING (-0.199783 51.472817,-0.19701 51.473763", "From Parson's Green , Parson's Green to Irene Road, Parsons Green"
"LINESTRING (-0.204815 51.484386,-0.16716 51.47518", "From Normand Park, West Kensington to Surrey Lane, Battersea"
"LINESTRING (-0.156876 51.49313,-0.16716 51.47518", "From Sedding Street, Sloane Square to Surrey Lane, Battersea"
"LINESTRING (-0.170703 51.470847,-0.16716 51.47518", "From Simpson Street, Clapham Junction to Surrey Lane, Battersea"
"LINESTRING (-0.172078 51.482567,-0.16716 51.47518", "From Danvers Street, West Chelsea to Surrey Lane, Battersea"
"LINESTRING (-0.194116 51.479932,-0.16716 51.47518", "From Fulham Broadway, Walham Green to Surrey Lane, Battersea"
"LINESTRING (-0.164786 51.477292,-0.16716 51.47518", "From Ethelburga Estate, Battersea Park to Surrey Lane, Battersea"
"LINESTRING (-0.173029 51.464894,-0.16716 51.47518", "From Grant Road East, Clapham Junction to Surrey Lane, Battersea"
"LINESTRING (-0.147857 51.477966,-0.16716 51.47518", "From Gas Holders, Battersea Park to Surrey Lane, Battersea"
"LINESTRING (-0.144132 51.493204,-0.16716 51.47518", "From Belgrave Road, Victoria to Surrey Lane, Battersea"
"LINESTRING (-0.158105 51.494645,-0.16716 51.47518", "From Cadogan Place, Knightsbridge to Surrey Lane, Battersea"
"LINESTRING (-0.134407 51.526236,-0.16716 51.47518", "From Euston Road, Euston to Surrey Lane, Battersea"
"LINESTRING (-0.194116 51.479932,-0.16716 51.47518", "From Fulham Broadway, Walham Green to Surrey Lane, Battersea"
"LINESTRING (-0.159322 51.461343,-0.16716 51.47518", "From Clapham Common North Side, Clapham Common to Surrey Lane, Battersea"
"LINESTRING (-0.147478 51.492369,-0.16716 51.47518", "From Elizabeth Bridge, Victoria to Surrey Lane, Battersea"
"LINESTRING (-0.115781 51.464019,-0.16716 51.47518", "From Ferndale Road, Brixton to Surrey Lane, Battersea"
"LINESTRING (-0.132102 51.472918,-0.16716 51.47518", "From Courland Grove, Wandsworth Road to Surrey Lane, Battersea"
"LINESTRING (-0.185273 51.481765,-0.16716 51.47518", "From Hortensia Road, West Brompton to Surrey Lane, Battersea"
"LINESTRING (-0.17581 51.517335,-0.16716 51.47518", "From South Wharf Road, Paddington to Surrey Lane, Battersea"
"LINESTRING (-0.195777 51.479463,-0.16716 51.47518", "From Erin Close, Walham Green to Surrey Lane, Battersea"
"LINESTRING (-0.187404 51.487958,-0.16716 51.47518", "From Harcourt Terrace, West Brompton to Surrey Lane, Battersea"
"LINESTRING (-0.14177 51.479501,-0.16716 51.47518", "From Battersea Park Road, Nine Elms to Surrey Lane, Battersea"
"LINESTRING (-0.193764 51.508605,-0.16716 51.47518", "From Palace Gardens Terrace, Notting Hill to Surrey Lane, Battersea"
"LINESTRING (-0.190603 51.493631,-0.16716 51.47518", "From Knaresborough Place, Earl's Court to Surrey Lane, Battersea"
"LINESTRING (-0.150908 51.47505,-0.16716 51.47518", "From Alfreda Street, Battersea Park to Surrey Lane, Battersea"
"LINESTRING (-0.16716 51.47518,-0.16716 51.47518", "From Surrey Lane, Battersea to Surrey Lane, Battersea"
"LINESTRING (-0.169821 51.466633,-0.16716 51.47518", "From Falcon Road, Clapham Junction to Surrey Lane, Battersea"
"LINESTRING (-0.163347 51.474392,-0.16716 51.47518", "From Albert Bridge Road, Battersea Park to Surrey Lane, Battersea"
"LINESTRING (-0.173029 51.464894,-0.16716 51.47518", "From Grant Road East, Clapham Junction to Surrey Lane, Battersea"
"LINESTRING (-0.195777 51.479463,-0.16716 51.47518", "From Erin Close, Walham Green to Surrey Lane, Battersea"
"LINESTRING (-0.155442 51.474376,-0.16716 51.47518", "From Austin Road, Battersea Park to Surrey Lane, Battersea"
"LINESTRING (-0.185273 51.481765,-0.16716 51.47518", "From Hortensia Road, West Brompton to Surrey Lane, Battersea"
"LINESTRING (-0.184806 51.457991,-0.187427 51.460864", "From Alma Road, Wandsworth to Wandsworth Town Station, Wandsworth"
"LINESTRING (-0.202802 51.45682,-0.187427 51.460864", "From Mexfield Road, East Putney to Wandsworth Town Station, Wandsworth"
"LINESTRING (-0.194116 51.479932,-0.187427 51.460864", "From Fulham Broadway, Walham Green to Wandsworth Town Station, Wandsworth"
"LINESTRING (-0.184806 51.457991,-0.187427 51.460864", "From Alma Road, Wandsworth to Wandsworth Town Station, Wandsworth"
"LINESTRING (-0.173029 51.464894,-0.187427 51.460864", "From Grant Road East, Clapham Junction to Wandsworth Town Station, Wandsworth"
"LINESTRING (-0.190393 51.490163,-0.187427 51.460864", "From Bramham Gardens, Earl's Court to Wandsworth Town Station, Wandsworth"
"LINESTRING (-0.153194 51.501352,-0.187427 51.460864", "From Grosvenor Crescent, Belgravia to Wandsworth Town Station, Wandsworth"
"LINESTRING (-0.189155 51.477292,-0.187427 51.460864", "From Michael Road, Walham Green to Wandsworth Town Station, Wandsworth"
"LINESTRING (-0.150908 51.47505,-0.187427 51.460864", "From Alfreda Street, Battersea Park to Wandsworth Town Station, Wandsworth"
"LINESTRING (-0.223868 51.496664,-0.187427 51.460864", "From Little Brook Green, Brook Green to Wandsworth Town Station, Wandsworth"
"LINESTRING (-0.198735 51.46067,-0.187427 51.460864", "From Osiers Road, Wandsworth to Wandsworth Town Station, Wandsworth"
"LINESTRING (-0.107987 51.517428,-0.187427 51.460864", "From New Fetter Lane, Holborn to Wandsworth Town Station, Wandsworth"
"LINESTRING (-0.18377 51.5171,-0.187427 51.460864", "From Bishop's Bridge Road East, Bayswater to Wandsworth Town Station, Wandsworth"
"LINESTRING (-0.191803 51.473611,-0.187427 51.460864", "From Sandilands Road, Walham Green to Wandsworth Town Station, Wandsworth"
"LINESTRING (-0.127554 51.493978,-0.187427 51.460864", "From Page Street, Westminster to Wandsworth Town Station, Wandsworth"
"LINESTRING (-0.198735 51.46067,-0.187427 51.460864", "From Osiers Road, Wandsworth to Wandsworth Town Station, Wandsworth"
"LINESTRING (-0.093051 51.511246,-0.187427 51.460864", "From Queen Street 2, Bank to Wandsworth Town Station, Wandsworth"
"LINESTRING (-0.198735 51.46067,-0.187427 51.460864", "From Osiers Road, Wandsworth to Wandsworth Town Station, Wandsworth"
"LINESTRING (-0.198735 51.46067,-0.187427 51.460864", "From Osiers Road, Wandsworth to Wandsworth Town Station, Wandsworth"
"LINESTRING (-0.172078 51.482567,-0.187427 51.460864", "From Danvers Street, West Chelsea to Wandsworth Town Station, Wandsworth"
"LINESTRING (-0.182126 51.463489,-0.187427 51.460864", "From Usk Road, Clapham Junction to Wandsworth Town Station, Wandsworth"
"LINESTRING (-0.212145 51.459715,-0.187427 51.460864", "From Upper Richmond Road, Putney to Wandsworth Town Station, Wandsworth"
"LINESTRING (-0.189155 51.477292,-0.187427 51.460864", "From Michael Road, Walham Green to Wandsworth Town Station, Wandsworth"
"LINESTRING (-0.184806 51.457991,-0.187427 51.460864", "From Alma Road, Wandsworth to Wandsworth Town Station, Wandsworth"
"LINESTRING (-0.18119 51.485587,-0.187427 51.460864", "From Limerston Street, West Chelsea to Wandsworth Town Station, Wandsworth"
"LINESTRING (-0.214762 51.5129,-0.205535 51.507481", "From Grenfell Road, Avondale to Lansdowne Road, Ladbroke Grove"
"LINESTRING (-0.213872 51.51687,-0.205535 51.507481", "From St. Mark's Road, North Kensington to Lansdowne Road, Ladbroke Grove"
"LINESTRING (-0.174411 51.511933,-0.205535 51.507481", "From Bayswater Road, Hyde Park to Lansdowne Road, Ladbroke Grove"
"LINESTRING (-0.211358 51.510101,-0.205535 51.507481", "From Walmer Road, Avondale to Lansdowne Road, Ladbroke Grove"
"LINESTRING (-0.137043 51.511897,-0.205535 51.507481", "From Golden Square, Soho to Lansdowne Road, Ladbroke Grove"
"LINESTRING (-0.208565 51.515108,-0.205535 51.507481", "From Blenheim Crescent, Ladbroke Grove to Lansdowne Road, Ladbroke Grove"
"LINESTRING (-0.2174 51.504038,-0.205535 51.507481", "From Woodstock Grove, Shepherd's Bush to Lansdowne Road, Ladbroke Grove"
"LINESTRING (-0.213872 51.51687,-0.205535 51.507481", "From St. Mark's Road, North Kensington to Lansdowne Road, Ladbroke Grove"
"LINESTRING (-0.213872 51.51687,-0.205535 51.507481", "From St. Mark's Road, North Kensington to Lansdowne Road, Ladbroke Grove"
"LINESTRING (-0.187402 51.51031,-0.205535 51.507481", "From Queensway, Kensington Gardens to Lansdowne Road, Ladbroke Grove"
"LINESTRING (-0.204666 51.509591,-0.205535 51.507481", "From Lansdowne Walk, Ladbroke Grove to Lansdowne Road, Ladbroke Grove"
"LINESTRING (-0.205991 51.501391,-0.205535 51.507481", "From Abbotsbury Road, Holland Park to Lansdowne Road, Ladbroke Grove"
"LINESTRING (-0.155349 51.502757,-0.205535 51.507481", "From Knightsbridge, Hyde Park to Lansdowne Road, Ladbroke Grove"
"LINESTRING (-0.217515 51.500353,-0.205535 51.507481", "From Richmond Way, Shepherd's Bush to Lansdowne Road, Ladbroke Grove"
"LINESTRING (-0.205535 51.507481,-0.205535 51.507481", "From Lansdowne Road, Ladbroke Grove to Lansdowne Road, Ladbroke Grove"
"LINESTRING (-0.214594 51.510928,-0.205535 51.507481", "From Sirdar Road, Avondale to Lansdowne Road, Ladbroke Grove"
"LINESTRING (-0.205284 51.496712,-0.205535 51.507481", "From Warwick Road, Olympia to Lansdowne Road, Ladbroke Grove"
"LINESTRING (-0.210941 51.504199,-0.205535 51.507481", "From Addison Road, Holland Park to Lansdowne Road, Ladbroke Grove"
"LINESTRING (-0.2174 51.504038,-0.205535 51.507481", "From Woodstock Grove, Shepherd's Bush to Lansdowne Road, Ladbroke Grove"
"LINESTRING (-0.193487 51.513735,-0.205535 51.507481", "From Hereford Road, Bayswater to Lansdowne Road, Ladbroke Grove"
"LINESTRING (-0.214762 51.5129,-0.205535 51.507481", "From Grenfell Road, Avondale to Lansdowne Road, Ladbroke Grove"
"LINESTRING (-0.211593 51.51323,-0.205535 51.507481", "From Clarendon Road, Avondale to Lansdowne Road, Ladbroke Grove"
"LINESTRING (-0.187402 51.51031,-0.205535 51.507481", "From Queensway, Kensington Gardens to Lansdowne Road, Ladbroke Grove"
"LINESTRING (-0.205284 51.496712,-0.205535 51.507481", "From Warwick Road, Olympia to Lansdowne Road, Ladbroke Grove"
"LINESTRING (-0.211593 51.51323,-0.205535 51.507481", "From Clarendon Road, Avondale to Lansdowne Road, Ladbroke Grove"
"LINESTRING (-0.197574 51.499606,-0.205535 51.507481", "From Phillimore Gardens, Kensington to Lansdowne Road, Ladbroke Grove"
"LINESTRING (-0.141923 51.489856,-0.205535 51.507481", "From Warwick Square, Pimlico to Lansdowne Road, Ladbroke Grove"
"LINESTRING (-0.163609 51.51809,-0.205535 51.507481", "From Shouldham Street, Marylebone to Lansdowne Road, Ladbroke Grove"
"LINESTRING (-0.141423 51.514499,-0.205535 51.507481", "From Little Argyll Street, West End to Lansdowne Road, Ladbroke Grove"
"LINESTRING (-0.18119 51.485587,-0.180791 51.46193", "From Limerston Street, West Chelsea to Nantes Close, Wandsworth"
"LINESTRING (-0.191933 51.495866,-0.180791 51.46193", "From Lexham Gardens, Kensington to Nantes Close, Wandsworth"
"LINESTRING (-0.199783 51.472817,-0.180791 51.46193", "From Parson's Green , Parson's Green to Nantes Close, Wandsworth"
"LINESTRING (-0.201968 51.475089,-0.180791 51.46193", "From Parsons Green Station, Parsons Green to Nantes Close, Wandsworth"
"LINESTRING (-0.215618 51.464786,-0.180791 51.46193", "From Felsham Road, Putney to Nantes Close, Wandsworth"
"LINESTRING (-0.173029 51.464894,-0.180791 51.46193", "From Grant Road East, Clapham Junction to Nantes Close, Wandsworth"
"LINESTRING (-0.16375 51.465064,-0.180791 51.46193", "From Dorothy Road, Clapham Junction to Nantes Close, Wandsworth"
"LINESTRING (-0.136123 51.482362,-0.180791 51.46193", "From Riverlight North, Nine Elms to Nantes Close, Wandsworth"
"LINESTRING (-0.118256 51.47659,-0.132102 51.472918", "From Albert Square, Stockwell to Courland Grove, Wandsworth Road"
"LINESTRING (-0.122831 51.472509,-0.132102 51.472918", "From Binfield Road, Stockwell to Courland Grove, Wandsworth Road"
"LINESTRING (-0.099828 51.493146,-0.132102 51.472918", "From Strata, Elephant & Castle to Courland Grove, Wandsworth Road"
"LINESTRING (-0.14177 51.479501,-0.132102 51.472918", "From Battersea Park Road, Nine Elms to Courland Grove, Wandsworth Road"
"LINESTRING (-0.122831 51.472509,-0.132102 51.472918", "From Binfield Road, Stockwell to Courland Grove, Wandsworth Road"
"LINESTRING (-0.14177 51.479501,-0.132102 51.472918", "From Battersea Park Road, Nine Elms to Courland Grove, Wandsworth Road"
"LINESTRING (-0.135777 51.51953,-0.132102 51.472918", "From Charlotte Street, Fitzrovia to Courland Grove, Wandsworth Road"
"LINESTRING (-0.16716 51.47518,-0.132102 51.472918", "From Surrey Lane, Battersea to Courland Grove, Wandsworth Road"
"LINESTRING (-0.124469 51.485917,-0.132102 51.472918", "From Vauxhall Cross, Vauxhall to Courland Grove, Wandsworth Road"
"LINESTRING (-0.147714 51.483507,-0.132102 51.472918", "From Battersea Power Station, Battersea Park to Courland Grove, Wandsworth Road"
"LINESTRING (-0.167919 51.484984,-0.149551 51.477619", "From Phene Street, Chelsea to Queen's Circus, Battersea Park"
"LINESTRING (-0.139221 51.461388,-0.149551 51.477619", "From Clapham Common Station, Clapham Common to Queen's Circus, Battersea Park"
"LINESTRING (-0.200806 51.457059,-0.149551 51.477619", "From Santos Road, Wandsworth to Queen's Circus, Battersea Park"
"LINESTRING (-0.107927 51.513821,-0.149551 51.477619", "From Bouverie Street, Temple to Queen's Circus, Battersea Park"
"LINESTRING (-0.174347 51.476964,-0.149551 51.477619", "From Battersea Church Road, Battersea to Queen's Circus, Battersea Park"
"LINESTRING (-0.093051 51.511246,-0.149551 51.477619", "From Queen Street 2, Bank to Queen's Circus, Battersea Park"
"LINESTRING (-0.179668 51.511654,-0.149551 51.477619", "From Lancaster Gate , Bayswater to Queen's Circus, Battersea Park"
"LINESTRING (-0.149035 51.481121,-0.149551 51.477619", "From Sopwith Way, Battersea Park to Queen's Circus, Battersea Park"
"LINESTRING (-0.11258 51.473874,-0.149551 51.477619", "From Normandy Road, Stockwell to Queen's Circus, Battersea Park"
"LINESTRING (-0.132102 51.498125,-0.149551 51.477619", "From Abbey Orchard Street, Westminster to Queen's Circus, Battersea Park"
"LINESTRING (-0.155442 51.474376,-0.149551 51.477619", "From Austin Road, Battersea Park to Queen's Circus, Battersea Park"
"LINESTRING (-0.149551 51.477619,-0.149551 51.477619", "From Queen's Circus, Battersea Park to Queen's Circus, Battersea Park"
"LINESTRING (-0.190603 51.493631,-0.149551 51.477619", "From Knaresborough Place, Earl's Court to Queen's Circus, Battersea Park"
"LINESTRING (-0.08974 51.500823,-0.149551 51.477619", "From Empire Square, The Borough to Queen's Circus, Battersea Park"
"LINESTRING (-0.159169 51.475153,-0.149551 51.477619", "From Prince of Wales Drive, Battersea Park to Queen's Circus, Battersea Park"
"LINESTRING (-0.164786 51.477292,-0.149551 51.477619", "From Ethelburga Estate, Battersea Park to Queen's Circus, Battersea Park"
"LINESTRING (-0.18267 51.494185,-0.149551 51.477619", "From Gloucester Road Station, South Kensington to Queen's Circus, Battersea Park"
"LINESTRING (-0.183853 51.480898,-0.149551 51.477619", "From Thorndike Close, West Chelsea to Queen's Circus, Battersea Park"
"LINESTRING (-0.170703 51.470847,-0.149551 51.477619", "From Simpson Street, Clapham Junction to Queen's Circus, Battersea Park"
"LINESTRING (-0.139221 51.461388,-0.149551 51.477619", "From Clapham Common Station, Clapham Common to Queen's Circus, Battersea Park"
"LINESTRING (-0.17306 51.505014,-0.149551 51.477619", "From Serpentine Car Park, Hyde Park to Queen's Circus, Battersea Park"
"LINESTRING (-0.149551 51.477619,-0.149551 51.477619", "From Queen's Circus, Battersea Park to Queen's Circus, Battersea Park"
"LINESTRING (-0.149551 51.477619,-0.149551 51.477619", "From Queen's Circus, Battersea Park to Queen's Circus, Battersea Park"
"LINESTRING (-0.126874 51.47787,-0.149551 51.477619", "From Hartington Road, Stockwell to Queen's Circus, Battersea Park"
"LINESTRING (-0.098031 51.505224,-0.149551 51.477619", "From Lavington Street, Bankside to Queen's Circus, Battersea Park"
"LINESTRING (-0.124469 51.485917,-0.149551 51.477619", "From Vauxhall Cross, Vauxhall to Queen's Circus, Battersea Park"
"LINESTRING (-0.187427 51.460864,-0.149551 51.477619", "From Wandsworth Town Station, Wandsworth to Queen's Circus, Battersea Park"
"LINESTRING (-0.215804 51.494347,-0.204815 51.484386", "From Brook Green South, Brook Green to Normand Park, West Kensington"
"LINESTRING (-0.228188 51.494499,-0.204815 51.484386", "From Southerton Road, Hammersmith to Normand Park, West Kensington"
"LINESTRING (-0.222456 51.488144,-0.204815 51.484386", "From Beryl Road, Hammersmith to Normand Park, West Kensington"
"LINESTRING (-0.222456 51.488144,-0.204815 51.484386", "From Beryl Road, Hammersmith to Normand Park, West Kensington"
"LINESTRING (-0.146544 51.468669,-0.204815 51.484386", "From Heath Road, Battersea to Normand Park, West Kensington"
"LINESTRING (-0.216573 51.466907,-0.204815 51.484386", "From Putney Pier, Wandsworth to Normand Park, West Kensington"
"LINESTRING (-0.179369 51.487196,-0.204815 51.484386", "From Drayton Gardens, West Chelsea to Normand Park, West Kensington"
"LINESTRING (-0.142943 51.496863,-0.204815 51.484386", "From Allington Street, Victoria to Normand Park, West Kensington"
"LINESTRING (-0.125972 51.49764,-0.204815 51.484386", "From Abingdon Green, Westminster to Normand Park, West Kensington"
"LINESTRING (-0.185273 51.481765,-0.204815 51.484386", "From Hortensia Road, West Brompton to Normand Park, West Kensington"
"LINESTRING (-0.215087 51.490217,-0.204815 51.484386", "From Barons Court Station, West Kensington to Normand Park, West Kensington"
"LINESTRING (-0.168292 51.462392,-0.204815 51.484386", "From St. John's Road, Clapham Junction to Normand Park, West Kensington"
"LINESTRING (-0.173693 51.495948,-0.204815 51.484386", "From Exhibition Road Museums 2, South Kensington to Normand Park, West Kensington"
"LINESTRING (-0.215087 51.490217,-0.204815 51.484386", "From Barons Court Station, West Kensington to Normand Park, West Kensington"
"LINESTRING (-0.125972 51.49764,-0.204815 51.484386", "From Abingdon Green, Westminster to Normand Park, West Kensington"
"LINESTRING (-0.149569 51.50274,-0.204815 51.484386", "From Wellington Arch, Hyde Park to Normand Park, West Kensington"
"LINESTRING (-0.191933 51.495866,-0.204815 51.484386", "From Lexham Gardens, Kensington to Normand Park, West Kensington"
"LINESTRING (-0.149569 51.50274,-0.204815 51.484386", "From Wellington Arch, Hyde Park to Normand Park, West Kensington"
"LINESTRING (-0.125972 51.49764,-0.204815 51.484386", "From Abingdon Green, Westminster to Normand Park, West Kensington"
"LINESTRING (-0.199135 51.468418,-0.204815 51.484386", "From Broomhouse Lane, Parsons Green to Normand Park, West Kensington"
"LINESTRING (-0.170194 51.489716,-0.204815 51.484386", "From St. Luke's Church, Chelsea to Normand Park, West Kensington"
"LINESTRING (-0.194757 51.493343,-0.204815 51.484386", "From Nevern Place, Earl's Court to Normand Park, West Kensington"
"LINESTRING (-0.209378 51.489591,-0.204815 51.484386", "From Vereker Road, West Kensington to Normand Park, West Kensington"
"LINESTRING (-0.145904 51.507069,-0.204815 51.484386", "From Curzon Street, Mayfair to Normand Park, West Kensington"
"LINESTRING (-0.18377 51.5171,-0.204815 51.484386", "From Bishop's Bridge Road East, Bayswater to Normand Park, West Kensington"
"LINESTRING (-0.125972 51.49764,-0.204815 51.484386", "From Abingdon Green, Westminster to Normand Park, West Kensington"
"LINESTRING (-0.183289 51.496462,-0.204815 51.484386", "From Gloucester Road (Central), South Kensington to Normand Park, West Kensington"
"LINESTRING (-0.173715 51.491211,-0.204815 51.484386", "From Sumner Place, South Kensington to Normand Park, West Kensington"
"LINESTRING (-0.183486 51.529857,-0.204815 51.484386", "From Maida Vale, Maida Vale to Normand Park, West Kensington"
"LINESTRING (-0.149569 51.50274,-0.204815 51.484386", "From Wellington Arch, Hyde Park to Normand Park, West Kensington"
"LINESTRING (-0.199135 51.468418,-0.204815 51.484386", "From Broomhouse Lane, Parsons Green to Normand Park, West Kensington"
"LINESTRING (-0.167919 51.484984,-0.204815 51.484386", "From Phene Street, Chelsea to Normand Park, West Kensington"
"LINESTRING (-0.185273 51.481765,-0.204815 51.484386", "From Hortensia Road, West Brompton to Normand Park, West Kensington"
"LINESTRING (-0.217995 51.487285,-0.204815 51.484386", "From Charing Cross Hospital, Hammersmith to Normand Park, West Kensington"
"LINESTRING (-0.217995 51.487285,-0.204815 51.484386", "From Charing Cross Hospital, Hammersmith to Normand Park, West Kensington"
"LINESTRING (-0.162418 51.490083,-0.204815 51.484386", "From Royal Avenue 2, Chelsea to Normand Park, West Kensington"
"LINESTRING (-0.194757 51.493343,-0.204815 51.484386", "From Nevern Place, Earl's Court to Normand Park, West Kensington"
"LINESTRING (-0.122219 51.51477,-0.204815 51.484386", "From Drury Lane, Covent Garden to Normand Park, West Kensington"
"LINESTRING (-0.183853 51.480898,-0.204815 51.484386", "From Thorndike Close, West Chelsea to Normand Park, West Kensington"
"LINESTRING (-0.149569 51.50274,-0.204815 51.484386", "From Wellington Arch, Hyde Park to Normand Park, West Kensington"
"LINESTRING (-0.170329 51.477684,-0.204815 51.484386", "From Westbridge Road, Battersea to Normand Park, West Kensington"
"LINESTRING (-0.19617 51.490853,-0.204815 51.484386", "From Trebovir Road, Earl's Court to Normand Park, West Kensington"
"LINESTRING (-0.225787 51.514767,-0.204815 51.484386", "From BBC White City, White City to Normand Park, West Kensington"
"LINESTRING (-0.179369 51.487196,-0.15823 51.46879", "From Drayton Gardens, West Chelsea to Holden Street, Battersea"
"LINESTRING (-0.144165 51.510736,-0.15823 51.46879", "From Bruton Street, Mayfair to Holden Street, Battersea"
"LINESTRING (-0.139956 51.493573,-0.15823 51.46879", "From Queen Mother Sports Centre, Victoria to Holden Street, Battersea"
"LINESTRING (-0.164207 51.517372,-0.15823 51.46879", "From Harrowby Street, Marylebone to Holden Street, Battersea"
"LINESTRING (-0.147857 51.477966,-0.15823 51.46879", "From Gas Holders, Battersea Park to Holden Street, Battersea"
"LINESTRING (-0.14177 51.479501,-0.15823 51.46879", "From Battersea Park Road, Nine Elms to Holden Street, Battersea"
"LINESTRING (-0.187427 51.460864,-0.15823 51.46879", "From Wandsworth Town Station, Wandsworth to Holden Street, Battersea"
"LINESTRING (-0.15934 51.500241,-0.15823 51.46879", "From Harriet Street, Knightsbridge to Holden Street, Battersea"
"LINESTRING (-0.147857 51.477966,-0.15823 51.46879", "From Gas Holders, Battersea Park to Holden Street, Battersea"
"LINESTRING (-0.156876 51.49313,-0.15823 51.46879", "From Sedding Street, Sloane Square to Holden Street, Battersea"
"LINESTRING (-0.18119 51.485587,-0.184318 51.468819", "From Limerston Street, West Chelsea to William Morris Way, Sands End"
"LINESTRING (-0.206029 51.49087,-0.184318 51.468819", "From West Kensington Station, West Kensington to William Morris Way, Sands End"
"LINESTRING (-0.196274 51.46904,-0.184318 51.468819", "From Peterborough Road, Sands End to William Morris Way, Sands End"
"LINESTRING (-0.161765 51.487964,-0.184318 51.468819", "From Ormonde Gate, Chelsea to William Morris Way, Sands End"
"LINESTRING (-0.2174 51.504038,-0.184318 51.468819", "From Woodstock Grove, Shepherd's Bush to William Morris Way, Sands End"
"LINESTRING (-0.20464 51.470131,-0.184318 51.468819", "From Hurlingham Park, Parsons Green to William Morris Way, Sands End"
"LINESTRING (-0.189155 51.477292,-0.184318 51.468819", "From Michael Road, Walham Green to William Morris Way, Sands End"
"LINESTRING (-0.194116 51.479932,-0.184318 51.468819", "From Fulham Broadway, Walham Green to William Morris Way, Sands End"
"LINESTRING (-0.170329 51.477684,-0.184318 51.468819", "From Westbridge Road, Battersea to William Morris Way, Sands End"
"LINESTRING (-0.132224 51.49206,-0.184318 51.468819", "From Regency Street, Westminster to William Morris Way, Sands End"
"LINESTRING (-0.195777 51.479463,-0.184318 51.468819", "From Erin Close, Walham Green to William Morris Way, Sands End"
"LINESTRING (-0.204815 51.484386,-0.184318 51.468819", "From Normand Park, West Kensington to William Morris Way, Sands End"
"LINESTRING (-0.194116 51.479932,-0.184318 51.468819", "From Fulham Broadway, Walham Green to William Morris Way, Sands End"
"LINESTRING (-0.18119 51.485587,-0.184318 51.468819", "From Limerston Street, West Chelsea to William Morris Way, Sands End"
"LINESTRING (-0.147624 51.49395,-0.184318 51.468819", "From Eccleston Place, Victoria to William Morris Way, Sands End"
"LINESTRING (-0.194116 51.479932,-0.184318 51.468819", "From Fulham Broadway, Walham Green to William Morris Way, Sands End"
"LINESTRING (-0.210941 51.504199,-0.184318 51.468819", "From Addison Road, Holland Park to William Morris Way, Sands End"
"LINESTRING (-0.20464 51.470131,-0.184318 51.468819", "From Hurlingham Park, Parsons Green to William Morris Way, Sands End"
"LINESTRING (-0.173029 51.464894,-0.184318 51.468819", "From Grant Road East, Clapham Junction to William Morris Way, Sands End"
"LINESTRING (-0.167919 51.484984,-0.184318 51.468819", "From Phene Street, Chelsea to William Morris Way, Sands End"
"LINESTRING (-0.123702 51.506767,-0.184318 51.468819", "From Northumberland Avenue, Strand to William Morris Way, Sands End"
"LINESTRING (-0.210279 51.468814,-0.184318 51.468819", "From Putney Bridge Station, Fulham to William Morris Way, Sands End"
"LINESTRING (-0.187278 51.475142,-0.184318 51.468819", "From Imperial Road, Sands End to William Morris Way, Sands End"
"LINESTRING (-0.161765 51.487964,-0.184318 51.468819", "From Ormonde Gate, Chelsea to William Morris Way, Sands End"
"LINESTRING (-0.191803 51.473611,-0.184318 51.468819", "From Sandilands Road, Walham Green to William Morris Way, Sands End"
"LINESTRING (-0.190393 51.490163,-0.184318 51.468819", "From Bramham Gardens, Earl's Court to William Morris Way, Sands End"
"LINESTRING (-0.214428 51.486062,-0.190184 51.459953", "From Greyhound Road, Hammersmith to Morie Street, Wandsworth"
"LINESTRING (-0.185273 51.481765,-0.190184 51.459953", "From Hortensia Road, West Brompton to Morie Street, Wandsworth"
"LINESTRING (-0.147714 51.483507,-0.190184 51.459953", "From Battersea Power Station, Battersea Park to Morie Street, Wandsworth"
"LINESTRING (-0.136123 51.482362,-0.190184 51.459953", "From Riverlight North, Nine Elms to Morie Street, Wandsworth"
"LINESTRING (-0.183834 51.497924,-0.190184 51.459953", "From Gloucester Road (North), Kensington to Morie Street, Wandsworth"
"LINESTRING (-0.20624 51.461999,-0.190184 51.459953", "From Putney Bridge Road, East Putney to Morie Street, Wandsworth"
"LINESTRING (-0.20624 51.461999,-0.190184 51.459953", "From Putney Bridge Road, East Putney to Morie Street, Wandsworth"
"LINESTRING (-0.116493 51.477839,-0.126994 51.470732", "From Caldwell Street, Stockwell to Clarence Walk, Stockwell"
"LINESTRING (-0.134234 51.494591,-0.126994 51.470732", "From Greycoat Street , Westminster to Clarence Walk, Stockwell"
"LINESTRING (-0.111435 51.48894,-0.126994 51.470732", "From Kennington Cross, Kennington to Clarence Walk, Stockwell"
"LINESTRING (-0.08974 51.500823,-0.126994 51.470732", "From Empire Square, The Borough to Clarence Walk, Stockwell"
"LINESTRING (-0.153194 51.501352,-0.126994 51.470732", "From Grosvenor Crescent, Belgravia to Clarence Walk, Stockwell"
"LINESTRING (-0.130908 51.464995,-0.126994 51.470732", "From Gauden Road, Clapham to Clarence Walk, Stockwell"
"LINESTRING (-0.169821 51.466633,-0.126994 51.470732", "From Falcon Road, Clapham Junction to Clarence Walk, Stockwell"
"LINESTRING (-0.189155 51.477292,-0.126994 51.470732", "From Michael Road, Walham Green to Clarence Walk, Stockwell"
"LINESTRING (-0.141423 51.514499,-0.126994 51.470732", "From Little Argyll Street, West End to Clarence Walk, Stockwell"
"LINESTRING (-0.111471 51.479601,-0.126994 51.470732", "From Cranmer Road, Stockwell to Clarence Walk, Stockwell"
"LINESTRING (-0.163041 51.470538,-0.126994 51.470732", "From Sheepcote Lane, Battersea to Clarence Walk, Stockwell"
"LINESTRING (-0.14177 51.479501,-0.126994 51.470732", "From Battersea Park Road, Nine Elms to Clarence Walk, Stockwell"
"LINESTRING (-0.13151 51.509639,-0.126994 51.470732", "From Panton Street, West End to Clarence Walk, Stockwell"
"LINESTRING (-0.14177 51.479501,-0.14177 51.479501", "From Battersea Park Road, Nine Elms to Battersea Park Road, Nine Elms"
"LINESTRING (-0.132102 51.472918,-0.14177 51.479501", "From Courland Grove, Wandsworth Road to Battersea Park Road, Nine Elms"
"LINESTRING (-0.139625 51.490962,-0.14177 51.479501", "From Gloucester Street, Pimlico to Battersea Park Road, Nine Elms"
"LINESTRING (-0.163041 51.470538,-0.14177 51.479501", "From Sheepcote Lane, Battersea to Battersea Park Road, Nine Elms"
"LINESTRING (-0.126994 51.470732,-0.14177 51.479501", "From Clarence Walk, Stockwell to Battersea Park Road, Nine Elms"
"LINESTRING (-0.133972 51.472993,-0.14177 51.479501", "From Union Grove, Wandsworth Road to Battersea Park Road, Nine Elms"
"LINESTRING (-0.118256 51.47659,-0.14177 51.479501", "From Albert Square, Stockwell to Battersea Park Road, Nine Elms"
"LINESTRING (-0.147714 51.483507,-0.14177 51.479501", "From Battersea Power Station, Battersea Park to Battersea Park Road, Nine Elms"
"LINESTRING (-0.14177 51.479501,-0.14177 51.479501", "From Battersea Park Road, Nine Elms to Battersea Park Road, Nine Elms"
"LINESTRING (-0.15213 51.470475,-0.14177 51.479501", "From Stanley Grove, Battersea to Battersea Park Road, Nine Elms"
"LINESTRING (-0.155442 51.474376,-0.14177 51.479501", "From Austin Road, Battersea Park to Battersea Park Road, Nine Elms"
"LINESTRING (-0.164786 51.477292,-0.14177 51.479501", "From Ethelburga Estate, Battersea Park to Battersea Park Road, Nine Elms"
"LINESTRING (-0.155442 51.474376,-0.14177 51.479501", "From Austin Road, Battersea Park to Battersea Park Road, Nine Elms"
"LINESTRING (-0.145211 51.520715,-0.14177 51.479501", "From Portland Place, Marylebone to Battersea Park Road, Nine Elms"
"LINESTRING (-0.124469 51.485917,-0.14177 51.479501", "From Vauxhall Cross, Vauxhall to Battersea Park Road, Nine Elms"
"LINESTRING (-0.111435 51.48894,-0.14177 51.479501", "From Kennington Cross, Kennington to Battersea Park Road, Nine Elms"
"LINESTRING (-0.124642 51.481747,-0.14177 51.479501", "From South Lambeth Road, Vauxhall to Battersea Park Road, Nine Elms"
"LINESTRING (-0.155442 51.474376,-0.14177 51.479501", "From Austin Road, Battersea Park to Battersea Park Road, Nine Elms"
"LINESTRING (-0.124469 51.485917,-0.14177 51.479501", "From Vauxhall Cross, Vauxhall to Battersea Park Road, Nine Elms"
"LINESTRING (-0.137424 51.498865,-0.14177 51.479501", "From Buckingham Gate, Westminster to Battersea Park Road, Nine Elms"
"LINESTRING (-0.15785 51.471095,-0.14177 51.479501", "From Culvert Road, Battersea to Battersea Park Road, Nine Elms"
"LINESTRING (-0.179038 51.479573,-0.14177 51.479501", "From Lots Road, West Chelsea to Battersea Park Road, Nine Elms"
"LINESTRING (-0.14177 51.479501,-0.14177 51.479501", "From Battersea Park Road, Nine Elms to Battersea Park Road, Nine Elms"
"LINESTRING (-0.139625 51.490962,-0.14177 51.479501", "From Gloucester Street, Pimlico to Battersea Park Road, Nine Elms"
"LINESTRING (-0.214749 51.473036,-0.14177 51.479501", "From Bishop's Avenue, Fulham to Battersea Park Road, Nine Elms"
"LINESTRING (-0.174347 51.476964,-0.14177 51.479501", "From Battersea Church Road, Battersea to Battersea Park Road, Nine Elms"
"LINESTRING (-0.155442 51.474376,-0.14177 51.479501", "From Austin Road, Battersea Park to Battersea Park Road, Nine Elms"
"LINESTRING (-0.155442 51.474376,-0.14177 51.479501", "From Austin Road, Battersea Park to Battersea Park Road, Nine Elms"
"LINESTRING (-0.159169 51.475153,-0.14177 51.479501", "From Prince of Wales Drive, Battersea Park to Battersea Park Road, Nine Elms"
"LINESTRING (-0.122831 51.472509,-0.14177 51.479501", "From Binfield Road, Stockwell to Battersea Park Road, Nine Elms"
"LINESTRING (-0.152317 51.499412,-0.14177 51.479501", "From Belgrave Square, Belgravia to Battersea Park Road, Nine Elms"
"LINESTRING (-0.109256 51.526443,-0.14177 51.479501", "From Tysoe Street, Clerkenwell to Battersea Park Road, Nine Elms"
"LINESTRING (-0.115781 51.464019,-0.14177 51.479501", "From Ferndale Road, Brixton to Battersea Park Road, Nine Elms"
"LINESTRING (-0.186753 51.491615,-0.14177 51.479501", "From Collingham Gardens, Earl's Court to Battersea Park Road, Nine Elms"
"LINESTRING (-0.119022 51.469202,-0.14177 51.479501", "From Sidney Road, Stockwell to Battersea Park Road, Nine Elms"
"LINESTRING (-0.115781 51.464019,-0.14177 51.479501", "From Ferndale Road, Brixton to Battersea Park Road, Nine Elms"
"LINESTRING (-0.142943 51.496863,-0.14177 51.479501", "From Allington Street, Victoria to Battersea Park Road, Nine Elms"
"LINESTRING (-0.130458 51.494816,-0.14177 51.479501", "From Horseferry Road, Westminster to Battersea Park Road, Nine Elms"
"LINESTRING (-0.167919 51.484984,-0.14177 51.479501", "From Phene Street, Chelsea to Battersea Park Road, Nine Elms"
"LINESTRING (-0.147857 51.477966,-0.14177 51.479501", "From Gas Holders, Battersea Park to Battersea Park Road, Nine Elms"
"LINESTRING (-0.200667 51.460951,-0.14177 51.479501", "From Northfields, Wandsworth to Battersea Park Road, Nine Elms"
"LINESTRING (-0.100186 51.505817,-0.14177 51.479501", "From Bankside Mix, Bankside to Battersea Park Road, Nine Elms"
"LINESTRING (-0.15823 51.46879,-0.14177 51.479501", "From Holden Street, Battersea to Battersea Park Road, Nine Elms"
"LINESTRING (-0.124469 51.485917,-0.14177 51.479501", "From Vauxhall Cross, Vauxhall to Battersea Park Road, Nine Elms"
"LINESTRING (-0.100186 51.505817,-0.14177 51.479501", "From Bankside Mix, Bankside to Battersea Park Road, Nine Elms"
"LINESTRING (-0.159322 51.461343,-0.14177 51.479501", "From Clapham Common North Side, Clapham Common to Battersea Park Road, Nine Elms"
"LINESTRING (-0.139221 51.461388,-0.14177 51.479501", "From Clapham Common Station, Clapham Common to Battersea Park Road, Nine Elms"
"LINESTRING (-0.11258 51.473874,-0.14177 51.479501", "From Normandy Road, Stockwell to Battersea Park Road, Nine Elms"
"LINESTRING (-0.079608 51.521668,-0.14177 51.479501", "From Worship Street, Shoreditch to Battersea Park Road, Nine Elms"
"LINESTRING (-0.163041 51.470538,-0.14177 51.479501", "From Sheepcote Lane, Battersea to Battersea Park Road, Nine Elms"
"LINESTRING (-0.15823 51.46879,-0.14177 51.479501", "From Holden Street, Battersea to Battersea Park Road, Nine Elms"
"LINESTRING (-0.110683 51.484788,-0.14177 51.479501", "From Kennington Road Post Office, Oval to Battersea Park Road, Nine Elms"
"LINESTRING (-0.113426 51.503919,-0.14177 51.479501", "From Waterloo Station 2, Waterloo to Battersea Park Road, Nine Elms"
"LINESTRING (-0.0985 51.51601,-0.14177 51.479501", "From King Edward Street, St Pauls to Battersea Park Road, Nine Elms"
"LINESTRING (-0.155442 51.474376,-0.14177 51.479501", "From Austin Road, Battersea Park to Battersea Park Road, Nine Elms"
"LINESTRING (-0.16375 51.465064,-0.163041 51.470538", "From Dorothy Road, Clapham Junction to Sheepcote Lane, Battersea"
"LINESTRING (-0.161113 51.522596,-0.163041 51.470538", "From Dorset Square, Marylebone to Sheepcote Lane, Battersea"
"LINESTRING (-0.11258 51.473874,-0.163041 51.470538", "From Normandy Road, Stockwell to Sheepcote Lane, Battersea"
"LINESTRING (-0.139221 51.461388,-0.163041 51.470538", "From Clapham Common Station, Clapham Common to Sheepcote Lane, Battersea"
"LINESTRING (-0.15213 51.470475,-0.163041 51.470538", "From Stanley Grove, Battersea to Sheepcote Lane, Battersea"
"LINESTRING (-0.148059 51.472865,-0.163041 51.470538", "From Silverthorne Road, Battersea to Sheepcote Lane, Battersea"
"LINESTRING (-0.157788 51.465123,-0.163041 51.470538", "From Sugden Road, Clapham to Sheepcote Lane, Battersea"
"LINESTRING (-0.180389 51.46517,-0.163041 51.470538", "From Hibbert Street, Battersea to Sheepcote Lane, Battersea"
"LINESTRING (-0.14177 51.479501,-0.163041 51.470538", "From Battersea Park Road, Nine Elms to Sheepcote Lane, Battersea"
"LINESTRING (-0.14177 51.479501,-0.163041 51.470538", "From Battersea Park Road, Nine Elms to Sheepcote Lane, Battersea"
"LINESTRING (-0.170329 51.477684,-0.163041 51.470538", "From Westbridge Road, Battersea to Sheepcote Lane, Battersea"
"LINESTRING (-0.21985 51.493267,-0.163041 51.470538", "From Hammersmith Road, Hammersmith to Sheepcote Lane, Battersea"
"LINESTRING (-0.114605 51.495656,-0.163041 51.470538", "From Sail Street, Vauxhall to Sheepcote Lane, Battersea"
"LINESTRING (-0.164786 51.477292,-0.163041 51.470538", "From Ethelburga Estate, Battersea Park to Sheepcote Lane, Battersea"
"LINESTRING (-0.127575 51.495805,-0.163041 51.470538", "From Smith Square, Westminster to Sheepcote Lane, Battersea"
"LINESTRING (-0.155442 51.474376,-0.163041 51.470538", "From Austin Road, Battersea Park to Sheepcote Lane, Battersea"
"LINESTRING (-0.115781 51.464019,-0.163041 51.470538", "From Ferndale Road, Brixton to Sheepcote Lane, Battersea"
"LINESTRING (-0.147857 51.477966,-0.163041 51.470538", "From Gas Holders, Battersea Park to Sheepcote Lane, Battersea"
"LINESTRING (-0.12367 51.471433,-0.163041 51.470538", "From Clapham Road, Lingham Street, Stockwell to Sheepcote Lane, Battersea"
"LINESTRING (-0.170329 51.477684,-0.163041 51.470538", "From Westbridge Road, Battersea to Sheepcote Lane, Battersea"
"LINESTRING (-0.163041 51.470538,-0.163041 51.470538", "From Sheepcote Lane, Battersea to Sheepcote Lane, Battersea"
"LINESTRING (-0.194116 51.479932,-0.163041 51.470538", "From Fulham Broadway, Walham Green to Sheepcote Lane, Battersea"
"LINESTRING (-0.15213 51.470475,-0.163041 51.470538", "From Stanley Grove, Battersea to Sheepcote Lane, Battersea"
"LINESTRING (-0.150908 51.47505,-0.163041 51.470538", "From Alfreda Street, Battersea Park to Sheepcote Lane, Battersea"
"LINESTRING (-0.209973 51.481021,-0.209378 51.489591", "From Aintree Street, Fulham to Vereker Road, West Kensington"
"LINESTRING (-0.21985 51.493267,-0.209378 51.489591", "From Hammersmith Road, Hammersmith to Vereker Road, West Kensington"
"LINESTRING (-0.195455 51.500401,-0.209378 51.489591", "From Argyll Road, Kensington to Vereker Road, West Kensington"
"LINESTRING (-0.215804 51.494347,-0.209378 51.489591", "From Brook Green South, Brook Green to Vereker Road, West Kensington"
"LINESTRING (-0.215895 51.476885,-0.209378 51.489591", "From Finlay Street, Fulham to Vereker Road, West Kensington"
"LINESTRING (-0.201968 51.475089,-0.209378 51.489591", "From Parsons Green Station, Parsons Green to Vereker Road, West Kensington"
"LINESTRING (-0.208888 51.5212,-0.209378 51.489591", "From Bevington Road West, North Kensington to Vereker Road, West Kensington"
"LINESTRING (-0.134621 51.507424,-0.209378 51.489591", "From St. James's Square, St. James's to Vereker Road, West Kensington"
"LINESTRING (-0.205991 51.501391,-0.209378 51.489591", "From Abbotsbury Road, Holland Park to Vereker Road, West Kensington"
"LINESTRING (-0.195777 51.479463,-0.209378 51.489591", "From Erin Close, Walham Green to Vereker Road, West Kensington"
"LINESTRING (-0.21819 51.511486,-0.209378 51.489591", "From Evesham Street, Avondale to Vereker Road, West Kensington"
"LINESTRING (-0.202038 51.48357,-0.209378 51.489591", "From Coomer Place, West Kensington to Vereker Road, West Kensington"
"LINESTRING (-0.194116 51.479932,-0.209378 51.489591", "From Fulham Broadway, Walham Green to Vereker Road, West Kensington"
"LINESTRING (-0.153233 51.490959,-0.209378 51.489591", "From Bourne Street, Belgravia to Vereker Road, West Kensington"
"LINESTRING (-0.193068 51.500397,-0.209378 51.489591", "From Wright's Lane, Kensington to Vereker Road, West Kensington"
"LINESTRING (-0.215895 51.476885,-0.209378 51.489591", "From Finlay Street, Fulham to Vereker Road, West Kensington"
"LINESTRING (-0.19701 51.473763,-0.209378 51.489591", "From Irene Road, Parsons Green to Vereker Road, West Kensington"
"LINESTRING (-0.214594 51.510928,-0.209378 51.489591", "From Sirdar Road, Avondale to Vereker Road, West Kensington"
"LINESTRING (-0.199783 51.472817,-0.209378 51.489591", "From Parson's Green , Parson's Green to Vereker Road, West Kensington"
"LINESTRING (-0.202038 51.48357,-0.209378 51.489591", "From Coomer Place, West Kensington to Vereker Road, West Kensington"
"LINESTRING (-0.190393 51.490163,-0.209378 51.489591", "From Bramham Gardens, Earl's Court to Vereker Road, West Kensington"
"LINESTRING (-0.117619 51.509943,-0.209378 51.489591", "From Somerset House, Strand to Vereker Road, West Kensington"
"LINESTRING (-0.179077 51.495592,-0.209378 51.489591", "From Natural History Museum, South Kensington to Vereker Road, West Kensington"
"LINESTRING (-0.223868 51.496664,-0.209378 51.489591", "From Little Brook Green, Brook Green to Vereker Road, West Kensington"
"LINESTRING (-0.151926 51.516814,-0.209378 51.489591", "From Hinde Street, Marylebone to Vereker Road, West Kensington"
"LINESTRING (-0.205279 51.487244,-0.209378 51.489591", "From Star Road, West Kensington to Vereker Road, West Kensington"
"LINESTRING (-0.190393 51.490163,-0.215804 51.494347", "From Bramham Gardens, Earl's Court to Brook Green South, Brook Green"
"LINESTRING (-0.197574 51.499606,-0.215804 51.494347", "From Phillimore Gardens, Kensington to Brook Green South, Brook Green"
"LINESTRING (-0.21186 51.483217,-0.215804 51.494347", "From Humbolt Road, Fulham to Brook Green South, Brook Green"
"LINESTRING (-0.179702 51.499428,-0.215804 51.494347", "From Imperial College, Knightsbridge to Brook Green South, Brook Green"
"LINESTRING (-0.214428 51.486062,-0.215804 51.494347", "From Greyhound Road, Hammersmith to Brook Green South, Brook Green"
"LINESTRING (-0.209378 51.489591,-0.215804 51.494347", "From Vereker Road, West Kensington to Brook Green South, Brook Green"
"LINESTRING (-0.197574 51.499606,-0.215804 51.494347", "From Phillimore Gardens, Kensington to Brook Green South, Brook Green"
"LINESTRING (-0.205535 51.507481,-0.215804 51.494347", "From Lansdowne Road, Ladbroke Grove to Brook Green South, Brook Green"
"LINESTRING (-0.165842 51.522029,-0.215804 51.494347", "From Bell Street , Marylebone to Brook Green South, Brook Green"
"LINESTRING (-0.216145 51.46161,-0.215804 51.494347", "From Disraeli Road, Putney to Brook Green South, Brook Green"
"LINESTRING (-0.197574 51.499606,-0.215804 51.494347", "From Phillimore Gardens, Kensington to Brook Green South, Brook Green"
"LINESTRING (-0.204815 51.484386,-0.215804 51.494347", "From Normand Park, West Kensington to Brook Green South, Brook Green"
"LINESTRING (-0.174554 51.499917,-0.215804 51.494347", "From Exhibition Road, Knightsbridge to Brook Green South, Brook Green"
"LINESTRING (-0.197574 51.499606,-0.215804 51.494347", "From Phillimore Gardens, Kensington to Brook Green South, Brook Green"
"LINESTRING (-0.183846 51.523344,-0.215804 51.494347", "From Warwick Avenue Station, Maida Vale to Brook Green South, Brook Green"
"LINESTRING (-0.224303 51.506093,-0.215804 51.494347", "From Westfield Library Corner, Shepherd's Bush to Brook Green South, Brook Green"
"LINESTRING (-0.157275 51.510017,-0.215804 51.494347", "From Park Lane , Hyde Park to Brook Green South, Brook Green"
"LINESTRING (-0.138089 51.484839,-0.214428 51.486062", "From Claverton Street, Pimlico to Greyhound Road, Hammersmith"
"LINESTRING (-0.215087 51.490217,-0.214428 51.486062", "From Barons Court Station, West Kensington to Greyhound Road, Hammersmith"
"LINESTRING (-0.197574 51.499606,-0.214428 51.486062", "From Phillimore Gardens, Kensington to Greyhound Road, Hammersmith"
"LINESTRING (-0.215087 51.490217,-0.214428 51.486062", "From Barons Court Station, West Kensington to Greyhound Road, Hammersmith"
"LINESTRING (-0.19617 51.490853,-0.214428 51.486062", "From Trebovir Road, Earl's Court to Greyhound Road, Hammersmith"
"LINESTRING (-0.211358 51.510101,-0.214428 51.486062", "From Walmer Road, Avondale to Greyhound Road, Hammersmith"
"LINESTRING (-0.205279 51.487244,-0.214428 51.486062", "From Star Road, West Kensington to Greyhound Road, Hammersmith"
"LINESTRING (-0.215087 51.490217,-0.214428 51.486062", "From Barons Court Station, West Kensington to Greyhound Road, Hammersmith"
"LINESTRING (-0.215087 51.490217,-0.214428 51.486062", "From Barons Court Station, West Kensington to Greyhound Road, Hammersmith"
"LINESTRING (-0.191803 51.473611,-0.214428 51.486062", "From Sandilands Road, Walham Green to Greyhound Road, Hammersmith"
"LINESTRING (-0.214428 51.486062,-0.214428 51.486062", "From Greyhound Road, Hammersmith to Greyhound Road, Hammersmith"
"LINESTRING (-0.216573 51.466907,-0.214428 51.486062", "From Putney Pier, Wandsworth to Greyhound Road, Hammersmith"
"LINESTRING (-0.215087 51.490217,-0.214428 51.486062", "From Barons Court Station, West Kensington to Greyhound Road, Hammersmith"
"LINESTRING (-0.198286 51.493724,-0.214428 51.486062", "From West Cromwell Road, Earl's Court to Greyhound Road, Hammersmith"
"LINESTRING (-0.215087 51.490217,-0.214428 51.486062", "From Barons Court Station, West Kensington to Greyhound Road, Hammersmith"
"LINESTRING (-0.205876 51.475698,-0.214428 51.486062", "From Chesilton Road, Fulham to Greyhound Road, Hammersmith"
"LINESTRING (-0.179369 51.487196,-0.214428 51.486062", "From Drayton Gardens, West Chelsea to Greyhound Road, Hammersmith"
"LINESTRING (-0.179702 51.499428,-0.214428 51.486062", "From Imperial College, Knightsbridge to Greyhound Road, Hammersmith"
"LINESTRING (-0.205279 51.487244,-0.214428 51.486062", "From Star Road, West Kensington to Greyhound Road, Hammersmith"
"LINESTRING (-0.21555 51.463211,-0.214428 51.486062", "From Montserrat Road , Putney to Greyhound Road, Hammersmith"
"LINESTRING (-0.137235 51.473116,-0.214428 51.486062", "From Stewart's Road, Wandsworth Road to Greyhound Road, Hammersmith"
"LINESTRING (-0.191803 51.473611,-0.214428 51.486062", "From Sandilands Road, Walham Green to Greyhound Road, Hammersmith"
"LINESTRING (-0.21186 51.483217,-0.214428 51.486062", "From Humbolt Road, Fulham to Greyhound Road, Hammersmith"
"LINESTRING (-0.215087 51.490217,-0.214428 51.486062", "From Barons Court Station, West Kensington to Greyhound Road, Hammersmith"
"LINESTRING (-0.215087 51.490217,-0.214428 51.486062", "From Barons Court Station, West Kensington to Greyhound Road, Hammersmith"
"LINESTRING (-0.157788 51.465123,-0.214428 51.486062", "From Sugden Road, Clapham to Greyhound Road, Hammersmith"
"LINESTRING (-0.216573 51.466907,-0.214428 51.486062", "From Putney Pier, Wandsworth to Greyhound Road, Hammersmith"
"LINESTRING (-0.142844 51.506613,-0.214428 51.486062", "From Green Park Station, Mayfair to Greyhound Road, Hammersmith"
"LINESTRING (-0.223852 51.483732,-0.214428 51.486062", "From Rainville Road, Hammersmith to Greyhound Road, Hammersmith"
"LINESTRING (-0.202038 51.48357,-0.214428 51.486062", "From Coomer Place, West Kensington to Greyhound Road, Hammersmith"
"LINESTRING (-0.215087 51.490217,-0.214428 51.486062", "From Barons Court Station, West Kensington to Greyhound Road, Hammersmith"
"LINESTRING (-0.214428 51.486062,-0.214428 51.486062", "From Greyhound Road, Hammersmith to Greyhound Road, Hammersmith"
"LINESTRING (-0.202038 51.48357,-0.214428 51.486062", "From Coomer Place, West Kensington to Greyhound Road, Hammersmith"
"LINESTRING (-0.215804 51.494347,-0.214428 51.486062", "From Brook Green South, Brook Green to Greyhound Road, Hammersmith"
"LINESTRING (-0.14296 51.497998,-0.214428 51.486062", "From Warwick Row, Westminster to Greyhound Road, Hammersmith"
"LINESTRING (-0.149569 51.50274,-0.214428 51.486062", "From Wellington Arch, Hyde Park to Greyhound Road, Hammersmith"
"LINESTRING (-0.214428 51.486062,-0.214428 51.486062", "From Greyhound Road, Hammersmith to Greyhound Road, Hammersmith"
"LINESTRING (-0.187404 51.487958,-0.193502 51.467064", "From Harcourt Terrace, West Brompton to South Park, Sands End"
"LINESTRING (-0.191803 51.473611,-0.193502 51.467064", "From Sandilands Road, Walham Green to South Park, Sands End"
"LINESTRING (-0.167919 51.484984,-0.193502 51.467064", "From Phene Street, Chelsea to South Park, Sands End"
"LINESTRING (-0.201968 51.475089,-0.193502 51.467064", "From Parsons Green Station, Parsons Green to South Park, Sands End"
"LINESTRING (-0.206827 51.467601,-0.193502 51.467064", "From Ranelagh Gardens, Fulham to South Park, Sands End"
"LINESTRING (-0.190346 51.46822,-0.193502 51.467064", "From Stephendale Road, Sands End to South Park, Sands End"
"LINESTRING (-0.113426 51.503919,-0.193502 51.467064", "From Waterloo Station 2, Waterloo to South Park, Sands End"
"LINESTRING (-0.194116 51.479932,-0.193502 51.467064", "From Fulham Broadway, Walham Green to South Park, Sands End"
"LINESTRING (-0.20464 51.470131,-0.193502 51.467064", "From Hurlingham Park, Parsons Green to South Park, Sands End"
"LINESTRING (-0.193502 51.467064,-0.193502 51.467064", "From South Park, Sands End to South Park, Sands End"
"LINESTRING (-0.226606 51.488108,-0.193502 51.467064", "From Crisp Road, Hammersmith to South Park, Sands End"
"LINESTRING (-0.183853 51.480898,-0.193502 51.467064", "From Thorndike Close, West Chelsea to South Park, Sands End"
"LINESTRING (-0.173029 51.464894,-0.193502 51.467064", "From Grant Road East, Clapham Junction to South Park, Sands End"
"LINESTRING (-0.183165 51.474665,-0.193502 51.467064", "From Imperial Wharf Station, Sands End to South Park, Sands End"
"LINESTRING (-0.222293 51.501594,-0.193502 51.467064", "From Shepherd's Bush Road North, Shepherd's Bush to South Park, Sands End"
"LINESTRING (-0.194116 51.479932,-0.193502 51.467064", "From Fulham Broadway, Walham Green to South Park, Sands End"
"LINESTRING (-0.201968 51.475089,-0.193502 51.467064", "From Parsons Green Station, Parsons Green to South Park, Sands End"
"LINESTRING (-0.149035 51.481121,-0.174691 51.45787", "From Sopwith Way, Battersea Park to Spencer Park, Wandsworth Common"
"LINESTRING (-0.115781 51.464019,-0.174691 51.45787", "From Ferndale Road, Brixton to Spencer Park, Wandsworth Common"
"LINESTRING (-0.170329 51.477684,-0.174691 51.45787", "From Westbridge Road, Battersea to Spencer Park, Wandsworth Common"
"LINESTRING (-0.20782 51.473471,-0.174691 51.45787", "From Fulham Park Road, Fulham to Spencer Park, Wandsworth Common"
"LINESTRING (-0.08066 51.514225,-0.174691 51.45787", "From St. Mary Axe, Aldgate to Spencer Park, Wandsworth Common"
"LINESTRING (-0.170329 51.477684,-0.174691 51.45787", "From Westbridge Road, Battersea to Spencer Park, Wandsworth Common"
"LINESTRING (-0.139221 51.461388,-0.174691 51.45787", "From Clapham Common Station, Clapham Common to Spencer Park, Wandsworth Common"
"LINESTRING (-0.18119 51.485587,-0.174691 51.45787", "From Limerston Street, West Chelsea to Spencer Park, Wandsworth Common"
"LINESTRING (-0.139221 51.461388,-0.174691 51.45787", "From Clapham Common Station, Clapham Common to Spencer Park, Wandsworth Common"
"LINESTRING (-0.170194 51.489716,-0.169821 51.466633", "From St. Luke's Church, Chelsea to Falcon Road, Clapham Junction"
"LINESTRING (-0.170703 51.470847,-0.169821 51.466633", "From Simpson Street, Clapham Junction to Falcon Road, Clapham Junction"
"LINESTRING (-0.176267 51.472876,-0.169821 51.466633", "From Vicarage Crescent, Battersea to Falcon Road, Clapham Junction"
"LINESTRING (-0.170983 51.486892,-0.169821 51.466633", "From Manresa Road, Chelsea to Falcon Road, Clapham Junction"
"LINESTRING (-0.14177 51.479501,-0.169821 51.466633", "From Battersea Park Road, Nine Elms to Falcon Road, Clapham Junction"
"LINESTRING (-0.162727 51.489932,-0.169821 51.466633", "From Royal Avenue 1, Chelsea to Falcon Road, Clapham Junction"
"LINESTRING (-0.173715 51.491211,-0.169821 51.466633", "From Sumner Place, South Kensington to Falcon Road, Clapham Junction"
"LINESTRING (-0.170329 51.477684,-0.169821 51.466633", "From Westbridge Road, Battersea to Falcon Road, Clapham Junction"
"LINESTRING (-0.173715 51.491211,-0.169821 51.466633", "From Sumner Place, South Kensington to Falcon Road, Clapham Junction"
"LINESTRING (-0.155442 51.474376,-0.169821 51.466633", "From Austin Road, Battersea Park to Falcon Road, Clapham Junction"
"LINESTRING (-0.16716 51.47518,-0.169821 51.466633", "From Surrey Lane, Battersea to Falcon Road, Clapham Junction"
"LINESTRING (-0.147714 51.483507,-0.169821 51.466633", "From Battersea Power Station, Battersea Park to Falcon Road, Clapham Junction"
"LINESTRING (-0.173715 51.491211,-0.169821 51.466633", "From Sumner Place, South Kensington to Falcon Road, Clapham Junction"
"LINESTRING (-0.166878 51.488023,-0.169821 51.466633", "From Flood Street, Chelsea to Falcon Road, Clapham Junction"
"LINESTRING (-0.170703 51.470847,-0.169821 51.466633", "From Simpson Street, Clapham Junction to Falcon Road, Clapham Junction"
"LINESTRING (-0.174347 51.476964,-0.169821 51.466633", "From Battersea Church Road, Battersea to Falcon Road, Clapham Junction"
"LINESTRING (-0.170703 51.470847,-0.169821 51.466633", "From Simpson Street, Clapham Junction to Falcon Road, Clapham Junction"
"LINESTRING (-0.193502 51.467064,-0.169821 51.466633", "From South Park, Sands End to Falcon Road, Clapham Junction"
"LINESTRING (-0.163041 51.470538,-0.169821 51.466633", "From Sheepcote Lane, Battersea to Falcon Road, Clapham Junction"
"LINESTRING (-0.167894 51.493184,-0.169821 51.466633", "From Sloane Avenue, Knightsbridge to Falcon Road, Clapham Junction"
"LINESTRING (-0.15785 51.471095,-0.169821 51.466633", "From Culvert Road, Battersea to Falcon Road, Clapham Junction"
"LINESTRING (-0.170703 51.470847,-0.169821 51.466633", "From Simpson Street, Clapham Junction to Falcon Road, Clapham Junction"
"LINESTRING (-0.15934 51.500241,-0.169821 51.466633", "From Harriet Street, Knightsbridge to Falcon Road, Clapham Junction"
"LINESTRING (-0.179369 51.487196,-0.169821 51.466633", "From Drayton Gardens, West Chelsea to Falcon Road, Clapham Junction"
"LINESTRING (-0.150908 51.47505,-0.169821 51.466633", "From Alfreda Street, Battersea Park to Falcon Road, Clapham Junction"
"LINESTRING (-0.185273 51.481765,-0.169821 51.466633", "From Hortensia Road, West Brompton to Falcon Road, Clapham Junction"
"LINESTRING (-0.137235 51.473116,-0.169821 51.466633", "From Stewart's Road, Wandsworth Road to Falcon Road, Clapham Junction"
"LINESTRING (-0.155442 51.474376,-0.169821 51.466633", "From Austin Road, Battersea Park to Falcon Road, Clapham Junction"
"LINESTRING (-0.170703 51.470847,-0.169821 51.466633", "From Simpson Street, Clapham Junction to Falcon Road, Clapham Junction"
"LINESTRING (-0.086685 51.517075,-0.169821 51.466633", "From Finsbury Circus, Liverpool Street to Falcon Road, Clapham Junction"
"LINESTRING (-0.170329 51.477684,-0.169821 51.466633", "From Westbridge Road, Battersea to Falcon Road, Clapham Junction"
"LINESTRING (-0.179077 51.495592,-0.169821 51.466633", "From Natural History Museum, South Kensington to Falcon Road, Clapham Junction"
"LINESTRING (-0.176267 51.472876,-0.169821 51.466633", "From Vicarage Crescent, Battersea to Falcon Road, Clapham Junction"
"LINESTRING (-0.170703 51.470847,-0.169821 51.466633", "From Simpson Street, Clapham Junction to Falcon Road, Clapham Junction"
"LINESTRING (-0.174347 51.476964,-0.169821 51.466633", "From Battersea Church Road, Battersea to Falcon Road, Clapham Junction"
"LINESTRING (-0.170329 51.477684,-0.169821 51.466633", "From Westbridge Road, Battersea to Falcon Road, Clapham Junction"
"LINESTRING (-0.155442 51.474376,-0.169821 51.466633", "From Austin Road, Battersea Park to Falcon Road, Clapham Junction"
"LINESTRING (-0.125674 51.491884,-0.169821 51.466633", "From Millbank Tower, Pimlico to Falcon Road, Clapham Junction"
"LINESTRING (-0.173715 51.491211,-0.169821 51.466633", "From Sumner Place, South Kensington to Falcon Road, Clapham Junction"
"LINESTRING (-0.185273 51.481765,-0.169821 51.466633", "From Hortensia Road, West Brompton to Falcon Road, Clapham Junction"
"LINESTRING (-0.159169 51.475153,-0.169821 51.466633", "From Prince of Wales Drive, Battersea Park to Falcon Road, Clapham Junction"
"LINESTRING (-0.166878 51.488023,-0.169821 51.466633", "From Flood Street, Chelsea to Falcon Road, Clapham Junction"
"LINESTRING (-0.176267 51.472876,-0.169821 51.466633", "From Vicarage Crescent, Battersea to Falcon Road, Clapham Junction"
"LINESTRING (-0.170329 51.477684,-0.169821 51.466633", "From Westbridge Road, Battersea to Falcon Road, Clapham Junction"
"LINESTRING (-0.166878 51.488023,-0.169821 51.466633", "From Flood Street, Chelsea to Falcon Road, Clapham Junction"
"LINESTRING (-0.176267 51.472876,-0.169821 51.466633", "From Vicarage Crescent, Battersea to Falcon Road, Clapham Junction"
"LINESTRING (-0.176267 51.472876,-0.169821 51.466633", "From Vicarage Crescent, Battersea to Falcon Road, Clapham Junction"
"LINESTRING (-0.164786 51.477292,-0.169821 51.466633", "From Ethelburga Estate, Battersea Park to Falcon Road, Clapham Junction"
"LINESTRING (-0.176267 51.472876,-0.169821 51.466633", "From Vicarage Crescent, Battersea to Falcon Road, Clapham Junction"
"LINESTRING (-0.170329 51.477684,-0.169821 51.466633", "From Westbridge Road, Battersea to Falcon Road, Clapham Junction"
"LINESTRING (-0.191462 51.501364,-0.169821 51.466633", "From Derry Street, Kensington to Falcon Road, Clapham Junction"
"LINESTRING (-0.126874 51.47787,-0.169821 51.466633", "From Hartington Road, Stockwell to Falcon Road, Clapham Junction"
"LINESTRING (-0.173715 51.491211,-0.169821 51.466633", "From Sumner Place, South Kensington to Falcon Road, Clapham Junction"
"LINESTRING (-0.15823 51.46879,-0.169821 51.466633", "From Holden Street, Battersea to Falcon Road, Clapham Junction"
"LINESTRING (-0.176267 51.472876,-0.169821 51.466633", "From Vicarage Crescent, Battersea to Falcon Road, Clapham Junction"
"LINESTRING (-0.170329 51.477684,-0.169821 51.466633", "From Westbridge Road, Battersea to Falcon Road, Clapham Junction"
"LINESTRING (-0.176267 51.472876,-0.169821 51.466633", "From Vicarage Crescent, Battersea to Falcon Road, Clapham Junction"
"LINESTRING (-0.164786 51.477292,-0.169821 51.466633", "From Ethelburga Estate, Battersea Park to Falcon Road, Clapham Junction"
"LINESTRING (-0.147804 51.461376,-0.169821 51.466633", "From Victoria Rise, Clapham Common to Falcon Road, Clapham Junction"
"LINESTRING (-0.139221 51.461388,-0.169821 51.466633", "From Clapham Common Station, Clapham Common to Falcon Road, Clapham Junction"
"LINESTRING (-0.150908 51.47505,-0.169821 51.466633", "From Alfreda Street, Battersea Park to Falcon Road, Clapham Junction"
"LINESTRING (-0.159169 51.475153,-0.169821 51.466633", "From Prince of Wales Drive, Battersea Park to Falcon Road, Clapham Junction"
"LINESTRING (-0.174971 51.485121,-0.169821 51.466633", "From The Vale, Chelsea to Falcon Road, Clapham Junction"
"LINESTRING (-0.176267 51.472876,-0.169821 51.466633", "From Vicarage Crescent, Battersea to Falcon Road, Clapham Junction"
"LINESTRING (-0.18119 51.490945,-0.169821 51.466633", "From Old Brompton Road, South Kensington to Falcon Road, Clapham Junction"
"LINESTRING (-0.17021 51.474535,-0.169821 51.466633", "From Orbel Street, Battersea to Falcon Road, Clapham Junction"
"LINESTRING (-0.183853 51.480898,-0.169821 51.466633", "From Thorndike Close, West Chelsea to Falcon Road, Clapham Junction"
"LINESTRING (-0.183853 51.480898,-0.169821 51.466633", "From Thorndike Close, West Chelsea to Falcon Road, Clapham Junction"
"LINESTRING (-0.18119 51.485587,-0.169821 51.466633", "From Limerston Street, West Chelsea to Falcon Road, Clapham Junction"
"LINESTRING (-0.194116 51.479932,-0.202038 51.48357", "From Fulham Broadway, Walham Green to Coomer Place, West Kensington"
"LINESTRING (-0.197245 51.497387,-0.202038 51.48357", "From Abingdon Villas, Kensington to Coomer Place, West Kensington"
"LINESTRING (-0.21186 51.483217,-0.202038 51.48357", "From Humbolt Road, Fulham to Coomer Place, West Kensington"
"LINESTRING (-0.199783 51.472817,-0.202038 51.48357", "From Parson's Green , Parson's Green to Coomer Place, West Kensington"
"LINESTRING (-0.216305 51.483356,-0.202038 51.48357", "From Everington Street, Fulham to Coomer Place, West Kensington"
"LINESTRING (-0.183853 51.480898,-0.202038 51.48357", "From Thorndike Close, West Chelsea to Coomer Place, West Kensington"
"LINESTRING (-0.207842 51.471079,-0.202038 51.48357", "From Elysium Place, Fulham to Coomer Place, West Kensington"
"LINESTRING (-0.214428 51.486062,-0.202038 51.48357", "From Greyhound Road, Hammersmith to Coomer Place, West Kensington"
"LINESTRING (-0.202038 51.48357,-0.202038 51.48357", "From Coomer Place, West Kensington to Coomer Place, West Kensington"
"LINESTRING (-0.205279 51.487244,-0.202038 51.48357", "From Star Road, West Kensington to Coomer Place, West Kensington"
"LINESTRING (-0.202038 51.48357,-0.202038 51.48357", "From Coomer Place, West Kensington to Coomer Place, West Kensington"
"LINESTRING (-0.190603 51.493631,-0.202038 51.48357", "From Knaresborough Place, Earl's Court to Coomer Place, West Kensington"
"LINESTRING (-0.187404 51.487958,-0.202038 51.48357", "From Harcourt Terrace, West Brompton to Coomer Place, West Kensington"
"LINESTRING (-0.164786 51.477292,-0.202038 51.48357", "From Ethelburga Estate, Battersea Park to Coomer Place, West Kensington"
"LINESTRING (-0.207842 51.471079,-0.202038 51.48357", "From Elysium Place, Fulham to Coomer Place, West Kensington"
"LINESTRING (-0.20782 51.473471,-0.202038 51.48357", "From Fulham Park Road, Fulham to Coomer Place, West Kensington"
"LINESTRING (-0.20782 51.473471,-0.202038 51.48357", "From Fulham Park Road, Fulham to Coomer Place, West Kensington"
"LINESTRING (-0.201968 51.475089,-0.202038 51.48357", "From Parsons Green Station, Parsons Green to Coomer Place, West Kensington"
"LINESTRING (-0.2135 51.496927,-0.202038 51.48357", "From Blythe Road, Olympia to Coomer Place, West Kensington"
"LINESTRING (-0.214428 51.486062,-0.202038 51.48357", "From Greyhound Road, Hammersmith to Coomer Place, West Kensington"
"LINESTRING (-0.191496 51.503157,-0.202038 51.48357", "From Kensington Church Street, Kensington to Coomer Place, West Kensington"
"LINESTRING (-0.191933 51.495866,-0.202038 51.48357", "From Lexham Gardens, Kensington to Coomer Place, West Kensington"
"LINESTRING (-0.157183 51.52026,-0.202038 51.48357", "From Crawford Street, Marylebone to Coomer Place, West Kensington"
"LINESTRING (-0.205921 51.511624,-0.202038 51.48357", "From Ladbroke Grove Central, Ladbroke Grove to Coomer Place, West Kensington"
"LINESTRING (-0.202038 51.48357,-0.202038 51.48357", "From Coomer Place, West Kensington to Coomer Place, West Kensington"
"LINESTRING (-0.209378 51.489591,-0.202038 51.48357", "From Vereker Road, West Kensington to Coomer Place, West Kensington"
"LINESTRING (-0.216305 51.483356,-0.202038 51.48357", "From Everington Street, Fulham to Coomer Place, West Kensington"
"LINESTRING (-0.18119 51.490945,-0.202038 51.48357", "From Old Brompton Road, South Kensington to Coomer Place, West Kensington"
"LINESTRING (-0.198286 51.493724,-0.202038 51.48357", "From West Cromwell Road, Earl's Court to Coomer Place, West Kensington"
"LINESTRING (-0.209121 51.491026,-0.202038 51.48357", "From Gwendwr Road, West Kensington to Coomer Place, West Kensington"
"LINESTRING (-0.223616 51.485743,-0.202038 51.48357", "From Manbre Road, Hammersmith to Coomer Place, West Kensington"
"LINESTRING (-0.209378 51.489591,-0.202038 51.48357", "From Vereker Road, West Kensington to Coomer Place, West Kensington"
"LINESTRING (-0.222456 51.488144,-0.202038 51.48357", "From Beryl Road, Hammersmith to Coomer Place, West Kensington"
"LINESTRING (-0.195777 51.479463,-0.202038 51.48357", "From Erin Close, Walham Green to Coomer Place, West Kensington"
"LINESTRING (-0.208485 51.478939,-0.202038 51.48357", "From St. Peter's Terrace, Fulham to Coomer Place, West Kensington"
"LINESTRING (-0.186753 51.491615,-0.202038 51.48357", "From Collingham Gardens, Earl's Court to Coomer Place, West Kensington"
"LINESTRING (-0.198286 51.493724,-0.202038 51.48357", "From West Cromwell Road, Earl's Court to Coomer Place, West Kensington"
"LINESTRING (-0.199783 51.472817,-0.202038 51.48357", "From Parson's Green , Parson's Green to Coomer Place, West Kensington"
"LINESTRING (-0.190603 51.493631,-0.202038 51.48357", "From Knaresborough Place, Earl's Court to Coomer Place, West Kensington"
"LINESTRING (-0.190346 51.46822,-0.202038 51.48357", "From Stephendale Road, Sands End to Coomer Place, West Kensington"
"LINESTRING (-0.190346 51.46822,-0.202038 51.48357", "From Stephendale Road, Sands End to Coomer Place, West Kensington"
"LINESTRING (-0.205284 51.496712,-0.202038 51.48357", "From Warwick Road, Olympia to Coomer Place, West Kensington"
"LINESTRING (-0.226606 51.488108,-0.202038 51.48357", "From Crisp Road, Hammersmith to Coomer Place, West Kensington"
"LINESTRING (-0.201968 51.475089,-0.202038 51.48357", "From Parsons Green Station, Parsons Green to Coomer Place, West Kensington"
"LINESTRING (-0.20782 51.473471,-0.202038 51.48357", "From Fulham Park Road, Fulham to Coomer Place, West Kensington"
"LINESTRING (-0.209378 51.489591,-0.202038 51.48357", "From Vereker Road, West Kensington to Coomer Place, West Kensington"
"LINESTRING (-0.178433 51.492479,-0.202038 51.48357", "From Queen's Gate (South), South Kensington to Coomer Place, West Kensington"
"LINESTRING (-0.190346 51.46822,-0.202038 51.48357", "From Stephendale Road, Sands End to Coomer Place, West Kensington"
"LINESTRING (-0.165471 51.498884,-0.202038 51.48357", "From Montpelier Street, Knightsbridge to Coomer Place, West Kensington"
"LINESTRING (-0.14177 51.479501,-0.148059 51.472865", "From Battersea Park Road, Nine Elms to Silverthorne Road, Battersea"
"LINESTRING (-0.157788 51.465123,-0.148059 51.472865", "From Sugden Road, Clapham to Silverthorne Road, Battersea"
"LINESTRING (-0.174971 51.485121,-0.148059 51.472865", "From The Vale, Chelsea to Silverthorne Road, Battersea"
"LINESTRING (-0.127554 51.493978,-0.148059 51.472865", "From Page Street, Westminster to Silverthorne Road, Battersea"
"LINESTRING (-0.202038 51.48357,-0.148059 51.472865", "From Coomer Place, West Kensington to Silverthorne Road, Battersea"
"LINESTRING (-0.15213 51.470475,-0.148059 51.472865", "From Stanley Grove, Battersea to Silverthorne Road, Battersea"
"LINESTRING (-0.141334 51.492345,-0.148059 51.472865", "From Guildhouse Street, Victoria to Silverthorne Road, Battersea"
"LINESTRING (-0.158264 51.514577,-0.148059 51.472865", "From Old Quebec Street, Marylebone to Silverthorne Road, Battersea"
"LINESTRING (-0.134621 51.507424,-0.148059 51.472865", "From St. James's Square, St. James's to Silverthorne Road, Battersea"
"LINESTRING (-0.152248 51.467185,-0.148059 51.472865", "From Ashley Crescent, Battersea to Silverthorne Road, Battersea"
"LINESTRING (-0.179038 51.479573,-0.148059 51.472865", "From Lots Road, West Chelsea to Silverthorne Road, Battersea"
"LINESTRING (-0.18119 51.485587,-0.148059 51.472865", "From Limerston Street, West Chelsea to Silverthorne Road, Battersea"
"LINESTRING (-0.170703 51.470847,-0.148059 51.472865", "From Simpson Street, Clapham Junction to Silverthorne Road, Battersea"
"LINESTRING (-0.091773 51.504627,-0.148059 51.472865", "From Hop Exchange, The Borough to Silverthorne Road, Battersea"
"LINESTRING (-0.163041 51.470538,-0.148059 51.472865", "From Sheepcote Lane, Battersea to Silverthorne Road, Battersea"
"LINESTRING (-0.148059 51.472865,-0.148059 51.472865", "From Silverthorne Road, Battersea to Silverthorne Road, Battersea"
"LINESTRING (-0.094524 51.500694,-0.148059 51.472865", "From Borough High Street, The Borough to Silverthorne Road, Battersea"
"LINESTRING (-0.118256 51.47659,-0.148059 51.472865", "From Albert Square, Stockwell to Silverthorne Road, Battersea"
"LINESTRING (-0.170194 51.489716,-0.148059 51.472865", "From St. Luke's Church, Chelsea to Silverthorne Road, Battersea"
"LINESTRING (-0.130908 51.464995,-0.148059 51.472865", "From Gauden Road, Clapham to Silverthorne Road, Battersea"
"LINESTRING (-0.142207 51.485357,-0.148059 51.472865", "From Grosvenor Road, Pimlico to Silverthorne Road, Battersea"
"LINESTRING (-0.133972 51.472993,-0.148059 51.472865", "From Union Grove, Wandsworth Road to Silverthorne Road, Battersea"
"LINESTRING (-0.111257 51.514274,-0.148059 51.472865", "From Chancery Lane, Holborn to Silverthorne Road, Battersea"
"LINESTRING (-0.164786 51.477292,-0.148059 51.472865", "From Ethelburga Estate, Battersea Park to Silverthorne Road, Battersea"
"LINESTRING (-0.130908 51.464995,-0.148059 51.472865", "From Gauden Road, Clapham to Silverthorne Road, Battersea"
"LINESTRING (-0.141812 51.469259,-0.148059 51.472865", "From Wandsworth Rd, Isley Court, Wandsworth Road to Silverthorne Road, Battersea"
"LINESTRING (-0.180274 51.481805,-0.148059 51.472865", "From World's End Place, West Chelsea to Silverthorne Road, Battersea"
"LINESTRING (-0.117661 51.482678,-0.117495 51.498241", "From Ashmole Estate, Oval to Archbishop's Park, Waterloo"
"LINESTRING (-0.089887 51.520858,-0.117495 51.498241", "From Bunhill Row, Moorgate to Archbishop's Park, Waterloo"
"LINESTRING (-0.140947 51.49616,-0.117495 51.498241", "From Ashley Place, Victoria to Archbishop's Park, Waterloo"
"LINESTRING (-0.136928 51.493985,-0.117495 51.498241", "From Vincent Square, Westminster to Archbishop's Park, Waterloo"
"LINESTRING (-0.180884 51.459225,-0.117495 51.498241", "From Spanish Road, Clapham Junction to Archbishop's Park, Waterloo"
"LINESTRING (-0.126994 51.470732,-0.117495 51.498241", "From Clarence Walk, Stockwell to Archbishop's Park, Waterloo"
"LINESTRING (-0.113179 51.466232,-0.117495 51.498241", "From St John's Crescent, Brixton to Archbishop's Park, Waterloo"
"LINESTRING (-0.149569 51.50274,-0.117495 51.498241", "From Wellington Arch, Hyde Park to Archbishop's Park, Waterloo"
"LINESTRING (-0.111014 51.493686,-0.117495 51.498241", "From Walnut Tree Walk, Vauxhall to Archbishop's Park, Waterloo"
"LINESTRING (-0.111435 51.48894,-0.117495 51.498241", "From Kennington Cross, Kennington to Archbishop's Park, Waterloo"
"LINESTRING (-0.139016 51.520994,-0.117495 51.498241", "From Howland Street, Fitzrovia to Archbishop's Park, Waterloo"
"LINESTRING (-0.111471 51.479601,-0.117495 51.498241", "From Cranmer Road, Stockwell to Archbishop's Park, Waterloo"
"LINESTRING (-0.08249 51.53558,-0.117495 51.498241", "From Pitfield Street North,Hoxton to Archbishop's Park, Waterloo"
"LINESTRING (-0.089887 51.520858,-0.117495 51.498241", "From Bunhill Row, Moorgate to Archbishop's Park, Waterloo"
"LINESTRING (-0.107927 51.513821,-0.117495 51.498241", "From Bouverie Street, Temple to Archbishop's Park, Waterloo"
"LINESTRING (-0.123258 51.476149,-0.117495 51.498241", "From Teversham Lane, Stockwell to Archbishop's Park, Waterloo"
"LINESTRING (-0.126021 51.508103,-0.117495 51.498241", "From Craven Street, Strand to Archbishop's Park, Waterloo"
"LINESTRING (-0.08974 51.500823,-0.117495 51.498241", "From Empire Square, The Borough to Archbishop's Park, Waterloo"
"LINESTRING (-0.136123 51.482362,-0.117495 51.498241", "From Riverlight North, Nine Elms to Archbishop's Park, Waterloo"
"LINESTRING (-0.180389 51.46517,-0.117495 51.498241", "From Hibbert Street, Battersea to Archbishop's Park, Waterloo"
"LINESTRING (-0.111435 51.48894,-0.117495 51.498241", "From Kennington Cross, Kennington to Archbishop's Park, Waterloo"
"LINESTRING (-0.117661 51.482678,-0.117495 51.498241", "From Ashmole Estate, Oval to Archbishop's Park, Waterloo"
"LINESTRING (-0.091773 51.504627,-0.117495 51.498241", "From Hop Exchange, The Borough to Archbishop's Park, Waterloo"
"LINESTRING (-0.11258 51.473874,-0.174485 51.469161", "From Normandy Road, Stockwell to Fawcett Close, Battersea"
"LINESTRING (-0.149035 51.481121,-0.174485 51.469161", "From Sopwith Way, Battersea Park to Fawcett Close, Battersea"
"LINESTRING (-0.139221 51.461388,-0.174485 51.469161", "From Clapham Common Station, Clapham Common to Fawcett Close, Battersea"
"LINESTRING (-0.129361 51.488365,-0.174485 51.469161", "From Vauxhall Bridge , Pimlico to Fawcett Close, Battersea"
"LINESTRING (-0.149569 51.50274,-0.174485 51.469161", "From Wellington Arch, Hyde Park to Fawcett Close, Battersea"
"LINESTRING (-0.179369 51.487196,-0.174485 51.469161", "From Drayton Gardens, West Chelsea to Fawcett Close, Battersea"
"LINESTRING (-0.147857 51.477966,-0.174485 51.469161", "From Gas Holders, Battersea Park to Fawcett Close, Battersea"
"LINESTRING (-0.200742 51.502319,-0.204764 51.519042", "From Holland Park, Kensington to All Saints' Road, Portobello"
"LINESTRING (-0.200742 51.502319,-0.204764 51.519042", "From Holland Park, Kensington to All Saints' Road, Portobello"
"LINESTRING (-0.197524 51.511084,-0.204764 51.519042", "From Pembridge Villas, Notting Hill to All Saints' Road, Portobello"
"LINESTRING (-0.216104 51.50659,-0.204764 51.519042", "From Queensdale Road, Shepherd's Bush to All Saints' Road, Portobello"
"LINESTRING (-0.174971 51.485121,-0.204764 51.519042", "From The Vale, Chelsea to All Saints' Road, Portobello"
"LINESTRING (-0.147624 51.49395,-0.204764 51.519042", "From Eccleston Place, Victoria to All Saints' Road, Portobello"
"LINESTRING (-0.165842 51.522029,-0.204764 51.519042", "From Bell Street , Marylebone to All Saints' Road, Portobello"
"LINESTRING (-0.18498 51.501737,-0.204764 51.519042", "From De Vere Gardens, Kensington to All Saints' Road, Portobello"
"LINESTRING (-0.196422 51.509353,-0.204764 51.519042", "From Notting Hill Gate Station, Notting Hill to All Saints' Road, Portobello"
"LINESTRING (-0.17219 51.526448,-0.204764 51.519042", "From Lisson Grove, St. John's Wood to All Saints' Road, Portobello"
"LINESTRING (-0.193487 51.513735,-0.204764 51.519042", "From Hereford Road, Bayswater to All Saints' Road, Portobello"
"LINESTRING (-0.17219 51.526448,-0.204764 51.519042", "From Lisson Grove, St. John's Wood to All Saints' Road, Portobello"
"LINESTRING (-0.130458 51.494816,-0.204764 51.519042", "From Horseferry Road, Westminster to All Saints' Road, Portobello"
"LINESTRING (-0.229116 51.492084,-0.223852 51.483732", "From Bridge Avenue, Hammersmith to Rainville Road, Hammersmith"
"LINESTRING (-0.223852 51.483732,-0.223852 51.483732", "From Rainville Road, Hammersmith to Rainville Road, Hammersmith"
"LINESTRING (-0.229116 51.492084,-0.223852 51.483732", "From Bridge Avenue, Hammersmith to Rainville Road, Hammersmith"
"LINESTRING (-0.215087 51.490217,-0.223852 51.483732", "From Barons Court Station, West Kensington to Rainville Road, Hammersmith"
"LINESTRING (-0.200667 51.460951,-0.223852 51.483732", "From Northfields, Wandsworth to Rainville Road, Hammersmith"
"LINESTRING (-0.219346 51.482944,-0.223852 51.483732", "From Crabtree Lane, Fulham to Rainville Road, Hammersmith"
"LINESTRING (-0.15823 51.46879,-0.223852 51.483732", "From Holden Street, Battersea to Rainville Road, Hammersmith"
"LINESTRING (-0.207842 51.471079,-0.223852 51.483732", "From Elysium Place, Fulham to Rainville Road, Hammersmith"
"LINESTRING (-0.229116 51.492084,-0.223852 51.483732", "From Bridge Avenue, Hammersmith to Rainville Road, Hammersmith"
"LINESTRING (-0.214428 51.486062,-0.223852 51.483732", "From Greyhound Road, Hammersmith to Rainville Road, Hammersmith"
"LINESTRING (-0.209121 51.491026,-0.223852 51.483732", "From Gwendwr Road, West Kensington to Rainville Road, Hammersmith"
"LINESTRING (-0.214749 51.473036,-0.223852 51.483732", "From Bishop's Avenue, Fulham to Rainville Road, Hammersmith"
"LINESTRING (-0.208486 51.506465,-0.223852 51.483732", "From Princedale Road , Holland Park to Rainville Road, Hammersmith"
"LINESTRING (-0.215895 51.476885,-0.223852 51.483732", "From Finlay Street, Fulham to Rainville Road, Hammersmith"
"LINESTRING (-0.091938 51.492807,-0.100292 51.501732", "From Victory Place, Walworth to Great Suffolk Street, The Borough"
"LINESTRING (-0.104778 51.504044,-0.100292 51.501732", "From Southwark Station 2, Southwark to Great Suffolk Street, The Borough"
"LINESTRING (-0.104778 51.504044,-0.100292 51.501732", "From Southwark Station 2, Southwark to Great Suffolk Street, The Borough"
"LINESTRING (-0.105344 51.515059,-0.100292 51.501732", "From St. Bride Street, Holborn to Great Suffolk Street, The Borough"
"LINESTRING (-0.17306 51.505014,-0.100292 51.501732", "From Serpentine Car Park, Hyde Park to Great Suffolk Street, The Borough"
"LINESTRING (-0.101384 51.49652,-0.100292 51.501732", "From Ontario Street, Elephant & Castle to Great Suffolk Street, The Borough"
"LINESTRING (-0.07962 51.503493,-0.100292 51.501732", "From Tooley Street, Bermondsey to Great Suffolk Street, The Borough"
"LINESTRING (-0.085666 51.499075,-0.100292 51.501732", "From Long Lane , Bermondsey to Great Suffolk Street, The Borough"
"LINESTRING (-0.099994 51.522853,-0.100292 51.501732", "From Berry Street, Clerkenwell to Great Suffolk Street, The Borough"
"LINESTRING (-0.085666 51.499075,-0.100292 51.501732", "From Long Lane , Bermondsey to Great Suffolk Street, The Borough"
"LINESTRING (-0.124826 51.516226,-0.100292 51.501732", "From High Holborn , Covent Garden to Great Suffolk Street, The Borough"
"LINESTRING (-0.09294 51.511553,-0.100292 51.501732", "From Queen Street 1, Bank to Great Suffolk Street, The Borough"
"LINESTRING (-0.087587 51.514441,-0.100292 51.501732", "From Bank of England Museum, Bank to Great Suffolk Street, The Borough"
"LINESTRING (-0.117863 51.515208,-0.100292 51.501732", "From Sardinia Street, Holborn to Great Suffolk Street, The Borough"
"LINESTRING (-0.085814 51.495061,-0.100292 51.501732", "From Bricklayers Arms, Borough to Great Suffolk Street, The Borough"
"LINESTRING (-0.113426 51.503919,-0.100292 51.501732", "From Waterloo Station 2, Waterloo to Great Suffolk Street, The Borough"
"LINESTRING (-0.10834 51.52352,-0.100292 51.501732", "From Farringdon Lane, Clerkenwell to Great Suffolk Street, The Borough"
"LINESTRING (-0.087587 51.514441,-0.100292 51.501732", "From Bank of England Museum, Bank to Great Suffolk Street, The Borough"
"LINESTRING (-0.105596 51.505342,-0.100292 51.501732", "From Colombo Street, Southwark to Great Suffolk Street, The Borough"
"LINESTRING (-0.074189 51.502279,-0.100292 51.501732", "From Curlew Street, Shad Thames to Great Suffolk Street, The Borough"
"LINESTRING (-0.101026 51.528246,-0.100292 51.501732", "From Goswell Road (City Uni), Finsbury to Great Suffolk Street, The Borough"
"LINESTRING (-0.093051 51.511246,-0.100292 51.501732", "From Queen Street 2, Bank to Great Suffolk Street, The Borough"
"LINESTRING (-0.111257 51.514274,-0.100292 51.501732", "From Chancery Lane, Holborn to Great Suffolk Street, The Borough"
"LINESTRING (-0.11655 51.51824,-0.100292 51.501732", "From Red Lion Street, Holborn to Great Suffolk Street, The Borough"
"LINESTRING (-0.110699 51.501444,-0.100292 51.501732", "From Baylis Road, Waterloo to Great Suffolk Street, The Borough"
"LINESTRING (-0.096518 51.491327,-0.100292 51.501732", "From Walworth Square, Walworth to Great Suffolk Street, The Borough"
"LINESTRING (-0.134234 51.494591,-0.100292 51.501732", "From Greycoat Street , Westminster to Great Suffolk Street, The Borough"
"LINESTRING (-0.188098 51.517919,-0.137424 51.498865", "From Gloucester Terrace, Bayswater to Buckingham Gate, Westminster"
"LINESTRING (-0.126021 51.508103,-0.137424 51.498865", "From Craven Street, Strand to Buckingham Gate, Westminster"
"LINESTRING (-0.102996 51.486929,-0.137424 51.498865", "From Doddington Grove, Kennington to Buckingham Gate, Westminster"
"LINESTRING (-0.165164 51.514746,-0.137424 51.498865", "From Porchester Place, Paddington to Buckingham Gate, Westminster"
"LINESTRING (-0.179854 51.501715,-0.137424 51.498865", "From Queen's Gate, Kensington Gardens to Buckingham Gate, Westminster"
"LINESTRING (-0.179854 51.501715,-0.137424 51.498865", "From Queen's Gate, Kensington Gardens to Buckingham Gate, Westminster"
"LINESTRING (-0.123823 51.501513,-0.137424 51.498865", "From Westminster Pier, Westminster to Buckingham Gate, Westminster"
"LINESTRING (-0.208888 51.5212,-0.137424 51.498865", "From Bevington Road West, North Kensington to Buckingham Gate, Westminster"
"LINESTRING (-0.183289 51.496462,-0.137424 51.498865", "From Gloucester Road (Central), South Kensington to Buckingham Gate, Westminster"
"LINESTRING (-0.162298 51.522511,-0.137424 51.498865", "From Boston Place, Marylebone to Buckingham Gate, Westminster"
"LINESTRING (-0.165842 51.522029,-0.137424 51.498865", "From Bell Street , Marylebone to Buckingham Gate, Westminster"
"LINESTRING (-0.119643 51.511756,-0.137424 51.498865", "From Wellington Street , Strand to Buckingham Gate, Westminster"
"LINESTRING (-0.113426 51.503919,-0.137424 51.498865", "From Waterloo Station 2, Waterloo to Buckingham Gate, Westminster"
"LINESTRING (-0.137043 51.511897,-0.137424 51.498865", "From Golden Square, Soho to Buckingham Gate, Westminster"
"LINESTRING (-0.138733 51.496753,-0.137424 51.498865", "From Howick Place, Westminster to Buckingham Gate, Westminster"
"LINESTRING (-0.126021 51.508103,-0.137424 51.498865", "From Craven Street, Strand to Buckingham Gate, Westminster"
"LINESTRING (-0.121723 51.510701,-0.137424 51.498865", "From Southampton Street, Strand to Buckingham Gate, Westminster"
"LINESTRING (-0.165164 51.514746,-0.137424 51.498865", "From Porchester Place, Paddington to Buckingham Gate, Westminster"
"LINESTRING (-0.179038 51.479573,-0.137424 51.498865", "From Lots Road, West Chelsea to Buckingham Gate, Westminster"
"LINESTRING (-0.145904 51.507069,-0.137424 51.498865", "From Curzon Street, Mayfair to Buckingham Gate, Westminster"
"LINESTRING (-0.183834 51.497924,-0.137424 51.498865", "From Gloucester Road (North), Kensington to Buckingham Gate, Westminster"
"LINESTRING (-0.129698 51.500703,-0.137424 51.498865", "From Storey's Gate, Westminster to Buckingham Gate, Westminster"
"LINESTRING (-0.17524 51.48902,-0.137424 51.498865", "From South Parade, Chelsea to Buckingham Gate, Westminster"
"LINESTRING (-0.191496 51.503157,-0.137424 51.498865", "From Kensington Church Street, Kensington to Buckingham Gate, Westminster"
"LINESTRING (-0.123616 51.529943,-0.137424 51.498865", "From Belgrove Street , King's Cross to Buckingham Gate, Westminster"
"LINESTRING (-0.142943 51.496863,-0.137424 51.498865", "From Allington Street, Victoria to Buckingham Gate, Westminster"
"LINESTRING (-0.165842 51.522029,-0.137424 51.498865", "From Bell Street , Marylebone to Buckingham Gate, Westminster"
"LINESTRING (-0.123823 51.501513,-0.137424 51.498865", "From Westminster Pier, Westminster to Buckingham Gate, Westminster"
"LINESTRING (-0.113426 51.503919,-0.137424 51.498865", "From Waterloo Station 2, Waterloo to Buckingham Gate, Westminster"
"LINESTRING (-0.183853 51.480898,-0.137424 51.498865", "From Thorndike Close, West Chelsea to Buckingham Gate, Westminster"
"LINESTRING (-0.158456 51.502953,-0.137424 51.498865", "From Albert Gate, Hyde Park to Buckingham Gate, Westminster"
"LINESTRING (-0.121394 51.493699,-0.137424 51.498865", "From Fire Brigade Pier, Vauxhall to Buckingham Gate, Westminster"
"LINESTRING (-0.157436 51.512276,-0.137424 51.498865", "From Green Street, Mayfair to Buckingham Gate, Westminster"
"LINESTRING (-0.113426 51.503919,-0.137424 51.498865", "From Waterloo Station 2, Waterloo to Buckingham Gate, Westminster"
"LINESTRING (-0.150905 51.496544,-0.137424 51.498865", "From Eaton Square, Belgravia to Buckingham Gate, Westminster"
"LINESTRING (-0.195777 51.479463,-0.217515 51.500353", "From Erin Close, Walham Green to Richmond Way, Shepherd's Bush"
"LINESTRING (-0.236769 51.494223,-0.217515 51.500353", "From Ravenscourt Park Station, Hammersmith to Richmond Way, Shepherd's Bush"
"LINESTRING (-0.211593 51.51323,-0.217515 51.500353", "From Clarendon Road, Avondale to Richmond Way, Shepherd's Bush"
"LINESTRING (-0.2174 51.504038,-0.217515 51.500353", "From Woodstock Grove, Shepherd's Bush to Richmond Way, Shepherd's Bush"
"LINESTRING (-0.190603 51.493631,-0.217515 51.500353", "From Knaresborough Place, Earl's Court to Richmond Way, Shepherd's Bush"
"LINESTRING (-0.197574 51.499606,-0.217515 51.500353", "From Phillimore Gardens, Kensington to Richmond Way, Shepherd's Bush"
"LINESTRING (-0.193068 51.500397,-0.217515 51.500353", "From Wright's Lane, Kensington to Richmond Way, Shepherd's Bush"
"LINESTRING (-0.214762 51.5129,-0.217515 51.500353", "From Grenfell Road, Avondale to Richmond Way, Shepherd's Bush"
"LINESTRING (-0.19617 51.490853,-0.217515 51.500353", "From Trebovir Road, Earl's Court to Richmond Way, Shepherd's Bush"
"LINESTRING (-0.200742 51.502319,-0.217515 51.500353", "From Holland Park, Kensington to Richmond Way, Shepherd's Bush"
"LINESTRING (-0.205535 51.507481,-0.217515 51.500353", "From Lansdowne Road, Ladbroke Grove to Richmond Way, Shepherd's Bush"
"LINESTRING (-0.211593 51.51323,-0.217515 51.500353", "From Clarendon Road, Avondale to Richmond Way, Shepherd's Bush"
"LINESTRING (-0.18267 51.494185,-0.217515 51.500353", "From Gloucester Road Station, South Kensington to Richmond Way, Shepherd's Bush"
"LINESTRING (-0.183834 51.497924,-0.217515 51.500353", "From Gloucester Road (North), Kensington to Richmond Way, Shepherd's Bush"
"LINESTRING (-0.188098 51.517919,-0.217515 51.500353", "From Gloucester Terrace, Bayswater to Richmond Way, Shepherd's Bush"
"LINESTRING (-0.21985 51.493267,-0.217515 51.500353", "From Hammersmith Road, Hammersmith to Richmond Way, Shepherd's Bush"
"LINESTRING (-0.191462 51.501364,-0.217515 51.500353", "From Derry Street, Kensington to Richmond Way, Shepherd's Bush"
"LINESTRING (-0.169821 51.466633,-0.217515 51.500353", "From Falcon Road, Clapham Junction to Richmond Way, Shepherd's Bush"
"LINESTRING (-0.201968 51.475089,-0.196274 51.46904", "From Parsons Green Station, Parsons Green to Peterborough Road, Sands End"
"LINESTRING (-0.195777 51.479463,-0.196274 51.46904", "From Erin Close, Walham Green to Peterborough Road, Sands End"
"LINESTRING (-0.147624 51.49395,-0.196274 51.46904", "From Eccleston Place, Victoria to Peterborough Road, Sands End"
"LINESTRING (-0.216016 51.509224,-0.196274 51.46904", "From Rifle Place, Avondale to Peterborough Road, Sands End"
"LINESTRING (-0.190346 51.46822,-0.196274 51.46904", "From Stephendale Road, Sands End to Peterborough Road, Sands End"
"LINESTRING (-0.17306 51.505014,-0.196274 51.46904", "From Serpentine Car Park, Hyde Park to Peterborough Road, Sands End"
"LINESTRING (-0.184318 51.468819,-0.196274 51.46904", "From William Morris Way, Sands End to Peterborough Road, Sands End"
"LINESTRING (-0.178732 51.493967,-0.180274 51.481805", "From Queen's Gate (Central), South Kensington to World's End Place, West Chelsea"
"LINESTRING (-0.183853 51.480898,-0.180274 51.481805", "From Thorndike Close, West Chelsea to World's End Place, West Chelsea"
"LINESTRING (-0.209378 51.489591,-0.180274 51.481805", "From Vereker Road, West Kensington to World's End Place, West Chelsea"
"LINESTRING (-0.18119 51.490945,-0.180274 51.481805", "From Old Brompton Road, South Kensington to World's End Place, West Chelsea"
"LINESTRING (-0.18119 51.490945,-0.180274 51.481805", "From Old Brompton Road, South Kensington to World's End Place, West Chelsea"
"LINESTRING (-0.225787 51.514767,-0.180274 51.481805", "From BBC White City, White City to World's End Place, West Chelsea"
"LINESTRING (-0.180274 51.481805,-0.180274 51.481805", "From World's End Place, West Chelsea to World's End Place, West Chelsea"
"LINESTRING (-0.199783 51.472817,-0.180274 51.481805", "From Parson's Green , Parson's Green to World's End Place, West Chelsea"
"LINESTRING (-0.212607 51.460792,-0.180274 51.481805", "From Oxford Road, Putney to World's End Place, West Chelsea"
"LINESTRING (-0.162418 51.490083,-0.180274 51.481805", "From Royal Avenue 2, Chelsea to World's End Place, West Chelsea"
"LINESTRING (-0.111435 51.48894,-0.180274 51.481805", "From Kennington Cross, Kennington to World's End Place, West Chelsea"
"LINESTRING (-0.173881 51.494412,-0.180274 51.481805", "From South Kensington Station, South Kensington to World's End Place, West Chelsea"
"LINESTRING (-0.168917 51.497056,-0.180274 51.481805", "From Holy Trinity Brompton, Knightsbridge to World's End Place, West Chelsea"
"LINESTRING (-0.210279 51.468814,-0.180274 51.481805", "From Putney Bridge Station, Fulham to World's End Place, West Chelsea"
"LINESTRING (-0.183165 51.474665,-0.180274 51.481805", "From Imperial Wharf Station, Sands End to World's End Place, West Chelsea"
"LINESTRING (-0.162418 51.490083,-0.180274 51.481805", "From Royal Avenue 2, Chelsea to World's End Place, West Chelsea"
"LINESTRING (-0.206827 51.467601,-0.180274 51.481805", "From Ranelagh Gardens, Fulham to World's End Place, West Chelsea"
"LINESTRING (-0.111778 51.515937,-0.180274 51.481805", "From Breams Buildings, Holborn to World's End Place, West Chelsea"
"LINESTRING (-0.192369 51.491593,-0.180274 51.481805", "From Penywern Road, Earl's Court to World's End Place, West Chelsea"
"LINESTRING (-0.190393 51.490163,-0.180274 51.481805", "From Bramham Gardens, Earl's Court to World's End Place, West Chelsea"
"LINESTRING (-0.187404 51.487958,-0.180274 51.481805", "From Harcourt Terrace, West Brompton to World's End Place, West Chelsea"
"LINESTRING (-0.208485 51.478939,-0.180274 51.481805", "From St. Peter's Terrace, Fulham to World's End Place, West Chelsea"
"LINESTRING (-0.170983 51.486892,-0.180274 51.481805", "From Manresa Road, Chelsea to World's End Place, West Chelsea"
"LINESTRING (-0.183853 51.480898,-0.180274 51.481805", "From Thorndike Close, West Chelsea to World's End Place, West Chelsea"
"LINESTRING (-0.18119 51.485587,-0.180274 51.481805", "From Limerston Street, West Chelsea to World's End Place, West Chelsea"
"LINESTRING (-0.157788 51.465123,-0.180274 51.481805", "From Sugden Road, Clapham to World's End Place, West Chelsea"
"LINESTRING (-0.141923 51.489856,-0.180274 51.481805", "From Warwick Square, Pimlico to World's End Place, West Chelsea"
"LINESTRING (-0.180274 51.481805,-0.180274 51.481805", "From World's End Place, West Chelsea to World's End Place, West Chelsea"
"LINESTRING (-0.158105 51.494645,-0.180274 51.481805", "From Cadogan Place, Knightsbridge to World's End Place, West Chelsea"
"LINESTRING (-0.156876 51.49313,-0.180274 51.481805", "From Sedding Street, Sloane Square to World's End Place, West Chelsea"
"LINESTRING (-0.173881 51.494412,-0.180274 51.481805", "From South Kensington Station, South Kensington to World's End Place, West Chelsea"
"LINESTRING (-0.204764 51.519042,-0.180274 51.481805", "From All Saints' Road, Portobello to World's End Place, West Chelsea"
"LINESTRING (-0.147983 51.519167,-0.180274 51.481805", "From New Cavendish Street, Marylebone to World's End Place, West Chelsea"
"LINESTRING (-0.18119 51.485587,-0.180274 51.481805", "From Limerston Street, West Chelsea to World's End Place, West Chelsea"
"LINESTRING (-0.19701 51.473763,-0.180274 51.481805", "From Irene Road, Parsons Green to World's End Place, West Chelsea"
"LINESTRING (-0.150908 51.47505,-0.180274 51.481805", "From Alfreda Street, Battersea Park to World's End Place, West Chelsea"
"LINESTRING (-0.193068 51.500397,-0.180274 51.481805", "From Wright's Lane, Kensington to World's End Place, West Chelsea"
"LINESTRING (-0.216104 51.50659,-0.213872 51.51687", "From Queensdale Road, Shepherd's Bush to St. Mark's Road, North Kensington"
"LINESTRING (-0.187402 51.51031,-0.213872 51.51687", "From Queensway, Kensington Gardens to St. Mark's Road, North Kensington"
"LINESTRING (-0.201005 51.51787,-0.213872 51.51687", "From Westbourne Park Road, Portobello to St. Mark's Road, North Kensington"
"LINESTRING (-0.167919 51.484984,-0.213872 51.51687", "From Phene Street, Chelsea to St. Mark's Road, North Kensington"
"LINESTRING (-0.187842 51.509908,-0.213872 51.51687", "From Black Lion Gate, Kensington Gardens to St. Mark's Road, North Kensington"
"LINESTRING (-0.218337 51.506256,-0.213872 51.51687", "From Westfield Southern Terrace ,Shepherd's Bush to St. Mark's Road, North Kensington"
"LINESTRING (-0.17581 51.517335,-0.213872 51.51687", "From South Wharf Road, Paddington to St. Mark's Road, North Kensington"
"LINESTRING (-0.197245 51.497387,-0.213872 51.51687", "From Abingdon Villas, Kensington to St. Mark's Road, North Kensington"
"LINESTRING (-0.213872 51.51687,-0.213872 51.51687", "From St. Mark's Road, North Kensington to St. Mark's Road, North Kensington"
"LINESTRING (-0.149569 51.50274,-0.213872 51.51687", "From Wellington Arch, Hyde Park to St. Mark's Road, North Kensington"
"LINESTRING (-0.205535 51.507481,-0.213872 51.51687", "From Lansdowne Road, Ladbroke Grove to St. Mark's Road, North Kensington"
"LINESTRING (-0.19024 51.515529,-0.213872 51.51687", "From Westbourne Grove, Bayswater to St. Mark's Road, North Kensington"
"LINESTRING (-0.19024 51.515529,-0.213872 51.51687", "From Westbourne Grove, Bayswater to St. Mark's Road, North Kensington"
"LINESTRING (-0.215808 51.503802,-0.213872 51.51687", "From Hansard Mews, Holland Park to St. Mark's Road, North Kensington"
"LINESTRING (-0.167894 51.493184,-0.213872 51.51687", "From Sloane Avenue, Knightsbridge to St. Mark's Road, North Kensington"
"LINESTRING (-0.18697 51.51616,-0.213872 51.51687", "From Bishop's Bridge Road West, Bayswater to St. Mark's Road, North Kensington"
"LINESTRING (-0.209378 51.489591,-0.213872 51.51687", "From Vereker Road, West Kensington to St. Mark's Road, North Kensington"
"LINESTRING (-0.214594 51.510928,-0.213872 51.51687", "From Sirdar Road, Avondale to St. Mark's Road, North Kensington"
"LINESTRING (-0.195455 51.500401,-0.213872 51.51687", "From Argyll Road, Kensington to St. Mark's Road, North Kensington"
"LINESTRING (-0.125674 51.491884,-0.183853 51.480898", "From Millbank Tower, Pimlico to Thorndike Close, West Chelsea"
"LINESTRING (-0.107987 51.517428,-0.183853 51.480898", "From New Fetter Lane, Holborn to Thorndike Close, West Chelsea"
"LINESTRING (-0.117619 51.509943,-0.183853 51.480898", "From Somerset House, Strand to Thorndike Close, West Chelsea"
"LINESTRING (-0.204764 51.519042,-0.183853 51.480898", "From All Saints' Road, Portobello to Thorndike Close, West Chelsea"
"LINESTRING (-0.140741 51.488057,-0.183853 51.480898", "From Alderney Street, Pimlico to Thorndike Close, West Chelsea"
"LINESTRING (-0.156876 51.49313,-0.183853 51.480898", "From Sedding Street, Sloane Square to Thorndike Close, West Chelsea"
"LINESTRING (-0.190603 51.493631,-0.183853 51.480898", "From Knaresborough Place, Earl's Court to Thorndike Close, West Chelsea"
"LINESTRING (-0.142943 51.496863,-0.183853 51.480898", "From Allington Street, Victoria to Thorndike Close, West Chelsea"
"LINESTRING (-0.116542 51.504636,-0.183853 51.480898", "From Jubilee Gardens, South Bank to Thorndike Close, West Chelsea"
"LINESTRING (-0.209973 51.481021,-0.183853 51.480898", "From Aintree Street, Fulham to Thorndike Close, West Chelsea"
"LINESTRING (-0.211468 51.462312,-0.183853 51.480898", "From Esmond Street, Putney to Thorndike Close, West Chelsea"
"LINESTRING (-0.187404 51.487958,-0.183853 51.480898", "From Harcourt Terrace, West Brompton to Thorndike Close, West Chelsea"
"LINESTRING (-0.202038 51.48357,-0.183853 51.480898", "From Coomer Place, West Kensington to Thorndike Close, West Chelsea"
"LINESTRING (-0.183853 51.480898,-0.183853 51.480898", "From Thorndike Close, West Chelsea to Thorndike Close, West Chelsea"
"LINESTRING (-0.169821 51.466633,-0.183853 51.480898", "From Falcon Road, Clapham Junction to Thorndike Close, West Chelsea"
"LINESTRING (-0.142943 51.496863,-0.183853 51.480898", "From Allington Street, Victoria to Thorndike Close, West Chelsea"
"LINESTRING (-0.147857 51.477966,-0.183853 51.480898", "From Gas Holders, Battersea Park to Thorndike Close, West Chelsea"
"LINESTRING (-0.169821 51.466633,-0.183853 51.480898", "From Falcon Road, Clapham Junction to Thorndike Close, West Chelsea"
"LINESTRING (-0.172078 51.482567,-0.183853 51.480898", "From Danvers Street, West Chelsea to Thorndike Close, West Chelsea"
"LINESTRING (-0.190603 51.493631,-0.183853 51.480898", "From Knaresborough Place, Earl's Court to Thorndike Close, West Chelsea"
"LINESTRING (-0.204815 51.484386,-0.183853 51.480898", "From Normand Park, West Kensington to Thorndike Close, West Chelsea"
"LINESTRING (-0.192369 51.491593,-0.183853 51.480898", "From Penywern Road, Earl's Court to Thorndike Close, West Chelsea"
"LINESTRING (-0.172078 51.482567,-0.183853 51.480898", "From Danvers Street, West Chelsea to Thorndike Close, West Chelsea"
"LINESTRING (-0.229116 51.492084,-0.183853 51.480898", "From Bridge Avenue, Hammersmith to Thorndike Close, West Chelsea"
"LINESTRING (-0.178732 51.493967,-0.183853 51.480898", "From Queen's Gate (Central), South Kensington to Thorndike Close, West Chelsea"
"LINESTRING (-0.193502 51.467064,-0.183853 51.480898", "From South Park, Sands End to Thorndike Close, West Chelsea"
"LINESTRING (-0.162727 51.489932,-0.183853 51.480898", "From Royal Avenue 1, Chelsea to Thorndike Close, West Chelsea"
"LINESTRING (-0.183165 51.474665,-0.183853 51.480898", "From Imperial Wharf Station, Sands End to Thorndike Close, West Chelsea"
"LINESTRING (-0.164786 51.477292,-0.183853 51.480898", "From Ethelburga Estate, Battersea Park to Thorndike Close, West Chelsea"
"LINESTRING (-0.17977 51.51348,-0.183853 51.480898", "From Devonshire Terrace, Bayswater to Thorndike Close, West Chelsea"
"LINESTRING (-0.172078 51.482567,-0.183853 51.480898", "From Danvers Street, West Chelsea to Thorndike Close, West Chelsea"
"LINESTRING (-0.156876 51.49313,-0.183853 51.480898", "From Sedding Street, Sloane Square to Thorndike Close, West Chelsea"
"LINESTRING (-0.211593 51.51323,-0.21819 51.511486", "From Clarendon Road, Avondale to Evesham Street, Avondale"
"LINESTRING (-0.216526 51.460717,-0.21819 51.511486", "From Putney Rail Station, Putney to Evesham Street, Avondale"
"LINESTRING (-0.200804 51.520509,-0.21819 51.511486", "From The Metropolitan, Portobello to Evesham Street, Avondale"
"LINESTRING (-0.205284 51.496712,-0.21819 51.511486", "From Warwick Road, Olympia to Evesham Street, Avondale"
"LINESTRING (-0.205921 51.511624,-0.21819 51.511486", "From Ladbroke Grove Central, Ladbroke Grove to Evesham Street, Avondale"
"LINESTRING (-0.211316 51.500088,-0.21819 51.511486", "From Russell Gardens, Olympia to Evesham Street, Avondale"
"LINESTRING (-0.209121 51.491026,-0.21819 51.511486", "From Gwendwr Road, West Kensington to Evesham Street, Avondale"
"LINESTRING (-0.217995 51.487285,-0.21819 51.511486", "From Charing Cross Hospital, Hammersmith to Evesham Street, Avondale"
"LINESTRING (-0.208486 51.506465,-0.21819 51.511486", "From Princedale Road , Holland Park to Evesham Street, Avondale"
"LINESTRING (-0.1844 51.502042,-0.21819 51.511486", "From Palace Gate, Kensington Gardens to Evesham Street, Avondale"
"LINESTRING (-0.214594 51.510928,-0.21819 51.511486", "From Sirdar Road, Avondale to Evesham Street, Avondale"
"LINESTRING (-0.129925 51.493072,-0.170703 51.470847", "From Vincent Street, Pimlico to Simpson Street, Clapham Junction"
"LINESTRING (-0.14177 51.479501,-0.170703 51.470847", "From Battersea Park Road, Nine Elms to Simpson Street, Clapham Junction"
"LINESTRING (-0.149551 51.477619,-0.170703 51.470847", "From Queen's Circus, Battersea Park to Simpson Street, Clapham Junction"
"LINESTRING (-0.150908 51.47505,-0.170703 51.470847", "From Alfreda Street, Battersea Park to Simpson Street, Clapham Junction"
"LINESTRING (-0.209973 51.481021,-0.170703 51.470847", "From Aintree Street, Fulham to Simpson Street, Clapham Junction"
"LINESTRING (-0.169821 51.466633,-0.170703 51.470847", "From Falcon Road, Clapham Junction to Simpson Street, Clapham Junction"
"LINESTRING (-0.176267 51.472876,-0.170703 51.470847", "From Vicarage Crescent, Battersea to Simpson Street, Clapham Junction"
"LINESTRING (-0.170329 51.477684,-0.170703 51.470847", "From Westbridge Road, Battersea to Simpson Street, Clapham Junction"
"LINESTRING (-0.169821 51.466633,-0.170703 51.470847", "From Falcon Road, Clapham Junction to Simpson Street, Clapham Junction"
"LINESTRING (-0.146544 51.468669,-0.170703 51.470847", "From Heath Road, Battersea to Simpson Street, Clapham Junction"
"LINESTRING (-0.137235 51.473116,-0.170703 51.470847", "From Stewart's Road, Wandsworth Road to Simpson Street, Clapham Junction"
"LINESTRING (-0.147857 51.477966,-0.170703 51.470847", "From Gas Holders, Battersea Park to Simpson Street, Clapham Junction"
"LINESTRING (-0.169821 51.466633,-0.170703 51.470847", "From Falcon Road, Clapham Junction to Simpson Street, Clapham Junction"
"LINESTRING (-0.1844 51.502042,-0.170703 51.470847", "From Palace Gate, Kensington Gardens to Simpson Street, Clapham Junction"
"LINESTRING (-0.137235 51.473116,-0.170703 51.470847", "From Stewart's Road, Wandsworth Road to Simpson Street, Clapham Junction"
"LINESTRING (-0.194116 51.479932,-0.170703 51.470847", "From Fulham Broadway, Walham Green to Simpson Street, Clapham Junction"
"LINESTRING (-0.174971 51.485121,-0.170703 51.470847", "From The Vale, Chelsea to Simpson Street, Clapham Junction"
"LINESTRING (-0.167894 51.493184,-0.170703 51.470847", "From Sloane Avenue, Knightsbridge to Simpson Street, Clapham Junction"
"LINESTRING (-0.150908 51.47505,-0.170703 51.470847", "From Alfreda Street, Battersea Park to Simpson Street, Clapham Junction"
"LINESTRING (-0.169821 51.466633,-0.170703 51.470847", "From Falcon Road, Clapham Junction to Simpson Street, Clapham Junction"
"LINESTRING (-0.169821 51.466633,-0.170703 51.470847", "From Falcon Road, Clapham Junction to Simpson Street, Clapham Junction"
"LINESTRING (-0.169821 51.466633,-0.170703 51.470847", "From Falcon Road, Clapham Junction to Simpson Street, Clapham Junction"
"LINESTRING (-0.174411 51.511933,-0.170703 51.470847", "From Bayswater Road, Hyde Park to Simpson Street, Clapham Junction"
"LINESTRING (-0.190184 51.459953,-0.170703 51.470847", "From Morie Street, Wandsworth to Simpson Street, Clapham Junction"
"LINESTRING (-0.123702 51.506767,-0.170703 51.470847", "From Northumberland Avenue, Strand to Simpson Street, Clapham Junction"
"LINESTRING (-0.18267 51.494185,-0.170703 51.470847", "From Gloucester Road Station, South Kensington to Simpson Street, Clapham Junction"
"LINESTRING (-0.194116 51.479932,-0.170703 51.470847", "From Fulham Broadway, Walham Green to Simpson Street, Clapham Junction"
"LINESTRING (-0.152248 51.467185,-0.170703 51.470847", "From Ashley Crescent, Battersea to Simpson Street, Clapham Junction"
"LINESTRING (-0.170703 51.470847,-0.170703 51.470847", "From Simpson Street, Clapham Junction to Simpson Street, Clapham Junction"
"LINESTRING (-0.113179 51.466232,-0.170703 51.470847", "From St John's Crescent, Brixton to Simpson Street, Clapham Junction"
"LINESTRING (-0.170194 51.489716,-0.170703 51.470847", "From St. Luke's Church, Chelsea to Simpson Street, Clapham Junction"
"LINESTRING (-0.168292 51.462392,-0.170703 51.470847", "From St. John's Road, Clapham Junction to Simpson Street, Clapham Junction"
"LINESTRING (-0.138089 51.484839,-0.170703 51.470847", "From Claverton Street, Pimlico to Simpson Street, Clapham Junction"
"LINESTRING (-0.13558 51.513684,-0.170703 51.470847", "From Broadwick Street, Soho to Simpson Street, Clapham Junction"
"LINESTRING (-0.194116 51.479932,-0.170703 51.470847", "From Fulham Broadway, Walham Green to Simpson Street, Clapham Junction"
"LINESTRING (-0.099828 51.493146,-0.117661 51.482678", "From Strata, Elephant & Castle to Ashmole Estate, Oval"
"LINESTRING (-0.07962 51.503493,-0.117661 51.482678", "From Tooley Street, Bermondsey to Ashmole Estate, Oval"
"LINESTRING (-0.117495 51.498241,-0.117661 51.482678", "From Archbishop's Park, Waterloo to Ashmole Estate, Oval"
"LINESTRING (-0.102996 51.486929,-0.117661 51.482678", "From Doddington Grove, Kennington to Ashmole Estate, Oval"
"LINESTRING (-0.105312 51.504043,-0.117661 51.482678", "From Southwark Station 1, Southwark to Ashmole Estate, Oval"
"LINESTRING (-0.117122 51.490994,-0.117661 51.482678", "From Black Prince Road, Vauxhall to Ashmole Estate, Oval"
"LINESTRING (-0.115375 51.460232,-0.117661 51.482678", "From Saltoun Road, Brixton to Ashmole Estate, Oval"
"LINESTRING (-0.137235 51.473116,-0.117661 51.482678", "From Stewart's Road, Wandsworth Road to Ashmole Estate, Oval"
"LINESTRING (-0.123179 51.506543,-0.117661 51.482678", "From Whitehall Place, Strand to Ashmole Estate, Oval"
"LINESTRING (-0.122492 51.486343,-0.117661 51.482678", "From Kennington Lane Rail Bridge, Vauxhall to Ashmole Estate, Oval"
"LINESTRING (-0.069542 51.512363,-0.117661 51.482678", "From Leman Street, Aldgate to Ashmole Estate, Oval"
"LINESTRING (-0.130908 51.464995,-0.117661 51.482678", "From Gauden Road, Clapham to Ashmole Estate, Oval"
"LINESTRING (-0.133972 51.472993,-0.117661 51.482678", "From Union Grove, Wandsworth Road to Ashmole Estate, Oval"
"LINESTRING (-0.117661 51.482678,-0.117661 51.482678", "From Ashmole Estate, Oval to Ashmole Estate, Oval"
"LINESTRING (-0.139956 51.493573,-0.117661 51.482678", "From Queen Mother Sports Centre, Victoria to Ashmole Estate, Oval"
"LINESTRING (-0.137235 51.473116,-0.117661 51.482678", "From Stewart's Road, Wandsworth Road to Ashmole Estate, Oval"
"LINESTRING (-0.122219 51.51477,-0.117661 51.482678", "From Drury Lane, Covent Garden to Ashmole Estate, Oval"
"LINESTRING (-0.07813 51.526377,-0.117661 51.482678", "From Shoreditch High Street, Shoreditch to Ashmole Estate, Oval"
"LINESTRING (-0.101536 51.49217,-0.117661 51.482678", "From Hampton Street, Walworth to Ashmole Estate, Oval"
"LINESTRING (-0.147983 51.519167,-0.117661 51.482678", "From New Cavendish Street, Marylebone to Ashmole Estate, Oval"
"LINESTRING (-0.07813 51.526377,-0.117661 51.482678", "From Shoreditch High Street, Shoreditch to Ashmole Estate, Oval"
"LINESTRING (-0.100791 51.518218,-0.117661 51.482678", "From West Smithfield Rotunda, Farringdon to Ashmole Estate, Oval"
"LINESTRING (-0.087262 51.506304,-0.117661 51.482678", "From Duke Street Hill, London Bridge to Ashmole Estate, Oval"
"LINESTRING (-0.142943 51.496863,-0.117661 51.482678", "From Allington Street, Victoria to Ashmole Estate, Oval"
"LINESTRING (-0.135478 51.495827,-0.117661 51.482678", "From Rochester Row, Westminster to Ashmole Estate, Oval"
"LINESTRING (-0.099828 51.493146,-0.117661 51.482678", "From Strata, Elephant & Castle to Ashmole Estate, Oval"
"LINESTRING (-0.117661 51.482678,-0.117661 51.482678", "From Ashmole Estate, Oval to Ashmole Estate, Oval"
"LINESTRING (-0.103078 51.511934,-0.117661 51.482678", "From Blackfriars Station, St. Paul's to Ashmole Estate, Oval"
"LINESTRING (-0.117661 51.482678,-0.117661 51.482678", "From Ashmole Estate, Oval to Ashmole Estate, Oval"
"LINESTRING (-0.126874 51.47787,-0.117661 51.482678", "From Hartington Road, Stockwell to Ashmole Estate, Oval"
"LINESTRING (-0.16375 51.465064,-0.117661 51.482678", "From Dorothy Road, Clapham Junction to Ashmole Estate, Oval"
"LINESTRING (-0.17306 51.505014,-0.117661 51.482678", "From Serpentine Car Park, Hyde Park to Ashmole Estate, Oval"
"LINESTRING (-0.219346 51.482944,-0.219346 51.482944", "From Crabtree Lane, Fulham to Crabtree Lane, Fulham"
"LINESTRING (-0.215087 51.490217,-0.219346 51.482944", "From Barons Court Station, West Kensington to Crabtree Lane, Fulham"
"LINESTRING (-0.229116 51.492084,-0.219346 51.482944", "From Bridge Avenue, Hammersmith to Crabtree Lane, Fulham"
"LINESTRING (-0.229116 51.492084,-0.219346 51.482944", "From Bridge Avenue, Hammersmith to Crabtree Lane, Fulham"
"LINESTRING (-0.179077 51.495592,-0.219346 51.482944", "From Natural History Museum, South Kensington to Crabtree Lane, Fulham"
"LINESTRING (-0.215087 51.490217,-0.219346 51.482944", "From Barons Court Station, West Kensington to Crabtree Lane, Fulham"
"LINESTRING (-0.212145 51.459715,-0.219346 51.482944", "From Upper Richmond Road, Putney to Crabtree Lane, Fulham"
"LINESTRING (-0.209121 51.491026,-0.219346 51.482944", "From Gwendwr Road, West Kensington to Crabtree Lane, Fulham"
"LINESTRING (-0.212145 51.459715,-0.219346 51.482944", "From Upper Richmond Road, Putney to Crabtree Lane, Fulham"
"LINESTRING (-0.193068 51.500397,-0.219346 51.482944", "From Wright's Lane, Kensington to Crabtree Lane, Fulham"
"LINESTRING (-0.205876 51.475698,-0.219346 51.482944", "From Chesilton Road, Fulham to Crabtree Lane, Fulham"
"LINESTRING (-0.215895 51.476885,-0.219346 51.482944", "From Finlay Street, Fulham to Crabtree Lane, Fulham"
"LINESTRING (-0.209121 51.491026,-0.219346 51.482944", "From Gwendwr Road, West Kensington to Crabtree Lane, Fulham"
"LINESTRING (-0.215895 51.476885,-0.219346 51.482944", "From Finlay Street, Fulham to Crabtree Lane, Fulham"
"LINESTRING (-0.150666 51.506864,-0.219346 51.482944", "From Stanhope Gate, Mayfair to Crabtree Lane, Fulham"
"LINESTRING (-0.216145 51.46161,-0.219346 51.482944", "From Disraeli Road, Putney to Crabtree Lane, Fulham"
"LINESTRING (-0.215087 51.490217,-0.219346 51.482944", "From Barons Court Station, West Kensington to Crabtree Lane, Fulham"
"LINESTRING (-0.192165 51.457529,-0.219346 51.482944", "From Ram Street, Wandsworth to Crabtree Lane, Fulham"
"LINESTRING (-0.18267 51.494185,-0.219346 51.482944", "From Gloucester Road Station, South Kensington to Crabtree Lane, Fulham"
"LINESTRING (-0.201968 51.475089,-0.199135 51.468418", "From Parsons Green Station, Parsons Green to Broomhouse Lane, Parsons Green"
"LINESTRING (-0.187427 51.460864,-0.199135 51.468418", "From Wandsworth Town Station, Wandsworth to Broomhouse Lane, Parsons Green"
"LINESTRING (-0.202038 51.48357,-0.199135 51.468418", "From Coomer Place, West Kensington to Broomhouse Lane, Parsons Green"
"LINESTRING (-0.17524 51.48902,-0.199135 51.468418", "From South Parade, Chelsea to Broomhouse Lane, Parsons Green"
"LINESTRING (-0.174347 51.476964,-0.199135 51.468418", "From Battersea Church Road, Battersea to Broomhouse Lane, Parsons Green"
"LINESTRING (-0.208485 51.478939,-0.199135 51.468418", "From St. Peter's Terrace, Fulham to Broomhouse Lane, Parsons Green"
"LINESTRING (-0.18119 51.490945,-0.199135 51.468418", "From Old Brompton Road, South Kensington to Broomhouse Lane, Parsons Green"
"LINESTRING (-0.16716 51.47518,-0.199135 51.468418", "From Surrey Lane, Battersea to Broomhouse Lane, Parsons Green"
"LINESTRING (-0.204815 51.484386,-0.199135 51.468418", "From Normand Park, West Kensington to Broomhouse Lane, Parsons Green"
"LINESTRING (-0.175407 51.462305,-0.199135 51.468418", "From Plough Terrace, Clapham Junction to Broomhouse Lane, Parsons Green"
"LINESTRING (-0.201968 51.475089,-0.199135 51.468418", "From Parsons Green Station, Parsons Green to Broomhouse Lane, Parsons Green"
"LINESTRING (-0.20782 51.473471,-0.221791 51.49968", "From Fulham Park Road, Fulham to Blythe Road West, Shepherd's Bush"
"LINESTRING (-0.224103 51.509158,-0.221791 51.49968", "From Westfield Ariel Way, White City to Blythe Road West, Shepherd's Bush"
"LINESTRING (-0.216016 51.509224,-0.221791 51.49968", "From Rifle Place, Avondale to Blythe Road West, Shepherd's Bush"
"LINESTRING (-0.197574 51.499606,-0.221791 51.49968", "From Phillimore Gardens, Kensington to Blythe Road West, Shepherd's Bush"
"LINESTRING (-0.221791 51.49968,-0.221791 51.49968", "From Blythe Road West, Shepherd's Bush to Blythe Road West, Shepherd's Bush"
"LINESTRING (-0.216573 51.466907,-0.221791 51.49968", "From Putney Pier, Wandsworth to Blythe Road West, Shepherd's Bush"
"LINESTRING (-0.2135 51.496927,-0.221791 51.49968", "From Blythe Road, Olympia to Blythe Road West, Shepherd's Bush"
"LINESTRING (-0.195777 51.479463,-0.164786 51.477292", "From Erin Close, Walham Green to Ethelburga Estate, Battersea Park"
"LINESTRING (-0.147478 51.492369,-0.164786 51.477292", "From Elizabeth Bridge, Victoria to Ethelburga Estate, Battersea Park"
"LINESTRING (-0.173881 51.494412,-0.164786 51.477292", "From South Kensington Station, South Kensington to Ethelburga Estate, Battersea Park"
"LINESTRING (-0.163347 51.474392,-0.164786 51.477292", "From Albert Bridge Road, Battersea Park to Ethelburga Estate, Battersea Park"
"LINESTRING (-0.149551 51.477619,-0.164786 51.477292", "From Queen's Circus, Battersea Park to Ethelburga Estate, Battersea Park"
"LINESTRING (-0.170279 51.506451,-0.164786 51.477292", "From Triangle Car Park, Hyde Park to Ethelburga Estate, Battersea Park"
"LINESTRING (-0.183853 51.480898,-0.164786 51.477292", "From Thorndike Close, West Chelsea to Ethelburga Estate, Battersea Park"
"LINESTRING (-0.169821 51.466633,-0.164786 51.477292", "From Falcon Road, Clapham Junction to Ethelburga Estate, Battersea Park"
"LINESTRING (-0.139221 51.461388,-0.164786 51.477292", "From Clapham Common Station, Clapham Common to Ethelburga Estate, Battersea Park"
"LINESTRING (-0.0786 51.500647,-0.164786 51.477292", "From Tanner Street, Bermondsey to Ethelburga Estate, Battersea Park"
"LINESTRING (-0.158249 51.516892,-0.164786 51.477292", "From George Place Mews, Marylebone to Ethelburga Estate, Battersea Park"
"LINESTRING (-0.139625 51.490962,-0.164786 51.477292", "From Gloucester Street, Pimlico to Ethelburga Estate, Battersea Park"
"LINESTRING (-0.14177 51.479501,-0.164786 51.477292", "From Battersea Park Road, Nine Elms to Ethelburga Estate, Battersea Park"
"LINESTRING (-0.142844 51.506613,-0.164786 51.477292", "From Green Park Station, Mayfair to Ethelburga Estate, Battersea Park"
"LINESTRING (-0.137043 51.511897,-0.164786 51.477292", "From Golden Square, Soho to Ethelburga Estate, Battersea Park"
"LINESTRING (-0.192538 51.504723,-0.164786 51.477292", "From Vicarage Gate, Kensington to Ethelburga Estate, Battersea Park"
"LINESTRING (-0.147478 51.492369,-0.164786 51.477292", "From Elizabeth Bridge, Victoria to Ethelburga Estate, Battersea Park"
"LINESTRING (-0.162418 51.490083,-0.164786 51.477292", "From Royal Avenue 2, Chelsea to Ethelburga Estate, Battersea Park"
"LINESTRING (-0.147624 51.49395,-0.164786 51.477292", "From Eccleston Place, Victoria to Ethelburga Estate, Battersea Park"
"LINESTRING (-0.137235 51.473116,-0.164786 51.477292", "From Stewart's Road, Wandsworth Road to Ethelburga Estate, Battersea Park"
"LINESTRING (-0.146544 51.468669,-0.164786 51.477292", "From Heath Road, Battersea to Ethelburga Estate, Battersea Park"
"LINESTRING (-0.116493 51.477839,-0.164786 51.477292", "From Caldwell Street, Stockwell to Ethelburga Estate, Battersea Park"
"LINESTRING (-0.124642 51.481747,-0.164786 51.477292", "From South Lambeth Road, Vauxhall to Ethelburga Estate, Battersea Park"
"LINESTRING (-0.123616 51.529943,-0.164786 51.477292", "From Belgrove Street , King's Cross to Ethelburga Estate, Battersea Park"
"LINESTRING (-0.14177 51.479501,-0.164786 51.477292", "From Battersea Park Road, Nine Elms to Ethelburga Estate, Battersea Park"
"LINESTRING (-0.183165 51.474665,-0.164786 51.477292", "From Imperial Wharf Station, Sands End to Ethelburga Estate, Battersea Park"
"LINESTRING (-0.155442 51.474376,-0.164786 51.477292", "From Austin Road, Battersea Park to Ethelburga Estate, Battersea Park"
"LINESTRING (-0.18119 51.485587,-0.164786 51.477292", "From Limerston Street, West Chelsea to Ethelburga Estate, Battersea Park"
"LINESTRING (-0.138212 51.481335,-0.164786 51.477292", "From Riverlight South, Nine Elms to Ethelburga Estate, Battersea Park"
"LINESTRING (-0.147478 51.492369,-0.164786 51.477292", "From Elizabeth Bridge, Victoria to Ethelburga Estate, Battersea Park"
"LINESTRING (-0.141812 51.469259,-0.164786 51.477292", "From Wandsworth Rd, Isley Court, Wandsworth Road to Ethelburga Estate, Battersea Park"
"LINESTRING (-0.138212 51.481335,-0.164786 51.477292", "From Riverlight South, Nine Elms to Ethelburga Estate, Battersea Park"
"LINESTRING (-0.179702 51.499428,-0.164786 51.477292", "From Imperial College, Knightsbridge to Ethelburga Estate, Battersea Park"
"LINESTRING (-0.173757 51.496471,-0.164786 51.477292", "From Exhibition Road Museums 1, South Kensington to Ethelburga Estate, Battersea Park"
"LINESTRING (-0.139221 51.461388,-0.164786 51.477292", "From Clapham Common Station, Clapham Common to Ethelburga Estate, Battersea Park"
"LINESTRING (-0.183165 51.474665,-0.164786 51.477292", "From Imperial Wharf Station, Sands End to Ethelburga Estate, Battersea Park"
"LINESTRING (-0.099828 51.493146,-0.164786 51.477292", "From Strata, Elephant & Castle to Ethelburga Estate, Battersea Park"
"LINESTRING (-0.139221 51.461388,-0.164786 51.477292", "From Clapham Common Station, Clapham Common to Ethelburga Estate, Battersea Park"
"LINESTRING (-0.147624 51.49395,-0.164786 51.477292", "From Eccleston Place, Victoria to Ethelburga Estate, Battersea Park"
"LINESTRING (-0.201968 51.475089,-0.164786 51.477292", "From Parsons Green Station, Parsons Green to Ethelburga Estate, Battersea Park"
"LINESTRING (-0.15213 51.470475,-0.164786 51.477292", "From Stanley Grove, Battersea to Ethelburga Estate, Battersea Park"
"LINESTRING (-0.149004 51.485821,-0.164786 51.477292", "From Chelsea Bridge, Pimlico to Ethelburga Estate, Battersea Park"
"LINESTRING (-0.134621 51.507424,-0.164786 51.477292", "From St. James's Square, St. James's to Ethelburga Estate, Battersea Park"
"LINESTRING (-0.126874 51.47787,-0.164786 51.477292", "From Hartington Road, Stockwell to Ethelburga Estate, Battersea Park"
"LINESTRING (-0.169821 51.466633,-0.164786 51.477292", "From Falcon Road, Clapham Junction to Ethelburga Estate, Battersea Park"
"LINESTRING (-0.168292 51.462392,-0.164786 51.477292", "From St. John's Road, Clapham Junction to Ethelburga Estate, Battersea Park"
"LINESTRING (-0.159322 51.461343,-0.164786 51.477292", "From Clapham Common North Side, Clapham Common to Ethelburga Estate, Battersea Park"
"LINESTRING (-0.139625 51.490962,-0.164786 51.477292", "From Gloucester Street, Pimlico to Ethelburga Estate, Battersea Park"
"LINESTRING (-0.11258 51.473874,-0.164786 51.477292", "From Normandy Road, Stockwell to Ethelburga Estate, Battersea Park"
"LINESTRING (-0.107987 51.517428,-0.103078 51.511934", "From New Fetter Lane, Holborn to Blackfriars Station, St. Paul's"
"LINESTRING (-0.102996 51.486929,-0.103078 51.511934", "From Doddington Grove, Kennington to Blackfriars Station, St. Paul's"
"LINESTRING (-0.113426 51.503919,-0.103078 51.511934", "From Waterloo Station 2, Waterloo to Blackfriars Station, St. Paul's"
"LINESTRING (-0.116688 51.520596,-0.103078 51.511934", "From Theobald's Road , Holborn to Blackfriars Station, St. Paul's"
"LINESTRING (-0.012413 51.508896,-0.103078 51.511934", "From Newby Place, Poplar to Blackfriars Station, St. Paul's"
"LINESTRING (-0.09294 51.511553,-0.103078 51.511934", "From Queen Street 1, Bank to Blackfriars Station, St. Paul's"
"LINESTRING (-0.087262 51.506304,-0.103078 51.511934", "From Duke Street Hill, London Bridge to Blackfriars Station, St. Paul's"
"LINESTRING (-0.145211 51.520715,-0.103078 51.511934", "From Portland Place, Marylebone to Blackfriars Station, St. Paul's"
"LINESTRING (-0.066078 51.514924,-0.103078 51.511934", "From LMU Commercial Road, Whitechapel to Blackfriars Station, St. Paul's"
"LINESTRING (-0.08497 51.50964,-0.103078 51.511934", "From Monument Street, Monument to Blackfriars Station, St. Paul's"
"LINESTRING (-0.129698 51.500703,-0.103078 51.511934", "From Storey's Gate, Westminster to Blackfriars Station, St. Paul's"
"LINESTRING (-0.191496 51.503157,-0.103078 51.511934", "From Kensington Church Street, Kensington to Blackfriars Station, St. Paul's"
"LINESTRING (-0.09294 51.51397,-0.103078 51.511934", "From Cheapside, Bank to Blackfriars Station, St. Paul's"
"LINESTRING (-0.127575 51.495805,-0.103078 51.511934", "From Smith Square, Westminster to Blackfriars Station, St. Paul's"
"LINESTRING (-0.13225 51.528833,-0.103078 51.511934", "From Doric Way , Somers Town to Blackfriars Station, St. Paul's"
"LINESTRING (-0.076793 51.513406,-0.103078 51.511934", "From Jewry Street, Aldgate to Blackfriars Station, St. Paul's"
"LINESTRING (-0.129698 51.500703,-0.103078 51.511934", "From Storey's Gate, Westminster to Blackfriars Station, St. Paul's"
"LINESTRING (-0.109914 51.531666,-0.103078 51.511934", "From Claremont Square, Angel to Blackfriars Station, St. Paul's"
"LINESTRING (-0.062697 51.518154,-0.103078 51.511934", "From New Road 1 , Whitechapel to Blackfriars Station, St. Paul's"
"LINESTRING (-0.033828 51.514115,-0.103078 51.511934", "From Salmon Lane, Limehouse to Blackfriars Station, St. Paul's"
"LINESTRING (-0.063471 51.497995,-0.103078 51.511934", "From Bermondsey Station, Bermondsey to Blackfriars Station, St. Paul's"
"LINESTRING (-0.183289 51.496462,-0.103078 51.511934", "From Gloucester Road (Central), South Kensington to Blackfriars Station, St. Paul's"
"LINESTRING (-0.09885 51.515418,-0.103078 51.511934", "From Newgate Street , St. Paul's to Blackfriars Station, St. Paul's"
"LINESTRING (-0.102996 51.486929,-0.103078 51.511934", "From Doddington Grove, Kennington to Blackfriars Station, St. Paul's"
"LINESTRING (-0.152317 51.499412,-0.103078 51.511934", "From Belgrave Square, Belgravia to Blackfriars Station, St. Paul's"
"LINESTRING (-0.13214 51.519572,-0.103078 51.511934", "From Store Street, Bloomsbury to Blackfriars Station, St. Paul's"
"LINESTRING (-0.082422 51.516154,-0.103078 51.511934", "From Wormwood Street, Liverpool Street to Blackfriars Station, St. Paul's"
"LINESTRING (-0.117661 51.482678,-0.103078 51.511934", "From Ashmole Estate, Oval to Blackfriars Station, St. Paul's"
"LINESTRING (-0.123616 51.529943,-0.103078 51.511934", "From Belgrove Street , King's Cross to Blackfriars Station, St. Paul's"
"LINESTRING (-0.179038 51.479573,-0.103078 51.511934", "From Lots Road, West Chelsea to Blackfriars Station, St. Paul's"
"LINESTRING (-0.086685 51.517075,-0.103078 51.511934", "From Finsbury Circus, Liverpool Street to Blackfriars Station, St. Paul's"
"LINESTRING (-0.063531 51.504719,-0.103078 51.511934", "From Hermitage Court, Wapping to Blackfriars Station, St. Paul's"
"LINESTRING (-0.085634 51.520962,-0.103078 51.511934", "From Finsbury Square , Moorgate to Blackfriars Station, St. Paul's"
"LINESTRING (-0.117974 51.494881,-0.103078 51.511934", "From Lambeth Road, Vauxhall to Blackfriars Station, St. Paul's"
"LINESTRING (-0.124826 51.516226,-0.103078 51.511934", "From High Holborn , Covent Garden to Blackfriars Station, St. Paul's"
"LINESTRING (-0.138212 51.481335,-0.103078 51.511934", "From Riverlight South, Nine Elms to Blackfriars Station, St. Paul's"
"LINESTRING (-0.087587 51.514441,-0.103078 51.511934", "From Bank of England Museum, Bank to Blackfriars Station, St. Paul's"
"LINESTRING (-0.09294 51.511553,-0.103078 51.511934", "From Queen Street 1, Bank to Blackfriars Station, St. Paul's"
"LINESTRING (-0.112824 51.503791,-0.103078 51.511934", "From Waterloo Station 3, Waterloo to Blackfriars Station, St. Paul's"
"LINESTRING (-0.094934 51.522954,-0.103078 51.511934", "From Roscoe Street, St. Luke's to Blackfriars Station, St. Paul's"
"LINESTRING (-0.079684 51.516468,-0.103078 51.511934", "From Devonshire Square, Liverpool Street to Blackfriars Station, St. Paul's"
"LINESTRING (-0.079249 51.518908,-0.103078 51.511934", "From Brushfield Street, Liverpool Street to Blackfriars Station, St. Paul's"
"LINESTRING (-0.138089 51.484839,-0.103078 51.511934", "From Claverton Street, Pimlico to Blackfriars Station, St. Paul's"
"LINESTRING (-0.105593 51.488852,-0.103078 51.511934", "From Kennington Station, Kennington to Blackfriars Station, St. Paul's"
"LINESTRING (-0.112824 51.503791,-0.103078 51.511934", "From Waterloo Station 3, Waterloo to Blackfriars Station, St. Paul's"
"LINESTRING (-0.104947 51.516785,-0.103078 51.511934", "From Farringdon Street, Holborn to Blackfriars Station, St. Paul's"
"LINESTRING (-0.079608 51.521668,-0.103078 51.511934", "From Worship Street, Shoreditch to Blackfriars Station, St. Paul's"
"LINESTRING (-0.057159 51.511088,-0.103078 51.511934", "From Shadwell Station, Shadwell to Blackfriars Station, St. Paul's"
"LINESTRING (-0.122219 51.51477,-0.103078 51.511934", "From Drury Lane, Covent Garden to Blackfriars Station, St. Paul's"
"LINESTRING (-0.130699 51.50777,-0.103078 51.511934", "From Pall Mall East, West End to Blackfriars Station, St. Paul's"
"LINESTRING (-0.119047 51.509631,-0.103078 51.511934", "From Embankment (Savoy), Strand to Blackfriars Station, St. Paul's"
"LINESTRING (-0.198286 51.493724,-0.103078 51.511934", "From West Cromwell Road, Earl's Court to Blackfriars Station, St. Paul's"
"LINESTRING (-0.112824 51.503791,-0.103078 51.511934", "From Waterloo Station 3, Waterloo to Blackfriars Station, St. Paul's"
"LINESTRING (-0.082422 51.516154,-0.103078 51.511934", "From Wormwood Street, Liverpool Street to Blackfriars Station, St. Paul's"
"LINESTRING (-0.079249 51.518908,-0.103078 51.511934", "From Brushfield Street, Liverpool Street to Blackfriars Station, St. Paul's"
"LINESTRING (-0.088285 51.519069,-0.103078 51.511934", "From Moorfields, Moorgate to Blackfriars Station, St. Paul's"
"LINESTRING (-0.112824 51.503791,-0.103078 51.511934", "From Waterloo Station 3, Waterloo to Blackfriars Station, St. Paul's"
"LINESTRING (-0.102996 51.486929,-0.103078 51.511934", "From Doddington Grove, Kennington to Blackfriars Station, St. Paul's"
"LINESTRING (-0.084439 51.524696,-0.103078 51.511934", "From Leonard Circus , Shoreditch to Blackfriars Station, St. Paul's"
"LINESTRING (-0.179854 51.501715,-0.103078 51.511934", "From Queen's Gate, Kensington Gardens to Blackfriars Station, St. Paul's"
"LINESTRING (-0.113426 51.503919,-0.103078 51.511934", "From Waterloo Station 2, Waterloo to Blackfriars Station, St. Paul's"
"LINESTRING (-0.079608 51.521668,-0.103078 51.511934", "From Worship Street, Shoreditch to Blackfriars Station, St. Paul's"
"LINESTRING (-0.086685 51.517075,-0.103078 51.511934", "From Finsbury Circus, Liverpool Street to Blackfriars Station, St. Paul's"
"LINESTRING (-0.113864 51.504027,-0.103078 51.511934", "From Waterloo Station 1, Waterloo to Blackfriars Station, St. Paul's"
"LINESTRING (-0.135635 51.488226,-0.103078 51.511934", "From St. George's Square, Pimlico to Blackfriars Station, St. Paul's"
"LINESTRING (-0.14296 51.497998,-0.103078 51.511934", "From Warwick Row, Westminster to Blackfriars Station, St. Paul's"
"LINESTRING (-0.09294 51.511553,-0.103078 51.511934", "From Queen Street 1, Bank to Blackfriars Station, St. Paul's"
"LINESTRING (-0.056667 51.511542,-0.103078 51.511934", "From Watney Street, Shadwell to Blackfriars Station, St. Paul's"
"LINESTRING (-0.093421 51.529154,-0.103078 51.511934", "From Windsor Terrace, Hoxton to Blackfriars Station, St. Paul's"
"LINESTRING (-0.073537 51.514233,-0.103078 51.511934", "From Braham Street, Aldgate to Blackfriars Station, St. Paul's"
"LINESTRING (-0.056667 51.511542,-0.103078 51.511934", "From Watney Street, Shadwell to Blackfriars Station, St. Paul's"
"LINESTRING (-0.097122 51.529423,-0.103078 51.511934", "From Macclesfield Rd, St Lukes to Blackfriars Station, St. Paul's"
"LINESTRING (-0.130504 51.526838,-0.103078 51.511934", "From Endsleigh Gardens, Euston to Blackfriars Station, St. Paul's"
"LINESTRING (-0.109006 51.521661,-0.103078 51.511934", "From Hatton Wall, Holborn to Blackfriars Station, St. Paul's"
"LINESTRING (-0.085634 51.520962,-0.103078 51.511934", "From Finsbury Square , Moorgate to Blackfriars Station, St. Paul's"
"LINESTRING (-0.104724 51.52836,-0.103078 51.511934", "From St. John Street, Finsbury to Blackfriars Station, St. Paul's"
"LINESTRING (-0.077178 51.514449,-0.103078 51.511934", "From Houndsditch, Aldgate to Blackfriars Station, St. Paul's"
"LINESTRING (-0.113864 51.504027,-0.103078 51.511934", "From Waterloo Station 1, Waterloo to Blackfriars Station, St. Paul's"
"LINESTRING (-0.112824 51.503791,-0.103078 51.511934", "From Waterloo Station 3, Waterloo to Blackfriars Station, St. Paul's"
"LINESTRING (-0.119123 51.519435,-0.103078 51.511934", "From Red Lion Square, Holborn to Blackfriars Station, St. Paul's"
"LINESTRING (-0.078869 51.521113,-0.103078 51.511934", "From Norton Folgate, Liverpool Street to Blackfriars Station, St. Paul's"
"LINESTRING (-0.06142 51.532091,-0.103078 51.511934", "From Pritchard's Road, Bethnal Green to Blackfriars Station, St. Paul's"
"LINESTRING (-0.075375 51.528187,-0.103078 51.511934", "From Columbia Road, Shoreditch to Blackfriars Station, St. Paul's"
"LINESTRING (-0.182126 51.463489,-0.103078 51.511934", "From Usk Road, Clapham Junction to Blackfriars Station, St. Paul's"
"LINESTRING (-0.120202 51.523346,-0.103078 51.511934", "From Guilford Street , Bloomsbury to Blackfriars Station, St. Paul's"
"LINESTRING (-0.10834 51.52352,-0.103078 51.511934", "From Farringdon Lane, Clerkenwell to Blackfriars Station, St. Paul's"
"LINESTRING (-0.08974 51.500823,-0.103078 51.511934", "From Empire Square, The Borough to Blackfriars Station, St. Paul's"
"LINESTRING (-0.123179 51.506543,-0.103078 51.511934", "From Whitehall Place, Strand to Blackfriars Station, St. Paul's"
"LINESTRING (-0.132102 51.498125,-0.103078 51.511934", "From Abbey Orchard Street, Westminster to Blackfriars Station, St. Paul's"
"LINESTRING (-0.183834 51.497924,-0.206029 51.49087", "From Gloucester Road (North), Kensington to West Kensington Station, West Kensington"
"LINESTRING (-0.191803 51.473611,-0.206029 51.49087", "From Sandilands Road, Walham Green to West Kensington Station, West Kensington"
"LINESTRING (-0.192369 51.491593,-0.206029 51.49087", "From Penywern Road, Earl's Court to West Kensington Station, West Kensington"
"LINESTRING (-0.180791 51.46193,-0.206029 51.49087", "From Nantes Close, Wandsworth to West Kensington Station, West Kensington"
"LINESTRING (-0.19701 51.473763,-0.206029 51.49087", "From Irene Road, Parsons Green to West Kensington Station, West Kensington"
"LINESTRING (-0.174554 51.499917,-0.206029 51.49087", "From Exhibition Road, Knightsbridge to West Kensington Station, West Kensington"
"LINESTRING (-0.182435 51.478169,-0.206029 51.49087", "From Upcerne Road, West Chelsea to West Kensington Station, West Kensington"
"LINESTRING (-0.191803 51.473611,-0.206029 51.49087", "From Sandilands Road, Walham Green to West Kensington Station, West Kensington"
"LINESTRING (-0.214428 51.486062,-0.206029 51.49087", "From Greyhound Road, Hammersmith to West Kensington Station, West Kensington"
"LINESTRING (-0.195777 51.479463,-0.206029 51.49087", "From Erin Close, Walham Green to West Kensington Station, West Kensington"
"LINESTRING (-0.194116 51.479932,-0.206029 51.49087", "From Fulham Broadway, Walham Green to West Kensington Station, West Kensington"
"LINESTRING (-0.138019 51.524438,-0.206029 51.49087", "From Warren Street Station, Euston to West Kensington Station, West Kensington"
"LINESTRING (-0.202038 51.48357,-0.206029 51.49087", "From Coomer Place, West Kensington to West Kensington Station, West Kensington"
"LINESTRING (-0.180884 51.459225,-0.206029 51.49087", "From Spanish Road, Clapham Junction to West Kensington Station, West Kensington"
"LINESTRING (-0.21186 51.483217,-0.206029 51.49087", "From Humbolt Road, Fulham to West Kensington Station, West Kensington"
"LINESTRING (-0.194116 51.479932,-0.206029 51.49087", "From Fulham Broadway, Walham Green to West Kensington Station, West Kensington"
"LINESTRING (-0.155757 51.51013,-0.206029 51.49087", "From Upper Grosvenor Street, Mayfair to West Kensington Station, West Kensington"
"LINESTRING (-0.143495 51.509992,-0.206029 51.49087", "From Grafton Street, Mayfair to West Kensington Station, West Kensington"
"LINESTRING (-0.179077 51.495592,-0.206029 51.49087", "From Natural History Museum, South Kensington to West Kensington Station, West Kensington"
"LINESTRING (-0.21985 51.493267,-0.206029 51.49087", "From Hammersmith Road, Hammersmith to West Kensington Station, West Kensington"
"LINESTRING (-0.167894 51.493184,-0.206029 51.49087", "From Sloane Avenue, Knightsbridge to West Kensington Station, West Kensington"
"LINESTRING (-0.17581 51.517335,-0.206029 51.49087", "From South Wharf Road, Paddington to West Kensington Station, West Kensington"
"LINESTRING (-0.195455 51.500401,-0.206029 51.49087", "From Argyll Road, Kensington to West Kensington Station, West Kensington"
"LINESTRING (-0.184318 51.468819,-0.206029 51.49087", "From William Morris Way, Sands End to West Kensington Station, West Kensington"
"LINESTRING (-0.193502 51.467064,-0.206029 51.49087", "From South Park, Sands End to West Kensington Station, West Kensington"
"LINESTRING (-0.195455 51.500401,-0.206029 51.49087", "From Argyll Road, Kensington to West Kensington Station, West Kensington"
"LINESTRING (-0.190346 51.46822,-0.206029 51.49087", "From Stephendale Road, Sands End to West Kensington Station, West Kensington"
"LINESTRING (-0.206029 51.49087,-0.206029 51.49087", "From West Kensington Station, West Kensington to West Kensington Station, West Kensington"
"LINESTRING (-0.211358 51.510101,-0.202608 51.51632", "From Walmer Road, Avondale to All Saints Church, Portobello"
"LINESTRING (-0.196422 51.509353,-0.202608 51.51632", "From Notting Hill Gate Station, Notting Hill to All Saints Church, Portobello"
"LINESTRING (-0.196422 51.509353,-0.202608 51.51632", "From Notting Hill Gate Station, Notting Hill to All Saints Church, Portobello"
"LINESTRING (-0.21819 51.511486,-0.202608 51.51632", "From Evesham Street, Avondale to All Saints Church, Portobello"
"LINESTRING (-0.156876 51.49313,-0.202608 51.51632", "From Sedding Street, Sloane Square to All Saints Church, Portobello"
"LINESTRING (-0.205284 51.496712,-0.202608 51.51632", "From Warwick Road, Olympia to All Saints Church, Portobello"
"LINESTRING (-0.211358 51.510101,-0.202608 51.51632", "From Walmer Road, Avondale to All Saints Church, Portobello"
"LINESTRING (-0.202608 51.51632,-0.202608 51.51632", "From All Saints Church, Portobello to All Saints Church, Portobello"
"LINESTRING (-0.174971 51.485121,-0.202608 51.51632", "From The Vale, Chelsea to All Saints Church, Portobello"
"LINESTRING (-0.196422 51.509353,-0.202608 51.51632", "From Notting Hill Gate Station, Notting Hill to All Saints Church, Portobello"
"LINESTRING (-0.169249 51.515953,-0.202608 51.51632", "From Southwick Street, Paddington to All Saints Church, Portobello"
"LINESTRING (-0.171103 51.518268,-0.202608 51.51632", "From St Mary's Hospital, Paddington to All Saints Church, Portobello"
"LINESTRING (-0.216104 51.50659,-0.202608 51.51632", "From Queensdale Road, Shepherd's Bush to All Saints Church, Portobello"
"LINESTRING (-0.211593 51.51323,-0.202608 51.51632", "From Clarendon Road, Avondale to All Saints Church, Portobello"
"LINESTRING (-0.205284 51.496712,-0.202608 51.51632", "From Warwick Road, Olympia to All Saints Church, Portobello"
"LINESTRING (-0.198286 51.493724,-0.202608 51.51632", "From West Cromwell Road, Earl's Court to All Saints Church, Portobello"
"LINESTRING (-0.19096 51.51244,-0.202608 51.51632", "From Ilchester Gardens, Bayswater to All Saints Church, Portobello"
"LINESTRING (-0.224103 51.509158,-0.202608 51.51632", "From Westfield Ariel Way, White City to All Saints Church, Portobello"
"LINESTRING (-0.153645 51.512911,-0.202608 51.51632", "From North Audley Street, Mayfair to All Saints Church, Portobello"
"LINESTRING (-0.224103 51.509158,-0.202608 51.51632", "From Westfield Ariel Way, White City to All Saints Church, Portobello"
"LINESTRING (-0.138072 51.517344,-0.202608 51.51632", "From Wells Street, Fitzrovia to All Saints Church, Portobello"
"LINESTRING (-0.183486 51.529857,-0.167919 51.484984", "From Maida Vale, Maida Vale to Phene Street, Chelsea"
"LINESTRING (-0.156876 51.49313,-0.167919 51.484984", "From Sedding Street, Sloane Square to Phene Street, Chelsea"
"LINESTRING (-0.166878 51.488023,-0.167919 51.484984", "From Flood Street, Chelsea to Phene Street, Chelsea"
"LINESTRING (-0.216145 51.46161,-0.167919 51.484984", "From Disraeli Road, Putney to Phene Street, Chelsea"
"LINESTRING (-0.190393 51.490163,-0.167919 51.484984", "From Bramham Gardens, Earl's Court to Phene Street, Chelsea"
"LINESTRING (-0.18119 51.485587,-0.167919 51.484984", "From Limerston Street, West Chelsea to Phene Street, Chelsea"
"LINESTRING (-0.199783 51.472817,-0.167919 51.484984", "From Parson's Green , Parson's Green to Phene Street, Chelsea"
"LINESTRING (-0.170279 51.506451,-0.167919 51.484984", "From Triangle Car Park, Hyde Park to Phene Street, Chelsea"
"LINESTRING (-0.170983 51.486892,-0.167919 51.484984", "From Manresa Road, Chelsea to Phene Street, Chelsea"
"LINESTRING (-0.107927 51.513821,-0.167919 51.484984", "From Bouverie Street, Temple to Phene Street, Chelsea"
"LINESTRING (-0.139956 51.493573,-0.167919 51.484984", "From Queen Mother Sports Centre, Victoria to Phene Street, Chelsea"
"LINESTRING (-0.162298 51.522511,-0.167919 51.484984", "From Boston Place, Marylebone to Phene Street, Chelsea"
"LINESTRING (-0.191803 51.473611,-0.167919 51.484984", "From Sandilands Road, Walham Green to Phene Street, Chelsea"
"LINESTRING (-0.199783 51.472817,-0.167919 51.484984", "From Parson's Green , Parson's Green to Phene Street, Chelsea"
"LINESTRING (-0.147804 51.461376,-0.167919 51.484984", "From Victoria Rise, Clapham Common to Phene Street, Chelsea"
"LINESTRING (-0.14296 51.497998,-0.167919 51.484984", "From Warwick Row, Westminster to Phene Street, Chelsea"
"LINESTRING (-0.111435 51.48894,-0.167919 51.484984", "From Kennington Cross, Kennington to Phene Street, Chelsea"
"LINESTRING (-0.170983 51.486892,-0.167919 51.484984", "From Manresa Road, Chelsea to Phene Street, Chelsea"
"LINESTRING (-0.157788 51.465123,-0.167919 51.484984", "From Sugden Road, Clapham to Phene Street, Chelsea"
"LINESTRING (-0.142207 51.485357,-0.167919 51.484984", "From Grosvenor Road, Pimlico to Phene Street, Chelsea"
"LINESTRING (-0.135478 51.495827,-0.167919 51.484984", "From Rochester Row, Westminster to Phene Street, Chelsea"
"LINESTRING (-0.150666 51.506864,-0.167919 51.484984", "From Stanhope Gate, Mayfair to Phene Street, Chelsea"
"LINESTRING (-0.183165 51.474665,-0.167919 51.484984", "From Imperial Wharf Station, Sands End to Phene Street, Chelsea"
"LINESTRING (-0.179038 51.479573,-0.167919 51.484984", "From Lots Road, West Chelsea to Phene Street, Chelsea"
"LINESTRING (-0.191722 51.461083,-0.167919 51.484984", "From Smugglers Way, Wandsworth to Phene Street, Chelsea"
"LINESTRING (-0.153933 51.494561,-0.167919 51.484984", "From Eaton Square (South), Belgravia to Phene Street, Chelsea"
"LINESTRING (-0.08974 51.500823,-0.167919 51.484984", "From Empire Square, The Borough to Phene Street, Chelsea"
"LINESTRING (-0.184318 51.468819,-0.167919 51.484984", "From William Morris Way, Sands End to Phene Street, Chelsea"
"LINESTRING (-0.13151 51.509639,-0.167919 51.484984", "From Panton Street, West End to Phene Street, Chelsea"
"LINESTRING (-0.162418 51.490083,-0.167919 51.484984", "From Royal Avenue 2, Chelsea to Phene Street, Chelsea"
"LINESTRING (-0.173881 51.494412,-0.167919 51.484984", "From South Kensington Station, South Kensington to Phene Street, Chelsea"
"LINESTRING (-0.121723 51.510701,-0.167919 51.484984", "From Southampton Street, Strand to Phene Street, Chelsea"
"LINESTRING (-0.189155 51.477292,-0.167919 51.484984", "From Michael Road, Walham Green to Phene Street, Chelsea"
"LINESTRING (-0.202608 51.51632,-0.211593 51.51323", "From All Saints Church, Portobello to Clarendon Road, Avondale"
"LINESTRING (-0.196422 51.509353,-0.211593 51.51323", "From Notting Hill Gate Station, Notting Hill to Clarendon Road, Avondale"
"LINESTRING (-0.196274 51.46904,-0.211593 51.51323", "From Peterborough Road, Sands End to Clarendon Road, Avondale"
"LINESTRING (-0.205284 51.496712,-0.211593 51.51323", "From Warwick Road, Olympia to Clarendon Road, Avondale"
"LINESTRING (-0.201554 51.512136,-0.211593 51.51323", "From Chepstow Villas, Notting Hill to Clarendon Road, Avondale"
"LINESTRING (-0.196422 51.509353,-0.211593 51.51323", "From Notting Hill Gate Station, Notting Hill to Clarendon Road, Avondale"
"LINESTRING (-0.208565 51.515108,-0.211593 51.51323", "From Blenheim Crescent, Ladbroke Grove to Clarendon Road, Avondale"
"LINESTRING (-0.174653 51.527294,-0.211593 51.51323", "From St. John's Wood Road, St. John's Wood to Clarendon Road, Avondale"
"LINESTRING (-0.208565 51.515108,-0.211593 51.51323", "From Blenheim Crescent, Ladbroke Grove to Clarendon Road, Avondale"
"LINESTRING (-0.205284 51.496712,-0.211593 51.51323", "From Warwick Road, Olympia to Clarendon Road, Avondale"
"LINESTRING (-0.200742 51.502319,-0.211593 51.51323", "From Holland Park, Kensington to Clarendon Road, Avondale"
"LINESTRING (-0.195777 51.479463,-0.211593 51.51323", "From Erin Close, Walham Green to Clarendon Road, Avondale"
"LINESTRING (-0.168292 51.462392,-0.155442 51.474376", "From St. John's Road, Clapham Junction to Austin Road, Battersea Park"
"LINESTRING (-0.194116 51.479932,-0.155442 51.474376", "From Fulham Broadway, Walham Green to Austin Road, Battersea Park"
"LINESTRING (-0.147857 51.477966,-0.155442 51.474376", "From Gas Holders, Battersea Park to Austin Road, Battersea Park"
"LINESTRING (-0.183853 51.480898,-0.155442 51.474376", "From Thorndike Close, West Chelsea to Austin Road, Battersea Park"
"LINESTRING (-0.17306 51.505014,-0.155442 51.474376", "From Serpentine Car Park, Hyde Park to Austin Road, Battersea Park"
"LINESTRING (-0.178433 51.492479,-0.155442 51.474376", "From Queen's Gate (South), South Kensington to Austin Road, Battersea Park"
"LINESTRING (-0.164786 51.477292,-0.155442 51.474376", "From Ethelburga Estate, Battersea Park to Austin Road, Battersea Park"
"LINESTRING (-0.16716 51.47518,-0.155442 51.474376", "From Surrey Lane, Battersea to Austin Road, Battersea Park"
"LINESTRING (-0.17021 51.474535,-0.155442 51.474376", "From Orbel Street, Battersea to Austin Road, Battersea Park"
"LINESTRING (-0.117661 51.482678,-0.155442 51.474376", "From Ashmole Estate, Oval to Austin Road, Battersea Park"
"LINESTRING (-0.147478 51.492369,-0.155442 51.474376", "From Elizabeth Bridge, Victoria to Austin Road, Battersea Park"
"LINESTRING (-0.09644 51.507385,-0.155442 51.474376", "From New Globe Walk, Bankside to Austin Road, Battersea Park"
"LINESTRING (-0.138364 51.492111,-0.155442 51.474376", "From Tachbrook Street, Victoria to Austin Road, Battersea Park"
"LINESTRING (-0.142844 51.506613,-0.155442 51.474376", "From Green Park Station, Mayfair to Austin Road, Battersea Park"
"LINESTRING (-0.173757 51.496471,-0.155442 51.474376", "From Exhibition Road Museums 1, South Kensington to Austin Road, Battersea Park"
"LINESTRING (-0.170329 51.477684,-0.155442 51.474376", "From Westbridge Road, Battersea to Austin Road, Battersea Park"
"LINESTRING (-0.16716 51.47518,-0.155442 51.474376", "From Surrey Lane, Battersea to Austin Road, Battersea Park"
"LINESTRING (-0.164786 51.477292,-0.155442 51.474376", "From Ethelburga Estate, Battersea Park to Austin Road, Battersea Park"
"LINESTRING (-0.087587 51.514441,-0.155442 51.474376", "From Bank of England Museum, Bank to Austin Road, Battersea Park"
"LINESTRING (-0.132102 51.472918,-0.155442 51.474376", "From Courland Grove, Wandsworth Road to Austin Road, Battersea Park"
"LINESTRING (-0.141923 51.489856,-0.155442 51.474376", "From Warwick Square, Pimlico to Austin Road, Battersea Park"
"LINESTRING (-0.176267 51.472876,-0.155442 51.474376", "From Vicarage Crescent, Battersea to Austin Road, Battersea Park"
"LINESTRING (-0.169821 51.466633,-0.155442 51.474376", "From Falcon Road, Clapham Junction to Austin Road, Battersea Park"
"LINESTRING (-0.164786 51.477292,-0.155442 51.474376", "From Ethelburga Estate, Battersea Park to Austin Road, Battersea Park"
"LINESTRING (-0.173693 51.495948,-0.155442 51.474376", "From Exhibition Road Museums 2, South Kensington to Austin Road, Battersea Park"
"LINESTRING (-0.18119 51.485587,-0.155442 51.474376", "From Limerston Street, West Chelsea to Austin Road, Battersea Park"
"LINESTRING (-0.170329 51.477684,-0.155442 51.474376", "From Westbridge Road, Battersea to Austin Road, Battersea Park"
"LINESTRING (-0.14177 51.479501,-0.155442 51.474376", "From Battersea Park Road, Nine Elms to Austin Road, Battersea Park"
"LINESTRING (-0.192165 51.457529,-0.155442 51.474376", "From Ram Street, Wandsworth to Austin Road, Battersea Park"
"LINESTRING (-0.165471 51.498884,-0.155442 51.474376", "From Montpelier Street, Knightsbridge to Austin Road, Battersea Park"
"LINESTRING (-0.189155 51.477292,-0.155442 51.474376", "From Michael Road, Walham Green to Austin Road, Battersea Park"
"LINESTRING (-0.166878 51.488023,-0.155442 51.474376", "From Flood Street, Chelsea to Austin Road, Battersea Park"
"LINESTRING (-0.212145 51.459715,-0.191722 51.461083", "From Upper Richmond Road, Putney to Smugglers Way, Wandsworth"
"LINESTRING (-0.14177 51.479501,-0.191722 51.461083", "From Battersea Park Road, Nine Elms to Smugglers Way, Wandsworth"
"LINESTRING (-0.162418 51.490083,-0.191722 51.461083", "From Royal Avenue 2, Chelsea to Smugglers Way, Wandsworth"
"LINESTRING (-0.179038 51.479573,-0.191722 51.461083", "From Lots Road, West Chelsea to Smugglers Way, Wandsworth"
"LINESTRING (-0.216526 51.460717,-0.191722 51.461083", "From Putney Rail Station, Putney to Smugglers Way, Wandsworth"
"LINESTRING (-0.18119 51.485587,-0.191722 51.461083", "From Limerston Street, West Chelsea to Smugglers Way, Wandsworth"
"LINESTRING (-0.182126 51.463489,-0.191722 51.461083", "From Usk Road, Clapham Junction to Smugglers Way, Wandsworth"
"LINESTRING (-0.183165 51.474665,-0.191722 51.461083", "From Imperial Wharf Station, Sands End to Smugglers Way, Wandsworth"
"LINESTRING (-0.236769 51.494223,-0.222293 51.501594", "From Ravenscourt Park Station, Hammersmith to Shepherd's Bush Road North, Shepherd's Bush"
"LINESTRING (-0.222293 51.501594,-0.222293 51.501594", "From Shepherd's Bush Road North, Shepherd's Bush to Shepherd's Bush Road North, Shepherd's Bush"
"LINESTRING (-0.205279 51.487244,-0.222293 51.501594", "From Star Road, West Kensington to Shepherd's Bush Road North, Shepherd's Bush"
"LINESTRING (-0.191496 51.503157,-0.222293 51.501594", "From Kensington Church Street, Kensington to Shepherd's Bush Road North, Shepherd's Bush"
"LINESTRING (-0.224303 51.506093,-0.222293 51.501594", "From Westfield Library Corner, Shepherd's Bush to Shepherd's Bush Road North, Shepherd's Bush"
"LINESTRING (-0.120909 51.516128,-0.222293 51.501594", "From Newton Street, Covent Garden to Shepherd's Bush Road North, Shepherd's Bush"
"LINESTRING (-0.187402 51.51031,-0.222293 51.501594", "From Queensway, Kensington Gardens to Shepherd's Bush Road North, Shepherd's Bush"
"LINESTRING (-0.2174 51.504038,-0.222293 51.501594", "From Woodstock Grove, Shepherd's Bush to Shepherd's Bush Road North, Shepherd's Bush"
"LINESTRING (-0.205279 51.487244,-0.222293 51.501594", "From Star Road, West Kensington to Shepherd's Bush Road North, Shepherd's Bush"
"LINESTRING (-0.197524 51.511084,-0.222293 51.501594", "From Pembridge Villas, Notting Hill to Shepherd's Bush Road North, Shepherd's Bush"
"LINESTRING (-0.211358 51.510101,-0.222293 51.501594", "From Walmer Road, Avondale to Shepherd's Bush Road North, Shepherd's Bush"
"LINESTRING (-0.218337 51.506256,-0.222293 51.501594", "From Westfield Southern Terrace ,Shepherd's Bush to Shepherd's Bush Road North, Shepherd's Bush"
"LINESTRING (-0.211358 51.510101,-0.222293 51.501594", "From Walmer Road, Avondale to Shepherd's Bush Road North, Shepherd's Bush"
"LINESTRING (-0.2174 51.504038,-0.222293 51.501594", "From Woodstock Grove, Shepherd's Bush to Shepherd's Bush Road North, Shepherd's Bush"
"LINESTRING (-0.18267 51.494185,-0.222293 51.501594", "From Gloucester Road Station, South Kensington to Shepherd's Bush Road North, Shepherd's Bush"
"LINESTRING (-0.200742 51.502319,-0.222293 51.501594", "From Holland Park, Kensington to Shepherd's Bush Road North, Shepherd's Bush"
"LINESTRING (-0.191933 51.495866,-0.222293 51.501594", "From Lexham Gardens, Kensington to Shepherd's Bush Road North, Shepherd's Bush"
"LINESTRING (-0.236769 51.494223,-0.236769 51.494223", "From Ravenscourt Park Station, Hammersmith to Ravenscourt Park Station, Hammersmith"
"LINESTRING (-0.184806 51.457991,-0.236769 51.494223", "From Alma Road, Wandsworth to Ravenscourt Park Station, Hammersmith"
"LINESTRING (-0.191803 51.473611,-0.236769 51.494223", "From Sandilands Road, Walham Green to Ravenscourt Park Station, Hammersmith"
"LINESTRING (-0.214428 51.486062,-0.236769 51.494223", "From Greyhound Road, Hammersmith to Ravenscourt Park Station, Hammersmith"
"LINESTRING (-0.214749 51.473036,-0.236769 51.494223", "From Bishop's Avenue, Fulham to Ravenscourt Park Station, Hammersmith"
"LINESTRING (-0.123179 51.506543,-0.236769 51.494223", "From Whitehall Place, Strand to Ravenscourt Park Station, Hammersmith"
"LINESTRING (-0.187402 51.51031,-0.236769 51.494223", "From Queensway, Kensington Gardens to Ravenscourt Park Station, Hammersmith"
"LINESTRING (-0.217515 51.500353,-0.236769 51.494223", "From Richmond Way, Shepherd's Bush to Ravenscourt Park Station, Hammersmith"
"LINESTRING (-0.215895 51.476885,-0.236769 51.494223", "From Finlay Street, Fulham to Ravenscourt Park Station, Hammersmith"
"LINESTRING (-0.229116 51.492084,-0.236769 51.494223", "From Bridge Avenue, Hammersmith to Ravenscourt Park Station, Hammersmith"
"LINESTRING (-0.129698 51.500703,-0.236769 51.494223", "From Storey's Gate, Westminster to Ravenscourt Park Station, Hammersmith"
"LINESTRING (-0.215895 51.476885,-0.236769 51.494223", "From Finlay Street, Fulham to Ravenscourt Park Station, Hammersmith"
"LINESTRING (-0.170194 51.489716,-0.236769 51.494223", "From St. Luke's Church, Chelsea to Ravenscourt Park Station, Hammersmith"
"LINESTRING (-0.229116 51.492084,-0.236769 51.494223", "From Bridge Avenue, Hammersmith to Ravenscourt Park Station, Hammersmith"
"LINESTRING (-0.18119 51.490945,-0.236769 51.494223", "From Old Brompton Road, South Kensington to Ravenscourt Park Station, Hammersmith"
"LINESTRING (-0.123179 51.506543,-0.236769 51.494223", "From Whitehall Place, Strand to Ravenscourt Park Station, Hammersmith"
"LINESTRING (-0.18498 51.501737,-0.236769 51.494223", "From De Vere Gardens, Kensington to Ravenscourt Park Station, Hammersmith"
"LINESTRING (-0.236769 51.494223,-0.236769 51.494223", "From Ravenscourt Park Station, Hammersmith to Ravenscourt Park Station, Hammersmith"
"LINESTRING (-0.205284 51.496712,-0.236769 51.494223", "From Warwick Road, Olympia to Ravenscourt Park Station, Hammersmith"
"LINESTRING (-0.222293 51.501594,-0.236769 51.494223", "From Shepherd's Bush Road North, Shepherd's Bush to Ravenscourt Park Station, Hammersmith"
"LINESTRING (-0.180246 51.501026,-0.236769 51.494223", "From Queen's Gate (North), Kensington to Ravenscourt Park Station, Hammersmith"
"LINESTRING (-0.191803 51.473611,-0.236769 51.494223", "From Sandilands Road, Walham Green to Ravenscourt Park Station, Hammersmith"
"LINESTRING (-0.208485 51.478939,-0.236769 51.494223", "From St. Peter's Terrace, Fulham to Ravenscourt Park Station, Hammersmith"
"LINESTRING (-0.170279 51.506451,-0.236769 51.494223", "From Triangle Car Park, Hyde Park to Ravenscourt Park Station, Hammersmith"
"LINESTRING (-0.144664 51.538071,-0.236769 51.494223", "From Parkway, Camden Town to Ravenscourt Park Station, Hammersmith"
"LINESTRING (-0.236769 51.494223,-0.236769 51.494223", "From Ravenscourt Park Station, Hammersmith to Ravenscourt Park Station, Hammersmith"
"LINESTRING (-0.193502 51.467064,-0.236769 51.494223", "From South Park, Sands End to Ravenscourt Park Station, Hammersmith"
"LINESTRING (-0.182435 51.478169,-0.236769 51.494223", "From Upcerne Road, West Chelsea to Ravenscourt Park Station, Hammersmith"
"LINESTRING (-0.212607 51.460792,-0.236769 51.494223", "From Oxford Road, Putney to Ravenscourt Park Station, Hammersmith"
"LINESTRING (-0.179369 51.487196,-0.236769 51.494223", "From Drayton Gardens, West Chelsea to Ravenscourt Park Station, Hammersmith"
"LINESTRING (-0.180246 51.501026,-0.236769 51.494223", "From Queen's Gate (North), Kensington to Ravenscourt Park Station, Hammersmith"
"LINESTRING (-0.198286 51.493724,-0.236769 51.494223", "From West Cromwell Road, Earl's Court to Ravenscourt Park Station, Hammersmith"
"LINESTRING (-0.183165 51.474665,-0.123258 51.476149", "From Imperial Wharf Station, Sands End to Teversham Lane, Stockwell"
"LINESTRING (-0.15352 51.503117,-0.123258 51.476149", "From Hyde Park Corner, Hyde Park to Teversham Lane, Stockwell"
"LINESTRING (-0.147857 51.477966,-0.123258 51.476149", "From Gas Holders, Battersea Park to Teversham Lane, Stockwell"
"LINESTRING (-0.12367 51.471433,-0.123258 51.476149", "From Clapham Road, Lingham Street, Stockwell to Teversham Lane, Stockwell"
"LINESTRING (-0.164786 51.477292,-0.123258 51.476149", "From Ethelburga Estate, Battersea Park to Teversham Lane, Stockwell"
"LINESTRING (-0.149186 51.490491,-0.123258 51.476149", "From Ebury Bridge, Pimlico to Teversham Lane, Stockwell"
"LINESTRING (-0.13151 51.509639,-0.123258 51.476149", "From Panton Street, West End to Teversham Lane, Stockwell"
"LINESTRING (-0.17581 51.517335,-0.123258 51.476149", "From South Wharf Road, Paddington to Teversham Lane, Stockwell"
"LINESTRING (-0.116628 51.500089,-0.123258 51.476149", "From Lambeth Palace Road, Waterloo to Teversham Lane, Stockwell"
"LINESTRING (-0.122759 51.487807,-0.123258 51.476149", "From New Spring Gardens Walk, Vauxhall to Teversham Lane, Stockwell"
"LINESTRING (-0.126874 51.47787,-0.123258 51.476149", "From Hartington Road, Stockwell to Teversham Lane, Stockwell"
"LINESTRING (-0.147857 51.477966,-0.152248 51.467185", "From Gas Holders, Battersea Park to Ashley Crescent, Battersea"
"LINESTRING (-0.139221 51.461388,-0.152248 51.467185", "From Clapham Common Station, Clapham Common to Ashley Crescent, Battersea"
"LINESTRING (-0.174347 51.476964,-0.152248 51.467185", "From Battersea Church Road, Battersea to Ashley Crescent, Battersea"
"LINESTRING (-0.183165 51.474665,-0.152248 51.467185", "From Imperial Wharf Station, Sands End to Ashley Crescent, Battersea"
"LINESTRING (-0.14177 51.479501,-0.152248 51.467185", "From Battersea Park Road, Nine Elms to Ashley Crescent, Battersea"
"LINESTRING (-0.174554 51.499917,-0.152248 51.467185", "From Exhibition Road, Knightsbridge to Ashley Crescent, Battersea"
"LINESTRING (-0.147857 51.477966,-0.152248 51.467185", "From Gas Holders, Battersea Park to Ashley Crescent, Battersea"
"LINESTRING (-0.113864 51.504027,-0.152248 51.467185", "From Waterloo Station 1, Waterloo to Ashley Crescent, Battersea"
"LINESTRING (-0.158264 51.514577,-0.152248 51.467185", "From Old Quebec Street, Marylebone to Ashley Crescent, Battersea"
"LINESTRING (-0.170703 51.470847,-0.152248 51.467185", "From Simpson Street, Clapham Junction to Ashley Crescent, Battersea"
"LINESTRING (-0.147857 51.477966,-0.152248 51.467185", "From Gas Holders, Battersea Park to Ashley Crescent, Battersea"
"LINESTRING (-0.189155 51.477292,-0.152248 51.467185", "From Michael Road, Walham Green to Ashley Crescent, Battersea"
"LINESTRING (-0.110699 51.501444,-0.152248 51.467185", "From Baylis Road, Waterloo to Ashley Crescent, Battersea"
"LINESTRING (-0.139221 51.461388,-0.152248 51.467185", "From Clapham Common Station, Clapham Common to Ashley Crescent, Battersea"
"LINESTRING (-0.142844 51.506613,-0.152248 51.467185", "From Green Park Station, Mayfair to Ashley Crescent, Battersea"
"LINESTRING (-0.141812 51.469259,-0.152248 51.467185", "From Wandsworth Rd, Isley Court, Wandsworth Road to Ashley Crescent, Battersea"
"LINESTRING (-0.117495 51.498241,-0.152248 51.467185", "From Archbishop's Park, Waterloo to Ashley Crescent, Battersea"
"LINESTRING (-0.174347 51.476964,-0.152248 51.467185", "From Battersea Church Road, Battersea to Ashley Crescent, Battersea"
"LINESTRING (-0.122831 51.472509,-0.152248 51.467185", "From Binfield Road, Stockwell to Ashley Crescent, Battersea"
"LINESTRING (-0.132102 51.472918,-0.152248 51.467185", "From Courland Grove, Wandsworth Road to Ashley Crescent, Battersea"
"LINESTRING (-0.138089 51.484839,-0.152248 51.467185", "From Claverton Street, Pimlico to Ashley Crescent, Battersea"
"LINESTRING (-0.208485 51.478939,-0.201968 51.475089", "From St. Peter's Terrace, Fulham to Parsons Green Station, Parsons Green"
"LINESTRING (-0.129361 51.488365,-0.201968 51.475089", "From Vauxhall Bridge , Pimlico to Parsons Green Station, Parsons Green"
"LINESTRING (-0.190346 51.46822,-0.201968 51.475089", "From Stephendale Road, Sands End to Parsons Green Station, Parsons Green"
"LINESTRING (-0.190346 51.46822,-0.201968 51.475089", "From Stephendale Road, Sands End to Parsons Green Station, Parsons Green"
"LINESTRING (-0.201968 51.475089,-0.201968 51.475089", "From Parsons Green Station, Parsons Green to Parsons Green Station, Parsons Green"
"LINESTRING (-0.222456 51.488144,-0.201968 51.475089", "From Beryl Road, Hammersmith to Parsons Green Station, Parsons Green"
"LINESTRING (-0.197609 51.483911,-0.201968 51.475089", "From Halford Road, West Kensington to Parsons Green Station, Parsons Green"
"LINESTRING (-0.191803 51.473611,-0.201968 51.475089", "From Sandilands Road, Walham Green to Parsons Green Station, Parsons Green"
"LINESTRING (-0.209378 51.489591,-0.201968 51.475089", "From Vereker Road, West Kensington to Parsons Green Station, Parsons Green"
"LINESTRING (-0.215895 51.476885,-0.201968 51.475089", "From Finlay Street, Fulham to Parsons Green Station, Parsons Green"
"LINESTRING (-0.224103 51.509158,-0.201968 51.475089", "From Westfield Ariel Way, White City to Parsons Green Station, Parsons Green"
"LINESTRING (-0.209378 51.489591,-0.201968 51.475089", "From Vereker Road, West Kensington to Parsons Green Station, Parsons Green"
"LINESTRING (-0.208485 51.478939,-0.201968 51.475089", "From St. Peter's Terrace, Fulham to Parsons Green Station, Parsons Green"
"LINESTRING (-0.209973 51.481021,-0.201968 51.475089", "From Aintree Street, Fulham to Parsons Green Station, Parsons Green"
"LINESTRING (-0.209378 51.489591,-0.201968 51.475089", "From Vereker Road, West Kensington to Parsons Green Station, Parsons Green"
"LINESTRING (-0.202038 51.48357,-0.201968 51.475089", "From Coomer Place, West Kensington to Parsons Green Station, Parsons Green"
"LINESTRING (-0.192369 51.491593,-0.201968 51.475089", "From Penywern Road, Earl's Court to Parsons Green Station, Parsons Green"
"LINESTRING (-0.182126 51.463489,-0.201968 51.475089", "From Usk Road, Clapham Junction to Parsons Green Station, Parsons Green"
"LINESTRING (-0.193502 51.467064,-0.201968 51.475089", "From South Park, Sands End to Parsons Green Station, Parsons Green"
"LINESTRING (-0.208485 51.478939,-0.201968 51.475089", "From St. Peter's Terrace, Fulham to Parsons Green Station, Parsons Green"
"LINESTRING (-0.164786 51.477292,-0.201968 51.475089", "From Ethelburga Estate, Battersea Park to Parsons Green Station, Parsons Green"
"LINESTRING (-0.208485 51.478939,-0.201968 51.475089", "From St. Peter's Terrace, Fulham to Parsons Green Station, Parsons Green"
"LINESTRING (-0.208485 51.478939,-0.201968 51.475089", "From St. Peter's Terrace, Fulham to Parsons Green Station, Parsons Green"
"LINESTRING (-0.183165 51.474665,-0.201968 51.475089", "From Imperial Wharf Station, Sands End to Parsons Green Station, Parsons Green"
"LINESTRING (-0.224103 51.509158,-0.201968 51.475089", "From Westfield Ariel Way, White City to Parsons Green Station, Parsons Green"
"LINESTRING (-0.174653 51.527294,-0.201968 51.475089", "From St. John's Wood Road, St. John's Wood to Parsons Green Station, Parsons Green"
"LINESTRING (-0.196274 51.46904,-0.201968 51.475089", "From Peterborough Road, Sands End to Parsons Green Station, Parsons Green"
"LINESTRING (-0.134621 51.507424,-0.201968 51.475089", "From St. James's Square, St. James's to Parsons Green Station, Parsons Green"
"LINESTRING (-0.176267 51.472876,-0.201968 51.475089", "From Vicarage Crescent, Battersea to Parsons Green Station, Parsons Green"
"LINESTRING (-0.180274 51.481805,-0.201968 51.475089", "From World's End Place, West Chelsea to Parsons Green Station, Parsons Green"
"LINESTRING (-0.216305 51.483356,-0.201968 51.475089", "From Everington Street, Fulham to Parsons Green Station, Parsons Green"
"LINESTRING (-0.196274 51.46904,-0.201968 51.475089", "From Peterborough Road, Sands End to Parsons Green Station, Parsons Green"
"LINESTRING (-0.197609 51.483911,-0.201968 51.475089", "From Halford Road, West Kensington to Parsons Green Station, Parsons Green"
"LINESTRING (-0.199135 51.468418,-0.201968 51.475089", "From Broomhouse Lane, Parsons Green to Parsons Green Station, Parsons Green"
"LINESTRING (-0.216305 51.483356,-0.201968 51.475089", "From Everington Street, Fulham to Parsons Green Station, Parsons Green"
"LINESTRING (-0.191803 51.473611,-0.201968 51.475089", "From Sandilands Road, Walham Green to Parsons Green Station, Parsons Green"
"LINESTRING (-0.208485 51.478939,-0.201968 51.475089", "From St. Peter's Terrace, Fulham to Parsons Green Station, Parsons Green"
"LINESTRING (-0.190393 51.490163,-0.201968 51.475089", "From Bramham Gardens, Earl's Court to Parsons Green Station, Parsons Green"
"LINESTRING (-0.205876 51.475698,-0.201968 51.475089", "From Chesilton Road, Fulham to Parsons Green Station, Parsons Green"
"LINESTRING (-0.193502 51.467064,-0.201968 51.475089", "From South Park, Sands End to Parsons Green Station, Parsons Green"
"LINESTRING (-0.199135 51.468418,-0.201968 51.475089", "From Broomhouse Lane, Parsons Green to Parsons Green Station, Parsons Green"
"LINESTRING (-0.215895 51.476885,-0.201968 51.475089", "From Finlay Street, Fulham to Parsons Green Station, Parsons Green"
"LINESTRING (-0.18119 51.485587,-0.201968 51.475089", "From Limerston Street, West Chelsea to Parsons Green Station, Parsons Green"
"LINESTRING (-0.21985 51.493267,-0.201968 51.475089", "From Hammersmith Road, Hammersmith to Parsons Green Station, Parsons Green"
"LINESTRING (-0.223868 51.496664,-0.201968 51.475089", "From Little Brook Green, Brook Green to Parsons Green Station, Parsons Green"
"LINESTRING (-0.168917 51.497056,-0.201968 51.475089", "From Holy Trinity Brompton, Knightsbridge to Parsons Green Station, Parsons Green"
"LINESTRING (-0.215087 51.490217,-0.201968 51.475089", "From Barons Court Station, West Kensington to Parsons Green Station, Parsons Green"
"LINESTRING (-0.208485 51.478939,-0.201968 51.475089", "From St. Peter's Terrace, Fulham to Parsons Green Station, Parsons Green"
"LINESTRING (-0.161765 51.487964,-0.201968 51.475089", "From Ormonde Gate, Chelsea to Parsons Green Station, Parsons Green"
"LINESTRING (-0.209121 51.491026,-0.201968 51.475089", "From Gwendwr Road, West Kensington to Parsons Green Station, Parsons Green"
"LINESTRING (-0.209973 51.481021,-0.201968 51.475089", "From Aintree Street, Fulham to Parsons Green Station, Parsons Green"
"LINESTRING (-0.129361 51.488365,-0.201968 51.475089", "From Vauxhall Bridge , Pimlico to Parsons Green Station, Parsons Green"
"LINESTRING (-0.180274 51.481805,-0.201968 51.475089", "From World's End Place, West Chelsea to Parsons Green Station, Parsons Green"
"LINESTRING (-0.168292 51.462392,-0.180389 51.46517", "From St. John's Road, Clapham Junction to Hibbert Street, Battersea"
"LINESTRING (-0.188098 51.517919,-0.180389 51.46517", "From Gloucester Terrace, Bayswater to Hibbert Street, Battersea"
"LINESTRING (-0.169821 51.466633,-0.180389 51.46517", "From Falcon Road, Clapham Junction to Hibbert Street, Battersea"
"LINESTRING (-0.205991 51.501391,-0.180389 51.46517", "From Abbotsbury Road, Holland Park to Hibbert Street, Battersea"
"LINESTRING (-0.167894 51.493184,-0.180389 51.46517", "From Sloane Avenue, Knightsbridge to Hibbert Street, Battersea"
"LINESTRING (-0.192165 51.457529,-0.180389 51.46517", "From Ram Street, Wandsworth to Hibbert Street, Battersea"
"LINESTRING (-0.162727 51.489932,-0.180389 51.46517", "From Royal Avenue 1, Chelsea to Hibbert Street, Battersea"
"LINESTRING (-0.138212 51.481335,-0.180389 51.46517", "From Riverlight South, Nine Elms to Hibbert Street, Battersea"
"LINESTRING (-0.17581 51.517335,-0.180389 51.46517", "From South Wharf Road, Paddington to Hibbert Street, Battersea"
"LINESTRING (-0.111606 51.505569,-0.180389 51.46517", "From Stamford Street, South Bank to Hibbert Street, Battersea"
"LINESTRING (-0.192165 51.457529,-0.180389 51.46517", "From Ram Street, Wandsworth to Hibbert Street, Battersea"
"LINESTRING (-0.18119 51.485587,-0.180389 51.46517", "From Limerston Street, West Chelsea to Hibbert Street, Battersea"
"LINESTRING (-0.170194 51.489716,-0.180389 51.46517", "From St. Luke's Church, Chelsea to Hibbert Street, Battersea"
"LINESTRING (-0.159322 51.461343,-0.180389 51.46517", "From Clapham Common North Side, Clapham Common to Hibbert Street, Battersea"
"LINESTRING (-0.192165 51.457529,-0.180389 51.46517", "From Ram Street, Wandsworth to Hibbert Street, Battersea"
"LINESTRING (-0.195777 51.479463,-0.180389 51.46517", "From Erin Close, Walham Green to Hibbert Street, Battersea"
"LINESTRING (-0.179077 51.495592,-0.180389 51.46517", "From Natural History Museum, South Kensington to Hibbert Street, Battersea"
"LINESTRING (-0.224103 51.509158,-0.180389 51.46517", "From Westfield Ariel Way, White City to Hibbert Street, Battersea"
"LINESTRING (-0.138089 51.484839,-0.180389 51.46517", "From Claverton Street, Pimlico to Hibbert Street, Battersea"
"LINESTRING (-0.195777 51.479463,-0.180389 51.46517", "From Erin Close, Walham Green to Hibbert Street, Battersea"
"LINESTRING (-0.191722 51.461083,-0.180389 51.46517", "From Smugglers Way, Wandsworth to Hibbert Street, Battersea"
"LINESTRING (-0.157788 51.465123,-0.180389 51.46517", "From Sugden Road, Clapham to Hibbert Street, Battersea"
"LINESTRING (-0.198735 51.46067,-0.180389 51.46517", "From Osiers Road, Wandsworth to Hibbert Street, Battersea"
"LINESTRING (-0.192165 51.457529,-0.180389 51.46517", "From Ram Street, Wandsworth to Hibbert Street, Battersea"
"LINESTRING (-0.18119 51.485587,-0.180389 51.46517", "From Limerston Street, West Chelsea to Hibbert Street, Battersea"
"LINESTRING (-0.198735 51.46067,-0.180389 51.46517", "From Osiers Road, Wandsworth to Hibbert Street, Battersea"
"LINESTRING (-0.142943 51.496863,-0.180389 51.46517", "From Allington Street, Victoria to Hibbert Street, Battersea"
"LINESTRING (-0.173029 51.464894,-0.180389 51.46517", "From Grant Road East, Clapham Junction to Hibbert Street, Battersea"
"LINESTRING (-0.163041 51.470538,-0.180389 51.46517", "From Sheepcote Lane, Battersea to Hibbert Street, Battersea"
"LINESTRING (-0.155349 51.502757,-0.180389 51.46517", "From Knightsbridge, Hyde Park to Hibbert Street, Battersea"
"LINESTRING (-0.216526 51.460717,-0.180389 51.46517", "From Putney Rail Station, Putney to Hibbert Street, Battersea"
"LINESTRING (-0.168292 51.462392,-0.180389 51.46517", "From St. John's Road, Clapham Junction to Hibbert Street, Battersea"
"LINESTRING (-0.173029 51.464894,-0.180389 51.46517", "From Grant Road East, Clapham Junction to Hibbert Street, Battersea"
"LINESTRING (-0.176267 51.472876,-0.180389 51.46517", "From Vicarage Crescent, Battersea to Hibbert Street, Battersea"
"LINESTRING (-0.124749 51.509462,-0.116191 51.535467", "From William IV Street, Strand to Carnegie Street, King's Cross"
"LINESTRING (-0.144466 51.528302,-0.116191 51.535467", "From Albany Street, The Regent's Park to Carnegie Street, King's Cross"
"LINESTRING (-0.123616 51.529943,-0.116191 51.535467", "From Belgrove Street , King's Cross to Carnegie Street, King's Cross"
"LINESTRING (-0.101026 51.528246,-0.116191 51.535467", "From Goswell Road (City Uni), Finsbury to Carnegie Street, King's Cross"
"LINESTRING (-0.139016 51.520994,-0.116191 51.535467", "From Howland Street, Fitzrovia to Carnegie Street, King's Cross"
"LINESTRING (-0.117774 51.513875,-0.116191 51.535467", "From Kingsway Southbound, Strand to Carnegie Street, King's Cross"
"LINESTRING (-0.109006 51.521661,-0.116191 51.535467", "From Hatton Wall, Holborn to Carnegie Street, King's Cross"
"LINESTRING (-0.158264 51.514577,-0.116191 51.535467", "From Old Quebec Street, Marylebone to Carnegie Street, King's Cross"
"LINESTRING (-0.131861 51.527068,-0.116191 51.535467", "From Euston Square Gardens, Euston to Carnegie Street, King's Cross"
"LINESTRING (-0.141423 51.514499,-0.116191 51.535467", "From Little Argyll Street, West End to Carnegie Street, King's Cross"
"LINESTRING (-0.141327 51.520253,-0.116191 51.535467", "From Great Titchfield Street, Fitzrovia to Carnegie Street, King's Cross"
"LINESTRING (-0.162298 51.522511,-0.116191 51.535467", "From Boston Place, Marylebone to Carnegie Street, King's Cross"
"LINESTRING (-0.131861 51.527068,-0.116191 51.535467", "From Euston Square Gardens, Euston to Carnegie Street, King's Cross"
"LINESTRING (-0.122502 51.523951,-0.116191 51.535467", "From Brunswick Square, Bloomsbury to Carnegie Street, King's Cross"
"LINESTRING (-0.117774 51.513875,-0.116191 51.535467", "From Kingsway Southbound, Strand to Carnegie Street, King's Cross"
"LINESTRING (-0.122502 51.523951,-0.116191 51.535467", "From Brunswick Square, Bloomsbury to Carnegie Street, King's Cross"
"LINESTRING (-0.042744 51.530326,-0.116191 51.535467", "From Twig Folly Bridge, Mile End to Carnegie Street, King's Cross"
"LINESTRING (-0.062697 51.518154,-0.116191 51.535467", "From New Road 1 , Whitechapel to Carnegie Street, King's Cross"
"LINESTRING (-0.125078 51.534667,-0.116191 51.535467", "From Good's Way, King's Cross to Carnegie Street, King's Cross"
"LINESTRING (-0.144165 51.510736,-0.116191 51.535467", "From Bruton Street, Mayfair to Carnegie Street, King's Cross"
"LINESTRING (-0.138019 51.524438,-0.116191 51.535467", "From Warren Street Station, Euston to Carnegie Street, King's Cross"
"LINESTRING (-0.135777 51.51953,-0.116191 51.535467", "From Charlotte Street, Fitzrovia to Carnegie Street, King's Cross"
"LINESTRING (-0.183289 51.496462,-0.182126 51.463489", "From Gloucester Road (Central), South Kensington to Usk Road, Clapham Junction"
"LINESTRING (-0.173029 51.464894,-0.182126 51.463489", "From Grant Road East, Clapham Junction to Usk Road, Clapham Junction"
"LINESTRING (-0.192165 51.457529,-0.182126 51.463489", "From Ram Street, Wandsworth to Usk Road, Clapham Junction"
"LINESTRING (-0.189155 51.477292,-0.182126 51.463489", "From Michael Road, Walham Green to Usk Road, Clapham Junction"
"LINESTRING (-0.201968 51.475089,-0.182126 51.463489", "From Parsons Green Station, Parsons Green to Usk Road, Clapham Junction"
"LINESTRING (-0.190346 51.46822,-0.182126 51.463489", "From Stephendale Road, Sands End to Usk Road, Clapham Junction"
"LINESTRING (-0.190346 51.46822,-0.182126 51.463489", "From Stephendale Road, Sands End to Usk Road, Clapham Junction"
"LINESTRING (-0.129361 51.488365,-0.182126 51.463489", "From Vauxhall Bridge , Pimlico to Usk Road, Clapham Junction"
"LINESTRING (-0.147714 51.483507,-0.182126 51.463489", "From Battersea Power Station, Battersea Park to Usk Road, Clapham Junction"
"LINESTRING (-0.124469 51.485917,-0.182126 51.463489", "From Vauxhall Cross, Vauxhall to Usk Road, Clapham Junction"
"LINESTRING (-0.216526 51.460717,-0.182126 51.463489", "From Putney Rail Station, Putney to Usk Road, Clapham Junction"
"LINESTRING (-0.195197 51.454752,-0.182126 51.463489", "From Neville Gill Close, Wandsworth to Usk Road, Clapham Junction"
"LINESTRING (-0.130908 51.464995,-0.182126 51.463489", "From Gauden Road, Clapham to Usk Road, Clapham Junction"
"LINESTRING (-0.173029 51.464894,-0.182126 51.463489", "From Grant Road East, Clapham Junction to Usk Road, Clapham Junction"
"LINESTRING (-0.16716 51.47518,-0.182126 51.463489", "From Surrey Lane, Battersea to Usk Road, Clapham Junction"
"LINESTRING (-0.136123 51.482362,-0.182126 51.463489", "From Riverlight North, Nine Elms to Usk Road, Clapham Junction"
"LINESTRING (-0.173029 51.464894,-0.182126 51.463489", "From Grant Road East, Clapham Junction to Usk Road, Clapham Junction"
"LINESTRING (-0.163347 51.474392,-0.182126 51.463489", "From Albert Bridge Road, Battersea Park to Usk Road, Clapham Junction"
"LINESTRING (-0.191722 51.461083,-0.182126 51.463489", "From Smugglers Way, Wandsworth to Usk Road, Clapham Junction"
"LINESTRING (-0.103078 51.511934,-0.182126 51.463489", "From Blackfriars Station, St. Paul's to Usk Road, Clapham Junction"
"LINESTRING (-0.16375 51.465064,-0.182126 51.463489", "From Dorothy Road, Clapham Junction to Usk Road, Clapham Junction"
"LINESTRING (-0.168292 51.462392,-0.126874 51.47787", "From St. John's Road, Clapham Junction to Hartington Road, Stockwell"
"LINESTRING (-0.093051 51.511246,-0.126874 51.47787", "From Queen Street 2, Bank to Hartington Road, Stockwell"
"LINESTRING (-0.149035 51.481121,-0.126874 51.47787", "From Sopwith Way, Battersea Park to Hartington Road, Stockwell"
"LINESTRING (-0.083493 51.520955,-0.126874 51.47787", "From Pindar Street, Liverpool Street to Hartington Road, Stockwell"
"LINESTRING (-0.08066 51.514225,-0.126874 51.47787", "From St. Mary Axe, Aldgate to Hartington Road, Stockwell"
"LINESTRING (-0.125972 51.49764,-0.126874 51.47787", "From Abingdon Green, Westminster to Hartington Road, Stockwell"
"LINESTRING (-0.149186 51.490491,-0.126874 51.47787", "From Ebury Bridge, Pimlico to Hartington Road, Stockwell"
"LINESTRING (-0.141423 51.514499,-0.126874 51.47787", "From Little Argyll Street, West End to Hartington Road, Stockwell"
"LINESTRING (-0.085666 51.499075,-0.126874 51.47787", "From Long Lane , Bermondsey to Hartington Road, Stockwell"
"LINESTRING (-0.122831 51.472509,-0.126874 51.47787", "From Binfield Road, Stockwell to Hartington Road, Stockwell"
"LINESTRING (-0.138364 51.492111,-0.126874 51.47787", "From Tachbrook Street, Victoria to Hartington Road, Stockwell"
"LINESTRING (-0.167894 51.493184,-0.126874 51.47787", "From Sloane Avenue, Knightsbridge to Hartington Road, Stockwell"
"LINESTRING (-0.116493 51.477839,-0.126874 51.47787", "From Caldwell Street, Stockwell to Hartington Road, Stockwell"
"LINESTRING (-0.150905 51.496544,-0.126874 51.47787", "From Eaton Square, Belgravia to Hartington Road, Stockwell"
"LINESTRING (-0.117661 51.482678,-0.126874 51.47787", "From Ashmole Estate, Oval to Hartington Road, Stockwell"
"LINESTRING (-0.120903 51.488124,-0.126874 51.47787", "From Vauxhall Walk, Vauxhall to Hartington Road, Stockwell"
"LINESTRING (-0.123823 51.501513,-0.126874 51.47787", "From Westminster Pier, Westminster to Hartington Road, Stockwell"
"LINESTRING (-0.179038 51.479573,-0.126874 51.47787", "From Lots Road, West Chelsea to Hartington Road, Stockwell"
"LINESTRING (-0.143495 51.509992,-0.126874 51.47787", "From Grafton Street, Mayfair to Hartington Road, Stockwell"
"LINESTRING (-0.137424 51.498865,-0.126874 51.47787", "From Buckingham Gate, Westminster to Hartington Road, Stockwell"
"LINESTRING (-0.149551 51.477619,-0.126874 51.47787", "From Queen's Circus, Battersea Park to Hartington Road, Stockwell"
"LINESTRING (-0.116493 51.477839,-0.126874 51.47787", "From Caldwell Street, Stockwell to Hartington Road, Stockwell"
"LINESTRING (-0.113179 51.466232,-0.126874 51.47787", "From St John's Crescent, Brixton to Hartington Road, Stockwell"
"LINESTRING (-0.088285 51.519069,-0.126874 51.47787", "From Moorfields, Moorgate to Hartington Road, Stockwell"
"LINESTRING (-0.07962 51.503493,-0.126874 51.47787", "From Tooley Street, Bermondsey to Hartington Road, Stockwell"
"LINESTRING (-0.091938 51.492807,-0.126874 51.47787", "From Victory Place, Walworth to Hartington Road, Stockwell"
"LINESTRING (-0.118256 51.47659,-0.126874 51.47787", "From Albert Square, Stockwell to Hartington Road, Stockwell"
"LINESTRING (-0.101536 51.49217,-0.126874 51.47787", "From Hampton Street, Walworth to Hartington Road, Stockwell"
"LINESTRING (-0.120903 51.488124,-0.126874 51.47787", "From Vauxhall Walk, Vauxhall to Hartington Road, Stockwell"
"LINESTRING (-0.114934 51.49288,-0.126874 51.47787", "From Lollard Street, Vauxhall to Hartington Road, Stockwell"
"LINESTRING (-0.139221 51.461388,-0.126874 51.47787", "From Clapham Common Station, Clapham Common to Hartington Road, Stockwell"
"LINESTRING (-0.156876 51.49313,-0.146544 51.468669", "From Sedding Street, Sloane Square to Heath Road, Battersea"
"LINESTRING (-0.133972 51.472993,-0.146544 51.468669", "From Union Grove, Wandsworth Road to Heath Road, Battersea"
"LINESTRING (-0.122492 51.486343,-0.146544 51.468669", "From Kennington Lane Rail Bridge, Vauxhall to Heath Road, Battersea"
"LINESTRING (-0.142943 51.496863,-0.146544 51.468669", "From Allington Street, Victoria to Heath Road, Battersea"
"LINESTRING (-0.157788 51.465123,-0.146544 51.468669", "From Sugden Road, Clapham to Heath Road, Battersea"
"LINESTRING (-0.119022 51.469202,-0.146544 51.468669", "From Sidney Road, Stockwell to Heath Road, Battersea"
"LINESTRING (-0.166221 51.490714,-0.146544 51.468669", "From Chelsea Green, Chelsea to Heath Road, Battersea"
"LINESTRING (-0.09294 51.511553,-0.146544 51.468669", "From Queen Street 1, Bank to Heath Road, Battersea"
"LINESTRING (-0.122492 51.486343,-0.146544 51.468669", "From Kennington Lane Rail Bridge, Vauxhall to Heath Road, Battersea"
"LINESTRING (-0.17306 51.505014,-0.146544 51.468669", "From Serpentine Car Park, Hyde Park to Heath Road, Battersea"
"LINESTRING (-0.113864 51.504027,-0.146544 51.468669", "From Waterloo Station 1, Waterloo to Heath Road, Battersea"
"LINESTRING (-0.148059 51.472865,-0.146544 51.468669", "From Silverthorne Road, Battersea to Heath Road, Battersea"
"LINESTRING (-0.115375 51.460232,-0.146544 51.468669", "From Saltoun Road, Brixton to Heath Road, Battersea"
"LINESTRING (-0.194116 51.479932,-0.146544 51.468669", "From Fulham Broadway, Walham Green to Heath Road, Battersea"
"LINESTRING (-0.124642 51.481747,-0.146544 51.468669", "From South Lambeth Road, Vauxhall to Heath Road, Battersea"
"LINESTRING (-0.18119 51.490945,-0.211468 51.462312", "From Old Brompton Road, South Kensington to Esmond Street, Putney"
"LINESTRING (-0.193254 51.476259,-0.211468 51.462312", "From Eel Brook Common, Walham Green to Esmond Street, Putney"
"LINESTRING (-0.191496 51.503157,-0.211468 51.462312", "From Kensington Church Street, Kensington to Esmond Street, Putney"
"LINESTRING (-0.226606 51.488108,-0.211468 51.462312", "From Crisp Road, Hammersmith to Esmond Street, Putney"
"LINESTRING (-0.21985 51.493267,-0.211468 51.462312", "From Hammersmith Road, Hammersmith to Esmond Street, Putney"
"LINESTRING (-0.183853 51.480898,-0.211468 51.462312", "From Thorndike Close, West Chelsea to Esmond Street, Putney"
"LINESTRING (-0.2135 51.496927,-0.211468 51.462312", "From Blythe Road, Olympia to Esmond Street, Putney"
"LINESTRING (-0.125674 51.491884,-0.17021 51.474535", "From Millbank Tower, Pimlico to Orbel Street, Battersea"
"LINESTRING (-0.169821 51.466633,-0.17021 51.474535", "From Falcon Road, Clapham Junction to Orbel Street, Battersea"
"LINESTRING (-0.166878 51.488023,-0.17021 51.474535", "From Flood Street, Chelsea to Orbel Street, Battersea"
"LINESTRING (-0.169821 51.466633,-0.17021 51.474535", "From Falcon Road, Clapham Junction to Orbel Street, Battersea"
"LINESTRING (-0.170703 51.470847,-0.17021 51.474535", "From Simpson Street, Clapham Junction to Orbel Street, Battersea"
"LINESTRING (-0.173009 51.495898,-0.17021 51.474535", "From Victoria & Albert Museum, South Kensington to Orbel Street, Battersea"
"LINESTRING (-0.155442 51.474376,-0.17021 51.474535", "From Austin Road, Battersea Park to Orbel Street, Battersea"
"LINESTRING (-0.153233 51.490959,-0.17021 51.474535", "From Bourne Street, Belgravia to Orbel Street, Battersea"
"LINESTRING (-0.147857 51.477966,-0.17021 51.474535", "From Gas Holders, Battersea Park to Orbel Street, Battersea"
"LINESTRING (-0.179369 51.487196,-0.17021 51.474535", "From Drayton Gardens, West Chelsea to Orbel Street, Battersea"
"LINESTRING (-0.087262 51.506304,-0.17021 51.474535", "From Duke Street Hill, London Bridge to Orbel Street, Battersea"
"LINESTRING (-0.169821 51.466633,-0.17021 51.474535", "From Falcon Road, Clapham Junction to Orbel Street, Battersea"
"LINESTRING (-0.13151 51.509639,-0.170329 51.477684", "From Panton Street, West End to Westbridge Road, Battersea"
"LINESTRING (-0.216145 51.46161,-0.170329 51.477684", "From Disraeli Road, Putney to Westbridge Road, Battersea"
"LINESTRING (-0.176267 51.472876,-0.170329 51.477684", "From Vicarage Crescent, Battersea to Westbridge Road, Battersea"
"LINESTRING (-0.169821 51.466633,-0.170329 51.477684", "From Falcon Road, Clapham Junction to Westbridge Road, Battersea"
"LINESTRING (-0.121394 51.493699,-0.170329 51.477684", "From Fire Brigade Pier, Vauxhall to Westbridge Road, Battersea"
"LINESTRING (-0.170703 51.470847,-0.170329 51.477684", "From Simpson Street, Clapham Junction to Westbridge Road, Battersea"
"LINESTRING (-0.169821 51.466633,-0.170329 51.477684", "From Falcon Road, Clapham Junction to Westbridge Road, Battersea"
"LINESTRING (-0.155442 51.474376,-0.170329 51.477684", "From Austin Road, Battersea Park to Westbridge Road, Battersea"
"LINESTRING (-0.169821 51.466633,-0.170329 51.477684", "From Falcon Road, Clapham Junction to Westbridge Road, Battersea"
"LINESTRING (-0.147857 51.477966,-0.170329 51.477684", "From Gas Holders, Battersea Park to Westbridge Road, Battersea"
"LINESTRING (-0.142943 51.496863,-0.170329 51.477684", "From Allington Street, Victoria to Westbridge Road, Battersea"
"LINESTRING (-0.159322 51.461343,-0.170329 51.477684", "From Clapham Common North Side, Clapham Common to Westbridge Road, Battersea"
"LINESTRING (-0.132102 51.498125,-0.170329 51.477684", "From Abbey Orchard Street, Westminster to Westbridge Road, Battersea"
"LINESTRING (-0.125674 51.491884,-0.170329 51.477684", "From Millbank Tower, Pimlico to Westbridge Road, Battersea"
"LINESTRING (-0.15934 51.500241,-0.170329 51.477684", "From Harriet Street, Knightsbridge to Westbridge Road, Battersea"
"LINESTRING (-0.157275 51.510017,-0.170329 51.477684", "From Park Lane , Hyde Park to Westbridge Road, Battersea"
"LINESTRING (-0.136123 51.482362,-0.170329 51.477684", "From Riverlight North, Nine Elms to Westbridge Road, Battersea"
"LINESTRING (-0.15934 51.500241,-0.170329 51.477684", "From Harriet Street, Knightsbridge to Westbridge Road, Battersea"
"LINESTRING (-0.155442 51.474376,-0.170329 51.477684", "From Austin Road, Battersea Park to Westbridge Road, Battersea"
"LINESTRING (-0.157275 51.510017,-0.170329 51.477684", "From Park Lane , Hyde Park to Westbridge Road, Battersea"
"LINESTRING (-0.114934 51.49288,-0.170329 51.477684", "From Lollard Street, Vauxhall to Westbridge Road, Battersea"
"LINESTRING (-0.169821 51.466633,-0.170329 51.477684", "From Falcon Road, Clapham Junction to Westbridge Road, Battersea"
"LINESTRING (-0.169821 51.466633,-0.170329 51.477684", "From Falcon Road, Clapham Junction to Westbridge Road, Battersea"
"LINESTRING (-0.149035 51.481121,-0.170329 51.477684", "From Sopwith Way, Battersea Park to Westbridge Road, Battersea"
"LINESTRING (-0.157275 51.510017,-0.170329 51.477684", "From Park Lane , Hyde Park to Westbridge Road, Battersea"
"LINESTRING (-0.14177 51.479501,-0.170329 51.477684", "From Battersea Park Road, Nine Elms to Westbridge Road, Battersea"
"LINESTRING (-0.157275 51.510017,-0.170329 51.477684", "From Park Lane , Hyde Park to Westbridge Road, Battersea"
"LINESTRING (-0.134621 51.507424,-0.170329 51.477684", "From St. James's Square, St. James's to Westbridge Road, Battersea"
"LINESTRING (-0.114079 51.522264,-0.170329 51.477684", "From Northington Street , Holborn to Westbridge Road, Battersea"
"LINESTRING (-0.147624 51.49395,-0.170329 51.477684", "From Eccleston Place, Victoria to Westbridge Road, Battersea"
"LINESTRING (-0.191722 51.461083,-0.170329 51.477684", "From Smugglers Way, Wandsworth to Westbridge Road, Battersea"
"LINESTRING (-0.18119 51.485587,-0.170329 51.477684", "From Limerston Street, West Chelsea to Westbridge Road, Battersea"
"LINESTRING (-0.187404 51.487958,-0.170329 51.477684", "From Harcourt Terrace, West Brompton to Westbridge Road, Battersea"
"LINESTRING (-0.138212 51.481335,-0.170329 51.477684", "From Riverlight South, Nine Elms to Westbridge Road, Battersea"
"LINESTRING (-0.183165 51.474665,-0.170329 51.477684", "From Imperial Wharf Station, Sands End to Westbridge Road, Battersea"
"LINESTRING (-0.123823 51.501513,-0.170329 51.477684", "From Westminster Pier, Westminster to Westbridge Road, Battersea"
"LINESTRING (-0.138212 51.481335,-0.170329 51.477684", "From Riverlight South, Nine Elms to Westbridge Road, Battersea"
"LINESTRING (-0.083935 51.520009,-0.170329 51.477684", "From Sun Street, Liverpool Street to Westbridge Road, Battersea"
"LINESTRING (-0.184318 51.468819,-0.170329 51.477684", "From William Morris Way, Sands End to Westbridge Road, Battersea"
"LINESTRING (-0.128585 51.516118,-0.170329 51.477684", "From Earnshaw Street , Covent Garden to Westbridge Road, Battersea"
"LINESTRING (-0.138212 51.481335,-0.170329 51.477684", "From Riverlight South, Nine Elms to Westbridge Road, Battersea"
"LINESTRING (-0.169821 51.466633,-0.170329 51.477684", "From Falcon Road, Clapham Junction to Westbridge Road, Battersea"
"LINESTRING (-0.172293 51.467454,-0.170329 51.477684", "From Ingrave Street, Clapham Junction to Westbridge Road, Battersea"
"LINESTRING (-0.169821 51.466633,-0.170329 51.477684", "From Falcon Road, Clapham Junction to Westbridge Road, Battersea"
"LINESTRING (-0.168292 51.462392,-0.170329 51.477684", "From St. John's Road, Clapham Junction to Westbridge Road, Battersea"
"LINESTRING (-0.200806 51.457059,-0.170329 51.477684", "From Santos Road, Wandsworth to Westbridge Road, Battersea"
"LINESTRING (-0.211468 51.462312,-0.170329 51.477684", "From Esmond Street, Putney to Westbridge Road, Battersea"
"LINESTRING (-0.211468 51.462312,-0.170329 51.477684", "From Esmond Street, Putney to Westbridge Road, Battersea"
"LINESTRING (-0.169821 51.466633,-0.170329 51.477684", "From Falcon Road, Clapham Junction to Westbridge Road, Battersea"
"LINESTRING (-0.184806 51.457991,-0.170329 51.477684", "From Alma Road, Wandsworth to Westbridge Road, Battersea"
"LINESTRING (-0.147714 51.483507,-0.170329 51.477684", "From Battersea Power Station, Battersea Park to Westbridge Road, Battersea"
"LINESTRING (-0.187278 51.475142,-0.170329 51.477684", "From Imperial Road, Sands End to Westbridge Road, Battersea"
"LINESTRING (-0.138212 51.481335,-0.170329 51.477684", "From Riverlight South, Nine Elms to Westbridge Road, Battersea"
"LINESTRING (-0.215618 51.464786,-0.214749 51.473036", "From Felsham Road, Putney to Bishop's Avenue, Fulham"
"LINESTRING (-0.223852 51.483732,-0.214749 51.473036", "From Rainville Road, Hammersmith to Bishop's Avenue, Fulham"
"LINESTRING (-0.138089 51.484839,-0.214749 51.473036", "From Claverton Street, Pimlico to Bishop's Avenue, Fulham"
"LINESTRING (-0.197609 51.483911,-0.214749 51.473036", "From Halford Road, West Kensington to Bishop's Avenue, Fulham"
"LINESTRING (-0.201968 51.475089,-0.214749 51.473036", "From Parsons Green Station, Parsons Green to Bishop's Avenue, Fulham"
"LINESTRING (-0.178732 51.493967,-0.214749 51.473036", "From Queen's Gate (Central), South Kensington to Bishop's Avenue, Fulham"
"LINESTRING (-0.215618 51.464786,-0.214749 51.473036", "From Felsham Road, Putney to Bishop's Avenue, Fulham"
"LINESTRING (-0.20782 51.473471,-0.214749 51.473036", "From Fulham Park Road, Fulham to Bishop's Avenue, Fulham"
"LINESTRING (-0.149186 51.490491,-0.214749 51.473036", "From Ebury Bridge, Pimlico to Bishop's Avenue, Fulham"
"LINESTRING (-0.145827 51.507326,-0.214749 51.473036", "From Clarges Street, Mayfair to Bishop's Avenue, Fulham"
"LINESTRING (-0.148105 51.514759,-0.214749 51.473036", "From Marylebone Lane, Marylebone to Bishop's Avenue, Fulham"
"LINESTRING (-0.223616 51.485743,-0.214749 51.473036", "From Manbre Road, Hammersmith to Bishop's Avenue, Fulham"
"LINESTRING (-0.14177 51.479501,-0.214749 51.473036", "From Battersea Park Road, Nine Elms to Bishop's Avenue, Fulham"
"LINESTRING (-0.143495 51.509992,-0.226606 51.488108", "From Grafton Street, Mayfair to Crisp Road, Hammersmith"
"LINESTRING (-0.221791 51.49968,-0.226606 51.488108", "From Blythe Road West, Shepherd's Bush to Crisp Road, Hammersmith"
"LINESTRING (-0.21186 51.483217,-0.226606 51.488108", "From Humbolt Road, Fulham to Crisp Road, Hammersmith"
"LINESTRING (-0.178656 51.501432,-0.226606 51.488108", "From Kensington Gore, Knightsbridge to Crisp Road, Hammersmith"
"LINESTRING (-0.13214 51.519572,-0.226606 51.488108", "From Store Street, Bloomsbury to Crisp Road, Hammersmith"
"LINESTRING (-0.217995 51.487285,-0.226606 51.488108", "From Charing Cross Hospital, Hammersmith to Crisp Road, Hammersmith"
"LINESTRING (-0.223868 51.496664,-0.226606 51.488108", "From Little Brook Green, Brook Green to Crisp Road, Hammersmith"
"LINESTRING (-0.21186 51.483217,-0.226606 51.488108", "From Humbolt Road, Fulham to Crisp Road, Hammersmith"
"LINESTRING (-0.159169 51.475153,-0.226606 51.488108", "From Prince of Wales Drive, Battersea Park to Crisp Road, Hammersmith"
"LINESTRING (-0.215895 51.476885,-0.226606 51.488108", "From Finlay Street, Fulham to Crisp Road, Hammersmith"
"LINESTRING (-0.202038 51.48357,-0.226606 51.488108", "From Coomer Place, West Kensington to Crisp Road, Hammersmith"
"LINESTRING (-0.226606 51.488108,-0.226606 51.488108", "From Crisp Road, Hammersmith to Crisp Road, Hammersmith"
"LINESTRING (-0.223852 51.483732,-0.226606 51.488108", "From Rainville Road, Hammersmith to Crisp Road, Hammersmith"
"LINESTRING (-0.214749 51.473036,-0.226606 51.488108", "From Bishop's Avenue, Fulham to Crisp Road, Hammersmith"
"LINESTRING (-0.21555 51.463211,-0.226606 51.488108", "From Montserrat Road , Putney to Crisp Road, Hammersmith"
"LINESTRING (-0.210941 51.504199,-0.226606 51.488108", "From Addison Road, Holland Park to Crisp Road, Hammersmith"
"LINESTRING (-0.209494 51.498157,-0.226606 51.488108", "From Kensington Olympia Station, Olympia to Crisp Road, Hammersmith"
"LINESTRING (-0.215618 51.464786,-0.226606 51.488108", "From Felsham Road, Putney to Crisp Road, Hammersmith"
"LINESTRING (-0.206827 51.467601,-0.226606 51.488108", "From Ranelagh Gardens, Fulham to Crisp Road, Hammersmith"
"LINESTRING (-0.216104 51.50659,-0.226606 51.488108", "From Queensdale Road, Shepherd's Bush to Crisp Road, Hammersmith"
"LINESTRING (-0.215087 51.490217,-0.226606 51.488108", "From Barons Court Station, West Kensington to Crisp Road, Hammersmith"
"LINESTRING (-0.190346 51.46822,-0.226606 51.488108", "From Stephendale Road, Sands End to Crisp Road, Hammersmith"
"LINESTRING (-0.197245 51.497387,-0.226606 51.488108", "From Abingdon Villas, Kensington to Crisp Road, Hammersmith"
"LINESTRING (-0.200838 51.514311,-0.226606 51.488108", "From Turquoise Island, Notting Hill to Crisp Road, Hammersmith"
"LINESTRING (-0.209973 51.481021,-0.226606 51.488108", "From Aintree Street, Fulham to Crisp Road, Hammersmith"
"LINESTRING (-0.194116 51.479932,-0.226606 51.488108", "From Fulham Broadway, Walham Green to Crisp Road, Hammersmith"
"LINESTRING (-0.164786 51.477292,-0.16375 51.465064", "From Ethelburga Estate, Battersea Park to Dorothy Road, Clapham Junction"
"LINESTRING (-0.192165 51.457529,-0.16375 51.465064", "From Ram Street, Wandsworth to Dorothy Road, Clapham Junction"
"LINESTRING (-0.180791 51.46193,-0.16375 51.465064", "From Nantes Close, Wandsworth to Dorothy Road, Clapham Junction"
"LINESTRING (-0.157788 51.465123,-0.16375 51.465064", "From Sugden Road, Clapham to Dorothy Road, Clapham Junction"
"LINESTRING (-0.164786 51.477292,-0.16375 51.465064", "From Ethelburga Estate, Battersea Park to Dorothy Road, Clapham Junction"
"LINESTRING (-0.164786 51.477292,-0.16375 51.465064", "From Ethelburga Estate, Battersea Park to Dorothy Road, Clapham Junction"
"LINESTRING (-0.15213 51.470475,-0.16375 51.465064", "From Stanley Grove, Battersea to Dorothy Road, Clapham Junction"
"LINESTRING (-0.124642 51.481747,-0.16375 51.465064", "From South Lambeth Road, Vauxhall to Dorothy Road, Clapham Junction"
"LINESTRING (-0.15934 51.500241,-0.16375 51.465064", "From Harriet Street, Knightsbridge to Dorothy Road, Clapham Junction"
"LINESTRING (-0.164786 51.477292,-0.16375 51.465064", "From Ethelburga Estate, Battersea Park to Dorothy Road, Clapham Junction"
"LINESTRING (-0.195455 51.500401,-0.16375 51.465064", "From Argyll Road, Kensington to Dorothy Road, Clapham Junction"
"LINESTRING (-0.179038 51.479573,-0.16375 51.465064", "From Lots Road, West Chelsea to Dorothy Road, Clapham Junction"
"LINESTRING (-0.149186 51.490491,-0.16375 51.465064", "From Ebury Bridge, Pimlico to Dorothy Road, Clapham Junction"
"LINESTRING (-0.164786 51.477292,-0.16375 51.465064", "From Ethelburga Estate, Battersea Park to Dorothy Road, Clapham Junction"
"LINESTRING (-0.170329 51.477684,-0.16375 51.465064", "From Westbridge Road, Battersea to Dorothy Road, Clapham Junction"
"LINESTRING (-0.123179 51.506543,-0.195197 51.454752", "From Whitehall Place, Strand to Neville Gill Close, Wandsworth"
"LINESTRING (-0.123179 51.506543,-0.195197 51.454752", "From Whitehall Place, Strand to Neville Gill Close, Wandsworth"
"LINESTRING (-0.212607 51.460792,-0.195197 51.454752", "From Oxford Road, Putney to Neville Gill Close, Wandsworth"
"LINESTRING (-0.139221 51.461388,-0.195197 51.454752", "From Clapham Common Station, Clapham Common to Neville Gill Close, Wandsworth"
"LINESTRING (-0.216573 51.466907,-0.195197 51.454752", "From Putney Pier, Wandsworth to Neville Gill Close, Wandsworth"
"LINESTRING (-0.149035 51.481121,-0.195197 51.454752", "From Sopwith Way, Battersea Park to Neville Gill Close, Wandsworth"
"LINESTRING (-0.139221 51.461388,-0.195197 51.454752", "From Clapham Common Station, Clapham Common to Neville Gill Close, Wandsworth"
"LINESTRING (-0.212145 51.459715,-0.198735 51.46067", "From Upper Richmond Road, Putney to Osiers Road, Wandsworth"
"LINESTRING (-0.122831 51.472509,-0.198735 51.46067", "From Binfield Road, Stockwell to Osiers Road, Wandsworth"
"LINESTRING (-0.21555 51.463211,-0.198735 51.46067", "From Montserrat Road , Putney to Osiers Road, Wandsworth"
"LINESTRING (-0.192165 51.457529,-0.198735 51.46067", "From Ram Street, Wandsworth to Osiers Road, Wandsworth"
"LINESTRING (-0.215895 51.476885,-0.198735 51.46067", "From Finlay Street, Fulham to Osiers Road, Wandsworth"
"LINESTRING (-0.216573 51.466907,-0.198735 51.46067", "From Putney Pier, Wandsworth to Osiers Road, Wandsworth"
"LINESTRING (-0.212145 51.459715,-0.198735 51.46067", "From Upper Richmond Road, Putney to Osiers Road, Wandsworth"
"LINESTRING (-0.212145 51.459715,-0.198735 51.46067", "From Upper Richmond Road, Putney to Osiers Road, Wandsworth"
"LINESTRING (-0.216145 51.46161,-0.198735 51.46067", "From Disraeli Road, Putney to Osiers Road, Wandsworth"
"LINESTRING (-0.182435 51.478169,-0.198735 51.46067", "From Upcerne Road, West Chelsea to Osiers Road, Wandsworth"
"LINESTRING (-0.130908 51.464995,-0.198735 51.46067", "From Gauden Road, Clapham to Osiers Road, Wandsworth"
"LINESTRING (-0.210279 51.468814,-0.198735 51.46067", "From Putney Bridge Station, Fulham to Osiers Road, Wandsworth"
"LINESTRING (-0.187427 51.460864,-0.198735 51.46067", "From Wandsworth Town Station, Wandsworth to Osiers Road, Wandsworth"
"LINESTRING (-0.216573 51.466907,-0.198735 51.46067", "From Putney Pier, Wandsworth to Osiers Road, Wandsworth"
"LINESTRING (-0.176267 51.472876,-0.198735 51.46067", "From Vicarage Crescent, Battersea to Osiers Road, Wandsworth"
"LINESTRING (-0.130908 51.464995,-0.198735 51.46067", "From Gauden Road, Clapham to Osiers Road, Wandsworth"
"LINESTRING (-0.175407 51.462305,-0.198735 51.46067", "From Plough Terrace, Clapham Junction to Osiers Road, Wandsworth"
"LINESTRING (-0.187427 51.460864,-0.198735 51.46067", "From Wandsworth Town Station, Wandsworth to Osiers Road, Wandsworth"
"LINESTRING (-0.183165 51.474665,-0.198735 51.46067", "From Imperial Wharf Station, Sands End to Osiers Road, Wandsworth"
"LINESTRING (-0.161203 51.496886,-0.198735 51.46067", "From Pont Street, Knightsbridge to Osiers Road, Wandsworth"
"LINESTRING (-0.215618 51.464786,-0.198735 51.46067", "From Felsham Road, Putney to Osiers Road, Wandsworth"
"LINESTRING (-0.204815 51.484386,-0.222456 51.488144", "From Normand Park, West Kensington to Beryl Road, Hammersmith"
"LINESTRING (-0.16716 51.47518,-0.222456 51.488144", "From Surrey Lane, Battersea to Beryl Road, Hammersmith"
"LINESTRING (-0.193068 51.500397,-0.222456 51.488144", "From Wright's Lane, Kensington to Beryl Road, Hammersmith"
"LINESTRING (-0.204815 51.484386,-0.222456 51.488144", "From Normand Park, West Kensington to Beryl Road, Hammersmith"
"LINESTRING (-0.162298 51.522511,-0.222456 51.488144", "From Boston Place, Marylebone to Beryl Road, Hammersmith"
"LINESTRING (-0.219346 51.482944,-0.222456 51.488144", "From Crabtree Lane, Fulham to Beryl Road, Hammersmith"
"LINESTRING (-0.214428 51.486062,-0.222456 51.488144", "From Greyhound Road, Hammersmith to Beryl Road, Hammersmith"
"LINESTRING (-0.172078 51.482567,-0.222456 51.488144", "From Danvers Street, West Chelsea to Beryl Road, Hammersmith"
"LINESTRING (-0.205279 51.487244,-0.222456 51.488144", "From Star Road, West Kensington to Beryl Road, Hammersmith"
"LINESTRING (-0.199783 51.472817,-0.222456 51.488144", "From Parson's Green , Parson's Green to Beryl Road, Hammersmith"
"LINESTRING (-0.205279 51.487244,-0.222456 51.488144", "From Star Road, West Kensington to Beryl Road, Hammersmith"
"LINESTRING (-0.180884 51.459225,-0.222456 51.488144", "From Spanish Road, Clapham Junction to Beryl Road, Hammersmith"
"LINESTRING (-0.202802 51.45682,-0.222456 51.488144", "From Mexfield Road, East Putney to Beryl Road, Hammersmith"
"LINESTRING (-0.223868 51.496664,-0.222456 51.488144", "From Little Brook Green, Brook Green to Beryl Road, Hammersmith"
"LINESTRING (-0.198735 51.46067,-0.222456 51.488144", "From Osiers Road, Wandsworth to Beryl Road, Hammersmith"
"LINESTRING (-0.159322 51.461343,-0.222456 51.488144", "From Clapham Common North Side, Clapham Common to Beryl Road, Hammersmith"
"LINESTRING (-0.199783 51.472817,-0.222456 51.488144", "From Parson's Green , Parson's Green to Beryl Road, Hammersmith"
"LINESTRING (-0.215895 51.476885,-0.222456 51.488144", "From Finlay Street, Fulham to Beryl Road, Hammersmith"
"LINESTRING (-0.184806 51.457991,-0.222456 51.488144", "From Alma Road, Wandsworth to Beryl Road, Hammersmith"
"LINESTRING (-0.205991 51.501391,-0.222456 51.488144", "From Abbotsbury Road, Holland Park to Beryl Road, Hammersmith"
"LINESTRING (-0.180274 51.481805,-0.222456 51.488144", "From World's End Place, West Chelsea to Beryl Road, Hammersmith"
"LINESTRING (-0.192165 51.457529,-0.200667 51.460951", "From Ram Street, Wandsworth to Northfields, Wandsworth"
"LINESTRING (-0.179135 51.516417,-0.200667 51.460951", "From Eastbourne Mews, Paddington to Northfields, Wandsworth"
"LINESTRING (-0.192165 51.457529,-0.200667 51.460951", "From Ram Street, Wandsworth to Northfields, Wandsworth"
"LINESTRING (-0.202608 51.51632,-0.200667 51.460951", "From All Saints Church, Portobello to Northfields, Wandsworth"
"LINESTRING (-0.190184 51.459953,-0.200667 51.460951", "From Morie Street, Wandsworth to Northfields, Wandsworth"
"LINESTRING (-0.212145 51.459715,-0.200667 51.460951", "From Upper Richmond Road, Putney to Northfields, Wandsworth"
"LINESTRING (-0.173029 51.464894,-0.200667 51.460951", "From Grant Road East, Clapham Junction to Northfields, Wandsworth"
"LINESTRING (-0.18119 51.485587,-0.180884 51.459225", "From Limerston Street, West Chelsea to Spanish Road, Clapham Junction"
"LINESTRING (-0.168292 51.462392,-0.180884 51.459225", "From St. John's Road, Clapham Junction to Spanish Road, Clapham Junction"
"LINESTRING (-0.192369 51.491593,-0.180884 51.459225", "From Penywern Road, Earl's Court to Spanish Road, Clapham Junction"
"LINESTRING (-0.206029 51.49087,-0.180884 51.459225", "From West Kensington Station, West Kensington to Spanish Road, Clapham Junction"
"LINESTRING (-0.093051 51.511246,-0.15213 51.470475", "From Queen Street 2, Bank to Stanley Grove, Battersea"
"LINESTRING (-0.166221 51.490714,-0.15213 51.470475", "From Chelsea Green, Chelsea to Stanley Grove, Battersea"
"LINESTRING (-0.179077 51.495592,-0.15213 51.470475", "From Natural History Museum, South Kensington to Stanley Grove, Battersea"
"LINESTRING (-0.183853 51.480898,-0.15213 51.470475", "From Thorndike Close, West Chelsea to Stanley Grove, Battersea"
"LINESTRING (-0.193502 51.467064,-0.15213 51.470475", "From South Park, Sands End to Stanley Grove, Battersea"
"LINESTRING (-0.14177 51.479501,-0.15213 51.470475", "From Battersea Park Road, Nine Elms to Stanley Grove, Battersea"
"LINESTRING (-0.147804 51.461376,-0.15213 51.470475", "From Victoria Rise, Clapham Common to Stanley Grove, Battersea"
"LINESTRING (-0.151126 51.510919,-0.15213 51.470475", "From Millennium Hotel, Mayfair to Stanley Grove, Battersea"
"LINESTRING (-0.137043 51.511897,-0.15213 51.470475", "From Golden Square, Soho to Stanley Grove, Battersea"
"LINESTRING (-0.14177 51.479501,-0.15213 51.470475", "From Battersea Park Road, Nine Elms to Stanley Grove, Battersea"
"LINESTRING (-0.02296 51.50623,-0.15213 51.470475", "From Fisherman's Walk West, Canary Wharf to Stanley Grove, Battersea"
"LINESTRING (-0.176267 51.472876,-0.15213 51.470475", "From Vicarage Crescent, Battersea to Stanley Grove, Battersea"
"LINESTRING (-0.163041 51.470538,-0.15213 51.470475", "From Sheepcote Lane, Battersea to Stanley Grove, Battersea"
"LINESTRING (-0.168292 51.462392,-0.195777 51.479463", "From St. John's Road, Clapham Junction to Erin Close, Walham Green"
"LINESTRING (-0.184318 51.468819,-0.195777 51.479463", "From William Morris Way, Sands End to Erin Close, Walham Green"
"LINESTRING (-0.191803 51.473611,-0.195777 51.479463", "From Sandilands Road, Walham Green to Erin Close, Walham Green"
"LINESTRING (-0.132845 51.489975,-0.195777 51.479463", "From Rampayne Street, Pimlico to Erin Close, Walham Green"
"LINESTRING (-0.187278 51.475142,-0.195777 51.479463", "From Imperial Road, Sands End to Erin Close, Walham Green"
"LINESTRING (-0.182126 51.463489,-0.195777 51.479463", "From Usk Road, Clapham Junction to Erin Close, Walham Green"
"LINESTRING (-0.153233 51.490959,-0.195777 51.479463", "From Bourne Street, Belgravia to Erin Close, Walham Green"
"LINESTRING (-0.169821 51.466633,-0.195777 51.479463", "From Falcon Road, Clapham Junction to Erin Close, Walham Green"
"LINESTRING (-0.180389 51.46517,-0.195777 51.479463", "From Hibbert Street, Battersea to Erin Close, Walham Green"
"LINESTRING (-0.216493 51.491093,-0.195777 51.479463", "From Colet Gardens, Hammersmith to Erin Close, Walham Green"
"LINESTRING (-0.193502 51.467064,-0.195777 51.479463", "From South Park, Sands End to Erin Close, Walham Green"
"LINESTRING (-0.126021 51.508103,-0.195777 51.479463", "From Craven Street, Strand to Erin Close, Walham Green"
"LINESTRING (-0.183289 51.496462,-0.195777 51.479463", "From Gloucester Road (Central), South Kensington to Erin Close, Walham Green"
"LINESTRING (-0.214428 51.486062,-0.195777 51.479463", "From Greyhound Road, Hammersmith to Erin Close, Walham Green"
"LINESTRING (-0.175407 51.462305,-0.195777 51.479463", "From Plough Terrace, Clapham Junction to Erin Close, Walham Green"
"LINESTRING (-0.137043 51.511897,-0.195777 51.479463", "From Golden Square, Soho to Erin Close, Walham Green"
"LINESTRING (-0.17581 51.517335,-0.195777 51.479463", "From South Wharf Road, Paddington to Erin Close, Walham Green"
"LINESTRING (-0.114934 51.49288,-0.195777 51.479463", "From Lollard Street, Vauxhall to Erin Close, Walham Green"
"LINESTRING (-0.202038 51.48357,-0.195777 51.479463", "From Coomer Place, West Kensington to Erin Close, Walham Green"
"LINESTRING (-0.193502 51.467064,-0.195777 51.479463", "From South Park, Sands End to Erin Close, Walham Green"
"LINESTRING (-0.13011 51.513527,-0.195777 51.479463", "From Moor Street, Soho to Erin Close, Walham Green"
"LINESTRING (-0.208485 51.478939,-0.195777 51.479463", "From St. Peter's Terrace, Fulham to Erin Close, Walham Green"
"LINESTRING (-0.166221 51.490714,-0.195777 51.479463", "From Chelsea Green, Chelsea to Erin Close, Walham Green"
"LINESTRING (-0.149035 51.481121,-0.195777 51.479463", "From Sopwith Way, Battersea Park to Erin Close, Walham Green"
"LINESTRING (-0.138089 51.484839,-0.195777 51.479463", "From Claverton Street, Pimlico to Erin Close, Walham Green"
"LINESTRING (-0.183165 51.474665,-0.195777 51.479463", "From Imperial Wharf Station, Sands End to Erin Close, Walham Green"
"LINESTRING (-0.199783 51.472817,-0.195777 51.479463", "From Parson's Green , Parson's Green to Erin Close, Walham Green"
"LINESTRING (-0.197609 51.483911,-0.195777 51.479463", "From Halford Road, West Kensington to Erin Close, Walham Green"
"LINESTRING (-0.21985 51.493267,-0.195777 51.479463", "From Hammersmith Road, Hammersmith to Erin Close, Walham Green"
"LINESTRING (-0.138733 51.496753,-0.195777 51.479463", "From Howick Place, Westminster to Erin Close, Walham Green"
"LINESTRING (-0.199783 51.472817,-0.195777 51.479463", "From Parson's Green , Parson's Green to Erin Close, Walham Green"
"LINESTRING (-0.223616 51.485743,-0.195777 51.479463", "From Manbre Road, Hammersmith to Erin Close, Walham Green"
"LINESTRING (-0.184318 51.468819,-0.195777 51.479463", "From William Morris Way, Sands End to Erin Close, Walham Green"
"LINESTRING (-0.209973 51.481021,-0.195777 51.479463", "From Aintree Street, Fulham to Erin Close, Walham Green"
"LINESTRING (-0.111471 51.479601,-0.195777 51.479463", "From Cranmer Road, Stockwell to Erin Close, Walham Green"
"LINESTRING (-0.167894 51.493184,-0.195777 51.479463", "From Sloane Avenue, Knightsbridge to Erin Close, Walham Green"
"LINESTRING (-0.191803 51.473611,-0.195777 51.479463", "From Sandilands Road, Walham Green to Erin Close, Walham Green"
"LINESTRING (-0.208485 51.478939,-0.195777 51.479463", "From St. Peter's Terrace, Fulham to Erin Close, Walham Green"
"LINESTRING (-0.159169 51.475153,-0.195777 51.479463", "From Prince of Wales Drive, Battersea Park to Erin Close, Walham Green"
"LINESTRING (-0.199783 51.472817,-0.195777 51.479463", "From Parson's Green , Parson's Green to Erin Close, Walham Green"
"LINESTRING (-0.193502 51.467064,-0.195777 51.479463", "From South Park, Sands End to Erin Close, Walham Green"
"LINESTRING (-0.190346 51.46822,-0.195777 51.479463", "From Stephendale Road, Sands End to Erin Close, Walham Green"
"LINESTRING (-0.20782 51.473471,-0.195777 51.479463", "From Fulham Park Road, Fulham to Erin Close, Walham Green"
"LINESTRING (-0.191803 51.473611,-0.195777 51.479463", "From Sandilands Road, Walham Green to Erin Close, Walham Green"
"LINESTRING (-0.191803 51.473611,-0.195777 51.479463", "From Sandilands Road, Walham Green to Erin Close, Walham Green"
"LINESTRING (-0.099828 51.493146,-0.195777 51.479463", "From Strata, Elephant & Castle to Erin Close, Walham Green"
"LINESTRING (-0.215895 51.476885,-0.195777 51.479463", "From Finlay Street, Fulham to Erin Close, Walham Green"
"LINESTRING (-0.180274 51.481805,-0.195777 51.479463", "From World's End Place, West Chelsea to Erin Close, Walham Green"
"LINESTRING (-0.205279 51.487244,-0.195777 51.479463", "From Star Road, West Kensington to Erin Close, Walham Green"
"LINESTRING (-0.190346 51.46822,-0.195777 51.479463", "From Stephendale Road, Sands End to Erin Close, Walham Green"
"LINESTRING (-0.198735 51.46067,-0.195777 51.479463", "From Osiers Road, Wandsworth to Erin Close, Walham Green"
"LINESTRING (-0.195777 51.479463,-0.195777 51.479463", "From Erin Close, Walham Green to Erin Close, Walham Green"
"LINESTRING (-0.206827 51.467601,-0.195777 51.479463", "From Ranelagh Gardens, Fulham to Erin Close, Walham Green"
"LINESTRING (-0.190346 51.46822,-0.195777 51.479463", "From Stephendale Road, Sands End to Erin Close, Walham Green"
"LINESTRING (-0.191351 51.513489,-0.195777 51.479463", "From Princes Square, Bayswater to Erin Close, Walham Green"
"LINESTRING (-0.206029 51.49087,-0.195777 51.479463", "From West Kensington Station, West Kensington to Erin Close, Walham Green"
"LINESTRING (-0.087459 51.528673,-0.028941 51.542118", "From East Road, Hoxton to Cadogan Close, Victoria Park"
"LINESTRING (-0.055656 51.514222,-0.028941 51.542118", "From Watney Market, Stepney to Cadogan Close, Victoria Park"
"LINESTRING (-0.04667 51.521889,-0.028941 51.542118", "From Stepney Green Station, Stepney to Cadogan Close, Victoria Park"
"LINESTRING (-0.018703 51.528169,-0.028941 51.542118", "From Bow Church Station, Bow to Cadogan Close, Victoria Park"
"LINESTRING (-0.033085 51.532513,-0.028941 51.542118", "From Ford Road, Old Ford to Cadogan Close, Victoria Park"
"LINESTRING (-0.028155 51.533283,-0.028941 51.542118", "From Hewison Street, Old Ford to Cadogan Close, Victoria Park"
"LINESTRING (-0.02296 51.50623,-0.028941 51.542118", "From Fisherman's Walk West, Canary Wharf to Cadogan Close, Victoria Park"
"LINESTRING (-0.08249 51.53558,-0.028941 51.542118", "From Pitfield Street North,Hoxton to Cadogan Close, Victoria Park"
"LINESTRING (-0.058826 51.54119,-0.028941 51.542118", "From London Fields, Hackney Central to Cadogan Close, Victoria Park"
"LINESTRING (-0.099994 51.522853,-0.028941 51.542118", "From Berry Street, Clerkenwell to Cadogan Close, Victoria Park"
"LINESTRING (-0.051394 51.520893,-0.028941 51.542118", "From Cleveland Way, Stepney to Cadogan Close, Victoria Park"
"LINESTRING (-0.009935 51.546326,-0.028941 51.542118", "From East Village, Queen Elizabeth Olympic Park to Cadogan Close, Victoria Park"
"LINESTRING (-0.066035 51.531864,-0.028941 51.542118", "From Goldsmith's Row, Haggerston to Cadogan Close, Victoria Park"
"LINESTRING (-0.00481 51.541793,-0.028941 51.542118", "From Stratford Station, Stratford to Cadogan Close, Victoria Park"
"LINESTRING (-0.033085 51.532513,-0.028941 51.542118", "From Ford Road, Old Ford to Cadogan Close, Victoria Park"
"LINESTRING (-0.014691 51.546805,-0.028941 51.542118", "From Timber Lodge, Queen Elizabeth Olympic Park to Cadogan Close, Victoria Park"
"LINESTRING (-0.028941 51.542118,-0.028941 51.542118", "From Cadogan Close, Victoria Park to Cadogan Close, Victoria Park"
"LINESTRING (-0.033828 51.514115,-0.028941 51.542118", "From Salmon Lane, Limehouse to Cadogan Close, Victoria Park"
"LINESTRING (-0.077178 51.514449,-0.028941 51.542118", "From Houndsditch, Aldgate to Cadogan Close, Victoria Park"
"LINESTRING (-0.195455 51.500401,-0.215618 51.464786", "From Argyll Road, Kensington to Felsham Road, Putney"
"LINESTRING (-0.191722 51.461083,-0.215618 51.464786", "From Smugglers Way, Wandsworth to Felsham Road, Putney"
"LINESTRING (-0.157436 51.512276,-0.215618 51.464786", "From Green Street, Mayfair to Felsham Road, Putney"
"LINESTRING (-0.223868 51.496664,-0.215618 51.464786", "From Little Brook Green, Brook Green to Felsham Road, Putney"
"LINESTRING (-0.176267 51.472876,-0.215618 51.464786", "From Vicarage Crescent, Battersea to Felsham Road, Putney"
"LINESTRING (-0.223852 51.483732,-0.215618 51.464786", "From Rainville Road, Hammersmith to Felsham Road, Putney"
"LINESTRING (-0.139221 51.461388,-0.215618 51.464786", "From Clapham Common Station, Clapham Common to Felsham Road, Putney"
"LINESTRING (-0.184318 51.468819,-0.215618 51.464786", "From William Morris Way, Sands End to Felsham Road, Putney"
"LINESTRING (-0.141327 51.520253,-0.215618 51.464786", "From Great Titchfield Street, Fitzrovia to Felsham Road, Putney"
"LINESTRING (-0.226606 51.488108,-0.215618 51.464786", "From Crisp Road, Hammersmith to Felsham Road, Putney"
"LINESTRING (-0.170703 51.470847,-0.215618 51.464786", "From Simpson Street, Clapham Junction to Felsham Road, Putney"
"LINESTRING (-0.166221 51.490714,-0.215618 51.464786", "From Chelsea Green, Chelsea to Felsham Road, Putney"
"LINESTRING (-0.223616 51.485743,-0.215618 51.464786", "From Manbre Road, Hammersmith to Felsham Road, Putney"
"LINESTRING (-0.190346 51.46822,-0.216526 51.460717", "From Stephendale Road, Sands End to Putney Rail Station, Putney"
"LINESTRING (-0.187278 51.475142,-0.216526 51.460717", "From Imperial Road, Sands End to Putney Rail Station, Putney"
"LINESTRING (-0.200806 51.457059,-0.216526 51.460717", "From Santos Road, Wandsworth to Putney Rail Station, Putney"
"LINESTRING (-0.112824 51.503791,-0.216526 51.460717", "From Waterloo Station 3, Waterloo to Putney Rail Station, Putney"
"LINESTRING (-0.214428 51.486062,-0.216526 51.460717", "From Greyhound Road, Hammersmith to Putney Rail Station, Putney"
"LINESTRING (-0.212145 51.459715,-0.216526 51.460717", "From Upper Richmond Road, Putney to Putney Rail Station, Putney"
"LINESTRING (-0.202802 51.45682,-0.216526 51.460717", "From Mexfield Road, East Putney to Putney Rail Station, Putney"
"LINESTRING (-0.193254 51.476259,-0.216526 51.460717", "From Eel Brook Common, Walham Green to Putney Rail Station, Putney"
"LINESTRING (-0.190346 51.46822,-0.216526 51.460717", "From Stephendale Road, Sands End to Putney Rail Station, Putney"
"LINESTRING (-0.092176 51.520044,-0.102757 51.536384", "From Barbican Centre, Barbican to Islington Green, Angel"
"LINESTRING (-0.062546 51.535678,-0.102757 51.536384", "From Regent's Row , Haggerston to Islington Green, Angel"
"LINESTRING (-0.102757 51.536384,-0.102757 51.536384", "From Islington Green, Angel to Islington Green, Angel"
"LINESTRING (-0.126409 51.524,-0.102757 51.536384", "From Coram Street, Bloomsbury to Islington Green, Angel"
"LINESTRING (-0.123509 51.52625,-0.102757 51.536384", "From Tavistock Place, Bloomsbury to Islington Green, Angel"
"LINESTRING (-0.096496 51.517821,-0.102757 51.536384", "From Museum of London, Barbican to Islington Green, Angel"
"LINESTRING (-0.116688 51.520596,-0.102757 51.536384", "From Theobald's Road , Holborn to Islington Green, Angel"
"LINESTRING (-0.106237 51.507244,-0.102757 51.536384", "From Milroy Walk, South Bank to Islington Green, Angel"
"LINESTRING (-0.105344 51.515059,-0.102757 51.536384", "From St. Bride Street, Holborn to Islington Green, Angel"
"LINESTRING (-0.099981 51.532661,-0.102757 51.536384", "From Graham Street, Angel to Islington Green, Angel"
"LINESTRING (-0.076793 51.513406,-0.102757 51.536384", "From Jewry Street, Aldgate to Islington Green, Angel"
"LINESTRING (-0.087587 51.514441,-0.102757 51.536384", "From Bank of England Museum, Bank to Islington Green, Angel"
"LINESTRING (-0.138019 51.524438,-0.102757 51.536384", "From Warren Street Station, Euston to Islington Green, Angel"
"LINESTRING (-0.06142 51.532091,-0.102757 51.536384", "From Pritchard's Road, Bethnal Green to Islington Green, Angel"
"LINESTRING (-0.13225 51.528833,-0.102757 51.536384", "From Doric Way , Somers Town to Islington Green, Angel"
"LINESTRING (-0.075901 51.531091,-0.102757 51.536384", "From Hoxton Station, Hoxton to Islington Green, Angel"
"LINESTRING (-0.116542 51.504636,-0.102757 51.536384", "From Jubilee Gardens, South Bank to Islington Green, Angel"
"LINESTRING (-0.122203 51.534474,-0.102757 51.536384", "From Crinan Street, King's Cross to Islington Green, Angel"
"LINESTRING (-0.106992 51.534504,-0.102757 51.536384", "From Liverpool Road (N1 Centre), Angel to Islington Green, Angel"
"LINESTRING (-0.092176 51.520044,-0.102757 51.536384", "From Barbican Centre, Barbican to Islington Green, Angel"
"LINESTRING (-0.075885 51.536585,-0.102757 51.536384", "From Dunston Road , Haggerston to Islington Green, Angel"
"LINESTRING (-0.097122 51.529423,-0.102757 51.536384", "From Macclesfield Rd, St Lukes to Islington Green, Angel"
"LINESTRING (-0.08249 51.53558,-0.102757 51.536384", "From Pitfield Street North,Hoxton to Islington Green, Angel"
"LINESTRING (-0.086016 51.53114,-0.102757 51.536384", "From New North Road 2, Hoxton to Islington Green, Angel"
"LINESTRING (-0.083067 51.523196,-0.102757 51.536384", "From Clifton Street, Shoreditch to Islington Green, Angel"
"LINESTRING (-0.123823 51.501513,-0.102757 51.536384", "From Westminster Pier, Westminster to Islington Green, Angel"
"LINESTRING (-0.124121 51.523418,-0.102757 51.536384", "From Russell Square Station, Bloomsbury to Islington Green, Angel"
"LINESTRING (-0.091401 51.518093,-0.102757 51.536384", "From Fore Street Avenue, Guildhall to Islington Green, Angel"
"LINESTRING (-0.099981 51.532661,-0.102757 51.536384", "From Graham Street, Angel to Islington Green, Angel"
"LINESTRING (-0.124121 51.523418,-0.102757 51.536384", "From Russell Square Station, Bloomsbury to Islington Green, Angel"
"LINESTRING (-0.117619 51.509943,-0.102757 51.536384", "From Somerset House, Strand to Islington Green, Angel"
"LINESTRING (-0.071881 51.534776,-0.102757 51.536384", "From Thurtle Road, Haggerston to Islington Green, Angel"
"LINESTRING (-0.132328 51.515631,-0.102757 51.536384", "From Soho Square , Soho to Islington Green, Angel"
"LINESTRING (-0.098341 51.505409,-0.102757 51.536384", "From Southwark Street, Bankside to Islington Green, Angel"
"LINESTRING (-0.09315 51.53356,-0.102757 51.536384", "From Eagle Wharf Road, Hoxton to Islington Green, Angel"
"LINESTRING (-0.125078 51.534667,-0.102757 51.536384", "From Good's Way, King's Cross to Islington Green, Angel"
"LINESTRING (-0.088542 51.527025,-0.102757 51.536384", "From Baldwin Street, St. Luke's to Islington Green, Angel"
"LINESTRING (-0.102757 51.536384,-0.102757 51.536384", "From Islington Green, Angel to Islington Green, Angel"
"LINESTRING (-0.077121 51.511594,-0.102757 51.536384", "From Crosswall, Tower to Islington Green, Angel"
"LINESTRING (-0.13214 51.519572,-0.102757 51.536384", "From Store Street, Bloomsbury to Islington Green, Angel"
"LINESTRING (-0.093421 51.529154,-0.102757 51.536384", "From Windsor Terrace, Hoxton to Islington Green, Angel"
"LINESTRING (-0.086016 51.53114,-0.102757 51.536384", "From New North Road 2, Hoxton to Islington Green, Angel"
"LINESTRING (-0.058826 51.54119,-0.102757 51.536384", "From London Fields, Hackney Central to Islington Green, Angel"
"LINESTRING (-0.076793 51.513406,-0.102757 51.536384", "From Jewry Street, Aldgate to Islington Green, Angel"
"LINESTRING (-0.089782 51.53089,-0.102757 51.536384", "From Murray Grove , Hoxton to Islington Green, Angel"
"LINESTRING (-0.074284 51.539328,-0.102757 51.536384", "From Haggerston Road, Haggerston to Islington Green, Angel"
"LINESTRING (-0.074284 51.539328,-0.102757 51.536384", "From Haggerston Road, Haggerston to Islington Green, Angel"
"LINESTRING (-0.112753 51.51501,-0.102757 51.536384", "From Carey Street, Holborn to Islington Green, Angel"
"LINESTRING (-0.079201 51.537277,-0.102757 51.536384", "From Hertford Road, De Beauvoir Town to Islington Green, Angel"
"LINESTRING (-0.106237 51.507244,-0.102757 51.536384", "From Milroy Walk, South Bank to Islington Green, Angel"
"LINESTRING (-0.135025 51.518162,-0.102757 51.536384", "From Rathbone Street, Fitzrovia to Islington Green, Angel"
"LINESTRING (-0.106408 51.530515,-0.102757 51.536384", "From Chadwell Street, Angel to Islington Green, Angel"
"LINESTRING (-0.124121 51.523418,-0.102757 51.536384", "From Russell Square Station, Bloomsbury to Islington Green, Angel"
"LINESTRING (-0.075901 51.531091,-0.102757 51.536384", "From Hoxton Station, Hoxton to Islington Green, Angel"
"LINESTRING (-0.096496 51.517821,-0.102757 51.536384", "From Museum of London, Barbican to Islington Green, Angel"
"LINESTRING (-0.125972 51.49764,-0.102757 51.536384", "From Abingdon Green, Westminster to Islington Green, Angel"
"LINESTRING (-0.086379 51.534042,-0.102757 51.536384", "From Shoreditch Park, Hoxton to Islington Green, Angel"
"LINESTRING (-0.138853 51.541603,-0.102757 51.536384", "From Bonny Street, Camden Town to Islington Green, Angel"
"LINESTRING (-0.114079 51.522264,-0.102757 51.536384", "From Northington Street , Holborn to Islington Green, Angel"
"LINESTRING (-0.112824 51.503791,-0.102757 51.536384", "From Waterloo Station 3, Waterloo to Islington Green, Angel"
"LINESTRING (-0.168074 51.5343,-0.102757 51.536384", "From Charlbert Street, St. John's Wood to Islington Green, Angel"
"LINESTRING (-0.204815 51.484386,-0.217995 51.487285", "From Normand Park, West Kensington to Charing Cross Hospital, Hammersmith"
"LINESTRING (-0.215087 51.490217,-0.217995 51.487285", "From Barons Court Station, West Kensington to Charing Cross Hospital, Hammersmith"
"LINESTRING (-0.209378 51.489591,-0.217995 51.487285", "From Vereker Road, West Kensington to Charing Cross Hospital, Hammersmith"
"LINESTRING (-0.183165 51.474665,-0.217995 51.487285", "From Imperial Wharf Station, Sands End to Charing Cross Hospital, Hammersmith"
"LINESTRING (-0.197609 51.483911,-0.217995 51.487285", "From Halford Road, West Kensington to Charing Cross Hospital, Hammersmith"
"LINESTRING (-0.216493 51.491093,-0.217995 51.487285", "From Colet Gardens, Hammersmith to Charing Cross Hospital, Hammersmith"
"LINESTRING (-0.195777 51.479463,-0.217995 51.487285", "From Erin Close, Walham Green to Charing Cross Hospital, Hammersmith"
"LINESTRING (-0.179702 51.499428,-0.217995 51.487285", "From Imperial College, Knightsbridge to Charing Cross Hospital, Hammersmith"
"LINESTRING (-0.216104 51.50659,-0.217995 51.487285", "From Queensdale Road, Shepherd's Bush to Charing Cross Hospital, Hammersmith"
"LINESTRING (-0.187404 51.487958,-0.217995 51.487285", "From Harcourt Terrace, West Brompton to Charing Cross Hospital, Hammersmith"
"LINESTRING (-0.18697 51.51616,-0.217995 51.487285", "From Bishop's Bridge Road West, Bayswater to Charing Cross Hospital, Hammersmith"
"LINESTRING (-0.215087 51.490217,-0.217995 51.487285", "From Barons Court Station, West Kensington to Charing Cross Hospital, Hammersmith"
"LINESTRING (-0.215087 51.490217,-0.217995 51.487285", "From Barons Court Station, West Kensington to Charing Cross Hospital, Hammersmith"
"LINESTRING (-0.215087 51.490217,-0.217995 51.487285", "From Barons Court Station, West Kensington to Charing Cross Hospital, Hammersmith"
"LINESTRING (-0.191803 51.473611,-0.217995 51.487285", "From Sandilands Road, Walham Green to Charing Cross Hospital, Hammersmith"
"LINESTRING (-0.178656 51.501432,-0.217995 51.487285", "From Kensington Gore, Knightsbridge to Charing Cross Hospital, Hammersmith"
"LINESTRING (-0.215804 51.494347,-0.217995 51.487285", "From Brook Green South, Brook Green to Charing Cross Hospital, Hammersmith"
"LINESTRING (-0.2174 51.504038,-0.217995 51.487285", "From Woodstock Grove, Shepherd's Bush to Charing Cross Hospital, Hammersmith"
"LINESTRING (-0.180246 51.501026,-0.217995 51.487285", "From Queen's Gate (North), Kensington to Charing Cross Hospital, Hammersmith"
"LINESTRING (-0.219486 51.512981,-0.217995 51.487285", "From Freston Road, Avondale to Charing Cross Hospital, Hammersmith"
"LINESTRING (-0.204815 51.484386,-0.217995 51.487285", "From Normand Park, West Kensington to Charing Cross Hospital, Hammersmith"
"LINESTRING (-0.179369 51.487196,-0.217995 51.487285", "From Drayton Gardens, West Chelsea to Charing Cross Hospital, Hammersmith"
"LINESTRING (-0.202038 51.48357,-0.217995 51.487285", "From Coomer Place, West Kensington to Charing Cross Hospital, Hammersmith"
"LINESTRING (-0.079608 51.521668,-0.112721 51.536392", "From Worship Street, Shoreditch to Charlotte Terrace, Angel"
"LINESTRING (-0.17581 51.517335,-0.112721 51.536392", "From South Wharf Road, Paddington to Charlotte Terrace, Angel"
"LINESTRING (-0.106992 51.534504,-0.112721 51.536392", "From Liverpool Road (N1 Centre), Angel to Charlotte Terrace, Angel"
"LINESTRING (-0.10997 51.529163,-0.112721 51.536392", "From River Street , Clerkenwell to Charlotte Terrace, Angel"
"LINESTRING (-0.145393 51.542138,-0.112721 51.536392", "From Castlehaven Road, Camden Town to Charlotte Terrace, Angel"
"LINESTRING (-0.07962 51.503493,-0.112721 51.536392", "From Tooley Street, Bermondsey to Charlotte Terrace, Angel"
"LINESTRING (-0.106992 51.534504,-0.112721 51.536392", "From Liverpool Road (N1 Centre), Angel to Charlotte Terrace, Angel"
"LINESTRING (-0.074284 51.539328,-0.112721 51.536392", "From Haggerston Road, Haggerston to Charlotte Terrace, Angel"
"LINESTRING (-0.125078 51.534667,-0.112721 51.536392", "From Good's Way, King's Cross to Charlotte Terrace, Angel"
"LINESTRING (-0.054883 51.522561,-0.112721 51.536392", "From Cephas Street, Bethnal Green to Charlotte Terrace, Angel"
"LINESTRING (-0.10997 51.529163,-0.112721 51.536392", "From River Street , Clerkenwell to Charlotte Terrace, Angel"
"LINESTRING (-0.125078 51.534667,-0.112721 51.536392", "From Good's Way, King's Cross to Charlotte Terrace, Angel"
"LINESTRING (-0.100791 51.518218,-0.112721 51.536392", "From West Smithfield Rotunda, Farringdon to Charlotte Terrace, Angel"
"LINESTRING (-0.10454 51.505461,-0.112721 51.536392", "From Blackfriars Road, Southwark to Charlotte Terrace, Angel"
"LINESTRING (-0.10548 51.532199,-0.112721 51.536392", "From Torrens Street, Angel to Charlotte Terrace, Angel"
"LINESTRING (-0.125078 51.534667,-0.112721 51.536392", "From Good's Way, King's Cross to Charlotte Terrace, Angel"
"LINESTRING (-0.130504 51.526838,-0.112721 51.536392", "From Endsleigh Gardens, Euston to Charlotte Terrace, Angel"
"LINESTRING (-0.120973 51.530059,-0.112721 51.536392", "From St. Chad's Street, King's Cross to Charlotte Terrace, Angel"
"LINESTRING (-0.070329 51.539083,-0.070329 51.539083", "From Shoreditch Court, Haggerston to Shoreditch Court, Haggerston"
"LINESTRING (-0.075901 51.531091,-0.070329 51.539083", "From Hoxton Station, Hoxton to Shoreditch Court, Haggerston"
"LINESTRING (-0.051394 51.520893,-0.070329 51.539083", "From Cleveland Way, Stepney to Shoreditch Court, Haggerston"
"LINESTRING (-0.102757 51.536384,-0.070329 51.539083", "From Islington Green, Angel to Shoreditch Court, Haggerston"
"LINESTRING (-0.09315 51.53356,-0.070329 51.539083", "From Eagle Wharf Road, Hoxton to Shoreditch Court, Haggerston"
"LINESTRING (-0.09315 51.53356,-0.070329 51.539083", "From Eagle Wharf Road, Hoxton to Shoreditch Court, Haggerston"
"LINESTRING (-0.073537 51.514233,-0.070329 51.539083", "From Braham Street, Aldgate to Shoreditch Court, Haggerston"
"LINESTRING (-0.102757 51.536384,-0.070329 51.539083", "From Islington Green, Angel to Shoreditch Court, Haggerston"
"LINESTRING (-0.079249 51.518908,-0.070329 51.539083", "From Brushfield Street, Liverpool Street to Shoreditch Court, Haggerston"
"LINESTRING (-0.079249 51.518908,-0.070329 51.539083", "From Brushfield Street, Liverpool Street to Shoreditch Court, Haggerston"
"LINESTRING (-0.049591 51.53341,-0.070329 51.539083", "From Bonner Gate, Victoria Park to Shoreditch Court, Haggerston"
"LINESTRING (-0.078869 51.521113,-0.070329 51.539083", "From Norton Folgate, Liverpool Street to Shoreditch Court, Haggerston"
"LINESTRING (-0.079684 51.516468,-0.070329 51.539083", "From Devonshire Square, Liverpool Street to Shoreditch Court, Haggerston"
"LINESTRING (-0.062546 51.535678,-0.070329 51.539083", "From Regent's Row , Haggerston to Shoreditch Court, Haggerston"
"LINESTRING (-0.102757 51.536384,-0.070329 51.539083", "From Islington Green, Angel to Shoreditch Court, Haggerston"
"LINESTRING (-0.092176 51.520044,-0.070329 51.539083", "From Barbican Centre, Barbican to Shoreditch Court, Haggerston"
"LINESTRING (-0.058005 51.527152,-0.070329 51.539083", "From Pott Street, Bethnal Green to Shoreditch Court, Haggerston"
"LINESTRING (-0.022606 51.548731,-0.070329 51.539083", "From Here East North, Queen Elizabeth Olympic Park to Shoreditch Court, Haggerston"
"LINESTRING (-0.102757 51.536384,-0.070329 51.539083", "From Islington Green, Angel to Shoreditch Court, Haggerston"
"LINESTRING (-0.083493 51.520955,-0.070329 51.539083", "From Pindar Street, Liverpool Street to Shoreditch Court, Haggerston"
"LINESTRING (-0.074754 51.523648,-0.070329 51.539083", "From Bethnal Green Road, Shoreditch to Shoreditch Court, Haggerston"
"LINESTRING (-0.084439 51.524696,-0.070329 51.539083", "From Leonard Circus , Shoreditch to Shoreditch Court, Haggerston"
"LINESTRING (-0.079249 51.518908,-0.070329 51.539083", "From Brushfield Street, Liverpool Street to Shoreditch Court, Haggerston"
"LINESTRING (-0.079248 51.524526,-0.070329 51.539083", "From New Inn Yard, Shoreditch to Shoreditch Court, Haggerston"
"LINESTRING (-0.06142 51.532091,-0.070329 51.539083", "From Pritchard's Road, Bethnal Green to Shoreditch Court, Haggerston"
"LINESTRING (-0.125979 51.526357,-0.070329 51.539083", "From Cartwright Gardens , Bloomsbury to Shoreditch Court, Haggerston"
"LINESTRING (-0.051394 51.520893,-0.07023 51.536654", "From Cleveland Way, Stepney to Belford House, Haggerston"
"LINESTRING (-0.076341 51.534464,-0.07023 51.536654", "From Whiston Road, Haggerston to Belford House, Haggerston"
"LINESTRING (-0.051394 51.520893,-0.07023 51.536654", "From Cleveland Way, Stepney to Belford House, Haggerston"
"LINESTRING (-0.051394 51.520893,-0.07023 51.536654", "From Cleveland Way, Stepney to Belford House, Haggerston"
"LINESTRING (-0.141423 51.514499,-0.07023 51.536654", "From Little Argyll Street, West End to Belford House, Haggerston"
"LINESTRING (-0.054162 51.536424,-0.07023 51.536654", "From Victoria Park Road, Hackney Central to Belford House, Haggerston"
"LINESTRING (-0.152317 51.499412,-0.174347 51.476964", "From Belgrave Square, Belgravia to Battersea Church Road, Battersea"
"LINESTRING (-0.179369 51.487196,-0.174347 51.476964", "From Drayton Gardens, West Chelsea to Battersea Church Road, Battersea"
"LINESTRING (-0.123823 51.501513,-0.174347 51.476964", "From Westminster Pier, Westminster to Battersea Church Road, Battersea"
"LINESTRING (-0.191803 51.473611,-0.174347 51.476964", "From Sandilands Road, Walham Green to Battersea Church Road, Battersea"
"LINESTRING (-0.147714 51.483507,-0.174347 51.476964", "From Battersea Power Station, Battersea Park to Battersea Church Road, Battersea"
"LINESTRING (-0.161765 51.487964,-0.174347 51.476964", "From Ormonde Gate, Chelsea to Battersea Church Road, Battersea"
"LINESTRING (-0.18119 51.490945,-0.174347 51.476964", "From Old Brompton Road, South Kensington to Battersea Church Road, Battersea"
"LINESTRING (-0.208486 51.506465,-0.174347 51.476964", "From Princedale Road , Holland Park to Battersea Church Road, Battersea"
"LINESTRING (-0.20782 51.473471,-0.174347 51.476964", "From Fulham Park Road, Fulham to Battersea Church Road, Battersea"
"LINESTRING (-0.130908 51.464995,-0.174347 51.476964", "From Gauden Road, Clapham to Battersea Church Road, Battersea"
"LINESTRING (-0.142844 51.506613,-0.174347 51.476964", "From Green Park Station, Mayfair to Battersea Church Road, Battersea"
"LINESTRING (-0.142943 51.496863,-0.174347 51.476964", "From Allington Street, Victoria to Battersea Church Road, Battersea"
"LINESTRING (-0.164786 51.477292,-0.174347 51.476964", "From Ethelburga Estate, Battersea Park to Battersea Church Road, Battersea"
"LINESTRING (-0.134407 51.526236,-0.174347 51.476964", "From Euston Road, Euston to Battersea Church Road, Battersea"
"LINESTRING (-0.169821 51.466633,-0.174347 51.476964", "From Falcon Road, Clapham Junction to Battersea Church Road, Battersea"
"LINESTRING (-0.104708 51.52326,-0.174347 51.476964", "From Clerkenwell Green, Clerkenwell to Battersea Church Road, Battersea"
"LINESTRING (-0.18119 51.485587,-0.174347 51.476964", "From Limerston Street, West Chelsea to Battersea Church Road, Battersea"
"LINESTRING (-0.163347 51.474392,-0.174347 51.476964", "From Albert Bridge Road, Battersea Park to Battersea Church Road, Battersea"
"LINESTRING (-0.169821 51.466633,-0.174347 51.476964", "From Falcon Road, Clapham Junction to Battersea Church Road, Battersea"
"LINESTRING (-0.147857 51.477966,-0.174347 51.476964", "From Gas Holders, Battersea Park to Battersea Church Road, Battersea"
"LINESTRING (-0.081608 51.497855,-0.174347 51.476964", "From Bermondsey Street, Bermondsey to Battersea Church Road, Battersea"
"LINESTRING (-0.173029 51.464894,-0.174347 51.476964", "From Grant Road East, Clapham Junction to Battersea Church Road, Battersea"
"LINESTRING (-0.132102 51.498125,-0.174347 51.476964", "From Abbey Orchard Street, Westminster to Battersea Church Road, Battersea"
"LINESTRING (-0.199135 51.468418,-0.174347 51.476964", "From Broomhouse Lane, Parsons Green to Battersea Church Road, Battersea"
"LINESTRING (-0.175407 51.462305,-0.176267 51.472876", "From Plough Terrace, Clapham Junction to Vicarage Crescent, Battersea"
"LINESTRING (-0.136123 51.482362,-0.176267 51.472876", "From Riverlight North, Nine Elms to Vicarage Crescent, Battersea"
"LINESTRING (-0.150908 51.47505,-0.176267 51.472876", "From Alfreda Street, Battersea Park to Vicarage Crescent, Battersea"
"LINESTRING (-0.180389 51.46517,-0.176267 51.472876", "From Hibbert Street, Battersea to Vicarage Crescent, Battersea"
"LINESTRING (-0.20464 51.470131,-0.176267 51.472876", "From Hurlingham Park, Parsons Green to Vicarage Crescent, Battersea"
"LINESTRING (-0.182435 51.478169,-0.176267 51.472876", "From Upcerne Road, West Chelsea to Vicarage Crescent, Battersea"
"LINESTRING (-0.09294 51.511553,-0.176267 51.472876", "From Queen Street 1, Bank to Vicarage Crescent, Battersea"
"LINESTRING (-0.132102 51.498125,-0.176267 51.472876", "From Abbey Orchard Street, Westminster to Vicarage Crescent, Battersea"
"LINESTRING (-0.150908 51.47505,-0.176267 51.472876", "From Alfreda Street, Battersea Park to Vicarage Crescent, Battersea"
"LINESTRING (-0.201968 51.475089,-0.176267 51.472876", "From Parsons Green Station, Parsons Green to Vicarage Crescent, Battersea"
"LINESTRING (-0.17306 51.505014,-0.176267 51.472876", "From Serpentine Car Park, Hyde Park to Vicarage Crescent, Battersea"
"LINESTRING (-0.185296 51.495362,-0.176267 51.472876", "From Emperor's Gate, South Kensington to Vicarage Crescent, Battersea"
"LINESTRING (-0.163347 51.474392,-0.176267 51.472876", "From Albert Bridge Road, Battersea Park to Vicarage Crescent, Battersea"
"LINESTRING (-0.194116 51.479932,-0.176267 51.472876", "From Fulham Broadway, Walham Green to Vicarage Crescent, Battersea"
"LINESTRING (-0.159169 51.475153,-0.176267 51.472876", "From Prince of Wales Drive, Battersea Park to Vicarage Crescent, Battersea"
"LINESTRING (-0.159169 51.475153,-0.176267 51.472876", "From Prince of Wales Drive, Battersea Park to Vicarage Crescent, Battersea"
"LINESTRING (-0.163347 51.474392,-0.176267 51.472876", "From Albert Bridge Road, Battersea Park to Vicarage Crescent, Battersea"
"LINESTRING (-0.222456 51.488144,-0.176267 51.472876", "From Beryl Road, Hammersmith to Vicarage Crescent, Battersea"
"LINESTRING (-0.149551 51.477619,-0.176267 51.472876", "From Queen's Circus, Battersea Park to Vicarage Crescent, Battersea"
"LINESTRING (-0.159169 51.475153,-0.176267 51.472876", "From Prince of Wales Drive, Battersea Park to Vicarage Crescent, Battersea"
"LINESTRING (-0.170329 51.477684,-0.176267 51.472876", "From Westbridge Road, Battersea to Vicarage Crescent, Battersea"
"LINESTRING (-0.150908 51.47505,-0.176267 51.472876", "From Alfreda Street, Battersea Park to Vicarage Crescent, Battersea"
"LINESTRING (-0.127554 51.493978,-0.176267 51.472876", "From Page Street, Westminster to Vicarage Crescent, Battersea"
"LINESTRING (-0.16375 51.465064,-0.176267 51.472876", "From Dorothy Road, Clapham Junction to Vicarage Crescent, Battersea"
"LINESTRING (-0.159169 51.475153,-0.176267 51.472876", "From Prince of Wales Drive, Battersea Park to Vicarage Crescent, Battersea"
"LINESTRING (-0.176267 51.472876,-0.176267 51.472876", "From Vicarage Crescent, Battersea to Vicarage Crescent, Battersea"
"LINESTRING (-0.144132 51.493204,-0.176267 51.472876", "From Belgrave Road, Victoria to Vicarage Crescent, Battersea"
"LINESTRING (-0.166221 51.490714,-0.176267 51.472876", "From Chelsea Green, Chelsea to Vicarage Crescent, Battersea"
"LINESTRING (-0.216526 51.460717,-0.176267 51.472876", "From Putney Rail Station, Putney to Vicarage Crescent, Battersea"
"LINESTRING (-0.150908 51.47505,-0.176267 51.472876", "From Alfreda Street, Battersea Park to Vicarage Crescent, Battersea"
"LINESTRING (-0.151296 51.50923,-0.176267 51.472876", "From South Audley Street, Mayfair to Vicarage Crescent, Battersea"
"LINESTRING (-0.21555 51.463211,-0.176267 51.472876", "From Montserrat Road , Putney to Vicarage Crescent, Battersea"
"LINESTRING (-0.20624 51.461999,-0.176267 51.472876", "From Putney Bridge Road, East Putney to Vicarage Crescent, Battersea"
"LINESTRING (-0.192165 51.457529,-0.176267 51.472876", "From Ram Street, Wandsworth to Vicarage Crescent, Battersea"
"LINESTRING (-0.147624 51.49395,-0.176267 51.472876", "From Eccleston Place, Victoria to Vicarage Crescent, Battersea"
"LINESTRING (-0.18267 51.494185,-0.176267 51.472876", "From Gloucester Road Station, South Kensington to Vicarage Crescent, Battersea"
"LINESTRING (-0.176267 51.472876,-0.176267 51.472876", "From Vicarage Crescent, Battersea to Vicarage Crescent, Battersea"
"LINESTRING (-0.169821 51.466633,-0.176267 51.472876", "From Falcon Road, Clapham Junction to Vicarage Crescent, Battersea"
"LINESTRING (-0.131773 51.506633,-0.176267 51.472876", "From Waterloo Place, St. James's to Vicarage Crescent, Battersea"
"LINESTRING (-0.17306 51.505014,-0.176267 51.472876", "From Serpentine Car Park, Hyde Park to Vicarage Crescent, Battersea"
"LINESTRING (-0.058826 51.54119,-0.06555 51.528681", "From London Fields, Hackney Central to Durant Street, Bethnal Green"
"LINESTRING (-0.09022 51.491484,-0.06555 51.528681", "From Rodney Road , Walworth to Durant Street, Bethnal Green"
"LINESTRING (-0.104724 51.52836,-0.06555 51.528681", "From St. John Street, Finsbury to Durant Street, Bethnal Green"
"LINESTRING (-0.132328 51.515631,-0.06555 51.528681", "From Soho Square , Soho to Durant Street, Bethnal Green"
"LINESTRING (-0.129698 51.500703,-0.06555 51.528681", "From Storey's Gate, Westminster to Durant Street, Bethnal Green"
"LINESTRING (-0.049591 51.53341,-0.06555 51.528681", "From Bonner Gate, Victoria Park to Durant Street, Bethnal Green"
"LINESTRING (-0.06555 51.528681,-0.06555 51.528681", "From Durant Street, Bethnal Green to Durant Street, Bethnal Green"
"LINESTRING (-0.037366 51.534137,-0.06555 51.528681", "From Driffield Road, Old Ford to Durant Street, Bethnal Green"
"LINESTRING (-0.073955 51.526293,-0.06555 51.528681", "From Palissy Street, Shoreditch to Durant Street, Bethnal Green"
"LINESTRING (-0.093913 51.496791,-0.06555 51.528681", "From Dickens Square, Borough to Durant Street, Bethnal Green"
"LINESTRING (-0.08299 51.53213,-0.06555 51.528681", "From Pitfield Street Central, Hoxton to Durant Street, Bethnal Green"
"LINESTRING (-0.06142 51.532091,-0.06555 51.528681", "From Pritchard's Road, Bethnal Green to Durant Street, Bethnal Green"
"LINESTRING (-0.121723 51.510701,-0.06555 51.528681", "From Southampton Street, Strand to Durant Street, Bethnal Green"
"LINESTRING (-0.021345 51.519265,-0.06555 51.528681", "From Furze Green, Bow to Durant Street, Bethnal Green"
"LINESTRING (-0.077121 51.511594,-0.06555 51.528681", "From Crosswall, Tower to Durant Street, Bethnal Green"
"LINESTRING (-0.075885 51.536585,-0.06555 51.528681", "From Dunston Road , Haggerston to Durant Street, Bethnal Green"
"LINESTRING (-0.089782 51.53089,-0.06555 51.528681", "From Murray Grove , Hoxton to Durant Street, Bethnal Green"
"LINESTRING (-0.057133 51.527607,-0.06555 51.528681", "From Hollybush Gardens, Bethnal Green to Durant Street, Bethnal Green"
"LINESTRING (-0.073955 51.526293,-0.06555 51.528681", "From Palissy Street, Shoreditch to Durant Street, Bethnal Green"
"LINESTRING (-0.071653 51.522617,-0.06555 51.528681", "From Brick Lane Market, Shoreditch to Durant Street, Bethnal Green"
"LINESTRING (-0.043371 51.518369,-0.06555 51.528681", "From Rectory Square, Stepney to Durant Street, Bethnal Green"
"LINESTRING (-0.147449 51.509351,-0.06555 51.528681", "From Farm Street, Mayfair to Durant Street, Bethnal Green"
"LINESTRING (-0.079201 51.537277,-0.06555 51.528681", "From Hertford Road, De Beauvoir Town to Durant Street, Bethnal Green"
"LINESTRING (-0.076341 51.534464,-0.06555 51.528681", "From Whiston Road, Haggerston to Durant Street, Bethnal Green"
"LINESTRING (-0.079201 51.537277,-0.06555 51.528681", "From Hertford Road, De Beauvoir Town to Durant Street, Bethnal Green"
"LINESTRING (-0.08497 51.50964,-0.06555 51.528681", "From Monument Street, Monument to Durant Street, Bethnal Green"
"LINESTRING (-0.08249 51.53558,-0.06555 51.528681", "From Pitfield Street North,Hoxton to Durant Street, Bethnal Green"
"LINESTRING (-0.089446 51.497382,-0.105344 51.515059", "From Great Dover Street, The Borough to St. Bride Street, Holborn"
"LINESTRING (-0.133201 51.512515,-0.105344 51.515059", "From Wardour Street, Soho to St. Bride Street, Holborn"
"LINESTRING (-0.102091 51.500693,-0.105344 51.515059", "From Webber Street , Southwark to St. Bride Street, Holborn"
"LINESTRING (-0.088542 51.527025,-0.105344 51.515059", "From Baldwin Street, St. Luke's to St. Bride Street, Holborn"
"LINESTRING (-0.112824 51.503791,-0.105344 51.515059", "From Waterloo Station 3, Waterloo to St. Bride Street, Holborn"
"LINESTRING (-0.084439 51.524696,-0.105344 51.515059", "From Leonard Circus , Shoreditch to St. Bride Street, Holborn"
"LINESTRING (-0.112824 51.503791,-0.105344 51.515059", "From Waterloo Station 3, Waterloo to St. Bride Street, Holborn"
"LINESTRING (-0.122806 51.490435,-0.105344 51.515059", "From Albert Embankment, Vauxhall to St. Bride Street, Holborn"
"LINESTRING (-0.113426 51.503919,-0.105344 51.515059", "From Waterloo Station 2, Waterloo to St. Bride Street, Holborn"
"LINESTRING (-0.113426 51.503919,-0.105344 51.515059", "From Waterloo Station 2, Waterloo to St. Bride Street, Holborn"
"LINESTRING (-0.112824 51.503791,-0.105344 51.515059", "From Waterloo Station 3, Waterloo to St. Bride Street, Holborn"
"LINESTRING (-0.12367 51.471433,-0.105344 51.515059", "From Clapham Road, Lingham Street, Stockwell to St. Bride Street, Holborn"
"LINESTRING (-0.097122 51.529423,-0.105344 51.515059", "From Macclesfield Rd, St Lukes to St. Bride Street, Holborn"
"LINESTRING (-0.112824 51.503791,-0.105344 51.515059", "From Waterloo Station 3, Waterloo to St. Bride Street, Holborn"
"LINESTRING (-0.07813 51.526377,-0.105344 51.515059", "From Shoreditch High Street, Shoreditch to St. Bride Street, Holborn"
"LINESTRING (-0.0985 51.51601,-0.105344 51.515059", "From King Edward Street, St Pauls to St. Bride Street, Holborn"
"LINESTRING (-0.098031 51.505224,-0.105344 51.515059", "From Lavington Street, Bankside to St. Bride Street, Holborn"
"LINESTRING (-0.13214 51.519572,-0.105344 51.515059", "From Store Street, Bloomsbury to St. Bride Street, Holborn"
"LINESTRING (-0.11258 51.473874,-0.105344 51.515059", "From Normandy Road, Stockwell to St. Bride Street, Holborn"
"LINESTRING (-0.087262 51.506304,-0.105344 51.515059", "From Duke Street Hill, London Bridge to St. Bride Street, Holborn"
"LINESTRING (-0.089659 51.52548,-0.105344 51.515059", "From Old Street Station, St. Luke's to St. Bride Street, Holborn"
"LINESTRING (-0.127854 51.517727,-0.105344 51.515059", "From Great Russell Street, Bloomsbury to St. Bride Street, Holborn"
"LINESTRING (-0.115533 51.504942,-0.105344 51.515059", "From Concert Hall Approach 2, South Bank to St. Bride Street, Holborn"
"LINESTRING (-0.058681 51.506946,-0.105344 51.515059", "From Reardon Street, Wapping to St. Bride Street, Holborn"
"LINESTRING (-0.165471 51.498884,-0.105344 51.515059", "From Montpelier Street, Knightsbridge to St. Bride Street, Holborn"
"LINESTRING (-0.199783 51.472817,-0.105344 51.515059", "From Parson's Green , Parson's Green to St. Bride Street, Holborn"
"LINESTRING (-0.098807 51.506725,-0.105344 51.515059", "From Tate Modern, Bankside to St. Bride Street, Holborn"
"LINESTRING (-0.174411 51.511933,-0.105344 51.515059", "From Bayswater Road, Hyde Park to St. Bride Street, Holborn"
"LINESTRING (-0.063471 51.497995,-0.105344 51.515059", "From Bermondsey Station, Bermondsey to St. Bride Street, Holborn"
"LINESTRING (-0.0786 51.500647,-0.105344 51.515059", "From Tanner Street, Bermondsey to St. Bride Street, Holborn"
"LINESTRING (-0.116542 51.504636,-0.105344 51.515059", "From Jubilee Gardens, South Bank to St. Bride Street, Holborn"
"LINESTRING (-0.130908 51.464995,-0.105344 51.515059", "From Gauden Road, Clapham to St. Bride Street, Holborn"
"LINESTRING (-0.16716 51.47518,-0.105344 51.515059", "From Surrey Lane, Battersea to St. Bride Street, Holborn"
"LINESTRING (-0.120718 51.511968,-0.105344 51.515059", "From Tavistock Street, Covent Garden to St. Bride Street, Holborn"
"LINESTRING (-0.130431 51.52168,-0.105344 51.515059", "From Malet Street, Bloomsbury to St. Bride Street, Holborn"
"LINESTRING (-0.083493 51.520955,-0.105344 51.515059", "From Pindar Street, Liverpool Street to St. Bride Street, Holborn"
"LINESTRING (-0.094934 51.522954,-0.105344 51.515059", "From Roscoe Street, St. Luke's to St. Bride Street, Holborn"
"LINESTRING (-0.113426 51.503919,-0.105344 51.515059", "From Waterloo Station 2, Waterloo to St. Bride Street, Holborn"
"LINESTRING (-0.117661 51.482678,-0.105344 51.515059", "From Ashmole Estate, Oval to St. Bride Street, Holborn"
"LINESTRING (-0.11258 51.473874,-0.105344 51.515059", "From Normandy Road, Stockwell to St. Bride Street, Holborn"
"LINESTRING (-0.085666 51.499075,-0.105344 51.515059", "From Long Lane , Bermondsey to St. Bride Street, Holborn"
"LINESTRING (-0.069542 51.512363,-0.105344 51.515059", "From Leman Street, Aldgate to St. Bride Street, Holborn"
"LINESTRING (-0.113426 51.503919,-0.105344 51.515059", "From Waterloo Station 2, Waterloo to St. Bride Street, Holborn"
"LINESTRING (-0.113864 51.504027,-0.105344 51.515059", "From Waterloo Station 1, Waterloo to St. Bride Street, Holborn"
"LINESTRING (-0.074189 51.502279,-0.105344 51.515059", "From Curlew Street, Shad Thames to St. Bride Street, Holborn"
"LINESTRING (-0.130504 51.526838,-0.105344 51.515059", "From Endsleigh Gardens, Euston to St. Bride Street, Holborn"
"LINESTRING (-0.121723 51.510701,-0.105344 51.515059", "From Southampton Street, Strand to St. Bride Street, Holborn"
"LINESTRING (-0.112824 51.503791,-0.105344 51.515059", "From Waterloo Station 3, Waterloo to St. Bride Street, Holborn"
"LINESTRING (-0.113001 51.50486,-0.105344 51.515059", "From Waterloo Road, South Bank to St. Bride Street, Holborn"
"LINESTRING (-0.14177 51.479501,-0.105344 51.515059", "From Battersea Park Road, Nine Elms to St. Bride Street, Holborn"
"LINESTRING (-0.091938 51.492807,-0.105344 51.515059", "From Victory Place, Walworth to St. Bride Street, Holborn"
"LINESTRING (-0.096518 51.491327,-0.105344 51.515059", "From Walworth Square, Walworth to St. Bride Street, Holborn"
"LINESTRING (-0.174411 51.511933,-0.105344 51.515059", "From Bayswater Road, Hyde Park to St. Bride Street, Holborn"
"LINESTRING (-0.112824 51.503791,-0.105344 51.515059", "From Waterloo Station 3, Waterloo to St. Bride Street, Holborn"
"LINESTRING (-0.113134 51.483145,-0.105344 51.515059", "From Kennington Oval, Oval to St. Bride Street, Holborn"
"LINESTRING (-0.058681 51.506946,-0.105344 51.515059", "From Reardon Street, Wapping to St. Bride Street, Holborn"
"LINESTRING (-0.112824 51.503791,-0.105344 51.515059", "From Waterloo Station 3, Waterloo to St. Bride Street, Holborn"
"LINESTRING (-0.085666 51.499075,-0.105344 51.515059", "From Long Lane , Bermondsey to St. Bride Street, Holborn"
"LINESTRING (-0.216526 51.460717,-0.202802 51.45682", "From Putney Rail Station, Putney to Mexfield Road, East Putney"
"LINESTRING (-0.150908 51.47505,-0.202802 51.45682", "From Alfreda Street, Battersea Park to Mexfield Road, East Putney"
"LINESTRING (-0.202802 51.45682,-0.202802 51.45682", "From Mexfield Road, East Putney to Mexfield Road, East Putney"
"LINESTRING (-0.216145 51.46161,-0.202802 51.45682", "From Disraeli Road, Putney to Mexfield Road, East Putney"
"LINESTRING (-0.183834 51.497924,-0.202802 51.45682", "From Gloucester Road (North), Kensington to Mexfield Road, East Putney"
"LINESTRING (-0.161765 51.487964,-0.212145 51.459715", "From Ormonde Gate, Chelsea to Upper Richmond Road, Putney"
"LINESTRING (-0.198735 51.46067,-0.212145 51.459715", "From Osiers Road, Wandsworth to Upper Richmond Road, Putney"
"LINESTRING (-0.198735 51.46067,-0.212145 51.459715", "From Osiers Road, Wandsworth to Upper Richmond Road, Putney"
"LINESTRING (-0.187427 51.460864,-0.212145 51.459715", "From Wandsworth Town Station, Wandsworth to Upper Richmond Road, Putney"
"LINESTRING (-0.189155 51.477292,-0.212145 51.459715", "From Michael Road, Walham Green to Upper Richmond Road, Putney"
"LINESTRING (-0.198735 51.46067,-0.212145 51.459715", "From Osiers Road, Wandsworth to Upper Richmond Road, Putney"
"LINESTRING (-0.216526 51.460717,-0.212145 51.459715", "From Putney Rail Station, Putney to Upper Richmond Road, Putney"
"LINESTRING (-0.200667 51.460951,-0.212145 51.459715", "From Northfields, Wandsworth to Upper Richmond Road, Putney"
"LINESTRING (-0.222293 51.501594,-0.212145 51.459715", "From Shepherd's Bush Road North, Shepherd's Bush to Upper Richmond Road, Putney"
"LINESTRING (-0.198735 51.46067,-0.212145 51.459715", "From Osiers Road, Wandsworth to Upper Richmond Road, Putney"
"LINESTRING (-0.200667 51.460951,-0.212145 51.459715", "From Northfields, Wandsworth to Upper Richmond Road, Putney"
"LINESTRING (-0.198735 51.46067,-0.212145 51.459715", "From Osiers Road, Wandsworth to Upper Richmond Road, Putney"
"LINESTRING (-0.212607 51.460792,-0.212145 51.459715", "From Oxford Road, Putney to Upper Richmond Road, Putney"
"LINESTRING (-0.189155 51.477292,-0.212145 51.459715", "From Michael Road, Walham Green to Upper Richmond Road, Putney"
"LINESTRING (-0.101536 51.49217,-0.083632 51.502153", "From Hampton Street, Walworth to Snowsfields, London Bridge"
"LINESTRING (-0.098497 51.503688,-0.083632 51.502153", "From Union Street, The Borough to Snowsfields, London Bridge"
"LINESTRING (-0.112432 51.526599,-0.083632 51.502153", "From Margery Street, Clerkenwell to Snowsfields, London Bridge"
"LINESTRING (-0.084985 51.509301,-0.083632 51.502153", "From Lower Thames Street, Monument to Snowsfields, London Bridge"
"LINESTRING (-0.091773 51.504627,-0.083632 51.502153", "From Hop Exchange, The Borough to Snowsfields, London Bridge"
"LINESTRING (-0.086685 51.517075,-0.083632 51.502153", "From Finsbury Circus, Liverpool Street to Snowsfields, London Bridge"
"LINESTRING (-0.081608 51.497855,-0.083632 51.502153", "From Bermondsey Street, Bermondsey to Snowsfields, London Bridge"
"LINESTRING (-0.094524 51.500694,-0.083632 51.502153", "From Borough High Street, The Borough to Snowsfields, London Bridge"
"LINESTRING (-0.084985 51.509301,-0.083632 51.502153", "From Lower Thames Street, Monument to Snowsfields, London Bridge"
"LINESTRING (-0.086685 51.517075,-0.083632 51.502153", "From Finsbury Circus, Liverpool Street to Snowsfields, London Bridge"
"LINESTRING (-0.077178 51.514449,-0.083632 51.502153", "From Houndsditch, Aldgate to Snowsfields, London Bridge"
"LINESTRING (-0.17524 51.48902,-0.083632 51.502153", "From South Parade, Chelsea to Snowsfields, London Bridge"
"LINESTRING (-0.119022 51.469202,-0.083632 51.502153", "From Sidney Road, Stockwell to Snowsfields, London Bridge"
"LINESTRING (-0.096317 51.526008,-0.083632 51.502153", "From Finsbury Leisure Centre, St. Luke's to Snowsfields, London Bridge"
"LINESTRING (-0.017676 51.503083,-0.083632 51.502153", "From Upper Bank Street, Canary Wharf to Snowsfields, London Bridge"
"LINESTRING (-0.081608 51.497855,-0.083632 51.502153", "From Bermondsey Street, Bermondsey to Snowsfields, London Bridge"
"LINESTRING (-0.09734 51.520841,-0.083632 51.502153", "From Aldersgate Street, Barbican to Snowsfields, London Bridge"
"LINESTRING (-0.10454 51.505461,-0.083632 51.502153", "From Blackfriars Road, Southwark to Snowsfields, London Bridge"
"LINESTRING (-0.068981 51.498585,-0.083632 51.502153", "From George Row, Bermondsey to Snowsfields, London Bridge"
"LINESTRING (-0.055846 51.499169,-0.083632 51.502153", "From Rotherhithe Roundabout, Rotherhithe to Snowsfields, London Bridge"
"LINESTRING (-0.162418 51.490083,-0.083632 51.502153", "From Royal Avenue 2, Chelsea to Snowsfields, London Bridge"
"LINESTRING (-0.083632 51.502153,-0.083632 51.502153", "From Snowsfields, London Bridge to Snowsfields, London Bridge"
"LINESTRING (-0.096191 51.498597,-0.083632 51.502153", "From Harper Road, The Borough to Snowsfields, London Bridge"
"LINESTRING (-0.068981 51.498585,-0.083632 51.502153", "From George Row, Bermondsey to Snowsfields, London Bridge"
"LINESTRING (-0.124826 51.516226,-0.083632 51.502153", "From High Holborn , Covent Garden to Snowsfields, London Bridge"
"LINESTRING (-0.110699 51.501444,-0.083632 51.502153", "From Baylis Road, Waterloo to Snowsfields, London Bridge"
"LINESTRING (-0.04915 51.498439,-0.083632 51.502153", "From Canada Water Station, Rotherhithe to Snowsfields, London Bridge"
"LINESTRING (-0.132845 51.489975,-0.083632 51.502153", "From Rampayne Street, Pimlico to Snowsfields, London Bridge"
"LINESTRING (-0.084985 51.509301,-0.083632 51.502153", "From Lower Thames Street, Monument to Snowsfields, London Bridge"
"LINESTRING (-0.069542 51.512363,-0.083632 51.502153", "From Leman Street, Aldgate to Snowsfields, London Bridge"
"LINESTRING (-0.090847 51.525893,-0.083632 51.502153", "From Bath Street, St. Luke's to Snowsfields, London Bridge"
"LINESTRING (-0.068981 51.498585,-0.083632 51.502153", "From George Row, Bermondsey to Snowsfields, London Bridge"
"LINESTRING (-0.062697 51.518154,-0.083632 51.502153", "From New Road 1 , Whitechapel to Snowsfields, London Bridge"
"LINESTRING (-0.103078 51.511934,-0.083632 51.502153", "From Blackfriars Station, St. Paul's to Snowsfields, London Bridge"
"LINESTRING (-0.10044 51.498898,-0.083632 51.502153", "From Borough Road, Elephant & Castle to Snowsfields, London Bridge"
"LINESTRING (-0.084985 51.509301,-0.083632 51.502153", "From Lower Thames Street, Monument to Snowsfields, London Bridge"
"LINESTRING (-0.04915 51.498439,-0.083632 51.502153", "From Canada Water Station, Rotherhithe to Snowsfields, London Bridge"
"LINESTRING (-0.082422 51.516154,-0.083632 51.502153", "From Wormwood Street, Liverpool Street to Snowsfields, London Bridge"
"LINESTRING (-0.102996 51.486929,-0.083632 51.502153", "From Doddington Grove, Kennington to Snowsfields, London Bridge"
"LINESTRING (-0.073537 51.514233,-0.083632 51.502153", "From Braham Street, Aldgate to Snowsfields, London Bridge"
"LINESTRING (-0.084439 51.524696,-0.083632 51.502153", "From Leonard Circus , Shoreditch to Snowsfields, London Bridge"
"LINESTRING (-0.079608 51.521668,-0.083632 51.502153", "From Worship Street, Shoreditch to Snowsfields, London Bridge"
"LINESTRING (-0.067937 51.51793,-0.083632 51.502153", "From Old Montague Street, Whitechapel to Snowsfields, London Bridge"
"LINESTRING (-0.149004 51.485821,-0.083632 51.502153", "From Chelsea Bridge, Pimlico to Snowsfields, London Bridge"
"LINESTRING (-0.121723 51.510701,-0.083632 51.502153", "From Southampton Street, Strand to Snowsfields, London Bridge"
"LINESTRING (-0.04915 51.498439,-0.083632 51.502153", "From Canada Water Station, Rotherhithe to Snowsfields, London Bridge"
"LINESTRING (-0.055846 51.499169,-0.083632 51.502153", "From Rotherhithe Roundabout, Rotherhithe to Snowsfields, London Bridge"
"LINESTRING (-0.09022 51.491484,-0.083632 51.502153", "From Rodney Road , Walworth to Snowsfields, London Bridge"
"LINESTRING (-0.114934 51.49288,-0.083632 51.502153", "From Lollard Street, Vauxhall to Snowsfields, London Bridge"
"LINESTRING (-0.074754 51.523648,-0.083632 51.502153", "From Bethnal Green Road, Shoreditch to Snowsfields, London Bridge"
"LINESTRING (-0.083632 51.502153,-0.083632 51.502153", "From Snowsfields, London Bridge to Snowsfields, London Bridge"
"LINESTRING (-0.089887 51.520858,-0.083632 51.502153", "From Bunhill Row, Moorgate to Snowsfields, London Bridge"
"LINESTRING (-0.084985 51.509301,-0.083632 51.502153", "From Lower Thames Street, Monument to Snowsfields, London Bridge"
"LINESTRING (-0.065006 51.508622,-0.083632 51.502153", "From Pennington Street, Wapping to Snowsfields, London Bridge"
"LINESTRING (-0.130504 51.526838,-0.083632 51.502153", "From Endsleigh Gardens, Euston to Snowsfields, London Bridge"
"LINESTRING (-0.106323 51.490757,-0.083632 51.502153", "From Cotton Garden Estate, Kennington to Snowsfields, London Bridge"
"LINESTRING (-0.079249 51.518908,-0.083632 51.502153", "From Brushfield Street, Liverpool Street to Snowsfields, London Bridge"
"LINESTRING (-0.09022 51.491484,-0.083632 51.502153", "From Rodney Road , Walworth to Snowsfields, London Bridge"
"LINESTRING (-0.069542 51.512363,-0.083632 51.502153", "From Leman Street, Aldgate to Snowsfields, London Bridge"
"LINESTRING (-0.04915 51.498439,-0.083632 51.502153", "From Canada Water Station, Rotherhithe to Snowsfields, London Bridge"
"LINESTRING (-0.111471 51.479601,-0.083632 51.502153", "From Cranmer Road, Stockwell to Snowsfields, London Bridge"
"LINESTRING (-0.223852 51.483732,-0.215087 51.490217", "From Rainville Road, Hammersmith to Barons Court Station, West Kensington"
"LINESTRING (-0.215087 51.490217,-0.215087 51.490217", "From Barons Court Station, West Kensington to Barons Court Station, West Kensington"
"LINESTRING (-0.219346 51.482944,-0.215087 51.490217", "From Crabtree Lane, Fulham to Barons Court Station, West Kensington"
"LINESTRING (-0.186753 51.491615,-0.215087 51.490217", "From Collingham Gardens, Earl's Court to Barons Court Station, West Kensington"
"LINESTRING (-0.204815 51.484386,-0.215087 51.490217", "From Normand Park, West Kensington to Barons Court Station, West Kensington"
"LINESTRING (-0.216305 51.483356,-0.215087 51.490217", "From Everington Street, Fulham to Barons Court Station, West Kensington"
"LINESTRING (-0.214428 51.486062,-0.215087 51.490217", "From Greyhound Road, Hammersmith to Barons Court Station, West Kensington"
"LINESTRING (-0.217995 51.487285,-0.215087 51.490217", "From Charing Cross Hospital, Hammersmith to Barons Court Station, West Kensington"
"LINESTRING (-0.217995 51.487285,-0.215087 51.490217", "From Charing Cross Hospital, Hammersmith to Barons Court Station, West Kensington"
"LINESTRING (-0.2135 51.496927,-0.215087 51.490217", "From Blythe Road, Olympia to Barons Court Station, West Kensington"
"LINESTRING (-0.223616 51.485743,-0.215087 51.490217", "From Manbre Road, Hammersmith to Barons Court Station, West Kensington"
"LINESTRING (-0.215895 51.476885,-0.215087 51.490217", "From Finlay Street, Fulham to Barons Court Station, West Kensington"
"LINESTRING (-0.207842 51.471079,-0.215087 51.490217", "From Elysium Place, Fulham to Barons Court Station, West Kensington"
"LINESTRING (-0.158264 51.514577,-0.215087 51.490217", "From Old Quebec Street, Marylebone to Barons Court Station, West Kensington"
"LINESTRING (-0.209494 51.498157,-0.215087 51.490217", "From Kensington Olympia Station, Olympia to Barons Court Station, West Kensington"
"LINESTRING (-0.21186 51.483217,-0.215087 51.490217", "From Humbolt Road, Fulham to Barons Court Station, West Kensington"
"LINESTRING (-0.216305 51.483356,-0.215087 51.490217", "From Everington Street, Fulham to Barons Court Station, West Kensington"
"LINESTRING (-0.208485 51.478939,-0.215087 51.490217", "From St. Peter's Terrace, Fulham to Barons Court Station, West Kensington"
"LINESTRING (-0.214428 51.486062,-0.215087 51.490217", "From Greyhound Road, Hammersmith to Barons Court Station, West Kensington"
"LINESTRING (-0.216305 51.483356,-0.215087 51.490217", "From Everington Street, Fulham to Barons Court Station, West Kensington"
"LINESTRING (-0.223852 51.483732,-0.215087 51.490217", "From Rainville Road, Hammersmith to Barons Court Station, West Kensington"
"LINESTRING (-0.215895 51.476885,-0.215087 51.490217", "From Finlay Street, Fulham to Barons Court Station, West Kensington"
"LINESTRING (-0.216305 51.483356,-0.215087 51.490217", "From Everington Street, Fulham to Barons Court Station, West Kensington"
"LINESTRING (-0.123509 51.52625,-0.215087 51.490217", "From Tavistock Place, Bloomsbury to Barons Court Station, West Kensington"
"LINESTRING (-0.223852 51.483732,-0.215087 51.490217", "From Rainville Road, Hammersmith to Barons Court Station, West Kensington"
"LINESTRING (-0.21186 51.483217,-0.215087 51.490217", "From Humbolt Road, Fulham to Barons Court Station, West Kensington"
"LINESTRING (-0.21186 51.483217,-0.215087 51.490217", "From Humbolt Road, Fulham to Barons Court Station, West Kensington"
"LINESTRING (-0.209973 51.481021,-0.215087 51.490217", "From Aintree Street, Fulham to Barons Court Station, West Kensington"
"LINESTRING (-0.219346 51.482944,-0.215087 51.490217", "From Crabtree Lane, Fulham to Barons Court Station, West Kensington"
"LINESTRING (-0.209378 51.489591,-0.215087 51.490217", "From Vereker Road, West Kensington to Barons Court Station, West Kensington"
"LINESTRING (-0.223616 51.485743,-0.215087 51.490217", "From Manbre Road, Hammersmith to Barons Court Station, West Kensington"
"LINESTRING (-0.215895 51.476885,-0.215087 51.490217", "From Finlay Street, Fulham to Barons Court Station, West Kensington"
"LINESTRING (-0.217995 51.487285,-0.215087 51.490217", "From Charing Cross Hospital, Hammersmith to Barons Court Station, West Kensington"
"LINESTRING (-0.21186 51.483217,-0.215087 51.490217", "From Humbolt Road, Fulham to Barons Court Station, West Kensington"
"LINESTRING (-0.209973 51.481021,-0.215087 51.490217", "From Aintree Street, Fulham to Barons Court Station, West Kensington"
"LINESTRING (-0.130699 51.50777,-0.215087 51.490217", "From Pall Mall East, West End to Barons Court Station, West Kensington"
"LINESTRING (-0.195455 51.500401,-0.215087 51.490217", "From Argyll Road, Kensington to Barons Court Station, West Kensington"
"LINESTRING (-0.219346 51.482944,-0.215087 51.490217", "From Crabtree Lane, Fulham to Barons Court Station, West Kensington"
"LINESTRING (-0.21186 51.483217,-0.215087 51.490217", "From Humbolt Road, Fulham to Barons Court Station, West Kensington"
"LINESTRING (-0.214428 51.486062,-0.215087 51.490217", "From Greyhound Road, Hammersmith to Barons Court Station, West Kensington"
"LINESTRING (-0.222456 51.488144,-0.215087 51.490217", "From Beryl Road, Hammersmith to Barons Court Station, West Kensington"
"LINESTRING (-0.215895 51.476885,-0.215087 51.490217", "From Finlay Street, Fulham to Barons Court Station, West Kensington"
"LINESTRING (-0.208485 51.478939,-0.215087 51.490217", "From St. Peter's Terrace, Fulham to Barons Court Station, West Kensington"
"LINESTRING (-0.197574 51.499606,-0.215087 51.490217", "From Phillimore Gardens, Kensington to Barons Court Station, West Kensington"
"LINESTRING (-0.208485 51.478939,-0.215087 51.490217", "From St. Peter's Terrace, Fulham to Barons Court Station, West Kensington"
"LINESTRING (-0.223616 51.485743,-0.215087 51.490217", "From Manbre Road, Hammersmith to Barons Court Station, West Kensington"
"LINESTRING (-0.223616 51.485743,-0.215087 51.490217", "From Manbre Road, Hammersmith to Barons Court Station, West Kensington"
"LINESTRING (-0.20624 51.461999,-0.216145 51.46161", "From Putney Bridge Road, East Putney to Disraeli Road, Putney"
"LINESTRING (-0.159237 51.501855,-0.216145 51.46161", "From Seville Street, Knightsbridge to Disraeli Road, Putney"
"LINESTRING (-0.182435 51.478169,-0.216145 51.46161", "From Upcerne Road, West Chelsea to Disraeli Road, Putney"
"LINESTRING (-0.138733 51.496753,-0.216145 51.46161", "From Howick Place, Westminster to Disraeli Road, Putney"
"LINESTRING (-0.21985 51.493267,-0.216145 51.46161", "From Hammersmith Road, Hammersmith to Disraeli Road, Putney"
"LINESTRING (-0.200806 51.457059,-0.216145 51.46161", "From Santos Road, Wandsworth to Disraeli Road, Putney"
"LINESTRING (-0.211468 51.462312,-0.216145 51.46161", "From Esmond Street, Putney to Disraeli Road, Putney"
"LINESTRING (-0.194116 51.479932,-0.216145 51.46161", "From Fulham Broadway, Walham Green to Disraeli Road, Putney"
"LINESTRING (-0.216145 51.46161,-0.216145 51.46161", "From Disraeli Road, Putney to Disraeli Road, Putney"
"LINESTRING (-0.212607 51.460792,-0.216145 51.46161", "From Oxford Road, Putney to Disraeli Road, Putney"
"LINESTRING (-0.179369 51.487196,-0.216145 51.46161", "From Drayton Gardens, West Chelsea to Disraeli Road, Putney"
"LINESTRING (-0.182435 51.478169,-0.216145 51.46161", "From Upcerne Road, West Chelsea to Disraeli Road, Putney"
"LINESTRING (-0.180389 51.46517,-0.216145 51.46161", "From Hibbert Street, Battersea to Disraeli Road, Putney"
"LINESTRING (-0.193254 51.476259,-0.216145 51.46161", "From Eel Brook Common, Walham Green to Disraeli Road, Putney"
"LINESTRING (-0.179135 51.516417,-0.21555 51.463211", "From Eastbourne Mews, Paddington to Montserrat Road , Putney"
"LINESTRING (-0.187278 51.475142,-0.21555 51.463211", "From Imperial Road, Sands End to Montserrat Road , Putney"
"LINESTRING (-0.195777 51.479463,-0.21555 51.463211", "From Erin Close, Walham Green to Montserrat Road , Putney"
"LINESTRING (-0.236769 51.494223,-0.21555 51.463211", "From Ravenscourt Park Station, Hammersmith to Montserrat Road , Putney"
"LINESTRING (-0.236769 51.494223,-0.21555 51.463211", "From Ravenscourt Park Station, Hammersmith to Montserrat Road , Putney"
"LINESTRING (-0.21985 51.493267,-0.21555 51.463211", "From Hammersmith Road, Hammersmith to Montserrat Road , Putney"
"LINESTRING (-0.194116 51.479932,-0.21555 51.463211", "From Fulham Broadway, Walham Green to Montserrat Road , Putney"
"LINESTRING (-0.216526 51.460717,-0.21555 51.463211", "From Putney Rail Station, Putney to Montserrat Road , Putney"
"LINESTRING (-0.164393 51.516517,-0.21555 51.463211", "From Nutford Place, Marylebone to Montserrat Road , Putney"
"LINESTRING (-0.212607 51.460792,-0.21555 51.463211", "From Oxford Road, Putney to Montserrat Road , Putney"
"LINESTRING (-0.212607 51.460792,-0.21555 51.463211", "From Oxford Road, Putney to Montserrat Road , Putney"
"LINESTRING (-0.223852 51.483732,-0.21555 51.463211", "From Rainville Road, Hammersmith to Montserrat Road , Putney"
"LINESTRING (-0.201968 51.475089,-0.21555 51.463211", "From Parsons Green Station, Parsons Green to Montserrat Road , Putney"
"LINESTRING (-0.216305 51.483356,-0.21555 51.463211", "From Everington Street, Fulham to Montserrat Road , Putney"
"LINESTRING (-0.156876 51.49313,-0.163347 51.474392", "From Sedding Street, Sloane Square to Albert Bridge Road, Battersea Park"
"LINESTRING (-0.147449 51.509351,-0.163347 51.474392", "From Farm Street, Mayfair to Albert Bridge Road, Battersea Park"
"LINESTRING (-0.13011 51.513527,-0.163347 51.474392", "From Moor Street, Soho to Albert Bridge Road, Battersea Park"
"LINESTRING (-0.201005 51.51787,-0.163347 51.474392", "From Westbourne Park Road, Portobello to Albert Bridge Road, Battersea Park"
"LINESTRING (-0.147857 51.477966,-0.163347 51.474392", "From Gas Holders, Battersea Park to Albert Bridge Road, Battersea Park"
"LINESTRING (-0.16375 51.465064,-0.163347 51.474392", "From Dorothy Road, Clapham Junction to Albert Bridge Road, Battersea Park"
"LINESTRING (-0.147478 51.492369,-0.163347 51.474392", "From Elizabeth Bridge, Victoria to Albert Bridge Road, Battersea Park"
"LINESTRING (-0.210941 51.504199,-0.163347 51.474392", "From Addison Road, Holland Park to Albert Bridge Road, Battersea Park"
"LINESTRING (-0.138089 51.484839,-0.163347 51.474392", "From Claverton Street, Pimlico to Albert Bridge Road, Battersea Park"
"LINESTRING (-0.169821 51.466633,-0.163347 51.474392", "From Falcon Road, Clapham Junction to Albert Bridge Road, Battersea Park"
"LINESTRING (-0.147857 51.477966,-0.163347 51.474392", "From Gas Holders, Battersea Park to Albert Bridge Road, Battersea Park"
"LINESTRING (-0.190346 51.46822,-0.163347 51.474392", "From Stephendale Road, Sands End to Albert Bridge Road, Battersea Park"
"LINESTRING (-0.159322 51.461343,-0.163347 51.474392", "From Clapham Common North Side, Clapham Common to Albert Bridge Road, Battersea Park"
"LINESTRING (-0.156876 51.49313,-0.163347 51.474392", "From Sedding Street, Sloane Square to Albert Bridge Road, Battersea Park"
"LINESTRING (-0.161203 51.496886,-0.163347 51.474392", "From Pont Street, Knightsbridge to Albert Bridge Road, Battersea Park"
"LINESTRING (-0.194116 51.479932,-0.163347 51.474392", "From Fulham Broadway, Walham Green to Albert Bridge Road, Battersea Park"
"LINESTRING (-0.172078 51.482567,-0.163347 51.474392", "From Danvers Street, West Chelsea to Albert Bridge Road, Battersea Park"
"LINESTRING (-0.147857 51.477966,-0.163347 51.474392", "From Gas Holders, Battersea Park to Albert Bridge Road, Battersea Park"
"LINESTRING (-0.147857 51.477966,-0.163347 51.474392", "From Gas Holders, Battersea Park to Albert Bridge Road, Battersea Park"
"LINESTRING (-0.142844 51.506613,-0.163347 51.474392", "From Green Park Station, Mayfair to Albert Bridge Road, Battersea Park"
"LINESTRING (-0.156876 51.49313,-0.163347 51.474392", "From Sedding Street, Sloane Square to Albert Bridge Road, Battersea Park"
"LINESTRING (-0.156876 51.49313,-0.163347 51.474392", "From Sedding Street, Sloane Square to Albert Bridge Road, Battersea Park"
"LINESTRING (-0.117774 51.513875,-0.163347 51.474392", "From Kingsway Southbound, Strand to Albert Bridge Road, Battersea Park"
"LINESTRING (-0.135635 51.488226,-0.163347 51.474392", "From St. George's Square, Pimlico to Albert Bridge Road, Battersea Park"
"LINESTRING (-0.147857 51.477966,-0.163347 51.474392", "From Gas Holders, Battersea Park to Albert Bridge Road, Battersea Park"
"LINESTRING (-0.201968 51.475089,-0.163347 51.474392", "From Parsons Green Station, Parsons Green to Albert Bridge Road, Battersea Park"
"LINESTRING (-0.174971 51.485121,-0.163347 51.474392", "From The Vale, Chelsea to Albert Bridge Road, Battersea Park"
"LINESTRING (-0.109006 51.521661,-0.163347 51.474392", "From Hatton Wall, Holborn to Albert Bridge Road, Battersea Park"
"LINESTRING (-0.156876 51.49313,-0.163347 51.474392", "From Sedding Street, Sloane Square to Albert Bridge Road, Battersea Park"
"LINESTRING (-0.173029 51.464894,-0.163347 51.474392", "From Grant Road East, Clapham Junction to Albert Bridge Road, Battersea Park"
"LINESTRING (-0.215087 51.490217,-0.216305 51.483356", "From Barons Court Station, West Kensington to Everington Street, Fulham"
"LINESTRING (-0.215087 51.490217,-0.216305 51.483356", "From Barons Court Station, West Kensington to Everington Street, Fulham"
"LINESTRING (-0.21186 51.483217,-0.216305 51.483356", "From Humbolt Road, Fulham to Everington Street, Fulham"
"LINESTRING (-0.224103 51.509158,-0.216305 51.483356", "From Westfield Ariel Way, White City to Everington Street, Fulham"
"LINESTRING (-0.215087 51.490217,-0.216305 51.483356", "From Barons Court Station, West Kensington to Everington Street, Fulham"
"LINESTRING (-0.179077 51.495592,-0.216305 51.483356", "From Natural History Museum, South Kensington to Everington Street, Fulham"
"LINESTRING (-0.206029 51.49087,-0.216305 51.483356", "From West Kensington Station, West Kensington to Everington Street, Fulham"
"LINESTRING (-0.215087 51.490217,-0.216305 51.483356", "From Barons Court Station, West Kensington to Everington Street, Fulham"
"LINESTRING (-0.183834 51.497924,-0.216305 51.483356", "From Gloucester Road (North), Kensington to Everington Street, Fulham"
"LINESTRING (-0.147624 51.49395,-0.216305 51.483356", "From Eccleston Place, Victoria to Everington Street, Fulham"
"LINESTRING (-0.193254 51.476259,-0.216305 51.483356", "From Eel Brook Common, Walham Green to Everington Street, Fulham"
"LINESTRING (-0.21985 51.493267,-0.216305 51.483356", "From Hammersmith Road, Hammersmith to Everington Street, Fulham"
"LINESTRING (-0.185296 51.495362,-0.216305 51.483356", "From Emperor's Gate, South Kensington to Everington Street, Fulham"
"LINESTRING (-0.183853 51.480898,-0.216305 51.483356", "From Thorndike Close, West Chelsea to Everington Street, Fulham"
"LINESTRING (-0.215087 51.490217,-0.216305 51.483356", "From Barons Court Station, West Kensington to Everington Street, Fulham"
"LINESTRING (-0.216016 51.509224,-0.216305 51.483356", "From Rifle Place, Avondale to Everington Street, Fulham"
"LINESTRING (-0.201968 51.475089,-0.216305 51.483356", "From Parsons Green Station, Parsons Green to Everington Street, Fulham"
"LINESTRING (-0.20782 51.473471,-0.216305 51.483356", "From Fulham Park Road, Fulham to Everington Street, Fulham"
"LINESTRING (-0.149551 51.477619,-0.216305 51.483356", "From Queen's Circus, Battersea Park to Everington Street, Fulham"
"LINESTRING (-0.229116 51.492084,-0.216305 51.483356", "From Bridge Avenue, Hammersmith to Everington Street, Fulham"
"LINESTRING (-0.183853 51.480898,-0.216305 51.483356", "From Thorndike Close, West Chelsea to Everington Street, Fulham"
"LINESTRING (-0.173693 51.495948,-0.216305 51.483356", "From Exhibition Road Museums 2, South Kensington to Everington Street, Fulham"
"LINESTRING (-0.049067 51.51563,-0.034903 51.518541", "From Aylward Street, Stepney to Mile End Stadium, Mile End"
"LINESTRING (-0.057544 51.504749,-0.034903 51.518541", "From Wapping Lane, Wapping to Mile End Stadium, Mile End"
"LINESTRING (-0.015578 51.52512,-0.034903 51.518541", "From Devons Road, Bow to Mile End Stadium, Mile End"
"LINESTRING (-0.070133 51.515231,-0.034903 51.518541", "From Central House, Whitechapel to Mile End Stadium, Mile End"
"LINESTRING (-0.066078 51.514924,-0.034903 51.518541", "From LMU Commercial Road, Whitechapel to Mile End Stadium, Mile End"
"LINESTRING (-0.027772 51.505703,-0.034903 51.518541", "From Westferry Circus, Canary Wharf to Mile End Stadium, Mile End"
"LINESTRING (-0.038986 51.512871,-0.034903 51.518541", "From Flamborough Street, Limehouse to Mile End Stadium, Mile End"
"LINESTRING (-0.047548 51.528869,-0.034903 51.518541", "From Globe Town Market, Bethnal Green to Mile End Stadium, Mile End"
"LINESTRING (-0.062697 51.518154,-0.034903 51.518541", "From New Road 1 , Whitechapel to Mile End Stadium, Mile End"
"LINESTRING (-0.054162 51.536424,-0.034903 51.518541", "From Victoria Park Road, Hackney Central to Mile End Stadium, Mile End"
"LINESTRING (-0.015578 51.52512,-0.034903 51.518541", "From Devons Road, Bow to Mile End Stadium, Mile End"
"LINESTRING (-0.054883 51.522561,-0.034903 51.518541", "From Cephas Street, Bethnal Green to Mile End Stadium, Mile End"
"LINESTRING (-0.071653 51.522617,-0.034903 51.518541", "From Brick Lane Market, Shoreditch to Mile End Stadium, Mile End"
"LINESTRING (-0.05438 51.520019,-0.034903 51.518541", "From Ansell House, Stepney to Mile End Stadium, Mile End"
"LINESTRING (-0.047548 51.528869,-0.034903 51.518541", "From Globe Town Market, Bethnal Green to Mile End Stadium, Mile End"
"LINESTRING (-0.04667 51.521889,-0.034903 51.518541", "From Stepney Green Station, Stepney to Mile End Stadium, Mile End"
"LINESTRING (-0.038557 51.541515,-0.034903 51.518541", "From Gascoyne Road, Victoria Park to Mile End Stadium, Mile End"
"LINESTRING (-0.032267 51.525501,-0.034903 51.518541", "From Maplin Street, Mile End to Mile End Stadium, Mile End"
"LINESTRING (-0.014438 51.5112,-0.034903 51.518541", "From Chrisp Street Market, Poplar to Mile End Stadium, Mile End"
"LINESTRING (-0.123616 51.529943,-0.14326 51.541007", "From Belgrove Street , King's Cross to Hawley Crescent, Camden Town"
"LINESTRING (-0.109914 51.531666,-0.14326 51.541007", "From Claremont Square, Angel to Hawley Crescent, Camden Town"
"LINESTRING (-0.138853 51.541603,-0.14326 51.541007", "From Bonny Street, Camden Town to Hawley Crescent, Camden Town"
"LINESTRING (-0.158963 51.524517,-0.14326 51.541007", "From Park Road (Baker Street), The Regent's Park to Hawley Crescent, Camden Town"
"LINESTRING (-0.13225 51.528833,-0.14326 51.541007", "From Doric Way , Somers Town to Hawley Crescent, Camden Town"
"LINESTRING (-0.125078 51.534667,-0.14326 51.541007", "From Good's Way, King's Cross to Hawley Crescent, Camden Town"
"LINESTRING (-0.138019 51.524438,-0.14326 51.541007", "From Warren Street Station, Euston to Hawley Crescent, Camden Town"
"LINESTRING (-0.119558 51.528279,-0.14326 51.541007", "From Cromer Street, Bloomsbury to Hawley Crescent, Camden Town"
"LINESTRING (-0.154701 51.520583,-0.14326 51.541007", "From Paddington Street, Marylebone to Hawley Crescent, Camden Town"
"LINESTRING (-0.143495 51.509992,-0.14326 51.541007", "From Grafton Street, Mayfair to Hawley Crescent, Camden Town"
"LINESTRING (-0.109914 51.531666,-0.14326 51.541007", "From Claremont Square, Angel to Hawley Crescent, Camden Town"
"LINESTRING (-0.147857 51.477966,-0.137235 51.473116", "From Gas Holders, Battersea Park to Stewart's Road, Wandsworth Road"
"LINESTRING (-0.165471 51.498884,-0.137235 51.473116", "From Montpelier Street, Knightsbridge to Stewart's Road, Wandsworth Road"
"LINESTRING (-0.14177 51.479501,-0.137235 51.473116", "From Battersea Park Road, Nine Elms to Stewart's Road, Wandsworth Road"
"LINESTRING (-0.165471 51.498884,-0.137235 51.473116", "From Montpelier Street, Knightsbridge to Stewart's Road, Wandsworth Road"
"LINESTRING (-0.156876 51.49313,-0.137235 51.473116", "From Sedding Street, Sloane Square to Stewart's Road, Wandsworth Road"
"LINESTRING (-0.122831 51.472509,-0.137235 51.473116", "From Binfield Road, Stockwell to Stewart's Road, Wandsworth Road"
"LINESTRING (-0.140741 51.488057,-0.137235 51.473116", "From Alderney Street, Pimlico to Stewart's Road, Wandsworth Road"
"LINESTRING (-0.167894 51.493184,-0.137235 51.473116", "From Sloane Avenue, Knightsbridge to Stewart's Road, Wandsworth Road"
"LINESTRING (-0.147857 51.477966,-0.137235 51.473116", "From Gas Holders, Battersea Park to Stewart's Road, Wandsworth Road"
"LINESTRING (-0.14177 51.479501,-0.137235 51.473116", "From Battersea Park Road, Nine Elms to Stewart's Road, Wandsworth Road"
"LINESTRING (-0.14177 51.479501,-0.137235 51.473116", "From Battersea Park Road, Nine Elms to Stewart's Road, Wandsworth Road"
"LINESTRING (-0.122831 51.472509,-0.137235 51.473116", "From Binfield Road, Stockwell to Stewart's Road, Wandsworth Road"
"LINESTRING (-0.206029 51.49087,-0.137235 51.473116", "From West Kensington Station, West Kensington to Stewart's Road, Wandsworth Road"
"LINESTRING (-0.147857 51.477966,-0.137235 51.473116", "From Gas Holders, Battersea Park to Stewart's Road, Wandsworth Road"
"LINESTRING (-0.162727 51.489932,-0.137235 51.473116", "From Royal Avenue 1, Chelsea to Stewart's Road, Wandsworth Road"
"LINESTRING (-0.058631 51.524583,-0.049067 51.51563", "From Finnis Street, Bethnal Green to Aylward Street, Stepney"
"LINESTRING (-0.055312 51.52568,-0.049067 51.51563", "From Bethnal Green Garden, Bethnal Green to Aylward Street, Stepney"
"LINESTRING (-0.04667 51.521889,-0.049067 51.51563", "From Stepney Green Station, Stepney to Aylward Street, Stepney"
"LINESTRING (-0.029138 51.516196,-0.049067 51.51563", "From Burdett Road, Mile End to Aylward Street, Stepney"
"LINESTRING (-0.038986 51.512871,-0.049067 51.51563", "From Flamborough Street, Limehouse to Aylward Street, Stepney"
"LINESTRING (-0.06142 51.532091,-0.049067 51.51563", "From Pritchard's Road, Bethnal Green to Aylward Street, Stepney"
"LINESTRING (-0.05438 51.520019,-0.049067 51.51563", "From Ansell House, Stepney to Aylward Street, Stepney"
"LINESTRING (-0.029138 51.516196,-0.049067 51.51563", "From Burdett Road, Mile End to Aylward Street, Stepney"
"LINESTRING (-0.032267 51.525501,-0.023565 51.515427", "From Maplin Street, Mile End to Stainsby Road , Poplar"
"LINESTRING (-0.020068 51.50357,-0.023565 51.515427", "From Jubilee Plaza, Canary Wharf to Stainsby Road , Poplar"
"LINESTRING (-0.00699 51.508981,-0.023565 51.515427", "From Naval Row, Blackwall to Stainsby Road , Poplar"
"LINESTRING (-0.025996 51.509303,-0.023565 51.515427", "From Westferry DLR, Limehouse to Stainsby Road , Poplar"
"LINESTRING (-0.0985 51.51601,-0.023565 51.515427", "From King Edward Street, St Pauls to Stainsby Road , Poplar"
"LINESTRING (-0.023565 51.515427,-0.023565 51.515427", "From Stainsby Road , Poplar to Stainsby Road , Poplar"
"LINESTRING (-0.005659 51.513548,-0.023565 51.515427", "From Aberfeldy Street, Poplar to Stainsby Road , Poplar"
"LINESTRING (-0.025996 51.509303,-0.023565 51.515427", "From Westferry DLR, Limehouse to Stainsby Road , Poplar"
"LINESTRING (-0.01646 51.505772,-0.023565 51.515427", "From Import Dock, Canary Wharf to Stainsby Road , Poplar"
"LINESTRING (-0.07962 51.503493,-0.023565 51.515427", "From Tooley Street, Bermondsey to Stainsby Road , Poplar"
"LINESTRING (-0.032267 51.525501,-0.023565 51.515427", "From Maplin Street, Mile End to Stainsby Road , Poplar"
"LINESTRING (-0.019355 51.496137,-0.023565 51.515427", "From Millharbour, Millwall to Stainsby Road , Poplar"
"LINESTRING (-0.083353 51.529537,-0.075885 51.536585", "From Fanshaw Street, Hoxton to Dunston Road , Haggerston"
"LINESTRING (-0.020157 51.499041,-0.075885 51.536585", "From Lightermans Road, Millwall to Dunston Road , Haggerston"
"LINESTRING (-0.06142 51.532091,-0.075885 51.536585", "From Pritchard's Road, Bethnal Green to Dunston Road , Haggerston"
"LINESTRING (-0.131161 51.52505,-0.075885 51.536585", "From Taviton Street, Bloomsbury to Dunston Road , Haggerston"
"LINESTRING (-0.09315 51.53356,-0.075885 51.536585", "From Eagle Wharf Road, Hoxton to Dunston Road , Haggerston"
"LINESTRING (-0.078505 51.53095,-0.075885 51.536585", "From Falkirk Street, Hoxton to Dunston Road , Haggerston"
"LINESTRING (-0.06992 51.53385,-0.075885 51.536585", "From Queensbridge Road, Haggerston to Dunston Road , Haggerston"
"LINESTRING (-0.116542 51.504636,-0.075885 51.536585", "From Jubilee Gardens, South Bank to Dunston Road , Haggerston"
"LINESTRING (-0.07813 51.526377,-0.075885 51.536585", "From Shoreditch High Street, Shoreditch to Dunston Road , Haggerston"
"LINESTRING (-0.058005 51.527152,-0.075885 51.536585", "From Pott Street, Bethnal Green to Dunston Road , Haggerston"
"LINESTRING (-0.06555 51.528681,-0.075885 51.536585", "From Durant Street, Bethnal Green to Dunston Road , Haggerston"
"LINESTRING (-0.074754 51.523648,-0.075885 51.536585", "From Bethnal Green Road, Shoreditch to Dunston Road , Haggerston"
"LINESTRING (-0.078869 51.521113,-0.075885 51.536585", "From Norton Folgate, Liverpool Street to Dunston Road , Haggerston"
"LINESTRING (-0.116542 51.504636,-0.075885 51.536585", "From Jubilee Gardens, South Bank to Dunston Road , Haggerston"
"LINESTRING (-0.089887 51.520858,-0.075885 51.536585", "From Bunhill Row, Moorgate to Dunston Road , Haggerston"
"LINESTRING (-0.01051 51.54094,-0.075885 51.536585", "From Aquatic Centre, Queen Elizabeth Olympic Park to Dunston Road , Haggerston"
"LINESTRING (-0.079249 51.518908,-0.075885 51.536585", "From Brushfield Street, Liverpool Street to Dunston Road , Haggerston"
"LINESTRING (-0.087262 51.506304,-0.075885 51.536585", "From Duke Street Hill, London Bridge to Dunston Road , Haggerston"
"LINESTRING (-0.07813 51.526377,-0.075885 51.536585", "From Shoreditch High Street, Shoreditch to Dunston Road , Haggerston"
"LINESTRING (-0.0801 51.52959,-0.075885 51.536585", "From Hoxton Street, Hoxton to Dunston Road , Haggerston"
"LINESTRING (-0.089782 51.53089,-0.075885 51.536585", "From Murray Grove , Hoxton to Dunston Road , Haggerston"
"LINESTRING (-0.07813 51.526377,-0.075885 51.536585", "From Shoreditch High Street, Shoreditch to Dunston Road , Haggerston"
"LINESTRING (-0.10834 51.52352,-0.075885 51.536585", "From Farringdon Lane, Clerkenwell to Dunston Road , Haggerston"
"LINESTRING (-0.102757 51.536384,-0.075885 51.536585", "From Islington Green, Angel to Dunston Road , Haggerston"
"LINESTRING (-0.074431 51.519362,-0.075885 51.536585", "From Fournier Street, Whitechapel to Dunston Road , Haggerston"
"LINESTRING (-0.0801 51.52959,-0.075885 51.536585", "From Hoxton Street, Hoxton to Dunston Road , Haggerston"
"LINESTRING (-0.077178 51.514449,-0.075885 51.536585", "From Houndsditch, Aldgate to Dunston Road , Haggerston"
"LINESTRING (-0.054162 51.536424,-0.075885 51.536585", "From Victoria Park Road, Hackney Central to Dunston Road , Haggerston"
"LINESTRING (-0.174411 51.511933,-0.075885 51.536585", "From Bayswater Road, Hyde Park to Dunston Road , Haggerston"
"LINESTRING (-0.116542 51.504636,-0.075885 51.536585", "From Jubilee Gardens, South Bank to Dunston Road , Haggerston"
"LINESTRING (-0.09315 51.53356,-0.075885 51.536585", "From Eagle Wharf Road, Hoxton to Dunston Road , Haggerston"
"LINESTRING (-0.058826 51.54119,-0.075885 51.536585", "From London Fields, Hackney Central to Dunston Road , Haggerston"
"LINESTRING (-0.078869 51.521113,-0.075885 51.536585", "From Norton Folgate, Liverpool Street to Dunston Road , Haggerston"
"LINESTRING (-0.12335 51.51746,-0.075885 51.536585", "From Bury Place, Holborn to Dunston Road , Haggerston"
"LINESTRING (-0.066078 51.514924,-0.075885 51.536585", "From LMU Commercial Road, Whitechapel to Dunston Road , Haggerston"
"LINESTRING (-0.078869 51.521113,-0.075885 51.536585", "From Norton Folgate, Liverpool Street to Dunston Road , Haggerston"
"LINESTRING (-0.075578 51.52127,-0.075885 51.536585", "From Commercial Street, Shoreditch to Dunston Road , Haggerston"
"LINESTRING (-0.116542 51.504636,-0.075885 51.536585", "From Jubilee Gardens, South Bank to Dunston Road , Haggerston"
"LINESTRING (-0.020068 51.50357,-0.075885 51.536585", "From Jubilee Plaza, Canary Wharf to Dunston Road , Haggerston"
"LINESTRING (-0.065076 51.52388,-0.075885 51.536585", "From Cheshire Street, Bethnal Green to Dunston Road , Haggerston"
"LINESTRING (-0.100168 51.530344,-0.075885 51.536585", "From City Road, Angel to Dunston Road , Haggerston"
"LINESTRING (-0.10997 51.529163,-0.075885 51.536585", "From River Street , Clerkenwell to Dunston Road , Haggerston"
"LINESTRING (-0.128279 51.5293,-0.075885 51.536585", "From Ossulston Street, Somers Town to Dunston Road , Haggerston"
"LINESTRING (-0.088285 51.519069,-0.075885 51.536585", "From Moorfields, Moorgate to Dunston Road , Haggerston"
"LINESTRING (-0.058005 51.527152,-0.060291 51.535716", "From Pott Street, Bethnal Green to Ada Street, Hackney Central"
"LINESTRING (-0.074754 51.523648,-0.060291 51.535716", "From Bethnal Green Road, Shoreditch to Ada Street, Hackney Central"
"LINESTRING (-0.09308 51.515735,-0.060291 51.535716", "From The Guildhall, Guildhall to Ada Street, Hackney Central"
"LINESTRING (-0.140485 51.519181,-0.060291 51.535716", "From Foley Street, Fitzrovia to Ada Street, Hackney Central"
"LINESTRING (-0.074284 51.539328,-0.060291 51.535716", "From Haggerston Road, Haggerston to Ada Street, Hackney Central"
"LINESTRING (-0.055894 51.528936,-0.060291 51.535716", "From York Hall, Bethnal Green to Ada Street, Hackney Central"
"LINESTRING (-0.042744 51.530326,-0.060291 51.535716", "From Twig Folly Bridge, Mile End to Ada Street, Hackney Central"
"LINESTRING (-0.011889 51.538718,-0.060291 51.535716", "From Podium, Queen Elizabeth Olympic Park to Ada Street, Hackney Central"
"LINESTRING (-0.062546 51.535678,-0.060291 51.535716", "From Regent's Row , Haggerston to Ada Street, Hackney Central"
"LINESTRING (-0.079201 51.537277,-0.060291 51.535716", "From Hertford Road, De Beauvoir Town to Ada Street, Hackney Central"
"LINESTRING (-0.011889 51.538718,-0.060291 51.535716", "From Podium, Queen Elizabeth Olympic Park to Ada Street, Hackney Central"
"LINESTRING (-0.085634 51.520962,-0.060291 51.535716", "From Finsbury Square , Moorgate to Ada Street, Hackney Central"
"LINESTRING (-0.06111 51.518675,-0.054162 51.536424", "From Royal London Hospital, Whitechapel to Victoria Park Road, Hackney Central"
"LINESTRING (-0.037471 51.528224,-0.054162 51.536424", "From Antill Road, Mile End to Victoria Park Road, Hackney Central"
"LINESTRING (-0.009935 51.546326,-0.054162 51.536424", "From East Village, Queen Elizabeth Olympic Park to Victoria Park Road, Hackney Central"
"LINESTRING (-0.036017 51.525941,-0.054162 51.536424", "From Clinton Road, Mile End to Victoria Park Road, Hackney Central"
"LINESTRING (-0.026262 51.536039,-0.054162 51.536424", "From Wendon Street, Old Ford to Victoria Park Road, Hackney Central"
"LINESTRING (-0.02163 51.540311,-0.054162 51.536424", "From Monier Road, Hackney Wick to Victoria Park Road, Hackney Central"
"LINESTRING (-0.106408 51.530515,-0.054162 51.536424", "From Chadwell Street, Angel to Victoria Park Road, Hackney Central"
"LINESTRING (-0.0985 51.51601,-0.054162 51.536424", "From King Edward Street, St Pauls to Victoria Park Road, Hackney Central"
"LINESTRING (-0.02163 51.540311,-0.054162 51.536424", "From Monier Road, Hackney Wick to Victoria Park Road, Hackney Central"
"LINESTRING (-0.054162 51.536424,-0.054162 51.536424", "From Victoria Park Road, Hackney Central to Victoria Park Road, Hackney Central"
"LINESTRING (-0.07813 51.526377,-0.054162 51.536424", "From Shoreditch High Street, Shoreditch to Victoria Park Road, Hackney Central"
"LINESTRING (-0.074431 51.519362,-0.054162 51.536424", "From Fournier Street, Whitechapel to Victoria Park Road, Hackney Central"
"LINESTRING (-0.038557 51.541515,-0.054162 51.536424", "From Gascoyne Road, Victoria Park to Victoria Park Road, Hackney Central"
"LINESTRING (-0.090847 51.525893,-0.054162 51.536424", "From Bath Street, St. Luke's to Victoria Park Road, Hackney Central"
"LINESTRING (-0.091401 51.518093,-0.054162 51.536424", "From Fore Street Avenue, Guildhall to Victoria Park Road, Hackney Central"
"LINESTRING (-0.10548 51.532199,-0.054162 51.536424", "From Torrens Street, Angel to Victoria Park Road, Hackney Central"
"LINESTRING (-0.07023 51.536654,-0.054162 51.536424", "From Belford House, Haggerston to Victoria Park Road, Hackney Central"
"LINESTRING (-0.075375 51.528187,-0.054162 51.536424", "From Columbia Road, Shoreditch to Victoria Park Road, Hackney Central"
"LINESTRING (-0.086379 51.534042,-0.054162 51.536424", "From Shoreditch Park, Hoxton to Victoria Park Road, Hackney Central"
"LINESTRING (-0.062546 51.535678,-0.054162 51.536424", "From Regent's Row , Haggerston to Victoria Park Road, Hackney Central"
"LINESTRING (-0.055894 51.528936,-0.054162 51.536424", "From York Hall, Bethnal Green to Victoria Park Road, Hackney Central"
"LINESTRING (-0.07023 51.536654,-0.054162 51.536424", "From Belford House, Haggerston to Victoria Park Road, Hackney Central"
"LINESTRING (-0.038557 51.541515,-0.054162 51.536424", "From Gascoyne Road, Victoria Park to Victoria Park Road, Hackney Central"
"LINESTRING (-0.07962 51.503493,-0.054162 51.536424", "From Tooley Street, Bermondsey to Victoria Park Road, Hackney Central"
"LINESTRING (-0.03338 51.535179,-0.054162 51.536424", "From Gunmakers Lane, Old Ford to Victoria Park Road, Hackney Central"
"LINESTRING (-0.089887 51.520858,-0.054162 51.536424", "From Bunhill Row, Moorgate to Victoria Park Road, Hackney Central"
"LINESTRING (-0.028941 51.542118,-0.054162 51.536424", "From Cadogan Close, Victoria Park to Victoria Park Road, Hackney Central"
"LINESTRING (-0.054162 51.536424,-0.054162 51.536424", "From Victoria Park Road, Hackney Central to Victoria Park Road, Hackney Central"
"LINESTRING (-0.093903 51.530991,-0.054162 51.536424", "From Wenlock Road , Hoxton to Victoria Park Road, Hackney Central"
"LINESTRING (-0.009935 51.546326,-0.054162 51.536424", "From East Village, Queen Elizabeth Olympic Park to Victoria Park Road, Hackney Central"
"LINESTRING (-0.032267 51.525501,-0.054162 51.536424", "From Maplin Street, Mile End to Victoria Park Road, Hackney Central"
"LINESTRING (-0.058641 51.515256,-0.054162 51.536424", "From Philpot Street, Whitechapel to Victoria Park Road, Hackney Central"
"LINESTRING (-0.179077 51.495592,-0.205279 51.487244", "From Natural History Museum, South Kensington to Star Road, West Kensington"
"LINESTRING (-0.180274 51.481805,-0.205279 51.487244", "From World's End Place, West Chelsea to Star Road, West Kensington"
"LINESTRING (-0.199783 51.472817,-0.205279 51.487244", "From Parson's Green , Parson's Green to Star Road, West Kensington"
"LINESTRING (-0.222456 51.488144,-0.205279 51.487244", "From Beryl Road, Hammersmith to Star Road, West Kensington"
"LINESTRING (-0.179038 51.479573,-0.205279 51.487244", "From Lots Road, West Chelsea to Star Road, West Kensington"
"LINESTRING (-0.2135 51.496927,-0.205279 51.487244", "From Blythe Road, Olympia to Star Road, West Kensington"
"LINESTRING (-0.222293 51.501594,-0.205279 51.487244", "From Shepherd's Bush Road North, Shepherd's Bush to Star Road, West Kensington"
"LINESTRING (-0.173757 51.496471,-0.205279 51.487244", "From Exhibition Road Museums 1, South Kensington to Star Road, West Kensington"
"LINESTRING (-0.209378 51.489591,-0.205279 51.487244", "From Vereker Road, West Kensington to Star Road, West Kensington"
"LINESTRING (-0.186753 51.491615,-0.205279 51.487244", "From Collingham Gardens, Earl's Court to Star Road, West Kensington"
"LINESTRING (-0.226606 51.488108,-0.205279 51.487244", "From Crisp Road, Hammersmith to Star Road, West Kensington"
"LINESTRING (-0.222456 51.488144,-0.205279 51.487244", "From Beryl Road, Hammersmith to Star Road, West Kensington"
"LINESTRING (-0.194116 51.479932,-0.205279 51.487244", "From Fulham Broadway, Walham Green to Star Road, West Kensington"
"LINESTRING (-0.162727 51.489932,-0.205279 51.487244", "From Royal Avenue 1, Chelsea to Star Road, West Kensington"
"LINESTRING (-0.145904 51.507069,-0.205279 51.487244", "From Curzon Street, Mayfair to Star Road, West Kensington"
"LINESTRING (-0.167894 51.493184,-0.205279 51.487244", "From Sloane Avenue, Knightsbridge to Star Road, West Kensington"
"LINESTRING (-0.199783 51.472817,-0.205279 51.487244", "From Parson's Green , Parson's Green to Star Road, West Kensington"
"LINESTRING (-0.058005 51.527152,-0.026262 51.536039", "From Pott Street, Bethnal Green to Wendon Street, Old Ford"
"LINESTRING (-0.049067 51.51563,-0.026262 51.536039", "From Aylward Street, Stepney to Wendon Street, Old Ford"
"LINESTRING (-0.038557 51.541515,-0.026262 51.536039", "From Gascoyne Road, Victoria Park to Wendon Street, Old Ford"
"LINESTRING (-0.015578 51.52512,-0.026262 51.536039", "From Devons Road, Bow to Wendon Street, Old Ford"
"LINESTRING (-0.025296 51.527058,-0.026262 51.536039", "From Bow Road Station, Bow to Wendon Street, Old Ford"
"LINESTRING (-0.038557 51.541515,-0.026262 51.536039", "From Gascoyne Road, Victoria Park to Wendon Street, Old Ford"
"LINESTRING (-0.06111 51.518675,-0.026262 51.536039", "From Royal London Hospital, Whitechapel to Wendon Street, Old Ford"
"LINESTRING (-0.01051 51.54094,-0.026262 51.536039", "From Aquatic Centre, Queen Elizabeth Olympic Park to Wendon Street, Old Ford"
"LINESTRING (-0.049067 51.51563,-0.026262 51.536039", "From Aylward Street, Stepney to Wendon Street, Old Ford"
"LINESTRING (-0.076341 51.534464,-0.026262 51.536039", "From Whiston Road, Haggerston to Wendon Street, Old Ford"
"LINESTRING (-0.120202 51.523346,-0.026262 51.536039", "From Guilford Street , Bloomsbury to Wendon Street, Old Ford"
"LINESTRING (-0.09315 51.53356,-0.026262 51.536039", "From Eagle Wharf Road, Hoxton to Wendon Street, Old Ford"
"LINESTRING (-0.088285 51.519069,-0.026262 51.536039", "From Moorfields, Moorgate to Wendon Street, Old Ford"
"LINESTRING (-0.07813 51.526377,-0.026262 51.536039", "From Shoreditch High Street, Shoreditch to Wendon Street, Old Ford"
"LINESTRING (-0.028941 51.542118,-0.026262 51.536039", "From Cadogan Close, Victoria Park to Wendon Street, Old Ford"
"LINESTRING (-0.058826 51.54119,-0.058631 51.524583", "From London Fields, Hackney Central to Finnis Street, Bethnal Green"
"LINESTRING (-0.02296 51.50623,-0.058631 51.524583", "From Fisherman's Walk West, Canary Wharf to Finnis Street, Bethnal Green"
"LINESTRING (-0.084439 51.524696,-0.058631 51.524583", "From Leonard Circus , Shoreditch to Finnis Street, Bethnal Green"
"LINESTRING (-0.074754 51.523648,-0.058631 51.524583", "From Bethnal Green Road, Shoreditch to Finnis Street, Bethnal Green"
"LINESTRING (-0.074754 51.523648,-0.058631 51.524583", "From Bethnal Green Road, Shoreditch to Finnis Street, Bethnal Green"
"LINESTRING (-0.056667 51.511542,-0.058631 51.524583", "From Watney Street, Shadwell to Finnis Street, Bethnal Green"
"LINESTRING (-0.037366 51.534137,-0.058631 51.524583", "From Driffield Road, Old Ford to Finnis Street, Bethnal Green"
"LINESTRING (-0.058826 51.54119,-0.058631 51.524583", "From London Fields, Hackney Central to Finnis Street, Bethnal Green"
"LINESTRING (-0.068981 51.498585,-0.058631 51.524583", "From George Row, Bermondsey to Finnis Street, Bethnal Green"
"LINESTRING (-0.098497 51.503688,-0.058631 51.524583", "From Union Street, The Borough to Finnis Street, Bethnal Green"
"LINESTRING (-0.025492 51.530535,-0.058631 51.524583", "From Mostyn Grove, Bow to Finnis Street, Bethnal Green"
"LINESTRING (-0.041378 51.522507,-0.058631 51.524583", "From Queen Mary's, Mile End to Finnis Street, Bethnal Green"
"LINESTRING (-0.056667 51.511542,-0.058631 51.524583", "From Watney Street, Shadwell to Finnis Street, Bethnal Green"
"LINESTRING (-0.06111 51.518675,-0.058631 51.524583", "From Royal London Hospital, Whitechapel to Finnis Street, Bethnal Green"
"LINESTRING (-0.083067 51.523196,-0.058631 51.524583", "From Clifton Street, Shoreditch to Finnis Street, Bethnal Green"
"LINESTRING (-0.098497 51.503688,-0.058631 51.524583", "From Union Street, The Borough to Finnis Street, Bethnal Green"
"LINESTRING (-0.104708 51.52326,-0.058631 51.524583", "From Clerkenwell Green, Clerkenwell to Finnis Street, Bethnal Green"
"LINESTRING (-0.104708 51.52326,-0.058631 51.524583", "From Clerkenwell Green, Clerkenwell to Finnis Street, Bethnal Green"
"LINESTRING (-0.073955 51.526293,-0.058631 51.524583", "From Palissy Street, Shoreditch to Finnis Street, Bethnal Green"
"LINESTRING (-0.049067 51.51563,-0.058631 51.524583", "From Aylward Street, Stepney to Finnis Street, Bethnal Green"
"LINESTRING (-0.06142 51.532091,-0.058631 51.524583", "From Pritchard's Road, Bethnal Green to Finnis Street, Bethnal Green"
"LINESTRING (-0.093051 51.511246,-0.058631 51.524583", "From Queen Street 2, Bank to Finnis Street, Bethnal Green"
"LINESTRING (-0.071653 51.522617,-0.058631 51.524583", "From Brick Lane Market, Shoreditch to Finnis Street, Bethnal Green"
"LINESTRING (-0.100791 51.518218,-0.058631 51.524583", "From West Smithfield Rotunda, Farringdon to Finnis Street, Bethnal Green"
"LINESTRING (-0.041378 51.522507,-0.058631 51.524583", "From Queen Mary's, Mile End to Finnis Street, Bethnal Green"
"LINESTRING (-0.070329 51.539083,-0.058631 51.524583", "From Shoreditch Court, Haggerston to Finnis Street, Bethnal Green"
"LINESTRING (-0.074754 51.523648,-0.058631 51.524583", "From Bethnal Green Road, Shoreditch to Finnis Street, Bethnal Green"
"LINESTRING (-0.082989 51.510484,-0.058631 51.524583", "From Great Tower Street, Monument to Finnis Street, Bethnal Green"
"LINESTRING (-0.058631 51.524583,-0.058631 51.524583", "From Finnis Street, Bethnal Green to Finnis Street, Bethnal Green"
"LINESTRING (-0.047548 51.528869,-0.058631 51.524583", "From Globe Town Market, Bethnal Green to Finnis Street, Bethnal Green"
"LINESTRING (-0.174971 51.485121,-0.190346 51.46822", "From The Vale, Chelsea to Stephendale Road, Sands End"
"LINESTRING (-0.170703 51.470847,-0.190346 51.46822", "From Simpson Street, Clapham Junction to Stephendale Road, Sands End"
"LINESTRING (-0.198735 51.46067,-0.190346 51.46822", "From Osiers Road, Wandsworth to Stephendale Road, Sands End"
"LINESTRING (-0.194116 51.479932,-0.190346 51.46822", "From Fulham Broadway, Walham Green to Stephendale Road, Sands End"
"LINESTRING (-0.155442 51.474376,-0.190346 51.46822", "From Austin Road, Battersea Park to Stephendale Road, Sands End"
"LINESTRING (-0.213872 51.51687,-0.190346 51.46822", "From St. Mark's Road, North Kensington to Stephendale Road, Sands End"
"LINESTRING (-0.166878 51.488023,-0.190346 51.46822", "From Flood Street, Chelsea to Stephendale Road, Sands End"
"LINESTRING (-0.199783 51.472817,-0.190346 51.46822", "From Parson's Green , Parson's Green to Stephendale Road, Sands End"
"LINESTRING (-0.194116 51.479932,-0.190346 51.46822", "From Fulham Broadway, Walham Green to Stephendale Road, Sands End"
"LINESTRING (-0.139221 51.461388,-0.190346 51.46822", "From Clapham Common Station, Clapham Common to Stephendale Road, Sands End"
"LINESTRING (-0.182435 51.478169,-0.190346 51.46822", "From Upcerne Road, West Chelsea to Stephendale Road, Sands End"
"LINESTRING (-0.179077 51.495592,-0.190346 51.46822", "From Natural History Museum, South Kensington to Stephendale Road, Sands End"
"LINESTRING (-0.194116 51.479932,-0.190346 51.46822", "From Fulham Broadway, Walham Green to Stephendale Road, Sands End"
"LINESTRING (-0.182435 51.478169,-0.190346 51.46822", "From Upcerne Road, West Chelsea to Stephendale Road, Sands End"
"LINESTRING (-0.207842 51.471079,-0.190346 51.46822", "From Elysium Place, Fulham to Stephendale Road, Sands End"
"LINESTRING (-0.183165 51.474665,-0.190346 51.46822", "From Imperial Wharf Station, Sands End to Stephendale Road, Sands End"
"LINESTRING (-0.205876 51.475698,-0.190346 51.46822", "From Chesilton Road, Fulham to Stephendale Road, Sands End"
"LINESTRING (-0.163041 51.470538,-0.190346 51.46822", "From Sheepcote Lane, Battersea to Stephendale Road, Sands End"
"LINESTRING (-0.187427 51.460864,-0.190346 51.46822", "From Wandsworth Town Station, Wandsworth to Stephendale Road, Sands End"
"LINESTRING (-0.201968 51.475089,-0.190346 51.46822", "From Parsons Green Station, Parsons Green to Stephendale Road, Sands End"
"LINESTRING (-0.201968 51.475089,-0.190346 51.46822", "From Parsons Green Station, Parsons Green to Stephendale Road, Sands End"
"LINESTRING (-0.191462 51.501364,-0.190346 51.46822", "From Derry Street, Kensington to Stephendale Road, Sands End"
"LINESTRING (-0.195777 51.479463,-0.190346 51.46822", "From Erin Close, Walham Green to Stephendale Road, Sands End"
"LINESTRING (-0.173881 51.494412,-0.190346 51.46822", "From South Kensington Station, South Kensington to Stephendale Road, Sands End"
"LINESTRING (-0.192165 51.457529,-0.190346 51.46822", "From Ram Street, Wandsworth to Stephendale Road, Sands End"
"LINESTRING (-0.195777 51.479463,-0.190346 51.46822", "From Erin Close, Walham Green to Stephendale Road, Sands End"
"LINESTRING (-0.199135 51.468418,-0.190346 51.46822", "From Broomhouse Lane, Parsons Green to Stephendale Road, Sands End"
"LINESTRING (-0.190346 51.46822,-0.190346 51.46822", "From Stephendale Road, Sands End to Stephendale Road, Sands End"
"LINESTRING (-0.216145 51.46161,-0.190346 51.46822", "From Disraeli Road, Putney to Stephendale Road, Sands End"
"LINESTRING (-0.165471 51.498884,-0.190346 51.46822", "From Montpelier Street, Knightsbridge to Stephendale Road, Sands End"
"LINESTRING (-0.197574 51.499606,-0.190346 51.46822", "From Phillimore Gardens, Kensington to Stephendale Road, Sands End"
"LINESTRING (-0.207842 51.471079,-0.190346 51.46822", "From Elysium Place, Fulham to Stephendale Road, Sands End"
"LINESTRING (-0.178732 51.493967,-0.190346 51.46822", "From Queen's Gate (Central), South Kensington to Stephendale Road, Sands End"
"LINESTRING (-0.202038 51.48357,-0.190346 51.46822", "From Coomer Place, West Kensington to Stephendale Road, Sands End"
"LINESTRING (-0.194116 51.479932,-0.190346 51.46822", "From Fulham Broadway, Walham Green to Stephendale Road, Sands End"
"LINESTRING (-0.202038 51.48357,-0.190346 51.46822", "From Coomer Place, West Kensington to Stephendale Road, Sands End"
"LINESTRING (-0.179668 51.511654,-0.190346 51.46822", "From Lancaster Gate , Bayswater to Stephendale Road, Sands End"
"LINESTRING (-0.194116 51.479932,-0.190346 51.46822", "From Fulham Broadway, Walham Green to Stephendale Road, Sands End"
"LINESTRING (-0.194116 51.479932,-0.184806 51.457991", "From Fulham Broadway, Walham Green to Alma Road, Wandsworth"
"LINESTRING (-0.106237 51.507244,-0.184806 51.457991", "From Milroy Walk, South Bank to Alma Road, Wandsworth"
"LINESTRING (-0.133972 51.472993,-0.184806 51.457991", "From Union Grove, Wandsworth Road to Alma Road, Wandsworth"
"LINESTRING (-0.168292 51.462392,-0.184806 51.457991", "From St. John's Road, Clapham Junction to Alma Road, Wandsworth"
"LINESTRING (-0.217515 51.500353,-0.184806 51.457991", "From Richmond Way, Shepherd's Bush to Alma Road, Wandsworth"
"LINESTRING (-0.18119 51.490945,-0.184806 51.457991", "From Old Brompton Road, South Kensington to Alma Road, Wandsworth"
"LINESTRING (-0.212607 51.460792,-0.184806 51.457991", "From Oxford Road, Putney to Alma Road, Wandsworth"
"LINESTRING (-0.157788 51.465123,-0.184806 51.457991", "From Sugden Road, Clapham to Alma Road, Wandsworth"
"LINESTRING (-0.183165 51.474665,-0.184806 51.457991", "From Imperial Wharf Station, Sands End to Alma Road, Wandsworth"
"LINESTRING (-0.082422 51.516154,-0.096518 51.491327", "From Wormwood Street, Liverpool Street to Walworth Square, Walworth"
"LINESTRING (-0.04915 51.498439,-0.096518 51.491327", "From Canada Water Station, Rotherhithe to Walworth Square, Walworth"
"LINESTRING (-0.084439 51.524696,-0.096518 51.491327", "From Leonard Circus , Shoreditch to Walworth Square, Walworth"
"LINESTRING (-0.103132 51.498744,-0.096518 51.491327", "From LSBU (Borough Road), Elephant & Castle to Walworth Square, Walworth"
"LINESTRING (-0.101384 51.49652,-0.096518 51.491327", "From Ontario Street, Elephant & Castle to Walworth Square, Walworth"
"LINESTRING (-0.122492 51.486343,-0.096518 51.491327", "From Kennington Lane Rail Bridge, Vauxhall to Walworth Square, Walworth"
"LINESTRING (-0.111471 51.479601,-0.096518 51.491327", "From Cranmer Road, Stockwell to Walworth Square, Walworth"
"LINESTRING (-0.063531 51.504719,-0.096518 51.491327", "From Hermitage Court, Wapping to Walworth Square, Walworth"
"LINESTRING (-0.093051 51.511246,-0.096518 51.491327", "From Queen Street 2, Bank to Walworth Square, Walworth"
"LINESTRING (-0.113864 51.504027,-0.096518 51.491327", "From Waterloo Station 1, Waterloo to Walworth Square, Walworth"
"LINESTRING (-0.101384 51.49652,-0.096518 51.491327", "From Ontario Street, Elephant & Castle to Walworth Square, Walworth"
"LINESTRING (-0.083935 51.520009,-0.096518 51.491327", "From Sun Street, Liverpool Street to Walworth Square, Walworth"
"LINESTRING (-0.09294 51.511553,-0.096518 51.491327", "From Queen Street 1, Bank to Walworth Square, Walworth"
"LINESTRING (-0.110699 51.501444,-0.096518 51.491327", "From Baylis Road, Waterloo to Walworth Square, Walworth"
"LINESTRING (-0.148105 51.514759,-0.096518 51.491327", "From Marylebone Lane, Marylebone to Walworth Square, Walworth"
"LINESTRING (-0.105593 51.488852,-0.096518 51.491327", "From Kennington Station, Kennington to Walworth Square, Walworth"
"LINESTRING (-0.124749 51.509462,-0.096518 51.491327", "From William IV Street, Strand to Walworth Square, Walworth"
"LINESTRING (-0.107987 51.517428,-0.096518 51.491327", "From New Fetter Lane, Holborn to Walworth Square, Walworth"
"LINESTRING (-0.10454 51.505461,-0.096518 51.491327", "From Blackfriars Road, Southwark to Walworth Square, Walworth"
"LINESTRING (-0.083632 51.502153,-0.096518 51.491327", "From Snowsfields, London Bridge to Walworth Square, Walworth"
"LINESTRING (-0.11655 51.51824,-0.096518 51.491327", "From Red Lion Street, Holborn to Walworth Square, Walworth"
"LINESTRING (-0.13558 51.513684,-0.096518 51.491327", "From Broadwick Street, Soho to Walworth Square, Walworth"
"LINESTRING (-0.119643 51.511756,-0.096518 51.491327", "From Wellington Street , Strand to Walworth Square, Walworth"
"LINESTRING (-0.127554 51.493978,-0.096518 51.491327", "From Page Street, Westminster to Walworth Square, Walworth"
"LINESTRING (-0.111435 51.48894,-0.096518 51.491327", "From Kennington Cross, Kennington to Walworth Square, Walworth"
"LINESTRING (-0.08974 51.500823,-0.096518 51.491327", "From Empire Square, The Borough to Walworth Square, Walworth"
"LINESTRING (-0.132328 51.515631,-0.096518 51.491327", "From Soho Square , Soho to Walworth Square, Walworth"
"LINESTRING (-0.09644 51.507385,-0.096518 51.491327", "From New Globe Walk, Bankside to Walworth Square, Walworth"
"LINESTRING (-0.147478 51.492369,-0.150908 51.47505", "From Elizabeth Bridge, Victoria to Alfreda Street, Battersea Park"
"LINESTRING (-0.163041 51.470538,-0.150908 51.47505", "From Sheepcote Lane, Battersea to Alfreda Street, Battersea Park"
"LINESTRING (-0.150817 51.505426,-0.150908 51.47505", "From Park Lane, Mayfair to Alfreda Street, Battersea Park"
"LINESTRING (-0.099828 51.493146,-0.150908 51.47505", "From Strata, Elephant & Castle to Alfreda Street, Battersea Park"
"LINESTRING (-0.140741 51.488057,-0.150908 51.47505", "From Alderney Street, Pimlico to Alfreda Street, Battersea Park"
"LINESTRING (-0.129361 51.488365,-0.150908 51.47505", "From Vauxhall Bridge , Pimlico to Alfreda Street, Battersea Park"
"LINESTRING (-0.138212 51.481335,-0.150908 51.47505", "From Riverlight South, Nine Elms to Alfreda Street, Battersea Park"
"LINESTRING (-0.142207 51.485357,-0.150908 51.47505", "From Grosvenor Road, Pimlico to Alfreda Street, Battersea Park"
"LINESTRING (-0.113864 51.504027,-0.150908 51.47505", "From Waterloo Station 1, Waterloo to Alfreda Street, Battersea Park"
"LINESTRING (-0.16375 51.465064,-0.150908 51.47505", "From Dorothy Road, Clapham Junction to Alfreda Street, Battersea Park"
"LINESTRING (-0.16716 51.47518,-0.150908 51.47505", "From Surrey Lane, Battersea to Alfreda Street, Battersea Park"
"LINESTRING (-0.195777 51.479463,-0.150908 51.47505", "From Erin Close, Walham Green to Alfreda Street, Battersea Park"
"LINESTRING (-0.134621 51.507424,-0.150908 51.47505", "From St. James's Square, St. James's to Alfreda Street, Battersea Park"
"LINESTRING (-0.147857 51.477966,-0.150908 51.47505", "From Gas Holders, Battersea Park to Alfreda Street, Battersea Park"
"LINESTRING (-0.147478 51.492369,-0.150908 51.47505", "From Elizabeth Bridge, Victoria to Alfreda Street, Battersea Park"
"LINESTRING (-0.169821 51.466633,-0.150908 51.47505", "From Falcon Road, Clapham Junction to Alfreda Street, Battersea Park"
"LINESTRING (-0.194116 51.479932,-0.150908 51.47505", "From Fulham Broadway, Walham Green to Alfreda Street, Battersea Park"
"LINESTRING (-0.190393 51.490163,-0.150908 51.47505", "From Bramham Gardens, Earl's Court to Alfreda Street, Battersea Park"
"LINESTRING (-0.15785 51.471095,-0.150908 51.47505", "From Culvert Road, Battersea to Alfreda Street, Battersea Park"
"LINESTRING (-0.150908 51.47505,-0.150908 51.47505", "From Alfreda Street, Battersea Park to Alfreda Street, Battersea Park"
"LINESTRING (-0.209973 51.481021,-0.150908 51.47505", "From Aintree Street, Fulham to Alfreda Street, Battersea Park"
"LINESTRING (-0.155442 51.474376,-0.150908 51.47505", "From Austin Road, Battersea Park to Alfreda Street, Battersea Park"
"LINESTRING (-0.170194 51.489716,-0.150908 51.47505", "From St. Luke's Church, Chelsea to Alfreda Street, Battersea Park"
"LINESTRING (-0.147478 51.492369,-0.150908 51.47505", "From Elizabeth Bridge, Victoria to Alfreda Street, Battersea Park"
"LINESTRING (-0.113864 51.504027,-0.150908 51.47505", "From Waterloo Station 1, Waterloo to Alfreda Street, Battersea Park"
"LINESTRING (-0.113864 51.504027,-0.150908 51.47505", "From Waterloo Station 1, Waterloo to Alfreda Street, Battersea Park"
"LINESTRING (-0.156166 51.518913,-0.205876 51.475698", "From Baker Street, Marylebone to Chesilton Road, Fulham"
"LINESTRING (-0.208486 51.506465,-0.205876 51.475698", "From Princedale Road , Holland Park to Chesilton Road, Fulham"
"LINESTRING (-0.179077 51.495592,-0.205876 51.475698", "From Natural History Museum, South Kensington to Chesilton Road, Fulham"
"LINESTRING (-0.158264 51.514577,-0.205876 51.475698", "From Old Quebec Street, Marylebone to Chesilton Road, Fulham"
"LINESTRING (-0.142943 51.496863,-0.205876 51.475698", "From Allington Street, Victoria to Chesilton Road, Fulham"
"LINESTRING (-0.201968 51.475089,-0.205876 51.475698", "From Parsons Green Station, Parsons Green to Chesilton Road, Fulham"
"LINESTRING (-0.219346 51.482944,-0.205876 51.475698", "From Crabtree Lane, Fulham to Chesilton Road, Fulham"
"LINESTRING (-0.180389 51.46517,-0.205876 51.475698", "From Hibbert Street, Battersea to Chesilton Road, Fulham"
"LINESTRING (-0.228188 51.494499,-0.205876 51.475698", "From Southerton Road, Hammersmith to Chesilton Road, Fulham"
"LINESTRING (-0.180791 51.46193,-0.205876 51.475698", "From Nantes Close, Wandsworth to Chesilton Road, Fulham"
"LINESTRING (-0.190346 51.46822,-0.205876 51.475698", "From Stephendale Road, Sands End to Chesilton Road, Fulham"
"LINESTRING (-0.130699 51.50777,-0.205876 51.475698", "From Pall Mall East, West End to Chesilton Road, Fulham"
"LINESTRING (-0.195777 51.479463,-0.205876 51.475698", "From Erin Close, Walham Green to Chesilton Road, Fulham"
"LINESTRING (-0.17524 51.48902,-0.205876 51.475698", "From South Parade, Chelsea to Chesilton Road, Fulham"
"LINESTRING (-0.219346 51.482944,-0.205876 51.475698", "From Crabtree Lane, Fulham to Chesilton Road, Fulham"
"LINESTRING (-0.155442 51.474376,-0.205876 51.475698", "From Austin Road, Battersea Park to Chesilton Road, Fulham"
"LINESTRING (-0.205284 51.496712,-0.205876 51.475698", "From Warwick Road, Olympia to Chesilton Road, Fulham"
"LINESTRING (-0.226606 51.488108,-0.205876 51.475698", "From Crisp Road, Hammersmith to Chesilton Road, Fulham"
"LINESTRING (-0.215087 51.490217,-0.205876 51.475698", "From Barons Court Station, West Kensington to Chesilton Road, Fulham"
"LINESTRING (-0.153645 51.512911,-0.205876 51.475698", "From North Audley Street, Mayfair to Chesilton Road, Fulham"
"LINESTRING (-0.156166 51.518913,-0.205876 51.475698", "From Baker Street, Marylebone to Chesilton Road, Fulham"
"LINESTRING (-0.190346 51.46822,-0.205876 51.475698", "From Stephendale Road, Sands End to Chesilton Road, Fulham"
"LINESTRING (-0.20782 51.473471,-0.205876 51.475698", "From Fulham Park Road, Fulham to Chesilton Road, Fulham"
"LINESTRING (-0.153645 51.512911,-0.205876 51.475698", "From North Audley Street, Mayfair to Chesilton Road, Fulham"
"LINESTRING (-0.117122 51.490994,-0.205876 51.475698", "From Black Prince Road, Vauxhall to Chesilton Road, Fulham"
"LINESTRING (-0.205876 51.475698,-0.205876 51.475698", "From Chesilton Road, Fulham to Chesilton Road, Fulham"
"LINESTRING (-0.153645 51.512911,-0.205876 51.475698", "From North Audley Street, Mayfair to Chesilton Road, Fulham"
"LINESTRING (-0.229116 51.492084,-0.205876 51.475698", "From Bridge Avenue, Hammersmith to Chesilton Road, Fulham"
"LINESTRING (-0.214428 51.486062,-0.205876 51.475698", "From Greyhound Road, Hammersmith to Chesilton Road, Fulham"
"LINESTRING (-0.190393 51.490163,-0.20624 51.461999", "From Bramham Gardens, Earl's Court to Putney Bridge Road, East Putney"
"LINESTRING (-0.176267 51.472876,-0.20624 51.461999", "From Vicarage Crescent, Battersea to Putney Bridge Road, East Putney"
"LINESTRING (-0.14177 51.479501,-0.20624 51.461999", "From Battersea Park Road, Nine Elms to Putney Bridge Road, East Putney"
"LINESTRING (-0.191722 51.461083,-0.20624 51.461999", "From Smugglers Way, Wandsworth to Putney Bridge Road, East Putney"
"LINESTRING (-0.191722 51.461083,-0.20624 51.461999", "From Smugglers Way, Wandsworth to Putney Bridge Road, East Putney"
"LINESTRING (-0.16375 51.465064,-0.208485 51.478939", "From Dorothy Road, Clapham Junction to St. Peter's Terrace, Fulham"
"LINESTRING (-0.19701 51.473763,-0.208485 51.478939", "From Irene Road, Parsons Green to St. Peter's Terrace, Fulham"
"LINESTRING (-0.201968 51.475089,-0.208485 51.478939", "From Parsons Green Station, Parsons Green to St. Peter's Terrace, Fulham"
"LINESTRING (-0.163347 51.474392,-0.208485 51.478939", "From Albert Bridge Road, Battersea Park to St. Peter's Terrace, Fulham"
"LINESTRING (-0.19701 51.473763,-0.208485 51.478939", "From Irene Road, Parsons Green to St. Peter's Terrace, Fulham"
"LINESTRING (-0.167894 51.493184,-0.208485 51.478939", "From Sloane Avenue, Knightsbridge to St. Peter's Terrace, Fulham"
"LINESTRING (-0.193502 51.467064,-0.208485 51.478939", "From South Park, Sands End to St. Peter's Terrace, Fulham"
"LINESTRING (-0.145904 51.507069,-0.208485 51.478939", "From Curzon Street, Mayfair to St. Peter's Terrace, Fulham"
"LINESTRING (-0.163347 51.474392,-0.208485 51.478939", "From Albert Bridge Road, Battersea Park to St. Peter's Terrace, Fulham"
"LINESTRING (-0.206029 51.49087,-0.208485 51.478939", "From West Kensington Station, West Kensington to St. Peter's Terrace, Fulham"
"LINESTRING (-0.201968 51.475089,-0.208485 51.478939", "From Parsons Green Station, Parsons Green to St. Peter's Terrace, Fulham"
"LINESTRING (-0.143495 51.509992,-0.208485 51.478939", "From Grafton Street, Mayfair to St. Peter's Terrace, Fulham"
"LINESTRING (-0.153645 51.512911,-0.208485 51.478939", "From North Audley Street, Mayfair to St. Peter's Terrace, Fulham"
"LINESTRING (-0.219346 51.482944,-0.208485 51.478939", "From Crabtree Lane, Fulham to St. Peter's Terrace, Fulham"
"LINESTRING (-0.168917 51.497056,-0.208485 51.478939", "From Holy Trinity Brompton, Knightsbridge to St. Peter's Terrace, Fulham"
"LINESTRING (-0.215087 51.490217,-0.208485 51.478939", "From Barons Court Station, West Kensington to St. Peter's Terrace, Fulham"
"LINESTRING (-0.226606 51.488108,-0.208485 51.478939", "From Crisp Road, Hammersmith to St. Peter's Terrace, Fulham"
"LINESTRING (-0.201968 51.475089,-0.208485 51.478939", "From Parsons Green Station, Parsons Green to St. Peter's Terrace, Fulham"
"LINESTRING (-0.201968 51.475089,-0.208485 51.478939", "From Parsons Green Station, Parsons Green to St. Peter's Terrace, Fulham"
"LINESTRING (-0.206029 51.49087,-0.208485 51.478939", "From West Kensington Station, West Kensington to St. Peter's Terrace, Fulham"
"LINESTRING (-0.201968 51.475089,-0.208485 51.478939", "From Parsons Green Station, Parsons Green to St. Peter's Terrace, Fulham"
"LINESTRING (-0.180246 51.501026,-0.208485 51.478939", "From Queen's Gate (North), Kensington to St. Peter's Terrace, Fulham"
"LINESTRING (-0.236769 51.494223,-0.208485 51.478939", "From Ravenscourt Park Station, Hammersmith to St. Peter's Terrace, Fulham"
"LINESTRING (-0.161203 51.496886,-0.208485 51.478939", "From Pont Street, Knightsbridge to St. Peter's Terrace, Fulham"
"LINESTRING (-0.199135 51.468418,-0.208485 51.478939", "From Broomhouse Lane, Parsons Green to St. Peter's Terrace, Fulham"
"LINESTRING (-0.219346 51.482944,-0.208485 51.478939", "From Crabtree Lane, Fulham to St. Peter's Terrace, Fulham"
"LINESTRING (-0.183853 51.480898,-0.208485 51.478939", "From Thorndike Close, West Chelsea to St. Peter's Terrace, Fulham"
"LINESTRING (-0.194116 51.479932,-0.208485 51.478939", "From Fulham Broadway, Walham Green to St. Peter's Terrace, Fulham"
"LINESTRING (-0.166878 51.488023,-0.208485 51.478939", "From Flood Street, Chelsea to St. Peter's Terrace, Fulham"
"LINESTRING (-0.202038 51.48357,-0.208485 51.478939", "From Coomer Place, West Kensington to St. Peter's Terrace, Fulham"
"LINESTRING (-0.195777 51.479463,-0.229116 51.492084", "From Erin Close, Walham Green to Bridge Avenue, Hammersmith"
"LINESTRING (-0.224103 51.509158,-0.229116 51.492084", "From Westfield Ariel Way, White City to Bridge Avenue, Hammersmith"
"LINESTRING (-0.179702 51.499428,-0.229116 51.492084", "From Imperial College, Knightsbridge to Bridge Avenue, Hammersmith"
"LINESTRING (-0.223852 51.483732,-0.229116 51.492084", "From Rainville Road, Hammersmith to Bridge Avenue, Hammersmith"
"LINESTRING (-0.208485 51.478939,-0.229116 51.492084", "From St. Peter's Terrace, Fulham to Bridge Avenue, Hammersmith"
"LINESTRING (-0.205876 51.475698,-0.229116 51.492084", "From Chesilton Road, Fulham to Bridge Avenue, Hammersmith"
"LINESTRING (-0.197609 51.483911,-0.229116 51.492084", "From Halford Road, West Kensington to Bridge Avenue, Hammersmith"
"LINESTRING (-0.197609 51.483911,-0.229116 51.492084", "From Halford Road, West Kensington to Bridge Avenue, Hammersmith"
"LINESTRING (-0.209973 51.481021,-0.229116 51.492084", "From Aintree Street, Fulham to Bridge Avenue, Hammersmith"
"LINESTRING (-0.236769 51.494223,-0.229116 51.492084", "From Ravenscourt Park Station, Hammersmith to Bridge Avenue, Hammersmith"
"LINESTRING (-0.194116 51.479932,-0.229116 51.492084", "From Fulham Broadway, Walham Green to Bridge Avenue, Hammersmith"
"LINESTRING (-0.100791 51.518218,-0.229116 51.492084", "From West Smithfield Rotunda, Farringdon to Bridge Avenue, Hammersmith"
"LINESTRING (-0.173029 51.464894,-0.229116 51.492084", "From Grant Road East, Clapham Junction to Bridge Avenue, Hammersmith"
"LINESTRING (-0.192165 51.457529,-0.229116 51.492084", "From Ram Street, Wandsworth to Bridge Avenue, Hammersmith"
"LINESTRING (-0.204815 51.484386,-0.229116 51.492084", "From Normand Park, West Kensington to Bridge Avenue, Hammersmith"
"LINESTRING (-0.229116 51.492084,-0.229116 51.492084", "From Bridge Avenue, Hammersmith to Bridge Avenue, Hammersmith"
"LINESTRING (-0.164207 51.517372,-0.229116 51.492084", "From Harrowby Street, Marylebone to Bridge Avenue, Hammersmith"
"LINESTRING (-0.21186 51.483217,-0.229116 51.492084", "From Humbolt Road, Fulham to Bridge Avenue, Hammersmith"
"LINESTRING (-0.205921 51.511624,-0.229116 51.492084", "From Ladbroke Grove Central, Ladbroke Grove to Bridge Avenue, Hammersmith"
"LINESTRING (-0.209973 51.481021,-0.229116 51.492084", "From Aintree Street, Fulham to Bridge Avenue, Hammersmith"
"LINESTRING (-0.21186 51.483217,-0.229116 51.492084", "From Humbolt Road, Fulham to Bridge Avenue, Hammersmith"
"LINESTRING (-0.210279 51.468814,-0.229116 51.492084", "From Putney Bridge Station, Fulham to Bridge Avenue, Hammersmith"
"LINESTRING (-0.173715 51.491211,-0.229116 51.492084", "From Sumner Place, South Kensington to Bridge Avenue, Hammersmith"
"LINESTRING (-0.166221 51.490714,-0.189155 51.477292", "From Chelsea Green, Chelsea to Michael Road, Walham Green"
"LINESTRING (-0.166221 51.490714,-0.189155 51.477292", "From Chelsea Green, Chelsea to Michael Road, Walham Green"
"LINESTRING (-0.123179 51.506543,-0.189155 51.477292", "From Whitehall Place, Strand to Michael Road, Walham Green"
"LINESTRING (-0.135635 51.488226,-0.189155 51.477292", "From St. George's Square, Pimlico to Michael Road, Walham Green"
"LINESTRING (-0.173029 51.464894,-0.189155 51.477292", "From Grant Road East, Clapham Junction to Michael Road, Walham Green"
"LINESTRING (-0.183165 51.474665,-0.189155 51.477292", "From Imperial Wharf Station, Sands End to Michael Road, Walham Green"
"LINESTRING (-0.184318 51.468819,-0.189155 51.477292", "From William Morris Way, Sands End to Michael Road, Walham Green"
"LINESTRING (-0.155442 51.474376,-0.189155 51.477292", "From Austin Road, Battersea Park to Michael Road, Walham Green"
"LINESTRING (-0.16716 51.47518,-0.189155 51.477292", "From Surrey Lane, Battersea to Michael Road, Walham Green"
"LINESTRING (-0.152317 51.499412,-0.189155 51.477292", "From Belgrave Square, Belgravia to Michael Road, Walham Green"
"LINESTRING (-0.187404 51.487958,-0.189155 51.477292", "From Harcourt Terrace, West Brompton to Michael Road, Walham Green"
"LINESTRING (-0.170983 51.486892,-0.189155 51.477292", "From Manresa Road, Chelsea to Michael Road, Walham Green"
"LINESTRING (-0.135635 51.488226,-0.189155 51.477292", "From St. George's Square, Pimlico to Michael Road, Walham Green"
"LINESTRING (-0.170983 51.486892,-0.189155 51.477292", "From Manresa Road, Chelsea to Michael Road, Walham Green"
"LINESTRING (-0.199783 51.472817,-0.189155 51.477292", "From Parson's Green , Parson's Green to Michael Road, Walham Green"
"LINESTRING (-0.135635 51.488226,-0.189155 51.477292", "From St. George's Square, Pimlico to Michael Road, Walham Green"
"LINESTRING (-0.193764 51.508605,-0.189155 51.477292", "From Palace Gardens Terrace, Notting Hill to Michael Road, Walham Green"
"LINESTRING (-0.158264 51.514577,-0.189155 51.477292", "From Old Quebec Street, Marylebone to Michael Road, Walham Green"
"LINESTRING (-0.193068 51.500397,-0.189155 51.477292", "From Wright's Lane, Kensington to Michael Road, Walham Green"
"LINESTRING (-0.13558 51.513684,-0.189155 51.477292", "From Broadwick Street, Soho to Michael Road, Walham Green"
"LINESTRING (-0.14296 51.497998,-0.189155 51.477292", "From Warwick Row, Westminster to Michael Road, Walham Green"
"LINESTRING (-0.18119 51.485587,-0.189155 51.477292", "From Limerston Street, West Chelsea to Michael Road, Walham Green"
"LINESTRING (-0.135635 51.488226,-0.189155 51.477292", "From St. George's Square, Pimlico to Michael Road, Walham Green"
"LINESTRING (-0.217995 51.487285,-0.189155 51.477292", "From Charing Cross Hospital, Hammersmith to Michael Road, Walham Green"
"LINESTRING (-0.163609 51.51809,-0.087262 51.506304", "From Shouldham Street, Marylebone to Duke Street Hill, London Bridge"
"LINESTRING (-0.10548 51.532199,-0.087262 51.506304", "From Torrens Street, Angel to Duke Street Hill, London Bridge"
"LINESTRING (-0.082422 51.516154,-0.087262 51.506304", "From Wormwood Street, Liverpool Street to Duke Street Hill, London Bridge"
"LINESTRING (-0.086685 51.517075,-0.087262 51.506304", "From Finsbury Circus, Liverpool Street to Duke Street Hill, London Bridge"
"LINESTRING (-0.066078 51.514924,-0.087262 51.506304", "From LMU Commercial Road, Whitechapel to Duke Street Hill, London Bridge"
"LINESTRING (-0.053177 51.515975,-0.087262 51.506304", "From Jubilee Street, Stepney to Duke Street Hill, London Bridge"
"LINESTRING (-0.068981 51.498585,-0.087262 51.506304", "From George Row, Bermondsey to Duke Street Hill, London Bridge"
"LINESTRING (-0.069542 51.512363,-0.087262 51.506304", "From Leman Street, Aldgate to Duke Street Hill, London Bridge"
"LINESTRING (-0.093051 51.511246,-0.087262 51.506304", "From Queen Street 2, Bank to Duke Street Hill, London Bridge"
"LINESTRING (-0.078869 51.521113,-0.087262 51.506304", "From Norton Folgate, Liverpool Street to Duke Street Hill, London Bridge"
"LINESTRING (-0.092754 51.505974,-0.087262 51.506304", "From Park Street, Bankside to Duke Street Hill, London Bridge"
"LINESTRING (-0.139625 51.490962,-0.087262 51.506304", "From Gloucester Street, Pimlico to Duke Street Hill, London Bridge"
"LINESTRING (-0.09315 51.53356,-0.087262 51.506304", "From Eagle Wharf Road, Hoxton to Duke Street Hill, London Bridge"
"LINESTRING (-0.082989 51.510484,-0.087262 51.506304", "From Great Tower Street, Monument to Duke Street Hill, London Bridge"
"LINESTRING (-0.069542 51.512363,-0.087262 51.506304", "From Leman Street, Aldgate to Duke Street Hill, London Bridge"
"LINESTRING (-0.111606 51.505569,-0.087262 51.506304", "From Stamford Street, South Bank to Duke Street Hill, London Bridge"
"LINESTRING (-0.082422 51.516154,-0.087262 51.506304", "From Wormwood Street, Liverpool Street to Duke Street Hill, London Bridge"
"LINESTRING (-0.106323 51.490757,-0.087262 51.506304", "From Cotton Garden Estate, Kennington to Duke Street Hill, London Bridge"
"LINESTRING (-0.098031 51.505224,-0.087262 51.506304", "From Lavington Street, Bankside to Duke Street Hill, London Bridge"
"LINESTRING (-0.147301 51.514105,-0.087262 51.506304", "From Woodstock Street, Mayfair to Duke Street Hill, London Bridge"
"LINESTRING (-0.093051 51.511246,-0.087262 51.506304", "From Queen Street 2, Bank to Duke Street Hill, London Bridge"
"LINESTRING (-0.121394 51.493699,-0.087262 51.506304", "From Fire Brigade Pier, Vauxhall to Duke Street Hill, London Bridge"
"LINESTRING (-0.018703 51.528169,-0.087262 51.506304", "From Bow Church Station, Bow to Duke Street Hill, London Bridge"
"LINESTRING (-0.147301 51.514105,-0.087262 51.506304", "From Woodstock Street, Mayfair to Duke Street Hill, London Bridge"
"LINESTRING (-0.075375 51.528187,-0.087262 51.506304", "From Columbia Road, Shoreditch to Duke Street Hill, London Bridge"
"LINESTRING (-0.08299 51.53213,-0.087262 51.506304", "From Pitfield Street Central, Hoxton to Duke Street Hill, London Bridge"
"LINESTRING (-0.048017 51.531127,-0.087262 51.506304", "From Old Ford Road, Bethnal Green to Duke Street Hill, London Bridge"
"LINESTRING (-0.068856 51.521776,-0.087262 51.506304", "From Buxton Street 1, Shoreditch to Duke Street Hill, London Bridge"
"LINESTRING (-0.102757 51.536384,-0.087262 51.506304", "From Islington Green, Angel to Duke Street Hill, London Bridge"
"LINESTRING (-0.124678 51.51908,-0.087262 51.506304", "From British Museum, Bloomsbury to Duke Street Hill, London Bridge"
"LINESTRING (-0.098807 51.506725,-0.087262 51.506304", "From Tate Modern, Bankside to Duke Street Hill, London Bridge"
"LINESTRING (-0.026262 51.536039,-0.087262 51.506304", "From Wendon Street, Old Ford to Duke Street Hill, London Bridge"
"LINESTRING (-0.082422 51.516154,-0.087262 51.506304", "From Wormwood Street, Liverpool Street to Duke Street Hill, London Bridge"
"LINESTRING (-0.09734 51.520841,-0.087262 51.506304", "From Aldersgate Street, Barbican to Duke Street Hill, London Bridge"
"LINESTRING (-0.128585 51.516118,-0.087262 51.506304", "From Earnshaw Street , Covent Garden to Duke Street Hill, London Bridge"
"LINESTRING (-0.122203 51.534474,-0.087262 51.506304", "From Crinan Street, King's Cross to Duke Street Hill, London Bridge"
"LINESTRING (-0.086685 51.517075,-0.087262 51.506304", "From Finsbury Circus, Liverpool Street to Duke Street Hill, London Bridge"
"LINESTRING (-0.065076 51.52388,-0.087262 51.506304", "From Cheshire Street, Bethnal Green to Duke Street Hill, London Bridge"
"LINESTRING (-0.112824 51.503791,-0.087262 51.506304", "From Waterloo Station 3, Waterloo to Duke Street Hill, London Bridge"
"LINESTRING (-0.069542 51.512363,-0.087262 51.506304", "From Leman Street, Aldgate to Duke Street Hill, London Bridge"
"LINESTRING (-0.132224 51.49206,-0.087262 51.506304", "From Regency Street, Westminster to Duke Street Hill, London Bridge"
"LINESTRING (-0.075855 51.517475,-0.087262 51.506304", "From Bell Lane, Liverpool Street to Duke Street Hill, London Bridge"
"LINESTRING (-0.102757 51.536384,-0.087262 51.506304", "From Islington Green, Angel to Duke Street Hill, London Bridge"
"LINESTRING (-0.128585 51.516118,-0.087262 51.506304", "From Earnshaw Street , Covent Garden to Duke Street Hill, London Bridge"
"LINESTRING (-0.075885 51.536585,-0.087262 51.506304", "From Dunston Road , Haggerston to Duke Street Hill, London Bridge"
"LINESTRING (-0.111435 51.48894,-0.087262 51.506304", "From Kennington Cross, Kennington to Duke Street Hill, London Bridge"
"LINESTRING (-0.08497 51.50964,-0.087262 51.506304", "From Monument Street, Monument to Duke Street Hill, London Bridge"
"LINESTRING (-0.078869 51.521113,-0.087262 51.506304", "From Norton Folgate, Liverpool Street to Duke Street Hill, London Bridge"
"LINESTRING (-0.082422 51.516154,-0.087262 51.506304", "From Wormwood Street, Liverpool Street to Duke Street Hill, London Bridge"
"LINESTRING (-0.08497 51.50964,-0.087262 51.506304", "From Monument Street, Monument to Duke Street Hill, London Bridge"
"LINESTRING (-0.09315 51.53356,-0.087262 51.506304", "From Eagle Wharf Road, Hoxton to Duke Street Hill, London Bridge"
"LINESTRING (-0.117661 51.482678,-0.087262 51.506304", "From Ashmole Estate, Oval to Duke Street Hill, London Bridge"
"LINESTRING (-0.116625 51.486965,-0.087262 51.506304", "From Vauxhall Street, Vauxhall to Duke Street Hill, London Bridge"
"LINESTRING (-0.076793 51.513406,-0.087262 51.506304", "From Jewry Street, Aldgate to Duke Street Hill, London Bridge"
"LINESTRING (-0.053558 51.511066,-0.087262 51.506304", "From Sutton Street, Shadwell to Duke Street Hill, London Bridge"
"LINESTRING (-0.10044 51.498898,-0.087262 51.506304", "From Borough Road, Elephant & Castle to Duke Street Hill, London Bridge"
"LINESTRING (-0.096518 51.491327,-0.087262 51.506304", "From Walworth Square, Walworth to Duke Street Hill, London Bridge"
"LINESTRING (-0.08497 51.50964,-0.087262 51.506304", "From Monument Street, Monument to Duke Street Hill, London Bridge"
"LINESTRING (-0.088285 51.519069,-0.087262 51.506304", "From Moorfields, Moorgate to Duke Street Hill, London Bridge"
"LINESTRING (-0.082422 51.516154,-0.087262 51.506304", "From Wormwood Street, Liverpool Street to Duke Street Hill, London Bridge"
"LINESTRING (-0.073537 51.514233,-0.087262 51.506304", "From Braham Street, Aldgate to Duke Street Hill, London Bridge"
"LINESTRING (-0.107349 51.511891,-0.087262 51.506304", "From Tallis Street, Temple to Duke Street Hill, London Bridge"
"LINESTRING (-0.087587 51.514441,-0.087262 51.506304", "From Bank of England Museum, Bank to Duke Street Hill, London Bridge"
"LINESTRING (-0.075459 51.509506,-0.087262 51.506304", "From Tower Gardens , Tower to Duke Street Hill, London Bridge"
"LINESTRING (-0.068981 51.498585,-0.087262 51.506304", "From George Row, Bermondsey to Duke Street Hill, London Bridge"
"LINESTRING (-0.085634 51.520962,-0.087262 51.506304", "From Finsbury Square , Moorgate to Duke Street Hill, London Bridge"
"LINESTRING (-0.08497 51.50964,-0.087262 51.506304", "From Monument Street, Monument to Duke Street Hill, London Bridge"
"LINESTRING (-0.099981 51.532661,-0.087262 51.506304", "From Graham Street, Angel to Duke Street Hill, London Bridge"
"LINESTRING (-0.090847 51.525893,-0.087262 51.506304", "From Bath Street, St. Luke's to Duke Street Hill, London Bridge"
"LINESTRING (-0.076793 51.513406,-0.087262 51.506304", "From Jewry Street, Aldgate to Duke Street Hill, London Bridge"
"LINESTRING (-0.085634 51.520962,-0.087262 51.506304", "From Finsbury Square , Moorgate to Duke Street Hill, London Bridge"
"LINESTRING (-0.130458 51.494816,-0.087262 51.506304", "From Horseferry Road, Westminster to Duke Street Hill, London Bridge"
"LINESTRING (-0.086685 51.517075,-0.087262 51.506304", "From Finsbury Circus, Liverpool Street to Duke Street Hill, London Bridge"
"LINESTRING (-0.092921 51.494436,-0.087262 51.506304", "From New Kent Road, The Borough to Duke Street Hill, London Bridge"
"LINESTRING (-0.086685 51.517075,-0.087262 51.506304", "From Finsbury Circus, Liverpool Street to Duke Street Hill, London Bridge"
"LINESTRING (-0.059091 51.528692,-0.087262 51.506304", "From Clarkson Street, Bethnal Green to Duke Street Hill, London Bridge"
"LINESTRING (-0.058826 51.54119,-0.087262 51.506304", "From London Fields, Hackney Central to Duke Street Hill, London Bridge"
"LINESTRING (-0.04915 51.498439,-0.087262 51.506304", "From Canada Water Station, Rotherhithe to Duke Street Hill, London Bridge"
"LINESTRING (-0.092754 51.505974,-0.087262 51.506304", "From Park Street, Bankside to Duke Street Hill, London Bridge"
"LINESTRING (-0.106237 51.507244,-0.087262 51.506304", "From Milroy Walk, South Bank to Duke Street Hill, London Bridge"
"LINESTRING (-0.082422 51.516154,-0.087262 51.506304", "From Wormwood Street, Liverpool Street to Duke Street Hill, London Bridge"
"LINESTRING (-0.079608 51.521668,-0.087262 51.506304", "From Worship Street, Shoreditch to Duke Street Hill, London Bridge"
"LINESTRING (-0.0786 51.500647,-0.087262 51.506304", "From Tanner Street, Bermondsey to Duke Street Hill, London Bridge"
"LINESTRING (-0.083067 51.523196,-0.087262 51.506304", "From Clifton Street, Shoreditch to Duke Street Hill, London Bridge"
"LINESTRING (-0.070133 51.515231,-0.087262 51.506304", "From Central House, Whitechapel to Duke Street Hill, London Bridge"
"LINESTRING (-0.123702 51.506767,-0.087262 51.506304", "From Northumberland Avenue, Strand to Duke Street Hill, London Bridge"
"LINESTRING (-0.055846 51.499169,-0.087262 51.506304", "From Rotherhithe Roundabout, Rotherhithe to Duke Street Hill, London Bridge"
"LINESTRING (-0.075578 51.52127,-0.087262 51.506304", "From Commercial Street, Shoreditch to Duke Street Hill, London Bridge"
"LINESTRING (-0.097122 51.529423,-0.087262 51.506304", "From Macclesfield Rd, St Lukes to Duke Street Hill, London Bridge"
"LINESTRING (-0.096496 51.517821,-0.087262 51.506304", "From Museum of London, Barbican to Duke Street Hill, London Bridge"
"LINESTRING (-0.077121 51.511594,-0.087262 51.506304", "From Crosswall, Tower to Duke Street Hill, London Bridge"
"LINESTRING (-0.075459 51.509506,-0.087262 51.506304", "From Tower Gardens , Tower to Duke Street Hill, London Bridge"
"LINESTRING (-0.106992 51.534504,-0.087262 51.506304", "From Liverpool Road (N1 Centre), Angel to Duke Street Hill, London Bridge"
"LINESTRING (-0.087587 51.514441,-0.087262 51.506304", "From Bank of England Museum, Bank to Duke Street Hill, London Bridge"
"LINESTRING (-0.108657 51.51795,-0.087262 51.506304", "From Holborn Circus, Holborn to Duke Street Hill, London Bridge"
"LINESTRING (-0.09885 51.515418,-0.087262 51.506304", "From Newgate Street , St. Paul's to Duke Street Hill, London Bridge"
"LINESTRING (-0.08497 51.50964,-0.087262 51.506304", "From Monument Street, Monument to Duke Street Hill, London Bridge"
"LINESTRING (-0.116625 51.486965,-0.087262 51.506304", "From Vauxhall Street, Vauxhall to Duke Street Hill, London Bridge"
"LINESTRING (-0.051394 51.520893,-0.087262 51.506304", "From Cleveland Way, Stepney to Duke Street Hill, London Bridge"
"LINESTRING (-0.070133 51.515231,-0.087262 51.506304", "From Central House, Whitechapel to Duke Street Hill, London Bridge"
"LINESTRING (-0.088285 51.519069,-0.087262 51.506304", "From Moorfields, Moorgate to Duke Street Hill, London Bridge"
"LINESTRING (-0.066078 51.514924,-0.087262 51.506304", "From LMU Commercial Road, Whitechapel to Duke Street Hill, London Bridge"
"LINESTRING (-0.082422 51.516154,-0.087262 51.506304", "From Wormwood Street, Liverpool Street to Duke Street Hill, London Bridge"
"LINESTRING (-0.102091 51.500693,-0.087262 51.506304", "From Webber Street , Southwark to Duke Street Hill, London Bridge"
"LINESTRING (-0.089659 51.52548,-0.087262 51.506304", "From Old Street Station, St. Luke's to Duke Street Hill, London Bridge"
"LINESTRING (-0.073537 51.514233,-0.087262 51.506304", "From Braham Street, Aldgate to Duke Street Hill, London Bridge"
"LINESTRING (-0.100292 51.501732,-0.087262 51.506304", "From Great Suffolk Street, The Borough to Duke Street Hill, London Bridge"
"LINESTRING (-0.071653 51.522617,-0.087262 51.506304", "From Brick Lane Market, Shoreditch to Duke Street Hill, London Bridge"
"LINESTRING (-0.113426 51.503919,-0.087262 51.506304", "From Waterloo Station 2, Waterloo to Duke Street Hill, London Bridge"
"LINESTRING (-0.167894 51.493184,-0.150817 51.505426", "From Sloane Avenue, Knightsbridge to Park Lane, Mayfair"
"LINESTRING (-0.149186 51.490491,-0.150817 51.505426", "From Ebury Bridge, Pimlico to Park Lane, Mayfair"
"LINESTRING (-0.19024 51.515529,-0.150817 51.505426", "From Westbourne Grove, Bayswater to Park Lane, Mayfair"
"LINESTRING (-0.15352 51.503117,-0.150817 51.505426", "From Hyde Park Corner, Hyde Park to Park Lane, Mayfair"
"LINESTRING (-0.157788 51.465123,-0.150817 51.505426", "From Sugden Road, Clapham to Park Lane, Mayfair"
"LINESTRING (-0.157436 51.512276,-0.150817 51.505426", "From Green Street, Mayfair to Park Lane, Mayfair"
"LINESTRING (-0.15352 51.503117,-0.150817 51.505426", "From Hyde Park Corner, Hyde Park to Park Lane, Mayfair"
"LINESTRING (-0.141334 51.492345,-0.150817 51.505426", "From Guildhouse Street, Victoria to Park Lane, Mayfair"
"LINESTRING (-0.150481 51.51217,-0.150817 51.505426", "From Grosvenor Square, Mayfair to Park Lane, Mayfair"
"LINESTRING (-0.221791 51.49968,-0.150817 51.505426", "From Blythe Road West, Shepherd's Bush to Park Lane, Mayfair"
"LINESTRING (-0.161203 51.496886,-0.150817 51.505426", "From Pont Street, Knightsbridge to Park Lane, Mayfair"
"LINESTRING (-0.19096 51.51244,-0.150817 51.505426", "From Ilchester Gardens, Bayswater to Park Lane, Mayfair"
"LINESTRING (-0.161203 51.496886,-0.150817 51.505426", "From Pont Street, Knightsbridge to Park Lane, Mayfair"
"LINESTRING (-0.155525 51.516204,-0.150817 51.505426", "From Portman Square, Marylebone to Park Lane, Mayfair"
"LINESTRING (-0.153933 51.494561,-0.150817 51.505426", "From Eaton Square (South), Belgravia to Park Lane, Mayfair"
"LINESTRING (-0.165842 51.522029,-0.150817 51.505426", "From Bell Street , Marylebone to Park Lane, Mayfair"
"LINESTRING (-0.194116 51.479932,-0.175407 51.462305", "From Fulham Broadway, Walham Green to Plough Terrace, Clapham Junction"
"LINESTRING (-0.180274 51.481805,-0.175407 51.462305", "From World's End Place, West Chelsea to Plough Terrace, Clapham Junction"
"LINESTRING (-0.180274 51.481805,-0.175407 51.462305", "From World's End Place, West Chelsea to Plough Terrace, Clapham Junction"
"LINESTRING (-0.139221 51.461388,-0.175407 51.462305", "From Clapham Common Station, Clapham Common to Plough Terrace, Clapham Junction"
"LINESTRING (-0.175407 51.462305,-0.175407 51.462305", "From Plough Terrace, Clapham Junction to Plough Terrace, Clapham Junction"
"LINESTRING (-0.183165 51.474665,-0.175407 51.462305", "From Imperial Wharf Station, Sands End to Plough Terrace, Clapham Junction"
"LINESTRING (-0.175407 51.462305,-0.175407 51.462305", "From Plough Terrace, Clapham Junction to Plough Terrace, Clapham Junction"
"LINESTRING (-0.117122 51.490994,-0.175407 51.462305", "From Black Prince Road, Vauxhall to Plough Terrace, Clapham Junction"
"LINESTRING (-0.198735 51.46067,-0.175407 51.462305", "From Osiers Road, Wandsworth to Plough Terrace, Clapham Junction"
"LINESTRING (-0.170194 51.489716,-0.175407 51.462305", "From St. Luke's Church, Chelsea to Plough Terrace, Clapham Junction"
"LINESTRING (-0.182126 51.463489,-0.175407 51.462305", "From Usk Road, Clapham Junction to Plough Terrace, Clapham Junction"
"LINESTRING (-0.175407 51.462305,-0.175407 51.462305", "From Plough Terrace, Clapham Junction to Plough Terrace, Clapham Junction"
"LINESTRING (-0.195777 51.479463,-0.175407 51.462305", "From Erin Close, Walham Green to Plough Terrace, Clapham Junction"
"LINESTRING (-0.130908 51.464995,-0.175407 51.462305", "From Gauden Road, Clapham to Plough Terrace, Clapham Junction"
"LINESTRING (-0.10527 51.515809,-0.175407 51.462305", "From Stonecutter Street, Holborn to Plough Terrace, Clapham Junction"
"LINESTRING (-0.139221 51.461388,-0.175407 51.462305", "From Clapham Common Station, Clapham Common to Plough Terrace, Clapham Junction"
"LINESTRING (-0.138846 51.510048,-0.175407 51.462305", "From Sackville Street, Mayfair to Plough Terrace, Clapham Junction"
"LINESTRING (-0.187427 51.460864,-0.173029 51.464894", "From Wandsworth Town Station, Wandsworth to Grant Road East, Clapham Junction"
"LINESTRING (-0.199783 51.472817,-0.173029 51.464894", "From Parson's Green , Parson's Green to Grant Road East, Clapham Junction"
"LINESTRING (-0.208485 51.478939,-0.173029 51.464894", "From St. Peter's Terrace, Fulham to Grant Road East, Clapham Junction"
"LINESTRING (-0.187427 51.460864,-0.173029 51.464894", "From Wandsworth Town Station, Wandsworth to Grant Road East, Clapham Junction"
"LINESTRING (-0.187427 51.460864,-0.173029 51.464894", "From Wandsworth Town Station, Wandsworth to Grant Road East, Clapham Junction"
"LINESTRING (-0.209973 51.481021,-0.173029 51.464894", "From Aintree Street, Fulham to Grant Road East, Clapham Junction"
"LINESTRING (-0.116628 51.500089,-0.173029 51.464894", "From Lambeth Palace Road, Waterloo to Grant Road East, Clapham Junction"
"LINESTRING (-0.163347 51.474392,-0.173029 51.464894", "From Albert Bridge Road, Battersea Park to Grant Road East, Clapham Junction"
"LINESTRING (-0.207842 51.471079,-0.173029 51.464894", "From Elysium Place, Fulham to Grant Road East, Clapham Junction"
"LINESTRING (-0.17581 51.517335,-0.173029 51.464894", "From South Wharf Road, Paddington to Grant Road East, Clapham Junction"
"LINESTRING (-0.180389 51.46517,-0.173029 51.464894", "From Hibbert Street, Battersea to Grant Road East, Clapham Junction"
"LINESTRING (-0.189155 51.477292,-0.173029 51.464894", "From Michael Road, Walham Green to Grant Road East, Clapham Junction"
"LINESTRING (-0.155442 51.474376,-0.173029 51.464894", "From Austin Road, Battersea Park to Grant Road East, Clapham Junction"
"LINESTRING (-0.182126 51.463489,-0.173029 51.464894", "From Usk Road, Clapham Junction to Grant Road East, Clapham Junction"
"LINESTRING (-0.182126 51.463489,-0.173029 51.464894", "From Usk Road, Clapham Junction to Grant Road East, Clapham Junction"
"LINESTRING (-0.224103 51.509158,-0.173029 51.464894", "From Westfield Ariel Way, White City to Grant Road East, Clapham Junction"
"LINESTRING (-0.187427 51.460864,-0.173029 51.464894", "From Wandsworth Town Station, Wandsworth to Grant Road East, Clapham Junction"
"LINESTRING (-0.180389 51.46517,-0.173029 51.464894", "From Hibbert Street, Battersea to Grant Road East, Clapham Junction"
"LINESTRING (-0.198735 51.46067,-0.173029 51.464894", "From Osiers Road, Wandsworth to Grant Road East, Clapham Junction"
"LINESTRING (-0.192165 51.457529,-0.173029 51.464894", "From Ram Street, Wandsworth to Grant Road East, Clapham Junction"
"LINESTRING (-0.194116 51.479932,-0.173029 51.464894", "From Fulham Broadway, Walham Green to Grant Road East, Clapham Junction"
"LINESTRING (-0.201968 51.475089,-0.173029 51.464894", "From Parsons Green Station, Parsons Green to Grant Road East, Clapham Junction"
"LINESTRING (-0.180884 51.459225,-0.173029 51.464894", "From Spanish Road, Clapham Junction to Grant Road East, Clapham Junction"
"LINESTRING (-0.183165 51.474665,-0.173029 51.464894", "From Imperial Wharf Station, Sands End to Grant Road East, Clapham Junction"
"LINESTRING (-0.236769 51.494223,-0.173029 51.464894", "From Ravenscourt Park Station, Hammersmith to Grant Road East, Clapham Junction"
"LINESTRING (-0.208485 51.478939,-0.173029 51.464894", "From St. Peter's Terrace, Fulham to Grant Road East, Clapham Junction"
"LINESTRING (-0.198735 51.46067,-0.173029 51.464894", "From Osiers Road, Wandsworth to Grant Road East, Clapham Junction"
"LINESTRING (-0.195197 51.454752,-0.173029 51.464894", "From Neville Gill Close, Wandsworth to Grant Road East, Clapham Junction"
"LINESTRING (-0.18119 51.485587,-0.173029 51.464894", "From Limerston Street, West Chelsea to Grant Road East, Clapham Junction"
"LINESTRING (-0.193254 51.476259,-0.173029 51.464894", "From Eel Brook Common, Walham Green to Grant Road East, Clapham Junction"
"LINESTRING (-0.182126 51.463489,-0.173029 51.464894", "From Usk Road, Clapham Junction to Grant Road East, Clapham Junction"
"LINESTRING (-0.198735 51.46067,-0.173029 51.464894", "From Osiers Road, Wandsworth to Grant Road East, Clapham Junction"
"LINESTRING (-0.170329 51.477684,-0.173029 51.464894", "From Westbridge Road, Battersea to Grant Road East, Clapham Junction"
"LINESTRING (-0.198735 51.46067,-0.173029 51.464894", "From Osiers Road, Wandsworth to Grant Road East, Clapham Junction"
"LINESTRING (-0.200804 51.520509,-0.216104 51.50659", "From The Metropolitan, Portobello to Queensdale Road, Shepherd's Bush"
"LINESTRING (-0.217995 51.487285,-0.216104 51.50659", "From Charing Cross Hospital, Hammersmith to Queensdale Road, Shepherd's Bush"
"LINESTRING (-0.214762 51.5129,-0.216104 51.50659", "From Grenfell Road, Avondale to Queensdale Road, Shepherd's Bush"
"LINESTRING (-0.178656 51.501432,-0.216104 51.50659", "From Kensington Gore, Knightsbridge to Queensdale Road, Shepherd's Bush"
"LINESTRING (-0.213872 51.51687,-0.216104 51.50659", "From St. Mark's Road, North Kensington to Queensdale Road, Shepherd's Bush"
"LINESTRING (-0.165164 51.514746,-0.216104 51.50659", "From Porchester Place, Paddington to Queensdale Road, Shepherd's Bush"
"LINESTRING (-0.191496 51.503157,-0.216104 51.50659", "From Kensington Church Street, Kensington to Queensdale Road, Shepherd's Bush"
"LINESTRING (-0.201005 51.51787,-0.216104 51.50659", "From Westbourne Park Road, Portobello to Queensdale Road, Shepherd's Bush"
"LINESTRING (-0.174971 51.485121,-0.194116 51.479932", "From The Vale, Chelsea to Fulham Broadway, Walham Green"
"LINESTRING (-0.178433 51.492479,-0.194116 51.479932", "From Queen's Gate (South), South Kensington to Fulham Broadway, Walham Green"
"LINESTRING (-0.142207 51.485357,-0.194116 51.479932", "From Grosvenor Road, Pimlico to Fulham Broadway, Walham Green"
"LINESTRING (-0.204815 51.484386,-0.194116 51.479932", "From Normand Park, West Kensington to Fulham Broadway, Walham Green"
"LINESTRING (-0.147478 51.492369,-0.194116 51.479932", "From Elizabeth Bridge, Victoria to Fulham Broadway, Walham Green"
"LINESTRING (-0.194116 51.479932,-0.194116 51.479932", "From Fulham Broadway, Walham Green to Fulham Broadway, Walham Green"
"LINESTRING (-0.168917 51.497056,-0.194116 51.479932", "From Holy Trinity Brompton, Knightsbridge to Fulham Broadway, Walham Green"
"LINESTRING (-0.214428 51.486062,-0.194116 51.479932", "From Greyhound Road, Hammersmith to Fulham Broadway, Walham Green"
"LINESTRING (-0.191803 51.473611,-0.194116 51.479932", "From Sandilands Road, Walham Green to Fulham Broadway, Walham Green"
"LINESTRING (-0.216573 51.466907,-0.194116 51.479932", "From Putney Pier, Wandsworth to Fulham Broadway, Walham Green"
"LINESTRING (-0.190346 51.46822,-0.194116 51.479932", "From Stephendale Road, Sands End to Fulham Broadway, Walham Green"
"LINESTRING (-0.172078 51.482567,-0.194116 51.479932", "From Danvers Street, West Chelsea to Fulham Broadway, Walham Green"
"LINESTRING (-0.183289 51.496462,-0.194116 51.479932", "From Gloucester Road (Central), South Kensington to Fulham Broadway, Walham Green"
"LINESTRING (-0.138089 51.484839,-0.194116 51.479932", "From Claverton Street, Pimlico to Fulham Broadway, Walham Green"
"LINESTRING (-0.194116 51.479932,-0.194116 51.479932", "From Fulham Broadway, Walham Green to Fulham Broadway, Walham Green"
"LINESTRING (-0.16716 51.47518,-0.194116 51.479932", "From Surrey Lane, Battersea to Fulham Broadway, Walham Green"
"LINESTRING (-0.190346 51.46822,-0.194116 51.479932", "From Stephendale Road, Sands End to Fulham Broadway, Walham Green"
"LINESTRING (-0.205279 51.487244,-0.194116 51.479932", "From Star Road, West Kensington to Fulham Broadway, Walham Green"
"LINESTRING (-0.170194 51.489716,-0.194116 51.479932", "From St. Luke's Church, Chelsea to Fulham Broadway, Walham Green"
"LINESTRING (-0.153645 51.512911,-0.194116 51.479932", "From North Audley Street, Mayfair to Fulham Broadway, Walham Green"
"LINESTRING (-0.179038 51.479573,-0.194116 51.479932", "From Lots Road, West Chelsea to Fulham Broadway, Walham Green"
"LINESTRING (-0.183165 51.474665,-0.194116 51.479932", "From Imperial Wharf Station, Sands End to Fulham Broadway, Walham Green"
"LINESTRING (-0.176267 51.472876,-0.194116 51.479932", "From Vicarage Crescent, Battersea to Fulham Broadway, Walham Green"
"LINESTRING (-0.194116 51.479932,-0.194116 51.479932", "From Fulham Broadway, Walham Green to Fulham Broadway, Walham Green"
"LINESTRING (-0.183165 51.474665,-0.194116 51.479932", "From Imperial Wharf Station, Sands End to Fulham Broadway, Walham Green"
"LINESTRING (-0.168917 51.497056,-0.194116 51.479932", "From Holy Trinity Brompton, Knightsbridge to Fulham Broadway, Walham Green"
"LINESTRING (-0.228188 51.494499,-0.194116 51.479932", "From Southerton Road, Hammersmith to Fulham Broadway, Walham Green"
"LINESTRING (-0.191803 51.473611,-0.194116 51.479932", "From Sandilands Road, Walham Green to Fulham Broadway, Walham Green"
"LINESTRING (-0.202038 51.48357,-0.194116 51.479932", "From Coomer Place, West Kensington to Fulham Broadway, Walham Green"
"LINESTRING (-0.223616 51.485743,-0.194116 51.479932", "From Manbre Road, Hammersmith to Fulham Broadway, Walham Green"
"LINESTRING (-0.209378 51.489591,-0.194116 51.479932", "From Vereker Road, West Kensington to Fulham Broadway, Walham Green"
"LINESTRING (-0.18119 51.490945,-0.194116 51.479932", "From Old Brompton Road, South Kensington to Fulham Broadway, Walham Green"
"LINESTRING (-0.194116 51.479932,-0.194116 51.479932", "From Fulham Broadway, Walham Green to Fulham Broadway, Walham Green"
"LINESTRING (-0.183165 51.474665,-0.194116 51.479932", "From Imperial Wharf Station, Sands End to Fulham Broadway, Walham Green"
"LINESTRING (-0.18498 51.501737,-0.194116 51.479932", "From De Vere Gardens, Kensington to Fulham Broadway, Walham Green"
"LINESTRING (-0.179038 51.479573,-0.194116 51.479932", "From Lots Road, West Chelsea to Fulham Broadway, Walham Green"
"LINESTRING (-0.153645 51.512911,-0.194116 51.479932", "From North Audley Street, Mayfair to Fulham Broadway, Walham Green"
"LINESTRING (-0.20782 51.473471,-0.194116 51.479932", "From Fulham Park Road, Fulham to Fulham Broadway, Walham Green"
"LINESTRING (-0.18498 51.501737,-0.194116 51.479932", "From De Vere Gardens, Kensington to Fulham Broadway, Walham Green"
"LINESTRING (-0.167919 51.484984,-0.194116 51.479932", "From Phene Street, Chelsea to Fulham Broadway, Walham Green"
"LINESTRING (-0.173029 51.464894,-0.194116 51.479932", "From Grant Road East, Clapham Junction to Fulham Broadway, Walham Green"
"LINESTRING (-0.132845 51.489975,-0.194116 51.479932", "From Rampayne Street, Pimlico to Fulham Broadway, Walham Green"
"LINESTRING (-0.152317 51.499412,-0.194116 51.479932", "From Belgrave Square, Belgravia to Fulham Broadway, Walham Green"
"LINESTRING (-0.21555 51.463211,-0.194116 51.479932", "From Montserrat Road , Putney to Fulham Broadway, Walham Green"
"LINESTRING (-0.191803 51.473611,-0.194116 51.479932", "From Sandilands Road, Walham Green to Fulham Broadway, Walham Green"
"LINESTRING (-0.205876 51.475698,-0.194116 51.479932", "From Chesilton Road, Fulham to Fulham Broadway, Walham Green"
"LINESTRING (-0.168917 51.497056,-0.194116 51.479932", "From Holy Trinity Brompton, Knightsbridge to Fulham Broadway, Walham Green"
"LINESTRING (-0.187278 51.475142,-0.194116 51.479932", "From Imperial Road, Sands End to Fulham Broadway, Walham Green"
"LINESTRING (-0.168917 51.497056,-0.194116 51.479932", "From Holy Trinity Brompton, Knightsbridge to Fulham Broadway, Walham Green"
"LINESTRING (-0.190346 51.46822,-0.194116 51.479932", "From Stephendale Road, Sands End to Fulham Broadway, Walham Green"
"LINESTRING (-0.161113 51.522596,-0.194116 51.479932", "From Dorset Square, Marylebone to Fulham Broadway, Walham Green"
"LINESTRING (-0.209378 51.489591,-0.194116 51.479932", "From Vereker Road, West Kensington to Fulham Broadway, Walham Green"
"LINESTRING (-0.193254 51.476259,-0.194116 51.479932", "From Eel Brook Common, Walham Green to Fulham Broadway, Walham Green"
"LINESTRING (-0.19701 51.473763,-0.194116 51.479932", "From Irene Road, Parsons Green to Fulham Broadway, Walham Green"
"LINESTRING (-0.168917 51.497056,-0.194116 51.479932", "From Holy Trinity Brompton, Knightsbridge to Fulham Broadway, Walham Green"
"LINESTRING (-0.193254 51.476259,-0.194116 51.479932", "From Eel Brook Common, Walham Green to Fulham Broadway, Walham Green"
"LINESTRING (-0.166221 51.490714,-0.194116 51.479932", "From Chelsea Green, Chelsea to Fulham Broadway, Walham Green"
"LINESTRING (-0.194116 51.479932,-0.194116 51.479932", "From Fulham Broadway, Walham Green to Fulham Broadway, Walham Green"
"LINESTRING (-0.18498 51.501737,-0.194116 51.479932", "From De Vere Gardens, Kensington to Fulham Broadway, Walham Green"
"LINESTRING (-0.191803 51.473611,-0.194116 51.479932", "From Sandilands Road, Walham Green to Fulham Broadway, Walham Green"
"LINESTRING (-0.228188 51.494499,-0.194116 51.479932", "From Southerton Road, Hammersmith to Fulham Broadway, Walham Green"
"LINESTRING (-0.211358 51.510101,-0.194116 51.479932", "From Walmer Road, Avondale to Fulham Broadway, Walham Green"
"LINESTRING (-0.193502 51.467064,-0.194116 51.479932", "From South Park, Sands End to Fulham Broadway, Walham Green"
"LINESTRING (-0.202038 51.48357,-0.194116 51.479932", "From Coomer Place, West Kensington to Fulham Broadway, Walham Green"
"LINESTRING (-0.172078 51.482567,-0.194116 51.479932", "From Danvers Street, West Chelsea to Fulham Broadway, Walham Green"
"LINESTRING (-0.189155 51.477292,-0.194116 51.479932", "From Michael Road, Walham Green to Fulham Broadway, Walham Green"
"LINESTRING (-0.190346 51.46822,-0.194116 51.479932", "From Stephendale Road, Sands End to Fulham Broadway, Walham Green"
"LINESTRING (-0.184318 51.468819,-0.194116 51.479932", "From William Morris Way, Sands End to Fulham Broadway, Walham Green"
"LINESTRING (-0.18498 51.501737,-0.194116 51.479932", "From De Vere Gardens, Kensington to Fulham Broadway, Walham Green"
"LINESTRING (-0.190346 51.46822,-0.194116 51.479932", "From Stephendale Road, Sands End to Fulham Broadway, Walham Green"
"LINESTRING (-0.169821 51.466633,-0.194116 51.479932", "From Falcon Road, Clapham Junction to Fulham Broadway, Walham Green"
"LINESTRING (-0.18498 51.501737,-0.194116 51.479932", "From De Vere Gardens, Kensington to Fulham Broadway, Walham Green"
"LINESTRING (-0.17977 51.51348,-0.194116 51.479932", "From Devonshire Terrace, Bayswater to Fulham Broadway, Walham Green"
"LINESTRING (-0.18498 51.501737,-0.194116 51.479932", "From De Vere Gardens, Kensington to Fulham Broadway, Walham Green"
"LINESTRING (-0.194116 51.479932,-0.194116 51.479932", "From Fulham Broadway, Walham Green to Fulham Broadway, Walham Green"
"LINESTRING (-0.103078 51.511934,-0.187278 51.475142", "From Blackfriars Station, St. Paul's to Imperial Road, Sands End"
"LINESTRING (-0.184318 51.468819,-0.187278 51.475142", "From William Morris Way, Sands End to Imperial Road, Sands End"
"LINESTRING (-0.216526 51.460717,-0.187278 51.475142", "From Putney Rail Station, Putney to Imperial Road, Sands End"
"LINESTRING (-0.194116 51.479932,-0.187278 51.475142", "From Fulham Broadway, Walham Green to Imperial Road, Sands End"
"LINESTRING (-0.156876 51.49313,-0.187278 51.475142", "From Sedding Street, Sloane Square to Imperial Road, Sands End"
"LINESTRING (-0.141334 51.492345,-0.187278 51.475142", "From Guildhouse Street, Victoria to Imperial Road, Sands End"
"LINESTRING (-0.197609 51.483911,-0.187278 51.475142", "From Halford Road, West Kensington to Imperial Road, Sands End"
"LINESTRING (-0.205876 51.475698,-0.187278 51.475142", "From Chesilton Road, Fulham to Imperial Road, Sands End"
"LINESTRING (-0.195777 51.479463,-0.187278 51.475142", "From Erin Close, Walham Green to Imperial Road, Sands End"
"LINESTRING (-0.157275 51.510017,-0.187278 51.475142", "From Park Lane , Hyde Park to Imperial Road, Sands End"
"LINESTRING (-0.170329 51.477684,-0.187278 51.475142", "From Westbridge Road, Battersea to Imperial Road, Sands End"
"LINESTRING (-0.193254 51.476259,-0.187278 51.475142", "From Eel Brook Common, Walham Green to Imperial Road, Sands End"
"LINESTRING (-0.202038 51.48357,-0.187278 51.475142", "From Coomer Place, West Kensington to Imperial Road, Sands End"
"LINESTRING (-0.192165 51.457529,-0.187278 51.475142", "From Ram Street, Wandsworth to Imperial Road, Sands End"
"LINESTRING (-0.20782 51.473471,-0.187278 51.475142", "From Fulham Park Road, Fulham to Imperial Road, Sands End"
"LINESTRING (-0.223616 51.485743,-0.187278 51.475142", "From Manbre Road, Hammersmith to Imperial Road, Sands End"
"LINESTRING (-0.195777 51.479463,-0.187278 51.475142", "From Erin Close, Walham Green to Imperial Road, Sands End"
"LINESTRING (-0.183165 51.474665,-0.187278 51.475142", "From Imperial Wharf Station, Sands End to Imperial Road, Sands End"
"LINESTRING (-0.194116 51.479932,-0.187278 51.475142", "From Fulham Broadway, Walham Green to Imperial Road, Sands End"
"LINESTRING (-0.21186 51.483217,-0.187278 51.475142", "From Humbolt Road, Fulham to Imperial Road, Sands End"
"LINESTRING (-0.192165 51.457529,-0.187278 51.475142", "From Ram Street, Wandsworth to Imperial Road, Sands End"
"LINESTRING (-0.194116 51.479932,-0.187278 51.475142", "From Fulham Broadway, Walham Green to Imperial Road, Sands End"
"LINESTRING (-0.187842 51.509908,-0.187278 51.475142", "From Black Lion Gate, Kensington Gardens to Imperial Road, Sands End"
"LINESTRING (-0.149551 51.477619,-0.185273 51.481765", "From Queen's Circus, Battersea Park to Hortensia Road, West Brompton"
"LINESTRING (-0.19617 51.490853,-0.185273 51.481765", "From Trebovir Road, Earl's Court to Hortensia Road, West Brompton"
"LINESTRING (-0.169821 51.466633,-0.185273 51.481765", "From Falcon Road, Clapham Junction to Hortensia Road, West Brompton"
"LINESTRING (-0.190603 51.493631,-0.185273 51.481765", "From Knaresborough Place, Earl's Court to Hortensia Road, West Brompton"
"LINESTRING (-0.219486 51.512981,-0.185273 51.481765", "From Freston Road, Avondale to Hortensia Road, West Brompton"
"LINESTRING (-0.140741 51.488057,-0.185273 51.481765", "From Alderney Street, Pimlico to Hortensia Road, West Brompton"
"LINESTRING (-0.19617 51.490853,-0.185273 51.481765", "From Trebovir Road, Earl's Court to Hortensia Road, West Brompton"
"LINESTRING (-0.205284 51.496712,-0.185273 51.481765", "From Warwick Road, Olympia to Hortensia Road, West Brompton"
"LINESTRING (-0.183853 51.480898,-0.185273 51.481765", "From Thorndike Close, West Chelsea to Hortensia Road, West Brompton"
"LINESTRING (-0.179702 51.499428,-0.185273 51.481765", "From Imperial College, Knightsbridge to Hortensia Road, West Brompton"
"LINESTRING (-0.162418 51.490083,-0.185273 51.481765", "From Royal Avenue 2, Chelsea to Hortensia Road, West Brompton"
"LINESTRING (-0.183834 51.497924,-0.185273 51.481765", "From Gloucester Road (North), Kensington to Hortensia Road, West Brompton"
"LINESTRING (-0.194116 51.479932,-0.185273 51.481765", "From Fulham Broadway, Walham Green to Hortensia Road, West Brompton"
"LINESTRING (-0.150908 51.47505,-0.185273 51.481765", "From Alfreda Street, Battersea Park to Hortensia Road, West Brompton"
"LINESTRING (-0.134621 51.507424,-0.185273 51.481765", "From St. James's Square, St. James's to Hortensia Road, West Brompton"
"LINESTRING (-0.157788 51.465123,-0.185273 51.481765", "From Sugden Road, Clapham to Hortensia Road, West Brompton"
"LINESTRING (-0.132224 51.49206,-0.185273 51.481765", "From Regency Street, Westminster to Hortensia Road, West Brompton"
"LINESTRING (-0.209378 51.489591,-0.185273 51.481765", "From Vereker Road, West Kensington to Hortensia Road, West Brompton"
"LINESTRING (-0.179702 51.499428,-0.185273 51.481765", "From Imperial College, Knightsbridge to Hortensia Road, West Brompton"
"LINESTRING (-0.162727 51.489932,-0.185273 51.481765", "From Royal Avenue 1, Chelsea to Hortensia Road, West Brompton"
"LINESTRING (-0.204815 51.484386,-0.185273 51.481765", "From Normand Park, West Kensington to Hortensia Road, West Brompton"
"LINESTRING (-0.147714 51.483507,-0.185273 51.481765", "From Battersea Power Station, Battersea Park to Hortensia Road, West Brompton"
"LINESTRING (-0.209121 51.491026,-0.185273 51.481765", "From Gwendwr Road, West Kensington to Hortensia Road, West Brompton"
"LINESTRING (-0.158456 51.502953,-0.185273 51.481765", "From Albert Gate, Hyde Park to Hortensia Road, West Brompton"
"LINESTRING (-0.156876 51.49313,-0.185273 51.481765", "From Sedding Street, Sloane Square to Hortensia Road, West Brompton"
"LINESTRING (-0.15785 51.471095,-0.185273 51.481765", "From Culvert Road, Battersea to Hortensia Road, West Brompton"
"LINESTRING (-0.16716 51.47518,-0.185273 51.481765", "From Surrey Lane, Battersea to Hortensia Road, West Brompton"
"LINESTRING (-0.158456 51.502953,-0.185273 51.481765", "From Albert Gate, Hyde Park to Hortensia Road, West Brompton"
"LINESTRING (-0.173881 51.494412,-0.185273 51.481765", "From South Kensington Station, South Kensington to Hortensia Road, West Brompton"
"LINESTRING (-0.162418 51.490083,-0.185273 51.481765", "From Royal Avenue 2, Chelsea to Hortensia Road, West Brompton"
"LINESTRING (-0.182435 51.478169,-0.185273 51.481765", "From Upcerne Road, West Chelsea to Hortensia Road, West Brompton"
"LINESTRING (-0.196422 51.509353,-0.214594 51.510928", "From Notting Hill Gate Station, Notting Hill to Sirdar Road, Avondale"
"LINESTRING (-0.213872 51.51687,-0.214594 51.510928", "From St. Mark's Road, North Kensington to Sirdar Road, Avondale"
"LINESTRING (-0.208565 51.515108,-0.214594 51.510928", "From Blenheim Crescent, Ladbroke Grove to Sirdar Road, Avondale"
"LINESTRING (-0.216104 51.50659,-0.214594 51.510928", "From Queensdale Road, Shepherd's Bush to Sirdar Road, Avondale"
"LINESTRING (-0.193068 51.500397,-0.214594 51.510928", "From Wright's Lane, Kensington to Sirdar Road, Avondale"
"LINESTRING (-0.209378 51.489591,-0.214594 51.510928", "From Vereker Road, West Kensington to Sirdar Road, Avondale"
"LINESTRING (-0.147478 51.492369,-0.214594 51.510928", "From Elizabeth Bridge, Victoria to Sirdar Road, Avondale"
"LINESTRING (-0.14296 51.497998,-0.219486 51.512981", "From Warwick Row, Westminster to Freston Road, Avondale"
"LINESTRING (-0.179668 51.511654,-0.219486 51.512981", "From Lancaster Gate , Bayswater to Freston Road, Avondale"
"LINESTRING (-0.202608 51.51632,-0.219486 51.512981", "From All Saints Church, Portobello to Freston Road, Avondale"
"LINESTRING (-0.218337 51.506256,-0.219486 51.512981", "From Westfield Southern Terrace ,Shepherd's Bush to Freston Road, Avondale"
"LINESTRING (-0.222293 51.501594,-0.219486 51.512981", "From Shepherd's Bush Road North, Shepherd's Bush to Freston Road, Avondale"
"LINESTRING (-0.192369 51.491593,-0.219486 51.512981", "From Penywern Road, Earl's Court to Freston Road, Avondale"
"LINESTRING (-0.165842 51.522029,-0.219486 51.512981", "From Bell Street , Marylebone to Freston Road, Avondale"
"LINESTRING (-0.200742 51.502319,-0.219486 51.512981", "From Holland Park, Kensington to Freston Road, Avondale"
"LINESTRING (-0.196422 51.509353,-0.208565 51.515108", "From Notting Hill Gate Station, Notting Hill to Blenheim Crescent, Ladbroke Grove"
"LINESTRING (-0.19024 51.515529,-0.208565 51.515108", "From Westbourne Grove, Bayswater to Blenheim Crescent, Ladbroke Grove"
"LINESTRING (-0.183846 51.523344,-0.208565 51.515108", "From Warwick Avenue Station, Maida Vale to Blenheim Crescent, Ladbroke Grove"
"LINESTRING (-0.2135 51.496927,-0.208565 51.515108", "From Blythe Road, Olympia to Blenheim Crescent, Ladbroke Grove"
"LINESTRING (-0.17219 51.526448,-0.208565 51.515108", "From Lisson Grove, St. John's Wood to Blenheim Crescent, Ladbroke Grove"
"LINESTRING (-0.211593 51.51323,-0.208565 51.515108", "From Clarendon Road, Avondale to Blenheim Crescent, Ladbroke Grove"
"LINESTRING (-0.176645 51.518622,-0.208565 51.515108", "From North Wharf Road, Paddington to Blenheim Crescent, Ladbroke Grove"
"LINESTRING (-0.17219 51.526448,-0.208565 51.515108", "From Lisson Grove, St. John's Wood to Blenheim Crescent, Ladbroke Grove"
"LINESTRING (-0.169774 51.519968,-0.208565 51.515108", "From Edgware Road Station, Marylebone to Blenheim Crescent, Ladbroke Grove"
"LINESTRING (-0.214762 51.5129,-0.208565 51.515108", "From Grenfell Road, Avondale to Blenheim Crescent, Ladbroke Grove"
"LINESTRING (-0.205535 51.507481,-0.208565 51.515108", "From Lansdowne Road, Ladbroke Grove to Blenheim Crescent, Ladbroke Grove"
"LINESTRING (-0.201005 51.51787,-0.208565 51.515108", "From Westbourne Park Road, Portobello to Blenheim Crescent, Ladbroke Grove"
"LINESTRING (-0.147624 51.49395,-0.208565 51.515108", "From Eccleston Place, Victoria to Blenheim Crescent, Ladbroke Grove"
"LINESTRING (-0.115375 51.460232,-0.208565 51.515108", "From Saltoun Road, Brixton to Blenheim Crescent, Ladbroke Grove"
"LINESTRING (-0.215808 51.503802,-0.208565 51.515108", "From Hansard Mews, Holland Park to Blenheim Crescent, Ladbroke Grove"
"LINESTRING (-0.18119 51.485587,-0.212607 51.460792", "From Limerston Street, West Chelsea to Oxford Road, Putney"
"LINESTRING (-0.198735 51.46067,-0.212607 51.460792", "From Osiers Road, Wandsworth to Oxford Road, Putney"
"LINESTRING (-0.216145 51.46161,-0.212607 51.460792", "From Disraeli Road, Putney to Oxford Road, Putney"
"LINESTRING (-0.21555 51.463211,-0.212607 51.460792", "From Montserrat Road , Putney to Oxford Road, Putney"
"LINESTRING (-0.219346 51.482944,-0.212607 51.460792", "From Crabtree Lane, Fulham to Oxford Road, Putney"
"LINESTRING (-0.184806 51.457991,-0.212607 51.460792", "From Alma Road, Wandsworth to Oxford Road, Putney"
"LINESTRING (-0.21555 51.463211,-0.212607 51.460792", "From Montserrat Road , Putney to Oxford Road, Putney"
"LINESTRING (-0.180389 51.46517,-0.212607 51.460792", "From Hibbert Street, Battersea to Oxford Road, Putney"
"LINESTRING (-0.189155 51.477292,-0.172293 51.467454", "From Michael Road, Walham Green to Ingrave Street, Clapham Junction"
"LINESTRING (-0.15785 51.471095,-0.172293 51.467454", "From Culvert Road, Battersea to Ingrave Street, Clapham Junction"
"LINESTRING (-0.182435 51.478169,-0.172293 51.467454", "From Upcerne Road, West Chelsea to Ingrave Street, Clapham Junction"
"LINESTRING (-0.18119 51.485587,-0.172293 51.467454", "From Limerston Street, West Chelsea to Ingrave Street, Clapham Junction"
"LINESTRING (-0.148059 51.472865,-0.172293 51.467454", "From Silverthorne Road, Battersea to Ingrave Street, Clapham Junction"
"LINESTRING (-0.167894 51.493184,-0.182435 51.478169", "From Sloane Avenue, Knightsbridge to Upcerne Road, West Chelsea"
"LINESTRING (-0.147624 51.49395,-0.182435 51.478169", "From Eccleston Place, Victoria to Upcerne Road, West Chelsea"
"LINESTRING (-0.199135 51.468418,-0.182435 51.478169", "From Broomhouse Lane, Parsons Green to Upcerne Road, West Chelsea"
"LINESTRING (-0.16375 51.465064,-0.182435 51.478169", "From Dorothy Road, Clapham Junction to Upcerne Road, West Chelsea"
"LINESTRING (-0.162418 51.490083,-0.182435 51.478169", "From Royal Avenue 2, Chelsea to Upcerne Road, West Chelsea"
"LINESTRING (-0.148059 51.472865,-0.182435 51.478169", "From Silverthorne Road, Battersea to Upcerne Road, West Chelsea"
"LINESTRING (-0.157183 51.52026,-0.182435 51.478169", "From Crawford Street, Marylebone to Upcerne Road, West Chelsea"
"LINESTRING (-0.147478 51.492369,-0.182435 51.478169", "From Elizabeth Bridge, Victoria to Upcerne Road, West Chelsea"
"LINESTRING (-0.191462 51.501364,-0.182435 51.478169", "From Derry Street, Kensington to Upcerne Road, West Chelsea"
"LINESTRING (-0.13558 51.513684,-0.182435 51.478169", "From Broadwick Street, Soho to Upcerne Road, West Chelsea"
"LINESTRING (-0.179077 51.495592,-0.182435 51.478169", "From Natural History Museum, South Kensington to Upcerne Road, West Chelsea"
"LINESTRING (-0.178732 51.493967,-0.182435 51.478169", "From Queen's Gate (Central), South Kensington to Upcerne Road, West Chelsea"
"LINESTRING (-0.104947 51.516785,-0.182435 51.478169", "From Farringdon Street, Holborn to Upcerne Road, West Chelsea"
"LINESTRING (-0.189155 51.477292,-0.182435 51.478169", "From Michael Road, Walham Green to Upcerne Road, West Chelsea"
"LINESTRING (-0.178732 51.493967,-0.182435 51.478169", "From Queen's Gate (Central), South Kensington to Upcerne Road, West Chelsea"
"LINESTRING (-0.141923 51.489856,-0.182435 51.478169", "From Warwick Square, Pimlico to Upcerne Road, West Chelsea"
"LINESTRING (-0.162727 51.489932,-0.182435 51.478169", "From Royal Avenue 1, Chelsea to Upcerne Road, West Chelsea"
"LINESTRING (-0.162298 51.522511,-0.182435 51.478169", "From Boston Place, Marylebone to Upcerne Road, West Chelsea"
"LINESTRING (-0.186753 51.491615,-0.182435 51.478169", "From Collingham Gardens, Earl's Court to Upcerne Road, West Chelsea"
"LINESTRING (-0.172293 51.467454,-0.182435 51.478169", "From Ingrave Street, Clapham Junction to Upcerne Road, West Chelsea"
"LINESTRING (-0.19617 51.490853,-0.182435 51.478169", "From Trebovir Road, Earl's Court to Upcerne Road, West Chelsea"
"LINESTRING (-0.197245 51.497387,-0.182435 51.478169", "From Abingdon Villas, Kensington to Upcerne Road, West Chelsea"
"LINESTRING (-0.149186 51.490491,-0.182435 51.478169", "From Ebury Bridge, Pimlico to Upcerne Road, West Chelsea"
"LINESTRING (-0.157183 51.52026,-0.182435 51.478169", "From Crawford Street, Marylebone to Upcerne Road, West Chelsea"
"LINESTRING (-0.121328 51.517606,-0.182435 51.478169", "From Southampton Place, Holborn to Upcerne Road, West Chelsea"
"LINESTRING (-0.179135 51.516417,-0.182435 51.478169", "From Eastbourne Mews, Paddington to Upcerne Road, West Chelsea"
"LINESTRING (-0.147624 51.49395,-0.182435 51.478169", "From Eccleston Place, Victoria to Upcerne Road, West Chelsea"
"LINESTRING (-0.182435 51.478169,-0.182435 51.478169", "From Upcerne Road, West Chelsea to Upcerne Road, West Chelsea"
"LINESTRING (-0.132845 51.489975,-0.182435 51.478169", "From Rampayne Street, Pimlico to Upcerne Road, West Chelsea"
"LINESTRING (-0.180274 51.481805,-0.182435 51.478169", "From World's End Place, West Chelsea to Upcerne Road, West Chelsea"
"LINESTRING (-0.156876 51.49313,-0.182435 51.478169", "From Sedding Street, Sloane Square to Upcerne Road, West Chelsea"
"LINESTRING (-0.13558 51.513684,-0.182435 51.478169", "From Broadwick Street, Soho to Upcerne Road, West Chelsea"
"LINESTRING (-0.16375 51.465064,-0.182435 51.478169", "From Dorothy Road, Clapham Junction to Upcerne Road, West Chelsea"
"LINESTRING (-0.192165 51.457529,-0.182435 51.478169", "From Ram Street, Wandsworth to Upcerne Road, West Chelsea"
"LINESTRING (-0.170194 51.489716,-0.182435 51.478169", "From St. Luke's Church, Chelsea to Upcerne Road, West Chelsea"
"LINESTRING (-0.170703 51.470847,-0.182435 51.478169", "From Simpson Street, Clapham Junction to Upcerne Road, West Chelsea"
"LINESTRING (-0.13558 51.513684,-0.182435 51.478169", "From Broadwick Street, Soho to Upcerne Road, West Chelsea"
"LINESTRING (-0.190346 51.46822,-0.182435 51.478169", "From Stephendale Road, Sands End to Upcerne Road, West Chelsea"
"LINESTRING (-0.13558 51.513684,-0.182435 51.478169", "From Broadwick Street, Soho to Upcerne Road, West Chelsea"
"LINESTRING (-0.13558 51.513684,-0.182435 51.478169", "From Broadwick Street, Soho to Upcerne Road, West Chelsea"
"LINESTRING (-0.138089 51.484839,-0.182435 51.478169", "From Claverton Street, Pimlico to Upcerne Road, West Chelsea"
"LINESTRING (-0.179702 51.499428,-0.182435 51.478169", "From Imperial College, Knightsbridge to Upcerne Road, West Chelsea"
"LINESTRING (-0.189155 51.477292,-0.182435 51.478169", "From Michael Road, Walham Green to Upcerne Road, West Chelsea"
"LINESTRING (-0.198735 51.46067,-0.182435 51.478169", "From Osiers Road, Wandsworth to Upcerne Road, West Chelsea"
"LINESTRING (-0.123616 51.529943,-0.179038 51.479573", "From Belgrove Street , King's Cross to Lots Road, West Chelsea"
"LINESTRING (-0.187404 51.487958,-0.179038 51.479573", "From Harcourt Terrace, West Brompton to Lots Road, West Chelsea"
"LINESTRING (-0.138364 51.492111,-0.179038 51.479573", "From Tachbrook Street, Victoria to Lots Road, West Chelsea"
"LINESTRING (-0.138089 51.484839,-0.179038 51.479573", "From Claverton Street, Pimlico to Lots Road, West Chelsea"
"LINESTRING (-0.147714 51.483507,-0.179038 51.479573", "From Battersea Power Station, Battersea Park to Lots Road, West Chelsea"
"LINESTRING (-0.17977 51.51348,-0.179038 51.479573", "From Devonshire Terrace, Bayswater to Lots Road, West Chelsea"
"LINESTRING (-0.179135 51.516417,-0.179038 51.479573", "From Eastbourne Mews, Paddington to Lots Road, West Chelsea"
"LINESTRING (-0.125674 51.491884,-0.179038 51.479573", "From Millbank Tower, Pimlico to Lots Road, West Chelsea"
"LINESTRING (-0.138089 51.484839,-0.179038 51.479573", "From Claverton Street, Pimlico to Lots Road, West Chelsea"
"LINESTRING (-0.157788 51.465123,-0.179038 51.479573", "From Sugden Road, Clapham to Lots Road, West Chelsea"
"LINESTRING (-0.192165 51.457529,-0.179038 51.479573", "From Ram Street, Wandsworth to Lots Road, West Chelsea"
"LINESTRING (-0.14177 51.479501,-0.179038 51.479573", "From Battersea Park Road, Nine Elms to Lots Road, West Chelsea"
"LINESTRING (-0.158105 51.494645,-0.179038 51.479573", "From Cadogan Place, Knightsbridge to Lots Road, West Chelsea"
"LINESTRING (-0.173881 51.494412,-0.179038 51.479573", "From South Kensington Station, South Kensington to Lots Road, West Chelsea"
"LINESTRING (-0.183165 51.474665,-0.179038 51.479573", "From Imperial Wharf Station, Sands End to Lots Road, West Chelsea"
"LINESTRING (-0.113885 51.51165,-0.179038 51.479573", "From Arundel Street to Lots Road, West Chelsea"
"LINESTRING (-0.219486 51.512981,-0.179038 51.479573", "From Freston Road, Avondale to Lots Road, West Chelsea"
"LINESTRING (-0.187278 51.475142,-0.179038 51.479573", "From Imperial Road, Sands End to Lots Road, West Chelsea"
"LINESTRING (-0.135635 51.488226,-0.179038 51.479573", "From St. George's Square, Pimlico to Lots Road, West Chelsea"
"LINESTRING (-0.194116 51.479932,-0.179038 51.479573", "From Fulham Broadway, Walham Green to Lots Road, West Chelsea"
"LINESTRING (-0.179702 51.499428,-0.179038 51.479573", "From Imperial College, Knightsbridge to Lots Road, West Chelsea"
"LINESTRING (-0.194116 51.479932,-0.179038 51.479573", "From Fulham Broadway, Walham Green to Lots Road, West Chelsea"
"LINESTRING (-0.148059 51.472865,-0.179038 51.479573", "From Silverthorne Road, Battersea to Lots Road, West Chelsea"
"LINESTRING (-0.179135 51.516417,-0.179038 51.479573", "From Eastbourne Mews, Paddington to Lots Road, West Chelsea"
"LINESTRING (-0.186753 51.491615,-0.179038 51.479573", "From Collingham Gardens, Earl's Court to Lots Road, West Chelsea"
"LINESTRING (-0.149004 51.485821,-0.179038 51.479573", "From Chelsea Bridge, Pimlico to Lots Road, West Chelsea"
"LINESTRING (-0.142783 51.51196,-0.179038 51.479573", "From St. George Street, Mayfair to Lots Road, West Chelsea"
"LINESTRING (-0.169821 51.466633,-0.179038 51.479573", "From Falcon Road, Clapham Junction to Lots Road, West Chelsea"
"LINESTRING (-0.179369 51.487196,-0.179038 51.479573", "From Drayton Gardens, West Chelsea to Lots Road, West Chelsea"
"LINESTRING (-0.133201 51.512515,-0.179038 51.479573", "From Wardour Street, Soho to Lots Road, West Chelsea"
"LINESTRING (-0.123823 51.501513,-0.179038 51.479573", "From Westminster Pier, Westminster to Lots Road, West Chelsea"
"LINESTRING (-0.104947 51.516785,-0.161765 51.487964", "From Farringdon Street, Holborn to Ormonde Gate, Chelsea"
"LINESTRING (-0.187404 51.487958,-0.161765 51.487964", "From Harcourt Terrace, West Brompton to Ormonde Gate, Chelsea"
"LINESTRING (-0.132845 51.489975,-0.161765 51.487964", "From Rampayne Street, Pimlico to Ormonde Gate, Chelsea"
"LINESTRING (-0.180274 51.481805,-0.161765 51.487964", "From World's End Place, West Chelsea to Ormonde Gate, Chelsea"
"LINESTRING (-0.155525 51.516204,-0.161765 51.487964", "From Portman Square, Marylebone to Ormonde Gate, Chelsea"
"LINESTRING (-0.121723 51.510701,-0.161765 51.487964", "From Southampton Street, Strand to Ormonde Gate, Chelsea"
"LINESTRING (-0.135635 51.488226,-0.161765 51.487964", "From St. George's Square, Pimlico to Ormonde Gate, Chelsea"
"LINESTRING (-0.138089 51.484839,-0.161765 51.487964", "From Claverton Street, Pimlico to Ormonde Gate, Chelsea"
"LINESTRING (-0.164786 51.477292,-0.161765 51.487964", "From Ethelburga Estate, Battersea Park to Ormonde Gate, Chelsea"
"LINESTRING (-0.165164 51.514746,-0.161765 51.487964", "From Porchester Place, Paddington to Ormonde Gate, Chelsea"
"LINESTRING (-0.174554 51.499917,-0.161765 51.487964", "From Exhibition Road, Knightsbridge to Ormonde Gate, Chelsea"
"LINESTRING (-0.135635 51.488226,-0.161765 51.487964", "From St. George's Square, Pimlico to Ormonde Gate, Chelsea"
"LINESTRING (-0.150908 51.47505,-0.161765 51.487964", "From Alfreda Street, Battersea Park to Ormonde Gate, Chelsea"
"LINESTRING (-0.18697 51.51616,-0.161765 51.487964", "From Bishop's Bridge Road West, Bayswater to Ormonde Gate, Chelsea"
"LINESTRING (-0.150481 51.51217,-0.161765 51.487964", "From Grosvenor Square, Mayfair to Ormonde Gate, Chelsea"
"LINESTRING (-0.135635 51.488226,-0.161765 51.487964", "From St. George's Square, Pimlico to Ormonde Gate, Chelsea"
"LINESTRING (-0.08066 51.514225,-0.079201 51.537277", "From St. Mary Axe, Aldgate to Hertford Road, De Beauvoir Town"
"LINESTRING (-0.083353 51.529537,-0.079201 51.537277", "From Fanshaw Street, Hoxton to Hertford Road, De Beauvoir Town"
"LINESTRING (-0.025492 51.530535,-0.079201 51.537277", "From Mostyn Grove, Bow to Hertford Road, De Beauvoir Town"
"LINESTRING (-0.025492 51.530535,-0.079201 51.537277", "From Mostyn Grove, Bow to Hertford Road, De Beauvoir Town"
"LINESTRING (-0.098031 51.505224,-0.079201 51.537277", "From Lavington Street, Bankside to Hertford Road, De Beauvoir Town"
"LINESTRING (-0.069542 51.512363,-0.079201 51.537277", "From Leman Street, Aldgate to Hertford Road, De Beauvoir Town"
"LINESTRING (-0.136039 51.519914,-0.079201 51.537277", "From Scala Street, Fitzrovia to Hertford Road, De Beauvoir Town"
"LINESTRING (-0.079249 51.518908,-0.079201 51.537277", "From Brushfield Street, Liverpool Street to Hertford Road, De Beauvoir Town"
"LINESTRING (-0.124826 51.516226,-0.079201 51.537277", "From High Holborn , Covent Garden to Hertford Road, De Beauvoir Town"
"LINESTRING (-0.10548 51.532199,-0.079201 51.537277", "From Torrens Street, Angel to Hertford Road, De Beauvoir Town"
"LINESTRING (-0.104947 51.516785,-0.079201 51.537277", "From Farringdon Street, Holborn to Hertford Road, De Beauvoir Town"
"LINESTRING (-0.062546 51.535678,-0.079201 51.537277", "From Regent's Row , Haggerston to Hertford Road, De Beauvoir Town"
"LINESTRING (-0.116542 51.504636,-0.079201 51.537277", "From Jubilee Gardens, South Bank to Hertford Road, De Beauvoir Town"
"LINESTRING (-0.084439 51.524696,-0.079201 51.537277", "From Leonard Circus , Shoreditch to Hertford Road, De Beauvoir Town"
"LINESTRING (-0.085634 51.520962,-0.079201 51.537277", "From Finsbury Square , Moorgate to Hertford Road, De Beauvoir Town"
"LINESTRING (-0.083353 51.529537,-0.079201 51.537277", "From Fanshaw Street, Hoxton to Hertford Road, De Beauvoir Town"
"LINESTRING (-0.078869 51.521113,-0.079201 51.537277", "From Norton Folgate, Liverpool Street to Hertford Road, De Beauvoir Town"
"LINESTRING (-0.084439 51.524696,-0.079201 51.537277", "From Leonard Circus , Shoreditch to Hertford Road, De Beauvoir Town"
"LINESTRING (-0.073438 51.51838,-0.079201 51.537277", "From Fashion Street, Whitechapel to Hertford Road, De Beauvoir Town"
"LINESTRING (-0.083353 51.529537,-0.079201 51.537277", "From Fanshaw Street, Hoxton to Hertford Road, De Beauvoir Town"
"LINESTRING (-0.090847 51.525893,-0.079201 51.537277", "From Bath Street, St. Luke's to Hertford Road, De Beauvoir Town"
"LINESTRING (-0.122299 51.530199,-0.079201 51.537277", "From Birkenhead Street, King's Cross to Hertford Road, De Beauvoir Town"
"LINESTRING (-0.079248 51.524526,-0.079201 51.537277", "From New Inn Yard, Shoreditch to Hertford Road, De Beauvoir Town"
"LINESTRING (-0.069743 51.528222,-0.074284 51.539328", "From Wellington Row, Bethnal Green to Haggerston Road, Haggerston"
"LINESTRING (-0.058826 51.54119,-0.074284 51.539328", "From London Fields, Hackney Central to Haggerston Road, Haggerston"
"LINESTRING (-0.054162 51.536424,-0.074284 51.539328", "From Victoria Park Road, Hackney Central to Haggerston Road, Haggerston"
"LINESTRING (-0.065076 51.52388,-0.074284 51.539328", "From Cheshire Street, Bethnal Green to Haggerston Road, Haggerston"
"LINESTRING (-0.10997 51.529163,-0.074284 51.539328", "From River Street , Clerkenwell to Haggerston Road, Haggerston"
"LINESTRING (-0.058826 51.54119,-0.074284 51.539328", "From London Fields, Hackney Central to Haggerston Road, Haggerston"
"LINESTRING (-0.062546 51.535678,-0.074284 51.539328", "From Regent's Row , Haggerston to Haggerston Road, Haggerston"
"LINESTRING (-0.074284 51.539328,-0.074284 51.539328", "From Haggerston Road, Haggerston to Haggerston Road, Haggerston"
"LINESTRING (-0.058826 51.54119,-0.074284 51.539328", "From London Fields, Hackney Central to Haggerston Road, Haggerston"
"LINESTRING (-0.01646 51.505772,-0.074284 51.539328", "From Import Dock, Canary Wharf to Haggerston Road, Haggerston"
"LINESTRING (-0.054162 51.536424,-0.074284 51.539328", "From Victoria Park Road, Hackney Central to Haggerston Road, Haggerston"
"LINESTRING (-0.087587 51.514441,-0.074284 51.539328", "From Bank of England Museum, Bank to Haggerston Road, Haggerston"
"LINESTRING (-0.049591 51.53341,-0.074284 51.539328", "From Bonner Gate, Victoria Park to Haggerston Road, Haggerston"
"LINESTRING (-0.084439 51.524696,-0.074284 51.539328", "From Leonard Circus , Shoreditch to Haggerston Road, Haggerston"
"LINESTRING (-0.060291 51.535716,-0.074284 51.539328", "From Ada Street, Hackney Central to Haggerston Road, Haggerston"
"LINESTRING (-0.112432 51.526599,-0.074284 51.539328", "From Margery Street, Clerkenwell to Haggerston Road, Haggerston"
"LINESTRING (-0.062546 51.535678,-0.074284 51.539328", "From Regent's Row , Haggerston to Haggerston Road, Haggerston"
"LINESTRING (-0.03338 51.535179,-0.074284 51.539328", "From Gunmakers Lane, Old Ford to Haggerston Road, Haggerston"
"LINESTRING (-0.062546 51.535678,-0.074284 51.539328", "From Regent's Row , Haggerston to Haggerston Road, Haggerston"
"LINESTRING (-0.088542 51.527025,-0.074284 51.539328", "From Baldwin Street, St. Luke's to Haggerston Road, Haggerston"
"LINESTRING (-0.102757 51.536384,-0.074284 51.539328", "From Islington Green, Angel to Haggerston Road, Haggerston"
"LINESTRING (-0.074284 51.539328,-0.074284 51.539328", "From Haggerston Road, Haggerston to Haggerston Road, Haggerston"
"LINESTRING (-0.062546 51.535678,-0.074284 51.539328", "From Regent's Row , Haggerston to Haggerston Road, Haggerston"
"LINESTRING (-0.058826 51.54119,-0.074284 51.539328", "From London Fields, Hackney Central to Haggerston Road, Haggerston"
"LINESTRING (-0.087262 51.506304,-0.074284 51.539328", "From Duke Street Hill, London Bridge to Haggerston Road, Haggerston"
"LINESTRING (-0.069543 51.525645,-0.074284 51.539328", "From Granby Street, Shoreditch to Haggerston Road, Haggerston"
"LINESTRING (-0.09294 51.511553,-0.074284 51.539328", "From Queen Street 1, Bank to Haggerston Road, Haggerston"
"LINESTRING (-0.062546 51.535678,-0.074284 51.539328", "From Regent's Row , Haggerston to Haggerston Road, Haggerston"
"LINESTRING (-0.102757 51.536384,-0.074284 51.539328", "From Islington Green, Angel to Haggerston Road, Haggerston"
"LINESTRING (-0.06142 51.532091,-0.074284 51.539328", "From Pritchard's Road, Bethnal Green to Haggerston Road, Haggerston"
"LINESTRING (-0.087587 51.514441,-0.074284 51.539328", "From Bank of England Museum, Bank to Haggerston Road, Haggerston"
"LINESTRING (-0.022694 51.521564,-0.074284 51.539328", "From Cantrell Road, Bow to Haggerston Road, Haggerston"
"LINESTRING (-0.102757 51.536384,-0.074284 51.539328", "From Islington Green, Angel to Haggerston Road, Haggerston"
"LINESTRING (-0.066035 51.531864,-0.074284 51.539328", "From Goldsmith's Row, Haggerston to Haggerston Road, Haggerston"
"LINESTRING (-0.09315 51.53356,-0.074284 51.539328", "From Eagle Wharf Road, Hoxton to Haggerston Road, Haggerston"
"LINESTRING (-0.06555 51.528681,-0.074284 51.539328", "From Durant Street, Bethnal Green to Haggerston Road, Haggerston"
"LINESTRING (-0.079249 51.518908,-0.074284 51.539328", "From Brushfield Street, Liverpool Street to Haggerston Road, Haggerston"
"LINESTRING (-0.06992 51.53385,-0.074284 51.539328", "From Queensbridge Road, Haggerston to Haggerston Road, Haggerston"
"LINESTRING (-0.15785 51.471095,-0.15785 51.471095", "From Culvert Road, Battersea to Culvert Road, Battersea"
"LINESTRING (-0.152248 51.467185,-0.15785 51.471095", "From Ashley Crescent, Battersea to Culvert Road, Battersea"
"LINESTRING (-0.139625 51.490962,-0.15785 51.471095", "From Gloucester Street, Pimlico to Culvert Road, Battersea"
"LINESTRING (-0.147857 51.477966,-0.15785 51.471095", "From Gas Holders, Battersea Park to Culvert Road, Battersea"
"LINESTRING (-0.147804 51.461376,-0.15785 51.471095", "From Victoria Rise, Clapham Common to Culvert Road, Battersea"
"LINESTRING (-0.147857 51.477966,-0.15785 51.471095", "From Gas Holders, Battersea Park to Culvert Road, Battersea"
"LINESTRING (-0.169821 51.466633,-0.15785 51.471095", "From Falcon Road, Clapham Junction to Culvert Road, Battersea"
"LINESTRING (-0.166878 51.488023,-0.15785 51.471095", "From Flood Street, Chelsea to Culvert Road, Battersea"
"LINESTRING (-0.190346 51.46822,-0.15785 51.471095", "From Stephendale Road, Sands End to Culvert Road, Battersea"
"LINESTRING (-0.115851 51.505044,-0.15785 51.471095", "From Concert Hall Approach 1, South Bank to Culvert Road, Battersea"
"LINESTRING (-0.124642 51.481747,-0.120909 51.516128", "From South Lambeth Road, Vauxhall to Newton Street, Covent Garden"
"LINESTRING (-0.108028 51.518825,-0.120909 51.516128", "From Hatton Garden, Holborn to Newton Street, Covent Garden"
"LINESTRING (-0.106408 51.530515,-0.120909 51.516128", "From Chadwell Street, Angel to Newton Street, Covent Garden"
"LINESTRING (-0.143613 51.523518,-0.120909 51.516128", "From Bolsover Street, Fitzrovia to Newton Street, Covent Garden"
"LINESTRING (-0.129698 51.500703,-0.120909 51.516128", "From Storey's Gate, Westminster to Newton Street, Covent Garden"
"LINESTRING (-0.131161 51.52505,-0.120909 51.516128", "From Taviton Street, Bloomsbury to Newton Street, Covent Garden"
"LINESTRING (-0.132053 51.518587,-0.120909 51.516128", "From Bayley Street , Bloomsbury to Newton Street, Covent Garden"
"LINESTRING (-0.113426 51.503919,-0.120909 51.516128", "From Waterloo Station 2, Waterloo to Newton Street, Covent Garden"
"LINESTRING (-0.162298 51.522511,-0.120909 51.516128", "From Boston Place, Marylebone to Newton Street, Covent Garden"
"LINESTRING (-0.112824 51.503791,-0.120909 51.516128", "From Waterloo Station 3, Waterloo to Newton Street, Covent Garden"
"LINESTRING (-0.113864 51.504027,-0.120909 51.516128", "From Waterloo Station 1, Waterloo to Newton Street, Covent Garden"
"LINESTRING (-0.115057 51.512582,-0.120909 51.516128", "From Strand, Strand to Newton Street, Covent Garden"
"LINESTRING (-0.217515 51.500353,-0.214762 51.5129", "From Richmond Way, Shepherd's Bush to Grenfell Road, Avondale"
"LINESTRING (-0.215808 51.503802,-0.214762 51.5129", "From Hansard Mews, Holland Park to Grenfell Road, Avondale"
"LINESTRING (-0.198286 51.493724,-0.214762 51.5129", "From West Cromwell Road, Earl's Court to Grenfell Road, Avondale"
"LINESTRING (-0.201554 51.512136,-0.214762 51.5129", "From Chepstow Villas, Notting Hill to Grenfell Road, Avondale"
"LINESTRING (-0.209494 51.498157,-0.214762 51.5129", "From Kensington Olympia Station, Olympia to Grenfell Road, Avondale"
"LINESTRING (-0.193068 51.500397,-0.214762 51.5129", "From Wright's Lane, Kensington to Grenfell Road, Avondale"
"LINESTRING (-0.223868 51.496664,-0.214762 51.5129", "From Little Brook Green, Brook Green to Grenfell Road, Avondale"
"LINESTRING (-0.199004 51.506584,-0.214762 51.5129", "From Campden Hill Road, Notting Hill to Grenfell Road, Avondale"
"LINESTRING (-0.216016 51.509224,-0.214762 51.5129", "From Rifle Place, Avondale to Grenfell Road, Avondale"
"LINESTRING (-0.191462 51.501364,-0.174971 51.485121", "From Derry Street, Kensington to The Vale, Chelsea"
"LINESTRING (-0.191933 51.495866,-0.174971 51.485121", "From Lexham Gardens, Kensington to The Vale, Chelsea"
"LINESTRING (-0.190346 51.46822,-0.174971 51.485121", "From Stephendale Road, Sands End to The Vale, Chelsea"
"LINESTRING (-0.180274 51.481805,-0.174971 51.485121", "From World's End Place, West Chelsea to The Vale, Chelsea"
"LINESTRING (-0.183289 51.496462,-0.174971 51.485121", "From Gloucester Road (Central), South Kensington to The Vale, Chelsea"
"LINESTRING (-0.183165 51.474665,-0.174971 51.485121", "From Imperial Wharf Station, Sands End to The Vale, Chelsea"
"LINESTRING (-0.111435 51.48894,-0.174971 51.485121", "From Kennington Cross, Kennington to The Vale, Chelsea"
"LINESTRING (-0.166878 51.488023,-0.174971 51.485121", "From Flood Street, Chelsea to The Vale, Chelsea"
"LINESTRING (-0.132845 51.489975,-0.174971 51.485121", "From Rampayne Street, Pimlico to The Vale, Chelsea"
"LINESTRING (-0.167894 51.493184,-0.174971 51.485121", "From Sloane Avenue, Knightsbridge to The Vale, Chelsea"
"LINESTRING (-0.147714 51.483507,-0.174971 51.485121", "From Battersea Power Station, Battersea Park to The Vale, Chelsea"
"LINESTRING (-0.183289 51.496462,-0.174971 51.485121", "From Gloucester Road (Central), South Kensington to The Vale, Chelsea"
"LINESTRING (-0.162418 51.490083,-0.174971 51.485121", "From Royal Avenue 2, Chelsea to The Vale, Chelsea"
"LINESTRING (-0.206827 51.467601,-0.174971 51.485121", "From Ranelagh Gardens, Fulham to The Vale, Chelsea"
"LINESTRING (-0.153645 51.512911,-0.174971 51.485121", "From North Audley Street, Mayfair to The Vale, Chelsea"
"LINESTRING (-0.148059 51.472865,-0.174971 51.485121", "From Silverthorne Road, Battersea to The Vale, Chelsea"
"LINESTRING (-0.18267 51.494185,-0.174971 51.485121", "From Gloucester Road Station, South Kensington to The Vale, Chelsea"
"LINESTRING (-0.183289 51.496462,-0.174971 51.485121", "From Gloucester Road (Central), South Kensington to The Vale, Chelsea"
"LINESTRING (-0.157788 51.465123,-0.174971 51.485121", "From Sugden Road, Clapham to The Vale, Chelsea"
"LINESTRING (-0.180884 51.459225,-0.174971 51.485121", "From Spanish Road, Clapham Junction to The Vale, Chelsea"
"LINESTRING (-0.183165 51.474665,-0.174971 51.485121", "From Imperial Wharf Station, Sands End to The Vale, Chelsea"
"LINESTRING (-0.213872 51.51687,-0.174971 51.485121", "From St. Mark's Road, North Kensington to The Vale, Chelsea"
"LINESTRING (-0.1844 51.502042,-0.174971 51.485121", "From Palace Gate, Kensington Gardens to The Vale, Chelsea"
"LINESTRING (-0.156876 51.49313,-0.174971 51.485121", "From Sedding Street, Sloane Square to The Vale, Chelsea"
"LINESTRING (-0.185273 51.481765,-0.174971 51.485121", "From Hortensia Road, West Brompton to The Vale, Chelsea"
"LINESTRING (-0.18267 51.494185,-0.174971 51.485121", "From Gloucester Road Station, South Kensington to The Vale, Chelsea"
"LINESTRING (-0.139956 51.493573,-0.174971 51.485121", "From Queen Mother Sports Centre, Victoria to The Vale, Chelsea"
"LINESTRING (-0.183165 51.474665,-0.174971 51.485121", "From Imperial Wharf Station, Sands End to The Vale, Chelsea"
"LINESTRING (-0.183165 51.474665,-0.174971 51.485121", "From Imperial Wharf Station, Sands End to The Vale, Chelsea"
"LINESTRING (-0.193068 51.500397,-0.174971 51.485121", "From Wright's Lane, Kensington to The Vale, Chelsea"
"LINESTRING (-0.183289 51.496462,-0.174971 51.485121", "From Gloucester Road (Central), South Kensington to The Vale, Chelsea"
"LINESTRING (-0.169821 51.466633,-0.174971 51.485121", "From Falcon Road, Clapham Junction to The Vale, Chelsea"
"LINESTRING (-0.204815 51.484386,-0.174971 51.485121", "From Normand Park, West Kensington to The Vale, Chelsea"
"LINESTRING (-0.167894 51.493184,-0.174971 51.485121", "From Sloane Avenue, Knightsbridge to The Vale, Chelsea"
"LINESTRING (-0.187404 51.487958,-0.174971 51.485121", "From Harcourt Terrace, West Brompton to The Vale, Chelsea"
"LINESTRING (-0.163347 51.474392,-0.174971 51.485121", "From Albert Bridge Road, Battersea Park to The Vale, Chelsea"
"LINESTRING (-0.174554 51.499917,-0.174971 51.485121", "From Exhibition Road, Knightsbridge to The Vale, Chelsea"
"LINESTRING (-0.098031 51.505224,-0.159169 51.475153", "From Lavington Street, Bankside to Prince of Wales Drive, Battersea Park"
"LINESTRING (-0.170703 51.470847,-0.159169 51.475153", "From Simpson Street, Clapham Junction to Prince of Wales Drive, Battersea Park"
"LINESTRING (-0.142844 51.506613,-0.159169 51.475153", "From Green Park Station, Mayfair to Prince of Wales Drive, Battersea Park"
"LINESTRING (-0.149551 51.477619,-0.159169 51.475153", "From Queen's Circus, Battersea Park to Prince of Wales Drive, Battersea Park"
"LINESTRING (-0.162418 51.490083,-0.159169 51.475153", "From Royal Avenue 2, Chelsea to Prince of Wales Drive, Battersea Park"
"LINESTRING (-0.191462 51.501364,-0.159169 51.475153", "From Derry Street, Kensington to Prince of Wales Drive, Battersea Park"
"LINESTRING (-0.166878 51.488023,-0.159169 51.475153", "From Flood Street, Chelsea to Prince of Wales Drive, Battersea Park"
"LINESTRING (-0.124642 51.481747,-0.159169 51.475153", "From South Lambeth Road, Vauxhall to Prince of Wales Drive, Battersea Park"
"LINESTRING (-0.132224 51.49206,-0.159169 51.475153", "From Regency Street, Westminster to Prince of Wales Drive, Battersea Park"
"LINESTRING (-0.172078 51.482567,-0.159169 51.475153", "From Danvers Street, West Chelsea to Prince of Wales Drive, Battersea Park"
"LINESTRING (-0.13544 51.497829,-0.159169 51.475153", "From Butler Place, Westminster to Prince of Wales Drive, Battersea Park"
"LINESTRING (-0.165297 51.461923,-0.159169 51.475153", "From Limburg Road, Clapham Junction to Prince of Wales Drive, Battersea Park"
"LINESTRING (-0.185273 51.481765,-0.159169 51.475153", "From Hortensia Road, West Brompton to Prince of Wales Drive, Battersea Park"
"LINESTRING (-0.169821 51.466633,-0.159169 51.475153", "From Falcon Road, Clapham Junction to Prince of Wales Drive, Battersea Park"
"LINESTRING (-0.147624 51.49395,-0.159169 51.475153", "From Eccleston Place, Victoria to Prince of Wales Drive, Battersea Park"
"LINESTRING (-0.136123 51.482362,-0.159169 51.475153", "From Riverlight North, Nine Elms to Prince of Wales Drive, Battersea Park"
"LINESTRING (-0.185273 51.481765,-0.159169 51.475153", "From Hortensia Road, West Brompton to Prince of Wales Drive, Battersea Park"
"LINESTRING (-0.087262 51.506304,-0.159169 51.475153", "From Duke Street Hill, London Bridge to Prince of Wales Drive, Battersea Park"
"LINESTRING (-0.129361 51.488365,-0.159169 51.475153", "From Vauxhall Bridge , Pimlico to Prince of Wales Drive, Battersea Park"
"LINESTRING (-0.130458 51.494816,-0.159169 51.475153", "From Horseferry Road, Westminster to Prince of Wales Drive, Battersea Park"
"LINESTRING (-0.166878 51.488023,-0.159169 51.475153", "From Flood Street, Chelsea to Prince of Wales Drive, Battersea Park"
"LINESTRING (-0.147857 51.477966,-0.159169 51.475153", "From Gas Holders, Battersea Park to Prince of Wales Drive, Battersea Park"
"LINESTRING (-0.168917 51.497056,-0.159169 51.475153", "From Holy Trinity Brompton, Knightsbridge to Prince of Wales Drive, Battersea Park"
"LINESTRING (-0.138846 51.510048,-0.159169 51.475153", "From Sackville Street, Mayfair to Prince of Wales Drive, Battersea Park"
"LINESTRING (-0.167894 51.493184,-0.159169 51.475153", "From Sloane Avenue, Knightsbridge to Prince of Wales Drive, Battersea Park"
"LINESTRING (-0.147714 51.483507,-0.159169 51.475153", "From Battersea Power Station, Battersea Park to Prince of Wales Drive, Battersea Park"
"LINESTRING (-0.195777 51.479463,-0.159169 51.475153", "From Erin Close, Walham Green to Prince of Wales Drive, Battersea Park"
"LINESTRING (-0.176267 51.472876,-0.159169 51.475153", "From Vicarage Crescent, Battersea to Prince of Wales Drive, Battersea Park"
"LINESTRING (-0.195197 51.454752,-0.187404 51.487958", "From Neville Gill Close, Wandsworth to Harcourt Terrace, West Brompton"
"LINESTRING (-0.173881 51.494412,-0.187404 51.487958", "From South Kensington Station, South Kensington to Harcourt Terrace, West Brompton"
"LINESTRING (-0.205991 51.501391,-0.187404 51.487958", "From Abbotsbury Road, Holland Park to Harcourt Terrace, West Brompton"
"LINESTRING (-0.124642 51.481747,-0.187404 51.487958", "From South Lambeth Road, Vauxhall to Harcourt Terrace, West Brompton"
"LINESTRING (-0.208486 51.506465,-0.187404 51.487958", "From Princedale Road , Holland Park to Harcourt Terrace, West Brompton"
"LINESTRING (-0.150908 51.47505,-0.187404 51.487958", "From Alfreda Street, Battersea Park to Harcourt Terrace, West Brompton"
"LINESTRING (-0.147624 51.49395,-0.187404 51.487958", "From Eccleston Place, Victoria to Harcourt Terrace, West Brompton"
"LINESTRING (-0.147449 51.509351,-0.187404 51.487958", "From Farm Street, Mayfair to Harcourt Terrace, West Brompton"
"LINESTRING (-0.163041 51.470538,-0.187404 51.487958", "From Sheepcote Lane, Battersea to Harcourt Terrace, West Brompton"
"LINESTRING (-0.18119 51.485587,-0.187404 51.487958", "From Limerston Street, West Chelsea to Harcourt Terrace, West Brompton"
"LINESTRING (-0.149551 51.477619,-0.187404 51.487958", "From Queen's Circus, Battersea Park to Harcourt Terrace, West Brompton"
"LINESTRING (-0.179135 51.516417,-0.187404 51.487958", "From Eastbourne Mews, Paddington to Harcourt Terrace, West Brompton"
"LINESTRING (-0.18119 51.485587,-0.187404 51.487958", "From Limerston Street, West Chelsea to Harcourt Terrace, West Brompton"
"LINESTRING (-0.179077 51.495592,-0.187404 51.487958", "From Natural History Museum, South Kensington to Harcourt Terrace, West Brompton"
"LINESTRING (-0.170329 51.477684,-0.187404 51.487958", "From Westbridge Road, Battersea to Harcourt Terrace, West Brompton"
"LINESTRING (-0.18119 51.485587,-0.187404 51.487958", "From Limerston Street, West Chelsea to Harcourt Terrace, West Brompton"
"LINESTRING (-0.17581 51.517335,-0.187404 51.487958", "From South Wharf Road, Paddington to Harcourt Terrace, West Brompton"
"LINESTRING (-0.190603 51.493631,-0.187404 51.487958", "From Knaresborough Place, Earl's Court to Harcourt Terrace, West Brompton"
"LINESTRING (-0.173881 51.494412,-0.187404 51.487958", "From South Kensington Station, South Kensington to Harcourt Terrace, West Brompton"
"LINESTRING (-0.192369 51.491593,-0.187404 51.487958", "From Penywern Road, Earl's Court to Harcourt Terrace, West Brompton"
"LINESTRING (-0.195777 51.479463,-0.187404 51.487958", "From Erin Close, Walham Green to Harcourt Terrace, West Brompton"
"LINESTRING (-0.202038 51.48357,-0.187404 51.487958", "From Coomer Place, West Kensington to Harcourt Terrace, West Brompton"
"LINESTRING (-0.149551 51.477619,-0.187404 51.487958", "From Queen's Circus, Battersea Park to Harcourt Terrace, West Brompton"
"LINESTRING (-0.138089 51.484839,-0.187404 51.487958", "From Claverton Street, Pimlico to Harcourt Terrace, West Brompton"
"LINESTRING (-0.166221 51.490714,-0.187404 51.487958", "From Chelsea Green, Chelsea to Harcourt Terrace, West Brompton"
"LINESTRING (-0.173757 51.496471,-0.187404 51.487958", "From Exhibition Road Museums 1, South Kensington to Harcourt Terrace, West Brompton"
"LINESTRING (-0.197574 51.499606,-0.187404 51.487958", "From Phillimore Gardens, Kensington to Harcourt Terrace, West Brompton"
"LINESTRING (-0.167894 51.493184,-0.187404 51.487958", "From Sloane Avenue, Knightsbridge to Harcourt Terrace, West Brompton"
"LINESTRING (-0.183853 51.480898,-0.187404 51.487958", "From Thorndike Close, West Chelsea to Harcourt Terrace, West Brompton"
"LINESTRING (-0.163347 51.474392,-0.187404 51.487958", "From Albert Bridge Road, Battersea Park to Harcourt Terrace, West Brompton"
"LINESTRING (-0.13011 51.513527,-0.201005 51.51787", "From Moor Street, Soho to Westbourne Park Road, Portobello"
"LINESTRING (-0.209494 51.498157,-0.201005 51.51787", "From Kensington Olympia Station, Olympia to Westbourne Park Road, Portobello"
"LINESTRING (-0.191351 51.513489,-0.201005 51.51787", "From Princes Square, Bayswater to Westbourne Park Road, Portobello"
"LINESTRING (-0.173757 51.496471,-0.201005 51.51787", "From Exhibition Road Museums 1, South Kensington to Westbourne Park Road, Portobello"
"LINESTRING (-0.170279 51.506451,-0.201005 51.51787", "From Triangle Car Park, Hyde Park to Westbourne Park Road, Portobello"
"LINESTRING (-0.196422 51.509353,-0.201005 51.51787", "From Notting Hill Gate Station, Notting Hill to Westbourne Park Road, Portobello"
"LINESTRING (-0.193487 51.513735,-0.201005 51.51787", "From Hereford Road, Bayswater to Westbourne Park Road, Portobello"
"LINESTRING (-0.168074 51.5343,-0.201005 51.51787", "From Charlbert Street, St. John's Wood to Westbourne Park Road, Portobello"
"LINESTRING (-0.129361 51.488365,-0.201005 51.51787", "From Vauxhall Bridge , Pimlico to Westbourne Park Road, Portobello"
"LINESTRING (-0.169774 51.519968,-0.201005 51.51787", "From Edgware Road Station, Marylebone to Westbourne Park Road, Portobello"
"LINESTRING (-0.173757 51.496471,-0.201005 51.51787", "From Exhibition Road Museums 1, South Kensington to Westbourne Park Road, Portobello"
"LINESTRING (-0.193487 51.513735,-0.201005 51.51787", "From Hereford Road, Bayswater to Westbourne Park Road, Portobello"
"LINESTRING (-0.197524 51.511084,-0.201005 51.51787", "From Pembridge Villas, Notting Hill to Westbourne Park Road, Portobello"
"LINESTRING (-0.157275 51.510017,-0.201005 51.51787", "From Park Lane , Hyde Park to Westbourne Park Road, Portobello"
"LINESTRING (-0.191351 51.513489,-0.201005 51.51787", "From Princes Square, Bayswater to Westbourne Park Road, Portobello"
"LINESTRING (-0.13214 51.519572,-0.165668 51.524561", "From Store Street, Bloomsbury to Broadley Terrace, Marylebone"
"LINESTRING (-0.155525 51.516204,-0.165668 51.524561", "From Portman Square, Marylebone to Broadley Terrace, Marylebone"
"LINESTRING (-0.197524 51.511084,-0.165668 51.524561", "From Pembridge Villas, Notting Hill to Broadley Terrace, Marylebone"
"LINESTRING (-0.138019 51.524438,-0.165668 51.524561", "From Warren Street Station, Euston to Broadley Terrace, Marylebone"
"LINESTRING (-0.17677 51.530889,-0.165668 51.524561", "From Grove End Road, St. John's Wood to Broadley Terrace, Marylebone"
"LINESTRING (-0.196422 51.509353,-0.165668 51.524561", "From Notting Hill Gate Station, Notting Hill to Broadley Terrace, Marylebone"
"LINESTRING (-0.183846 51.523344,-0.165668 51.524561", "From Warwick Avenue Station, Maida Vale to Broadley Terrace, Marylebone"
"LINESTRING (-0.13011 51.513527,-0.165668 51.524561", "From Moor Street, Soho to Broadley Terrace, Marylebone"
"LINESTRING (-0.119123 51.519435,-0.165668 51.524561", "From Red Lion Square, Holborn to Broadley Terrace, Marylebone"
"LINESTRING (-0.135777 51.51953,-0.165668 51.524561", "From Charlotte Street, Fitzrovia to Broadley Terrace, Marylebone"
"LINESTRING (-0.174653 51.527294,-0.165668 51.524561", "From St. John's Wood Road, St. John's Wood to Broadley Terrace, Marylebone"
"LINESTRING (-0.156166 51.518913,-0.165668 51.524561", "From Baker Street, Marylebone to Broadley Terrace, Marylebone"
"LINESTRING (-0.17677 51.530889,-0.165668 51.524561", "From Grove End Road, St. John's Wood to Broadley Terrace, Marylebone"
"LINESTRING (-0.163609 51.51809,-0.165668 51.524561", "From Shouldham Street, Marylebone to Broadley Terrace, Marylebone"
"LINESTRING (-0.158963 51.524517,-0.165668 51.524561", "From Park Road (Baker Street), The Regent's Park to Broadley Terrace, Marylebone"
"LINESTRING (-0.17219 51.526448,-0.165668 51.524561", "From Lisson Grove, St. John's Wood to Broadley Terrace, Marylebone"
"LINESTRING (-0.161113 51.522596,-0.165668 51.524561", "From Dorset Square, Marylebone to Broadley Terrace, Marylebone"
"LINESTRING (-0.17677 51.530889,-0.165668 51.524561", "From Grove End Road, St. John's Wood to Broadley Terrace, Marylebone"
"LINESTRING (-0.123509 51.52625,-0.165668 51.524561", "From Tavistock Place, Bloomsbury to Broadley Terrace, Marylebone"
"LINESTRING (-0.162298 51.522511,-0.165668 51.524561", "From Boston Place, Marylebone to Broadley Terrace, Marylebone"
"LINESTRING (-0.183486 51.529857,-0.165668 51.524561", "From Maida Vale, Maida Vale to Broadley Terrace, Marylebone"
"LINESTRING (-0.162298 51.522511,-0.165668 51.524561", "From Boston Place, Marylebone to Broadley Terrace, Marylebone"
"LINESTRING (-0.17677 51.530889,-0.165668 51.524561", "From Grove End Road, St. John's Wood to Broadley Terrace, Marylebone"
"LINESTRING (-0.17677 51.530889,-0.165668 51.524561", "From Grove End Road, St. John's Wood to Broadley Terrace, Marylebone"
"LINESTRING (-0.17524 51.48902,-0.21186 51.483217", "From South Parade, Chelsea to Humbolt Road, Fulham"
"LINESTRING (-0.229116 51.492084,-0.21186 51.483217", "From Bridge Avenue, Hammersmith to Humbolt Road, Fulham"
"LINESTRING (-0.215087 51.490217,-0.21186 51.483217", "From Barons Court Station, West Kensington to Humbolt Road, Fulham"
"LINESTRING (-0.222456 51.488144,-0.21186 51.483217", "From Beryl Road, Hammersmith to Humbolt Road, Fulham"
"LINESTRING (-0.202038 51.48357,-0.21186 51.483217", "From Coomer Place, West Kensington to Humbolt Road, Fulham"
"LINESTRING (-0.226606 51.488108,-0.21186 51.483217", "From Crisp Road, Hammersmith to Humbolt Road, Fulham"
"LINESTRING (-0.202038 51.48357,-0.21186 51.483217", "From Coomer Place, West Kensington to Humbolt Road, Fulham"
"LINESTRING (-0.215087 51.490217,-0.21186 51.483217", "From Barons Court Station, West Kensington to Humbolt Road, Fulham"
"LINESTRING (-0.229116 51.492084,-0.21186 51.483217", "From Bridge Avenue, Hammersmith to Humbolt Road, Fulham"
"LINESTRING (-0.215087 51.490217,-0.21186 51.483217", "From Barons Court Station, West Kensington to Humbolt Road, Fulham"
"LINESTRING (-0.214428 51.486062,-0.21186 51.483217", "From Greyhound Road, Hammersmith to Humbolt Road, Fulham"
"LINESTRING (-0.121328 51.517606,-0.21186 51.483217", "From Southampton Place, Holborn to Humbolt Road, Fulham"
"LINESTRING (-0.122492 51.486343,-0.21186 51.483217", "From Kennington Lane Rail Bridge, Vauxhall to Humbolt Road, Fulham"
"LINESTRING (-0.192369 51.491593,-0.21186 51.483217", "From Penywern Road, Earl's Court to Humbolt Road, Fulham"
"LINESTRING (-0.214428 51.486062,-0.21186 51.483217", "From Greyhound Road, Hammersmith to Humbolt Road, Fulham"
"LINESTRING (-0.202038 51.48357,-0.21186 51.483217", "From Coomer Place, West Kensington to Humbolt Road, Fulham"
"LINESTRING (-0.229116 51.492084,-0.21186 51.483217", "From Bridge Avenue, Hammersmith to Humbolt Road, Fulham"
"LINESTRING (-0.215087 51.490217,-0.21186 51.483217", "From Barons Court Station, West Kensington to Humbolt Road, Fulham"
"LINESTRING (-0.15352 51.503117,-0.21186 51.483217", "From Hyde Park Corner, Hyde Park to Humbolt Road, Fulham"
"LINESTRING (-0.18119 51.490945,-0.21186 51.483217", "From Old Brompton Road, South Kensington to Humbolt Road, Fulham"
"LINESTRING (-0.138733 51.496753,-0.21186 51.483217", "From Howick Place, Westminster to Humbolt Road, Fulham"
"LINESTRING (-0.216305 51.483356,-0.21186 51.483217", "From Everington Street, Fulham to Humbolt Road, Fulham"
"LINESTRING (-0.226606 51.488108,-0.21186 51.483217", "From Crisp Road, Hammersmith to Humbolt Road, Fulham"
"LINESTRING (-0.201968 51.475089,-0.21186 51.483217", "From Parsons Green Station, Parsons Green to Humbolt Road, Fulham"
"LINESTRING (-0.20782 51.473471,-0.21186 51.483217", "From Fulham Park Road, Fulham to Humbolt Road, Fulham"
"LINESTRING (-0.145904 51.507069,-0.21186 51.483217", "From Curzon Street, Mayfair to Humbolt Road, Fulham"
"LINESTRING (-0.215087 51.490217,-0.21186 51.483217", "From Barons Court Station, West Kensington to Humbolt Road, Fulham"
"LINESTRING (-0.204815 51.484386,-0.21186 51.483217", "From Normand Park, West Kensington to Humbolt Road, Fulham"
"LINESTRING (-0.149004 51.485821,-0.21186 51.483217", "From Chelsea Bridge, Pimlico to Humbolt Road, Fulham"
"LINESTRING (-0.132328 51.515631,-0.129698 51.500703", "From Soho Square , Soho to Storey's Gate, Westminster"
"LINESTRING (-0.159237 51.501855,-0.129698 51.500703", "From Seville Street, Knightsbridge to Storey's Gate, Westminster"
"LINESTRING (-0.138846 51.510048,-0.129698 51.500703", "From Sackville Street, Mayfair to Storey's Gate, Westminster"
"LINESTRING (-0.120718 51.511968,-0.129698 51.500703", "From Tavistock Street, Covent Garden to Storey's Gate, Westminster"
"LINESTRING (-0.142943 51.496863,-0.129698 51.500703", "From Allington Street, Victoria to Storey's Gate, Westminster"
"LINESTRING (-0.179854 51.501715,-0.129698 51.500703", "From Queen's Gate, Kensington Gardens to Storey's Gate, Westminster"
"LINESTRING (-0.150908 51.47505,-0.129698 51.500703", "From Alfreda Street, Battersea Park to Storey's Gate, Westminster"
"LINESTRING (-0.158456 51.502953,-0.129698 51.500703", "From Albert Gate, Hyde Park to Storey's Gate, Westminster"
"LINESTRING (-0.130504 51.526838,-0.129698 51.500703", "From Endsleigh Gardens, Euston to Storey's Gate, Westminster"
"LINESTRING (-0.183118 51.515607,-0.129698 51.500703", "From Cleveland Gardens, Bayswater to Storey's Gate, Westminster"
"LINESTRING (-0.150181 51.536922,-0.129698 51.500703", "From London Zoo Car Park, The Regent's Park to Storey's Gate, Westminster"
"LINESTRING (-0.09294 51.511553,-0.129698 51.500703", "From Queen Street 1, Bank to Storey's Gate, Westminster"
"LINESTRING (-0.075459 51.509506,-0.129698 51.500703", "From Tower Gardens , Tower to Storey's Gate, Westminster"
"LINESTRING (-0.190346 51.46822,-0.129698 51.500703", "From Stephendale Road, Sands End to Storey's Gate, Westminster"
"LINESTRING (-0.108322 51.510981,-0.129698 51.500703", "From Temple Gardens, Temple to Storey's Gate, Westminster"
"LINESTRING (-0.110699 51.501444,-0.129698 51.500703", "From Baylis Road, Waterloo to Storey's Gate, Westminster"
"LINESTRING (-0.17581 51.517335,-0.129698 51.500703", "From South Wharf Road, Paddington to Storey's Gate, Westminster"
"LINESTRING (-0.174411 51.511933,-0.129698 51.500703", "From Bayswater Road, Hyde Park to Storey's Gate, Westminster"
"LINESTRING (-0.120202 51.523346,-0.129698 51.500703", "From Guilford Street , Bloomsbury to Storey's Gate, Westminster"
"LINESTRING (-0.129925 51.493072,-0.129698 51.500703", "From Vincent Street, Pimlico to Storey's Gate, Westminster"
"LINESTRING (-0.112824 51.503791,-0.129698 51.500703", "From Waterloo Station 3, Waterloo to Storey's Gate, Westminster"
"LINESTRING (-0.190393 51.490163,-0.129698 51.500703", "From Bramham Gardens, Earl's Court to Storey's Gate, Westminster"
"LINESTRING (-0.159237 51.501855,-0.129698 51.500703", "From Seville Street, Knightsbridge to Storey's Gate, Westminster"
"LINESTRING (-0.21819 51.511486,-0.129698 51.500703", "From Evesham Street, Avondale to Storey's Gate, Westminster"
"LINESTRING (-0.165842 51.522029,-0.129698 51.500703", "From Bell Street , Marylebone to Storey's Gate, Westminster"
"LINESTRING (-0.178732 51.493967,-0.129698 51.500703", "From Queen's Gate (Central), South Kensington to Storey's Gate, Westminster"
"LINESTRING (-0.153233 51.490959,-0.129698 51.500703", "From Bourne Street, Belgravia to Storey's Gate, Westminster"
"LINESTRING (-0.115156 51.489479,-0.129698 51.500703", "From Sancroft Street, Vauxhall to Storey's Gate, Westminster"
"LINESTRING (-0.081608 51.497855,-0.129698 51.500703", "From Bermondsey Street, Bermondsey to Storey's Gate, Westminster"
"LINESTRING (-0.139625 51.490962,-0.129698 51.500703", "From Gloucester Street, Pimlico to Storey's Gate, Westminster"
"LINESTRING (-0.165164 51.514746,-0.129698 51.500703", "From Porchester Place, Paddington to Storey's Gate, Westminster"
"LINESTRING (-0.112824 51.503791,-0.129698 51.500703", "From Waterloo Station 3, Waterloo to Storey's Gate, Westminster"
"LINESTRING (-0.082989 51.510484,-0.129698 51.500703", "From Great Tower Street, Monument to Storey's Gate, Westminster"
"LINESTRING (-0.170703 51.470847,-0.129698 51.500703", "From Simpson Street, Clapham Junction to Storey's Gate, Westminster"
"LINESTRING (-0.156876 51.49313,-0.129698 51.500703", "From Sedding Street, Sloane Square to Storey's Gate, Westminster"
"LINESTRING (-0.199004 51.506584,-0.129698 51.500703", "From Campden Hill Road, Notting Hill to Storey's Gate, Westminster"
"LINESTRING (-0.102996 51.486929,-0.129698 51.500703", "From Doddington Grove, Kennington to Storey's Gate, Westminster"
"LINESTRING (-0.153233 51.490959,-0.129698 51.500703", "From Bourne Street, Belgravia to Storey's Gate, Westminster"
"LINESTRING (-0.197574 51.499606,-0.129698 51.500703", "From Phillimore Gardens, Kensington to Storey's Gate, Westminster"
"LINESTRING (-0.075459 51.509506,-0.129698 51.500703", "From Tower Gardens , Tower to Storey's Gate, Westminster"
"LINESTRING (-0.091938 51.492807,-0.129698 51.500703", "From Victory Place, Walworth to Storey's Gate, Westminster"
"LINESTRING (-0.124678 51.51908,-0.129698 51.500703", "From British Museum, Bloomsbury to Storey's Gate, Westminster"
"LINESTRING (-0.058826 51.54119,-0.129698 51.500703", "From London Fields, Hackney Central to Storey's Gate, Westminster"
"LINESTRING (-0.14296 51.497998,-0.129698 51.500703", "From Warwick Row, Westminster to Storey's Gate, Westminster"
"LINESTRING (-0.134407 51.526236,-0.129698 51.500703", "From Euston Road, Euston to Storey's Gate, Westminster"
"LINESTRING (-0.179135 51.516417,-0.129698 51.500703", "From Eastbourne Mews, Paddington to Storey's Gate, Westminster"
"LINESTRING (-0.114079 51.522264,-0.129698 51.500703", "From Northington Street , Holborn to Storey's Gate, Westminster"
"LINESTRING (-0.174554 51.499917,-0.129698 51.500703", "From Exhibition Road, Knightsbridge to Storey's Gate, Westminster"
"LINESTRING (-0.091938 51.492807,-0.129698 51.500703", "From Victory Place, Walworth to Storey's Gate, Westminster"
"LINESTRING (-0.113426 51.503919,-0.129698 51.500703", "From Waterloo Station 2, Waterloo to Storey's Gate, Westminster"
"LINESTRING (-0.17581 51.517335,-0.129698 51.500703", "From South Wharf Road, Paddington to Storey's Gate, Westminster"
"LINESTRING (-0.075459 51.509506,-0.129698 51.500703", "From Tower Gardens , Tower to Storey's Gate, Westminster"
"LINESTRING (-0.159237 51.501855,-0.129698 51.500703", "From Seville Street, Knightsbridge to Storey's Gate, Westminster"
"LINESTRING (-0.191496 51.503157,-0.129698 51.500703", "From Kensington Church Street, Kensington to Storey's Gate, Westminster"
"LINESTRING (-0.129698 51.500703,-0.129698 51.500703", "From Storey's Gate, Westminster to Storey's Gate, Westminster"
"LINESTRING (-0.107349 51.511891,-0.129698 51.500703", "From Tallis Street, Temple to Storey's Gate, Westminster"
"LINESTRING (-0.200804 51.520509,-0.129698 51.500703", "From The Metropolitan, Portobello to Storey's Gate, Westminster"
"LINESTRING (-0.179135 51.516417,-0.129698 51.500703", "From Eastbourne Mews, Paddington to Storey's Gate, Westminster"
"LINESTRING (-0.129698 51.500703,-0.129698 51.500703", "From Storey's Gate, Westminster to Storey's Gate, Westminster"
"LINESTRING (-0.179854 51.501715,-0.129698 51.500703", "From Queen's Gate, Kensington Gardens to Storey's Gate, Westminster"
"LINESTRING (-0.08497 51.50964,-0.129698 51.500703", "From Monument Street, Monument to Storey's Gate, Westminster"
"LINESTRING (-0.141923 51.489856,-0.129698 51.500703", "From Warwick Square, Pimlico to Storey's Gate, Westminster"
"LINESTRING (-0.187404 51.487958,-0.129698 51.500703", "From Harcourt Terrace, West Brompton to Storey's Gate, Westminster"
"LINESTRING (-0.110889 51.495718,-0.129698 51.500703", "From Kennington Road  , Vauxhall to Storey's Gate, Westminster"
"LINESTRING (-0.179668 51.511654,-0.129698 51.500703", "From Lancaster Gate , Bayswater to Storey's Gate, Westminster"
"LINESTRING (-0.156876 51.49313,-0.129698 51.500703", "From Sedding Street, Sloane Square to Storey's Gate, Westminster"
"LINESTRING (-0.159237 51.501855,-0.129698 51.500703", "From Seville Street, Knightsbridge to Storey's Gate, Westminster"
"LINESTRING (-0.169249 51.515953,-0.129698 51.500703", "From Southwick Street, Paddington to Storey's Gate, Westminster"
"LINESTRING (-0.127554 51.493978,-0.129698 51.500703", "From Page Street, Westminster to Storey's Gate, Westminster"
"LINESTRING (-0.139174 51.533019,-0.129698 51.500703", "From Harrington Square 1, Camden Town to Storey's Gate, Westminster"
"LINESTRING (-0.086379 51.534042,-0.129698 51.500703", "From Shoreditch Park, Hoxton to Storey's Gate, Westminster"
"LINESTRING (-0.117661 51.482678,-0.129698 51.500703", "From Ashmole Estate, Oval to Storey's Gate, Westminster"
"LINESTRING (-0.110889 51.495718,-0.129698 51.500703", "From Kennington Road  , Vauxhall to Storey's Gate, Westminster"
"LINESTRING (-0.02163 51.540311,-0.032566 51.520597", "From Monier Road, Hackney Wick to Mile End Park Leisure Centre, Mile End"
"LINESTRING (-0.068981 51.498585,-0.032566 51.520597", "From George Row, Bermondsey to Mile End Park Leisure Centre, Mile End"
"LINESTRING (-0.08497 51.50964,-0.032566 51.520597", "From Monument Street, Monument to Mile End Park Leisure Centre, Mile End"
"LINESTRING (-0.075578 51.52127,-0.032566 51.520597", "From Commercial Street, Shoreditch to Mile End Park Leisure Centre, Mile End"
"LINESTRING (-0.025492 51.530535,-0.032566 51.520597", "From Mostyn Grove, Bow to Mile End Park Leisure Centre, Mile End"
"LINESTRING (-0.074754 51.523648,-0.032566 51.520597", "From Bethnal Green Road, Shoreditch to Mile End Park Leisure Centre, Mile End"
"LINESTRING (-0.009001 51.487129,-0.032566 51.520597", "From Saunders Ness Road, Cubitt Town to Mile End Park Leisure Centre, Mile End"
"LINESTRING (-0.025296 51.527058,-0.032566 51.520597", "From Bow Road Station, Bow to Mile End Park Leisure Centre, Mile End"
"LINESTRING (-0.042744 51.530326,-0.032566 51.520597", "From Twig Folly Bridge, Mile End to Mile End Park Leisure Centre, Mile End"
"LINESTRING (-0.063386 51.521905,-0.032566 51.520597", "From Selby Street, Whitechapel to Mile End Park Leisure Centre, Mile End"
"LINESTRING (-0.025492 51.530535,-0.032566 51.520597", "From Mostyn Grove, Bow to Mile End Park Leisure Centre, Mile End"
"LINESTRING (-0.108657 51.51795,-0.032566 51.520597", "From Holborn Circus, Holborn to Mile End Park Leisure Centre, Mile End"
"LINESTRING (-0.021345 51.519265,-0.032566 51.520597", "From Furze Green, Bow to Mile End Park Leisure Centre, Mile End"
"LINESTRING (-0.037471 51.528224,-0.032566 51.520597", "From Antill Road, Mile End to Mile End Park Leisure Centre, Mile End"
"LINESTRING (-0.017676 51.503083,-0.032566 51.520597", "From Upper Bank Street, Canary Wharf to Mile End Park Leisure Centre, Mile End"
"LINESTRING (-0.025626 51.511811,-0.032566 51.520597", "From Canton Street, Poplar to Mile End Park Leisure Centre, Mile End"
"LINESTRING (-0.038986 51.512871,-0.032566 51.520597", "From Flamborough Street, Limehouse to Mile End Park Leisure Centre, Mile End"
"LINESTRING (-0.022694 51.521564,-0.032566 51.520597", "From Cantrell Road, Bow to Mile End Park Leisure Centre, Mile End"
"LINESTRING (-0.021345 51.519265,-0.032566 51.520597", "From Furze Green, Bow to Mile End Park Leisure Centre, Mile End"
"LINESTRING (-0.057159 51.511088,-0.032566 51.520597", "From Shadwell Station, Shadwell to Mile End Park Leisure Centre, Mile End"
"LINESTRING (-0.015578 51.52512,-0.032566 51.520597", "From Devons Road, Bow to Mile End Park Leisure Centre, Mile End"
"LINESTRING (-0.038557 51.541515,-0.032566 51.520597", "From Gascoyne Road, Victoria Park to Mile End Park Leisure Centre, Mile End"
"LINESTRING (-0.038775 51.516,-0.032566 51.520597", "From Aston Street, Stepney to Mile End Park Leisure Centre, Mile End"
"LINESTRING (-0.025996 51.509303,-0.032566 51.520597", "From Westferry DLR, Limehouse to Mile End Park Leisure Centre, Mile End"
"LINESTRING (-0.056667 51.511542,-0.032566 51.520597", "From Watney Street, Shadwell to Mile End Park Leisure Centre, Mile End"
"LINESTRING (-0.058631 51.524583,-0.032566 51.520597", "From Finnis Street, Bethnal Green to Mile End Park Leisure Centre, Mile End"
"LINESTRING (-0.029138 51.516196,-0.032566 51.520597", "From Burdett Road, Mile End to Mile End Park Leisure Centre, Mile End"
"LINESTRING (-0.067937 51.51793,-0.032566 51.520597", "From Old Montague Street, Whitechapel to Mile End Park Leisure Centre, Mile End"
"LINESTRING (-0.037471 51.528224,-0.032566 51.520597", "From Antill Road, Mile End to Mile End Park Leisure Centre, Mile End"
"LINESTRING (-0.047784 51.51328,-0.032566 51.520597", "From Albert Gardens, Stepney to Mile End Park Leisure Centre, Mile End"
"LINESTRING (-0.074754 51.523648,-0.032566 51.520597", "From Bethnal Green Road, Shoreditch to Mile End Park Leisure Centre, Mile End"
"LINESTRING (-0.038986 51.512871,-0.032566 51.520597", "From Flamborough Street, Limehouse to Mile End Park Leisure Centre, Mile End"
"LINESTRING (-0.013258 51.528828,-0.032566 51.520597", "From Bromley High Street, Bow to Mile End Park Leisure Centre, Mile End"
"LINESTRING (-0.16716 51.47518,-0.168292 51.462392", "From Surrey Lane, Battersea to St. John's Road, Clapham Junction"
"LINESTRING (-0.192165 51.457529,-0.168292 51.462392", "From Ram Street, Wandsworth to St. John's Road, Clapham Junction"
"LINESTRING (-0.168292 51.462392,-0.168292 51.462392", "From St. John's Road, Clapham Junction to St. John's Road, Clapham Junction"
"LINESTRING (-0.103137 51.506692,-0.168292 51.462392", "From Poured Lines, Bankside to St. John's Road, Clapham Junction"
"LINESTRING (-0.164786 51.477292,-0.168292 51.462392", "From Ethelburga Estate, Battersea Park to St. John's Road, Clapham Junction"
"LINESTRING (-0.16375 51.465064,-0.168292 51.462392", "From Dorothy Road, Clapham Junction to St. John's Road, Clapham Junction"
"LINESTRING (-0.139221 51.461388,-0.168292 51.462392", "From Clapham Common Station, Clapham Common to St. John's Road, Clapham Junction"
"LINESTRING (-0.185273 51.481765,-0.168292 51.462392", "From Hortensia Road, West Brompton to St. John's Road, Clapham Junction"
"LINESTRING (-0.170329 51.477684,-0.168292 51.462392", "From Westbridge Road, Battersea to St. John's Road, Clapham Junction"
"LINESTRING (-0.180389 51.46517,-0.168292 51.462392", "From Hibbert Street, Battersea to St. John's Road, Clapham Junction"
"LINESTRING (-0.164786 51.477292,-0.168292 51.462392", "From Ethelburga Estate, Battersea Park to St. John's Road, Clapham Junction"
"LINESTRING (-0.130908 51.464995,-0.168292 51.462392", "From Gauden Road, Clapham to St. John's Road, Clapham Junction"
"LINESTRING (-0.157183 51.52026,-0.168292 51.462392", "From Crawford Street, Marylebone to St. John's Road, Clapham Junction"
"LINESTRING (-0.093913 51.496791,-0.168292 51.462392", "From Dickens Square, Borough to St. John's Road, Clapham Junction"
"LINESTRING (-0.144132 51.493204,-0.168292 51.462392", "From Belgrave Road, Victoria to St. John's Road, Clapham Junction"
"LINESTRING (-0.173881 51.494412,-0.168292 51.462392", "From South Kensington Station, South Kensington to St. John's Road, Clapham Junction"
"LINESTRING (-0.162418 51.490083,-0.168292 51.462392", "From Royal Avenue 2, Chelsea to St. John's Road, Clapham Junction"
"LINESTRING (-0.135478 51.495827,-0.168292 51.462392", "From Rochester Row, Westminster to St. John's Road, Clapham Junction"
"LINESTRING (-0.133972 51.472993,-0.168292 51.462392", "From Union Grove, Wandsworth Road to St. John's Road, Clapham Junction"
"LINESTRING (-0.149551 51.477619,-0.168292 51.462392", "From Queen's Circus, Battersea Park to St. John's Road, Clapham Junction"
"LINESTRING (-0.136123 51.482362,-0.168292 51.462392", "From Riverlight North, Nine Elms to St. John's Road, Clapham Junction"
"LINESTRING (-0.183853 51.480898,-0.168292 51.462392", "From Thorndike Close, West Chelsea to St. John's Road, Clapham Junction"
"LINESTRING (-0.187427 51.460864,-0.168292 51.462392", "From Wandsworth Town Station, Wandsworth to St. John's Road, Clapham Junction"
"LINESTRING (-0.193502 51.467064,-0.206827 51.467601", "From South Park, Sands End to Ranelagh Gardens, Fulham"
"LINESTRING (-0.214749 51.473036,-0.206827 51.467601", "From Bishop's Avenue, Fulham to Ranelagh Gardens, Fulham"
"LINESTRING (-0.199135 51.468418,-0.206827 51.467601", "From Broomhouse Lane, Parsons Green to Ranelagh Gardens, Fulham"
"LINESTRING (-0.180274 51.481805,-0.206827 51.467601", "From World's End Place, West Chelsea to Ranelagh Gardens, Fulham"
"LINESTRING (-0.174971 51.485121,-0.206827 51.467601", "From The Vale, Chelsea to Ranelagh Gardens, Fulham"
"LINESTRING (-0.225787 51.514767,-0.206827 51.467601", "From BBC White City, White City to Ranelagh Gardens, Fulham"
"LINESTRING (-0.208485 51.478939,-0.206827 51.467601", "From St. Peter's Terrace, Fulham to Ranelagh Gardens, Fulham"
"LINESTRING (-0.236769 51.494223,-0.192165 51.457529", "From Ravenscourt Park Station, Hammersmith to Ram Street, Wandsworth"
"LINESTRING (-0.123179 51.506543,-0.192165 51.457529", "From Whitehall Place, Strand to Ram Street, Wandsworth"
"LINESTRING (-0.173029 51.464894,-0.192165 51.457529", "From Grant Road East, Clapham Junction to Ram Street, Wandsworth"
"LINESTRING (-0.166878 51.488023,-0.192165 51.457529", "From Flood Street, Chelsea to Ram Street, Wandsworth"
"LINESTRING (-0.215804 51.494347,-0.192165 51.457529", "From Brook Green South, Brook Green to Ram Street, Wandsworth"
"LINESTRING (-0.184318 51.468819,-0.192165 51.457529", "From William Morris Way, Sands End to Ram Street, Wandsworth"
"LINESTRING (-0.216573 51.466907,-0.192165 51.457529", "From Putney Pier, Wandsworth to Ram Street, Wandsworth"
"LINESTRING (-0.180389 51.46517,-0.192165 51.457529", "From Hibbert Street, Battersea to Ram Street, Wandsworth"
"LINESTRING (-0.216145 51.46161,-0.192165 51.457529", "From Disraeli Road, Putney to Ram Street, Wandsworth"
"LINESTRING (-0.173029 51.464894,-0.192165 51.457529", "From Grant Road East, Clapham Junction to Ram Street, Wandsworth"
"LINESTRING (-0.182126 51.463489,-0.192165 51.457529", "From Usk Road, Clapham Junction to Ram Street, Wandsworth"
"LINESTRING (-0.20782 51.473471,-0.192165 51.457529", "From Fulham Park Road, Fulham to Ram Street, Wandsworth"
"LINESTRING (-0.2135 51.496927,-0.192165 51.457529", "From Blythe Road, Olympia to Ram Street, Wandsworth"
"LINESTRING (-0.170329 51.477684,-0.192165 51.457529", "From Westbridge Road, Battersea to Ram Street, Wandsworth"
"LINESTRING (-0.170703 51.470847,-0.192165 51.457529", "From Simpson Street, Clapham Junction to Ram Street, Wandsworth"
"LINESTRING (-0.187427 51.460864,-0.192165 51.457529", "From Wandsworth Town Station, Wandsworth to Ram Street, Wandsworth"
"LINESTRING (-0.16375 51.465064,-0.192165 51.457529", "From Dorothy Road, Clapham Junction to Ram Street, Wandsworth"
"LINESTRING (-0.147714 51.483507,-0.192165 51.457529", "From Battersea Power Station, Battersea Park to Ram Street, Wandsworth"
"LINESTRING (-0.155442 51.474376,-0.192165 51.457529", "From Austin Road, Battersea Park to Ram Street, Wandsworth"
"LINESTRING (-0.173029 51.464894,-0.192165 51.457529", "From Grant Road East, Clapham Junction to Ram Street, Wandsworth"
"LINESTRING (-0.198735 51.46067,-0.192165 51.457529", "From Osiers Road, Wandsworth to Ram Street, Wandsworth"
"LINESTRING (-0.183165 51.474665,-0.192165 51.457529", "From Imperial Wharf Station, Sands End to Ram Street, Wandsworth"
"LINESTRING (-0.178433 51.492479,-0.192165 51.457529", "From Queen's Gate (South), South Kensington to Ram Street, Wandsworth"
"LINESTRING (-0.142943 51.496863,-0.192165 51.457529", "From Allington Street, Victoria to Ram Street, Wandsworth"
"LINESTRING (-0.182126 51.463489,-0.192165 51.457529", "From Usk Road, Clapham Junction to Ram Street, Wandsworth"
"LINESTRING (-0.202802 51.45682,-0.192165 51.457529", "From Mexfield Road, East Putney to Ram Street, Wandsworth"
"LINESTRING (-0.182126 51.463489,-0.192165 51.457529", "From Usk Road, Clapham Junction to Ram Street, Wandsworth"
"LINESTRING (-0.201968 51.475089,-0.192165 51.457529", "From Parsons Green Station, Parsons Green to Ram Street, Wandsworth"
"LINESTRING (-0.183165 51.474665,-0.192165 51.457529", "From Imperial Wharf Station, Sands End to Ram Street, Wandsworth"
"LINESTRING (-0.163347 51.474392,-0.192165 51.457529", "From Albert Bridge Road, Battersea Park to Ram Street, Wandsworth"
"LINESTRING (-0.191803 51.473611,-0.192165 51.457529", "From Sandilands Road, Walham Green to Ram Street, Wandsworth"
"LINESTRING (-0.180389 51.46517,-0.192165 51.457529", "From Hibbert Street, Battersea to Ram Street, Wandsworth"
"LINESTRING (-0.147714 51.483507,-0.192165 51.457529", "From Battersea Power Station, Battersea Park to Ram Street, Wandsworth"
"LINESTRING (-0.173029 51.464894,-0.192165 51.457529", "From Grant Road East, Clapham Junction to Ram Street, Wandsworth"
"LINESTRING (-0.16375 51.465064,-0.192165 51.457529", "From Dorothy Road, Clapham Junction to Ram Street, Wandsworth"
"LINESTRING (-0.167029 51.460333,-0.200806 51.457059", "From Abyssinia Close, Clapham Junction to Santos Road, Wandsworth"
"LINESTRING (-0.149551 51.477619,-0.200806 51.457059", "From Queen's Circus, Battersea Park to Santos Road, Wandsworth"
"LINESTRING (-0.187427 51.460864,-0.200806 51.457059", "From Wandsworth Town Station, Wandsworth to Santos Road, Wandsworth"
"LINESTRING (-0.200806 51.457059,-0.200806 51.457059", "From Santos Road, Wandsworth to Santos Road, Wandsworth"
"LINESTRING (-0.122806 51.490435,-0.200806 51.457059", "From Albert Embankment, Vauxhall to Santos Road, Wandsworth"
"LINESTRING (-0.216145 51.46161,-0.200806 51.457059", "From Disraeli Road, Putney to Santos Road, Wandsworth"
"LINESTRING (-0.174347 51.476964,-0.200806 51.457059", "From Battersea Church Road, Battersea to Santos Road, Wandsworth"
"LINESTRING (-0.130504 51.526838,-0.159322 51.461343", "From Endsleigh Gardens, Euston to Clapham Common North Side, Clapham Common"
"LINESTRING (-0.14177 51.479501,-0.159322 51.461343", "From Battersea Park Road, Nine Elms to Clapham Common North Side, Clapham Common"
"LINESTRING (-0.139221 51.461388,-0.159322 51.461343", "From Clapham Common Station, Clapham Common to Clapham Common North Side, Clapham Common"
"LINESTRING (-0.086685 51.517075,-0.159322 51.461343", "From Finsbury Circus, Liverpool Street to Clapham Common North Side, Clapham Common"
"LINESTRING (-0.170329 51.477684,-0.159322 51.461343", "From Westbridge Road, Battersea to Clapham Common North Side, Clapham Common"
"LINESTRING (-0.192369 51.491593,-0.159322 51.461343", "From Penywern Road, Earl's Court to Clapham Common North Side, Clapham Common"
"LINESTRING (-0.169821 51.466633,-0.159322 51.461343", "From Falcon Road, Clapham Junction to Clapham Common North Side, Clapham Common"
"LINESTRING (-0.147857 51.477966,-0.159322 51.461343", "From Gas Holders, Battersea Park to Clapham Common North Side, Clapham Common"
"LINESTRING (-0.170329 51.477684,-0.159322 51.461343", "From Westbridge Road, Battersea to Clapham Common North Side, Clapham Common"
"LINESTRING (-0.200667 51.460951,-0.159322 51.461343", "From Northfields, Wandsworth to Clapham Common North Side, Clapham Common"
"LINESTRING (-0.183853 51.480898,-0.159322 51.461343", "From Thorndike Close, West Chelsea to Clapham Common North Side, Clapham Common"
"LINESTRING (-0.173715 51.491211,-0.159322 51.461343", "From Sumner Place, South Kensington to Clapham Common North Side, Clapham Common"
"LINESTRING (-0.135635 51.488226,-0.159322 51.461343", "From St. George's Square, Pimlico to Clapham Common North Side, Clapham Common"
"LINESTRING (-0.147857 51.477966,-0.159322 51.461343", "From Gas Holders, Battersea Park to Clapham Common North Side, Clapham Common"
"LINESTRING (-0.147624 51.49395,-0.159322 51.461343", "From Eccleston Place, Victoria to Clapham Common North Side, Clapham Common"
"LINESTRING (-0.209378 51.489591,-0.191803 51.473611", "From Vereker Road, West Kensington to Sandilands Road, Walham Green"
"LINESTRING (-0.205284 51.496712,-0.191803 51.473611", "From Warwick Road, Olympia to Sandilands Road, Walham Green"
"LINESTRING (-0.170329 51.477684,-0.191803 51.473611", "From Westbridge Road, Battersea to Sandilands Road, Walham Green"
"LINESTRING (-0.161765 51.487964,-0.191803 51.473611", "From Ormonde Gate, Chelsea to Sandilands Road, Walham Green"
"LINESTRING (-0.236769 51.494223,-0.191803 51.473611", "From Ravenscourt Park Station, Hammersmith to Sandilands Road, Walham Green"
"LINESTRING (-0.195197 51.454752,-0.191803 51.473611", "From Neville Gill Close, Wandsworth to Sandilands Road, Walham Green"
"LINESTRING (-0.201968 51.475089,-0.191803 51.473611", "From Parsons Green Station, Parsons Green to Sandilands Road, Walham Green"
"LINESTRING (-0.18119 51.485587,-0.191803 51.473611", "From Limerston Street, West Chelsea to Sandilands Road, Walham Green"
"LINESTRING (-0.202038 51.48357,-0.191803 51.473611", "From Coomer Place, West Kensington to Sandilands Road, Walham Green"
"LINESTRING (-0.18119 51.485587,-0.191803 51.473611", "From Limerston Street, West Chelsea to Sandilands Road, Walham Green"
"LINESTRING (-0.205876 51.475698,-0.191803 51.473611", "From Chesilton Road, Fulham to Sandilands Road, Walham Green"
"LINESTRING (-0.178732 51.493967,-0.191803 51.473611", "From Queen's Gate (Central), South Kensington to Sandilands Road, Walham Green"
"LINESTRING (-0.219346 51.482944,-0.191803 51.473611", "From Crabtree Lane, Fulham to Sandilands Road, Walham Green"
"LINESTRING (-0.151126 51.510919,-0.191803 51.473611", "From Millennium Hotel, Mayfair to Sandilands Road, Walham Green"
"LINESTRING (-0.236769 51.494223,-0.191803 51.473611", "From Ravenscourt Park Station, Hammersmith to Sandilands Road, Walham Green"
"LINESTRING (-0.162418 51.490083,-0.191803 51.473611", "From Royal Avenue 2, Chelsea to Sandilands Road, Walham Green"
"LINESTRING (-0.195777 51.479463,-0.191803 51.473611", "From Erin Close, Walham Green to Sandilands Road, Walham Green"
"LINESTRING (-0.20782 51.473471,-0.191803 51.473611", "From Fulham Park Road, Fulham to Sandilands Road, Walham Green"
"LINESTRING (-0.214428 51.486062,-0.191803 51.473611", "From Greyhound Road, Hammersmith to Sandilands Road, Walham Green"
"LINESTRING (-0.216573 51.466907,-0.191803 51.473611", "From Putney Pier, Wandsworth to Sandilands Road, Walham Green"
"LINESTRING (-0.224103 51.509158,-0.191803 51.473611", "From Westfield Ariel Way, White City to Sandilands Road, Walham Green"
"LINESTRING (-0.129698 51.500703,-0.191803 51.473611", "From Storey's Gate, Westminster to Sandilands Road, Walham Green"
"LINESTRING (-0.208485 51.478939,-0.191803 51.473611", "From St. Peter's Terrace, Fulham to Sandilands Road, Walham Green"
"LINESTRING (-0.196274 51.46904,-0.191803 51.473611", "From Peterborough Road, Sands End to Sandilands Road, Walham Green"
"LINESTRING (-0.183834 51.497924,-0.191803 51.473611", "From Gloucester Road (North), Kensington to Sandilands Road, Walham Green"
"LINESTRING (-0.147624 51.49395,-0.191803 51.473611", "From Eccleston Place, Victoria to Sandilands Road, Walham Green"
"LINESTRING (-0.194116 51.479932,-0.191803 51.473611", "From Fulham Broadway, Walham Green to Sandilands Road, Walham Green"
"LINESTRING (-0.195777 51.479463,-0.191803 51.473611", "From Erin Close, Walham Green to Sandilands Road, Walham Green"
"LINESTRING (-0.183853 51.480898,-0.191803 51.473611", "From Thorndike Close, West Chelsea to Sandilands Road, Walham Green"
"LINESTRING (-0.178656 51.501432,-0.209121 51.491026", "From Kensington Gore, Knightsbridge to Gwendwr Road, West Kensington"
"LINESTRING (-0.21985 51.493267,-0.209121 51.491026", "From Hammersmith Road, Hammersmith to Gwendwr Road, West Kensington"
"LINESTRING (-0.223852 51.483732,-0.209121 51.491026", "From Rainville Road, Hammersmith to Gwendwr Road, West Kensington"
"LINESTRING (-0.229116 51.492084,-0.209121 51.491026", "From Bridge Avenue, Hammersmith to Gwendwr Road, West Kensington"
"LINESTRING (-0.15352 51.503117,-0.209121 51.491026", "From Hyde Park Corner, Hyde Park to Gwendwr Road, West Kensington"
"LINESTRING (-0.179135 51.516417,-0.209121 51.491026", "From Eastbourne Mews, Paddington to Gwendwr Road, West Kensington"
"LINESTRING (-0.217995 51.487285,-0.209121 51.491026", "From Charing Cross Hospital, Hammersmith to Gwendwr Road, West Kensington"
"LINESTRING (-0.208485 51.478939,-0.209121 51.491026", "From St. Peter's Terrace, Fulham to Gwendwr Road, West Kensington"
"LINESTRING (-0.215087 51.490217,-0.209121 51.491026", "From Barons Court Station, West Kensington to Gwendwr Road, West Kensington"
"LINESTRING (-0.199004 51.506584,-0.209121 51.491026", "From Campden Hill Road, Notting Hill to Gwendwr Road, West Kensington"
"LINESTRING (-0.185273 51.481765,-0.209121 51.491026", "From Hortensia Road, West Brompton to Gwendwr Road, West Kensington"
"LINESTRING (-0.199004 51.506584,-0.209121 51.491026", "From Campden Hill Road, Notting Hill to Gwendwr Road, West Kensington"
"LINESTRING (-0.21985 51.493267,-0.209121 51.491026", "From Hammersmith Road, Hammersmith to Gwendwr Road, West Kensington"
"LINESTRING (-0.21985 51.493267,-0.209121 51.491026", "From Hammersmith Road, Hammersmith to Gwendwr Road, West Kensington"
"LINESTRING (-0.21985 51.493267,-0.209121 51.491026", "From Hammersmith Road, Hammersmith to Gwendwr Road, West Kensington"
"LINESTRING (-0.2174 51.504038,-0.209121 51.491026", "From Woodstock Grove, Shepherd's Bush to Gwendwr Road, West Kensington"
"LINESTRING (-0.208565 51.515108,-0.216016 51.509224", "From Blenheim Crescent, Ladbroke Grove to Rifle Place, Avondale"
"LINESTRING (-0.202038 51.48357,-0.216016 51.509224", "From Coomer Place, West Kensington to Rifle Place, Avondale"
"LINESTRING (-0.128279 51.5293,-0.216016 51.509224", "From Ossulston Street, Somers Town to Rifle Place, Avondale"
"LINESTRING (-0.216305 51.483356,-0.216016 51.509224", "From Everington Street, Fulham to Rifle Place, Avondale"
"LINESTRING (-0.197245 51.497387,-0.216016 51.509224", "From Abingdon Villas, Kensington to Rifle Place, Avondale"
"LINESTRING (-0.221791 51.49968,-0.216016 51.509224", "From Blythe Road West, Shepherd's Bush to Rifle Place, Avondale"
"LINESTRING (-0.205535 51.507481,-0.216016 51.509224", "From Lansdowne Road, Ladbroke Grove to Rifle Place, Avondale"
"LINESTRING (-0.214762 51.5129,-0.216016 51.509224", "From Grenfell Road, Avondale to Rifle Place, Avondale"
"LINESTRING (-0.199783 51.472817,-0.216016 51.509224", "From Parson's Green , Parson's Green to Rifle Place, Avondale"
"LINESTRING (-0.216104 51.50659,-0.216016 51.509224", "From Queensdale Road, Shepherd's Bush to Rifle Place, Avondale"
"LINESTRING (-0.11258 51.473874,-0.122831 51.472509", "From Normandy Road, Stockwell to Binfield Road, Stockwell"
"LINESTRING (-0.111435 51.48894,-0.122831 51.472509", "From Kennington Cross, Kennington to Binfield Road, Stockwell"
"LINESTRING (-0.119022 51.469202,-0.122831 51.472509", "From Sidney Road, Stockwell to Binfield Road, Stockwell"
"LINESTRING (-0.133972 51.472993,-0.122831 51.472509", "From Union Grove, Wandsworth Road to Binfield Road, Stockwell"
"LINESTRING (-0.198735 51.46067,-0.122831 51.472509", "From Osiers Road, Wandsworth to Binfield Road, Stockwell"
"LINESTRING (-0.134621 51.507424,-0.122831 51.472509", "From St. James's Square, St. James's to Binfield Road, Stockwell"
"LINESTRING (-0.159322 51.461343,-0.122831 51.472509", "From Clapham Common North Side, Clapham Common to Binfield Road, Stockwell"
"LINESTRING (-0.0786 51.500647,-0.122831 51.472509", "From Tanner Street, Bermondsey to Binfield Road, Stockwell"
"LINESTRING (-0.133972 51.472993,-0.122831 51.472509", "From Union Grove, Wandsworth Road to Binfield Road, Stockwell"
"LINESTRING (-0.09644 51.507385,-0.122831 51.472509", "From New Globe Walk, Bankside to Binfield Road, Stockwell"
"LINESTRING (-0.08974 51.500823,-0.122831 51.472509", "From Empire Square, The Borough to Binfield Road, Stockwell"
"LINESTRING (-0.17524 51.48902,-0.122831 51.472509", "From South Parade, Chelsea to Binfield Road, Stockwell"
"LINESTRING (-0.141812 51.469259,-0.122831 51.472509", "From Wandsworth Rd, Isley Court, Wandsworth Road to Binfield Road, Stockwell"
"LINESTRING (-0.118256 51.47659,-0.122831 51.472509", "From Albert Square, Stockwell to Binfield Road, Stockwell"
"LINESTRING (-0.126874 51.47787,-0.122831 51.472509", "From Hartington Road, Stockwell to Binfield Road, Stockwell"
"LINESTRING (-0.118256 51.47659,-0.122831 51.472509", "From Albert Square, Stockwell to Binfield Road, Stockwell"
"LINESTRING (-0.083632 51.502153,-0.122831 51.472509", "From Snowsfields, London Bridge to Binfield Road, Stockwell"
"LINESTRING (-0.137235 51.473116,-0.122831 51.472509", "From Stewart's Road, Wandsworth Road to Binfield Road, Stockwell"
"LINESTRING (-0.130908 51.464995,-0.122831 51.472509", "From Gauden Road, Clapham to Binfield Road, Stockwell"
"LINESTRING (-0.159169 51.475153,-0.122831 51.472509", "From Prince of Wales Drive, Battersea Park to Binfield Road, Stockwell"
"LINESTRING (-0.119022 51.469202,-0.122831 51.472509", "From Sidney Road, Stockwell to Binfield Road, Stockwell"
"LINESTRING (-0.140741 51.488057,-0.122831 51.472509", "From Alderney Street, Pimlico to Binfield Road, Stockwell"
"LINESTRING (-0.118256 51.47659,-0.122831 51.472509", "From Albert Square, Stockwell to Binfield Road, Stockwell"
"LINESTRING (-0.11258 51.473874,-0.122831 51.472509", "From Normandy Road, Stockwell to Binfield Road, Stockwell"
"LINESTRING (-0.106823 51.508033,-0.107349 51.511891", "From Sea Containers, South Bank to Tallis Street, Temple"
"LINESTRING (-0.096191 51.498597,-0.107349 51.511891", "From Harper Road, The Borough to Tallis Street, Temple"
"LINESTRING (-0.08249 51.53558,-0.107349 51.511891", "From Pitfield Street North,Hoxton to Tallis Street, Temple"
"LINESTRING (-0.102996 51.486929,-0.107349 51.511891", "From Doddington Grove, Kennington to Tallis Street, Temple"
"LINESTRING (-0.106 51.496127,-0.107349 51.511891", "From Geraldine Street, Elephant & Castle to Tallis Street, Temple"
"LINESTRING (-0.112824 51.503791,-0.107349 51.511891", "From Waterloo Station 3, Waterloo to Tallis Street, Temple"
"LINESTRING (-0.08974 51.500823,-0.107349 51.511891", "From Empire Square, The Borough to Tallis Street, Temple"
"LINESTRING (-0.11934 51.531066,-0.107349 51.511891", "From Northdown Street, King's Cross to Tallis Street, Temple"
"LINESTRING (-0.088285 51.519069,-0.107349 51.511891", "From Moorfields, Moorgate to Tallis Street, Temple"
"LINESTRING (-0.102757 51.536384,-0.107349 51.511891", "From Islington Green, Angel to Tallis Street, Temple"
"LINESTRING (-0.12367 51.471433,-0.107349 51.511891", "From Clapham Road, Lingham Street, Stockwell to Tallis Street, Temple"
"LINESTRING (-0.085814 51.495061,-0.107349 51.511891", "From Bricklayers Arms, Borough to Tallis Street, Temple"
"LINESTRING (-0.053558 51.511066,-0.107349 51.511891", "From Sutton Street, Shadwell to Tallis Street, Temple"
"LINESTRING (-0.11934 51.531066,-0.107349 51.511891", "From Northdown Street, King's Cross to Tallis Street, Temple"
"LINESTRING (-0.116628 51.500089,-0.107349 51.511891", "From Lambeth Palace Road, Waterloo to Tallis Street, Temple"
"LINESTRING (-0.142844 51.506613,-0.107349 51.511891", "From Green Park Station, Mayfair to Tallis Street, Temple"
"LINESTRING (-0.110683 51.484788,-0.107349 51.511891", "From Kennington Road Post Office, Oval to Tallis Street, Temple"
"LINESTRING (-0.113001 51.50486,-0.107349 51.511891", "From Waterloo Road, South Bank to Tallis Street, Temple"
"LINESTRING (-0.123179 51.506543,-0.107349 51.511891", "From Whitehall Place, Strand to Tallis Street, Temple"
"LINESTRING (-0.147478 51.492369,-0.107349 51.511891", "From Elizabeth Bridge, Victoria to Tallis Street, Temple"
"LINESTRING (-0.18498 51.501737,-0.107349 51.511891", "From De Vere Gardens, Kensington to Tallis Street, Temple"
"LINESTRING (-0.130504 51.526838,-0.107349 51.511891", "From Endsleigh Gardens, Euston to Tallis Street, Temple"
"LINESTRING (-0.108028 51.518825,-0.107349 51.511891", "From Hatton Garden, Holborn to Tallis Street, Temple"
"LINESTRING (-0.123823 51.501513,-0.107349 51.511891", "From Westminster Pier, Westminster to Tallis Street, Temple"
"LINESTRING (-0.075459 51.509506,-0.107349 51.511891", "From Tower Gardens , Tower to Tallis Street, Temple"
"LINESTRING (-0.138212 51.481335,-0.107349 51.511891", "From Riverlight South, Nine Elms to Tallis Street, Temple"
"LINESTRING (-0.092762 51.500296,-0.107349 51.511891", "From Swan Street, The Borough to Tallis Street, Temple"
"LINESTRING (-0.113426 51.503919,-0.107349 51.511891", "From Waterloo Station 2, Waterloo to Tallis Street, Temple"
"LINESTRING (-0.1844 51.502042,-0.107349 51.511891", "From Palace Gate, Kensington Gardens to Tallis Street, Temple"
"LINESTRING (-0.098807 51.506725,-0.107349 51.511891", "From Tate Modern, Bankside to Tallis Street, Temple"
"LINESTRING (-0.102757 51.536384,-0.107349 51.511891", "From Islington Green, Angel to Tallis Street, Temple"
"LINESTRING (-0.168292 51.462392,-0.107349 51.511891", "From St. John's Road, Clapham Junction to Tallis Street, Temple"
"LINESTRING (-0.085666 51.499075,-0.107349 51.511891", "From Long Lane , Bermondsey to Tallis Street, Temple"
"LINESTRING (-0.08974 51.500823,-0.107349 51.511891", "From Empire Square, The Borough to Tallis Street, Temple"
"LINESTRING (-0.132102 51.498125,-0.107349 51.511891", "From Abbey Orchard Street, Westminster to Tallis Street, Temple"
"LINESTRING (-0.101384 51.49652,-0.107349 51.511891", "From Ontario Street, Elephant & Castle to Tallis Street, Temple"
"LINESTRING (-0.216573 51.466907,-0.20464 51.470131", "From Putney Pier, Wandsworth to Hurlingham Park, Parsons Green"
"LINESTRING (-0.176267 51.472876,-0.20464 51.470131", "From Vicarage Crescent, Battersea to Hurlingham Park, Parsons Green"
"LINESTRING (-0.222293 51.501594,-0.20464 51.470131", "From Shepherd's Bush Road North, Shepherd's Bush to Hurlingham Park, Parsons Green"
"LINESTRING (-0.169249 51.515953,-0.20464 51.470131", "From Southwick Street, Paddington to Hurlingham Park, Parsons Green"
"LINESTRING (-0.190346 51.46822,-0.20464 51.470131", "From Stephendale Road, Sands End to Hurlingham Park, Parsons Green"
"LINESTRING (-0.190346 51.46822,-0.20464 51.470131", "From Stephendale Road, Sands End to Hurlingham Park, Parsons Green"
"LINESTRING (-0.20464 51.470131,-0.20464 51.470131", "From Hurlingham Park, Parsons Green to Hurlingham Park, Parsons Green"
"LINESTRING (-0.20464 51.470131,-0.20464 51.470131", "From Hurlingham Park, Parsons Green to Hurlingham Park, Parsons Green"
"LINESTRING (-0.21186 51.483217,-0.20464 51.470131", "From Humbolt Road, Fulham to Hurlingham Park, Parsons Green"
"LINESTRING (-0.173029 51.464894,-0.20464 51.470131", "From Grant Road East, Clapham Junction to Hurlingham Park, Parsons Green"
"LINESTRING (-0.17524 51.48902,-0.20464 51.470131", "From South Parade, Chelsea to Hurlingham Park, Parsons Green"
"LINESTRING (-0.190346 51.46822,-0.20464 51.470131", "From Stephendale Road, Sands End to Hurlingham Park, Parsons Green"
"LINESTRING (-0.190346 51.46822,-0.20464 51.470131", "From Stephendale Road, Sands End to Hurlingham Park, Parsons Green"
"LINESTRING (-0.193502 51.467064,-0.20464 51.470131", "From South Park, Sands End to Hurlingham Park, Parsons Green"
"LINESTRING (-0.209121 51.491026,-0.223868 51.496664", "From Gwendwr Road, West Kensington to Little Brook Green, Brook Green"
"LINESTRING (-0.15352 51.503117,-0.223868 51.496664", "From Hyde Park Corner, Hyde Park to Little Brook Green, Brook Green"
"LINESTRING (-0.222456 51.488144,-0.223868 51.496664", "From Beryl Road, Hammersmith to Little Brook Green, Brook Green"
"LINESTRING (-0.110699 51.501444,-0.223868 51.496664", "From Baylis Road, Waterloo to Little Brook Green, Brook Green"
"LINESTRING (-0.214762 51.5129,-0.223868 51.496664", "From Grenfell Road, Avondale to Little Brook Green, Brook Green"
"LINESTRING (-0.209378 51.489591,-0.223868 51.496664", "From Vereker Road, West Kensington to Little Brook Green, Brook Green"
"LINESTRING (-0.222293 51.501594,-0.223868 51.496664", "From Shepherd's Bush Road North, Shepherd's Bush to Little Brook Green, Brook Green"
"LINESTRING (-0.2174 51.504038,-0.223868 51.496664", "From Woodstock Grove, Shepherd's Bush to Little Brook Green, Brook Green"
"LINESTRING (-0.210941 51.504199,-0.223868 51.496664", "From Addison Road, Holland Park to Little Brook Green, Brook Green"
"LINESTRING (-0.2135 51.496927,-0.223868 51.496664", "From Blythe Road, Olympia to Little Brook Green, Brook Green"
"LINESTRING (-0.17021 51.474535,-0.223868 51.496664", "From Orbel Street, Battersea to Little Brook Green, Brook Green"
"LINESTRING (-0.192538 51.504723,-0.223868 51.496664", "From Vicarage Gate, Kensington to Little Brook Green, Brook Green"
"LINESTRING (-0.138733 51.496753,-0.223868 51.496664", "From Howick Place, Westminster to Little Brook Green, Brook Green"
"LINESTRING (-0.225787 51.514767,-0.223868 51.496664", "From BBC White City, White City to Little Brook Green, Brook Green"
"LINESTRING (-0.225787 51.514767,-0.223868 51.496664", "From BBC White City, White City to Little Brook Green, Brook Green"
"LINESTRING (-0.226606 51.488108,-0.223868 51.496664", "From Crisp Road, Hammersmith to Little Brook Green, Brook Green"
"LINESTRING (-0.215808 51.503802,-0.223868 51.496664", "From Hansard Mews, Holland Park to Little Brook Green, Brook Green"
"LINESTRING (-0.201968 51.475089,-0.223868 51.496664", "From Parsons Green Station, Parsons Green to Little Brook Green, Brook Green"
"LINESTRING (-0.141423 51.514499,-0.223868 51.496664", "From Little Argyll Street, West End to Little Brook Green, Brook Green"
"LINESTRING (-0.170703 51.470847,-0.167029 51.460333", "From Simpson Street, Clapham Junction to Abyssinia Close, Clapham Junction"
"LINESTRING (-0.180791 51.46193,-0.167029 51.460333", "From Nantes Close, Wandsworth to Abyssinia Close, Clapham Junction"
"LINESTRING (-0.194116 51.479932,-0.167029 51.460333", "From Fulham Broadway, Walham Green to Abyssinia Close, Clapham Junction"
"LINESTRING (-0.116493 51.477839,-0.167029 51.460333", "From Caldwell Street, Stockwell to Abyssinia Close, Clapham Junction"
"LINESTRING (-0.122831 51.472509,-0.167029 51.460333", "From Binfield Road, Stockwell to Abyssinia Close, Clapham Junction"
"LINESTRING (-0.139221 51.461388,-0.165297 51.461923", "From Clapham Common Station, Clapham Common to Limburg Road, Clapham Junction"
"LINESTRING (-0.134621 51.507424,-0.165297 51.461923", "From St. James's Square, St. James's to Limburg Road, Clapham Junction"
"LINESTRING (-0.139221 51.461388,-0.165297 51.461923", "From Clapham Common Station, Clapham Common to Limburg Road, Clapham Junction"
"LINESTRING (-0.054162 51.536424,-0.165297 51.461923", "From Victoria Park Road, Hackney Central to Limburg Road, Clapham Junction"
"LINESTRING (-0.025996 51.509303,-0.077178 51.514449", "From Westferry DLR, Limehouse to Houndsditch, Aldgate"
"LINESTRING (-0.113426 51.503919,-0.077178 51.514449", "From Waterloo Station 2, Waterloo to Houndsditch, Aldgate"
"LINESTRING (-0.091401 51.518093,-0.077178 51.514449", "From Fore Street Avenue, Guildhall to Houndsditch, Aldgate"
"LINESTRING (-0.0801 51.52959,-0.077178 51.514449", "From Hoxton Street, Hoxton to Houndsditch, Aldgate"
"LINESTRING (-0.093885 51.517008,-0.077178 51.514449", "From Wood Street, Guildhall to Houndsditch, Aldgate"
"LINESTRING (-0.036017 51.525941,-0.077178 51.514449", "From Clinton Road, Mile End to Houndsditch, Aldgate"
"LINESTRING (-0.124469 51.485917,-0.077178 51.514449", "From Vauxhall Cross, Vauxhall to Houndsditch, Aldgate"
"LINESTRING (-0.065006 51.508622,-0.077178 51.514449", "From Pennington Street, Wapping to Houndsditch, Aldgate"
"LINESTRING (-0.074189 51.502279,-0.077178 51.514449", "From Curlew Street, Shad Thames to Houndsditch, Aldgate"
"LINESTRING (-0.09315 51.53356,-0.077178 51.514449", "From Eagle Wharf Road, Hoxton to Houndsditch, Aldgate"
"LINESTRING (-0.140741 51.488057,-0.077178 51.514449", "From Alderney Street, Pimlico to Houndsditch, Aldgate"
"LINESTRING (-0.112824 51.503791,-0.077178 51.514449", "From Waterloo Station 3, Waterloo to Houndsditch, Aldgate"
"LINESTRING (-0.077178 51.514449,-0.077178 51.514449", "From Houndsditch, Aldgate to Houndsditch, Aldgate"
"LINESTRING (-0.113001 51.50486,-0.077178 51.514449", "From Waterloo Road, South Bank to Houndsditch, Aldgate"
"LINESTRING (-0.086685 51.517075,-0.077178 51.514449", "From Finsbury Circus, Liverpool Street to Houndsditch, Aldgate"
"LINESTRING (-0.108657 51.51795,-0.077178 51.514449", "From Holborn Circus, Holborn to Houndsditch, Aldgate"
"LINESTRING (-0.058681 51.506946,-0.077178 51.514449", "From Reardon Street, Wapping to Houndsditch, Aldgate"
"LINESTRING (-0.041378 51.522507,-0.077178 51.514449", "From Queen Mary's, Mile End to Houndsditch, Aldgate"
"LINESTRING (-0.057159 51.511088,-0.077178 51.514449", "From Shadwell Station, Shadwell to Houndsditch, Aldgate"
"LINESTRING (-0.029138 51.516196,-0.077178 51.514449", "From Burdett Road, Mile End to Houndsditch, Aldgate"
"LINESTRING (-0.076793 51.513406,-0.077178 51.514449", "From Jewry Street, Aldgate to Houndsditch, Aldgate"
"LINESTRING (-0.091773 51.504627,-0.077178 51.514449", "From Hop Exchange, The Borough to Houndsditch, Aldgate"
"LINESTRING (-0.058681 51.506946,-0.077178 51.514449", "From Reardon Street, Wapping to Houndsditch, Aldgate"
"LINESTRING (-0.021596 51.502661,-0.077178 51.514449", "From Heron Quays DLR, Canary Wharf to Houndsditch, Aldgate"
"LINESTRING (-0.092762 51.500296,-0.077178 51.514449", "From Swan Street, The Borough to Houndsditch, Aldgate"
"LINESTRING (-0.103078 51.511934,-0.077178 51.514449", "From Blackfriars Station, St. Paul's to Houndsditch, Aldgate"
"LINESTRING (-0.068161 51.509786,-0.077178 51.514449", "From Dock Street, Wapping to Houndsditch, Aldgate"
"LINESTRING (-0.092176 51.520044,-0.077178 51.514449", "From Barbican Centre, Barbican to Houndsditch, Aldgate"
"LINESTRING (-0.021596 51.502661,-0.077178 51.514449", "From Heron Quays DLR, Canary Wharf to Houndsditch, Aldgate"
"LINESTRING (-0.074704 51.500845,-0.077178 51.514449", "From Tower Wharf, Bermondsey to Houndsditch, Aldgate"
"LINESTRING (-0.149569 51.50274,-0.077178 51.514449", "From Wellington Arch, Hyde Park to Houndsditch, Aldgate"
"LINESTRING (-0.07962 51.503493,-0.077178 51.514449", "From Tooley Street, Bermondsey to Houndsditch, Aldgate"
"LINESTRING (-0.099981 51.532661,-0.077178 51.514449", "From Graham Street, Angel to Houndsditch, Aldgate"
"LINESTRING (-0.02163 51.540311,-0.077178 51.514449", "From Monier Road, Hackney Wick to Houndsditch, Aldgate"
"LINESTRING (-0.028155 51.533283,-0.077178 51.514449", "From Hewison Street, Old Ford to Houndsditch, Aldgate"
"LINESTRING (-0.124469 51.485917,-0.077178 51.514449", "From Vauxhall Cross, Vauxhall to Houndsditch, Aldgate"
"LINESTRING (-0.087262 51.506304,-0.077178 51.514449", "From Duke Street Hill, London Bridge to Houndsditch, Aldgate"
"LINESTRING (-0.170329 51.477684,-0.077178 51.514449", "From Westbridge Road, Battersea to Houndsditch, Aldgate"
"LINESTRING (-0.087262 51.506304,-0.077178 51.514449", "From Duke Street Hill, London Bridge to Houndsditch, Aldgate"
"LINESTRING (-0.119047 51.509631,-0.077178 51.514449", "From Embankment (Savoy), Strand to Houndsditch, Aldgate"
"LINESTRING (-0.071881 51.534776,-0.077178 51.514449", "From Thurtle Road, Haggerston to Houndsditch, Aldgate"
"LINESTRING (-0.074189 51.502279,-0.077178 51.514449", "From Curlew Street, Shad Thames to Houndsditch, Aldgate"
"LINESTRING (-0.022793 51.497304,-0.077178 51.514449", "From Alpha Grove, Millwall to Houndsditch, Aldgate"
"LINESTRING (-0.057544 51.504749,-0.077178 51.514449", "From Wapping Lane, Wapping to Houndsditch, Aldgate"
"LINESTRING (-0.079201 51.537277,-0.077178 51.514449", "From Hertford Road, De Beauvoir Town to Houndsditch, Aldgate"
"LINESTRING (-0.13225 51.528833,-0.077178 51.514449", "From Doric Way , Somers Town to Houndsditch, Aldgate"
"LINESTRING (-0.109025 51.534408,-0.077178 51.514449", "From Cloudesley Road, Angel to Houndsditch, Aldgate"
"LINESTRING (-0.103078 51.511934,-0.077178 51.514449", "From Blackfriars Station, St. Paul's to Houndsditch, Aldgate"
"LINESTRING (-0.077178 51.514449,-0.077178 51.514449", "From Houndsditch, Aldgate to Houndsditch, Aldgate"
"LINESTRING (-0.028941 51.542118,-0.077178 51.514449", "From Cadogan Close, Victoria Park to Houndsditch, Aldgate"
"LINESTRING (-0.091401 51.518093,-0.077178 51.514449", "From Fore Street Avenue, Guildhall to Houndsditch, Aldgate"
"LINESTRING (-0.055846 51.499169,-0.077178 51.514449", "From Rotherhithe Roundabout, Rotherhithe to Houndsditch, Aldgate"
"LINESTRING (-0.182435 51.478169,-0.183165 51.474665", "From Upcerne Road, West Chelsea to Imperial Wharf Station, Sands End"
"LINESTRING (-0.183853 51.480898,-0.183165 51.474665", "From Thorndike Close, West Chelsea to Imperial Wharf Station, Sands End"
"LINESTRING (-0.199135 51.468418,-0.183165 51.474665", "From Broomhouse Lane, Parsons Green to Imperial Wharf Station, Sands End"
"LINESTRING (-0.113179 51.466232,-0.183165 51.474665", "From St John's Crescent, Brixton to Imperial Wharf Station, Sands End"
"LINESTRING (-0.161765 51.487964,-0.183165 51.474665", "From Ormonde Gate, Chelsea to Imperial Wharf Station, Sands End"
"LINESTRING (-0.185296 51.495362,-0.183165 51.474665", "From Emperor's Gate, South Kensington to Imperial Wharf Station, Sands End"
"LINESTRING (-0.147983 51.519167,-0.183165 51.474665", "From New Cavendish Street, Marylebone to Imperial Wharf Station, Sands End"
"LINESTRING (-0.150908 51.47505,-0.183165 51.474665", "From Alfreda Street, Battersea Park to Imperial Wharf Station, Sands End"
"LINESTRING (-0.189155 51.477292,-0.183165 51.474665", "From Michael Road, Walham Green to Imperial Wharf Station, Sands End"
"LINESTRING (-0.18119 51.485587,-0.183165 51.474665", "From Limerston Street, West Chelsea to Imperial Wharf Station, Sands End"
"LINESTRING (-0.193502 51.467064,-0.183165 51.474665", "From South Park, Sands End to Imperial Wharf Station, Sands End"
"LINESTRING (-0.185273 51.481765,-0.183165 51.474665", "From Hortensia Road, West Brompton to Imperial Wharf Station, Sands End"
"LINESTRING (-0.204815 51.484386,-0.183165 51.474665", "From Normand Park, West Kensington to Imperial Wharf Station, Sands End"
"LINESTRING (-0.179038 51.479573,-0.183165 51.474665", "From Lots Road, West Chelsea to Imperial Wharf Station, Sands End"
"LINESTRING (-0.135635 51.488226,-0.183165 51.474665", "From St. George's Square, Pimlico to Imperial Wharf Station, Sands End"
"LINESTRING (-0.184806 51.457991,-0.183165 51.474665", "From Alma Road, Wandsworth to Imperial Wharf Station, Sands End"
"LINESTRING (-0.189155 51.477292,-0.183165 51.474665", "From Michael Road, Walham Green to Imperial Wharf Station, Sands End"
"LINESTRING (-0.229116 51.492084,-0.183165 51.474665", "From Bridge Avenue, Hammersmith to Imperial Wharf Station, Sands End"
"LINESTRING (-0.202038 51.48357,-0.183165 51.474665", "From Coomer Place, West Kensington to Imperial Wharf Station, Sands End"
"LINESTRING (-0.205876 51.475698,-0.183165 51.474665", "From Chesilton Road, Fulham to Imperial Wharf Station, Sands End"
"LINESTRING (-0.162418 51.490083,-0.183165 51.474665", "From Royal Avenue 2, Chelsea to Imperial Wharf Station, Sands End"
"LINESTRING (-0.174971 51.485121,-0.183165 51.474665", "From The Vale, Chelsea to Imperial Wharf Station, Sands End"
"LINESTRING (-0.180389 51.46517,-0.183165 51.474665", "From Hibbert Street, Battersea to Imperial Wharf Station, Sands End"
"LINESTRING (-0.152248 51.467185,-0.183165 51.474665", "From Ashley Crescent, Battersea to Imperial Wharf Station, Sands End"
"LINESTRING (-0.174347 51.476964,-0.183165 51.474665", "From Battersea Church Road, Battersea to Imperial Wharf Station, Sands End"
"LINESTRING (-0.093913 51.496791,-0.183165 51.474665", "From Dickens Square, Borough to Imperial Wharf Station, Sands End"
"LINESTRING (-0.195777 51.479463,-0.183165 51.474665", "From Erin Close, Walham Green to Imperial Wharf Station, Sands End"
"LINESTRING (-0.19617 51.490853,-0.183165 51.474665", "From Trebovir Road, Earl's Court to Imperial Wharf Station, Sands End"
"LINESTRING (-0.164786 51.477292,-0.183165 51.474665", "From Ethelburga Estate, Battersea Park to Imperial Wharf Station, Sands End"
"LINESTRING (-0.164786 51.477292,-0.183165 51.474665", "From Ethelburga Estate, Battersea Park to Imperial Wharf Station, Sands End"
"LINESTRING (-0.187278 51.475142,-0.183165 51.474665", "From Imperial Road, Sands End to Imperial Wharf Station, Sands End"
"LINESTRING (-0.173029 51.464894,-0.183165 51.474665", "From Grant Road East, Clapham Junction to Imperial Wharf Station, Sands End"
"LINESTRING (-0.182435 51.478169,-0.183165 51.474665", "From Upcerne Road, West Chelsea to Imperial Wharf Station, Sands End"
"LINESTRING (-0.123823 51.501513,-0.183165 51.474665", "From Westminster Pier, Westminster to Imperial Wharf Station, Sands End"
"LINESTRING (-0.153933 51.494561,-0.183165 51.474665", "From Eaton Square (South), Belgravia to Imperial Wharf Station, Sands End"
"LINESTRING (-0.167919 51.484984,-0.183165 51.474665", "From Phene Street, Chelsea to Imperial Wharf Station, Sands End"
"LINESTRING (-0.127575 51.495805,-0.183165 51.474665", "From Smith Square, Westminster to Imperial Wharf Station, Sands End"
"LINESTRING (-0.21555 51.463211,-0.183165 51.474665", "From Montserrat Road , Putney to Imperial Wharf Station, Sands End"
"LINESTRING (-0.173693 51.495948,-0.183165 51.474665", "From Exhibition Road Museums 2, South Kensington to Imperial Wharf Station, Sands End"
"LINESTRING (-0.19617 51.490853,-0.183165 51.474665", "From Trebovir Road, Earl's Court to Imperial Wharf Station, Sands End"
"LINESTRING (-0.149551 51.477619,-0.183165 51.474665", "From Queen's Circus, Battersea Park to Imperial Wharf Station, Sands End"
"LINESTRING (-0.214749 51.473036,-0.183165 51.474665", "From Bishop's Avenue, Fulham to Imperial Wharf Station, Sands End"
"LINESTRING (-0.191803 51.473611,-0.183165 51.474665", "From Sandilands Road, Walham Green to Imperial Wharf Station, Sands End"
"LINESTRING (-0.173029 51.464894,-0.183165 51.474665", "From Grant Road East, Clapham Junction to Imperial Wharf Station, Sands End"
"LINESTRING (-0.166221 51.490714,-0.183165 51.474665", "From Chelsea Green, Chelsea to Imperial Wharf Station, Sands End"
"LINESTRING (-0.179038 51.479573,-0.183165 51.474665", "From Lots Road, West Chelsea to Imperial Wharf Station, Sands End"
"LINESTRING (-0.172078 51.482567,-0.183165 51.474665", "From Danvers Street, West Chelsea to Imperial Wharf Station, Sands End"
"LINESTRING (-0.167894 51.493184,-0.183165 51.474665", "From Sloane Avenue, Knightsbridge to Imperial Wharf Station, Sands End"
"LINESTRING (-0.184318 51.468819,-0.183165 51.474665", "From William Morris Way, Sands End to Imperial Wharf Station, Sands End"
"LINESTRING (-0.193502 51.467064,-0.183165 51.474665", "From South Park, Sands End to Imperial Wharf Station, Sands End"
"LINESTRING (-0.183853 51.480898,-0.183165 51.474665", "From Thorndike Close, West Chelsea to Imperial Wharf Station, Sands End"
"LINESTRING (-0.216526 51.460717,-0.183165 51.474665", "From Putney Rail Station, Putney to Imperial Wharf Station, Sands End"
"LINESTRING (-0.190346 51.46822,-0.183165 51.474665", "From Stephendale Road, Sands End to Imperial Wharf Station, Sands End"
"LINESTRING (-0.193254 51.476259,-0.183165 51.474665", "From Eel Brook Common, Walham Green to Imperial Wharf Station, Sands End"
"LINESTRING (-0.179038 51.479573,-0.183165 51.474665", "From Lots Road, West Chelsea to Imperial Wharf Station, Sands End"
"LINESTRING (-0.194116 51.479932,-0.183165 51.474665", "From Fulham Broadway, Walham Green to Imperial Wharf Station, Sands End"
"LINESTRING (-0.173881 51.494412,-0.183165 51.474665", "From South Kensington Station, South Kensington to Imperial Wharf Station, Sands End"
"LINESTRING (-0.180274 51.481805,-0.183165 51.474665", "From World's End Place, West Chelsea to Imperial Wharf Station, Sands End"
"LINESTRING (-0.189155 51.477292,-0.183165 51.474665", "From Michael Road, Walham Green to Imperial Wharf Station, Sands End"
"LINESTRING (-0.178732 51.493967,-0.173009 51.495898", "From Queen's Gate (Central), South Kensington to Victoria & Albert Museum, South Kensington"
"LINESTRING (-0.147478 51.492369,-0.173009 51.495898", "From Elizabeth Bridge, Victoria to Victoria & Albert Museum, South Kensington"
"LINESTRING (-0.147624 51.49395,-0.173009 51.495898", "From Eccleston Place, Victoria to Victoria & Albert Museum, South Kensington"
"LINESTRING (-0.15352 51.503117,-0.173009 51.495898", "From Hyde Park Corner, Hyde Park to Victoria & Albert Museum, South Kensington"
"LINESTRING (-0.124826 51.516226,-0.173009 51.495898", "From High Holborn , Covent Garden to Victoria & Albert Museum, South Kensington"
"LINESTRING (-0.192369 51.491593,-0.173009 51.495898", "From Penywern Road, Earl's Court to Victoria & Albert Museum, South Kensington"
"LINESTRING (-0.149569 51.50274,-0.173009 51.495898", "From Wellington Arch, Hyde Park to Victoria & Albert Museum, South Kensington"
"LINESTRING (-0.122492 51.486343,-0.173009 51.495898", "From Kennington Lane Rail Bridge, Vauxhall to Victoria & Albert Museum, South Kensington"
"LINESTRING (-0.191803 51.473611,-0.173009 51.495898", "From Sandilands Road, Walham Green to Victoria & Albert Museum, South Kensington"
"LINESTRING (-0.216573 51.466907,-0.173009 51.495898", "From Putney Pier, Wandsworth to Victoria & Albert Museum, South Kensington"
"LINESTRING (-0.138364 51.492111,-0.197609 51.483911", "From Tachbrook Street, Victoria to Halford Road, West Kensington"
"LINESTRING (-0.18119 51.490945,-0.197609 51.483911", "From Old Brompton Road, South Kensington to Halford Road, West Kensington"
"LINESTRING (-0.191803 51.473611,-0.197609 51.483911", "From Sandilands Road, Walham Green to Halford Road, West Kensington"
"LINESTRING (-0.205876 51.475698,-0.197609 51.483911", "From Chesilton Road, Fulham to Halford Road, West Kensington"
"LINESTRING (-0.204815 51.484386,-0.197609 51.483911", "From Normand Park, West Kensington to Halford Road, West Kensington"
"LINESTRING (-0.17581 51.517335,-0.197609 51.483911", "From South Wharf Road, Paddington to Halford Road, West Kensington"
"LINESTRING (-0.217995 51.487285,-0.197609 51.483911", "From Charing Cross Hospital, Hammersmith to Halford Road, West Kensington"
"LINESTRING (-0.193068 51.500397,-0.197609 51.483911", "From Wright's Lane, Kensington to Halford Road, West Kensington"
"LINESTRING (-0.197574 51.499606,-0.197609 51.483911", "From Phillimore Gardens, Kensington to Halford Road, West Kensington"
"LINESTRING (-0.214749 51.473036,-0.197609 51.483911", "From Bishop's Avenue, Fulham to Halford Road, West Kensington"
"LINESTRING (-0.18119 51.490945,-0.197609 51.483911", "From Old Brompton Road, South Kensington to Halford Road, West Kensington"
"LINESTRING (-0.196422 51.509353,-0.197609 51.483911", "From Notting Hill Gate Station, Notting Hill to Halford Road, West Kensington"
"LINESTRING (-0.197574 51.499606,-0.197609 51.483911", "From Phillimore Gardens, Kensington to Halford Road, West Kensington"
"LINESTRING (-0.201968 51.475089,-0.197609 51.483911", "From Parsons Green Station, Parsons Green to Halford Road, West Kensington"
"LINESTRING (-0.195777 51.479463,-0.197609 51.483911", "From Erin Close, Walham Green to Halford Road, West Kensington"
"LINESTRING (-0.148105 51.514759,-0.197609 51.483911", "From Marylebone Lane, Marylebone to Halford Road, West Kensington"
"LINESTRING (-0.192369 51.491593,-0.197609 51.483911", "From Penywern Road, Earl's Court to Halford Road, West Kensington"
"LINESTRING (-0.209378 51.489591,-0.197609 51.483911", "From Vereker Road, West Kensington to Halford Road, West Kensington"
"LINESTRING (-0.18119 51.485587,-0.197609 51.483911", "From Limerston Street, West Chelsea to Halford Road, West Kensington"
"LINESTRING (-0.192165 51.457529,-0.197609 51.483911", "From Ram Street, Wandsworth to Halford Road, West Kensington"
"LINESTRING (-0.163609 51.51809,-0.197609 51.483911", "From Shouldham Street, Marylebone to Halford Road, West Kensington"
"LINESTRING (-0.18267 51.494185,-0.197609 51.483911", "From Gloucester Road Station, South Kensington to Halford Road, West Kensington"
"LINESTRING (-0.197574 51.499606,-0.197609 51.483911", "From Phillimore Gardens, Kensington to Halford Road, West Kensington"
"LINESTRING (-0.135635 51.488226,-0.197609 51.483911", "From St. George's Square, Pimlico to Halford Road, West Kensington"
"LINESTRING (-0.173715 51.491211,-0.197609 51.483911", "From Sumner Place, South Kensington to Halford Road, West Kensington"
"LINESTRING (-0.19617 51.490853,-0.197609 51.483911", "From Trebovir Road, Earl's Court to Halford Road, West Kensington"
"LINESTRING (-0.150481 51.51217,-0.197609 51.483911", "From Grosvenor Square, Mayfair to Halford Road, West Kensington"
"LINESTRING (-0.141327 51.520253,-0.197609 51.483911", "From Great Titchfield Street, Fitzrovia to Halford Road, West Kensington"
"LINESTRING (-0.197574 51.499606,-0.197609 51.483911", "From Phillimore Gardens, Kensington to Halford Road, West Kensington"
"LINESTRING (-0.173029 51.464894,-0.197609 51.483911", "From Grant Road East, Clapham Junction to Halford Road, West Kensington"
"LINESTRING (-0.19701 51.473763,-0.197609 51.483911", "From Irene Road, Parsons Green to Halford Road, West Kensington"
"LINESTRING (-0.199135 51.468418,-0.197609 51.483911", "From Broomhouse Lane, Parsons Green to Halford Road, West Kensington"
"LINESTRING (-0.217995 51.487285,-0.197609 51.483911", "From Charing Cross Hospital, Hammersmith to Halford Road, West Kensington"
"LINESTRING (-0.192369 51.491593,-0.197609 51.483911", "From Penywern Road, Earl's Court to Halford Road, West Kensington"
"LINESTRING (-0.179854 51.501715,-0.197609 51.483911", "From Queen's Gate, Kensington Gardens to Halford Road, West Kensington"
"LINESTRING (-0.058826 51.54119,-0.02163 51.540311", "From London Fields, Hackney Central to Monier Road, Hackney Wick"
"LINESTRING (-0.01051 51.54094,-0.02163 51.540311", "From Aquatic Centre, Queen Elizabeth Olympic Park to Monier Road, Hackney Wick"
"LINESTRING (-0.01051 51.54094,-0.02163 51.540311", "From Aquatic Centre, Queen Elizabeth Olympic Park to Monier Road, Hackney Wick"
"LINESTRING (-0.033828 51.514115,-0.02163 51.540311", "From Salmon Lane, Limehouse to Monier Road, Hackney Wick"
"LINESTRING (-0.074754 51.523648,-0.02163 51.540311", "From Bethnal Green Road, Shoreditch to Monier Road, Hackney Wick"
"LINESTRING (-0.058826 51.54119,-0.02163 51.540311", "From London Fields, Hackney Central to Monier Road, Hackney Wick"
"LINESTRING (-0.054162 51.536424,-0.02163 51.540311", "From Victoria Park Road, Hackney Central to Monier Road, Hackney Wick"
"LINESTRING (-0.01051 51.54094,-0.02163 51.540311", "From Aquatic Centre, Queen Elizabeth Olympic Park to Monier Road, Hackney Wick"
"LINESTRING (-0.049591 51.53341,-0.02163 51.540311", "From Bonner Gate, Victoria Park to Monier Road, Hackney Wick"
"LINESTRING (-0.01051 51.54094,-0.02163 51.540311", "From Aquatic Centre, Queen Elizabeth Olympic Park to Monier Road, Hackney Wick"
"LINESTRING (-0.01051 51.54094,-0.02163 51.540311", "From Aquatic Centre, Queen Elizabeth Olympic Park to Monier Road, Hackney Wick"
"LINESTRING (-0.00481 51.541793,-0.02163 51.540311", "From Stratford Station, Stratford to Monier Road, Hackney Wick"
"LINESTRING (-0.074754 51.523648,-0.02163 51.540311", "From Bethnal Green Road, Shoreditch to Monier Road, Hackney Wick"
"LINESTRING (-0.020597 51.546532,-0.02163 51.540311", "From Here East South, Queen Elizabeth Olympic Park to Monier Road, Hackney Wick"
"LINESTRING (-0.01051 51.54094,-0.02163 51.540311", "From Aquatic Centre, Queen Elizabeth Olympic Park to Monier Road, Hackney Wick"
"LINESTRING (-0.075375 51.528187,-0.02163 51.540311", "From Columbia Road, Shoreditch to Monier Road, Hackney Wick"
"LINESTRING (-0.116688 51.520596,-0.02163 51.540311", "From Theobald's Road , Holborn to Monier Road, Hackney Wick"
"LINESTRING (-0.058826 51.54119,-0.02163 51.540311", "From London Fields, Hackney Central to Monier Road, Hackney Wick"
"LINESTRING (-0.00481 51.541793,-0.02163 51.540311", "From Stratford Station, Stratford to Monier Road, Hackney Wick"
"LINESTRING (-0.01051 51.54094,-0.02163 51.540311", "From Aquatic Centre, Queen Elizabeth Olympic Park to Monier Road, Hackney Wick"
"LINESTRING (-0.01051 51.54094,-0.02163 51.540311", "From Aquatic Centre, Queen Elizabeth Olympic Park to Monier Road, Hackney Wick"
"LINESTRING (-0.058005 51.527152,-0.02163 51.540311", "From Pott Street, Bethnal Green to Monier Road, Hackney Wick"
"LINESTRING (-0.093421 51.529154,-0.02163 51.540311", "From Windsor Terrace, Hoxton to Monier Road, Hackney Wick"
"LINESTRING (-0.074754 51.523648,-0.02163 51.540311", "From Bethnal Green Road, Shoreditch to Monier Road, Hackney Wick"
"LINESTRING (-0.00481 51.541793,-0.02163 51.540311", "From Stratford Station, Stratford to Monier Road, Hackney Wick"
"LINESTRING (-0.02163 51.540311,-0.02163 51.540311", "From Monier Road, Hackney Wick to Monier Road, Hackney Wick"
"LINESTRING (-0.00481 51.541793,-0.02163 51.540311", "From Stratford Station, Stratford to Monier Road, Hackney Wick"
"LINESTRING (-0.01051 51.54094,-0.02163 51.540311", "From Aquatic Centre, Queen Elizabeth Olympic Park to Monier Road, Hackney Wick"
"LINESTRING (-0.032566 51.520597,-0.02163 51.540311", "From Mile End Park Leisure Centre, Mile End to Monier Road, Hackney Wick"
"LINESTRING (-0.075885 51.536585,-0.02163 51.540311", "From Dunston Road , Haggerston to Monier Road, Hackney Wick"
"LINESTRING (-0.058826 51.54119,-0.02163 51.540311", "From London Fields, Hackney Central to Monier Road, Hackney Wick"
"LINESTRING (-0.009935 51.546326,-0.02163 51.540311", "From East Village, Queen Elizabeth Olympic Park to Monier Road, Hackney Wick"
"LINESTRING (-0.01051 51.54094,-0.02163 51.540311", "From Aquatic Centre, Queen Elizabeth Olympic Park to Monier Road, Hackney Wick"
"LINESTRING (-0.020597 51.546532,-0.02163 51.540311", "From Here East South, Queen Elizabeth Olympic Park to Monier Road, Hackney Wick"
"LINESTRING (-0.051394 51.520893,-0.02163 51.540311", "From Cleveland Way, Stepney to Monier Road, Hackney Wick"
"LINESTRING (-0.009935 51.546326,-0.02163 51.540311", "From East Village, Queen Elizabeth Olympic Park to Monier Road, Hackney Wick"
"LINESTRING (-0.014691 51.546805,-0.02163 51.540311", "From Timber Lodge, Queen Elizabeth Olympic Park to Monier Road, Hackney Wick"
"LINESTRING (-0.01051 51.54094,-0.02163 51.540311", "From Aquatic Centre, Queen Elizabeth Olympic Park to Monier Road, Hackney Wick"
"LINESTRING (-0.099489 51.524868,-0.02163 51.540311", "From Sadlers Sports Centre, Finsbury to Monier Road, Hackney Wick"
"LINESTRING (-0.089887 51.520858,-0.02163 51.540311", "From Bunhill Row, Moorgate to Monier Road, Hackney Wick"
"LINESTRING (-0.03338 51.535179,-0.02163 51.540311", "From Gunmakers Lane, Old Ford to Monier Road, Hackney Wick"
"LINESTRING (-0.00481 51.541793,-0.02163 51.540311", "From Stratford Station, Stratford to Monier Road, Hackney Wick"
"LINESTRING (-0.01051 51.54094,-0.02163 51.540311", "From Aquatic Centre, Queen Elizabeth Olympic Park to Monier Road, Hackney Wick"
"LINESTRING (-0.00481 51.541793,-0.02163 51.540311", "From Stratford Station, Stratford to Monier Road, Hackney Wick"
"LINESTRING (-0.020597 51.546532,-0.009935 51.546326", "From Here East South, Queen Elizabeth Olympic Park to East Village, Queen Elizabeth Olympic Park"
"LINESTRING (-0.054162 51.536424,-0.009935 51.546326", "From Victoria Park Road, Hackney Central to East Village, Queen Elizabeth Olympic Park"
"LINESTRING (-0.028941 51.542118,-0.009935 51.546326", "From Cadogan Close, Victoria Park to East Village, Queen Elizabeth Olympic Park"
"LINESTRING (-0.022606 51.548731,-0.009935 51.546326", "From Here East North, Queen Elizabeth Olympic Park to East Village, Queen Elizabeth Olympic Park"
"LINESTRING (-0.02163 51.540311,-0.009935 51.546326", "From Monier Road, Hackney Wick to East Village, Queen Elizabeth Olympic Park"
"LINESTRING (-0.020542 51.544909,-0.009935 51.546326", "From Copper Box Arena, Queen Elizabeth Olympic Park to East Village, Queen Elizabeth Olympic Park"
"LINESTRING (-0.02163 51.540311,-0.009935 51.546326", "From Monier Road, Hackney Wick to East Village, Queen Elizabeth Olympic Park"
"LINESTRING (-0.009935 51.546326,-0.009935 51.546326", "From East Village, Queen Elizabeth Olympic Park to East Village, Queen Elizabeth Olympic Park"
"LINESTRING (-0.075885 51.536585,-0.009935 51.546326", "From Dunston Road , Haggerston to East Village, Queen Elizabeth Olympic Park"
"LINESTRING (-0.01051 51.54094,-0.009935 51.546326", "From Aquatic Centre, Queen Elizabeth Olympic Park to East Village, Queen Elizabeth Olympic Park"
"LINESTRING (-0.073537 51.514233,-0.009935 51.546326", "From Braham Street, Aldgate to East Village, Queen Elizabeth Olympic Park"
"LINESTRING (-0.022606 51.548731,-0.009935 51.546326", "From Here East North, Queen Elizabeth Olympic Park to East Village, Queen Elizabeth Olympic Park"
"LINESTRING (-0.058826 51.54119,-0.009935 51.546326", "From London Fields, Hackney Central to East Village, Queen Elizabeth Olympic Park"
"LINESTRING (-0.01051 51.54094,-0.009935 51.546326", "From Aquatic Centre, Queen Elizabeth Olympic Park to East Village, Queen Elizabeth Olympic Park"
"LINESTRING (-0.01051 51.54094,-0.009935 51.546326", "From Aquatic Centre, Queen Elizabeth Olympic Park to East Village, Queen Elizabeth Olympic Park"
"LINESTRING (-0.020597 51.546532,-0.009935 51.546326", "From Here East South, Queen Elizabeth Olympic Park to East Village, Queen Elizabeth Olympic Park"
"LINESTRING (-0.069543 51.525645,-0.009935 51.546326", "From Granby Street, Shoreditch to East Village, Queen Elizabeth Olympic Park"
"LINESTRING (-0.020597 51.546532,-0.009935 51.546326", "From Here East South, Queen Elizabeth Olympic Park to East Village, Queen Elizabeth Olympic Park"
"LINESTRING (-0.01051 51.54094,-0.009935 51.546326", "From Aquatic Centre, Queen Elizabeth Olympic Park to East Village, Queen Elizabeth Olympic Park"
"LINESTRING (-0.020597 51.546532,-0.009935 51.546326", "From Here East South, Queen Elizabeth Olympic Park to East Village, Queen Elizabeth Olympic Park"
"LINESTRING (-0.02163 51.540311,-0.009935 51.546326", "From Monier Road, Hackney Wick to East Village, Queen Elizabeth Olympic Park"
"LINESTRING (-0.025296 51.527058,-0.009935 51.546326", "From Bow Road Station, Bow to East Village, Queen Elizabeth Olympic Park"
"LINESTRING (-0.01051 51.54094,-0.01051 51.54094", "From Aquatic Centre, Queen Elizabeth Olympic Park to Aquatic Centre, Queen Elizabeth Olympic Park"
"LINESTRING (-0.01051 51.54094,-0.01051 51.54094", "From Aquatic Centre, Queen Elizabeth Olympic Park to Aquatic Centre, Queen Elizabeth Olympic Park"
"LINESTRING (-0.038557 51.541515,-0.01051 51.54094", "From Gascoyne Road, Victoria Park to Aquatic Centre, Queen Elizabeth Olympic Park"
"LINESTRING (-0.01051 51.54094,-0.01051 51.54094", "From Aquatic Centre, Queen Elizabeth Olympic Park to Aquatic Centre, Queen Elizabeth Olympic Park"
"LINESTRING (-0.03338 51.535179,-0.01051 51.54094", "From Gunmakers Lane, Old Ford to Aquatic Centre, Queen Elizabeth Olympic Park"
"LINESTRING (-0.01051 51.54094,-0.01051 51.54094", "From Aquatic Centre, Queen Elizabeth Olympic Park to Aquatic Centre, Queen Elizabeth Olympic Park"
"LINESTRING (-0.020157 51.499041,-0.01051 51.54094", "From Lightermans Road, Millwall to Aquatic Centre, Queen Elizabeth Olympic Park"
"LINESTRING (-0.02163 51.540311,-0.01051 51.54094", "From Monier Road, Hackney Wick to Aquatic Centre, Queen Elizabeth Olympic Park"
"LINESTRING (-0.01051 51.54094,-0.01051 51.54094", "From Aquatic Centre, Queen Elizabeth Olympic Park to Aquatic Centre, Queen Elizabeth Olympic Park"
"LINESTRING (-0.01051 51.54094,-0.01051 51.54094", "From Aquatic Centre, Queen Elizabeth Olympic Park to Aquatic Centre, Queen Elizabeth Olympic Park"
"LINESTRING (-0.01051 51.54094,-0.01051 51.54094", "From Aquatic Centre, Queen Elizabeth Olympic Park to Aquatic Centre, Queen Elizabeth Olympic Park"
"LINESTRING (-0.025296 51.527058,-0.01051 51.54094", "From Bow Road Station, Bow to Aquatic Centre, Queen Elizabeth Olympic Park"
"LINESTRING (-0.02163 51.540311,-0.01051 51.54094", "From Monier Road, Hackney Wick to Aquatic Centre, Queen Elizabeth Olympic Park"
"LINESTRING (-0.01051 51.54094,-0.01051 51.54094", "From Aquatic Centre, Queen Elizabeth Olympic Park to Aquatic Centre, Queen Elizabeth Olympic Park"
"LINESTRING (-0.01051 51.54094,-0.01051 51.54094", "From Aquatic Centre, Queen Elizabeth Olympic Park to Aquatic Centre, Queen Elizabeth Olympic Park"
"LINESTRING (-0.020597 51.546532,-0.01051 51.54094", "From Here East South, Queen Elizabeth Olympic Park to Aquatic Centre, Queen Elizabeth Olympic Park"
"LINESTRING (-0.011889 51.538718,-0.01051 51.54094", "From Podium, Queen Elizabeth Olympic Park to Aquatic Centre, Queen Elizabeth Olympic Park"
"LINESTRING (-0.01051 51.54094,-0.01051 51.54094", "From Aquatic Centre, Queen Elizabeth Olympic Park to Aquatic Centre, Queen Elizabeth Olympic Park"
"LINESTRING (-0.054162 51.536424,-0.01051 51.54094", "From Victoria Park Road, Hackney Central to Aquatic Centre, Queen Elizabeth Olympic Park"
"LINESTRING (-0.01051 51.54094,-0.01051 51.54094", "From Aquatic Centre, Queen Elizabeth Olympic Park to Aquatic Centre, Queen Elizabeth Olympic Park"
"LINESTRING (-0.03338 51.535179,-0.01051 51.54094", "From Gunmakers Lane, Old Ford to Aquatic Centre, Queen Elizabeth Olympic Park"
"LINESTRING (-0.026262 51.536039,-0.01051 51.54094", "From Wendon Street, Old Ford to Aquatic Centre, Queen Elizabeth Olympic Park"
"LINESTRING (-0.01051 51.54094,-0.01051 51.54094", "From Aquatic Centre, Queen Elizabeth Olympic Park to Aquatic Centre, Queen Elizabeth Olympic Park"
"LINESTRING (-0.060291 51.535716,-0.01051 51.54094", "From Ada Street, Hackney Central to Aquatic Centre, Queen Elizabeth Olympic Park"
"LINESTRING (-0.01051 51.54094,-0.01051 51.54094", "From Aquatic Centre, Queen Elizabeth Olympic Park to Aquatic Centre, Queen Elizabeth Olympic Park"
"LINESTRING (-0.020597 51.546532,-0.01051 51.54094", "From Here East South, Queen Elizabeth Olympic Park to Aquatic Centre, Queen Elizabeth Olympic Park"
"LINESTRING (-0.074431 51.519362,-0.01051 51.54094", "From Fournier Street, Whitechapel to Aquatic Centre, Queen Elizabeth Olympic Park"
"LINESTRING (-0.01051 51.54094,-0.01051 51.54094", "From Aquatic Centre, Queen Elizabeth Olympic Park to Aquatic Centre, Queen Elizabeth Olympic Park"
"LINESTRING (-0.01051 51.54094,-0.01051 51.54094", "From Aquatic Centre, Queen Elizabeth Olympic Park to Aquatic Centre, Queen Elizabeth Olympic Park"
"LINESTRING (-0.01051 51.54094,-0.01051 51.54094", "From Aquatic Centre, Queen Elizabeth Olympic Park to Aquatic Centre, Queen Elizabeth Olympic Park"
"LINESTRING (-0.02163 51.540311,-0.01051 51.54094", "From Monier Road, Hackney Wick to Aquatic Centre, Queen Elizabeth Olympic Park"
"LINESTRING (-0.01051 51.54094,-0.01051 51.54094", "From Aquatic Centre, Queen Elizabeth Olympic Park to Aquatic Centre, Queen Elizabeth Olympic Park"
"LINESTRING (-0.089446 51.497382,-0.01051 51.54094", "From Great Dover Street, The Borough to Aquatic Centre, Queen Elizabeth Olympic Park"
"LINESTRING (-0.02163 51.540311,-0.01051 51.54094", "From Monier Road, Hackney Wick to Aquatic Centre, Queen Elizabeth Olympic Park"
"LINESTRING (-0.074431 51.519362,-0.01051 51.54094", "From Fournier Street, Whitechapel to Aquatic Centre, Queen Elizabeth Olympic Park"
"LINESTRING (-0.008428 51.503143,-0.01051 51.54094", "From Lancaster Drive, Blackwall to Aquatic Centre, Queen Elizabeth Olympic Park"
"LINESTRING (-0.038986 51.512871,-0.01051 51.54094", "From Flamborough Street, Limehouse to Aquatic Centre, Queen Elizabeth Olympic Park"
"LINESTRING (-0.01051 51.54094,-0.01051 51.54094", "From Aquatic Centre, Queen Elizabeth Olympic Park to Aquatic Centre, Queen Elizabeth Olympic Park"
"LINESTRING (-0.054162 51.536424,-0.01051 51.54094", "From Victoria Park Road, Hackney Central to Aquatic Centre, Queen Elizabeth Olympic Park"
"LINESTRING (-0.01051 51.54094,-0.01051 51.54094", "From Aquatic Centre, Queen Elizabeth Olympic Park to Aquatic Centre, Queen Elizabeth Olympic Park"
"LINESTRING (-0.01051 51.54094,-0.01051 51.54094", "From Aquatic Centre, Queen Elizabeth Olympic Park to Aquatic Centre, Queen Elizabeth Olympic Park"
"LINESTRING (-0.028155 51.533283,-0.01051 51.54094", "From Hewison Street, Old Ford to Aquatic Centre, Queen Elizabeth Olympic Park"
"LINESTRING (-0.01051 51.54094,-0.01051 51.54094", "From Aquatic Centre, Queen Elizabeth Olympic Park to Aquatic Centre, Queen Elizabeth Olympic Park"
"LINESTRING (-0.01051 51.54094,-0.01051 51.54094", "From Aquatic Centre, Queen Elizabeth Olympic Park to Aquatic Centre, Queen Elizabeth Olympic Park"
"LINESTRING (-0.01051 51.54094,-0.01051 51.54094", "From Aquatic Centre, Queen Elizabeth Olympic Park to Aquatic Centre, Queen Elizabeth Olympic Park"
"LINESTRING (-0.01051 51.54094,-0.01051 51.54094", "From Aquatic Centre, Queen Elizabeth Olympic Park to Aquatic Centre, Queen Elizabeth Olympic Park"
"LINESTRING (-0.02163 51.540311,-0.01051 51.54094", "From Monier Road, Hackney Wick to Aquatic Centre, Queen Elizabeth Olympic Park"
"LINESTRING (-0.01051 51.54094,-0.01051 51.54094", "From Aquatic Centre, Queen Elizabeth Olympic Park to Aquatic Centre, Queen Elizabeth Olympic Park"
"LINESTRING (-0.01051 51.54094,-0.01051 51.54094", "From Aquatic Centre, Queen Elizabeth Olympic Park to Aquatic Centre, Queen Elizabeth Olympic Park"
"LINESTRING (-0.01051 51.54094,-0.01051 51.54094", "From Aquatic Centre, Queen Elizabeth Olympic Park to Aquatic Centre, Queen Elizabeth Olympic Park"
"LINESTRING (-0.02163 51.540311,-0.01051 51.54094", "From Monier Road, Hackney Wick to Aquatic Centre, Queen Elizabeth Olympic Park"
"LINESTRING (-0.020542 51.544909,-0.01051 51.54094", "From Copper Box Arena, Queen Elizabeth Olympic Park to Aquatic Centre, Queen Elizabeth Olympic Park"
"LINESTRING (-0.01051 51.54094,-0.01051 51.54094", "From Aquatic Centre, Queen Elizabeth Olympic Park to Aquatic Centre, Queen Elizabeth Olympic Park"
"LINESTRING (-0.01051 51.54094,-0.01051 51.54094", "From Aquatic Centre, Queen Elizabeth Olympic Park to Aquatic Centre, Queen Elizabeth Olympic Park"
"LINESTRING (-0.02163 51.540311,-0.01051 51.54094", "From Monier Road, Hackney Wick to Aquatic Centre, Queen Elizabeth Olympic Park"
"LINESTRING (-0.02163 51.540311,-0.01051 51.54094", "From Monier Road, Hackney Wick to Aquatic Centre, Queen Elizabeth Olympic Park"
"LINESTRING (-0.01051 51.54094,-0.01051 51.54094", "From Aquatic Centre, Queen Elizabeth Olympic Park to Aquatic Centre, Queen Elizabeth Olympic Park"
"LINESTRING (-0.028155 51.533283,-0.01051 51.54094", "From Hewison Street, Old Ford to Aquatic Centre, Queen Elizabeth Olympic Park"
"LINESTRING (-0.01051 51.54094,-0.01051 51.54094", "From Aquatic Centre, Queen Elizabeth Olympic Park to Aquatic Centre, Queen Elizabeth Olympic Park"
"LINESTRING (-0.01051 51.54094,-0.01051 51.54094", "From Aquatic Centre, Queen Elizabeth Olympic Park to Aquatic Centre, Queen Elizabeth Olympic Park"
"LINESTRING (-0.02163 51.540311,-0.01051 51.54094", "From Monier Road, Hackney Wick to Aquatic Centre, Queen Elizabeth Olympic Park"
"LINESTRING (-0.01051 51.54094,-0.01051 51.54094", "From Aquatic Centre, Queen Elizabeth Olympic Park to Aquatic Centre, Queen Elizabeth Olympic Park"
"LINESTRING (-0.037366 51.534137,-0.01051 51.54094", "From Driffield Road, Old Ford to Aquatic Centre, Queen Elizabeth Olympic Park"
"LINESTRING (-0.020542 51.544909,-0.01051 51.54094", "From Copper Box Arena, Queen Elizabeth Olympic Park to Aquatic Centre, Queen Elizabeth Olympic Park"
"LINESTRING (-0.11934 51.531066,-0.01051 51.54094", "From Northdown Street, King's Cross to Aquatic Centre, Queen Elizabeth Olympic Park"
"LINESTRING (-0.01051 51.54094,-0.01051 51.54094", "From Aquatic Centre, Queen Elizabeth Olympic Park to Aquatic Centre, Queen Elizabeth Olympic Park"
"LINESTRING (-0.02163 51.540311,-0.01051 51.54094", "From Monier Road, Hackney Wick to Aquatic Centre, Queen Elizabeth Olympic Park"
"LINESTRING (-0.01051 51.54094,-0.01051 51.54094", "From Aquatic Centre, Queen Elizabeth Olympic Park to Aquatic Centre, Queen Elizabeth Olympic Park"
"LINESTRING (-0.062546 51.535678,-0.01051 51.54094", "From Regent's Row , Haggerston to Aquatic Centre, Queen Elizabeth Olympic Park"
"LINESTRING (-0.039264 51.521564,-0.01051 51.54094", "From Harford Street, Mile End to Aquatic Centre, Queen Elizabeth Olympic Park"
"LINESTRING (-0.030556 51.523538,-0.01051 51.54094", "From Southern Grove, Bow to Aquatic Centre, Queen Elizabeth Olympic Park"
"LINESTRING (-0.018703 51.528169,-0.01051 51.54094", "From Bow Church Station, Bow to Aquatic Centre, Queen Elizabeth Olympic Park"
"LINESTRING (-0.062546 51.535678,-0.015717 51.549369", "From Regent's Row , Haggerston to Lee Valley VeloPark, Queen Elizabeth Olympic Park"
"LINESTRING (-0.01051 51.54094,-0.015717 51.549369", "From Aquatic Centre, Queen Elizabeth Olympic Park to Lee Valley VeloPark, Queen Elizabeth Olympic Park"
"LINESTRING (-0.022606 51.548731,-0.015717 51.549369", "From Here East North, Queen Elizabeth Olympic Park to Lee Valley VeloPark, Queen Elizabeth Olympic Park"
"LINESTRING (-0.055894 51.528936,-0.015717 51.549369", "From York Hall, Bethnal Green to Lee Valley VeloPark, Queen Elizabeth Olympic Park"
"LINESTRING (-0.009935 51.546326,-0.015717 51.549369", "From East Village, Queen Elizabeth Olympic Park to Lee Valley VeloPark, Queen Elizabeth Olympic Park"
"LINESTRING (-0.027581 51.526578,-0.015717 51.549369", "From Merchant Street, Bow to Lee Valley VeloPark, Queen Elizabeth Olympic Park"
"LINESTRING (-0.066035 51.531864,-0.015717 51.549369", "From Goldsmith's Row, Haggerston to Lee Valley VeloPark, Queen Elizabeth Olympic Park"
"LINESTRING (-0.021345 51.519265,-0.015717 51.549369", "From Furze Green, Bow to Lee Valley VeloPark, Queen Elizabeth Olympic Park"
"LINESTRING (-0.093885 51.517008,-0.015717 51.549369", "From Wood Street, Guildhall to Lee Valley VeloPark, Queen Elizabeth Olympic Park"
"LINESTRING (-0.026262 51.536039,-0.015717 51.549369", "From Wendon Street, Old Ford to Lee Valley VeloPark, Queen Elizabeth Olympic Park"
"LINESTRING (-0.014691 51.546805,-0.014691 51.546805", "From Timber Lodge, Queen Elizabeth Olympic Park to Timber Lodge, Queen Elizabeth Olympic Park"
"LINESTRING (-0.109914 51.531666,-0.014691 51.546805", "From Claremont Square, Angel to Timber Lodge, Queen Elizabeth Olympic Park"
"LINESTRING (-0.036017 51.525941,-0.014691 51.546805", "From Clinton Road, Mile End to Timber Lodge, Queen Elizabeth Olympic Park"
"LINESTRING (-0.014691 51.546805,-0.014691 51.546805", "From Timber Lodge, Queen Elizabeth Olympic Park to Timber Lodge, Queen Elizabeth Olympic Park"
"LINESTRING (-0.014691 51.546805,-0.014691 51.546805", "From Timber Lodge, Queen Elizabeth Olympic Park to Timber Lodge, Queen Elizabeth Olympic Park"
"LINESTRING (-0.066035 51.531864,-0.014691 51.546805", "From Goldsmith's Row, Haggerston to Timber Lodge, Queen Elizabeth Olympic Park"
"LINESTRING (-0.070329 51.539083,-0.014691 51.546805", "From Shoreditch Court, Haggerston to Timber Lodge, Queen Elizabeth Olympic Park"
"LINESTRING (-0.014691 51.546805,-0.014691 51.546805", "From Timber Lodge, Queen Elizabeth Olympic Park to Timber Lodge, Queen Elizabeth Olympic Park"
"LINESTRING (-0.014691 51.546805,-0.014691 51.546805", "From Timber Lodge, Queen Elizabeth Olympic Park to Timber Lodge, Queen Elizabeth Olympic Park"
"LINESTRING (-0.014691 51.546805,-0.014691 51.546805", "From Timber Lodge, Queen Elizabeth Olympic Park to Timber Lodge, Queen Elizabeth Olympic Park"
"LINESTRING (-0.014691 51.546805,-0.014691 51.546805", "From Timber Lodge, Queen Elizabeth Olympic Park to Timber Lodge, Queen Elizabeth Olympic Park"
"LINESTRING (-0.014691 51.546805,-0.014691 51.546805", "From Timber Lodge, Queen Elizabeth Olympic Park to Timber Lodge, Queen Elizabeth Olympic Park"
"LINESTRING (-0.014691 51.546805,-0.014691 51.546805", "From Timber Lodge, Queen Elizabeth Olympic Park to Timber Lodge, Queen Elizabeth Olympic Park"
"LINESTRING (-0.014691 51.546805,-0.014691 51.546805", "From Timber Lodge, Queen Elizabeth Olympic Park to Timber Lodge, Queen Elizabeth Olympic Park"
"LINESTRING (-0.048017 51.531127,-0.014691 51.546805", "From Old Ford Road, Bethnal Green to Timber Lodge, Queen Elizabeth Olympic Park"
"LINESTRING (-0.100292 51.501732,-0.014691 51.546805", "From Great Suffolk Street, The Borough to Timber Lodge, Queen Elizabeth Olympic Park"
"LINESTRING (-0.00481 51.541793,-0.014691 51.546805", "From Stratford Station, Stratford to Timber Lodge, Queen Elizabeth Olympic Park"
"LINESTRING (-0.038557 51.541515,-0.014691 51.546805", "From Gascoyne Road, Victoria Park to Timber Lodge, Queen Elizabeth Olympic Park"
"LINESTRING (-0.020542 51.544909,-0.014691 51.546805", "From Copper Box Arena, Queen Elizabeth Olympic Park to Timber Lodge, Queen Elizabeth Olympic Park"
"LINESTRING (-0.026262 51.536039,-0.014691 51.546805", "From Wendon Street, Old Ford to Timber Lodge, Queen Elizabeth Olympic Park"
"LINESTRING (-0.014691 51.546805,-0.014691 51.546805", "From Timber Lodge, Queen Elizabeth Olympic Park to Timber Lodge, Queen Elizabeth Olympic Park"
"LINESTRING (-0.00481 51.541793,-0.020542 51.544909", "From Stratford Station, Stratford to Copper Box Arena, Queen Elizabeth Olympic Park"
"LINESTRING (-0.06555 51.528681,-0.020542 51.544909", "From Durant Street, Bethnal Green to Copper Box Arena, Queen Elizabeth Olympic Park"
"LINESTRING (-0.02163 51.540311,-0.020542 51.544909", "From Monier Road, Hackney Wick to Copper Box Arena, Queen Elizabeth Olympic Park"
"LINESTRING (-0.01051 51.54094,-0.020542 51.544909", "From Aquatic Centre, Queen Elizabeth Olympic Park to Copper Box Arena, Queen Elizabeth Olympic Park"
"LINESTRING (-0.015717 51.549369,-0.020542 51.544909", "From Lee Valley VeloPark, Queen Elizabeth Olympic Park to Copper Box Arena, Queen Elizabeth Olympic Park"
"LINESTRING (-0.014691 51.546805,-0.020542 51.544909", "From Timber Lodge, Queen Elizabeth Olympic Park to Copper Box Arena, Queen Elizabeth Olympic Park"
"LINESTRING (-0.014691 51.546805,-0.020542 51.544909", "From Timber Lodge, Queen Elizabeth Olympic Park to Copper Box Arena, Queen Elizabeth Olympic Park"
"LINESTRING (-0.00481 51.541793,-0.020542 51.544909", "From Stratford Station, Stratford to Copper Box Arena, Queen Elizabeth Olympic Park"
"LINESTRING (-0.02163 51.540311,-0.020542 51.544909", "From Monier Road, Hackney Wick to Copper Box Arena, Queen Elizabeth Olympic Park"
"LINESTRING (-0.009935 51.546326,-0.020542 51.544909", "From East Village, Queen Elizabeth Olympic Park to Copper Box Arena, Queen Elizabeth Olympic Park"
"LINESTRING (-0.009935 51.546326,-0.020542 51.544909", "From East Village, Queen Elizabeth Olympic Park to Copper Box Arena, Queen Elizabeth Olympic Park"
"LINESTRING (-0.02296 51.50623,-0.020542 51.544909", "From Fisherman's Walk West, Canary Wharf to Copper Box Arena, Queen Elizabeth Olympic Park"
"LINESTRING (-0.011889 51.538718,-0.011889 51.538718", "From Podium, Queen Elizabeth Olympic Park to Podium, Queen Elizabeth Olympic Park"
"LINESTRING (-0.011889 51.538718,-0.011889 51.538718", "From Podium, Queen Elizabeth Olympic Park to Podium, Queen Elizabeth Olympic Park"
"LINESTRING (-0.058826 51.54119,-0.011889 51.538718", "From London Fields, Hackney Central to Podium, Queen Elizabeth Olympic Park"
"LINESTRING (-0.011889 51.538718,-0.011889 51.538718", "From Podium, Queen Elizabeth Olympic Park to Podium, Queen Elizabeth Olympic Park"
"LINESTRING (-0.020542 51.544909,-0.011889 51.538718", "From Copper Box Arena, Queen Elizabeth Olympic Park to Podium, Queen Elizabeth Olympic Park"
"LINESTRING (-0.011889 51.538718,-0.011889 51.538718", "From Podium, Queen Elizabeth Olympic Park to Podium, Queen Elizabeth Olympic Park"
"LINESTRING (-0.041378 51.522507,-0.011889 51.538718", "From Queen Mary's, Mile End to Podium, Queen Elizabeth Olympic Park"
"LINESTRING (-0.073537 51.514233,-0.011889 51.538718", "From Braham Street, Aldgate to Podium, Queen Elizabeth Olympic Park"
"LINESTRING (-0.011889 51.538718,-0.011889 51.538718", "From Podium, Queen Elizabeth Olympic Park to Podium, Queen Elizabeth Olympic Park"
"LINESTRING (-0.015717 51.549369,-0.011889 51.538718", "From Lee Valley VeloPark, Queen Elizabeth Olympic Park to Podium, Queen Elizabeth Olympic Park"
"LINESTRING (-0.01051 51.54094,-0.011889 51.538718", "From Aquatic Centre, Queen Elizabeth Olympic Park to Podium, Queen Elizabeth Olympic Park"
"LINESTRING (-0.062546 51.535678,-0.011889 51.538718", "From Regent's Row , Haggerston to Podium, Queen Elizabeth Olympic Park"
"LINESTRING (-0.0786 51.500647,-0.00481 51.541793", "From Tanner Street, Bermondsey to Stratford Station, Stratford"
"LINESTRING (-0.02163 51.540311,-0.00481 51.541793", "From Monier Road, Hackney Wick to Stratford Station, Stratford"
"LINESTRING (-0.020542 51.544909,-0.00481 51.541793", "From Copper Box Arena, Queen Elizabeth Olympic Park to Stratford Station, Stratford"
"LINESTRING (-0.014691 51.546805,-0.00481 51.541793", "From Timber Lodge, Queen Elizabeth Olympic Park to Stratford Station, Stratford"
"LINESTRING (-0.051394 51.520893,-0.00481 51.541793", "From Cleveland Way, Stepney to Stratford Station, Stratford"
"LINESTRING (-0.02163 51.540311,-0.00481 51.541793", "From Monier Road, Hackney Wick to Stratford Station, Stratford"
"LINESTRING (-0.02163 51.540311,-0.00481 51.541793", "From Monier Road, Hackney Wick to Stratford Station, Stratford"
"LINESTRING (-0.022606 51.548731,-0.00481 51.541793", "From Here East North, Queen Elizabeth Olympic Park to Stratford Station, Stratford"
"LINESTRING (-0.02163 51.540311,-0.00481 51.541793", "From Monier Road, Hackney Wick to Stratford Station, Stratford"
"LINESTRING (-0.02163 51.540311,-0.00481 51.541793", "From Monier Road, Hackney Wick to Stratford Station, Stratford"
"LINESTRING (-0.015717 51.549369,-0.00481 51.541793", "From Lee Valley VeloPark, Queen Elizabeth Olympic Park to Stratford Station, Stratford"
"LINESTRING (-0.015717 51.549369,-0.00481 51.541793", "From Lee Valley VeloPark, Queen Elizabeth Olympic Park to Stratford Station, Stratford"
"LINESTRING (-0.027581 51.526578,-0.00481 51.541793", "From Merchant Street, Bow to Stratford Station, Stratford"
"LINESTRING (-0.020542 51.544909,-0.00481 51.541793", "From Copper Box Arena, Queen Elizabeth Olympic Park to Stratford Station, Stratford"
"LINESTRING (-0.07813 51.526377,-0.00481 51.541793", "From Shoreditch High Street, Shoreditch to Stratford Station, Stratford"
"LINESTRING (-0.02163 51.540311,-0.00481 51.541793", "From Monier Road, Hackney Wick to Stratford Station, Stratford"
"LINESTRING (-0.02163 51.540311,-0.00481 51.541793", "From Monier Road, Hackney Wick to Stratford Station, Stratford"
"LINESTRING (-0.02163 51.540311,-0.00481 51.541793", "From Monier Road, Hackney Wick to Stratford Station, Stratford"
"LINESTRING (-0.020542 51.544909,-0.00481 51.541793", "From Copper Box Arena, Queen Elizabeth Olympic Park to Stratford Station, Stratford"
"LINESTRING (-0.02163 51.540311,-0.00481 51.541793", "From Monier Road, Hackney Wick to Stratford Station, Stratford"
"LINESTRING (-0.02163 51.540311,-0.00481 51.541793", "From Monier Road, Hackney Wick to Stratford Station, Stratford"
"LINESTRING (-0.02163 51.540311,-0.00481 51.541793", "From Monier Road, Hackney Wick to Stratford Station, Stratford"
"LINESTRING (-0.02163 51.540311,-0.00481 51.541793", "From Monier Road, Hackney Wick to Stratford Station, Stratford"
"LINESTRING (-0.076793 51.513406,-0.00481 51.541793", "From Jewry Street, Aldgate to Stratford Station, Stratford"
"LINESTRING (-0.020542 51.544909,-0.00481 51.541793", "From Copper Box Arena, Queen Elizabeth Olympic Park to Stratford Station, Stratford"
"LINESTRING (-0.022606 51.548731,-0.00481 51.541793", "From Here East North, Queen Elizabeth Olympic Park to Stratford Station, Stratford"
"LINESTRING (-0.04667 51.521889,-0.10454 51.505461", "From Stepney Green Station, Stepney to Blackfriars Road, Southwark"
"LINESTRING (-0.117661 51.482678,-0.10454 51.505461", "From Ashmole Estate, Oval to Blackfriars Road, Southwark"
"LINESTRING (-0.141423 51.514499,-0.10454 51.505461", "From Little Argyll Street, West End to Blackfriars Road, Southwark"
"LINESTRING (-0.118256 51.47659,-0.10454 51.505461", "From Albert Square, Stockwell to Blackfriars Road, Southwark"
"LINESTRING (-0.126874 51.47787,-0.10454 51.505461", "From Hartington Road, Stockwell to Blackfriars Road, Southwark"
"LINESTRING (-0.113001 51.50486,-0.10454 51.505461", "From Waterloo Road, South Bank to Blackfriars Road, Southwark"
"LINESTRING (-0.074284 51.539328,-0.10454 51.505461", "From Haggerston Road, Haggerston to Blackfriars Road, Southwark"
"LINESTRING (-0.12367 51.471433,-0.10454 51.505461", "From Clapham Road, Lingham Street, Stockwell to Blackfriars Road, Southwark"
"LINESTRING (-0.101536 51.49217,-0.10454 51.505461", "From Hampton Street, Walworth to Blackfriars Road, Southwark"
"LINESTRING (-0.110121 51.488105,-0.10454 51.505461", "From Cleaver Street, Kennington to Blackfriars Road, Southwark"
"LINESTRING (-0.122219 51.51477,-0.10454 51.505461", "From Drury Lane, Covent Garden to Blackfriars Road, Southwark"
"LINESTRING (-0.102996 51.486929,-0.10454 51.505461", "From Doddington Grove, Kennington to Blackfriars Road, Southwark"
"LINESTRING (-0.096191 51.498597,-0.10454 51.505461", "From Harper Road, The Borough to Blackfriars Road, Southwark"
"LINESTRING (-0.15352 51.503117,-0.10454 51.505461", "From Hyde Park Corner, Hyde Park to Blackfriars Road, Southwark"
"LINESTRING (-0.122203 51.534474,-0.10454 51.505461", "From Crinan Street, King's Cross to Blackfriars Road, Southwark"
"LINESTRING (-0.092921 51.494436,-0.10454 51.505461", "From New Kent Road, The Borough to Blackfriars Road, Southwark"
"LINESTRING (-0.082422 51.516154,-0.10454 51.505461", "From Wormwood Street, Liverpool Street to Blackfriars Road, Southwark"
"LINESTRING (-0.130908 51.464995,-0.10454 51.505461", "From Gauden Road, Clapham to Blackfriars Road, Southwark"
"LINESTRING (-0.09308 51.515735,-0.10454 51.505461", "From The Guildhall, Guildhall to Blackfriars Road, Southwark"
"LINESTRING (-0.084439 51.524696,-0.10454 51.505461", "From Leonard Circus , Shoreditch to Blackfriars Road, Southwark"
"LINESTRING (-0.161203 51.496886,-0.10454 51.505461", "From Pont Street, Knightsbridge to Blackfriars Road, Southwark"
"LINESTRING (-0.088542 51.527025,-0.10454 51.505461", "From Baldwin Street, St. Luke's to Blackfriars Road, Southwark"
"LINESTRING (-0.091773 51.504627,-0.10454 51.505461", "From Hop Exchange, The Borough to Blackfriars Road, Southwark"
"LINESTRING (-0.158105 51.494645,-0.10454 51.505461", "From Cadogan Place, Knightsbridge to Blackfriars Road, Southwark"
"LINESTRING (-0.102996 51.486929,-0.10454 51.505461", "From Doddington Grove, Kennington to Blackfriars Road, Southwark"
"LINESTRING (-0.074189 51.502279,-0.10454 51.505461", "From Curlew Street, Shad Thames to Blackfriars Road, Southwark"
"LINESTRING (-0.112824 51.503791,-0.10454 51.505461", "From Waterloo Station 3, Waterloo to Blackfriars Road, Southwark"
"LINESTRING (-0.085814 51.495061,-0.10454 51.505461", "From Bricklayers Arms, Borough to Blackfriars Road, Southwark"
"LINESTRING (-0.139221 51.461388,-0.10454 51.505461", "From Clapham Common Station, Clapham Common to Blackfriars Road, Southwark"
"LINESTRING (-0.113426 51.503919,-0.10454 51.505461", "From Waterloo Station 2, Waterloo to Blackfriars Road, Southwark"
"LINESTRING (-0.097122 51.529423,-0.10454 51.505461", "From Macclesfield Rd, St Lukes to Blackfriars Road, Southwark"
"LINESTRING (-0.104724 51.52836,-0.10454 51.505461", "From St. John Street, Finsbury to Blackfriars Road, Southwark"
"LINESTRING (-0.113936 51.500139,-0.10454 51.505461", "From Lower Marsh, Waterloo to Blackfriars Road, Southwark"
"LINESTRING (-0.111435 51.48894,-0.10454 51.505461", "From Kennington Cross, Kennington to Blackfriars Road, Southwark"
"LINESTRING (-0.093051 51.511246,-0.10454 51.505461", "From Queen Street 2, Bank to Blackfriars Road, Southwark"
"LINESTRING (-0.106 51.496127,-0.10454 51.505461", "From Geraldine Street, Elephant & Castle to Blackfriars Road, Southwark"
"LINESTRING (-0.121723 51.510701,-0.10454 51.505461", "From Southampton Street, Strand to Blackfriars Road, Southwark"
"LINESTRING (-0.102757 51.536384,-0.10454 51.505461", "From Islington Green, Angel to Blackfriars Road, Southwark"
"LINESTRING (-0.162298 51.522511,-0.119558 51.528279", "From Boston Place, Marylebone to Cromer Street, Bloomsbury"
"LINESTRING (-0.109006 51.521661,-0.119558 51.528279", "From Hatton Wall, Holborn to Cromer Street, Bloomsbury"
"LINESTRING (-0.113936 51.500139,-0.119558 51.528279", "From Lower Marsh, Waterloo to Cromer Street, Bloomsbury"
"LINESTRING (-0.113936 51.500139,-0.119558 51.528279", "From Lower Marsh, Waterloo to Cromer Street, Bloomsbury"
"LINESTRING (-0.103604 51.517334,-0.119558 51.528279", "From Snow Hill, Farringdon to Cromer Street, Bloomsbury"
"LINESTRING (-0.124121 51.523418,-0.119558 51.528279", "From Russell Square Station, Bloomsbury to Cromer Street, Bloomsbury"
"LINESTRING (-0.112432 51.526599,-0.119558 51.528279", "From Margery Street, Clerkenwell to Cromer Street, Bloomsbury"
"LINESTRING (-0.126409 51.524,-0.119558 51.528279", "From Coram Street, Bloomsbury to Cromer Street, Bloomsbury"
"LINESTRING (-0.114079 51.522264,-0.119558 51.528279", "From Northington Street , Holborn to Cromer Street, Bloomsbury"
"LINESTRING (-0.111257 51.514274,-0.119558 51.528279", "From Chancery Lane, Holborn to Cromer Street, Bloomsbury"
"LINESTRING (-0.130458 51.494816,-0.119558 51.528279", "From Horseferry Road, Westminster to Cromer Street, Bloomsbury"
"LINESTRING (-0.119558 51.528279,-0.119558 51.528279", "From Cromer Street, Bloomsbury to Cromer Street, Bloomsbury"
"LINESTRING (-0.06142 51.532091,-0.119558 51.528279", "From Pritchard's Road, Bethnal Green to Cromer Street, Bloomsbury"
"LINESTRING (-0.140485 51.519181,-0.119558 51.528279", "From Foley Street, Fitzrovia to Cromer Street, Bloomsbury"
"LINESTRING (-0.139221 51.461388,-0.147804 51.461376", "From Clapham Common Station, Clapham Common to Victoria Rise, Clapham Common"
"LINESTRING (-0.116493 51.477839,-0.147804 51.461376", "From Caldwell Street, Stockwell to Victoria Rise, Clapham Common"
"LINESTRING (-0.16716 51.47518,-0.147804 51.461376", "From Surrey Lane, Battersea to Victoria Rise, Clapham Common"
"LINESTRING (-0.167919 51.484984,-0.147804 51.461376", "From Phene Street, Chelsea to Victoria Rise, Clapham Common"
"LINESTRING (-0.199783 51.472817,-0.147804 51.461376", "From Parson's Green , Parson's Green to Victoria Rise, Clapham Common"
"LINESTRING (-0.107927 51.513821,-0.147804 51.461376", "From Bouverie Street, Temple to Victoria Rise, Clapham Common"
"LINESTRING (-0.168292 51.462392,-0.147804 51.461376", "From St. John's Road, Clapham Junction to Victoria Rise, Clapham Common"
"LINESTRING (-0.12367 51.471433,-0.147804 51.461376", "From Clapham Road, Lingham Street, Stockwell to Victoria Rise, Clapham Common"
"LINESTRING (-0.115375 51.460232,-0.147804 51.461376", "From Saltoun Road, Brixton to Victoria Rise, Clapham Common"
"LINESTRING (-0.168292 51.462392,-0.147804 51.461376", "From St. John's Road, Clapham Junction to Victoria Rise, Clapham Common"
"LINESTRING (-0.118272 51.516277,-0.131861 51.527068", "From Lincoln's Inn Fields, Holborn to Euston Square Gardens, Euston"
"LINESTRING (-0.147301 51.514105,-0.131861 51.527068", "From Woodstock Street, Mayfair to Euston Square Gardens, Euston"
"LINESTRING (-0.124678 51.51908,-0.131861 51.527068", "From British Museum, Bloomsbury to Euston Square Gardens, Euston"
"LINESTRING (-0.099489 51.524868,-0.131861 51.527068", "From Sadlers Sports Centre, Finsbury to Euston Square Gardens, Euston"
"LINESTRING (-0.144228 51.518117,-0.131861 51.527068", "From Broadcasting House, Marylebone to Euston Square Gardens, Euston"
"LINESTRING (-0.09294 51.51397,-0.131861 51.527068", "From Cheapside, Bank to Euston Square Gardens, Euston"
"LINESTRING (-0.123179 51.506543,-0.131861 51.527068", "From Whitehall Place, Strand to Euston Square Gardens, Euston"
"LINESTRING (-0.123823 51.501513,-0.131861 51.527068", "From Westminster Pier, Westminster to Euston Square Gardens, Euston"
"LINESTRING (-0.120718 51.511968,-0.131861 51.527068", "From Tavistock Street, Covent Garden to Euston Square Gardens, Euston"
"LINESTRING (-0.165668 51.524561,-0.131861 51.527068", "From Broadley Terrace, Marylebone to Euston Square Gardens, Euston"
"LINESTRING (-0.153233 51.490959,-0.131861 51.527068", "From Bourne Street, Belgravia to Euston Square Gardens, Euston"
"LINESTRING (-0.120973 51.530059,-0.131861 51.527068", "From St. Chad's Street, King's Cross to Euston Square Gardens, Euston"
"LINESTRING (-0.13214 51.519572,-0.131861 51.527068", "From Store Street, Bloomsbury to Euston Square Gardens, Euston"
"LINESTRING (-0.105593 51.488852,-0.131861 51.527068", "From Kennington Station, Kennington to Euston Square Gardens, Euston"
"LINESTRING (-0.099489 51.524868,-0.131861 51.527068", "From Sadlers Sports Centre, Finsbury to Euston Square Gardens, Euston"
"LINESTRING (-0.164786 51.477292,-0.131861 51.527068", "From Ethelburga Estate, Battersea Park to Euston Square Gardens, Euston"
"LINESTRING (-0.124678 51.51908,-0.131861 51.527068", "From British Museum, Bloomsbury to Euston Square Gardens, Euston"
"LINESTRING (-0.10044 51.498898,-0.131861 51.527068", "From Borough Road, Elephant & Castle to Euston Square Gardens, Euston"
"LINESTRING (-0.133201 51.512515,-0.131861 51.527068", "From Wardour Street, Soho to Euston Square Gardens, Euston"
"LINESTRING (-0.099489 51.524868,-0.131861 51.527068", "From Sadlers Sports Centre, Finsbury to Euston Square Gardens, Euston"
"LINESTRING (-0.141728 51.539099,-0.131861 51.527068", "From Greenland Road, Camden Town to Euston Square Gardens, Euston"
"LINESTRING (-0.141327 51.520253,-0.126409 51.524", "From Great Titchfield Street, Fitzrovia to Coram Street, Bloomsbury"
"LINESTRING (-0.131213 51.513103,-0.126409 51.524", "From Frith Street, Soho to Coram Street, Bloomsbury"
"LINESTRING (-0.111014 51.493686,-0.126409 51.524", "From Walnut Tree Walk, Vauxhall to Coram Street, Bloomsbury"
"LINESTRING (-0.124678 51.51908,-0.126409 51.524", "From British Museum, Bloomsbury to Coram Street, Bloomsbury"
"LINESTRING (-0.09294 51.51397,-0.126409 51.524", "From Cheapside, Bank to Coram Street, Bloomsbury"
"LINESTRING (-0.073438 51.51838,-0.126409 51.524", "From Fashion Street, Whitechapel to Coram Street, Bloomsbury"
"LINESTRING (-0.124678 51.51908,-0.126409 51.524", "From British Museum, Bloomsbury to Coram Street, Bloomsbury"
"LINESTRING (-0.114079 51.522264,-0.126409 51.524", "From Northington Street , Holborn to Coram Street, Bloomsbury"
"LINESTRING (-0.116628 51.500089,-0.126409 51.524", "From Lambeth Palace Road, Waterloo to Coram Street, Bloomsbury"
"LINESTRING (-0.133952 51.536264,-0.126409 51.524", "From Royal College Street, Camden Town to Coram Street, Bloomsbury"
"LINESTRING (-0.112432 51.526599,-0.126409 51.524", "From Margery Street, Clerkenwell to Coram Street, Bloomsbury"
"LINESTRING (-0.107349 51.511891,-0.126409 51.524", "From Tallis Street, Temple to Coram Street, Bloomsbury"
"LINESTRING (-0.123616 51.529943,-0.126409 51.524", "From Belgrove Street , King's Cross to Coram Street, Bloomsbury"
"LINESTRING (-0.131773 51.506633,-0.126409 51.524", "From Waterloo Place, St. James's to Coram Street, Bloomsbury"
"LINESTRING (-0.136792 51.533005,-0.126409 51.524", "From Eversholt Street , Camden Town to Coram Street, Bloomsbury"
"LINESTRING (-0.131773 51.506633,-0.126409 51.524", "From Waterloo Place, St. James's to Coram Street, Bloomsbury"
"LINESTRING (-0.109006 51.521661,-0.126409 51.524", "From Hatton Wall, Holborn to Coram Street, Bloomsbury"
"LINESTRING (-0.131773 51.506633,-0.126409 51.524", "From Waterloo Place, St. James's to Coram Street, Bloomsbury"
"LINESTRING (-0.113864 51.504027,-0.126409 51.524", "From Waterloo Station 1, Waterloo to Coram Street, Bloomsbury"
"LINESTRING (-0.136792 51.533005,-0.126409 51.524", "From Eversholt Street , Camden Town to Coram Street, Bloomsbury"
"LINESTRING (-0.148105 51.514759,-0.126409 51.524", "From Marylebone Lane, Marylebone to Coram Street, Bloomsbury"
"LINESTRING (-0.149569 51.50274,-0.126409 51.524", "From Wellington Arch, Hyde Park to Coram Street, Bloomsbury"
"LINESTRING (-0.122203 51.534474,-0.126409 51.524", "From Crinan Street, King's Cross to Coram Street, Bloomsbury"
"LINESTRING (-0.124121 51.523418,-0.126409 51.524", "From Russell Square Station, Bloomsbury to Coram Street, Bloomsbury"
"LINESTRING (-0.109006 51.521661,-0.126409 51.524", "From Hatton Wall, Holborn to Coram Street, Bloomsbury"
"LINESTRING (-0.111781 51.533319,-0.126409 51.524", "From Risinghill Street, Angel to Coram Street, Bloomsbury"
"LINESTRING (-0.116688 51.520596,-0.126409 51.524", "From Theobald's Road , Holborn to Coram Street, Bloomsbury"
"LINESTRING (-0.124807 51.53724,-0.126409 51.524", "From Handyside Street, King's Cross to Coram Street, Bloomsbury"
"LINESTRING (-0.133201 51.512515,-0.126409 51.524", "From Wardour Street, Soho to Coram Street, Bloomsbury"
"LINESTRING (-0.129386 51.534123,-0.128279 51.5293", "From Pancras Road, King's Cross to Ossulston Street, Somers Town"
"LINESTRING (-0.144228 51.518117,-0.128279 51.5293", "From Broadcasting House, Marylebone to Ossulston Street, Somers Town"
"LINESTRING (-0.09734 51.520841,-0.128279 51.5293", "From Aldersgate Street, Barbican to Ossulston Street, Somers Town"
"LINESTRING (-0.13214 51.519572,-0.128279 51.5293", "From Store Street, Bloomsbury to Ossulston Street, Somers Town"
"LINESTRING (-0.145211 51.520715,-0.128279 51.5293", "From Portland Place, Marylebone to Ossulston Street, Somers Town"
"LINESTRING (-0.162298 51.522511,-0.128279 51.5293", "From Boston Place, Marylebone to Ossulston Street, Somers Town"
"LINESTRING (-0.161113 51.522596,-0.128279 51.5293", "From Dorset Square, Marylebone to Ossulston Street, Somers Town"
"LINESTRING (-0.138853 51.541603,-0.128279 51.5293", "From Bonny Street, Camden Town to Ossulston Street, Somers Town"
"LINESTRING (-0.134407 51.526236,-0.128279 51.5293", "From Euston Road, Euston to Ossulston Street, Somers Town"
"LINESTRING (-0.116191 51.535467,-0.128279 51.5293", "From Carnegie Street, King's Cross to Ossulston Street, Somers Town"
"LINESTRING (-0.158963 51.524517,-0.128279 51.5293", "From Park Road (Baker Street), The Regent's Park to Ossulston Street, Somers Town"
"LINESTRING (-0.038557 51.541515,-0.128279 51.5293", "From Gascoyne Road, Victoria Park to Ossulston Street, Somers Town"
"LINESTRING (-0.075578 51.52127,-0.128279 51.5293", "From Commercial Street, Shoreditch to Ossulston Street, Somers Town"
"LINESTRING (-0.122299 51.530199,-0.128279 51.5293", "From Birkenhead Street, King's Cross to Ossulston Street, Somers Town"
"LINESTRING (-0.178433 51.492479,-0.128279 51.5293", "From Queen's Gate (South), South Kensington to Ossulston Street, Somers Town"
"LINESTRING (-0.138853 51.541603,-0.128279 51.5293", "From Bonny Street, Camden Town to Ossulston Street, Somers Town"
"LINESTRING (-0.0786 51.500647,-0.128279 51.5293", "From Tanner Street, Bermondsey to Ossulston Street, Somers Town"
"LINESTRING (-0.134407 51.526236,-0.128279 51.5293", "From Euston Road, Euston to Ossulston Street, Somers Town"
"LINESTRING (-0.120202 51.523346,-0.128279 51.5293", "From Guilford Street , Bloomsbury to Ossulston Street, Somers Town"
"LINESTRING (-0.140485 51.519181,-0.128279 51.5293", "From Foley Street, Fitzrovia to Ossulston Street, Somers Town"
"LINESTRING (-0.123616 51.529943,-0.128279 51.5293", "From Belgrove Street , King's Cross to Ossulston Street, Somers Town"
"LINESTRING (-0.128585 51.516118,-0.128279 51.5293", "From Earnshaw Street , Covent Garden to Ossulston Street, Somers Town"
"LINESTRING (-0.136039 51.519914,-0.128279 51.5293", "From Scala Street, Fitzrovia to Ossulston Street, Somers Town"
"LINESTRING (-0.216016 51.509224,-0.128279 51.5293", "From Rifle Place, Avondale to Ossulston Street, Somers Town"
"LINESTRING (-0.079249 51.518908,-0.128279 51.5293", "From Brushfield Street, Liverpool Street to Ossulston Street, Somers Town"
"LINESTRING (-0.120202 51.523346,-0.128279 51.5293", "From Guilford Street , Bloomsbury to Ossulston Street, Somers Town"
"LINESTRING (-0.121328 51.517606,-0.128279 51.5293", "From Southampton Place, Holborn to Ossulston Street, Somers Town"
"LINESTRING (-0.134407 51.526236,-0.128279 51.5293", "From Euston Road, Euston to Ossulston Street, Somers Town"
"LINESTRING (-0.113001 51.50486,-0.128279 51.5293", "From Waterloo Road, South Bank to Ossulston Street, Somers Town"
"LINESTRING (-0.13544 51.497829,-0.128279 51.5293", "From Butler Place, Westminster to Ossulston Street, Somers Town"
"LINESTRING (-0.08497 51.50964,-0.128279 51.5293", "From Monument Street, Monument to Ossulston Street, Somers Town"
"LINESTRING (-0.136792 51.533005,-0.128279 51.5293", "From Eversholt Street , Camden Town to Ossulston Street, Somers Town"
"LINESTRING (-0.08299 51.53213,-0.128279 51.5293", "From Pitfield Street Central, Hoxton to Ossulston Street, Somers Town"
"LINESTRING (-0.136792 51.533005,-0.128279 51.5293", "From Eversholt Street , Camden Town to Ossulston Street, Somers Town"
"LINESTRING (-0.125078 51.534667,-0.128279 51.5293", "From Good's Way, King's Cross to Ossulston Street, Somers Town"
"LINESTRING (-0.131861 51.527068,-0.128279 51.5293", "From Euston Square Gardens, Euston to Ossulston Street, Somers Town"
"LINESTRING (-0.075901 51.531091,-0.128279 51.5293", "From Hoxton Station, Hoxton to Ossulston Street, Somers Town"
"LINESTRING (-0.174653 51.527294,-0.128279 51.5293", "From St. John's Wood Road, St. John's Wood to Ossulston Street, Somers Town"
"LINESTRING (-0.117774 51.513875,-0.122299 51.530199", "From Kingsway Southbound, Strand to Birkenhead Street, King's Cross"
"LINESTRING (-0.108657 51.51795,-0.122299 51.530199", "From Holborn Circus, Holborn to Birkenhead Street, King's Cross"
"LINESTRING (-0.074431 51.519362,-0.122299 51.530199", "From Fournier Street, Whitechapel to Birkenhead Street, King's Cross"
"LINESTRING (-0.124121 51.523418,-0.122299 51.530199", "From Russell Square Station, Bloomsbury to Birkenhead Street, King's Cross"
"LINESTRING (-0.116279 51.524564,-0.122299 51.530199", "From Wren Street, Holborn to Birkenhead Street, King's Cross"
"LINESTRING (-0.122299 51.530199,-0.122299 51.530199", "From Birkenhead Street, King's Cross to Birkenhead Street, King's Cross"
"LINESTRING (-0.099981 51.532661,-0.122299 51.530199", "From Graham Street, Angel to Birkenhead Street, King's Cross"
"LINESTRING (-0.09315 51.53356,-0.122299 51.530199", "From Eagle Wharf Road, Hoxton to Birkenhead Street, King's Cross"
"LINESTRING (-0.118295 51.52728,-0.122299 51.530199", "From Ampton Street , Clerkenwell to Birkenhead Street, King's Cross"
"LINESTRING (-0.105344 51.515059,-0.122299 51.530199", "From St. Bride Street, Holborn to Birkenhead Street, King's Cross"
"LINESTRING (-0.0801 51.52959,-0.122299 51.530199", "From Hoxton Street, Hoxton to Birkenhead Street, King's Cross"
"LINESTRING (-0.099981 51.532661,-0.122299 51.530199", "From Graham Street, Angel to Birkenhead Street, King's Cross"
"LINESTRING (-0.122299 51.530199,-0.122299 51.530199", "From Birkenhead Street, King's Cross to Birkenhead Street, King's Cross"
"LINESTRING (-0.085634 51.520962,-0.122299 51.530199", "From Finsbury Square , Moorgate to Birkenhead Street, King's Cross"
"LINESTRING (-0.096317 51.526008,-0.122299 51.530199", "From Finsbury Leisure Centre, St. Luke's to Birkenhead Street, King's Cross"
"LINESTRING (-0.121723 51.510701,-0.122299 51.530199", "From Southampton Street, Strand to Birkenhead Street, King's Cross"
"LINESTRING (-0.025626 51.511811,-0.122299 51.530199", "From Canton Street, Poplar to Birkenhead Street, King's Cross"
"LINESTRING (-0.130504 51.526838,-0.122299 51.530199", "From Endsleigh Gardens, Euston to Birkenhead Street, King's Cross"
"LINESTRING (-0.093051 51.511246,-0.122299 51.530199", "From Queen Street 2, Bank to Birkenhead Street, King's Cross"
"LINESTRING (-0.123823 51.501513,-0.122299 51.530199", "From Westminster Pier, Westminster to Birkenhead Street, King's Cross"
"LINESTRING (-0.073955 51.526293,-0.122299 51.530199", "From Palissy Street, Shoreditch to Birkenhead Street, King's Cross"
"LINESTRING (-0.122299 51.530199,-0.122299 51.530199", "From Birkenhead Street, King's Cross to Birkenhead Street, King's Cross"
"LINESTRING (-0.114079 51.522264,-0.122299 51.530199", "From Northington Street , Holborn to Birkenhead Street, King's Cross"
"LINESTRING (-0.122299 51.530199,-0.122299 51.530199", "From Birkenhead Street, King's Cross to Birkenhead Street, King's Cross"
"LINESTRING (-0.122219 51.51477,-0.122299 51.530199", "From Drury Lane, Covent Garden to Birkenhead Street, King's Cross"
"LINESTRING (-0.116279 51.524564,-0.122299 51.530199", "From Wren Street, Holborn to Birkenhead Street, King's Cross"
"LINESTRING (-0.070542 51.505697,-0.137598 51.497698", "From St. Katharine's Way, Tower to Kings Gate House, Westminster"
"LINESTRING (-0.101384 51.49652,-0.137598 51.497698", "From Ontario Street, Elephant & Castle to Kings Gate House, Westminster"
"LINESTRING (-0.129925 51.493072,-0.137598 51.497698", "From Vincent Street, Pimlico to Kings Gate House, Westminster"
"LINESTRING (-0.116493 51.477839,-0.137598 51.497698", "From Caldwell Street, Stockwell to Kings Gate House, Westminster"
"LINESTRING (-0.142943 51.496863,-0.137598 51.497698", "From Allington Street, Victoria to Kings Gate House, Westminster"
"LINESTRING (-0.164393 51.516517,-0.137598 51.497698", "From Nutford Place, Marylebone to Kings Gate House, Westminster"
"LINESTRING (-0.128279 51.5293,-0.137598 51.497698", "From Ossulston Street, Somers Town to Kings Gate House, Westminster"
"LINESTRING (-0.163609 51.51809,-0.137598 51.497698", "From Shouldham Street, Marylebone to Kings Gate House, Westminster"
"LINESTRING (-0.139956 51.493573,-0.137598 51.497698", "From Queen Mother Sports Centre, Victoria to Kings Gate House, Westminster"
"LINESTRING (-0.123179 51.506543,-0.137598 51.497698", "From Whitehall Place, Strand to Kings Gate House, Westminster"
"LINESTRING (-0.123616 51.529943,-0.137598 51.497698", "From Belgrove Street , King's Cross to Kings Gate House, Westminster"
"LINESTRING (-0.130458 51.494816,-0.137598 51.497698", "From Horseferry Road, Westminster to Kings Gate House, Westminster"
"LINESTRING (-0.113864 51.504027,-0.137598 51.497698", "From Waterloo Station 1, Waterloo to Kings Gate House, Westminster"
"LINESTRING (-0.138846 51.510048,-0.137598 51.497698", "From Sackville Street, Mayfair to Kings Gate House, Westminster"
"LINESTRING (-0.162298 51.522511,-0.137598 51.497698", "From Boston Place, Marylebone to Kings Gate House, Westminster"
"LINESTRING (-0.104778 51.504044,-0.137598 51.497698", "From Southwark Station 2, Southwark to Kings Gate House, Westminster"
"LINESTRING (-0.09885 51.515418,-0.137598 51.497698", "From Newgate Street , St. Paul's to Kings Gate House, Westminster"
"LINESTRING (-0.124826 51.516226,-0.137598 51.497698", "From High Holborn , Covent Garden to Kings Gate House, Westminster"
"LINESTRING (-0.179135 51.516417,-0.137598 51.497698", "From Eastbourne Mews, Paddington to Kings Gate House, Westminster"
"LINESTRING (-0.194116 51.479932,-0.137598 51.497698", "From Fulham Broadway, Walham Green to Kings Gate House, Westminster"
"LINESTRING (-0.149569 51.50274,-0.137598 51.497698", "From Wellington Arch, Hyde Park to Kings Gate House, Westminster"
"LINESTRING (-0.167894 51.493184,-0.149035 51.481121", "From Sloane Avenue, Knightsbridge to Sopwith Way, Battersea Park"
"LINESTRING (-0.173693 51.495948,-0.149035 51.481121", "From Exhibition Road Museums 2, South Kensington to Sopwith Way, Battersea Park"
"LINESTRING (-0.182435 51.478169,-0.149035 51.481121", "From Upcerne Road, West Chelsea to Sopwith Way, Battersea Park"
"LINESTRING (-0.147857 51.477966,-0.149035 51.481121", "From Gas Holders, Battersea Park to Sopwith Way, Battersea Park"
"LINESTRING (-0.191462 51.501364,-0.149035 51.481121", "From Derry Street, Kensington to Sopwith Way, Battersea Park"
"LINESTRING (-0.122759 51.487807,-0.149035 51.481121", "From New Spring Gardens Walk, Vauxhall to Sopwith Way, Battersea Park"
"LINESTRING (-0.121328 51.517606,-0.149035 51.481121", "From Southampton Place, Holborn to Sopwith Way, Battersea Park"
"LINESTRING (-0.179854 51.501715,-0.149035 51.481121", "From Queen's Gate, Kensington Gardens to Sopwith Way, Battersea Park"
"LINESTRING (-0.117122 51.490994,-0.149035 51.481121", "From Black Prince Road, Vauxhall to Sopwith Way, Battersea Park"
"LINESTRING (-0.192404 51.496481,-0.149035 51.481121", "From Marloes Road, Kensington to Sopwith Way, Battersea Park"
"LINESTRING (-0.17581 51.517335,-0.149035 51.481121", "From South Wharf Road, Paddington to Sopwith Way, Battersea Park"
"LINESTRING (-0.149035 51.481121,-0.149035 51.481121", "From Sopwith Way, Battersea Park to Sopwith Way, Battersea Park"
"LINESTRING (-0.142943 51.496863,-0.149035 51.481121", "From Allington Street, Victoria to Sopwith Way, Battersea Park"
"LINESTRING (-0.192165 51.457529,-0.149035 51.481121", "From Ram Street, Wandsworth to Sopwith Way, Battersea Park"
"LINESTRING (-0.123823 51.501513,-0.149035 51.481121", "From Westminster Pier, Westminster to Sopwith Way, Battersea Park"
"LINESTRING (-0.170703 51.470847,-0.149035 51.481121", "From Simpson Street, Clapham Junction to Sopwith Way, Battersea Park"
"LINESTRING (-0.124749 51.509462,-0.149035 51.481121", "From William IV Street, Strand to Sopwith Way, Battersea Park"
"LINESTRING (-0.156876 51.49313,-0.149035 51.481121", "From Sedding Street, Sloane Square to Sopwith Way, Battersea Park"
"LINESTRING (-0.107927 51.513821,-0.149035 51.481121", "From Bouverie Street, Temple to Sopwith Way, Battersea Park"
"LINESTRING (-0.149035 51.481121,-0.149035 51.481121", "From Sopwith Way, Battersea Park to Sopwith Way, Battersea Park"
"LINESTRING (-0.172078 51.482567,-0.149035 51.481121", "From Danvers Street, West Chelsea to Sopwith Way, Battersea Park"
"LINESTRING (-0.125972 51.49764,-0.149035 51.481121", "From Abingdon Green, Westminster to Sopwith Way, Battersea Park"
"LINESTRING (-0.147804 51.461376,-0.149035 51.481121", "From Victoria Rise, Clapham Common to Sopwith Way, Battersea Park"
"LINESTRING (-0.182435 51.478169,-0.149035 51.481121", "From Upcerne Road, West Chelsea to Sopwith Way, Battersea Park"
"LINESTRING (-0.165471 51.498884,-0.149035 51.481121", "From Montpelier Street, Knightsbridge to Sopwith Way, Battersea Park"
"LINESTRING (-0.183853 51.480898,-0.149035 51.481121", "From Thorndike Close, West Chelsea to Sopwith Way, Battersea Park"
"LINESTRING (-0.122759 51.487807,-0.149035 51.481121", "From New Spring Gardens Walk, Vauxhall to Sopwith Way, Battersea Park"
"LINESTRING (-0.142943 51.496863,-0.149035 51.481121", "From Allington Street, Victoria to Sopwith Way, Battersea Park"
"LINESTRING (-0.166878 51.488023,-0.149035 51.481121", "From Flood Street, Chelsea to Sopwith Way, Battersea Park"
"LINESTRING (-0.117122 51.490994,-0.149035 51.481121", "From Black Prince Road, Vauxhall to Sopwith Way, Battersea Park"
"LINESTRING (-0.156876 51.49313,-0.149035 51.481121", "From Sedding Street, Sloane Square to Sopwith Way, Battersea Park"
"LINESTRING (-0.179369 51.487196,-0.149035 51.481121", "From Drayton Gardens, West Chelsea to Sopwith Way, Battersea Park"
"LINESTRING (-0.197574 51.499606,-0.149035 51.481121", "From Phillimore Gardens, Kensington to Sopwith Way, Battersea Park"
"LINESTRING (-0.149186 51.490491,-0.149035 51.481121", "From Ebury Bridge, Pimlico to Sopwith Way, Battersea Park"
"LINESTRING (-0.147857 51.477966,-0.149035 51.481121", "From Gas Holders, Battersea Park to Sopwith Way, Battersea Park"
"LINESTRING (-0.144165 51.510736,-0.149035 51.481121", "From Bruton Street, Mayfair to Sopwith Way, Battersea Park"
"LINESTRING (-0.149186 51.490491,-0.149035 51.481121", "From Ebury Bridge, Pimlico to Sopwith Way, Battersea Park"
"LINESTRING (-0.149186 51.490491,-0.149035 51.481121", "From Ebury Bridge, Pimlico to Sopwith Way, Battersea Park"
"LINESTRING (-0.140741 51.488057,-0.149035 51.481121", "From Alderney Street, Pimlico to Sopwith Way, Battersea Park"
"LINESTRING (-0.085814 51.495061,-0.098031 51.505224", "From Bricklayers Arms, Borough to Lavington Street, Bankside"
"LINESTRING (-0.091773 51.504627,-0.098031 51.505224", "From Hop Exchange, The Borough to Lavington Street, Bankside"
"LINESTRING (-0.074704 51.500845,-0.098031 51.505224", "From Tower Wharf, Bermondsey to Lavington Street, Bankside"
"LINESTRING (-0.112824 51.503791,-0.098031 51.505224", "From Waterloo Station 3, Waterloo to Lavington Street, Bankside"
"LINESTRING (-0.106323 51.490757,-0.098031 51.505224", "From Cotton Garden Estate, Kennington to Lavington Street, Bankside"
"LINESTRING (-0.105596 51.505342,-0.098031 51.505224", "From Colombo Street, Southwark to Lavington Street, Bankside"
"LINESTRING (-0.141327 51.520253,-0.098031 51.505224", "From Great Titchfield Street, Fitzrovia to Lavington Street, Bankside"
"LINESTRING (-0.082422 51.516154,-0.098031 51.505224", "From Wormwood Street, Liverpool Street to Lavington Street, Bankside"
"LINESTRING (-0.113426 51.503919,-0.098031 51.505224", "From Waterloo Station 2, Waterloo to Lavington Street, Bankside"
"LINESTRING (-0.02296 51.50623,-0.098031 51.505224", "From Fisherman's Walk West, Canary Wharf to Lavington Street, Bankside"
"LINESTRING (-0.115781 51.464019,-0.098031 51.505224", "From Ferndale Road, Brixton to Lavington Street, Bankside"
"LINESTRING (-0.111014 51.493686,-0.098031 51.505224", "From Walnut Tree Walk, Vauxhall to Lavington Street, Bankside"
"LINESTRING (-0.075459 51.509506,-0.098031 51.505224", "From Tower Gardens , Tower to Lavington Street, Bankside"
"LINESTRING (-0.082422 51.516154,-0.098031 51.505224", "From Wormwood Street, Liverpool Street to Lavington Street, Bankside"
"LINESTRING (-0.096496 51.517821,-0.098031 51.505224", "From Museum of London, Barbican to Lavington Street, Bankside"
"LINESTRING (-0.113179 51.466232,-0.098031 51.505224", "From St John's Crescent, Brixton to Lavington Street, Bankside"
"LINESTRING (-0.119022 51.469202,-0.098031 51.505224", "From Sidney Road, Stockwell to Lavington Street, Bankside"
"LINESTRING (-0.139221 51.461388,-0.098031 51.505224", "From Clapham Common Station, Clapham Common to Lavington Street, Bankside"
"LINESTRING (-0.039264 51.521564,-0.098031 51.505224", "From Harford Street, Mile End to Lavington Street, Bankside"
"LINESTRING (-0.091773 51.504627,-0.098031 51.505224", "From Hop Exchange, The Borough to Lavington Street, Bankside"
"LINESTRING (-0.085666 51.499075,-0.098031 51.505224", "From Long Lane , Bermondsey to Lavington Street, Bankside"
"LINESTRING (-0.102996 51.486929,-0.098031 51.505224", "From Doddington Grove, Kennington to Lavington Street, Bankside"
"LINESTRING (-0.081608 51.497855,-0.098031 51.505224", "From Bermondsey Street, Bermondsey to Lavington Street, Bankside"
"LINESTRING (-0.038557 51.541515,-0.098031 51.505224", "From Gascoyne Road, Victoria Park to Lavington Street, Bankside"
"LINESTRING (-0.047548 51.528869,-0.098031 51.505224", "From Globe Town Market, Bethnal Green to Lavington Street, Bankside"
"LINESTRING (-0.0985 51.51601,-0.098031 51.505224", "From King Edward Street, St Pauls to Lavington Street, Bankside"
"LINESTRING (-0.113001 51.50486,-0.098031 51.505224", "From Waterloo Road, South Bank to Lavington Street, Bankside"
"LINESTRING (-0.089446 51.497382,-0.098031 51.505224", "From Great Dover Street, The Borough to Lavington Street, Bankside"
"LINESTRING (-0.104778 51.504044,-0.098031 51.505224", "From Southwark Station 2, Southwark to Lavington Street, Bankside"
"LINESTRING (-0.104724 51.52836,-0.098031 51.505224", "From St. John Street, Finsbury to Lavington Street, Bankside"
"LINESTRING (-0.091773 51.504627,-0.098031 51.505224", "From Hop Exchange, The Borough to Lavington Street, Bankside"
"LINESTRING (-0.041378 51.522507,-0.098031 51.505224", "From Queen Mary's, Mile End to Lavington Street, Bankside"
"LINESTRING (-0.089446 51.497382,-0.098031 51.505224", "From Great Dover Street, The Borough to Lavington Street, Bankside"
"LINESTRING (-0.058826 51.54119,-0.098031 51.505224", "From London Fields, Hackney Central to Lavington Street, Bankside"
"LINESTRING (-0.122831 51.472509,-0.118256 51.47659", "From Binfield Road, Stockwell to Albert Square, Stockwell"
"LINESTRING (-0.139956 51.493573,-0.118256 51.47659", "From Queen Mother Sports Centre, Victoria to Albert Square, Stockwell"
"LINESTRING (-0.12367 51.471433,-0.118256 51.47659", "From Clapham Road, Lingham Street, Stockwell to Albert Square, Stockwell"
"LINESTRING (-0.185273 51.481765,-0.118256 51.47659", "From Hortensia Road, West Brompton to Albert Square, Stockwell"
"LINESTRING (-0.14177 51.479501,-0.118256 51.47659", "From Battersea Park Road, Nine Elms to Albert Square, Stockwell"
"LINESTRING (-0.102091 51.500693,-0.118256 51.47659", "From Webber Street , Southwark to Albert Square, Stockwell"
"LINESTRING (-0.124642 51.481747,-0.118256 51.47659", "From South Lambeth Road, Vauxhall to Albert Square, Stockwell"
"LINESTRING (-0.110121 51.488105,-0.118256 51.47659", "From Cleaver Street, Kennington to Albert Square, Stockwell"
"LINESTRING (-0.139221 51.461388,-0.118256 51.47659", "From Clapham Common Station, Clapham Common to Albert Square, Stockwell"
"LINESTRING (-0.137235 51.473116,-0.118256 51.47659", "From Stewart's Road, Wandsworth Road to Albert Square, Stockwell"
"LINESTRING (-0.119022 51.469202,-0.118256 51.47659", "From Sidney Road, Stockwell to Albert Square, Stockwell"
"LINESTRING (-0.131213 51.513103,-0.118256 51.47659", "From Frith Street, Soho to Albert Square, Stockwell"
"LINESTRING (-0.147624 51.49395,-0.118256 51.47659", "From Eccleston Place, Victoria to Albert Square, Stockwell"
"LINESTRING (-0.129698 51.500703,-0.118256 51.47659", "From Storey's Gate, Westminster to Albert Square, Stockwell"
"LINESTRING (-0.113134 51.483145,-0.118256 51.47659", "From Kennington Oval, Oval to Albert Square, Stockwell"
"LINESTRING (-0.122831 51.472509,-0.118256 51.47659", "From Binfield Road, Stockwell to Albert Square, Stockwell"
"LINESTRING (-0.092921 51.494436,-0.118256 51.47659", "From New Kent Road, The Borough to Albert Square, Stockwell"
"LINESTRING (-0.110683 51.484788,-0.118256 51.47659", "From Kennington Road Post Office, Oval to Albert Square, Stockwell"
"LINESTRING (-0.152317 51.499412,-0.118256 51.47659", "From Belgrave Square, Belgravia to Albert Square, Stockwell"
"LINESTRING (-0.117122 51.490994,-0.118256 51.47659", "From Black Prince Road, Vauxhall to Albert Square, Stockwell"
"LINESTRING (-0.117122 51.490994,-0.118256 51.47659", "From Black Prince Road, Vauxhall to Albert Square, Stockwell"
"LINESTRING (-0.105593 51.488852,-0.118256 51.47659", "From Kennington Station, Kennington to Albert Square, Stockwell"
"LINESTRING (-0.117495 51.498241,-0.118256 51.47659", "From Archbishop's Park, Waterloo to Albert Square, Stockwell"
"LINESTRING (-0.132102 51.498125,-0.118256 51.47659", "From Abbey Orchard Street, Westminster to Albert Square, Stockwell"
"LINESTRING (-0.122831 51.472509,-0.118256 51.47659", "From Binfield Road, Stockwell to Albert Square, Stockwell"
"LINESTRING (-0.126874 51.47787,-0.118256 51.47659", "From Hartington Road, Stockwell to Albert Square, Stockwell"
"LINESTRING (-0.112721 51.536392,-0.098341 51.505409", "From Charlotte Terrace, Angel to Southwark Street, Bankside"
"LINESTRING (-0.077121 51.511594,-0.098341 51.505409", "From Crosswall, Tower to Southwark Street, Bankside"
"LINESTRING (-0.104778 51.504044,-0.098341 51.505409", "From Southwark Station 2, Southwark to Southwark Street, Bankside"
"LINESTRING (-0.106237 51.507244,-0.098341 51.505409", "From Milroy Walk, South Bank to Southwark Street, Bankside"
"LINESTRING (-0.111435 51.48894,-0.098341 51.505409", "From Kennington Cross, Kennington to Southwark Street, Bankside"
"LINESTRING (-0.117974 51.494881,-0.098341 51.505409", "From Lambeth Road, Vauxhall to Southwark Street, Bankside"
"LINESTRING (-0.07023 51.536654,-0.098341 51.505409", "From Belford House, Haggerston to Southwark Street, Bankside"
"LINESTRING (-0.113426 51.503919,-0.098341 51.505409", "From Waterloo Station 2, Waterloo to Southwark Street, Bankside"
"LINESTRING (-0.113426 51.503919,-0.098341 51.505409", "From Waterloo Station 2, Waterloo to Southwark Street, Bankside"
"LINESTRING (-0.111471 51.479601,-0.098341 51.505409", "From Cranmer Road, Stockwell to Southwark Street, Bankside"
"LINESTRING (-0.149569 51.50274,-0.098341 51.505409", "From Wellington Arch, Hyde Park to Southwark Street, Bankside"
"LINESTRING (-0.13011 51.513527,-0.098341 51.505409", "From Moor Street, Soho to Southwark Street, Bankside"
"LINESTRING (-0.114842 51.50621,-0.098341 51.505409", "From Belvedere Road 2, South Bank to Southwark Street, Bankside"
"LINESTRING (-0.105344 51.515059,-0.098341 51.505409", "From St. Bride Street, Holborn to Southwark Street, Bankside"
"LINESTRING (-0.116764 51.51362,-0.098341 51.505409", "From Houghton Street, Strand to Southwark Street, Bankside"
"LINESTRING (-0.097122 51.529423,-0.098341 51.505409", "From Macclesfield Rd, St Lukes to Southwark Street, Bankside"
"LINESTRING (-0.068981 51.498585,-0.098341 51.505409", "From George Row, Bermondsey to Southwark Street, Bankside"
"LINESTRING (-0.091773 51.504627,-0.098341 51.505409", "From Hop Exchange, The Borough to Southwark Street, Bankside"
"LINESTRING (-0.102757 51.536384,-0.125078 51.534667", "From Islington Green, Angel to Good's Way, King's Cross"
"LINESTRING (-0.067937 51.51793,-0.125078 51.534667", "From Old Montague Street, Whitechapel to Good's Way, King's Cross"
"LINESTRING (-0.12335 51.51746,-0.125078 51.534667", "From Bury Place, Holborn to Good's Way, King's Cross"
"LINESTRING (-0.125441 51.541596,-0.125078 51.534667", "From York Way, Kings Cross to Good's Way, King's Cross"
"LINESTRING (-0.171103 51.518268,-0.125078 51.534667", "From St Mary's Hospital, Paddington to Good's Way, King's Cross"
"LINESTRING (-0.081608 51.497855,-0.125078 51.534667", "From Bermondsey Street, Bermondsey to Good's Way, King's Cross"
"LINESTRING (-0.020542 51.544909,-0.125078 51.534667", "From Copper Box Arena, Queen Elizabeth Olympic Park to Good's Way, King's Cross"
"LINESTRING (-0.136792 51.533005,-0.125078 51.534667", "From Eversholt Street , Camden Town to Good's Way, King's Cross"
"LINESTRING (-0.15352 51.503117,-0.125078 51.534667", "From Hyde Park Corner, Hyde Park to Good's Way, King's Cross"
"LINESTRING (-0.124826 51.516226,-0.125078 51.534667", "From High Holborn , Covent Garden to Good's Way, King's Cross"
"LINESTRING (-0.128585 51.516118,-0.125078 51.534667", "From Earnshaw Street , Covent Garden to Good's Way, King's Cross"
"LINESTRING (-0.117619 51.509943,-0.125078 51.534667", "From Somerset House, Strand to Good's Way, King's Cross"
"LINESTRING (-0.15352 51.503117,-0.125078 51.534667", "From Hyde Park Corner, Hyde Park to Good's Way, King's Cross"
"LINESTRING (-0.15352 51.503117,-0.125078 51.534667", "From Hyde Park Corner, Hyde Park to Good's Way, King's Cross"
"LINESTRING (-0.120202 51.523346,-0.125078 51.534667", "From Guilford Street , Bloomsbury to Good's Way, King's Cross"
"LINESTRING (-0.132328 51.515631,-0.125078 51.534667", "From Soho Square , Soho to Good's Way, King's Cross"
"LINESTRING (-0.037471 51.528224,-0.125078 51.534667", "From Antill Road, Mile End to Good's Way, King's Cross"
"LINESTRING (-0.128279 51.5293,-0.125078 51.534667", "From Ossulston Street, Somers Town to Good's Way, King's Cross"
"LINESTRING (-0.116191 51.535467,-0.125078 51.534667", "From Carnegie Street, King's Cross to Good's Way, King's Cross"
"LINESTRING (-0.078505 51.53095,-0.125078 51.534667", "From Falkirk Street, Hoxton to Good's Way, King's Cross"
"LINESTRING (-0.112721 51.536392,-0.125078 51.534667", "From Charlotte Terrace, Angel to Good's Way, King's Cross"
"LINESTRING (-0.102757 51.536384,-0.125078 51.534667", "From Islington Green, Angel to Good's Way, King's Cross"
"LINESTRING (-0.116191 51.535467,-0.125078 51.534667", "From Carnegie Street, King's Cross to Good's Way, King's Cross"
"LINESTRING (-0.125441 51.541596,-0.125078 51.534667", "From York Way, Kings Cross to Good's Way, King's Cross"
"LINESTRING (-0.109025 51.534408,-0.125078 51.534667", "From Cloudesley Road, Angel to Good's Way, King's Cross"
"LINESTRING (-0.037366 51.534137,-0.125078 51.534667", "From Driffield Road, Old Ford to Good's Way, King's Cross"
"LINESTRING (-0.125441 51.541596,-0.125078 51.534667", "From York Way, Kings Cross to Good's Way, King's Cross"
"LINESTRING (-0.19096 51.51244,-0.125078 51.534667", "From Ilchester Gardens, Bayswater to Good's Way, King's Cross"
"LINESTRING (-0.104298 51.526717,-0.125078 51.534667", "From Finsbury Library , Finsbury to Good's Way, King's Cross"
"LINESTRING (-0.162298 51.522511,-0.125078 51.534667", "From Boston Place, Marylebone to Good's Way, King's Cross"
"LINESTRING (-0.109025 51.534408,-0.125078 51.534667", "From Cloudesley Road, Angel to Good's Way, King's Cross"
"LINESTRING (-0.138853 51.541603,-0.125078 51.534667", "From Bonny Street, Camden Town to Good's Way, King's Cross"
"LINESTRING (-0.125441 51.541596,-0.125078 51.534667", "From York Way, Kings Cross to Good's Way, King's Cross"
"LINESTRING (-0.138019 51.524438,-0.125078 51.534667", "From Warren Street Station, Euston to Good's Way, King's Cross"
"LINESTRING (-0.141728 51.539099,-0.125078 51.534667", "From Greenland Road, Camden Town to Good's Way, King's Cross"
"LINESTRING (-0.122219 51.51477,-0.125078 51.534667", "From Drury Lane, Covent Garden to Good's Way, King's Cross"
"LINESTRING (-0.158963 51.524517,-0.125078 51.534667", "From Park Road (Baker Street), The Regent's Park to Good's Way, King's Cross"
"LINESTRING (-0.112721 51.536392,-0.125078 51.534667", "From Charlotte Terrace, Angel to Good's Way, King's Cross"
"LINESTRING (-0.100168 51.530344,-0.125078 51.534667", "From City Road, Angel to Good's Way, King's Cross"
"LINESTRING (-0.112824 51.503791,-0.125078 51.534667", "From Waterloo Station 3, Waterloo to Good's Way, King's Cross"
"LINESTRING (-0.145393 51.542138,-0.125078 51.534667", "From Castlehaven Road, Camden Town to Good's Way, King's Cross"
"LINESTRING (-0.111778 51.515937,-0.125078 51.534667", "From Breams Buildings, Holborn to Good's Way, King's Cross"
"LINESTRING (-0.165842 51.522029,-0.125078 51.534667", "From Bell Street , Marylebone to Good's Way, King's Cross"
"LINESTRING (-0.112721 51.536392,-0.125078 51.534667", "From Charlotte Terrace, Angel to Good's Way, King's Cross"
"LINESTRING (-0.108068 51.527842,-0.125078 51.534667", "From Hardwick Street, Clerkenwell to Good's Way, King's Cross"
"LINESTRING (-0.208888 51.5212,-0.200804 51.520509", "From Bevington Road West, North Kensington to The Metropolitan, Portobello"
"LINESTRING (-0.179702 51.499428,-0.200804 51.520509", "From Imperial College, Knightsbridge to The Metropolitan, Portobello"
"LINESTRING (-0.183853 51.480898,-0.200804 51.520509", "From Thorndike Close, West Chelsea to The Metropolitan, Portobello"
"LINESTRING (-0.147154 51.537349,-0.200804 51.520509", "From Gloucester Avenue, Camden Town to The Metropolitan, Portobello"
"LINESTRING (-0.18697 51.51616,-0.200804 51.520509", "From Bishop's Bridge Road West, Bayswater to The Metropolitan, Portobello"
"LINESTRING (-0.193487 51.513735,-0.200804 51.520509", "From Hereford Road, Bayswater to The Metropolitan, Portobello"
"LINESTRING (-0.149186 51.490491,-0.200804 51.520509", "From Ebury Bridge, Pimlico to The Metropolitan, Portobello"
"LINESTRING (-0.138364 51.492111,-0.200804 51.520509", "From Tachbrook Street, Victoria to The Metropolitan, Portobello"
"LINESTRING (-0.200804 51.520509,-0.200804 51.520509", "From The Metropolitan, Portobello to The Metropolitan, Portobello"
"LINESTRING (-0.127554 51.493978,-0.200804 51.520509", "From Page Street, Westminster to The Metropolitan, Portobello"
"LINESTRING (-0.208888 51.5212,-0.200804 51.520509", "From Bevington Road West, North Kensington to The Metropolitan, Portobello"
"LINESTRING (-0.17306 51.505014,-0.200804 51.520509", "From Serpentine Car Park, Hyde Park to The Metropolitan, Portobello"
"LINESTRING (-0.166304 51.525051,-0.200804 51.520509", "From Mallory Street, Marylebone to The Metropolitan, Portobello"
"LINESTRING (-0.201005 51.51787,-0.200804 51.520509", "From Westbourne Park Road, Portobello to The Metropolitan, Portobello"
"LINESTRING (-0.200804 51.520509,-0.200804 51.520509", "From The Metropolitan, Portobello to The Metropolitan, Portobello"
"LINESTRING (-0.201005 51.51787,-0.200804 51.520509", "From Westbourne Park Road, Portobello to The Metropolitan, Portobello"
"LINESTRING (-0.211358 51.510101,-0.200804 51.520509", "From Walmer Road, Avondale to The Metropolitan, Portobello"
"LINESTRING (-0.141728 51.539099,-0.200804 51.520509", "From Greenland Road, Camden Town to The Metropolitan, Portobello"
"LINESTRING (-0.179854 51.501715,-0.200804 51.520509", "From Queen's Gate, Kensington Gardens to The Metropolitan, Portobello"
"LINESTRING (-0.18377 51.5171,-0.200804 51.520509", "From Bishop's Bridge Road East, Bayswater to The Metropolitan, Portobello"
"LINESTRING (-0.187842 51.509908,-0.200804 51.520509", "From Black Lion Gate, Kensington Gardens to The Metropolitan, Portobello"
"LINESTRING (-0.179702 51.499428,-0.200804 51.520509", "From Imperial College, Knightsbridge to The Metropolitan, Portobello"
"LINESTRING (-0.179135 51.516417,-0.200804 51.520509", "From Eastbourne Mews, Paddington to The Metropolitan, Portobello"
"LINESTRING (-0.179702 51.499428,-0.200804 51.520509", "From Imperial College, Knightsbridge to The Metropolitan, Portobello"
"LINESTRING (-0.104708 51.52326,-0.124807 51.53724", "From Clerkenwell Green, Clerkenwell to Handyside Street, King's Cross"
"LINESTRING (-0.120909 51.516128,-0.124807 51.53724", "From Newton Street, Covent Garden to Handyside Street, King's Cross"
"LINESTRING (-0.0801 51.52959,-0.124807 51.53724", "From Hoxton Street, Hoxton to Handyside Street, King's Cross"
"LINESTRING (-0.089782 51.53089,-0.124807 51.53724", "From Murray Grove , Hoxton to Handyside Street, King's Cross"
"LINESTRING (-0.078505 51.53095,-0.124807 51.53724", "From Falkirk Street, Hoxton to Handyside Street, King's Cross"
"LINESTRING (-0.098497 51.503688,-0.124807 51.53724", "From Union Street, The Borough to Handyside Street, King's Cross"
"LINESTRING (-0.147983 51.519167,-0.124807 51.53724", "From New Cavendish Street, Marylebone to Handyside Street, King's Cross"
"LINESTRING (-0.106992 51.534504,-0.124807 51.53724", "From Liverpool Road (N1 Centre), Angel to Handyside Street, King's Cross"
"LINESTRING (-0.106992 51.534504,-0.124807 51.53724", "From Liverpool Road (N1 Centre), Angel to Handyside Street, King's Cross"
"LINESTRING (-0.138231 51.525542,-0.124807 51.53724", "From Hampstead Road, Euston to Handyside Street, King's Cross"
"LINESTRING (-0.179592 51.525575,-0.124807 51.53724", "From Clifton Road, Maida Vale to Handyside Street, King's Cross"
"LINESTRING (-0.10454 51.505461,-0.124807 51.53724", "From Blackfriars Road, Southwark to Handyside Street, King's Cross"
"LINESTRING (-0.083353 51.529537,-0.124807 51.53724", "From Fanshaw Street, Hoxton to Handyside Street, King's Cross"
"LINESTRING (-0.125441 51.541596,-0.124807 51.53724", "From York Way, Kings Cross to Handyside Street, King's Cross"
"LINESTRING (-0.124121 51.523418,-0.124807 51.53724", "From Russell Square Station, Bloomsbury to Handyside Street, King's Cross"
"LINESTRING (-0.100168 51.530344,-0.124807 51.53724", "From City Road, Angel to Handyside Street, King's Cross"
"LINESTRING (-0.132328 51.515631,-0.124807 51.53724", "From Soho Square , Soho to Handyside Street, King's Cross"
"LINESTRING (-0.138019 51.524438,-0.124807 51.53724", "From Warren Street Station, Euston to Handyside Street, King's Cross"
"LINESTRING (-0.169249 51.515953,-0.124807 51.53724", "From Southwick Street, Paddington to Handyside Street, King's Cross"
"LINESTRING (-0.099489 51.524868,-0.124807 51.53724", "From Sadlers Sports Centre, Finsbury to Handyside Street, King's Cross"
"LINESTRING (-0.128279 51.5293,-0.124807 51.53724", "From Ossulston Street, Somers Town to Handyside Street, King's Cross"
"LINESTRING (-0.13214 51.519572,-0.124807 51.53724", "From Store Street, Bloomsbury to Handyside Street, King's Cross"
"LINESTRING (-0.125972 51.49764,-0.124807 51.53724", "From Abingdon Green, Westminster to Handyside Street, King's Cross"
"LINESTRING (-0.11934 51.531066,-0.124807 51.53724", "From Northdown Street, King's Cross to Handyside Street, King's Cross"
"LINESTRING (-0.107987 51.517428,-0.124807 51.53724", "From New Fetter Lane, Holborn to Handyside Street, King's Cross"
"LINESTRING (-0.126409 51.524,-0.124807 51.53724", "From Coram Street, Bloomsbury to Handyside Street, King's Cross"
"LINESTRING (-0.102757 51.536384,-0.124807 51.53724", "From Islington Green, Angel to Handyside Street, King's Cross"
"LINESTRING (-0.128279 51.5293,-0.124807 51.53724", "From Ossulston Street, Somers Town to Handyside Street, King's Cross"
"LINESTRING (-0.185296 51.495362,-0.208888 51.5212", "From Emperor's Gate, South Kensington to Bevington Road West, North Kensington"
"LINESTRING (-0.139625 51.490962,-0.208888 51.5212", "From Gloucester Street, Pimlico to Bevington Road West, North Kensington"
"LINESTRING (-0.192538 51.504723,-0.208888 51.5212", "From Vicarage Gate, Kensington to Bevington Road West, North Kensington"
"LINESTRING (-0.215895 51.476885,-0.208888 51.5212", "From Finlay Street, Fulham to Bevington Road West, North Kensington"
"LINESTRING (-0.209378 51.489591,-0.208888 51.5212", "From Vereker Road, West Kensington to Bevington Road West, North Kensington"
"LINESTRING (-0.165471 51.498884,-0.208888 51.5212", "From Montpelier Street, Knightsbridge to Bevington Road West, North Kensington"
"LINESTRING (-0.200804 51.520509,-0.208888 51.5212", "From The Metropolitan, Portobello to Bevington Road West, North Kensington"
"LINESTRING (-0.187402 51.51031,-0.208888 51.5212", "From Queensway, Kensington Gardens to Bevington Road West, North Kensington"
"LINESTRING (-0.218337 51.506256,-0.208888 51.5212", "From Westfield Southern Terrace ,Shepherd's Bush to Bevington Road West, North Kensington"
"LINESTRING (-0.169249 51.515953,-0.208888 51.5212", "From Southwick Street, Paddington to Bevington Road West, North Kensington"
"LINESTRING (-0.225787 51.514767,-0.208888 51.5212", "From BBC White City, White City to Bevington Road West, North Kensington"
"LINESTRING (-0.211358 51.510101,-0.208888 51.5212", "From Walmer Road, Avondale to Bevington Road West, North Kensington"
"LINESTRING (-0.179854 51.501715,-0.208888 51.5212", "From Queen's Gate, Kensington Gardens to Bevington Road West, North Kensington"
"LINESTRING (-0.147983 51.519167,-0.208888 51.5212", "From New Cavendish Street, Marylebone to Bevington Road West, North Kensington"
"LINESTRING (-0.168074 51.5343,-0.208888 51.5212", "From Charlbert Street, St. John's Wood to Bevington Road West, North Kensington"
"LINESTRING (-0.200804 51.520509,-0.208888 51.5212", "From The Metropolitan, Portobello to Bevington Road West, North Kensington"
"LINESTRING (-0.118256 51.47659,-0.130908 51.464995", "From Albert Square, Stockwell to Gauden Road, Clapham"
"LINESTRING (-0.139625 51.490962,-0.130908 51.464995", "From Gloucester Street, Pimlico to Gauden Road, Clapham"
"LINESTRING (-0.175407 51.462305,-0.130908 51.464995", "From Plough Terrace, Clapham Junction to Gauden Road, Clapham"
"LINESTRING (-0.102996 51.486929,-0.130908 51.464995", "From Doddington Grove, Kennington to Gauden Road, Clapham"
"LINESTRING (-0.116493 51.477839,-0.130908 51.464995", "From Caldwell Street, Stockwell to Gauden Road, Clapham"
"LINESTRING (-0.087587 51.514441,-0.130908 51.464995", "From Bank of England Museum, Bank to Gauden Road, Clapham"
"LINESTRING (-0.148059 51.472865,-0.130908 51.464995", "From Silverthorne Road, Battersea to Gauden Road, Clapham"
"LINESTRING (-0.169821 51.466633,-0.130908 51.464995", "From Falcon Road, Clapham Junction to Gauden Road, Clapham"
"LINESTRING (-0.126874 51.47787,-0.130908 51.464995", "From Hartington Road, Stockwell to Gauden Road, Clapham"
"LINESTRING (-0.117661 51.482678,-0.130908 51.464995", "From Ashmole Estate, Oval to Gauden Road, Clapham"
"LINESTRING (-0.158456 51.502953,-0.130908 51.464995", "From Albert Gate, Hyde Park to Gauden Road, Clapham"
"LINESTRING (-0.111471 51.479601,-0.130908 51.464995", "From Cranmer Road, Stockwell to Gauden Road, Clapham"
"LINESTRING (-0.147804 51.461376,-0.130908 51.464995", "From Victoria Rise, Clapham Common to Gauden Road, Clapham"
"LINESTRING (-0.114934 51.49288,-0.130908 51.464995", "From Lollard Street, Vauxhall to Gauden Road, Clapham"
"LINESTRING (-0.085814 51.495061,-0.130908 51.464995", "From Bricklayers Arms, Borough to Gauden Road, Clapham"
"LINESTRING (-0.08974 51.500823,-0.130908 51.464995", "From Empire Square, The Borough to Gauden Road, Clapham"
"LINESTRING (-0.180791 51.46193,-0.130908 51.464995", "From Nantes Close, Wandsworth to Gauden Road, Clapham"
"LINESTRING (-0.168292 51.462392,-0.130908 51.464995", "From St. John's Road, Clapham Junction to Gauden Road, Clapham"
"LINESTRING (-0.115781 51.464019,-0.130908 51.464995", "From Ferndale Road, Brixton to Gauden Road, Clapham"
"LINESTRING (-0.096191 51.498597,-0.130908 51.464995", "From Harper Road, The Borough to Gauden Road, Clapham"
"LINESTRING (-0.115781 51.464019,-0.130908 51.464995", "From Ferndale Road, Brixton to Gauden Road, Clapham"
"LINESTRING (-0.182126 51.463489,-0.130908 51.464995", "From Usk Road, Clapham Junction to Gauden Road, Clapham"
"LINESTRING (-0.125674 51.491884,-0.130908 51.464995", "From Millbank Tower, Pimlico to Gauden Road, Clapham"
"LINESTRING (-0.115781 51.464019,-0.130908 51.464995", "From Ferndale Road, Brixton to Gauden Road, Clapham"
"LINESTRING (-0.148059 51.472865,-0.130908 51.464995", "From Silverthorne Road, Battersea to Gauden Road, Clapham"
"LINESTRING (-0.082989 51.510484,-0.118272 51.516277", "From Great Tower Street, Monument to Lincoln's Inn Fields, Holborn"
"LINESTRING (-0.162298 51.522511,-0.118272 51.516277", "From Boston Place, Marylebone to Lincoln's Inn Fields, Holborn"
"LINESTRING (-0.13011 51.513527,-0.118272 51.516277", "From Moor Street, Soho to Lincoln's Inn Fields, Holborn"
"LINESTRING (-0.083935 51.520009,-0.118272 51.516277", "From Sun Street, Liverpool Street to Lincoln's Inn Fields, Holborn"
"LINESTRING (-0.13214 51.519572,-0.118272 51.516277", "From Store Street, Bloomsbury to Lincoln's Inn Fields, Holborn"
"LINESTRING (-0.126021 51.508103,-0.118272 51.516277", "From Craven Street, Strand to Lincoln's Inn Fields, Holborn"
"LINESTRING (-0.111781 51.533319,-0.118272 51.516277", "From Risinghill Street, Angel to Lincoln's Inn Fields, Holborn"
"LINESTRING (-0.15352 51.503117,-0.118272 51.516277", "From Hyde Park Corner, Hyde Park to Lincoln's Inn Fields, Holborn"
"LINESTRING (-0.139016 51.520994,-0.118272 51.516277", "From Howland Street, Fitzrovia to Lincoln's Inn Fields, Holborn"
"LINESTRING (-0.077121 51.511594,-0.118272 51.516277", "From Crosswall, Tower to Lincoln's Inn Fields, Holborn"
"LINESTRING (-0.133952 51.536264,-0.118272 51.516277", "From Royal College Street, Camden Town to Lincoln's Inn Fields, Holborn"
"LINESTRING (-0.125979 51.526357,-0.118272 51.516277", "From Cartwright Gardens , Bloomsbury to Lincoln's Inn Fields, Holborn"
"LINESTRING (-0.141923 51.489856,-0.118272 51.516277", "From Warwick Square, Pimlico to Lincoln's Inn Fields, Holborn"
"LINESTRING (-0.132102 51.498125,-0.118272 51.516277", "From Abbey Orchard Street, Westminster to Lincoln's Inn Fields, Holborn"
"LINESTRING (-0.026768 51.520398,-0.118272 51.516277", "From Ackroyd Drive, Bow to Lincoln's Inn Fields, Holborn"
"LINESTRING (-0.06691 51.507131,-0.118272 51.516277", "From Nesham Street, Wapping to Lincoln's Inn Fields, Holborn"
"LINESTRING (-0.099981 51.532661,-0.118272 51.516277", "From Graham Street, Angel to Lincoln's Inn Fields, Holborn"
"LINESTRING (-0.037366 51.534137,-0.118272 51.516277", "From Driffield Road, Old Ford to Lincoln's Inn Fields, Holborn"
"LINESTRING (-0.133952 51.536264,-0.118272 51.516277", "From Royal College Street, Camden Town to Lincoln's Inn Fields, Holborn"
"LINESTRING (-0.098497 51.503688,-0.118272 51.516277", "From Union Street, The Borough to Lincoln's Inn Fields, Holborn"
"LINESTRING (-0.141327 51.520253,-0.118272 51.516277", "From Great Titchfield Street, Fitzrovia to Lincoln's Inn Fields, Holborn"
"LINESTRING (-0.135478 51.495827,-0.118272 51.516277", "From Rochester Row, Westminster to Lincoln's Inn Fields, Holborn"
"LINESTRING (-0.114686 51.506133,-0.118272 51.516277", "From Belvedere Road 1, South Bank to Lincoln's Inn Fields, Holborn"
"LINESTRING (-0.109006 51.521661,-0.118272 51.516277", "From Hatton Wall, Holborn to Lincoln's Inn Fields, Holborn"
"LINESTRING (-0.168074 51.5343,-0.118272 51.516277", "From Charlbert Street, St. John's Wood to Lincoln's Inn Fields, Holborn"
"LINESTRING (-0.165471 51.498884,-0.118272 51.516277", "From Montpelier Street, Knightsbridge to Lincoln's Inn Fields, Holborn"
"LINESTRING (-0.114686 51.506133,-0.118272 51.516277", "From Belvedere Road 1, South Bank to Lincoln's Inn Fields, Holborn"
"LINESTRING (-0.133952 51.536264,-0.118272 51.516277", "From Royal College Street, Camden Town to Lincoln's Inn Fields, Holborn"
"LINESTRING (-0.124469 51.485917,-0.118272 51.516277", "From Vauxhall Cross, Vauxhall to Lincoln's Inn Fields, Holborn"
"LINESTRING (-0.124678 51.51908,-0.118272 51.516277", "From British Museum, Bloomsbury to Lincoln's Inn Fields, Holborn"
"LINESTRING (-0.13011 51.513527,-0.118272 51.516277", "From Moor Street, Soho to Lincoln's Inn Fields, Holborn"
"LINESTRING (-0.130504 51.526838,-0.118272 51.516277", "From Endsleigh Gardens, Euston to Lincoln's Inn Fields, Holborn"
"LINESTRING (-0.09885 51.515418,-0.118272 51.516277", "From Newgate Street , St. Paul's to Lincoln's Inn Fields, Holborn"
"LINESTRING (-0.132053 51.518587,-0.118272 51.516277", "From Bayley Street , Bloomsbury to Lincoln's Inn Fields, Holborn"
"LINESTRING (-0.127854 51.517727,-0.118272 51.516277", "From Great Russell Street, Bloomsbury to Lincoln's Inn Fields, Holborn"
"LINESTRING (-0.062546 51.535678,-0.118272 51.516277", "From Regent's Row , Haggerston to Lincoln's Inn Fields, Holborn"
"LINESTRING (-0.104708 51.52326,-0.118272 51.516277", "From Clerkenwell Green, Clerkenwell to Lincoln's Inn Fields, Holborn"
"LINESTRING (-0.085814 51.495061,-0.098807 51.506725", "From Bricklayers Arms, Borough to Tate Modern, Bankside"
"LINESTRING (-0.117863 51.515208,-0.098807 51.506725", "From Sardinia Street, Holborn to Tate Modern, Bankside"
"LINESTRING (-0.117774 51.513875,-0.098807 51.506725", "From Kingsway Southbound, Strand to Tate Modern, Bankside"
"LINESTRING (-0.114686 51.506133,-0.098807 51.506725", "From Belvedere Road 1, South Bank to Tate Modern, Bankside"
"LINESTRING (-0.066035 51.531864,-0.098807 51.506725", "From Goldsmith's Row, Haggerston to Tate Modern, Bankside"
"LINESTRING (-0.117863 51.515208,-0.098807 51.506725", "From Sardinia Street, Holborn to Tate Modern, Bankside"
"LINESTRING (-0.138846 51.510048,-0.098807 51.506725", "From Sackville Street, Mayfair to Tate Modern, Bankside"
"LINESTRING (-0.096317 51.526008,-0.098807 51.506725", "From Finsbury Leisure Centre, St. Luke's to Tate Modern, Bankside"
"LINESTRING (-0.085814 51.495061,-0.098807 51.506725", "From Bricklayers Arms, Borough to Tate Modern, Bankside"
"LINESTRING (-0.066035 51.531864,-0.098807 51.506725", "From Goldsmith's Row, Haggerston to Tate Modern, Bankside"
"LINESTRING (-0.10988 51.49775,-0.098807 51.506725", "From King Edward Walk, Waterloo to Tate Modern, Bankside"
"LINESTRING (-0.107349 51.511891,-0.098807 51.506725", "From Tallis Street, Temple to Tate Modern, Bankside"
"LINESTRING (-0.113864 51.504027,-0.098807 51.506725", "From Waterloo Station 1, Waterloo to Tate Modern, Bankside"
"LINESTRING (-0.092754 51.505974,-0.098807 51.506725", "From Park Street, Bankside to Tate Modern, Bankside"
"LINESTRING (-0.137043 51.511897,-0.098807 51.506725", "From Golden Square, Soho to Tate Modern, Bankside"
"LINESTRING (-0.116191 51.535467,-0.098807 51.506725", "From Carnegie Street, King's Cross to Tate Modern, Bankside"
"LINESTRING (-0.082422 51.516154,-0.098807 51.506725", "From Wormwood Street, Liverpool Street to Tate Modern, Bankside"
"LINESTRING (-0.069543 51.525645,-0.098807 51.506725", "From Granby Street, Shoreditch to Tate Modern, Bankside"
"LINESTRING (-0.098807 51.506725,-0.098807 51.506725", "From Tate Modern, Bankside to Tate Modern, Bankside"
"LINESTRING (-0.138019 51.524438,-0.098807 51.506725", "From Warren Street Station, Euston to Tate Modern, Bankside"
"LINESTRING (-0.08299 51.53213,-0.098807 51.506725", "From Pitfield Street Central, Hoxton to Tate Modern, Bankside"
"LINESTRING (-0.087262 51.506304,-0.098807 51.506725", "From Duke Street Hill, London Bridge to Tate Modern, Bankside"
"LINESTRING (-0.15352 51.503117,-0.098807 51.506725", "From Hyde Park Corner, Hyde Park to Tate Modern, Bankside"
"LINESTRING (-0.172078 51.482567,-0.098807 51.506725", "From Danvers Street, West Chelsea to Tate Modern, Bankside"
"LINESTRING (-0.053558 51.511066,-0.098807 51.506725", "From Sutton Street, Shadwell to Tate Modern, Bankside"
"LINESTRING (-0.097122 51.529423,-0.098807 51.506725", "From Macclesfield Rd, St Lukes to Tate Modern, Bankside"
"LINESTRING (-0.130699 51.50777,-0.098807 51.506725", "From Pall Mall East, West End to Tate Modern, Bankside"
"LINESTRING (-0.117774 51.513875,-0.098807 51.506725", "From Kingsway Southbound, Strand to Tate Modern, Bankside"
"LINESTRING (-0.098031 51.505224,-0.098807 51.506725", "From Lavington Street, Bankside to Tate Modern, Bankside"
"LINESTRING (-0.098807 51.506725,-0.098807 51.506725", "From Tate Modern, Bankside to Tate Modern, Bankside"
"LINESTRING (-0.020068 51.50357,-0.098807 51.506725", "From Jubilee Plaza, Canary Wharf to Tate Modern, Bankside"
"LINESTRING (-0.091773 51.504627,-0.098807 51.506725", "From Hop Exchange, The Borough to Tate Modern, Bankside"
"LINESTRING (-0.037366 51.534137,-0.098807 51.506725", "From Driffield Road, Old Ford to Tate Modern, Bankside"
"LINESTRING (-0.066035 51.531864,-0.098807 51.506725", "From Goldsmith's Row, Haggerston to Tate Modern, Bankside"
"LINESTRING (-0.07813 51.526377,-0.098807 51.506725", "From Shoreditch High Street, Shoreditch to Tate Modern, Bankside"
"LINESTRING (-0.106823 51.508033,-0.098807 51.506725", "From Sea Containers, South Bank to Tate Modern, Bankside"
"LINESTRING (-0.020542 51.544909,-0.027772 51.505703", "From Copper Box Arena, Queen Elizabeth Olympic Park to Westferry Circus, Canary Wharf"
"LINESTRING (-0.054162 51.536424,-0.027772 51.505703", "From Victoria Park Road, Hackney Central to Westferry Circus, Canary Wharf"
"LINESTRING (-0.069542 51.512363,-0.027772 51.505703", "From Leman Street, Aldgate to Westferry Circus, Canary Wharf"
"LINESTRING (-0.084439 51.524696,-0.027772 51.505703", "From Leonard Circus , Shoreditch to Westferry Circus, Canary Wharf"
"LINESTRING (-0.093903 51.530991,-0.027772 51.505703", "From Wenlock Road , Hoxton to Westferry Circus, Canary Wharf"
"LINESTRING (-0.09294 51.51397,-0.027772 51.505703", "From Cheapside, Bank to Westferry Circus, Canary Wharf"
"LINESTRING (-0.021582 51.487679,-0.027772 51.505703", "From Napier Avenue, Millwall to Westferry Circus, Canary Wharf"
"LINESTRING (-0.093903 51.530991,-0.027772 51.505703", "From Wenlock Road , Hoxton to Westferry Circus, Canary Wharf"
"LINESTRING (-0.043371 51.518369,-0.027772 51.505703", "From Rectory Square, Stepney to Westferry Circus, Canary Wharf"
"LINESTRING (-0.009152 51.499286,-0.027772 51.505703", "From Preston's Road, Cubitt Town to Westferry Circus, Canary Wharf"
"LINESTRING (-0.020157 51.499041,-0.027772 51.505703", "From Lightermans Road, Millwall to Westferry Circus, Canary Wharf"
"LINESTRING (-0.02296 51.50623,-0.027772 51.505703", "From Fisherman's Walk West, Canary Wharf to Westferry Circus, Canary Wharf"
"LINESTRING (-0.069542 51.512363,-0.027772 51.505703", "From Leman Street, Aldgate to Westferry Circus, Canary Wharf"
"LINESTRING (-0.101536 51.49217,-0.027772 51.505703", "From Hampton Street, Walworth to Westferry Circus, Canary Wharf"
"LINESTRING (-0.093903 51.530991,-0.027772 51.505703", "From Wenlock Road , Hoxton to Westferry Circus, Canary Wharf"
"LINESTRING (-0.014438 51.5112,-0.027772 51.505703", "From Chrisp Street Market, Poplar to Westferry Circus, Canary Wharf"
"LINESTRING (-0.06691 51.507131,-0.027772 51.505703", "From Nesham Street, Wapping to Westferry Circus, Canary Wharf"
"LINESTRING (-0.06415 51.51295,-0.027772 51.505703", "From Christian Street, Whitechapel to Westferry Circus, Canary Wharf"
"LINESTRING (-0.055167 51.508447,-0.027772 51.505703", "From Garnet Street, Shadwell to Westferry Circus, Canary Wharf"
"LINESTRING (-0.070133 51.515231,-0.027772 51.505703", "From Central House, Whitechapel to Westferry Circus, Canary Wharf"
"LINESTRING (-0.019355 51.496137,-0.027772 51.505703", "From Millharbour, Millwall to Westferry Circus, Canary Wharf"
"LINESTRING (-0.022694 51.521564,-0.027772 51.505703", "From Cantrell Road, Bow to Westferry Circus, Canary Wharf"
"LINESTRING (-0.08066 51.514225,-0.027772 51.505703", "From St. Mary Axe, Aldgate to Westferry Circus, Canary Wharf"
"LINESTRING (-0.087459 51.528673,-0.027772 51.505703", "From East Road, Hoxton to Westferry Circus, Canary Wharf"
"LINESTRING (-0.0786 51.500647,-0.027772 51.505703", "From Tanner Street, Bermondsey to Westferry Circus, Canary Wharf"
"LINESTRING (-0.043371 51.518369,-0.027772 51.505703", "From Rectory Square, Stepney to Westferry Circus, Canary Wharf"
"LINESTRING (-0.053558 51.511066,-0.027772 51.505703", "From Sutton Street, Shadwell to Westferry Circus, Canary Wharf"
"LINESTRING (-0.038986 51.512871,-0.027772 51.505703", "From Flamborough Street, Limehouse to Westferry Circus, Canary Wharf"
"LINESTRING (-0.037366 51.534137,-0.027772 51.505703", "From Driffield Road, Old Ford to Westferry Circus, Canary Wharf"
"LINESTRING (-0.08249 51.53558,-0.027772 51.505703", "From Pitfield Street North,Hoxton to Westferry Circus, Canary Wharf"
"LINESTRING (-0.02296 51.50623,-0.027772 51.505703", "From Fisherman's Walk West, Canary Wharf to Westferry Circus, Canary Wharf"
"LINESTRING (-0.075855 51.517475,-0.027772 51.505703", "From Bell Lane, Liverpool Street to Westferry Circus, Canary Wharf"
"LINESTRING (-0.028941 51.542118,-0.022606 51.548731", "From Cadogan Close, Victoria Park to Here East North, Queen Elizabeth Olympic Park"
"LINESTRING (-0.051394 51.520893,-0.022606 51.548731", "From Cleveland Way, Stepney to Here East North, Queen Elizabeth Olympic Park"
"LINESTRING (-0.009935 51.546326,-0.022606 51.548731", "From East Village, Queen Elizabeth Olympic Park to Here East North, Queen Elizabeth Olympic Park"
"LINESTRING (-0.00481 51.541793,-0.022606 51.548731", "From Stratford Station, Stratford to Here East North, Queen Elizabeth Olympic Park"
"LINESTRING (-0.015717 51.549369,-0.022606 51.548731", "From Lee Valley VeloPark, Queen Elizabeth Olympic Park to Here East North, Queen Elizabeth Olympic Park"
"LINESTRING (-0.06142 51.532091,-0.022606 51.548731", "From Pritchard's Road, Bethnal Green to Here East North, Queen Elizabeth Olympic Park"
"LINESTRING (-0.09294 51.511553,-0.122759 51.487807", "From Queen Street 1, Bank to New Spring Gardens Walk, Vauxhall"
"LINESTRING (-0.111014 51.493686,-0.122759 51.487807", "From Walnut Tree Walk, Vauxhall to New Spring Gardens Walk, Vauxhall"
"LINESTRING (-0.117495 51.498241,-0.122759 51.487807", "From Archbishop's Park, Waterloo to New Spring Gardens Walk, Vauxhall"
"LINESTRING (-0.149004 51.485821,-0.122759 51.487807", "From Chelsea Bridge, Pimlico to New Spring Gardens Walk, Vauxhall"
"LINESTRING (-0.121723 51.510701,-0.122759 51.487807", "From Southampton Street, Strand to New Spring Gardens Walk, Vauxhall"
"LINESTRING (-0.074754 51.523648,-0.122759 51.487807", "From Bethnal Green Road, Shoreditch to New Spring Gardens Walk, Vauxhall"
"LINESTRING (-0.123823 51.501513,-0.122759 51.487807", "From Westminster Pier, Westminster to New Spring Gardens Walk, Vauxhall"
"LINESTRING (-0.117122 51.490994,-0.122759 51.487807", "From Black Prince Road, Vauxhall to New Spring Gardens Walk, Vauxhall"
"LINESTRING (-0.110699 51.501444,-0.122759 51.487807", "From Baylis Road, Waterloo to New Spring Gardens Walk, Vauxhall"
"LINESTRING (-0.110889 51.495718,-0.122759 51.487807", "From Kennington Road  , Vauxhall to New Spring Gardens Walk, Vauxhall"
"LINESTRING (-0.112686 51.469217,-0.122759 51.487807", "From Wynne Road, Stockwell to New Spring Gardens Walk, Vauxhall"
"LINESTRING (-0.135025 51.518162,-0.122759 51.487807", "From Rathbone Street, Fitzrovia to New Spring Gardens Walk, Vauxhall"
"LINESTRING (-0.134407 51.526236,-0.122759 51.487807", "From Euston Road, Euston to New Spring Gardens Walk, Vauxhall"
"LINESTRING (-0.147449 51.509351,-0.122759 51.487807", "From Farm Street, Mayfair to New Spring Gardens Walk, Vauxhall"
"LINESTRING (-0.129925 51.493072,-0.122759 51.487807", "From Vincent Street, Pimlico to New Spring Gardens Walk, Vauxhall"
"LINESTRING (-0.113001 51.50486,-0.122759 51.487807", "From Waterloo Road, South Bank to New Spring Gardens Walk, Vauxhall"
"LINESTRING (-0.124642 51.481747,-0.122759 51.487807", "From South Lambeth Road, Vauxhall to New Spring Gardens Walk, Vauxhall"
"LINESTRING (-0.099828 51.493146,-0.122759 51.487807", "From Strata, Elephant & Castle to New Spring Gardens Walk, Vauxhall"
"LINESTRING (-0.110889 51.495718,-0.122759 51.487807", "From Kennington Road  , Vauxhall to New Spring Gardens Walk, Vauxhall"
"LINESTRING (-0.117122 51.490994,-0.122759 51.487807", "From Black Prince Road, Vauxhall to New Spring Gardens Walk, Vauxhall"
"LINESTRING (-0.113864 51.504027,-0.122759 51.487807", "From Waterloo Station 1, Waterloo to New Spring Gardens Walk, Vauxhall"
"LINESTRING (-0.119022 51.469202,-0.122759 51.487807", "From Sidney Road, Stockwell to New Spring Gardens Walk, Vauxhall"
"LINESTRING (-0.125972 51.49764,-0.122759 51.487807", "From Abingdon Green, Westminster to New Spring Gardens Walk, Vauxhall"
"LINESTRING (-0.119047 51.509631,-0.122759 51.487807", "From Embankment (Savoy), Strand to New Spring Gardens Walk, Vauxhall"
"LINESTRING (-0.116493 51.477839,-0.122759 51.487807", "From Caldwell Street, Stockwell to New Spring Gardens Walk, Vauxhall"
"LINESTRING (-0.104298 51.526717,-0.122759 51.487807", "From Finsbury Library , Finsbury to New Spring Gardens Walk, Vauxhall"
"LINESTRING (-0.09885 51.515418,-0.122759 51.487807", "From Newgate Street , St. Paul's to New Spring Gardens Walk, Vauxhall"
"LINESTRING (-0.083632 51.502153,-0.122759 51.487807", "From Snowsfields, London Bridge to New Spring Gardens Walk, Vauxhall"
"LINESTRING (-0.117619 51.509943,-0.122759 51.487807", "From Somerset House, Strand to New Spring Gardens Walk, Vauxhall"
"LINESTRING (-0.090847 51.525893,-0.122759 51.487807", "From Bath Street, St. Luke's to New Spring Gardens Walk, Vauxhall"
"LINESTRING (-0.117974 51.494881,-0.122759 51.487807", "From Lambeth Road, Vauxhall to New Spring Gardens Walk, Vauxhall"
"LINESTRING (-0.103132 51.498744,-0.122759 51.487807", "From LSBU (Borough Road), Elephant & Castle to New Spring Gardens Walk, Vauxhall"
"LINESTRING (-0.09885 51.515418,-0.122759 51.487807", "From Newgate Street , St. Paul's to New Spring Gardens Walk, Vauxhall"
"LINESTRING (-0.156876 51.49313,-0.122759 51.487807", "From Sedding Street, Sloane Square to New Spring Gardens Walk, Vauxhall"
"LINESTRING (-0.137235 51.473116,-0.12367 51.471433", "From Stewart's Road, Wandsworth Road to Clapham Road, Lingham Street, Stockwell"
"LINESTRING (-0.127554 51.493978,-0.12367 51.471433", "From Page Street, Westminster to Clapham Road, Lingham Street, Stockwell"
"LINESTRING (-0.111471 51.479601,-0.12367 51.471433", "From Cranmer Road, Stockwell to Clapham Road, Lingham Street, Stockwell"
"LINESTRING (-0.187278 51.475142,-0.12367 51.471433", "From Imperial Road, Sands End to Clapham Road, Lingham Street, Stockwell"
"LINESTRING (-0.121723 51.510701,-0.12367 51.471433", "From Southampton Street, Strand to Clapham Road, Lingham Street, Stockwell"
"LINESTRING (-0.137235 51.473116,-0.12367 51.471433", "From Stewart's Road, Wandsworth Road to Clapham Road, Lingham Street, Stockwell"
"LINESTRING (-0.112686 51.469217,-0.12367 51.471433", "From Wynne Road, Stockwell to Clapham Road, Lingham Street, Stockwell"
"LINESTRING (-0.117122 51.490994,-0.12367 51.471433", "From Black Prince Road, Vauxhall to Clapham Road, Lingham Street, Stockwell"
"LINESTRING (-0.13225 51.528833,-0.12367 51.471433", "From Doric Way , Somers Town to Clapham Road, Lingham Street, Stockwell"
"LINESTRING (-0.163041 51.470538,-0.12367 51.471433", "From Sheepcote Lane, Battersea to Clapham Road, Lingham Street, Stockwell"
"LINESTRING (-0.110889 51.495718,-0.12367 51.471433", "From Kennington Road  , Vauxhall to Clapham Road, Lingham Street, Stockwell"
"LINESTRING (-0.132102 51.472918,-0.12367 51.471433", "From Courland Grove, Wandsworth Road to Clapham Road, Lingham Street, Stockwell"
"LINESTRING (-0.116493 51.477839,-0.12367 51.471433", "From Caldwell Street, Stockwell to Clapham Road, Lingham Street, Stockwell"
"LINESTRING (-0.092762 51.500296,-0.12367 51.471433", "From Swan Street, The Borough to Clapham Road, Lingham Street, Stockwell"
"LINESTRING (-0.132102 51.472918,-0.12367 51.471433", "From Courland Grove, Wandsworth Road to Clapham Road, Lingham Street, Stockwell"
"LINESTRING (-0.128279 51.5293,-0.116628 51.500089", "From Ossulston Street, Somers Town to Lambeth Palace Road, Waterloo"
"LINESTRING (-0.117122 51.490994,-0.116628 51.500089", "From Black Prince Road, Vauxhall to Lambeth Palace Road, Waterloo"
"LINESTRING (-0.114605 51.495656,-0.116628 51.500089", "From Sail Street, Vauxhall to Lambeth Palace Road, Waterloo"
"LINESTRING (-0.116493 51.477839,-0.116628 51.500089", "From Caldwell Street, Stockwell to Lambeth Palace Road, Waterloo"
"LINESTRING (-0.116764 51.51362,-0.116628 51.500089", "From Houghton Street, Strand to Lambeth Palace Road, Waterloo"
"LINESTRING (-0.114605 51.495656,-0.116628 51.500089", "From Sail Street, Vauxhall to Lambeth Palace Road, Waterloo"
"LINESTRING (-0.113864 51.504027,-0.116628 51.500089", "From Waterloo Station 1, Waterloo to Lambeth Palace Road, Waterloo"
"LINESTRING (-0.116628 51.500089,-0.116628 51.500089", "From Lambeth Palace Road, Waterloo to Lambeth Palace Road, Waterloo"
"LINESTRING (-0.116628 51.500089,-0.116628 51.500089", "From Lambeth Palace Road, Waterloo to Lambeth Palace Road, Waterloo"
"LINESTRING (-0.13558 51.513684,-0.116628 51.500089", "From Broadwick Street, Soho to Lambeth Palace Road, Waterloo"
"LINESTRING (-0.114934 51.49288,-0.116628 51.500089", "From Lollard Street, Vauxhall to Lambeth Palace Road, Waterloo"
"LINESTRING (-0.116628 51.500089,-0.116628 51.500089", "From Lambeth Palace Road, Waterloo to Lambeth Palace Road, Waterloo"
"LINESTRING (-0.127554 51.493978,-0.116628 51.500089", "From Page Street, Westminster to Lambeth Palace Road, Waterloo"
"LINESTRING (-0.091773 51.504627,-0.116628 51.500089", "From Hop Exchange, The Borough to Lambeth Palace Road, Waterloo"
"LINESTRING (-0.131961 51.508446,-0.116628 51.500089", "From Charles II Street, West End to Lambeth Palace Road, Waterloo"
"LINESTRING (-0.100791 51.518218,-0.116628 51.500089", "From West Smithfield Rotunda, Farringdon to Lambeth Palace Road, Waterloo"
"LINESTRING (-0.168917 51.497056,-0.116628 51.500089", "From Holy Trinity Brompton, Knightsbridge to Lambeth Palace Road, Waterloo"
"LINESTRING (-0.131773 51.506633,-0.116628 51.500089", "From Waterloo Place, St. James's to Lambeth Palace Road, Waterloo"
"LINESTRING (-0.111014 51.493686,-0.116628 51.500089", "From Walnut Tree Walk, Vauxhall to Lambeth Palace Road, Waterloo"
"LINESTRING (-0.101536 51.49217,-0.116628 51.500089", "From Hampton Street, Walworth to Lambeth Palace Road, Waterloo"
"LINESTRING (-0.098497 51.503688,-0.116628 51.500089", "From Union Street, The Borough to Lambeth Palace Road, Waterloo"
"LINESTRING (-0.123616 51.529943,-0.116628 51.500089", "From Belgrove Street , King's Cross to Lambeth Palace Road, Waterloo"
"LINESTRING (-0.104193 51.49605,-0.116628 51.500089", "From Gaywood  Street, Elephant & Castle to Lambeth Palace Road, Waterloo"
"LINESTRING (-0.126021 51.508103,-0.116628 51.500089", "From Craven Street, Strand to Lambeth Palace Road, Waterloo"
"LINESTRING (-0.185273 51.481765,-0.116628 51.500089", "From Hortensia Road, West Brompton to Lambeth Palace Road, Waterloo"
"LINESTRING (-0.100791 51.518218,-0.116628 51.500089", "From West Smithfield Rotunda, Farringdon to Lambeth Palace Road, Waterloo"
"LINESTRING (-0.113864 51.504027,-0.116628 51.500089", "From Waterloo Station 1, Waterloo to Lambeth Palace Road, Waterloo"
"LINESTRING (-0.083632 51.502153,-0.116628 51.500089", "From Snowsfields, London Bridge to Lambeth Palace Road, Waterloo"
"LINESTRING (-0.029138 51.516196,-0.116628 51.500089", "From Burdett Road, Mile End to Lambeth Palace Road, Waterloo"
"LINESTRING (-0.10454 51.505461,-0.116628 51.500089", "From Blackfriars Road, Southwark to Lambeth Palace Road, Waterloo"
"LINESTRING (-0.147714 51.483507,-0.116628 51.500089", "From Battersea Power Station, Battersea Park to Lambeth Palace Road, Waterloo"
"LINESTRING (-0.141423 51.514499,-0.116628 51.500089", "From Little Argyll Street, West End to Lambeth Palace Road, Waterloo"
"LINESTRING (-0.123823 51.501513,-0.116628 51.500089", "From Westminster Pier, Westminster to Lambeth Palace Road, Waterloo"
"LINESTRING (-0.122492 51.486343,-0.116628 51.500089", "From Kennington Lane Rail Bridge, Vauxhall to Lambeth Palace Road, Waterloo"
"LINESTRING (-0.08974 51.500823,-0.116628 51.500089", "From Empire Square, The Borough to Lambeth Palace Road, Waterloo"
"LINESTRING (-0.131961 51.508446,-0.116628 51.500089", "From Charles II Street, West End to Lambeth Palace Road, Waterloo"
"LINESTRING (-0.147714 51.483507,-0.116628 51.500089", "From Battersea Power Station, Battersea Park to Lambeth Palace Road, Waterloo"
"LINESTRING (-0.09294 51.511553,-0.116628 51.500089", "From Queen Street 1, Bank to Lambeth Palace Road, Waterloo"
"LINESTRING (-0.110683 51.484788,-0.116628 51.500089", "From Kennington Road Post Office, Oval to Lambeth Palace Road, Waterloo"
"LINESTRING (-0.116628 51.500089,-0.116628 51.500089", "From Lambeth Palace Road, Waterloo to Lambeth Palace Road, Waterloo"
"LINESTRING (-0.126021 51.508103,-0.116628 51.500089", "From Craven Street, Strand to Lambeth Palace Road, Waterloo"
"LINESTRING (-0.089446 51.497382,-0.116628 51.500089", "From Great Dover Street, The Borough to Lambeth Palace Road, Waterloo"
"LINESTRING (-0.100186 51.505817,-0.116628 51.500089", "From Bankside Mix, Bankside to Lambeth Palace Road, Waterloo"
"LINESTRING (-0.149004 51.485821,-0.116628 51.500089", "From Chelsea Bridge, Pimlico to Lambeth Palace Road, Waterloo"
"LINESTRING (-0.082422 51.516154,-0.116628 51.500089", "From Wormwood Street, Liverpool Street to Lambeth Palace Road, Waterloo"
"LINESTRING (-0.128377 51.523673,-0.116628 51.500089", "From Bedford Way, Bloomsbury to Lambeth Palace Road, Waterloo"
"LINESTRING (-0.179854 51.501715,-0.116628 51.500089", "From Queen's Gate, Kensington Gardens to Lambeth Palace Road, Waterloo"
"LINESTRING (-0.120718 51.511968,-0.116628 51.500089", "From Tavistock Street, Covent Garden to Lambeth Palace Road, Waterloo"
"LINESTRING (-0.091773 51.504627,-0.116628 51.500089", "From Hop Exchange, The Borough to Lambeth Palace Road, Waterloo"
"LINESTRING (-0.083159 51.500889,-0.116628 51.500089", "From Tyers Gate, Bermondsey to Lambeth Palace Road, Waterloo"
"LINESTRING (-0.085603 51.53095,-0.116628 51.500089", "From New North Road 1, Hoxton to Lambeth Palace Road, Waterloo"
"LINESTRING (-0.120718 51.511968,-0.116628 51.500089", "From Tavistock Street, Covent Garden to Lambeth Palace Road, Waterloo"
"LINESTRING (-0.141423 51.514499,-0.116628 51.500089", "From Little Argyll Street, West End to Lambeth Palace Road, Waterloo"
"LINESTRING (-0.141423 51.514499,-0.116628 51.500089", "From Little Argyll Street, West End to Lambeth Palace Road, Waterloo"
"LINESTRING (-0.137424 51.498865,-0.116628 51.500089", "From Buckingham Gate, Westminster to Lambeth Palace Road, Waterloo"
"LINESTRING (-0.133201 51.512515,-0.116628 51.500089", "From Wardour Street, Soho to Lambeth Palace Road, Waterloo"
"LINESTRING (-0.123258 51.476149,-0.116628 51.500089", "From Teversham Lane, Stockwell to Lambeth Palace Road, Waterloo"
"LINESTRING (-0.142943 51.496863,-0.116628 51.500089", "From Allington Street, Victoria to Lambeth Palace Road, Waterloo"
"LINESTRING (-0.085814 51.495061,-0.116628 51.500089", "From Bricklayers Arms, Borough to Lambeth Palace Road, Waterloo"
"LINESTRING (-0.153933 51.494561,-0.116628 51.500089", "From Eaton Square (South), Belgravia to Lambeth Palace Road, Waterloo"
"LINESTRING (-0.150181 51.536922,-0.116628 51.500089", "From London Zoo Car Park, The Regent's Park to Lambeth Palace Road, Waterloo"
"LINESTRING (-0.104193 51.49605,-0.116628 51.500089", "From Gaywood  Street, Elephant & Castle to Lambeth Palace Road, Waterloo"
"LINESTRING (-0.091773 51.504627,-0.116628 51.500089", "From Hop Exchange, The Borough to Lambeth Palace Road, Waterloo"
"LINESTRING (-0.13011 51.513527,-0.116628 51.500089", "From Moor Street, Soho to Lambeth Palace Road, Waterloo"
"LINESTRING (-0.111471 51.479601,-0.116628 51.500089", "From Cranmer Road, Stockwell to Lambeth Palace Road, Waterloo"
"LINESTRING (-0.00481 51.541793,-0.020597 51.546532", "From Stratford Station, Stratford to Here East South, Queen Elizabeth Olympic Park"
"LINESTRING (-0.112824 51.503791,-0.020597 51.546532", "From Waterloo Station 3, Waterloo to Here East South, Queen Elizabeth Olympic Park"
"LINESTRING (-0.01051 51.54094,-0.020597 51.546532", "From Aquatic Centre, Queen Elizabeth Olympic Park to Here East South, Queen Elizabeth Olympic Park"
"LINESTRING (-0.009935 51.546326,-0.020597 51.546532", "From East Village, Queen Elizabeth Olympic Park to Here East South, Queen Elizabeth Olympic Park"
"LINESTRING (-0.01051 51.54094,-0.020597 51.546532", "From Aquatic Centre, Queen Elizabeth Olympic Park to Here East South, Queen Elizabeth Olympic Park"
"LINESTRING (-0.009935 51.546326,-0.020597 51.546532", "From East Village, Queen Elizabeth Olympic Park to Here East South, Queen Elizabeth Olympic Park"
"LINESTRING (-0.009935 51.546326,-0.020597 51.546532", "From East Village, Queen Elizabeth Olympic Park to Here East South, Queen Elizabeth Olympic Park"
"LINESTRING (-0.009935 51.546326,-0.020597 51.546532", "From East Village, Queen Elizabeth Olympic Park to Here East South, Queen Elizabeth Olympic Park"
"LINESTRING (-0.02163 51.540311,-0.020597 51.546532", "From Monier Road, Hackney Wick to Here East South, Queen Elizabeth Olympic Park"
"LINESTRING (-0.033085 51.532513,-0.020597 51.546532", "From Ford Road, Old Ford to Here East South, Queen Elizabeth Olympic Park"
"LINESTRING (-0.009935 51.546326,-0.020597 51.546532", "From East Village, Queen Elizabeth Olympic Park to Here East South, Queen Elizabeth Olympic Park"
"LINESTRING (-0.028941 51.542118,-0.020597 51.546532", "From Cadogan Close, Victoria Park to Here East South, Queen Elizabeth Olympic Park"
"LINESTRING (-0.020597 51.546532,-0.020597 51.546532", "From Here East South, Queen Elizabeth Olympic Park to Here East South, Queen Elizabeth Olympic Park"
"LINESTRING (-0.11258 51.473874,-0.138212 51.481335", "From Normandy Road, Stockwell to Riverlight South, Nine Elms"
"LINESTRING (-0.171103 51.518268,-0.138212 51.481335", "From St Mary's Hospital, Paddington to Riverlight South, Nine Elms"
"LINESTRING (-0.124642 51.481747,-0.138212 51.481335", "From South Lambeth Road, Vauxhall to Riverlight South, Nine Elms"
"LINESTRING (-0.087262 51.506304,-0.138212 51.481335", "From Duke Street Hill, London Bridge to Riverlight South, Nine Elms"
"LINESTRING (-0.149186 51.490491,-0.138212 51.481335", "From Ebury Bridge, Pimlico to Riverlight South, Nine Elms"
"LINESTRING (-0.180389 51.46517,-0.138212 51.481335", "From Hibbert Street, Battersea to Riverlight South, Nine Elms"
"LINESTRING (-0.139956 51.493573,-0.138212 51.481335", "From Queen Mother Sports Centre, Victoria to Riverlight South, Nine Elms"
"LINESTRING (-0.156876 51.49313,-0.138212 51.481335", "From Sedding Street, Sloane Square to Riverlight South, Nine Elms"
"LINESTRING (-0.169821 51.466633,-0.138212 51.481335", "From Falcon Road, Clapham Junction to Riverlight South, Nine Elms"
"LINESTRING (-0.18119 51.485587,-0.138212 51.481335", "From Limerston Street, West Chelsea to Riverlight South, Nine Elms"
"LINESTRING (-0.190603 51.493631,-0.138212 51.481335", "From Knaresborough Place, Earl's Court to Riverlight South, Nine Elms"
"LINESTRING (-0.132845 51.489975,-0.138212 51.481335", "From Rampayne Street, Pimlico to Riverlight South, Nine Elms"
"LINESTRING (-0.127554 51.493978,-0.138212 51.481335", "From Page Street, Westminster to Riverlight South, Nine Elms"
"LINESTRING (-0.124469 51.485917,-0.138212 51.481335", "From Vauxhall Cross, Vauxhall to Riverlight South, Nine Elms"
"LINESTRING (-0.124642 51.481747,-0.138212 51.481335", "From South Lambeth Road, Vauxhall to Riverlight South, Nine Elms"
"LINESTRING (-0.110121 51.488105,-0.138212 51.481335", "From Cleaver Street, Kennington to Riverlight South, Nine Elms"
"LINESTRING (-0.077121 51.511594,-0.138212 51.481335", "From Crosswall, Tower to Riverlight South, Nine Elms"
"LINESTRING (-0.15823 51.46879,-0.138212 51.481335", "From Holden Street, Battersea to Riverlight South, Nine Elms"
"LINESTRING (-0.102091 51.500693,-0.138212 51.481335", "From Webber Street , Southwark to Riverlight South, Nine Elms"
"LINESTRING (-0.139956 51.493573,-0.138212 51.481335", "From Queen Mother Sports Centre, Victoria to Riverlight South, Nine Elms"
"LINESTRING (-0.100791 51.518218,-0.138212 51.481335", "From West Smithfield Rotunda, Farringdon to Riverlight South, Nine Elms"
"LINESTRING (-0.164786 51.477292,-0.138212 51.481335", "From Ethelburga Estate, Battersea Park to Riverlight South, Nine Elms"
"LINESTRING (-0.173881 51.494412,-0.138212 51.481335", "From South Kensington Station, South Kensington to Riverlight South, Nine Elms"
"LINESTRING (-0.124469 51.485917,-0.138212 51.481335", "From Vauxhall Cross, Vauxhall to Riverlight South, Nine Elms"
"LINESTRING (-0.147857 51.477966,-0.138212 51.481335", "From Gas Holders, Battersea Park to Riverlight South, Nine Elms"
"LINESTRING (-0.133972 51.472993,-0.138212 51.481335", "From Union Grove, Wandsworth Road to Riverlight South, Nine Elms"
"LINESTRING (-0.124469 51.485917,-0.138212 51.481335", "From Vauxhall Cross, Vauxhall to Riverlight South, Nine Elms"
"LINESTRING (-0.147857 51.477966,-0.138212 51.481335", "From Gas Holders, Battersea Park to Riverlight South, Nine Elms"
"LINESTRING (-0.124469 51.485917,-0.138212 51.481335", "From Vauxhall Cross, Vauxhall to Riverlight South, Nine Elms"
"LINESTRING (-0.138212 51.481335,-0.138212 51.481335", "From Riverlight South, Nine Elms to Riverlight South, Nine Elms"
"LINESTRING (-0.113134 51.483145,-0.138212 51.481335", "From Kennington Oval, Oval to Riverlight South, Nine Elms"
"LINESTRING (-0.147857 51.477966,-0.138212 51.481335", "From Gas Holders, Battersea Park to Riverlight South, Nine Elms"
"LINESTRING (-0.138212 51.481335,-0.138212 51.481335", "From Riverlight South, Nine Elms to Riverlight South, Nine Elms"
"LINESTRING (-0.164786 51.477292,-0.138212 51.481335", "From Ethelburga Estate, Battersea Park to Riverlight South, Nine Elms"
"LINESTRING (-0.132102 51.498125,-0.138212 51.481335", "From Abbey Orchard Street, Westminster to Riverlight South, Nine Elms"
"LINESTRING (-0.172078 51.482567,-0.138212 51.481335", "From Danvers Street, West Chelsea to Riverlight South, Nine Elms"
"LINESTRING (-0.117974 51.494881,-0.138212 51.481335", "From Lambeth Road, Vauxhall to Riverlight South, Nine Elms"
"LINESTRING (-0.139956 51.493573,-0.138212 51.481335", "From Queen Mother Sports Centre, Victoria to Riverlight South, Nine Elms"
"LINESTRING (-0.21985 51.493267,-0.138212 51.481335", "From Hammersmith Road, Hammersmith to Riverlight South, Nine Elms"
"LINESTRING (-0.123823 51.501513,-0.138212 51.481335", "From Westminster Pier, Westminster to Riverlight South, Nine Elms"
"LINESTRING (-0.149186 51.490491,-0.138212 51.481335", "From Ebury Bridge, Pimlico to Riverlight South, Nine Elms"
"LINESTRING (-0.124469 51.485917,-0.138212 51.481335", "From Vauxhall Cross, Vauxhall to Riverlight South, Nine Elms"
"LINESTRING (-0.138212 51.481335,-0.138212 51.481335", "From Riverlight South, Nine Elms to Riverlight South, Nine Elms"
"LINESTRING (-0.122492 51.486343,-0.138212 51.481335", "From Kennington Lane Rail Bridge, Vauxhall to Riverlight South, Nine Elms"
"LINESTRING (-0.147857 51.477966,-0.138212 51.481335", "From Gas Holders, Battersea Park to Riverlight South, Nine Elms"
"LINESTRING (-0.164786 51.477292,-0.138212 51.481335", "From Ethelburga Estate, Battersea Park to Riverlight South, Nine Elms"
"LINESTRING (-0.119047 51.509631,-0.138212 51.481335", "From Embankment (Savoy), Strand to Riverlight South, Nine Elms"
"LINESTRING (-0.15352 51.503117,-0.123823 51.501513", "From Hyde Park Corner, Hyde Park to Westminster Pier, Westminster"
"LINESTRING (-0.107349 51.511891,-0.123823 51.501513", "From Tallis Street, Temple to Westminster Pier, Westminster"
"LINESTRING (-0.117863 51.515208,-0.123823 51.501513", "From Sardinia Street, Holborn to Westminster Pier, Westminster"
"LINESTRING (-0.075459 51.509506,-0.123823 51.501513", "From Tower Gardens , Tower to Westminster Pier, Westminster"
"LINESTRING (-0.067937 51.51793,-0.123823 51.501513", "From Old Montague Street, Whitechapel to Westminster Pier, Westminster"
"LINESTRING (-0.087587 51.514441,-0.123823 51.501513", "From Bank of England Museum, Bank to Westminster Pier, Westminster"
"LINESTRING (-0.123823 51.501513,-0.123823 51.501513", "From Westminster Pier, Westminster to Westminster Pier, Westminster"
"LINESTRING (-0.123823 51.501513,-0.123823 51.501513", "From Westminster Pier, Westminster to Westminster Pier, Westminster"
"LINESTRING (-0.174411 51.511933,-0.123823 51.501513", "From Bayswater Road, Hyde Park to Westminster Pier, Westminster"
"LINESTRING (-0.178433 51.492479,-0.123823 51.501513", "From Queen's Gate (South), South Kensington to Westminster Pier, Westminster"
"LINESTRING (-0.108657 51.51795,-0.123823 51.501513", "From Holborn Circus, Holborn to Westminster Pier, Westminster"
"LINESTRING (-0.036017 51.525941,-0.123823 51.501513", "From Clinton Road, Mile End to Westminster Pier, Westminster"
"LINESTRING (-0.149004 51.485821,-0.123823 51.501513", "From Chelsea Bridge, Pimlico to Westminster Pier, Westminster"
"LINESTRING (-0.149569 51.50274,-0.123823 51.501513", "From Wellington Arch, Hyde Park to Westminster Pier, Westminster"
"LINESTRING (-0.117863 51.515208,-0.123823 51.501513", "From Sardinia Street, Holborn to Westminster Pier, Westminster"
"LINESTRING (-0.15352 51.503117,-0.123823 51.501513", "From Hyde Park Corner, Hyde Park to Westminster Pier, Westminster"
"LINESTRING (-0.176267 51.472876,-0.123823 51.501513", "From Vicarage Crescent, Battersea to Westminster Pier, Westminster"
"LINESTRING (-0.108322 51.510981,-0.123823 51.501513", "From Temple Gardens, Temple to Westminster Pier, Westminster"
"LINESTRING (-0.074189 51.502279,-0.123823 51.501513", "From Curlew Street, Shad Thames to Westminster Pier, Westminster"
"LINESTRING (-0.122219 51.51477,-0.123823 51.501513", "From Drury Lane, Covent Garden to Westminster Pier, Westminster"
"LINESTRING (-0.149004 51.485821,-0.123823 51.501513", "From Chelsea Bridge, Pimlico to Westminster Pier, Westminster"
"LINESTRING (-0.114842 51.50621,-0.123823 51.501513", "From Belvedere Road 2, South Bank to Westminster Pier, Westminster"
"LINESTRING (-0.075459 51.509506,-0.123823 51.501513", "From Tower Gardens , Tower to Westminster Pier, Westminster"
"LINESTRING (-0.123823 51.501513,-0.123823 51.501513", "From Westminster Pier, Westminster to Westminster Pier, Westminster"
"LINESTRING (-0.117619 51.509943,-0.123823 51.501513", "From Somerset House, Strand to Westminster Pier, Westminster"
"LINESTRING (-0.063471 51.497995,-0.123823 51.501513", "From Bermondsey Station, Bermondsey to Westminster Pier, Westminster"
"LINESTRING (-0.113864 51.504027,-0.123823 51.501513", "From Waterloo Station 1, Waterloo to Westminster Pier, Westminster"
"LINESTRING (-0.111435 51.48894,-0.123823 51.501513", "From Kennington Cross, Kennington to Westminster Pier, Westminster"
"LINESTRING (-0.063471 51.497995,-0.123823 51.501513", "From Bermondsey Station, Bermondsey to Westminster Pier, Westminster"
"LINESTRING (-0.10988 51.49775,-0.123823 51.501513", "From King Edward Walk, Waterloo to Westminster Pier, Westminster"
"LINESTRING (-0.157183 51.52026,-0.123823 51.501513", "From Crawford Street, Marylebone to Westminster Pier, Westminster"
"LINESTRING (-0.149004 51.485821,-0.123823 51.501513", "From Chelsea Bridge, Pimlico to Westminster Pier, Westminster"
"LINESTRING (-0.125674 51.491884,-0.123823 51.501513", "From Millbank Tower, Pimlico to Westminster Pier, Westminster"
"LINESTRING (-0.183165 51.474665,-0.123823 51.501513", "From Imperial Wharf Station, Sands End to Westminster Pier, Westminster"
"LINESTRING (-0.067937 51.51793,-0.123823 51.501513", "From Old Montague Street, Whitechapel to Westminster Pier, Westminster"
"LINESTRING (-0.103078 51.511934,-0.123823 51.501513", "From Blackfriars Station, St. Paul's to Westminster Pier, Westminster"
"LINESTRING (-0.074704 51.500845,-0.123823 51.501513", "From Tower Wharf, Bermondsey to Westminster Pier, Westminster"
"LINESTRING (-0.127554 51.493978,-0.123823 51.501513", "From Page Street, Westminster to Westminster Pier, Westminster"
"LINESTRING (-0.123823 51.501513,-0.123823 51.501513", "From Westminster Pier, Westminster to Westminster Pier, Westminster"
"LINESTRING (-0.119047 51.509631,-0.123823 51.501513", "From Embankment (Savoy), Strand to Westminster Pier, Westminster"
"LINESTRING (-0.142943 51.496863,-0.123823 51.501513", "From Allington Street, Victoria to Westminster Pier, Westminster"
"LINESTRING (-0.06111 51.518675,-0.123823 51.501513", "From Royal London Hospital, Whitechapel to Westminster Pier, Westminster"
"LINESTRING (-0.109006 51.521661,-0.123823 51.501513", "From Hatton Wall, Holborn to Westminster Pier, Westminster"
"LINESTRING (-0.113001 51.50486,-0.123823 51.501513", "From Waterloo Road, South Bank to Westminster Pier, Westminster"
"LINESTRING (-0.149004 51.485821,-0.123823 51.501513", "From Chelsea Bridge, Pimlico to Westminster Pier, Westminster"
"LINESTRING (-0.086379 51.534042,-0.123823 51.501513", "From Shoreditch Park, Hoxton to Westminster Pier, Westminster"
"LINESTRING (-0.13544 51.497829,-0.123823 51.501513", "From Butler Place, Westminster to Westminster Pier, Westminster"
"LINESTRING (-0.091773 51.504627,-0.123823 51.501513", "From Hop Exchange, The Borough to Westminster Pier, Westminster"
"LINESTRING (-0.082422 51.516154,-0.123823 51.501513", "From Wormwood Street, Liverpool Street to Westminster Pier, Westminster"
"LINESTRING (-0.136928 51.493985,-0.123823 51.501513", "From Vincent Square, Westminster to Westminster Pier, Westminster"
"LINESTRING (-0.123823 51.501513,-0.123823 51.501513", "From Westminster Pier, Westminster to Westminster Pier, Westminster"
"LINESTRING (-0.084605 51.521283,-0.123823 51.501513", "From Christopher Street, Liverpool Street to Westminster Pier, Westminster"
"LINESTRING (-0.108322 51.510981,-0.123823 51.501513", "From Temple Gardens, Temple to Westminster Pier, Westminster"
"LINESTRING (-0.096518 51.491327,-0.123823 51.501513", "From Walworth Square, Walworth to Westminster Pier, Westminster"
"LINESTRING (-0.173881 51.494412,-0.123823 51.501513", "From South Kensington Station, South Kensington to Westminster Pier, Westminster"
"LINESTRING (-0.098807 51.506725,-0.123823 51.501513", "From Tate Modern, Bankside to Westminster Pier, Westminster"
"LINESTRING (-0.123616 51.529943,-0.123823 51.501513", "From Belgrove Street , King's Cross to Westminster Pier, Westminster"
"LINESTRING (-0.123823 51.501513,-0.123823 51.501513", "From Westminster Pier, Westminster to Westminster Pier, Westminster"
"LINESTRING (-0.15352 51.503117,-0.123823 51.501513", "From Hyde Park Corner, Hyde Park to Westminster Pier, Westminster"
"LINESTRING (-0.103078 51.511934,-0.123823 51.501513", "From Blackfriars Station, St. Paul's to Westminster Pier, Westminster"
"LINESTRING (-0.179135 51.516417,-0.123823 51.501513", "From Eastbourne Mews, Paddington to Westminster Pier, Westminster"
"LINESTRING (-0.18119 51.485587,-0.123823 51.501513", "From Limerston Street, West Chelsea to Westminster Pier, Westminster"
"LINESTRING (-0.179854 51.501715,-0.123823 51.501513", "From Queen's Gate, Kensington Gardens to Westminster Pier, Westminster"
"LINESTRING (-0.179854 51.501715,-0.123823 51.501513", "From Queen's Gate, Kensington Gardens to Westminster Pier, Westminster"
"LINESTRING (-0.0985 51.51601,-0.123823 51.501513", "From King Edward Street, St Pauls to Westminster Pier, Westminster"
"LINESTRING (-0.112753 51.51501,-0.123823 51.501513", "From Carey Street, Holborn to Westminster Pier, Westminster"
"LINESTRING (-0.123823 51.501513,-0.123823 51.501513", "From Westminster Pier, Westminster to Westminster Pier, Westminster"
"LINESTRING (-0.149569 51.50274,-0.123823 51.501513", "From Wellington Arch, Hyde Park to Westminster Pier, Westminster"
"LINESTRING (-0.149004 51.485821,-0.123823 51.501513", "From Chelsea Bridge, Pimlico to Westminster Pier, Westminster"
"LINESTRING (-0.117863 51.515208,-0.123823 51.501513", "From Sardinia Street, Holborn to Westminster Pier, Westminster"
"LINESTRING (-0.166878 51.488023,-0.123823 51.501513", "From Flood Street, Chelsea to Westminster Pier, Westminster"
"LINESTRING (-0.102757 51.536384,-0.123823 51.501513", "From Islington Green, Angel to Westminster Pier, Westminster"
"LINESTRING (-0.098807 51.506725,-0.123823 51.501513", "From Tate Modern, Bankside to Westminster Pier, Westminster"
"LINESTRING (-0.123823 51.501513,-0.123823 51.501513", "From Westminster Pier, Westminster to Westminster Pier, Westminster"
"LINESTRING (-0.117619 51.509943,-0.123823 51.501513", "From Somerset House, Strand to Westminster Pier, Westminster"
"LINESTRING (-0.103078 51.511934,-0.123823 51.501513", "From Blackfriars Station, St. Paul's to Westminster Pier, Westminster"
"LINESTRING (-0.123179 51.506543,-0.123823 51.501513", "From Whitehall Place, Strand to Westminster Pier, Westminster"
"LINESTRING (-0.158264 51.514577,-0.123823 51.501513", "From Old Quebec Street, Marylebone to Westminster Pier, Westminster"
"LINESTRING (-0.133201 51.512515,-0.114842 51.50621", "From Wardour Street, Soho to Belvedere Road 2, South Bank"
"LINESTRING (-0.124749 51.509462,-0.114842 51.50621", "From William IV Street, Strand to Belvedere Road 2, South Bank"
"LINESTRING (-0.180389 51.46517,-0.114842 51.50621", "From Hibbert Street, Battersea to Belvedere Road 2, South Bank"
"LINESTRING (-0.112824 51.503791,-0.114842 51.50621", "From Waterloo Station 3, Waterloo to Belvedere Road 2, South Bank"
"LINESTRING (-0.133201 51.512515,-0.114842 51.50621", "From Wardour Street, Soho to Belvedere Road 2, South Bank"
"LINESTRING (-0.073537 51.514233,-0.114842 51.50621", "From Braham Street, Aldgate to Belvedere Road 2, South Bank"
"LINESTRING (-0.086685 51.517075,-0.114842 51.50621", "From Finsbury Circus, Liverpool Street to Belvedere Road 2, South Bank"
"LINESTRING (-0.096496 51.517821,-0.114842 51.50621", "From Museum of London, Barbican to Belvedere Road 2, South Bank"
"LINESTRING (-0.10997 51.529163,-0.114842 51.50621", "From River Street , Clerkenwell to Belvedere Road 2, South Bank"
"LINESTRING (-0.106237 51.507244,-0.114842 51.50621", "From Milroy Walk, South Bank to Belvedere Road 2, South Bank"
"LINESTRING (-0.091773 51.504627,-0.114842 51.50621", "From Hop Exchange, The Borough to Belvedere Road 2, South Bank"
"LINESTRING (-0.096496 51.517821,-0.114842 51.50621", "From Museum of London, Barbican to Belvedere Road 2, South Bank"
"LINESTRING (-0.103078 51.511934,-0.114842 51.50621", "From Blackfriars Station, St. Paul's to Belvedere Road 2, South Bank"
"LINESTRING (-0.122492 51.486343,-0.091938 51.492807", "From Kennington Lane Rail Bridge, Vauxhall to Victory Place, Walworth"
"LINESTRING (-0.074754 51.523648,-0.091938 51.492807", "From Bethnal Green Road, Shoreditch to Victory Place, Walworth"
"LINESTRING (-0.081608 51.497855,-0.091938 51.492807", "From Bermondsey Street, Bermondsey to Victory Place, Walworth"
"LINESTRING (-0.077121 51.511594,-0.091938 51.492807", "From Crosswall, Tower to Victory Place, Walworth"
"LINESTRING (-0.096191 51.498597,-0.091938 51.492807", "From Harper Road, The Borough to Victory Place, Walworth"
"LINESTRING (-0.092762 51.500296,-0.091938 51.492807", "From Swan Street, The Borough to Victory Place, Walworth"
"LINESTRING (-0.09885 51.515418,-0.091938 51.492807", "From Newgate Street , St. Paul's to Victory Place, Walworth"
"LINESTRING (-0.084985 51.509301,-0.091938 51.492807", "From Lower Thames Street, Monument to Victory Place, Walworth"
"LINESTRING (-0.07962 51.503493,-0.091938 51.492807", "From Tooley Street, Bermondsey to Victory Place, Walworth"
"LINESTRING (-0.09294 51.51397,-0.091938 51.492807", "From Cheapside, Bank to Victory Place, Walworth"
"LINESTRING (-0.103132 51.498744,-0.091938 51.492807", "From LSBU (Borough Road), Elephant & Castle to Victory Place, Walworth"
"LINESTRING (-0.096191 51.498597,-0.091938 51.492807", "From Harper Road, The Borough to Victory Place, Walworth"
"LINESTRING (-0.09022 51.491484,-0.091938 51.492807", "From Rodney Road , Walworth to Victory Place, Walworth"
"LINESTRING (-0.115781 51.464019,-0.091938 51.492807", "From Ferndale Road, Brixton to Victory Place, Walworth"
"LINESTRING (-0.115851 51.505044,-0.091938 51.492807", "From Concert Hall Approach 1, South Bank to Victory Place, Walworth"
"LINESTRING (-0.100292 51.501732,-0.091938 51.492807", "From Great Suffolk Street, The Borough to Victory Place, Walworth"
"LINESTRING (-0.110699 51.501444,-0.091938 51.492807", "From Baylis Road, Waterloo to Victory Place, Walworth"
"LINESTRING (-0.110699 51.501444,-0.091938 51.492807", "From Baylis Road, Waterloo to Victory Place, Walworth"
"LINESTRING (-0.063471 51.497995,-0.091938 51.492807", "From Bermondsey Station, Bermondsey to Victory Place, Walworth"
"LINESTRING (-0.123823 51.501513,-0.091938 51.492807", "From Westminster Pier, Westminster to Victory Place, Walworth"
"LINESTRING (-0.155349 51.502757,-0.091938 51.492807", "From Knightsbridge, Hyde Park to Victory Place, Walworth"
"LINESTRING (-0.117122 51.490994,-0.091938 51.492807", "From Black Prince Road, Vauxhall to Victory Place, Walworth"
"LINESTRING (-0.091773 51.504627,-0.091938 51.492807", "From Hop Exchange, The Borough to Victory Place, Walworth"
"LINESTRING (-0.115851 51.505044,-0.147714 51.483507", "From Concert Hall Approach 1, South Bank to Battersea Power Station, Battersea Park"
"LINESTRING (-0.138089 51.484839,-0.147714 51.483507", "From Claverton Street, Pimlico to Battersea Power Station, Battersea Park"
"LINESTRING (-0.066035 51.531864,-0.147714 51.483507", "From Goldsmith's Row, Haggerston to Battersea Power Station, Battersea Park"
"LINESTRING (-0.182435 51.478169,-0.147714 51.483507", "From Upcerne Road, West Chelsea to Battersea Power Station, Battersea Park"
"LINESTRING (-0.116493 51.477839,-0.147714 51.483507", "From Caldwell Street, Stockwell to Battersea Power Station, Battersea Park"
"LINESTRING (-0.130699 51.50777,-0.147714 51.483507", "From Pall Mall East, West End to Battersea Power Station, Battersea Park"
"LINESTRING (-0.160854 51.535892,-0.147714 51.483507", "From Prince Albert Road, The Regent's Park to Battersea Power Station, Battersea Park"
"LINESTRING (-0.163347 51.474392,-0.147714 51.483507", "From Albert Bridge Road, Battersea Park to Battersea Power Station, Battersea Park"
"LINESTRING (-0.147714 51.483507,-0.147714 51.483507", "From Battersea Power Station, Battersea Park to Battersea Power Station, Battersea Park"
"LINESTRING (-0.113864 51.504027,-0.147714 51.483507", "From Waterloo Station 1, Waterloo to Battersea Power Station, Battersea Park"
"LINESTRING (-0.167894 51.493184,-0.147714 51.483507", "From Sloane Avenue, Knightsbridge to Battersea Power Station, Battersea Park"
"LINESTRING (-0.136123 51.482362,-0.147714 51.483507", "From Riverlight North, Nine Elms to Battersea Power Station, Battersea Park"
"LINESTRING (-0.147714 51.483507,-0.147714 51.483507", "From Battersea Power Station, Battersea Park to Battersea Power Station, Battersea Park"
"LINESTRING (-0.156876 51.49313,-0.147714 51.483507", "From Sedding Street, Sloane Square to Battersea Power Station, Battersea Park"
"LINESTRING (-0.139956 51.493573,-0.147714 51.483507", "From Queen Mother Sports Centre, Victoria to Battersea Power Station, Battersea Park"
"LINESTRING (-0.137235 51.473116,-0.147714 51.483507", "From Stewart's Road, Wandsworth Road to Battersea Power Station, Battersea Park"
"LINESTRING (-0.174347 51.476964,-0.147714 51.483507", "From Battersea Church Road, Battersea to Battersea Power Station, Battersea Park"
"LINESTRING (-0.138089 51.484839,-0.147714 51.483507", "From Claverton Street, Pimlico to Battersea Power Station, Battersea Park"
"LINESTRING (-0.123702 51.506767,-0.147714 51.483507", "From Northumberland Avenue, Strand to Battersea Power Station, Battersea Park"
"LINESTRING (-0.139956 51.493573,-0.147714 51.483507", "From Queen Mother Sports Centre, Victoria to Battersea Power Station, Battersea Park"
"LINESTRING (-0.193254 51.476259,-0.147714 51.483507", "From Eel Brook Common, Walham Green to Battersea Power Station, Battersea Park"
"LINESTRING (-0.156876 51.49313,-0.147714 51.483507", "From Sedding Street, Sloane Square to Battersea Power Station, Battersea Park"
"LINESTRING (-0.129361 51.488365,-0.147714 51.483507", "From Vauxhall Bridge , Pimlico to Battersea Power Station, Battersea Park"
"LINESTRING (-0.147714 51.483507,-0.147714 51.483507", "From Battersea Power Station, Battersea Park to Battersea Power Station, Battersea Park"
"LINESTRING (-0.129361 51.488365,-0.147714 51.483507", "From Vauxhall Bridge , Pimlico to Battersea Power Station, Battersea Park"
"LINESTRING (-0.172293 51.467454,-0.147714 51.483507", "From Ingrave Street, Clapham Junction to Battersea Power Station, Battersea Park"
"LINESTRING (-0.132053 51.518587,-0.147714 51.483507", "From Bayley Street , Bloomsbury to Battersea Power Station, Battersea Park"
"LINESTRING (-0.115781 51.464019,-0.147714 51.483507", "From Ferndale Road, Brixton to Battersea Power Station, Battersea Park"
"LINESTRING (-0.184318 51.468819,-0.147714 51.483507", "From William Morris Way, Sands End to Battersea Power Station, Battersea Park"
"LINESTRING (-0.193487 51.513735,-0.147714 51.483507", "From Hereford Road, Bayswater to Battersea Power Station, Battersea Park"
"LINESTRING (-0.18119 51.485587,-0.147714 51.483507", "From Limerston Street, West Chelsea to Battersea Power Station, Battersea Park"
"LINESTRING (-0.156876 51.49313,-0.147714 51.483507", "From Sedding Street, Sloane Square to Battersea Power Station, Battersea Park"
"LINESTRING (-0.124469 51.485917,-0.147714 51.483507", "From Vauxhall Cross, Vauxhall to Battersea Power Station, Battersea Park"
"LINESTRING (-0.147624 51.49395,-0.147714 51.483507", "From Eccleston Place, Victoria to Battersea Power Station, Battersea Park"
"LINESTRING (-0.142943 51.496863,-0.147714 51.483507", "From Allington Street, Victoria to Battersea Power Station, Battersea Park"
"LINESTRING (-0.123179 51.506543,-0.147714 51.483507", "From Whitehall Place, Strand to Battersea Power Station, Battersea Park"
"LINESTRING (-0.142207 51.485357,-0.147714 51.483507", "From Grosvenor Road, Pimlico to Battersea Power Station, Battersea Park"
"LINESTRING (-0.159169 51.475153,-0.147714 51.483507", "From Prince of Wales Drive, Battersea Park to Battersea Power Station, Battersea Park"
"LINESTRING (-0.191722 51.461083,-0.147714 51.483507", "From Smugglers Way, Wandsworth to Battersea Power Station, Battersea Park"
"LINESTRING (-0.15785 51.471095,-0.147714 51.483507", "From Culvert Road, Battersea to Battersea Power Station, Battersea Park"
"LINESTRING (-0.17021 51.474535,-0.147714 51.483507", "From Orbel Street, Battersea to Battersea Power Station, Battersea Park"
"LINESTRING (-0.182435 51.478169,-0.147714 51.483507", "From Upcerne Road, West Chelsea to Battersea Power Station, Battersea Park"
"LINESTRING (-0.136123 51.482362,-0.147714 51.483507", "From Riverlight North, Nine Elms to Battersea Power Station, Battersea Park"
"LINESTRING (-0.159169 51.475153,-0.147714 51.483507", "From Prince of Wales Drive, Battersea Park to Battersea Power Station, Battersea Park"
"LINESTRING (-0.190184 51.459953,-0.147714 51.483507", "From Morie Street, Wandsworth to Battersea Power Station, Battersea Park"
"LINESTRING (-0.138089 51.484839,-0.147714 51.483507", "From Claverton Street, Pimlico to Battersea Power Station, Battersea Park"
"LINESTRING (-0.151926 51.516814,-0.147714 51.483507", "From Hinde Street, Marylebone to Battersea Power Station, Battersea Park"
"LINESTRING (-0.129361 51.488365,-0.147714 51.483507", "From Vauxhall Bridge , Pimlico to Battersea Power Station, Battersea Park"
"LINESTRING (-0.178433 51.492479,-0.147714 51.483507", "From Queen's Gate (South), South Kensington to Battersea Power Station, Battersea Park"
"LINESTRING (-0.115781 51.464019,-0.147714 51.483507", "From Ferndale Road, Brixton to Battersea Power Station, Battersea Park"
"LINESTRING (-0.156876 51.49313,-0.147714 51.483507", "From Sedding Street, Sloane Square to Battersea Power Station, Battersea Park"
"LINESTRING (-0.147714 51.483507,-0.147714 51.483507", "From Battersea Power Station, Battersea Park to Battersea Power Station, Battersea Park"
"LINESTRING (-0.134621 51.507424,-0.147714 51.483507", "From St. James's Square, St. James's to Battersea Power Station, Battersea Park"
"LINESTRING (-0.111471 51.479601,-0.147714 51.483507", "From Cranmer Road, Stockwell to Battersea Power Station, Battersea Park"
"LINESTRING (-0.17581 51.517335,-0.142943 51.496863", "From South Wharf Road, Paddington to Allington Street, Victoria"
"LINESTRING (-0.202608 51.51632,-0.142943 51.496863", "From All Saints Church, Portobello to Allington Street, Victoria"
"LINESTRING (-0.172078 51.482567,-0.142943 51.496863", "From Danvers Street, West Chelsea to Allington Street, Victoria"
"LINESTRING (-0.134621 51.507424,-0.142943 51.496863", "From St. James's Square, St. James's to Allington Street, Victoria"
"LINESTRING (-0.15213 51.470475,-0.142943 51.496863", "From Stanley Grove, Battersea to Allington Street, Victoria"
"LINESTRING (-0.167894 51.493184,-0.142943 51.496863", "From Sloane Avenue, Knightsbridge to Allington Street, Victoria"
"LINESTRING (-0.130699 51.50777,-0.142943 51.496863", "From Pall Mall East, West End to Allington Street, Victoria"
"LINESTRING (-0.174347 51.476964,-0.142943 51.496863", "From Battersea Church Road, Battersea to Allington Street, Victoria"
"LINESTRING (-0.129925 51.493072,-0.142943 51.496863", "From Vincent Street, Pimlico to Allington Street, Victoria"
"LINESTRING (-0.139625 51.490962,-0.142943 51.496863", "From Gloucester Street, Pimlico to Allington Street, Victoria"
"LINESTRING (-0.174554 51.499917,-0.142943 51.496863", "From Exhibition Road, Knightsbridge to Allington Street, Victoria"
"LINESTRING (-0.170329 51.477684,-0.142943 51.496863", "From Westbridge Road, Battersea to Allington Street, Victoria"
"LINESTRING (-0.131161 51.52505,-0.142943 51.496863", "From Taviton Street, Bloomsbury to Allington Street, Victoria"
"LINESTRING (-0.132102 51.498125,-0.142943 51.496863", "From Abbey Orchard Street, Westminster to Allington Street, Victoria"
"LINESTRING (-0.109256 51.526443,-0.142943 51.496863", "From Tysoe Street, Clerkenwell to Allington Street, Victoria"
"LINESTRING (-0.180884 51.459225,-0.142943 51.496863", "From Spanish Road, Clapham Junction to Allington Street, Victoria"
"LINESTRING (-0.15352 51.503117,-0.142943 51.496863", "From Hyde Park Corner, Hyde Park to Allington Street, Victoria"
"LINESTRING (-0.193487 51.513735,-0.142943 51.496863", "From Hereford Road, Bayswater to Allington Street, Victoria"
"LINESTRING (-0.170194 51.489716,-0.142943 51.496863", "From St. Luke's Church, Chelsea to Allington Street, Victoria"
"LINESTRING (-0.142345 51.510662,-0.142943 51.496863", "From Clifford Street, Mayfair to Allington Street, Victoria"
"LINESTRING (-0.179854 51.501715,-0.142943 51.496863", "From Queen's Gate, Kensington Gardens to Allington Street, Victoria"
"LINESTRING (-0.149035 51.481121,-0.142943 51.496863", "From Sopwith Way, Battersea Park to Allington Street, Victoria"
"LINESTRING (-0.130699 51.50777,-0.142943 51.496863", "From Pall Mall East, West End to Allington Street, Victoria"
"LINESTRING (-0.150481 51.51217,-0.142943 51.496863", "From Grosvenor Square, Mayfair to Allington Street, Victoria"
"LINESTRING (-0.098497 51.503688,-0.142943 51.496863", "From Union Street, The Borough to Allington Street, Victoria"
"LINESTRING (-0.179135 51.516417,-0.142943 51.496863", "From Eastbourne Mews, Paddington to Allington Street, Victoria"
"LINESTRING (-0.170329 51.477684,-0.142943 51.496863", "From Westbridge Road, Battersea to Allington Street, Victoria"
"LINESTRING (-0.123179 51.506543,-0.142943 51.496863", "From Whitehall Place, Strand to Allington Street, Victoria"
"LINESTRING (-0.149186 51.490491,-0.142943 51.496863", "From Ebury Bridge, Pimlico to Allington Street, Victoria"
"LINESTRING (-0.209378 51.489591,-0.142943 51.496863", "From Vereker Road, West Kensington to Allington Street, Victoria"
"LINESTRING (-0.173881 51.494412,-0.142943 51.496863", "From South Kensington Station, South Kensington to Allington Street, Victoria"
"LINESTRING (-0.131213 51.513103,-0.142943 51.496863", "From Frith Street, Soho to Allington Street, Victoria"
"LINESTRING (-0.167894 51.493184,-0.142943 51.496863", "From Sloane Avenue, Knightsbridge to Allington Street, Victoria"
"LINESTRING (-0.129698 51.500703,-0.142943 51.496863", "From Storey's Gate, Westminster to Allington Street, Victoria"
"LINESTRING (-0.087587 51.514441,-0.142943 51.496863", "From Bank of England Museum, Bank to Allington Street, Victoria"
"LINESTRING (-0.193502 51.467064,-0.142943 51.496863", "From South Park, Sands End to Allington Street, Victoria"
"LINESTRING (-0.055167 51.508447,-0.142943 51.496863", "From Garnet Street, Shadwell to Allington Street, Victoria"
"LINESTRING (-0.138846 51.510048,-0.142943 51.496863", "From Sackville Street, Mayfair to Allington Street, Victoria"
"LINESTRING (-0.147983 51.519167,-0.142943 51.496863", "From New Cavendish Street, Marylebone to Allington Street, Victoria"
"LINESTRING (-0.117619 51.509943,-0.142943 51.496863", "From Somerset House, Strand to Allington Street, Victoria"
"LINESTRING (-0.147857 51.477966,-0.142943 51.496863", "From Gas Holders, Battersea Park to Allington Street, Victoria"
"LINESTRING (-0.129361 51.488365,-0.142943 51.496863", "From Vauxhall Bridge , Pimlico to Allington Street, Victoria"
"LINESTRING (-0.147478 51.492369,-0.142943 51.496863", "From Elizabeth Bridge, Victoria to Allington Street, Victoria"
"LINESTRING (-0.156876 51.49313,-0.142943 51.496863", "From Sedding Street, Sloane Square to Allington Street, Victoria"
"LINESTRING (-0.156876 51.49313,-0.142943 51.496863", "From Sedding Street, Sloane Square to Allington Street, Victoria"
"LINESTRING (-0.182435 51.478169,-0.142943 51.496863", "From Upcerne Road, West Chelsea to Allington Street, Victoria"
"LINESTRING (-0.162727 51.489932,-0.142943 51.496863", "From Royal Avenue 1, Chelsea to Allington Street, Victoria"
"LINESTRING (-0.196422 51.509353,-0.142943 51.496863", "From Notting Hill Gate Station, Notting Hill to Allington Street, Victoria"
"LINESTRING (-0.205284 51.496712,-0.142943 51.496863", "From Warwick Road, Olympia to Allington Street, Victoria"
"LINESTRING (-0.129698 51.500703,-0.142943 51.496863", "From Storey's Gate, Westminster to Allington Street, Victoria"
"LINESTRING (-0.12335 51.51746,-0.142943 51.496863", "From Bury Place, Holborn to Allington Street, Victoria"
"LINESTRING (-0.187842 51.509908,-0.142943 51.496863", "From Black Lion Gate, Kensington Gardens to Allington Street, Victoria"
"LINESTRING (-0.161765 51.487964,-0.142943 51.496863", "From Ormonde Gate, Chelsea to Allington Street, Victoria"
"LINESTRING (-0.156876 51.49313,-0.142943 51.496863", "From Sedding Street, Sloane Square to Allington Street, Victoria"
"LINESTRING (-0.210279 51.468814,-0.142943 51.496863", "From Putney Bridge Station, Fulham to Allington Street, Victoria"
"LINESTRING (-0.134234 51.494591,-0.142943 51.496863", "From Greycoat Street , Westminster to Allington Street, Victoria"
"LINESTRING (-0.113426 51.503919,-0.142943 51.496863", "From Waterloo Station 2, Waterloo to Allington Street, Victoria"
"LINESTRING (-0.165471 51.498884,-0.142943 51.496863", "From Montpelier Street, Knightsbridge to Allington Street, Victoria"
"LINESTRING (-0.142844 51.506613,-0.142943 51.496863", "From Green Park Station, Mayfair to Allington Street, Victoria"
"LINESTRING (-0.101536 51.49217,-0.142943 51.496863", "From Hampton Street, Walworth to Allington Street, Victoria"
"LINESTRING (-0.138019 51.524438,-0.142943 51.496863", "From Warren Street Station, Euston to Allington Street, Victoria"
"LINESTRING (-0.139625 51.490962,-0.142943 51.496863", "From Gloucester Street, Pimlico to Allington Street, Victoria"
"LINESTRING (-0.156876 51.49313,-0.142943 51.496863", "From Sedding Street, Sloane Square to Allington Street, Victoria"
"LINESTRING (-0.146544 51.468669,-0.142943 51.496863", "From Heath Road, Battersea to Allington Street, Victoria"
"LINESTRING (-0.107987 51.517428,-0.142943 51.496863", "From New Fetter Lane, Holborn to Allington Street, Victoria"
"LINESTRING (-0.167029 51.460333,-0.142943 51.496863", "From Abyssinia Close, Clapham Junction to Allington Street, Victoria"
"LINESTRING (-0.167894 51.493184,-0.142943 51.496863", "From Sloane Avenue, Knightsbridge to Allington Street, Victoria"
"LINESTRING (-0.153194 51.501352,-0.142943 51.496863", "From Grosvenor Crescent, Belgravia to Allington Street, Victoria"
"LINESTRING (-0.165471 51.498884,-0.142943 51.496863", "From Montpelier Street, Knightsbridge to Allington Street, Victoria"
"LINESTRING (-0.182435 51.478169,-0.142943 51.496863", "From Upcerne Road, West Chelsea to Allington Street, Victoria"
"LINESTRING (-0.136123 51.482362,-0.142943 51.496863", "From Riverlight North, Nine Elms to Allington Street, Victoria"
"LINESTRING (-0.135478 51.495827,-0.142943 51.496863", "From Rochester Row, Westminster to Allington Street, Victoria"
"LINESTRING (-0.176645 51.518622,-0.142943 51.496863", "From North Wharf Road, Paddington to Allington Street, Victoria"
"LINESTRING (-0.147449 51.509351,-0.142943 51.496863", "From Farm Street, Mayfair to Allington Street, Victoria"
"LINESTRING (-0.16716 51.47518,-0.142943 51.496863", "From Surrey Lane, Battersea to Allington Street, Victoria"
"LINESTRING (-0.147714 51.483507,-0.142943 51.496863", "From Battersea Power Station, Battersea Park to Allington Street, Victoria"
"LINESTRING (-0.182435 51.478169,-0.142943 51.496863", "From Upcerne Road, West Chelsea to Allington Street, Victoria"
"LINESTRING (-0.173881 51.494412,-0.142943 51.496863", "From South Kensington Station, South Kensington to Allington Street, Victoria"
"LINESTRING (-0.127854 51.517727,-0.142943 51.496863", "From Great Russell Street, Bloomsbury to Allington Street, Victoria"
"LINESTRING (-0.141923 51.489856,-0.142943 51.496863", "From Warwick Square, Pimlico to Allington Street, Victoria"
"LINESTRING (-0.149551 51.477619,-0.142943 51.496863", "From Queen's Circus, Battersea Park to Allington Street, Victoria"
"LINESTRING (-0.115375 51.460232,-0.111471 51.479601", "From Saltoun Road, Brixton to Cranmer Road, Stockwell"
"LINESTRING (-0.066078 51.514924,-0.111471 51.479601", "From LMU Commercial Road, Whitechapel to Cranmer Road, Stockwell"
"LINESTRING (-0.088285 51.519069,-0.111471 51.479601", "From Moorfields, Moorgate to Cranmer Road, Stockwell"
"LINESTRING (-0.086379 51.534042,-0.111471 51.479601", "From Shoreditch Park, Hoxton to Cranmer Road, Stockwell"
"LINESTRING (-0.12367 51.471433,-0.111471 51.479601", "From Clapham Road, Lingham Street, Stockwell to Cranmer Road, Stockwell"
"LINESTRING (-0.111471 51.479601,-0.111471 51.479601", "From Cranmer Road, Stockwell to Cranmer Road, Stockwell"
"LINESTRING (-0.098497 51.503688,-0.111471 51.479601", "From Union Street, The Borough to Cranmer Road, Stockwell"
"LINESTRING (-0.122492 51.486343,-0.111471 51.479601", "From Kennington Lane Rail Bridge, Vauxhall to Cranmer Road, Stockwell"
"LINESTRING (-0.041378 51.522507,-0.111471 51.479601", "From Queen Mary's, Mile End to Cranmer Road, Stockwell"
"LINESTRING (-0.132224 51.49206,-0.111471 51.479601", "From Regency Street, Westminster to Cranmer Road, Stockwell"
"LINESTRING (-0.075459 51.509506,-0.111471 51.479601", "From Tower Gardens , Tower to Cranmer Road, Stockwell"
"LINESTRING (-0.114605 51.495656,-0.111471 51.479601", "From Sail Street, Vauxhall to Cranmer Road, Stockwell"
"LINESTRING (-0.113656 51.505354,-0.111471 51.479601", "From Waterloo Bridge, South Bank to Cranmer Road, Stockwell"
"LINESTRING (-0.101384 51.49652,-0.111471 51.479601", "From Ontario Street, Elephant & Castle to Cranmer Road, Stockwell"
"LINESTRING (-0.164786 51.477292,-0.111471 51.479601", "From Ethelburga Estate, Battersea Park to Cranmer Road, Stockwell"
"LINESTRING (-0.117122 51.490994,-0.111471 51.479601", "From Black Prince Road, Vauxhall to Cranmer Road, Stockwell"
"LINESTRING (-0.174554 51.499917,-0.111471 51.479601", "From Exhibition Road, Knightsbridge to Cranmer Road, Stockwell"
"LINESTRING (-0.11258 51.473874,-0.111471 51.479601", "From Normandy Road, Stockwell to Cranmer Road, Stockwell"
"LINESTRING (-0.092762 51.500296,-0.111471 51.479601", "From Swan Street, The Borough to Cranmer Road, Stockwell"
"LINESTRING (-0.092921 51.494436,-0.111471 51.479601", "From New Kent Road, The Borough to Cranmer Road, Stockwell"
"LINESTRING (-0.113426 51.503919,-0.111471 51.479601", "From Waterloo Station 2, Waterloo to Cranmer Road, Stockwell"
"LINESTRING (-0.139956 51.493573,-0.111471 51.479601", "From Queen Mother Sports Centre, Victoria to Cranmer Road, Stockwell"
"LINESTRING (-0.116493 51.477839,-0.111471 51.479601", "From Caldwell Street, Stockwell to Cranmer Road, Stockwell"
"LINESTRING (-0.04915 51.498439,-0.111471 51.479601", "From Canada Water Station, Rotherhithe to Cranmer Road, Stockwell"
"LINESTRING (-0.11258 51.473874,-0.111471 51.479601", "From Normandy Road, Stockwell to Cranmer Road, Stockwell"
"LINESTRING (-0.104778 51.504044,-0.111471 51.479601", "From Southwark Station 2, Southwark to Cranmer Road, Stockwell"
"LINESTRING (-0.102091 51.500693,-0.111471 51.479601", "From Webber Street , Southwark to Cranmer Road, Stockwell"
"LINESTRING (-0.114934 51.49288,-0.111471 51.479601", "From Lollard Street, Vauxhall to Cranmer Road, Stockwell"
"LINESTRING (-0.125674 51.491884,-0.111471 51.479601", "From Millbank Tower, Pimlico to Cranmer Road, Stockwell"
"LINESTRING (-0.105596 51.505342,-0.111471 51.479601", "From Colombo Street, Southwark to Cranmer Road, Stockwell"
"LINESTRING (-0.111435 51.48894,-0.111471 51.479601", "From Kennington Cross, Kennington to Cranmer Road, Stockwell"
"LINESTRING (-0.112031 51.49914,-0.111471 51.479601", "From Lambeth North Station, Waterloo to Cranmer Road, Stockwell"
"LINESTRING (-0.130908 51.464995,-0.111471 51.479601", "From Gauden Road, Clapham to Cranmer Road, Stockwell"
"LINESTRING (-0.104778 51.504044,-0.111471 51.479601", "From Southwark Station 2, Southwark to Cranmer Road, Stockwell"
"LINESTRING (-0.185273 51.481765,-0.111471 51.479601", "From Hortensia Road, West Brompton to Cranmer Road, Stockwell"
"LINESTRING (-0.115375 51.460232,-0.111471 51.479601", "From Saltoun Road, Brixton to Cranmer Road, Stockwell"
"LINESTRING (-0.107987 51.517428,-0.111471 51.479601", "From New Fetter Lane, Holborn to Cranmer Road, Stockwell"
"LINESTRING (-0.082989 51.510484,-0.111471 51.479601", "From Great Tower Street, Monument to Cranmer Road, Stockwell"
"LINESTRING (-0.167029 51.460333,-0.111471 51.479601", "From Abyssinia Close, Clapham Junction to Cranmer Road, Stockwell"
"LINESTRING (-0.104778 51.504044,-0.111471 51.479601", "From Southwark Station 2, Southwark to Cranmer Road, Stockwell"
"LINESTRING (-0.113656 51.505354,-0.111471 51.479601", "From Waterloo Bridge, South Bank to Cranmer Road, Stockwell"
"LINESTRING (-0.139221 51.461388,-0.111471 51.479601", "From Clapham Common Station, Clapham Common to Cranmer Road, Stockwell"
"LINESTRING (-0.082989 51.510484,-0.111471 51.479601", "From Great Tower Street, Monument to Cranmer Road, Stockwell"
"LINESTRING (-0.111435 51.48894,-0.111471 51.479601", "From Kennington Cross, Kennington to Cranmer Road, Stockwell"
"LINESTRING (-0.108657 51.51795,-0.111471 51.479601", "From Holborn Circus, Holborn to Cranmer Road, Stockwell"
"LINESTRING (-0.115375 51.460232,-0.111471 51.479601", "From Saltoun Road, Brixton to Cranmer Road, Stockwell"
"LINESTRING (-0.100292 51.501732,-0.111471 51.479601", "From Great Suffolk Street, The Borough to Cranmer Road, Stockwell"
"LINESTRING (-0.124642 51.481747,-0.11258 51.473874", "From South Lambeth Road, Vauxhall to Normandy Road, Stockwell"
"LINESTRING (-0.124678 51.51908,-0.11258 51.473874", "From British Museum, Bloomsbury to Normandy Road, Stockwell"
"LINESTRING (-0.113134 51.483145,-0.11258 51.473874", "From Kennington Oval, Oval to Normandy Road, Stockwell"
"LINESTRING (-0.136123 51.482362,-0.11258 51.473874", "From Riverlight North, Nine Elms to Normandy Road, Stockwell"
"LINESTRING (-0.110889 51.495718,-0.11258 51.473874", "From Kennington Road  , Vauxhall to Normandy Road, Stockwell"
"LINESTRING (-0.147714 51.483507,-0.11258 51.473874", "From Battersea Power Station, Battersea Park to Normandy Road, Stockwell"
"LINESTRING (-0.09644 51.507385,-0.11258 51.473874", "From New Globe Walk, Bankside to Normandy Road, Stockwell"
"LINESTRING (-0.110699 51.501444,-0.11258 51.473874", "From Baylis Road, Waterloo to Normandy Road, Stockwell"
"LINESTRING (-0.132224 51.49206,-0.11258 51.473874", "From Regency Street, Westminster to Normandy Road, Stockwell"
"LINESTRING (-0.068161 51.509786,-0.11258 51.473874", "From Dock Street, Wapping to Normandy Road, Stockwell"
"LINESTRING (-0.136928 51.493985,-0.11258 51.473874", "From Vincent Square, Westminster to Normandy Road, Stockwell"
"LINESTRING (-0.106992 51.534504,-0.11258 51.473874", "From Liverpool Road (N1 Centre), Angel to Normandy Road, Stockwell"
"LINESTRING (-0.102996 51.486929,-0.11258 51.473874", "From Doddington Grove, Kennington to Normandy Road, Stockwell"
"LINESTRING (-0.147857 51.477966,-0.11258 51.473874", "From Gas Holders, Battersea Park to Normandy Road, Stockwell"
"LINESTRING (-0.122831 51.472509,-0.11258 51.473874", "From Binfield Road, Stockwell to Normandy Road, Stockwell"
"LINESTRING (-0.110683 51.484788,-0.11258 51.473874", "From Kennington Road Post Office, Oval to Normandy Road, Stockwell"
"LINESTRING (-0.136928 51.493985,-0.11258 51.473874", "From Vincent Square, Westminster to Normandy Road, Stockwell"
"LINESTRING (-0.087262 51.506304,-0.11258 51.473874", "From Duke Street Hill, London Bridge to Normandy Road, Stockwell"
"LINESTRING (-0.139221 51.461388,-0.11258 51.473874", "From Clapham Common Station, Clapham Common to Normandy Road, Stockwell"
"LINESTRING (-0.11258 51.473874,-0.11258 51.473874", "From Normandy Road, Stockwell to Normandy Road, Stockwell"
"LINESTRING (-0.117661 51.482678,-0.11258 51.473874", "From Ashmole Estate, Oval to Normandy Road, Stockwell"
"LINESTRING (-0.124469 51.485917,-0.11258 51.473874", "From Vauxhall Cross, Vauxhall to Normandy Road, Stockwell"
"LINESTRING (-0.110683 51.484788,-0.11258 51.473874", "From Kennington Road Post Office, Oval to Normandy Road, Stockwell"
"LINESTRING (-0.126021 51.508103,-0.11258 51.473874", "From Craven Street, Strand to Normandy Road, Stockwell"
"LINESTRING (-0.0786 51.500647,-0.11258 51.473874", "From Tanner Street, Bermondsey to Normandy Road, Stockwell"
"LINESTRING (-0.110889 51.495718,-0.11258 51.473874", "From Kennington Road  , Vauxhall to Normandy Road, Stockwell"
"LINESTRING (-0.094524 51.500694,-0.112686 51.469217", "From Borough High Street, The Borough to Wynne Road, Stockwell"
"LINESTRING (-0.112686 51.469217,-0.112686 51.469217", "From Wynne Road, Stockwell to Wynne Road, Stockwell"
"LINESTRING (-0.113179 51.466232,-0.112686 51.469217", "From St John's Crescent, Brixton to Wynne Road, Stockwell"
"LINESTRING (-0.14177 51.479501,-0.112686 51.469217", "From Battersea Park Road, Nine Elms to Wynne Road, Stockwell"
"LINESTRING (-0.086685 51.517075,-0.112686 51.469217", "From Finsbury Circus, Liverpool Street to Wynne Road, Stockwell"
"LINESTRING (-0.073537 51.514233,-0.112686 51.469217", "From Braham Street, Aldgate to Wynne Road, Stockwell"
"LINESTRING (-0.111014 51.493686,-0.119022 51.469202", "From Walnut Tree Walk, Vauxhall to Sidney Road, Stockwell"
"LINESTRING (-0.118256 51.47659,-0.119022 51.469202", "From Albert Square, Stockwell to Sidney Road, Stockwell"
"LINESTRING (-0.122492 51.486343,-0.119022 51.469202", "From Kennington Lane Rail Bridge, Vauxhall to Sidney Road, Stockwell"
"LINESTRING (-0.105344 51.515059,-0.119022 51.469202", "From St. Bride Street, Holborn to Sidney Road, Stockwell"
"LINESTRING (-0.153233 51.490959,-0.119022 51.469202", "From Bourne Street, Belgravia to Sidney Road, Stockwell"
"LINESTRING (-0.138212 51.481335,-0.119022 51.469202", "From Riverlight South, Nine Elms to Sidney Road, Stockwell"
"LINESTRING (-0.16716 51.47518,-0.119022 51.469202", "From Surrey Lane, Battersea to Sidney Road, Stockwell"
"LINESTRING (-0.10454 51.505461,-0.119022 51.469202", "From Blackfriars Road, Southwark to Sidney Road, Stockwell"
"LINESTRING (-0.085634 51.520962,-0.119022 51.469202", "From Finsbury Square , Moorgate to Sidney Road, Stockwell"
"LINESTRING (-0.137424 51.498865,-0.119022 51.469202", "From Buckingham Gate, Westminster to Sidney Road, Stockwell"
"LINESTRING (-0.15213 51.470475,-0.119022 51.469202", "From Stanley Grove, Battersea to Sidney Road, Stockwell"
"LINESTRING (-0.138212 51.481335,-0.119022 51.469202", "From Riverlight South, Nine Elms to Sidney Road, Stockwell"
"LINESTRING (-0.132102 51.498125,-0.119022 51.469202", "From Abbey Orchard Street, Westminster to Sidney Road, Stockwell"
"LINESTRING (-0.153233 51.490959,-0.119022 51.469202", "From Bourne Street, Belgravia to Sidney Road, Stockwell"
"LINESTRING (-0.122831 51.472509,-0.119022 51.469202", "From Binfield Road, Stockwell to Sidney Road, Stockwell"
"LINESTRING (-0.156876 51.49313,-0.119022 51.469202", "From Sedding Street, Sloane Square to Sidney Road, Stockwell"
"LINESTRING (-0.110889 51.495718,-0.113179 51.466232", "From Kennington Road  , Vauxhall to St John's Crescent, Brixton"
"LINESTRING (-0.140947 51.49616,-0.113179 51.466232", "From Ashley Place, Victoria to St John's Crescent, Brixton"
"LINESTRING (-0.111471 51.479601,-0.113179 51.466232", "From Cranmer Road, Stockwell to St John's Crescent, Brixton"
"LINESTRING (-0.170703 51.470847,-0.113179 51.466232", "From Simpson Street, Clapham Junction to St John's Crescent, Brixton"
"LINESTRING (-0.111471 51.479601,-0.113179 51.466232", "From Cranmer Road, Stockwell to St John's Crescent, Brixton"
"LINESTRING (-0.101384 51.49652,-0.113179 51.466232", "From Ontario Street, Elephant & Castle to St John's Crescent, Brixton"
"LINESTRING (-0.124642 51.481747,-0.113179 51.466232", "From South Lambeth Road, Vauxhall to St John's Crescent, Brixton"
"LINESTRING (-0.141423 51.514499,-0.113179 51.466232", "From Little Argyll Street, West End to St John's Crescent, Brixton"
"LINESTRING (-0.09315 51.53356,-0.113179 51.466232", "From Eagle Wharf Road, Hoxton to St John's Crescent, Brixton"
"LINESTRING (-0.133972 51.472993,-0.113179 51.466232", "From Union Grove, Wandsworth Road to St John's Crescent, Brixton"
"LINESTRING (-0.12335 51.51746,-0.113179 51.466232", "From Bury Place, Holborn to St John's Crescent, Brixton"
"LINESTRING (-0.093051 51.511246,-0.113179 51.466232", "From Queen Street 2, Bank to St John's Crescent, Brixton"
"LINESTRING (-0.136123 51.482362,-0.115781 51.464019", "From Riverlight North, Nine Elms to Ferndale Road, Brixton"
"LINESTRING (-0.139625 51.490962,-0.115781 51.464019", "From Gloucester Street, Pimlico to Ferndale Road, Brixton"
"LINESTRING (-0.168292 51.462392,-0.115781 51.464019", "From St. John's Road, Clapham Junction to Ferndale Road, Brixton"
"LINESTRING (-0.091938 51.492807,-0.115781 51.464019", "From Victory Place, Walworth to Ferndale Road, Brixton"
"LINESTRING (-0.124678 51.51908,-0.115781 51.464019", "From British Museum, Bloomsbury to Ferndale Road, Brixton"
"LINESTRING (-0.126874 51.47787,-0.115781 51.464019", "From Hartington Road, Stockwell to Ferndale Road, Brixton"
"LINESTRING (-0.147857 51.477966,-0.115781 51.464019", "From Gas Holders, Battersea Park to Ferndale Road, Brixton"
"LINESTRING (-0.192369 51.491593,-0.115781 51.464019", "From Penywern Road, Earl's Court to Ferndale Road, Brixton"
"LINESTRING (-0.098031 51.505224,-0.115781 51.464019", "From Lavington Street, Bankside to Ferndale Road, Brixton"
"LINESTRING (-0.14177 51.479501,-0.115781 51.464019", "From Battersea Park Road, Nine Elms to Ferndale Road, Brixton"
"LINESTRING (-0.130908 51.464995,-0.115781 51.464019", "From Gauden Road, Clapham to Ferndale Road, Brixton"
"LINESTRING (-0.159322 51.461343,-0.115781 51.464019", "From Clapham Common North Side, Clapham Common to Ferndale Road, Brixton"
"LINESTRING (-0.147804 51.461376,-0.115781 51.464019", "From Victoria Rise, Clapham Common to Ferndale Road, Brixton"
"LINESTRING (-0.08497 51.50964,-0.115781 51.464019", "From Monument Street, Monument to Ferndale Road, Brixton"
"LINESTRING (-0.130908 51.464995,-0.115781 51.464019", "From Gauden Road, Clapham to Ferndale Road, Brixton"
"LINESTRING (-0.16716 51.47518,-0.115781 51.464019", "From Surrey Lane, Battersea to Ferndale Road, Brixton"
"LINESTRING (-0.122492 51.486343,-0.115781 51.464019", "From Kennington Lane Rail Bridge, Vauxhall to Ferndale Road, Brixton"
"LINESTRING (-0.208888 51.5212,-0.115781 51.464019", "From Bevington Road West, North Kensington to Ferndale Road, Brixton"
"LINESTRING (-0.163041 51.470538,-0.115781 51.464019", "From Sheepcote Lane, Battersea to Ferndale Road, Brixton"
"LINESTRING (-0.132102 51.472918,-0.115781 51.464019", "From Courland Grove, Wandsworth Road to Ferndale Road, Brixton"
"LINESTRING (-0.122492 51.486343,-0.115781 51.464019", "From Kennington Lane Rail Bridge, Vauxhall to Ferndale Road, Brixton"
"LINESTRING (-0.096191 51.498597,-0.115781 51.464019", "From Harper Road, The Borough to Ferndale Road, Brixton"
"LINESTRING (-0.124642 51.481747,-0.115781 51.464019", "From South Lambeth Road, Vauxhall to Ferndale Road, Brixton"
"LINESTRING (-0.147857 51.477966,-0.115375 51.460232", "From Gas Holders, Battersea Park to Saltoun Road, Brixton"
"LINESTRING (-0.122831 51.472509,-0.115375 51.460232", "From Binfield Road, Stockwell to Saltoun Road, Brixton"
"LINESTRING (-0.152248 51.467185,-0.115375 51.460232", "From Ashley Crescent, Battersea to Saltoun Road, Brixton"
"LINESTRING (-0.111471 51.479601,-0.115375 51.460232", "From Cranmer Road, Stockwell to Saltoun Road, Brixton"
"LINESTRING (-0.074284 51.539328,-0.115375 51.460232", "From Haggerston Road, Haggerston to Saltoun Road, Brixton"
"LINESTRING (-0.152248 51.467185,-0.115375 51.460232", "From Ashley Crescent, Battersea to Saltoun Road, Brixton"
"LINESTRING (-0.117661 51.482678,-0.115375 51.460232", "From Ashmole Estate, Oval to Saltoun Road, Brixton"
"LINESTRING (-0.150817 51.505426,-0.115375 51.460232", "From Park Lane, Mayfair to Saltoun Road, Brixton"
"LINESTRING (-0.111471 51.479601,-0.115375 51.460232", "From Cranmer Road, Stockwell to Saltoun Road, Brixton"
"LINESTRING (-0.150817 51.505426,-0.115375 51.460232", "From Park Lane, Mayfair to Saltoun Road, Brixton"
"LINESTRING (-0.10044 51.498898,-0.115375 51.460232", "From Borough Road, Elephant & Castle to Saltoun Road, Brixton"
"LINESTRING (-0.170194 51.489716,-0.115375 51.460232", "From St. Luke's Church, Chelsea to Saltoun Road, Brixton"
"LINESTRING (-0.115781 51.464019,-0.115375 51.460232", "From Ferndale Road, Brixton to Saltoun Road, Brixton"
"LINESTRING (-0.132102 51.498125,-0.115375 51.460232", "From Abbey Orchard Street, Westminster to Saltoun Road, Brixton"
"LINESTRING (-0.115375 51.460232,-0.115375 51.460232", "From Saltoun Road, Brixton to Saltoun Road, Brixton"
"LINESTRING (-0.139956 51.493573,-0.115375 51.460232", "From Queen Mother Sports Centre, Victoria to Saltoun Road, Brixton"
"LINESTRING (-0.139221 51.461388,-0.115375 51.460232", "From Clapham Common Station, Clapham Common to Saltoun Road, Brixton"
"LINESTRING (-0.168292 51.462392,-0.115375 51.460232", "From St. John's Road, Clapham Junction to Saltoun Road, Brixton"
"LINESTRING (-0.167029 51.460333,-0.115375 51.460232", "From Abyssinia Close, Clapham Junction to Saltoun Road, Brixton"
"LINESTRING (-0.149035 51.481121,-0.115375 51.460232", "From Sopwith Way, Battersea Park to Saltoun Road, Brixton"
"LINESTRING (-0.122831 51.472509,-0.115375 51.460232", "From Binfield Road, Stockwell to Saltoun Road, Brixton"
"LINESTRING (-0.150908 51.47505,-0.115375 51.460232", "From Alfreda Street, Battersea Park to Saltoun Road, Brixton"
"LINESTRING (-0.17021 51.474535,-0.147857 51.477966", "From Orbel Street, Battersea to Gas Holders, Battersea Park"
"LINESTRING (-0.192369 51.491593,-0.147857 51.477966", "From Penywern Road, Earl's Court to Gas Holders, Battersea Park"
"LINESTRING (-0.149035 51.481121,-0.147857 51.477966", "From Sopwith Way, Battersea Park to Gas Holders, Battersea Park"
"LINESTRING (-0.170703 51.470847,-0.147857 51.477966", "From Simpson Street, Clapham Junction to Gas Holders, Battersea Park"
"LINESTRING (-0.16375 51.465064,-0.147857 51.477966", "From Dorothy Road, Clapham Junction to Gas Holders, Battersea Park"
"LINESTRING (-0.152248 51.467185,-0.147857 51.477966", "From Ashley Crescent, Battersea to Gas Holders, Battersea Park"
"LINESTRING (-0.169821 51.466633,-0.147857 51.477966", "From Falcon Road, Clapham Junction to Gas Holders, Battersea Park"
"LINESTRING (-0.167894 51.493184,-0.147857 51.477966", "From Sloane Avenue, Knightsbridge to Gas Holders, Battersea Park"
"LINESTRING (-0.214428 51.486062,-0.147857 51.477966", "From Greyhound Road, Hammersmith to Gas Holders, Battersea Park"
"LINESTRING (-0.162727 51.489932,-0.147857 51.477966", "From Royal Avenue 1, Chelsea to Gas Holders, Battersea Park"
"LINESTRING (-0.129925 51.493072,-0.147857 51.477966", "From Vincent Street, Pimlico to Gas Holders, Battersea Park"
"LINESTRING (-0.170703 51.470847,-0.147857 51.477966", "From Simpson Street, Clapham Junction to Gas Holders, Battersea Park"
"LINESTRING (-0.137235 51.473116,-0.147857 51.477966", "From Stewart's Road, Wandsworth Road to Gas Holders, Battersea Park"
"LINESTRING (-0.138212 51.481335,-0.147857 51.477966", "From Riverlight South, Nine Elms to Gas Holders, Battersea Park"
"LINESTRING (-0.162418 51.490083,-0.147857 51.477966", "From Royal Avenue 2, Chelsea to Gas Holders, Battersea Park"
"LINESTRING (-0.127575 51.495805,-0.147857 51.477966", "From Smith Square, Westminster to Gas Holders, Battersea Park"
"LINESTRING (-0.174485 51.469161,-0.147857 51.477966", "From Fawcett Close, Battersea to Gas Holders, Battersea Park"
"LINESTRING (-0.163347 51.474392,-0.147857 51.477966", "From Albert Bridge Road, Battersea Park to Gas Holders, Battersea Park"
"LINESTRING (-0.164786 51.477292,-0.147857 51.477966", "From Ethelburga Estate, Battersea Park to Gas Holders, Battersea Park"
"LINESTRING (-0.172078 51.482567,-0.147857 51.477966", "From Danvers Street, West Chelsea to Gas Holders, Battersea Park"
"LINESTRING (-0.152248 51.467185,-0.147857 51.477966", "From Ashley Crescent, Battersea to Gas Holders, Battersea Park"
"LINESTRING (-0.163347 51.474392,-0.147857 51.477966", "From Albert Bridge Road, Battersea Park to Gas Holders, Battersea Park"
"LINESTRING (-0.082422 51.516154,-0.147857 51.477966", "From Wormwood Street, Liverpool Street to Gas Holders, Battersea Park"
"LINESTRING (-0.197609 51.483911,-0.147857 51.477966", "From Halford Road, West Kensington to Gas Holders, Battersea Park"
"LINESTRING (-0.193068 51.500397,-0.147857 51.477966", "From Wright's Lane, Kensington to Gas Holders, Battersea Park"
"LINESTRING (-0.06691 51.507131,-0.147857 51.477966", "From Nesham Street, Wapping to Gas Holders, Battersea Park"
"LINESTRING (-0.180389 51.46517,-0.147857 51.477966", "From Hibbert Street, Battersea to Gas Holders, Battersea Park"
"LINESTRING (-0.115375 51.460232,-0.147857 51.477966", "From Saltoun Road, Brixton to Gas Holders, Battersea Park"
"LINESTRING (-0.129925 51.493072,-0.147857 51.477966", "From Vincent Street, Pimlico to Gas Holders, Battersea Park"
"LINESTRING (-0.163347 51.474392,-0.147857 51.477966", "From Albert Bridge Road, Battersea Park to Gas Holders, Battersea Park"
"LINESTRING (-0.152248 51.467185,-0.147857 51.477966", "From Ashley Crescent, Battersea to Gas Holders, Battersea Park"
"LINESTRING (-0.190346 51.46822,-0.147857 51.477966", "From Stephendale Road, Sands End to Gas Holders, Battersea Park"
"LINESTRING (-0.140741 51.488057,-0.147857 51.477966", "From Alderney Street, Pimlico to Gas Holders, Battersea Park"
"LINESTRING (-0.166878 51.488023,-0.147857 51.477966", "From Flood Street, Chelsea to Gas Holders, Battersea Park"
"LINESTRING (-0.154907 51.522481,-0.147857 51.477966", "From Westminster University, Marylebone to Gas Holders, Battersea Park"
"LINESTRING (-0.138089 51.484839,-0.147857 51.477966", "From Claverton Street, Pimlico to Gas Holders, Battersea Park"
"LINESTRING (-0.183853 51.480898,-0.147857 51.477966", "From Thorndike Close, West Chelsea to Gas Holders, Battersea Park"
"LINESTRING (-0.170329 51.477684,-0.147857 51.477966", "From Westbridge Road, Battersea to Gas Holders, Battersea Park"
"LINESTRING (-0.142943 51.496863,-0.147857 51.477966", "From Allington Street, Victoria to Gas Holders, Battersea Park"
"LINESTRING (-0.163347 51.474392,-0.147857 51.477966", "From Albert Bridge Road, Battersea Park to Gas Holders, Battersea Park"
"LINESTRING (-0.09294 51.511553,-0.147857 51.477966", "From Queen Street 1, Bank to Gas Holders, Battersea Park"
"LINESTRING (-0.129925 51.493072,-0.147857 51.477966", "From Vincent Street, Pimlico to Gas Holders, Battersea Park"
"LINESTRING (-0.141923 51.489856,-0.147857 51.477966", "From Warwick Square, Pimlico to Gas Holders, Battersea Park"
"LINESTRING (-0.113001 51.50486,-0.147857 51.477966", "From Waterloo Road, South Bank to Gas Holders, Battersea Park"
"LINESTRING (-0.149035 51.481121,-0.147857 51.477966", "From Sopwith Way, Battersea Park to Gas Holders, Battersea Park"
"LINESTRING (-0.123823 51.501513,-0.147857 51.477966", "From Westminster Pier, Westminster to Gas Holders, Battersea Park"
"LINESTRING (-0.173715 51.491211,-0.147857 51.477966", "From Sumner Place, South Kensington to Gas Holders, Battersea Park"
"LINESTRING (-0.12367 51.471433,-0.147857 51.477966", "From Clapham Road, Lingham Street, Stockwell to Gas Holders, Battersea Park"
"LINESTRING (-0.141334 51.492345,-0.147857 51.477966", "From Guildhouse Street, Victoria to Gas Holders, Battersea Park"
"LINESTRING (-0.085814 51.495061,-0.147857 51.477966", "From Bricklayers Arms, Borough to Gas Holders, Battersea Park"
"LINESTRING (-0.148105 51.514759,-0.147857 51.477966", "From Marylebone Lane, Marylebone to Gas Holders, Battersea Park"
"LINESTRING (-0.140741 51.488057,-0.147857 51.477966", "From Alderney Street, Pimlico to Gas Holders, Battersea Park"
"LINESTRING (-0.163347 51.474392,-0.147857 51.477966", "From Albert Bridge Road, Battersea Park to Gas Holders, Battersea Park"
"LINESTRING (-0.161203 51.496886,-0.147857 51.477966", "From Pont Street, Knightsbridge to Gas Holders, Battersea Park"
"LINESTRING (-0.115375 51.460232,-0.147857 51.477966", "From Saltoun Road, Brixton to Gas Holders, Battersea Park"
"LINESTRING (-0.126874 51.47787,-0.147857 51.477966", "From Hartington Road, Stockwell to Gas Holders, Battersea Park"
"LINESTRING (-0.15785 51.471095,-0.147857 51.477966", "From Culvert Road, Battersea to Gas Holders, Battersea Park"
"LINESTRING (-0.137235 51.473116,-0.147857 51.477966", "From Stewart's Road, Wandsworth Road to Gas Holders, Battersea Park"
"LINESTRING (-0.126021 51.508103,-0.147857 51.477966", "From Craven Street, Strand to Gas Holders, Battersea Park"
"LINESTRING (-0.118256 51.47659,-0.147857 51.477966", "From Albert Square, Stockwell to Gas Holders, Battersea Park"
"LINESTRING (-0.178732 51.493967,-0.147857 51.477966", "From Queen's Gate (Central), South Kensington to Gas Holders, Battersea Park"
"LINESTRING (-0.134621 51.507424,-0.147857 51.477966", "From St. James's Square, St. James's to Gas Holders, Battersea Park"
"LINESTRING (-0.138089 51.484839,-0.147857 51.477966", "From Claverton Street, Pimlico to Gas Holders, Battersea Park"
"LINESTRING (-0.119643 51.511756,-0.147857 51.477966", "From Wellington Street , Strand to Gas Holders, Battersea Park"
"LINESTRING (-0.180884 51.459225,-0.147857 51.477966", "From Spanish Road, Clapham Junction to Gas Holders, Battersea Park"
"LINESTRING (-0.182126 51.463489,-0.147857 51.477966", "From Usk Road, Clapham Junction to Gas Holders, Battersea Park"
"LINESTRING (-0.156876 51.49313,-0.147857 51.477966", "From Sedding Street, Sloane Square to Gas Holders, Battersea Park"
"LINESTRING (-0.193487 51.513735,-0.147857 51.477966", "From Hereford Road, Bayswater to Gas Holders, Battersea Park"
"LINESTRING (-0.183853 51.480898,-0.147857 51.477966", "From Thorndike Close, West Chelsea to Gas Holders, Battersea Park"
"LINESTRING (-0.183853 51.480898,-0.147857 51.477966", "From Thorndike Close, West Chelsea to Gas Holders, Battersea Park"
"LINESTRING (-0.18119 51.485587,-0.147857 51.477966", "From Limerston Street, West Chelsea to Gas Holders, Battersea Park"
"LINESTRING (-0.145246 51.539957,-0.104947 51.516785", "From Arlington Road, Camden Town to Farringdon Street, Holborn"
"LINESTRING (-0.100292 51.501732,-0.104947 51.516785", "From Great Suffolk Street, The Borough to Farringdon Street, Holborn"
"LINESTRING (-0.02163 51.540311,-0.104947 51.516785", "From Monier Road, Hackney Wick to Farringdon Street, Holborn"
"LINESTRING (-0.183486 51.529857,-0.104947 51.516785", "From Maida Vale, Maida Vale to Farringdon Street, Holborn"
"LINESTRING (-0.089659 51.52548,-0.104947 51.516785", "From Old Street Station, St. Luke's to Farringdon Street, Holborn"
"LINESTRING (-0.112824 51.503791,-0.104947 51.516785", "From Waterloo Station 3, Waterloo to Farringdon Street, Holborn"
"LINESTRING (-0.123616 51.529943,-0.104947 51.516785", "From Belgrove Street , King's Cross to Farringdon Street, Holborn"
"LINESTRING (-0.112824 51.503791,-0.104947 51.516785", "From Waterloo Station 3, Waterloo to Farringdon Street, Holborn"
"LINESTRING (-0.119022 51.469202,-0.104947 51.516785", "From Sidney Road, Stockwell to Farringdon Street, Holborn"
"LINESTRING (-0.165668 51.524561,-0.104947 51.516785", "From Broadley Terrace, Marylebone to Farringdon Street, Holborn"
"LINESTRING (-0.100186 51.505817,-0.104947 51.516785", "From Bankside Mix, Bankside to Farringdon Street, Holborn"
"LINESTRING (-0.113864 51.504027,-0.104947 51.516785", "From Waterloo Station 1, Waterloo to Farringdon Street, Holborn"
"LINESTRING (-0.111606 51.505569,-0.104947 51.516785", "From Stamford Street, South Bank to Farringdon Street, Holborn"
"LINESTRING (-0.161765 51.487964,-0.104947 51.516785", "From Ormonde Gate, Chelsea to Farringdon Street, Holborn"
"LINESTRING (-0.088285 51.519069,-0.104947 51.516785", "From Moorfields, Moorgate to Farringdon Street, Holborn"
"LINESTRING (-0.10044 51.498898,-0.104947 51.516785", "From Borough Road, Elephant & Castle to Farringdon Street, Holborn"
"LINESTRING (-0.111781 51.533319,-0.104947 51.516785", "From Risinghill Street, Angel to Farringdon Street, Holborn"
"LINESTRING (-0.068981 51.498585,-0.104947 51.516785", "From George Row, Bermondsey to Farringdon Street, Holborn"
"LINESTRING (-0.101026 51.528246,-0.104947 51.516785", "From Goswell Road (City Uni), Finsbury to Farringdon Street, Holborn"
"LINESTRING (-0.113864 51.504027,-0.104947 51.516785", "From Waterloo Station 1, Waterloo to Farringdon Street, Holborn"
"LINESTRING (-0.099981 51.532661,-0.104947 51.516785", "From Graham Street, Angel to Farringdon Street, Holborn"
"LINESTRING (-0.027581 51.526578,-0.104947 51.516785", "From Merchant Street, Bow to Farringdon Street, Holborn"
"LINESTRING (-0.104947 51.516785,-0.104947 51.516785", "From Farringdon Street, Holborn to Farringdon Street, Holborn"
"LINESTRING (-0.097122 51.529423,-0.104947 51.516785", "From Macclesfield Rd, St Lukes to Farringdon Street, Holborn"
"LINESTRING (-0.096317 51.526008,-0.104947 51.516785", "From Finsbury Leisure Centre, St. Luke's to Farringdon Street, Holborn"
"LINESTRING (-0.069542 51.512363,-0.104947 51.516785", "From Leman Street, Aldgate to Farringdon Street, Holborn"
"LINESTRING (-0.109025 51.534408,-0.104947 51.516785", "From Cloudesley Road, Angel to Farringdon Street, Holborn"
"LINESTRING (-0.102757 51.536384,-0.104947 51.516785", "From Islington Green, Angel to Farringdon Street, Holborn"
"LINESTRING (-0.15352 51.503117,-0.104947 51.516785", "From Hyde Park Corner, Hyde Park to Farringdon Street, Holborn"
"LINESTRING (-0.097122 51.529423,-0.104947 51.516785", "From Macclesfield Rd, St Lukes to Farringdon Street, Holborn"
"LINESTRING (-0.083935 51.520009,-0.104947 51.516785", "From Sun Street, Liverpool Street to Farringdon Street, Holborn"
"LINESTRING (-0.113426 51.503919,-0.104947 51.516785", "From Waterloo Station 2, Waterloo to Farringdon Street, Holborn"
"LINESTRING (-0.148105 51.514759,-0.104947 51.516785", "From Marylebone Lane, Marylebone to Farringdon Street, Holborn"
"LINESTRING (-0.124807 51.53724,-0.125441 51.541596", "From Handyside Street, King's Cross to York Way, Kings Cross"
"LINESTRING (-0.130504 51.526838,-0.125441 51.541596", "From Endsleigh Gardens, Euston to York Way, Kings Cross"
"LINESTRING (-0.097122 51.529423,-0.125441 51.541596", "From Macclesfield Rd, St Lukes to York Way, Kings Cross"
"LINESTRING (-0.099489 51.524868,-0.125441 51.541596", "From Sadlers Sports Centre, Finsbury to York Way, Kings Cross"
"LINESTRING (-0.094475 51.521747,-0.125441 51.541596", "From Golden Lane, Barbican to York Way, Kings Cross"
"LINESTRING (-0.109256 51.526443,-0.125441 51.541596", "From Tysoe Street, Clerkenwell to York Way, Kings Cross"
"LINESTRING (-0.137043 51.511897,-0.125441 51.541596", "From Golden Square, Soho to York Way, Kings Cross"
"LINESTRING (-0.123179 51.506543,-0.125441 51.541596", "From Whitehall Place, Strand to York Way, Kings Cross"
"LINESTRING (-0.122502 51.523951,-0.125441 51.541596", "From Brunswick Square, Bloomsbury to York Way, Kings Cross"
"LINESTRING (-0.089659 51.52548,-0.125441 51.541596", "From Old Street Station, St. Luke's to York Way, Kings Cross"
"LINESTRING (-0.11934 51.531066,-0.125441 51.541596", "From Northdown Street, King's Cross to York Way, Kings Cross"
"LINESTRING (-0.123509 51.52625,-0.125441 51.541596", "From Tavistock Place, Bloomsbury to York Way, Kings Cross"
"LINESTRING (-0.17977 51.51348,-0.125441 51.541596", "From Devonshire Terrace, Bayswater to York Way, Kings Cross"
"LINESTRING (-0.124749 51.509462,-0.125441 51.541596", "From William IV Street, Strand to York Way, Kings Cross"
"LINESTRING (-0.062546 51.535678,-0.125441 51.541596", "From Regent's Row , Haggerston to York Way, Kings Cross"
"LINESTRING (-0.084439 51.524696,-0.125441 51.541596", "From Leonard Circus , Shoreditch to York Way, Kings Cross"
"LINESTRING (-0.125078 51.534667,-0.125441 51.541596", "From Good's Way, King's Cross to York Way, Kings Cross"
"LINESTRING (-0.125078 51.534667,-0.125441 51.541596", "From Good's Way, King's Cross to York Way, Kings Cross"
"LINESTRING (-0.125979 51.526357,-0.125441 51.541596", "From Cartwright Gardens , Bloomsbury to York Way, Kings Cross"
"LINESTRING (-0.112824 51.503791,-0.125441 51.541596", "From Waterloo Station 3, Waterloo to York Way, Kings Cross"
"LINESTRING (-0.125441 51.541596,-0.125441 51.541596", "From York Way, Kings Cross to York Way, Kings Cross"
"LINESTRING (-0.122203 51.534474,-0.125441 51.541596", "From Crinan Street, King's Cross to York Way, Kings Cross"
"LINESTRING (-0.125078 51.534667,-0.125441 51.541596", "From Good's Way, King's Cross to York Way, Kings Cross"
"LINESTRING (-0.08249 51.53558,-0.125441 51.541596", "From Pitfield Street North,Hoxton to York Way, Kings Cross"
"LINESTRING (-0.065076 51.52388,-0.091401 51.518093", "From Cheshire Street, Bethnal Green to Fore Street Avenue, Guildhall"
"LINESTRING (-0.058641 51.515256,-0.091401 51.518093", "From Philpot Street, Whitechapel to Fore Street Avenue, Guildhall"
"LINESTRING (-0.026768 51.520398,-0.091401 51.518093", "From Ackroyd Drive, Bow to Fore Street Avenue, Guildhall"
"LINESTRING (-0.162298 51.522511,-0.091401 51.518093", "From Boston Place, Marylebone to Fore Street Avenue, Guildhall"
"LINESTRING (-0.078505 51.53095,-0.091401 51.518093", "From Falkirk Street, Hoxton to Fore Street Avenue, Guildhall"
"LINESTRING (-0.026768 51.520398,-0.091401 51.518093", "From Ackroyd Drive, Bow to Fore Street Avenue, Guildhall"
"LINESTRING (-0.070542 51.505697,-0.091401 51.518093", "From St. Katharine's Way, Tower to Fore Street Avenue, Guildhall"
"LINESTRING (-0.057544 51.504749,-0.091401 51.518093", "From Wapping Lane, Wapping to Fore Street Avenue, Guildhall"
"LINESTRING (-0.054162 51.536424,-0.091401 51.518093", "From Victoria Park Road, Hackney Central to Fore Street Avenue, Guildhall"
"LINESTRING (-0.100168 51.530344,-0.091401 51.518093", "From City Road, Angel to Fore Street Avenue, Guildhall"
"LINESTRING (-0.063531 51.504719,-0.091401 51.518093", "From Hermitage Court, Wapping to Fore Street Avenue, Guildhall"
"LINESTRING (-0.09734 51.520841,-0.091401 51.518093", "From Aldersgate Street, Barbican to Fore Street Avenue, Guildhall"
"LINESTRING (-0.097441 51.511961,-0.091401 51.518093", "From Queen Victoria Street, St. Paul's to Fore Street Avenue, Guildhall"
"LINESTRING (-0.130431 51.52168,-0.091401 51.518093", "From Malet Street, Bloomsbury to Fore Street Avenue, Guildhall"
"LINESTRING (-0.063531 51.504719,-0.091401 51.518093", "From Hermitage Court, Wapping to Fore Street Avenue, Guildhall"
"LINESTRING (-0.112824 51.503791,-0.091401 51.518093", "From Waterloo Station 3, Waterloo to Fore Street Avenue, Guildhall"
"LINESTRING (-0.093421 51.529154,-0.091401 51.518093", "From Windsor Terrace, Hoxton to Fore Street Avenue, Guildhall"
"LINESTRING (-0.110699 51.501444,-0.091401 51.518093", "From Baylis Road, Waterloo to Fore Street Avenue, Guildhall"
"LINESTRING (-0.121723 51.510701,-0.091401 51.518093", "From Southampton Street, Strand to Fore Street Avenue, Guildhall"
"LINESTRING (-0.090847 51.525893,-0.091401 51.518093", "From Bath Street, St. Luke's to Fore Street Avenue, Guildhall"
"LINESTRING (-0.110699 51.501444,-0.106823 51.508033", "From Baylis Road, Waterloo to Sea Containers, South Bank"
"LINESTRING (-0.117974 51.494881,-0.106823 51.508033", "From Lambeth Road, Vauxhall to Sea Containers, South Bank"
"LINESTRING (-0.10834 51.52352,-0.106823 51.508033", "From Farringdon Lane, Clerkenwell to Sea Containers, South Bank"
"LINESTRING (-0.116625 51.486965,-0.106823 51.508033", "From Vauxhall Street, Vauxhall to Sea Containers, South Bank"
"LINESTRING (-0.132328 51.515631,-0.106823 51.508033", "From Soho Square , Soho to Sea Containers, South Bank"
"LINESTRING (-0.124469 51.485917,-0.106823 51.508033", "From Vauxhall Cross, Vauxhall to Sea Containers, South Bank"
"LINESTRING (-0.082422 51.516154,-0.106823 51.508033", "From Wormwood Street, Liverpool Street to Sea Containers, South Bank"
"LINESTRING (-0.089887 51.520858,-0.106823 51.508033", "From Bunhill Row, Moorgate to Sea Containers, South Bank"
"LINESTRING (-0.117974 51.494881,-0.106823 51.508033", "From Lambeth Road, Vauxhall to Sea Containers, South Bank"
"LINESTRING (-0.105312 51.504043,-0.106823 51.508033", "From Southwark Station 1, Southwark to Sea Containers, South Bank"
"LINESTRING (-0.074704 51.500845,-0.106823 51.508033", "From Tower Wharf, Bermondsey to Sea Containers, South Bank"
"LINESTRING (-0.133972 51.472993,-0.106823 51.508033", "From Union Grove, Wandsworth Road to Sea Containers, South Bank"
"LINESTRING (-0.082422 51.516154,-0.106823 51.508033", "From Wormwood Street, Liverpool Street to Sea Containers, South Bank"
"LINESTRING (-0.082422 51.516154,-0.106823 51.508033", "From Wormwood Street, Liverpool Street to Sea Containers, South Bank"
"LINESTRING (-0.170703 51.470847,-0.106823 51.508033", "From Simpson Street, Clapham Junction to Sea Containers, South Bank"
"LINESTRING (-0.074754 51.523648,-0.106823 51.508033", "From Bethnal Green Road, Shoreditch to Sea Containers, South Bank"
"LINESTRING (-0.102996 51.486929,-0.106823 51.508033", "From Doddington Grove, Kennington to Sea Containers, South Bank"
"LINESTRING (-0.063471 51.497995,-0.106823 51.508033", "From Bermondsey Station, Bermondsey to Sea Containers, South Bank"
"LINESTRING (-0.116625 51.486965,-0.106823 51.508033", "From Vauxhall Street, Vauxhall to Sea Containers, South Bank"
"LINESTRING (-0.125674 51.491884,-0.106823 51.508033", "From Millbank Tower, Pimlico to Sea Containers, South Bank"
"LINESTRING (-0.16375 51.465064,-0.106823 51.508033", "From Dorothy Road, Clapham Junction to Sea Containers, South Bank"
"LINESTRING (-0.105312 51.504043,-0.106823 51.508033", "From Southwark Station 1, Southwark to Sea Containers, South Bank"
"LINESTRING (-0.141423 51.514499,-0.106823 51.508033", "From Little Argyll Street, West End to Sea Containers, South Bank"
"LINESTRING (-0.107349 51.511891,-0.106823 51.508033", "From Tallis Street, Temple to Sea Containers, South Bank"
"LINESTRING (-0.025296 51.527058,-0.106823 51.508033", "From Bow Road Station, Bow to Sea Containers, South Bank"
"LINESTRING (-0.130458 51.494816,-0.106823 51.508033", "From Horseferry Road, Westminster to Sea Containers, South Bank"
"LINESTRING (-0.117974 51.494881,-0.106823 51.508033", "From Lambeth Road, Vauxhall to Sea Containers, South Bank"
"LINESTRING (-0.068161 51.509786,-0.106823 51.508033", "From Dock Street, Wapping to Sea Containers, South Bank"
"LINESTRING (-0.106823 51.508033,-0.106823 51.508033", "From Sea Containers, South Bank to Sea Containers, South Bank"
"LINESTRING (-0.086685 51.517075,-0.106823 51.508033", "From Finsbury Circus, Liverpool Street to Sea Containers, South Bank"
"LINESTRING (-0.187842 51.509908,-0.106823 51.508033", "From Black Lion Gate, Kensington Gardens to Sea Containers, South Bank"
"LINESTRING (-0.101384 51.49652,-0.106823 51.508033", "From Ontario Street, Elephant & Castle to Sea Containers, South Bank"
"LINESTRING (-0.077121 51.511594,-0.106823 51.508033", "From Crosswall, Tower to Sea Containers, South Bank"
"LINESTRING (-0.107349 51.511891,-0.106823 51.508033", "From Tallis Street, Temple to Sea Containers, South Bank"
"LINESTRING (-0.082422 51.516154,-0.106823 51.508033", "From Wormwood Street, Liverpool Street to Sea Containers, South Bank"
"LINESTRING (-0.105312 51.504043,-0.106823 51.508033", "From Southwark Station 1, Southwark to Sea Containers, South Bank"
"LINESTRING (-0.18267 51.494185,-0.106823 51.508033", "From Gloucester Road Station, South Kensington to Sea Containers, South Bank"
"LINESTRING (-0.083353 51.529537,-0.106823 51.508033", "From Fanshaw Street, Hoxton to Sea Containers, South Bank"
"LINESTRING (-0.082422 51.516154,-0.106823 51.508033", "From Wormwood Street, Liverpool Street to Sea Containers, South Bank"
"LINESTRING (-0.116628 51.500089,-0.106823 51.508033", "From Lambeth Palace Road, Waterloo to Sea Containers, South Bank"
"LINESTRING (-0.13151 51.509639,-0.106823 51.508033", "From Panton Street, West End to Sea Containers, South Bank"
"LINESTRING (-0.13151 51.509639,-0.106823 51.508033", "From Panton Street, West End to Sea Containers, South Bank"
"LINESTRING (-0.116628 51.500089,-0.106823 51.508033", "From Lambeth Palace Road, Waterloo to Sea Containers, South Bank"
"LINESTRING (-0.113864 51.504027,-0.106823 51.508033", "From Waterloo Station 1, Waterloo to Sea Containers, South Bank"
"LINESTRING (-0.083632 51.502153,-0.068981 51.498585", "From Snowsfields, London Bridge to George Row, Bermondsey"
"LINESTRING (-0.077121 51.511594,-0.068981 51.498585", "From Crosswall, Tower to George Row, Bermondsey"
"LINESTRING (-0.085666 51.499075,-0.068981 51.498585", "From Long Lane , Bermondsey to George Row, Bermondsey"
"LINESTRING (-0.069542 51.512363,-0.068981 51.498585", "From Leman Street, Aldgate to George Row, Bermondsey"
"LINESTRING (-0.082422 51.516154,-0.068981 51.498585", "From Wormwood Street, Liverpool Street to George Row, Bermondsey"
"LINESTRING (-0.073537 51.514233,-0.068981 51.498585", "From Braham Street, Aldgate to George Row, Bermondsey"
"LINESTRING (-0.099489 51.524868,-0.068981 51.498585", "From Sadlers Sports Centre, Finsbury to George Row, Bermondsey"
"LINESTRING (-0.084985 51.509301,-0.068981 51.498585", "From Lower Thames Street, Monument to George Row, Bermondsey"
"LINESTRING (-0.081608 51.497855,-0.068981 51.498585", "From Bermondsey Street, Bermondsey to George Row, Bermondsey"
"LINESTRING (-0.074704 51.500845,-0.068981 51.498585", "From Tower Wharf, Bermondsey to George Row, Bermondsey"
"LINESTRING (-0.082422 51.516154,-0.068981 51.498585", "From Wormwood Street, Liverpool Street to George Row, Bermondsey"
"LINESTRING (-0.103078 51.511934,-0.068981 51.498585", "From Blackfriars Station, St. Paul's to George Row, Bermondsey"
"LINESTRING (-0.087262 51.506304,-0.068981 51.498585", "From Duke Street Hill, London Bridge to George Row, Bermondsey"
"LINESTRING (-0.091773 51.504627,-0.068981 51.498585", "From Hop Exchange, The Borough to George Row, Bermondsey"
"LINESTRING (-0.098341 51.505409,-0.068981 51.498585", "From Southwark Street, Bankside to George Row, Bermondsey"
"LINESTRING (-0.149004 51.485821,-0.068981 51.498585", "From Chelsea Bridge, Pimlico to George Row, Bermondsey"
"LINESTRING (-0.089446 51.497382,-0.068981 51.498585", "From Great Dover Street, The Borough to George Row, Bermondsey"
"LINESTRING (-0.112824 51.503791,-0.068981 51.498585", "From Waterloo Station 3, Waterloo to George Row, Bermondsey"
"LINESTRING (-0.126021 51.508103,-0.068981 51.498585", "From Craven Street, Strand to George Row, Bermondsey"
"LINESTRING (-0.145827 51.507326,-0.068981 51.498585", "From Clarges Street, Mayfair to George Row, Bermondsey"
"LINESTRING (-0.109256 51.526443,-0.068981 51.498585", "From Tysoe Street, Clerkenwell to George Row, Bermondsey"
"LINESTRING (-0.04667 51.521889,-0.068981 51.498585", "From Stepney Green Station, Stepney to George Row, Bermondsey"
"LINESTRING (-0.058631 51.524583,-0.068981 51.498585", "From Finnis Street, Bethnal Green to George Row, Bermondsey"
"LINESTRING (-0.099141 51.512484,-0.068981 51.498585", "From Godliman Street, St. Paul's to George Row, Bermondsey"
"LINESTRING (-0.08497 51.50964,-0.068981 51.498585", "From Monument Street, Monument to George Row, Bermondsey"
"LINESTRING (-0.087587 51.514441,-0.068981 51.498585", "From Bank of England Museum, Bank to George Row, Bermondsey"
"LINESTRING (-0.097441 51.511961,-0.068981 51.498585", "From Queen Victoria Street, St. Paul's to George Row, Bermondsey"
"LINESTRING (-0.07962 51.503493,-0.068981 51.498585", "From Tooley Street, Bermondsey to George Row, Bermondsey"
"LINESTRING (-0.093051 51.511246,-0.074704 51.500845", "From Queen Street 2, Bank to Tower Wharf, Bermondsey"
"LINESTRING (-0.113656 51.505354,-0.074704 51.500845", "From Waterloo Bridge, South Bank to Tower Wharf, Bermondsey"
"LINESTRING (-0.082422 51.516154,-0.074704 51.500845", "From Wormwood Street, Liverpool Street to Tower Wharf, Bermondsey"
"LINESTRING (-0.09294 51.511553,-0.074704 51.500845", "From Queen Street 1, Bank to Tower Wharf, Bermondsey"
"LINESTRING (-0.063471 51.497995,-0.074704 51.500845", "From Bermondsey Station, Bermondsey to Tower Wharf, Bermondsey"
"LINESTRING (-0.087587 51.514441,-0.074704 51.500845", "From Bank of England Museum, Bank to Tower Wharf, Bermondsey"
"LINESTRING (-0.062697 51.518154,-0.074704 51.500845", "From New Road 1 , Whitechapel to Tower Wharf, Bermondsey"
"LINESTRING (-0.098497 51.503688,-0.074704 51.500845", "From Union Street, The Borough to Tower Wharf, Bermondsey"
"LINESTRING (-0.098497 51.503688,-0.074704 51.500845", "From Union Street, The Borough to Tower Wharf, Bermondsey"
"LINESTRING (-0.07813 51.526377,-0.074704 51.500845", "From Shoreditch High Street, Shoreditch to Tower Wharf, Bermondsey"
"LINESTRING (-0.083632 51.502153,-0.074704 51.500845", "From Snowsfields, London Bridge to Tower Wharf, Bermondsey"
"LINESTRING (-0.09294 51.51397,-0.074704 51.500845", "From Cheapside, Bank to Tower Wharf, Bermondsey"
"LINESTRING (-0.055846 51.499169,-0.074704 51.500845", "From Rotherhithe Roundabout, Rotherhithe to Tower Wharf, Bermondsey"
"LINESTRING (-0.069542 51.512363,-0.074704 51.500845", "From Leman Street, Aldgate to Tower Wharf, Bermondsey"
"LINESTRING (-0.081608 51.497855,-0.074704 51.500845", "From Bermondsey Street, Bermondsey to Tower Wharf, Bermondsey"
"LINESTRING (-0.129698 51.500703,-0.074704 51.500845", "From Storey's Gate, Westminster to Tower Wharf, Bermondsey"
"LINESTRING (-0.074704 51.500845,-0.074704 51.500845", "From Tower Wharf, Bermondsey to Tower Wharf, Bermondsey"
"LINESTRING (-0.075459 51.509506,-0.074704 51.500845", "From Tower Gardens , Tower to Tower Wharf, Bermondsey"
"LINESTRING (-0.092754 51.505974,-0.074704 51.500845", "From Park Street, Bankside to Tower Wharf, Bermondsey"
"LINESTRING (-0.04915 51.498439,-0.074704 51.500845", "From Canada Water Station, Rotherhithe to Tower Wharf, Bermondsey"
"LINESTRING (-0.098031 51.505224,-0.074704 51.500845", "From Lavington Street, Bankside to Tower Wharf, Bermondsey"
"LINESTRING (-0.06415 51.51295,-0.074704 51.500845", "From Christian Street, Whitechapel to Tower Wharf, Bermondsey"
"LINESTRING (-0.069542 51.512363,-0.074704 51.500845", "From Leman Street, Aldgate to Tower Wharf, Bermondsey"
"LINESTRING (-0.092921 51.494436,-0.074704 51.500845", "From New Kent Road, The Borough to Tower Wharf, Bermondsey"
"LINESTRING (-0.074431 51.519362,-0.074704 51.500845", "From Fournier Street, Whitechapel to Tower Wharf, Bermondsey"
"LINESTRING (-0.131161 51.52505,-0.074704 51.500845", "From Taviton Street, Bloomsbury to Tower Wharf, Bermondsey"
"LINESTRING (-0.077121 51.511594,-0.074704 51.500845", "From Crosswall, Tower to Tower Wharf, Bermondsey"
"LINESTRING (-0.081608 51.497855,-0.074704 51.500845", "From Bermondsey Street, Bermondsey to Tower Wharf, Bermondsey"
"LINESTRING (-0.09644 51.507385,-0.074704 51.500845", "From New Globe Walk, Bankside to Tower Wharf, Bermondsey"
"LINESTRING (-0.063471 51.497995,-0.074704 51.500845", "From Bermondsey Station, Bermondsey to Tower Wharf, Bermondsey"
"LINESTRING (-0.105312 51.504043,-0.074704 51.500845", "From Southwark Station 1, Southwark to Tower Wharf, Bermondsey"
"LINESTRING (-0.126021 51.508103,-0.108322 51.510981", "From Craven Street, Strand to Temple Gardens, Temple"
"LINESTRING (-0.161765 51.487964,-0.108322 51.510981", "From Ormonde Gate, Chelsea to Temple Gardens, Temple"
"LINESTRING (-0.138089 51.484839,-0.108322 51.510981", "From Claverton Street, Pimlico to Temple Gardens, Temple"
"LINESTRING (-0.126021 51.508103,-0.108322 51.510981", "From Craven Street, Strand to Temple Gardens, Temple"
"LINESTRING (-0.165842 51.522029,-0.108322 51.510981", "From Bell Street , Marylebone to Temple Gardens, Temple"
"LINESTRING (-0.129698 51.500703,-0.108322 51.510981", "From Storey's Gate, Westminster to Temple Gardens, Temple"
"LINESTRING (-0.076341 51.534464,-0.108322 51.510981", "From Whiston Road, Haggerston to Temple Gardens, Temple"
"LINESTRING (-0.141327 51.520253,-0.108322 51.510981", "From Great Titchfield Street, Fitzrovia to Temple Gardens, Temple"
"LINESTRING (-0.075459 51.509506,-0.108322 51.510981", "From Tower Gardens , Tower to Temple Gardens, Temple"
"LINESTRING (-0.194116 51.479932,-0.108322 51.510981", "From Fulham Broadway, Walham Green to Temple Gardens, Temple"
"LINESTRING (-0.014438 51.5112,-0.108322 51.510981", "From Chrisp Street Market, Poplar to Temple Gardens, Temple"
"LINESTRING (-0.063471 51.497995,-0.108322 51.510981", "From Bermondsey Station, Bermondsey to Temple Gardens, Temple"
"LINESTRING (-0.123823 51.501513,-0.108322 51.510981", "From Westminster Pier, Westminster to Temple Gardens, Temple"
"LINESTRING (-0.174411 51.511933,-0.108322 51.510981", "From Bayswater Road, Hyde Park to Temple Gardens, Temple"
"LINESTRING (-0.077121 51.511594,-0.108322 51.510981", "From Crosswall, Tower to Temple Gardens, Temple"
"LINESTRING (-0.190184 51.459953,-0.108322 51.510981", "From Morie Street, Wandsworth to Temple Gardens, Temple"
"LINESTRING (-0.123823 51.501513,-0.108322 51.510981", "From Westminster Pier, Westminster to Temple Gardens, Temple"
"LINESTRING (-0.141923 51.489856,-0.108322 51.510981", "From Warwick Square, Pimlico to Temple Gardens, Temple"
"LINESTRING (-0.127554 51.493978,-0.108322 51.510981", "From Page Street, Westminster to Temple Gardens, Temple"
"LINESTRING (-0.09294 51.511553,-0.108322 51.510981", "From Queen Street 1, Bank to Temple Gardens, Temple"
"LINESTRING (-0.19701 51.473763,-0.108322 51.510981", "From Irene Road, Parsons Green to Temple Gardens, Temple"
"LINESTRING (-0.173693 51.495948,-0.108322 51.510981", "From Exhibition Road Museums 2, South Kensington to Temple Gardens, Temple"
"LINESTRING (-0.133201 51.512515,-0.108322 51.510981", "From Wardour Street, Soho to Temple Gardens, Temple"
"LINESTRING (-0.102996 51.486929,-0.108322 51.510981", "From Doddington Grove, Kennington to Temple Gardens, Temple"
"LINESTRING (-0.144228 51.518117,-0.108322 51.510981", "From Broadcasting House, Marylebone to Temple Gardens, Temple"
"LINESTRING (-0.138733 51.496753,-0.108322 51.510981", "From Howick Place, Westminster to Temple Gardens, Temple"
"LINESTRING (-0.125441 51.541596,-0.108322 51.510981", "From York Way, Kings Cross to Temple Gardens, Temple"
"LINESTRING (-0.077121 51.511594,-0.108322 51.510981", "From Crosswall, Tower to Temple Gardens, Temple"
"LINESTRING (-0.103137 51.506692,-0.108322 51.510981", "From Poured Lines, Bankside to Temple Gardens, Temple"
"LINESTRING (-0.075459 51.509506,-0.108322 51.510981", "From Tower Gardens , Tower to Temple Gardens, Temple"
"LINESTRING (-0.129698 51.500703,-0.108322 51.510981", "From Storey's Gate, Westminster to Temple Gardens, Temple"
"LINESTRING (-0.123823 51.501513,-0.108322 51.510981", "From Westminster Pier, Westminster to Temple Gardens, Temple"
"LINESTRING (-0.125972 51.49764,-0.108322 51.510981", "From Abingdon Green, Westminster to Temple Gardens, Temple"
"LINESTRING (-0.137424 51.498865,-0.108322 51.510981", "From Buckingham Gate, Westminster to Temple Gardens, Temple"
"LINESTRING (-0.183118 51.515607,-0.108322 51.510981", "From Cleveland Gardens, Bayswater to Temple Gardens, Temple"
"LINESTRING (-0.168917 51.497056,-0.108322 51.510981", "From Holy Trinity Brompton, Knightsbridge to Temple Gardens, Temple"
"LINESTRING (-0.123823 51.501513,-0.108322 51.510981", "From Westminster Pier, Westminster to Temple Gardens, Temple"
"LINESTRING (-0.151359 51.522008,-0.108322 51.510981", "From Beaumont Street, Marylebone to Temple Gardens, Temple"
"LINESTRING (-0.077121 51.511594,-0.108322 51.510981", "From Crosswall, Tower to Temple Gardens, Temple"
"LINESTRING (-0.04915 51.498439,-0.04915 51.498439", "From Canada Water Station, Rotherhithe to Canada Water Station, Rotherhithe"
"LINESTRING (-0.07962 51.503493,-0.04915 51.498439", "From Tooley Street, Bermondsey to Canada Water Station, Rotherhithe"
"LINESTRING (-0.083632 51.502153,-0.04915 51.498439", "From Snowsfields, London Bridge to Canada Water Station, Rotherhithe"
"LINESTRING (-0.07962 51.503493,-0.04915 51.498439", "From Tooley Street, Bermondsey to Canada Water Station, Rotherhithe"
"LINESTRING (-0.055846 51.499169,-0.04915 51.498439", "From Rotherhithe Roundabout, Rotherhithe to Canada Water Station, Rotherhithe"
"LINESTRING (-0.04915 51.498439,-0.04915 51.498439", "From Canada Water Station, Rotherhithe to Canada Water Station, Rotherhithe"
"LINESTRING (-0.130431 51.52168,-0.04915 51.498439", "From Malet Street, Bloomsbury to Canada Water Station, Rotherhithe"
"LINESTRING (-0.074704 51.500845,-0.04915 51.498439", "From Tower Wharf, Bermondsey to Canada Water Station, Rotherhithe"
"LINESTRING (-0.123179 51.506543,-0.04915 51.498439", "From Whitehall Place, Strand to Canada Water Station, Rotherhithe"
"LINESTRING (-0.082422 51.516154,-0.04915 51.498439", "From Wormwood Street, Liverpool Street to Canada Water Station, Rotherhithe"
"LINESTRING (-0.088285 51.519069,-0.04915 51.498439", "From Moorfields, Moorgate to Canada Water Station, Rotherhithe"
"LINESTRING (-0.068981 51.498585,-0.04915 51.498439", "From George Row, Bermondsey to Canada Water Station, Rotherhithe"
"LINESTRING (-0.083159 51.500889,-0.04915 51.498439", "From Tyers Gate, Bermondsey to Canada Water Station, Rotherhithe"
"LINESTRING (-0.096518 51.491327,-0.04915 51.498439", "From Walworth Square, Walworth to Canada Water Station, Rotherhithe"
"LINESTRING (-0.04915 51.498439,-0.04915 51.498439", "From Canada Water Station, Rotherhithe to Canada Water Station, Rotherhithe"
"LINESTRING (-0.087262 51.506304,-0.04915 51.498439", "From Duke Street Hill, London Bridge to Canada Water Station, Rotherhithe"
"LINESTRING (-0.090847 51.525893,-0.04915 51.498439", "From Bath Street, St. Luke's to Canada Water Station, Rotherhithe"
"LINESTRING (-0.077178 51.514449,-0.063471 51.497995", "From Houndsditch, Aldgate to Bermondsey Station, Bermondsey"
"LINESTRING (-0.087262 51.506304,-0.063471 51.497995", "From Duke Street Hill, London Bridge to Bermondsey Station, Bermondsey"
"LINESTRING (-0.082422 51.516154,-0.063471 51.497995", "From Wormwood Street, Liverpool Street to Bermondsey Station, Bermondsey"
"LINESTRING (-0.106408 51.530515,-0.063471 51.497995", "From Chadwell Street, Angel to Bermondsey Station, Bermondsey"
"LINESTRING (-0.125972 51.49764,-0.063471 51.497995", "From Abingdon Green, Westminster to Bermondsey Station, Bermondsey"
"LINESTRING (-0.104193 51.49605,-0.063471 51.497995", "From Gaywood  Street, Elephant & Castle to Bermondsey Station, Bermondsey"
"LINESTRING (-0.074189 51.502279,-0.063471 51.497995", "From Curlew Street, Shad Thames to Bermondsey Station, Bermondsey"
"LINESTRING (-0.073537 51.514233,-0.063471 51.497995", "From Braham Street, Aldgate to Bermondsey Station, Bermondsey"
"LINESTRING (-0.063471 51.497995,-0.063471 51.497995", "From Bermondsey Station, Bermondsey to Bermondsey Station, Bermondsey"
"LINESTRING (-0.109006 51.521661,-0.063471 51.497995", "From Hatton Wall, Holborn to Bermondsey Station, Bermondsey"
"LINESTRING (-0.092921 51.494436,-0.063471 51.497995", "From New Kent Road, The Borough to Bermondsey Station, Bermondsey"
"LINESTRING (-0.074189 51.502279,-0.063471 51.497995", "From Curlew Street, Shad Thames to Bermondsey Station, Bermondsey"
"LINESTRING (-0.074189 51.502279,-0.063471 51.497995", "From Curlew Street, Shad Thames to Bermondsey Station, Bermondsey"
"LINESTRING (-0.07962 51.503493,-0.063471 51.497995", "From Tooley Street, Bermondsey to Bermondsey Station, Bermondsey"
"LINESTRING (-0.083159 51.500889,-0.063471 51.497995", "From Tyers Gate, Bermondsey to Bermondsey Station, Bermondsey"
"LINESTRING (-0.104193 51.49605,-0.063471 51.497995", "From Gaywood  Street, Elephant & Castle to Bermondsey Station, Bermondsey"
"LINESTRING (-0.094524 51.500694,-0.063471 51.497995", "From Borough High Street, The Borough to Bermondsey Station, Bermondsey"
"LINESTRING (-0.085814 51.495061,-0.063471 51.497995", "From Bricklayers Arms, Borough to Bermondsey Station, Bermondsey"
"LINESTRING (-0.07962 51.503493,-0.063471 51.497995", "From Tooley Street, Bermondsey to Bermondsey Station, Bermondsey"
"LINESTRING (-0.06691 51.507131,-0.063471 51.497995", "From Nesham Street, Wapping to Bermondsey Station, Bermondsey"
"LINESTRING (-0.119643 51.511756,-0.063471 51.497995", "From Wellington Street , Strand to Bermondsey Station, Bermondsey"
"LINESTRING (-0.086685 51.517075,-0.063471 51.497995", "From Finsbury Circus, Liverpool Street to Bermondsey Station, Bermondsey"
"LINESTRING (-0.093051 51.511246,-0.063471 51.497995", "From Queen Street 2, Bank to Bermondsey Station, Bermondsey"
"LINESTRING (-0.074189 51.502279,-0.063471 51.497995", "From Curlew Street, Shad Thames to Bermondsey Station, Bermondsey"
"LINESTRING (-0.085666 51.499075,-0.063471 51.497995", "From Long Lane , Bermondsey to Bermondsey Station, Bermondsey"
"LINESTRING (-0.068981 51.498585,-0.063471 51.497995", "From George Row, Bermondsey to Bermondsey Station, Bermondsey"
"LINESTRING (-0.074189 51.502279,-0.063471 51.497995", "From Curlew Street, Shad Thames to Bermondsey Station, Bermondsey"
"LINESTRING (-0.077121 51.511594,-0.063471 51.497995", "From Crosswall, Tower to Bermondsey Station, Bermondsey"
"LINESTRING (-0.08974 51.500823,-0.063471 51.497995", "From Empire Square, The Borough to Bermondsey Station, Bermondsey"
"LINESTRING (-0.07962 51.503493,-0.063471 51.497995", "From Tooley Street, Bermondsey to Bermondsey Station, Bermondsey"
"LINESTRING (-0.138853 51.541603,-0.063471 51.497995", "From Bonny Street, Camden Town to Bermondsey Station, Bermondsey"
"LINESTRING (-0.063531 51.504719,-0.063471 51.497995", "From Hermitage Court, Wapping to Bermondsey Station, Bermondsey"
"LINESTRING (-0.104193 51.49605,-0.063471 51.497995", "From Gaywood  Street, Elephant & Castle to Bermondsey Station, Bermondsey"
"LINESTRING (-0.142844 51.506613,-0.063471 51.497995", "From Green Park Station, Mayfair to Bermondsey Station, Bermondsey"
"LINESTRING (-0.074189 51.502279,-0.063471 51.497995", "From Curlew Street, Shad Thames to Bermondsey Station, Bermondsey"
"LINESTRING (-0.057159 51.511088,-0.063471 51.497995", "From Shadwell Station, Shadwell to Bermondsey Station, Bermondsey"
"LINESTRING (-0.07962 51.503493,-0.063471 51.497995", "From Tooley Street, Bermondsey to Bermondsey Station, Bermondsey"
"LINESTRING (-0.07962 51.503493,-0.063471 51.497995", "From Tooley Street, Bermondsey to Bermondsey Station, Bermondsey"
"LINESTRING (-0.103137 51.506692,-0.063471 51.497995", "From Poured Lines, Bankside to Bermondsey Station, Bermondsey"
"LINESTRING (-0.123823 51.501513,-0.063471 51.497995", "From Westminster Pier, Westminster to Bermondsey Station, Bermondsey"
"LINESTRING (-0.100791 51.518218,-0.113885 51.51165", "From West Smithfield Rotunda, Farringdon to Arundel Street"
"LINESTRING (-0.112824 51.503791,-0.113885 51.51165", "From Waterloo Station 3, Waterloo to Arundel Street"
"LINESTRING (-0.113001 51.50486,-0.113885 51.51165", "From Waterloo Road, South Bank to Arundel Street"
"LINESTRING (-0.087587 51.514441,-0.113885 51.51165", "From Bank of England Museum, Bank to Arundel Street"
"LINESTRING (-0.170703 51.470847,-0.113885 51.51165", "From Simpson Street, Clapham Junction to Arundel Street"
"LINESTRING (-0.06797 51.504904,-0.113885 51.51165", "From Wapping High Street, Wapping to Arundel Street"
"LINESTRING (-0.187427 51.460864,-0.113885 51.51165", "From Wandsworth Town Station, Wandsworth to Arundel Street"
"LINESTRING (-0.197574 51.499606,-0.113885 51.51165", "From Phillimore Gardens, Kensington to Arundel Street"
"LINESTRING (-0.158105 51.494645,-0.113885 51.51165", "From Cadogan Place, Knightsbridge to Arundel Street"
"LINESTRING (-0.106823 51.508033,-0.113885 51.51165", "From Sea Containers, South Bank to Arundel Street"
"LINESTRING (-0.091773 51.504627,-0.113885 51.51165", "From Hop Exchange, The Borough to Arundel Street"
"LINESTRING (-0.138089 51.484839,-0.113885 51.51165", "From Claverton Street, Pimlico to Arundel Street"
"LINESTRING (-0.093903 51.530991,-0.113885 51.51165", "From Wenlock Road , Hoxton to Arundel Street"
"LINESTRING (-0.093903 51.530991,-0.113885 51.51165", "From Wenlock Road , Hoxton to Arundel Street"
"LINESTRING (-0.106823 51.508033,-0.113885 51.51165", "From Sea Containers, South Bank to Arundel Street"
"LINESTRING (-0.134234 51.494591,-0.113885 51.51165", "From Greycoat Street , Westminster to Arundel Street"
"LINESTRING (-0.139625 51.490962,-0.113885 51.51165", "From Gloucester Street, Pimlico to Arundel Street"
"LINESTRING (-0.110683 51.484788,-0.113885 51.51165", "From Kennington Road Post Office, Oval to Arundel Street"
"LINESTRING (-0.199783 51.472817,-0.113885 51.51165", "From Parson's Green , Parson's Green to Arundel Street"
"LINESTRING (-0.182435 51.478169,-0.113885 51.51165", "From Upcerne Road, West Chelsea to Arundel Street"
"LINESTRING (-0.084985 51.509301,-0.113885 51.51165", "From Lower Thames Street, Monument to Arundel Street"
"LINESTRING (-0.091773 51.504627,-0.113885 51.51165", "From Hop Exchange, The Borough to Arundel Street"
"LINESTRING (-0.123823 51.501513,-0.113885 51.51165", "From Westminster Pier, Westminster to Arundel Street"
