"LINESTRING (-0.123702 51.506767,-0.10997 51.529163", "From Northumberland Avenue, Strand to River Street , Clerkenwell"
"LINESTRING (-0.132053 51.518587,-0.10997 51.529163", "From Bayley Street , Bloomsbury to River Street , Clerkenwell"
"LINESTRING (-0.075459 51.509506,-0.10997 51.529163", "From Tower Gardens , Tower to River Street , Clerkenwell"
"LINESTRING (-0.09885 51.515418,-0.10997 51.529163", "From Newgate Street , St. Paul's to River Street , Clerkenwell"
"LINESTRING (-0.123616 51.529943,-0.10997 51.529163", "From Belgrove Street , King's Cross to River Street , Clerkenwell"
"LINESTRING (-0.209494 51.498157,-0.197574 51.499606", "From Kensington Olympia Station, Olympia to Phillimore Gardens, Kensington"
"LINESTRING (-0.209494 51.498157,-0.197574 51.499606", "From Kensington Olympia Station, Olympia to Phillimore Gardens, Kensington"
"LINESTRING (-0.21985 51.493267,-0.197574 51.499606", "From Hammersmith Road, Hammersmith to Phillimore Gardens, Kensington"
"LINESTRING (-0.183853 51.480898,-0.197574 51.499606", "From Thorndike Close, West Chelsea to Phillimore Gardens, Kensington"
"LINESTRING (-0.152317 51.499412,-0.197574 51.499606", "From Belgrave Square, Belgravia to Phillimore Gardens, Kensington"
"LINESTRING (-0.180884 51.459225,-0.197574 51.499606", "From Spanish Road, Clapham Junction to Phillimore Gardens, Kensington"
"LINESTRING (-0.223616 51.485743,-0.197574 51.499606", "From Manbre Road, Hammersmith to Phillimore Gardens, Kensington"
"LINESTRING (-0.187404 51.487958,-0.197574 51.499606", "From Harcourt Terrace, West Brompton to Phillimore Gardens, Kensington"
"LINESTRING (-0.218337 51.506256,-0.197574 51.499606", "From Westfield Southern Terrace ,Shepherd's Bush to Phillimore Gardens, Kensington"
"LINESTRING (-0.197574 51.499606,-0.197574 51.499606", "From Phillimore Gardens, Kensington to Phillimore Gardens, Kensington"
"LINESTRING (-0.134234 51.494591,-0.197574 51.499606", "From Greycoat Street , Westminster to Phillimore Gardens, Kensington"
"LINESTRING (-0.193068 51.500397,-0.197574 51.499606", "From Wright's Lane, Kensington to Phillimore Gardens, Kensington"
"LINESTRING (-0.163667 51.520331,-0.197574 51.499606", "From Seymour Place, Marylebone to Phillimore Gardens, Kensington"
"LINESTRING (-0.205991 51.501391,-0.197574 51.499606", "From Abbotsbury Road, Holland Park to Phillimore Gardens, Kensington"
"LINESTRING (-0.197609 51.483911,-0.197574 51.499606", "From Halford Road, West Kensington to Phillimore Gardens, Kensington"
"LINESTRING (-0.205279 51.487244,-0.197574 51.499606", "From Star Road, West Kensington to Phillimore Gardens, Kensington"
"LINESTRING (-0.217995 51.487285,-0.197574 51.499606", "From Charing Cross Hospital, Hammersmith to Phillimore Gardens, Kensington"
"LINESTRING (-0.213872 51.51687,-0.197574 51.499606", "From St. Mark's Road, North Kensington to Phillimore Gardens, Kensington"
"LINESTRING (-0.21985 51.493267,-0.197574 51.499606", "From Hammersmith Road, Hammersmith to Phillimore Gardens, Kensington"
"LINESTRING (-0.123179 51.506543,-0.197574 51.499606", "From Whitehall Place, Strand to Phillimore Gardens, Kensington"
"LINESTRING (-0.214428 51.486062,-0.197574 51.499606", "From Greyhound Road, Hammersmith to Phillimore Gardens, Kensington"
"LINESTRING (-0.147478 51.492369,-0.197574 51.499606", "From Elizabeth Bridge, Victoria to Phillimore Gardens, Kensington"
"LINESTRING (-0.191933 51.495866,-0.197574 51.499606", "From Lexham Gardens, Kensington to Phillimore Gardens, Kensington"
"LINESTRING (-0.197574 51.499606,-0.197574 51.499606", "From Phillimore Gardens, Kensington to Phillimore Gardens, Kensington"
"LINESTRING (-0.223616 51.485743,-0.197574 51.499606", "From Manbre Road, Hammersmith to Phillimore Gardens, Kensington"
"LINESTRING (-0.149035 51.481121,-0.197574 51.499606", "From Sopwith Way, Battersea Park to Phillimore Gardens, Kensington"
"LINESTRING (-0.179592 51.525575,-0.197574 51.499606", "From Clifton Road, Maida Vale to Phillimore Gardens, Kensington"
"LINESTRING (-0.105312 51.504043,-0.197574 51.499606", "From Southwark Station 1, Southwark to Phillimore Gardens, Kensington"
"LINESTRING (-0.223616 51.485743,-0.197574 51.499606", "From Manbre Road, Hammersmith to Phillimore Gardens, Kensington"
"LINESTRING (-0.183289 51.496462,-0.197574 51.499606", "From Gloucester Road (Central), South Kensington to Phillimore Gardens, Kensington"
"LINESTRING (-0.157275 51.510017,-0.197574 51.499606", "From Park Lane , Hyde Park to Phillimore Gardens, Kensington"
"LINESTRING (-0.18119 51.485587,-0.197574 51.499606", "From Limerston Street, West Chelsea to Phillimore Gardens, Kensington"
"LINESTRING (-0.215804 51.494347,-0.197574 51.499606", "From Brook Green South, Brook Green to Phillimore Gardens, Kensington"
"LINESTRING (-0.2174 51.504038,-0.197574 51.499606", "From Woodstock Grove, Shepherd's Bush to Phillimore Gardens, Kensington"
"LINESTRING (-0.102091 51.500693,-0.084605 51.521283", "From Webber Street , Southwark to Christopher Street, Liverpool Street"
"LINESTRING (-0.121723 51.510701,-0.084605 51.521283", "From Southampton Street, Strand to Christopher Street, Liverpool Street"
"LINESTRING (-0.113864 51.504027,-0.084605 51.521283", "From Waterloo Station 1, Waterloo to Christopher Street, Liverpool Street"
"LINESTRING (-0.079201 51.537277,-0.084605 51.521283", "From Hertford Road, De Beauvoir Town to Christopher Street, Liverpool Street"
"LINESTRING (-0.065076 51.52388,-0.084605 51.521283", "From Cheshire Street, Bethnal Green to Christopher Street, Liverpool Street"
"LINESTRING (-0.079608 51.521668,-0.084605 51.521283", "From Worship Street, Shoreditch to Christopher Street, Liverpool Street"
"LINESTRING (-0.068161 51.509786,-0.084605 51.521283", "From Dock Street, Wapping to Christopher Street, Liverpool Street"
"LINESTRING (-0.054162 51.536424,-0.084605 51.521283", "From Victoria Park Road, Hackney Central to Christopher Street, Liverpool Street"
"LINESTRING (-0.096317 51.526008,-0.084605 51.521283", "From Finsbury Leisure Centre, St. Luke's to Christopher Street, Liverpool Street"
"LINESTRING (-0.093421 51.529154,-0.084605 51.521283", "From Windsor Terrace, Hoxton to Christopher Street, Liverpool Street"
"LINESTRING (-0.06111 51.518675,-0.084605 51.521283", "From Royal London Hospital, Whitechapel to Christopher Street, Liverpool Street"
"LINESTRING (-0.079201 51.537277,-0.084605 51.521283", "From Hertford Road, De Beauvoir Town to Christopher Street, Liverpool Street"
"LINESTRING (-0.069542 51.512363,-0.084605 51.521283", "From Leman Street, Aldgate to Christopher Street, Liverpool Street"
"LINESTRING (-0.088285 51.519069,-0.084605 51.521283", "From Moorfields, Moorgate to Christopher Street, Liverpool Street"
"LINESTRING (-0.070329 51.539083,-0.084605 51.521283", "From Shoreditch Court, Haggerston to Christopher Street, Liverpool Street"
"LINESTRING (-0.104708 51.52326,-0.084605 51.521283", "From Clerkenwell Green, Clerkenwell to Christopher Street, Liverpool Street"
"LINESTRING (-0.120202 51.523346,-0.084605 51.521283", "From Guilford Street , Bloomsbury to Christopher Street, Liverpool Street"
"LINESTRING (-0.098807 51.506725,-0.084605 51.521283", "From Tate Modern, Bankside to Christopher Street, Liverpool Street"
"LINESTRING (-0.125078 51.534667,-0.120973 51.530059", "From Good's Way, King's Cross to St. Chad's Street, King's Cross"
"LINESTRING (-0.135777 51.51953,-0.120973 51.530059", "From Charlotte Street, Fitzrovia to St. Chad's Street, King's Cross"
"LINESTRING (-0.058826 51.54119,-0.120973 51.530059", "From London Fields, Hackney Central to St. Chad's Street, King's Cross"
"LINESTRING (-0.136792 51.533005,-0.120973 51.530059", "From Eversholt Street , Camden Town to St. Chad's Street, King's Cross"
"LINESTRING (-0.114079 51.522264,-0.120973 51.530059", "From Northington Street , Holborn to St. Chad's Street, King's Cross"
"LINESTRING (-0.093421 51.529154,-0.120973 51.530059", "From Windsor Terrace, Hoxton to St. Chad's Street, King's Cross"
"LINESTRING (-0.124121 51.523418,-0.120973 51.530059", "From Russell Square Station, Bloomsbury to St. Chad's Street, King's Cross"
"LINESTRING (-0.135478 51.495827,-0.120973 51.530059", "From Rochester Row, Westminster to St. Chad's Street, King's Cross"
"LINESTRING (-0.125078 51.534667,-0.120973 51.530059", "From Good's Way, King's Cross to St. Chad's Street, King's Cross"
"LINESTRING (-0.138072 51.517344,-0.120973 51.530059", "From Wells Street, Fitzrovia to St. Chad's Street, King's Cross"
"LINESTRING (-0.147624 51.49395,-0.156876 51.49313", "From Eccleston Place, Victoria to Sedding Street, Sloane Square"
"LINESTRING (-0.190346 51.46822,-0.156876 51.49313", "From Stephendale Road, Sands End to Sedding Street, Sloane Square"
"LINESTRING (-0.150666 51.506864,-0.156876 51.49313", "From Stanhope Gate, Mayfair to Sedding Street, Sloane Square"
"LINESTRING (-0.201968 51.475089,-0.156876 51.49313", "From Parsons Green Station, Parsons Green to Sedding Street, Sloane Square"
"LINESTRING (-0.142783 51.51196,-0.156876 51.49313", "From St. George Street, Mayfair to Sedding Street, Sloane Square"
"LINESTRING (-0.142844 51.506613,-0.156876 51.49313", "From Green Park Station, Mayfair to Sedding Street, Sloane Square"
"LINESTRING (-0.139956 51.493573,-0.156876 51.49313", "From Queen Mother Sports Centre, Victoria to Sedding Street, Sloane Square"
"LINESTRING (-0.180274 51.481805,-0.156876 51.49313", "From World's End Place, West Chelsea to Sedding Street, Sloane Square"
"LINESTRING (-0.166878 51.488023,-0.156876 51.49313", "From Flood Street, Chelsea to Sedding Street, Sloane Square"
"LINESTRING (-0.132053 51.518587,-0.156876 51.49313", "From Bayley Street , Bloomsbury to Sedding Street, Sloane Square"
"LINESTRING (-0.132053 51.518587,-0.156876 51.49313", "From Bayley Street , Bloomsbury to Sedding Street, Sloane Square"
"LINESTRING (-0.142844 51.506613,-0.156876 51.49313", "From Green Park Station, Mayfair to Sedding Street, Sloane Square"
"LINESTRING (-0.16716 51.47518,-0.156876 51.49313", "From Surrey Lane, Battersea to Sedding Street, Sloane Square"
"LINESTRING (-0.180274 51.481805,-0.156876 51.49313", "From World's End Place, West Chelsea to Sedding Street, Sloane Square"
"LINESTRING (-0.147857 51.477966,-0.156876 51.49313", "From Gas Holders, Battersea Park to Sedding Street, Sloane Square"
"LINESTRING (-0.20464 51.470131,-0.156876 51.49313", "From Hurlingham Park, Parsons Green to Sedding Street, Sloane Square"
"LINESTRING (-0.149035 51.481121,-0.156876 51.49313", "From Sopwith Way, Battersea Park to Sedding Street, Sloane Square"
"LINESTRING (-0.147714 51.483507,-0.156876 51.49313", "From Battersea Power Station, Battersea Park to Sedding Street, Sloane Square"
"LINESTRING (-0.170983 51.486892,-0.156876 51.49313", "From Manresa Road, Chelsea to Sedding Street, Sloane Square"
"LINESTRING (-0.15785 51.471095,-0.156876 51.49313", "From Culvert Road, Battersea to Sedding Street, Sloane Square"
"LINESTRING (-0.19701 51.473763,-0.156876 51.49313", "From Irene Road, Parsons Green to Sedding Street, Sloane Square"
"LINESTRING (-0.132053 51.518587,-0.156876 51.49313", "From Bayley Street , Bloomsbury to Sedding Street, Sloane Square"
"LINESTRING (-0.135635 51.488226,-0.156876 51.49313", "From St. George's Square, Pimlico to Sedding Street, Sloane Square"
"LINESTRING (-0.182435 51.478169,-0.156876 51.49313", "From Upcerne Road, West Chelsea to Sedding Street, Sloane Square"
"LINESTRING (-0.149035 51.481121,-0.156876 51.49313", "From Sopwith Way, Battersea Park to Sedding Street, Sloane Square"
"LINESTRING (-0.166878 51.488023,-0.156876 51.49313", "From Flood Street, Chelsea to Sedding Street, Sloane Square"
"LINESTRING (-0.189155 51.477292,-0.156876 51.49313", "From Michael Road, Walham Green to Sedding Street, Sloane Square"
"LINESTRING (-0.135478 51.495827,-0.156876 51.49313", "From Rochester Row, Westminster to Sedding Street, Sloane Square"
"LINESTRING (-0.164786 51.477292,-0.156876 51.49313", "From Ethelburga Estate, Battersea Park to Sedding Street, Sloane Square"
"LINESTRING (-0.153233 51.490959,-0.156876 51.49313", "From Bourne Street, Belgravia to Sedding Street, Sloane Square"
"LINESTRING (-0.141923 51.489856,-0.156876 51.49313", "From Warwick Square, Pimlico to Sedding Street, Sloane Square"
"LINESTRING (-0.112031 51.49914,-0.156876 51.49313", "From Lambeth North Station, Waterloo to Sedding Street, Sloane Square"
"LINESTRING (-0.182435 51.478169,-0.156876 51.49313", "From Upcerne Road, West Chelsea to Sedding Street, Sloane Square"
"LINESTRING (-0.147203 51.515308,-0.156876 51.49313", "From Chapel Place, Marylebone to Sedding Street, Sloane Square"
"LINESTRING (-0.144132 51.493204,-0.156876 51.49313", "From Belgrave Road, Victoria to Sedding Street, Sloane Square"
"LINESTRING (-0.191462 51.501364,-0.156876 51.49313", "From Derry Street, Kensington to Sedding Street, Sloane Square"
"LINESTRING (-0.156876 51.49313,-0.156876 51.49313", "From Sedding Street, Sloane Square to Sedding Street, Sloane Square"
"LINESTRING (-0.178732 51.493967,-0.156876 51.49313", "From Queen's Gate (Central), South Kensington to Sedding Street, Sloane Square"
"LINESTRING (-0.111435 51.48894,-0.156876 51.49313", "From Kennington Cross, Kennington to Sedding Street, Sloane Square"
"LINESTRING (-0.138364 51.492111,-0.156876 51.49313", "From Tachbrook Street, Victoria to Sedding Street, Sloane Square"
"LINESTRING (-0.166878 51.488023,-0.156876 51.49313", "From Flood Street, Chelsea to Sedding Street, Sloane Square"
"LINESTRING (-0.164786 51.477292,-0.156876 51.49313", "From Ethelburga Estate, Battersea Park to Sedding Street, Sloane Square"
"LINESTRING (-0.17677 51.530889,-0.156876 51.49313", "From Grove End Road, St. John's Wood to Sedding Street, Sloane Square"
"LINESTRING (-0.159169 51.475153,-0.156876 51.49313", "From Prince of Wales Drive, Battersea Park to Sedding Street, Sloane Square"
"LINESTRING (-0.119022 51.469202,-0.156876 51.49313", "From Sidney Road, Stockwell to Sedding Street, Sloane Square"
"LINESTRING (-0.170983 51.486892,-0.156876 51.49313", "From Manresa Road, Chelsea to Sedding Street, Sloane Square"
"LINESTRING (-0.132102 51.498125,-0.156876 51.49313", "From Abbey Orchard Street, Westminster to Sedding Street, Sloane Square"
"LINESTRING (-0.15934 51.500241,-0.156876 51.49313", "From Harriet Street, Knightsbridge to Sedding Street, Sloane Square"
"LINESTRING (-0.18119 51.485587,-0.156876 51.49313", "From Limerston Street, West Chelsea to Sedding Street, Sloane Square"
"LINESTRING (-0.163347 51.474392,-0.156876 51.49313", "From Albert Bridge Road, Battersea Park to Sedding Street, Sloane Square"
"LINESTRING (-0.138212 51.481335,-0.156876 51.49313", "From Riverlight South, Nine Elms to Sedding Street, Sloane Square"
"LINESTRING (-0.13151 51.509639,-0.156876 51.49313", "From Panton Street, West End to Sedding Street, Sloane Square"
"LINESTRING (-0.170983 51.486892,-0.156876 51.49313", "From Manresa Road, Chelsea to Sedding Street, Sloane Square"
"LINESTRING (-0.173881 51.494412,-0.156876 51.49313", "From South Kensington Station, South Kensington to Sedding Street, Sloane Square"
"LINESTRING (-0.140947 51.49616,-0.156876 51.49313", "From Ashley Place, Victoria to Sedding Street, Sloane Square"
"LINESTRING (-0.174971 51.485121,-0.156876 51.49313", "From The Vale, Chelsea to Sedding Street, Sloane Square"
"LINESTRING (-0.141923 51.489856,-0.156876 51.49313", "From Warwick Square, Pimlico to Sedding Street, Sloane Square"
"LINESTRING (-0.166878 51.488023,-0.156876 51.49313", "From Flood Street, Chelsea to Sedding Street, Sloane Square"
"LINESTRING (-0.147714 51.483507,-0.156876 51.49313", "From Battersea Power Station, Battersea Park to Sedding Street, Sloane Square"
"LINESTRING (-0.167029 51.460333,-0.156876 51.49313", "From Abyssinia Close, Clapham Junction to Sedding Street, Sloane Square"
"LINESTRING (-0.174971 51.485121,-0.156876 51.49313", "From The Vale, Chelsea to Sedding Street, Sloane Square"
"LINESTRING (-0.138364 51.492111,-0.156876 51.49313", "From Tachbrook Street, Victoria to Sedding Street, Sloane Square"
"LINESTRING (-0.185273 51.481765,-0.156876 51.49313", "From Hortensia Road, West Brompton to Sedding Street, Sloane Square"
"LINESTRING (-0.167919 51.484984,-0.156876 51.49313", "From Phene Street, Chelsea to Sedding Street, Sloane Square"
"LINESTRING (-0.164786 51.477292,-0.156876 51.49313", "From Ethelburga Estate, Battersea Park to Sedding Street, Sloane Square"
"LINESTRING (-0.125979 51.526357,-0.144228 51.518117", "From Cartwright Gardens , Bloomsbury to Broadcasting House, Marylebone"
"LINESTRING (-0.133201 51.512515,-0.144228 51.518117", "From Wardour Street, Soho to Broadcasting House, Marylebone"
"LINESTRING (-0.136052 51.527326,-0.144228 51.518117", "From Drummond Street , Euston to Broadcasting House, Marylebone"
"LINESTRING (-0.147983 51.519167,-0.144228 51.518117", "From New Cavendish Street, Marylebone to Broadcasting House, Marylebone"
"LINESTRING (-0.141327 51.520253,-0.144228 51.518117", "From Great Titchfield Street, Fitzrovia to Broadcasting House, Marylebone"
"LINESTRING (-0.164207 51.517372,-0.144228 51.518117", "From Harrowby Street, Marylebone to Broadcasting House, Marylebone"
"LINESTRING (-0.150181 51.536922,-0.144228 51.518117", "From London Zoo Car Park, The Regent's Park to Broadcasting House, Marylebone"
"LINESTRING (-0.125979 51.526357,-0.144228 51.518117", "From Cartwright Gardens , Bloomsbury to Broadcasting House, Marylebone"
"LINESTRING (-0.17581 51.517335,-0.144228 51.518117", "From South Wharf Road, Paddington to Broadcasting House, Marylebone"
"LINESTRING (-0.165164 51.514746,-0.144228 51.518117", "From Porchester Place, Paddington to Broadcasting House, Marylebone"
"LINESTRING (-0.105593 51.488852,-0.144228 51.518117", "From Kennington Station, Kennington to Broadcasting House, Marylebone"
"LINESTRING (-0.158105 51.494645,-0.144228 51.518117", "From Cadogan Place, Knightsbridge to Broadcasting House, Marylebone"
"LINESTRING (-0.150181 51.536922,-0.144228 51.518117", "From London Zoo Car Park, The Regent's Park to Broadcasting House, Marylebone"
"LINESTRING (-0.157183 51.52026,-0.144228 51.518117", "From Crawford Street, Marylebone to Broadcasting House, Marylebone"
"LINESTRING (-0.179592 51.525575,-0.144228 51.518117", "From Clifton Road, Maida Vale to Broadcasting House, Marylebone"
"LINESTRING (-0.125078 51.534667,-0.144228 51.518117", "From Good's Way, King's Cross to Broadcasting House, Marylebone"
"LINESTRING (-0.075885 51.536585,-0.144228 51.518117", "From Dunston Road , Haggerston to Broadcasting House, Marylebone"
"LINESTRING (-0.08299 51.53213,-0.144228 51.518117", "From Pitfield Street Central, Hoxton to Broadcasting House, Marylebone"
"LINESTRING (-0.158456 51.502953,-0.144228 51.518117", "From Albert Gate, Hyde Park to Broadcasting House, Marylebone"
"LINESTRING (-0.165164 51.514746,-0.144228 51.518117", "From Porchester Place, Paddington to Broadcasting House, Marylebone"
"LINESTRING (-0.130458 51.494816,-0.144228 51.518117", "From Horseferry Road, Westminster to Broadcasting House, Marylebone"
"LINESTRING (-0.117069 51.53136,-0.144228 51.518117", "From Calshot Street , King's Cross to Broadcasting House, Marylebone"
"LINESTRING (-0.168074 51.5343,-0.144228 51.518117", "From Charlbert Street, St. John's Wood to Broadcasting House, Marylebone"
"LINESTRING (-0.091773 51.504627,-0.144228 51.518117", "From Hop Exchange, The Borough to Broadcasting House, Marylebone"
"LINESTRING (-0.142943 51.496863,-0.144228 51.518117", "From Allington Street, Victoria to Broadcasting House, Marylebone"
"LINESTRING (-0.123616 51.529943,-0.144228 51.518117", "From Belgrove Street , King's Cross to Broadcasting House, Marylebone"
"LINESTRING (-0.161765 51.487964,-0.144228 51.518117", "From Ormonde Gate, Chelsea to Broadcasting House, Marylebone"
"LINESTRING (-0.136039 51.519914,-0.144228 51.518117", "From Scala Street, Fitzrovia to Broadcasting House, Marylebone"
"LINESTRING (-0.101384 51.49652,-0.144228 51.518117", "From Ontario Street, Elephant & Castle to Broadcasting House, Marylebone"
"LINESTRING (-0.210941 51.504199,-0.144228 51.518117", "From Addison Road, Holland Park to Broadcasting House, Marylebone"
"LINESTRING (-0.215895 51.476885,-0.144228 51.518117", "From Finlay Street, Fulham to Broadcasting House, Marylebone"
"LINESTRING (-0.147154 51.537349,-0.144228 51.518117", "From Gloucester Avenue, Camden Town to Broadcasting House, Marylebone"
"LINESTRING (-0.1844 51.502042,-0.168074 51.5343", "From Palace Gate, Kensington Gardens to Charlbert Street, St. John's Wood"
"LINESTRING (-0.157183 51.52026,-0.168074 51.5343", "From Crawford Street, Marylebone to Charlbert Street, St. John's Wood"
"LINESTRING (-0.136052 51.527326,-0.168074 51.5343", "From Drummond Street , Euston to Charlbert Street, St. John's Wood"
"LINESTRING (-0.147154 51.537349,-0.168074 51.5343", "From Gloucester Avenue, Camden Town to Charlbert Street, St. John's Wood"
"LINESTRING (-0.168074 51.5343,-0.168074 51.5343", "From Charlbert Street, St. John's Wood to Charlbert Street, St. John's Wood"
"LINESTRING (-0.208888 51.5212,-0.168074 51.5343", "From Bevington Road West, North Kensington to Charlbert Street, St. John's Wood"
"LINESTRING (-0.13151 51.509639,-0.168074 51.5343", "From Panton Street, West End to Charlbert Street, St. John's Wood"
"LINESTRING (-0.17977 51.51348,-0.168074 51.5343", "From Devonshire Terrace, Bayswater to Charlbert Street, St. John's Wood"
"LINESTRING (-0.188098 51.517919,-0.168074 51.5343", "From Gloucester Terrace, Bayswater to Charlbert Street, St. John's Wood"
"LINESTRING (-0.158963 51.524517,-0.168074 51.5343", "From Park Road (Baker Street), The Regent's Park to Charlbert Street, St. John's Wood"
"LINESTRING (-0.160854 51.535892,-0.168074 51.5343", "From Prince Albert Road, The Regent's Park to Charlbert Street, St. John's Wood"
"LINESTRING (-0.161113 51.522596,-0.183486 51.529857", "From Dorset Square, Marylebone to Maida Vale, Maida Vale"
"LINESTRING (-0.147301 51.514105,-0.183486 51.529857", "From Woodstock Street, Mayfair to Maida Vale, Maida Vale"
"LINESTRING (-0.176268 51.524826,-0.183486 51.529857", "From Aberdeen Place, St. John's Wood to Maida Vale, Maida Vale"
"LINESTRING (-0.225787 51.514767,-0.183486 51.529857", "From BBC White City, White City to Maida Vale, Maida Vale"
"LINESTRING (-0.176268 51.524826,-0.183486 51.529857", "From Aberdeen Place, St. John's Wood to Maida Vale, Maida Vale"
"LINESTRING (-0.153645 51.512911,-0.183486 51.529857", "From North Audley Street, Mayfair to Maida Vale, Maida Vale"
"LINESTRING (-0.165842 51.522029,-0.183486 51.529857", "From Bell Street , Marylebone to Maida Vale, Maida Vale"
"LINESTRING (-0.173881 51.494412,-0.183486 51.529857", "From South Kensington Station, South Kensington to Maida Vale, Maida Vale"
"LINESTRING (-0.165668 51.524561,-0.183486 51.529857", "From Broadley Terrace, Marylebone to Maida Vale, Maida Vale"
"LINESTRING (-0.183834 51.497924,-0.183486 51.529857", "From Gloucester Road (North), Kensington to Maida Vale, Maida Vale"
"LINESTRING (-0.196422 51.509353,-0.183486 51.529857", "From Notting Hill Gate Station, Notting Hill to Maida Vale, Maida Vale"
"LINESTRING (-0.134407 51.526236,-0.183486 51.529857", "From Euston Road, Euston to Maida Vale, Maida Vale"
"LINESTRING (-0.164032 51.525194,-0.183486 51.529857", "From Rossmore Road, Marylebone to Maida Vale, Maida Vale"
"LINESTRING (-0.160854 51.535892,-0.183486 51.529857", "From Prince Albert Road, The Regent's Park to Maida Vale, Maida Vale"
"LINESTRING (-0.143495 51.509992,-0.183486 51.529857", "From Grafton Street, Mayfair to Maida Vale, Maida Vale"
"LINESTRING (-0.151926 51.516814,-0.183486 51.529857", "From Hinde Street, Marylebone to Maida Vale, Maida Vale"
"LINESTRING (-0.154907 51.522481,-0.183486 51.529857", "From Westminster University, Marylebone to Maida Vale, Maida Vale"
"LINESTRING (-0.13225 51.528833,-0.183486 51.529857", "From Doric Way , Somers Town to Maida Vale, Maida Vale"
"LINESTRING (-0.149569 51.50274,-0.183486 51.529857", "From Wellington Arch, Hyde Park to Maida Vale, Maida Vale"
"LINESTRING (-0.174554 51.499917,-0.183486 51.529857", "From Exhibition Road, Knightsbridge to Maida Vale, Maida Vale"
"LINESTRING (-0.160854 51.535892,-0.183486 51.529857", "From Prince Albert Road, The Regent's Park to Maida Vale, Maida Vale"
"LINESTRING (-0.18697 51.51616,-0.183486 51.529857", "From Bishop's Bridge Road West, Bayswater to Maida Vale, Maida Vale"
"LINESTRING (-0.18697 51.51616,-0.183486 51.529857", "From Bishop's Bridge Road West, Bayswater to Maida Vale, Maida Vale"
"LINESTRING (-0.07962 51.503493,-0.09644 51.507385", "From Tooley Street, Bermondsey to New Globe Walk, Bankside"
"LINESTRING (-0.116542 51.504636,-0.09644 51.507385", "From Jubilee Gardens, South Bank to New Globe Walk, Bankside"
"LINESTRING (-0.085814 51.495061,-0.09644 51.507385", "From Bricklayers Arms, Borough to New Globe Walk, Bankside"
"LINESTRING (-0.09022 51.491484,-0.09644 51.507385", "From Rodney Road , Walworth to New Globe Walk, Bankside"
"LINESTRING (-0.118256 51.47659,-0.09644 51.507385", "From Albert Square, Stockwell to New Globe Walk, Bankside"
"LINESTRING (-0.129925 51.493072,-0.09644 51.507385", "From Vincent Street, Pimlico to New Globe Walk, Bankside"
"LINESTRING (-0.082422 51.516154,-0.09644 51.507385", "From Wormwood Street, Liverpool Street to New Globe Walk, Bankside"
"LINESTRING (-0.113426 51.503919,-0.09644 51.507385", "From Waterloo Station 2, Waterloo to New Globe Walk, Bankside"
"LINESTRING (-0.09644 51.507385,-0.09644 51.507385", "From New Globe Walk, Bankside to New Globe Walk, Bankside"
"LINESTRING (-0.082422 51.516154,-0.09644 51.507385", "From Wormwood Street, Liverpool Street to New Globe Walk, Bankside"
"LINESTRING (-0.062697 51.518154,-0.09644 51.507385", "From New Road 1 , Whitechapel to New Globe Walk, Bankside"
"LINESTRING (-0.086685 51.517075,-0.09644 51.507385", "From Finsbury Circus, Liverpool Street to New Globe Walk, Bankside"
"LINESTRING (-0.113426 51.503919,-0.09644 51.507385", "From Waterloo Station 2, Waterloo to New Globe Walk, Bankside"
"LINESTRING (-0.087262 51.506304,-0.09644 51.507385", "From Duke Street Hill, London Bridge to New Globe Walk, Bankside"
"LINESTRING (-0.092921 51.494436,-0.092754 51.505974", "From New Kent Road, The Borough to Park Street, Bankside"
"LINESTRING (-0.116542 51.504636,-0.092754 51.505974", "From Jubilee Gardens, South Bank to Park Street, Bankside"
"LINESTRING (-0.09734 51.520841,-0.092754 51.505974", "From Aldersgate Street, Barbican to Park Street, Bankside"
"LINESTRING (-0.09644 51.507385,-0.092754 51.505974", "From New Globe Walk, Bankside to Park Street, Bankside"
"LINESTRING (-0.092754 51.505974,-0.092754 51.505974", "From Park Street, Bankside to Park Street, Bankside"
"LINESTRING (-0.134621 51.507424,-0.092754 51.505974", "From St. James's Square, St. James's to Park Street, Bankside"
"LINESTRING (-0.092921 51.494436,-0.092754 51.505974", "From New Kent Road, The Borough to Park Street, Bankside"
"LINESTRING (-0.083632 51.502153,-0.092754 51.505974", "From Snowsfields, London Bridge to Park Street, Bankside"
"LINESTRING (-0.134621 51.507424,-0.092754 51.505974", "From St. James's Square, St. James's to Park Street, Bankside"
"LINESTRING (-0.074189 51.502279,-0.092754 51.505974", "From Curlew Street, Shad Thames to Park Street, Bankside"
"LINESTRING (-0.082422 51.516154,-0.092754 51.505974", "From Wormwood Street, Liverpool Street to Park Street, Bankside"
"LINESTRING (-0.111014 51.493686,-0.092754 51.505974", "From Walnut Tree Walk, Vauxhall to Park Street, Bankside"
"LINESTRING (-0.079249 51.518908,-0.092754 51.505974", "From Brushfield Street, Liverpool Street to Park Street, Bankside"
"LINESTRING (-0.09644 51.507385,-0.092754 51.505974", "From New Globe Walk, Bankside to Park Street, Bankside"
"LINESTRING (-0.116191 51.535467,-0.122502 51.523951", "From Carnegie Street, King's Cross to Brunswick Square, Bloomsbury"
"LINESTRING (-0.118295 51.52728,-0.122502 51.523951", "From Ampton Street , Clerkenwell to Brunswick Square, Bloomsbury"
"LINESTRING (-0.05438 51.520019,-0.122502 51.523951", "From Ansell House, Stepney to Brunswick Square, Bloomsbury"
"LINESTRING (-0.116191 51.535467,-0.122502 51.523951", "From Carnegie Street, King's Cross to Brunswick Square, Bloomsbury"
"LINESTRING (-0.123616 51.529943,-0.122502 51.523951", "From Belgrove Street , King's Cross to Brunswick Square, Bloomsbury"
"LINESTRING (-0.127554 51.493978,-0.122502 51.523951", "From Page Street, Westminster to Brunswick Square, Bloomsbury"
"LINESTRING (-0.207842 51.471079,-0.122502 51.523951", "From Elysium Place, Fulham to Brunswick Square, Bloomsbury"
"LINESTRING (-0.08249 51.53558,-0.122502 51.523951", "From Pitfield Street North,Hoxton to Brunswick Square, Bloomsbury"
"LINESTRING (-0.118295 51.52728,-0.122502 51.523951", "From Ampton Street , Clerkenwell to Brunswick Square, Bloomsbury"
"LINESTRING (-0.174411 51.511933,-0.122502 51.523951", "From Bayswater Road, Hyde Park to Brunswick Square, Bloomsbury"
"LINESTRING (-0.117863 51.515208,-0.122502 51.523951", "From Sardinia Street, Holborn to Brunswick Square, Bloomsbury"
"LINESTRING (-0.141728 51.539099,-0.122502 51.523951", "From Greenland Road, Camden Town to Brunswick Square, Bloomsbury"
"LINESTRING (-0.138535 51.538792,-0.122502 51.523951", "From St Martins Close, Camden Town to Brunswick Square, Bloomsbury"
"LINESTRING (-0.157183 51.52026,-0.122502 51.523951", "From Crawford Street, Marylebone to Brunswick Square, Bloomsbury"
"LINESTRING (-0.100791 51.518218,-0.122502 51.523951", "From West Smithfield Rotunda, Farringdon to Brunswick Square, Bloomsbury"
"LINESTRING (-0.124678 51.51908,-0.122502 51.523951", "From British Museum, Bloomsbury to Brunswick Square, Bloomsbury"
"LINESTRING (-0.116688 51.520596,-0.122502 51.523951", "From Theobald's Road , Holborn to Brunswick Square, Bloomsbury"
"LINESTRING (-0.127854 51.517727,-0.122502 51.523951", "From Great Russell Street, Bloomsbury to Brunswick Square, Bloomsbury"
"LINESTRING (-0.125972 51.49764,-0.122502 51.523951", "From Abingdon Green, Westminster to Brunswick Square, Bloomsbury"
"LINESTRING (-0.114079 51.522264,-0.122502 51.523951", "From Northington Street , Holborn to Brunswick Square, Bloomsbury"
"LINESTRING (-0.13225 51.528833,-0.122502 51.523951", "From Doric Way , Somers Town to Brunswick Square, Bloomsbury"
"LINESTRING (-0.133952 51.536264,-0.122502 51.523951", "From Royal College Street, Camden Town to Brunswick Square, Bloomsbury"
"LINESTRING (-0.129386 51.534123,-0.122502 51.523951", "From Pancras Road, King's Cross to Brunswick Square, Bloomsbury"
"LINESTRING (-0.129386 51.534123,-0.122502 51.523951", "From Pancras Road, King's Cross to Brunswick Square, Bloomsbury"
"LINESTRING (-0.112432 51.526599,-0.122502 51.523951", "From Margery Street, Clerkenwell to Brunswick Square, Bloomsbury"
"LINESTRING (-0.138535 51.538792,-0.122502 51.523951", "From St Martins Close, Camden Town to Brunswick Square, Bloomsbury"
"LINESTRING (-0.125441 51.541596,-0.122502 51.523951", "From York Way, Kings Cross to Brunswick Square, Bloomsbury"
"LINESTRING (-0.119558 51.528279,-0.122502 51.523951", "From Cromer Street, Bloomsbury to Brunswick Square, Bloomsbury"
"LINESTRING (-0.120202 51.523346,-0.122502 51.523951", "From Guilford Street , Bloomsbury to Brunswick Square, Bloomsbury"
"LINESTRING (-0.078505 51.53095,-0.130431 51.52168", "From Falkirk Street, Hoxton to Malet Street, Bloomsbury"
"LINESTRING (-0.116191 51.535467,-0.130431 51.52168", "From Carnegie Street, King's Cross to Malet Street, Bloomsbury"
"LINESTRING (-0.116191 51.535467,-0.130431 51.52168", "From Carnegie Street, King's Cross to Malet Street, Bloomsbury"
"LINESTRING (-0.141423 51.514499,-0.130431 51.52168", "From Little Argyll Street, West End to Malet Street, Bloomsbury"
"LINESTRING (-0.099994 51.522853,-0.130431 51.52168", "From Berry Street, Clerkenwell to Malet Street, Bloomsbury"
"LINESTRING (-0.123616 51.529943,-0.130431 51.52168", "From Belgrove Street , King's Cross to Malet Street, Bloomsbury"
"LINESTRING (-0.141728 51.539099,-0.130431 51.52168", "From Greenland Road, Camden Town to Malet Street, Bloomsbury"
"LINESTRING (-0.130431 51.52168,-0.130431 51.52168", "From Malet Street, Bloomsbury to Malet Street, Bloomsbury"
"LINESTRING (-0.141423 51.514499,-0.130431 51.52168", "From Little Argyll Street, West End to Malet Street, Bloomsbury"
"LINESTRING (-0.158249 51.516892,-0.130431 51.52168", "From George Place Mews, Marylebone to Malet Street, Bloomsbury"
"LINESTRING (-0.116279 51.524564,-0.130431 51.52168", "From Wren Street, Holborn to Malet Street, Bloomsbury"
"LINESTRING (-0.112824 51.503791,-0.130431 51.52168", "From Waterloo Station 3, Waterloo to Malet Street, Bloomsbury"
"LINESTRING (-0.120973 51.530059,-0.130431 51.52168", "From St. Chad's Street, King's Cross to Malet Street, Bloomsbury"
"LINESTRING (-0.11548 51.528915,-0.130431 51.52168", "From Great Percy Street, Clerkenwell to Malet Street, Bloomsbury"
"LINESTRING (-0.118478 51.514409,-0.130431 51.52168", "From Kingsway, Covent Garden to Malet Street, Bloomsbury"
"LINESTRING (-0.130431 51.52168,-0.130431 51.52168", "From Malet Street, Bloomsbury to Malet Street, Bloomsbury"
"LINESTRING (-0.100292 51.501732,-0.130431 51.52168", "From Great Suffolk Street, The Borough to Malet Street, Bloomsbury"
"LINESTRING (-0.130431 51.52168,-0.130431 51.52168", "From Malet Street, Bloomsbury to Malet Street, Bloomsbury"
"LINESTRING (-0.091938 51.492807,-0.130431 51.52168", "From Victory Place, Walworth to Malet Street, Bloomsbury"
"LINESTRING (-0.130431 51.52168,-0.130431 51.52168", "From Malet Street, Bloomsbury to Malet Street, Bloomsbury"
"LINESTRING (-0.10997 51.529163,-0.130431 51.52168", "From River Street , Clerkenwell to Malet Street, Bloomsbury"
"LINESTRING (-0.107987 51.517428,-0.130431 51.52168", "From New Fetter Lane, Holborn to Malet Street, Bloomsbury"
"LINESTRING (-0.119558 51.528279,-0.130431 51.52168", "From Cromer Street, Bloomsbury to Malet Street, Bloomsbury"
"LINESTRING (-0.120202 51.523346,-0.130431 51.52168", "From Guilford Street , Bloomsbury to Malet Street, Bloomsbury"
"LINESTRING (-0.113426 51.503919,-0.130431 51.52168", "From Waterloo Station 2, Waterloo to Malet Street, Bloomsbury"
"LINESTRING (-0.128279 51.5293,-0.130431 51.52168", "From Ossulston Street, Somers Town to Malet Street, Bloomsbury"
"LINESTRING (-0.145246 51.539957,-0.130431 51.52168", "From Arlington Road, Camden Town to Malet Street, Bloomsbury"
"LINESTRING (-0.165164 51.514746,-0.130431 51.52168", "From Porchester Place, Paddington to Malet Street, Bloomsbury"
"LINESTRING (-0.161113 51.522596,-0.130431 51.52168", "From Dorset Square, Marylebone to Malet Street, Bloomsbury"
"LINESTRING (-0.164393 51.516517,-0.130431 51.52168", "From Nutford Place, Marylebone to Malet Street, Bloomsbury"
"LINESTRING (-0.124121 51.523418,-0.130431 51.52168", "From Russell Square Station, Bloomsbury to Malet Street, Bloomsbury"
"LINESTRING (-0.119643 51.511756,-0.130431 51.52168", "From Wellington Street , Strand to Malet Street, Bloomsbury"
"LINESTRING (-0.174411 51.511933,-0.130431 51.52168", "From Bayswater Road, Hyde Park to Malet Street, Bloomsbury"
"LINESTRING (-0.138072 51.517344,-0.136039 51.519914", "From Wells Street, Fitzrovia to Scala Street, Fitzrovia"
"LINESTRING (-0.187402 51.51031,-0.136039 51.519914", "From Queensway, Kensington Gardens to Scala Street, Fitzrovia"
"LINESTRING (-0.12335 51.51746,-0.136039 51.519914", "From Bury Place, Holborn to Scala Street, Fitzrovia"
"LINESTRING (-0.168074 51.5343,-0.136039 51.519914", "From Charlbert Street, St. John's Wood to Scala Street, Fitzrovia"
"LINESTRING (-0.151359 51.522008,-0.136039 51.519914", "From Beaumont Street, Marylebone to Scala Street, Fitzrovia"
"LINESTRING (-0.138019 51.524438,-0.136039 51.519914", "From Warren Street Station, Euston to Scala Street, Fitzrovia"
"LINESTRING (-0.100791 51.518218,-0.136039 51.519914", "From West Smithfield Rotunda, Farringdon to Scala Street, Fitzrovia"
"LINESTRING (-0.145211 51.520715,-0.136039 51.519914", "From Portland Place, Marylebone to Scala Street, Fitzrovia"
"LINESTRING (-0.111778 51.515937,-0.136039 51.519914", "From Breams Buildings, Holborn to Scala Street, Fitzrovia"
"LINESTRING (-0.09315 51.53356,-0.136039 51.519914", "From Eagle Wharf Road, Hoxton to Scala Street, Fitzrovia"
"LINESTRING (-0.123616 51.529943,-0.136039 51.519914", "From Belgrove Street , King's Cross to Scala Street, Fitzrovia"
"LINESTRING (-0.070329 51.539083,-0.136039 51.519914", "From Shoreditch Court, Haggerston to Scala Street, Fitzrovia"
"LINESTRING (-0.165668 51.524561,-0.136039 51.519914", "From Broadley Terrace, Marylebone to Scala Street, Fitzrovia"
"LINESTRING (-0.154907 51.522481,-0.136039 51.519914", "From Westminster University, Marylebone to Scala Street, Fitzrovia"
"LINESTRING (-0.117774 51.513875,-0.123616 51.529943", "From Kingsway Southbound, Strand to Belgrove Street , King's Cross"
"LINESTRING (-0.113936 51.500139,-0.123616 51.529943", "From Lower Marsh, Waterloo to Belgrove Street , King's Cross"
"LINESTRING (-0.136039 51.519914,-0.123616 51.529943", "From Scala Street, Fitzrovia to Belgrove Street , King's Cross"
"LINESTRING (-0.111781 51.533319,-0.123616 51.529943", "From Risinghill Street, Angel to Belgrove Street , King's Cross"
"LINESTRING (-0.091773 51.504627,-0.123616 51.529943", "From Hop Exchange, The Borough to Belgrove Street , King's Cross"
"LINESTRING (-0.126409 51.524,-0.123616 51.529943", "From Coram Street, Bloomsbury to Belgrove Street , King's Cross"
"LINESTRING (-0.116279 51.524564,-0.123616 51.529943", "From Wren Street, Holborn to Belgrove Street , King's Cross"
"LINESTRING (-0.138231 51.525542,-0.123616 51.529943", "From Hampstead Road, Euston to Belgrove Street , King's Cross"
"LINESTRING (-0.123616 51.529943,-0.123616 51.529943", "From Belgrove Street , King's Cross to Belgrove Street , King's Cross"
"LINESTRING (-0.118295 51.52728,-0.123616 51.529943", "From Ampton Street , Clerkenwell to Belgrove Street , King's Cross"
"LINESTRING (-0.145211 51.520715,-0.123616 51.529943", "From Portland Place, Marylebone to Belgrove Street , King's Cross"
"LINESTRING (-0.113864 51.504027,-0.123616 51.529943", "From Waterloo Station 1, Waterloo to Belgrove Street , King's Cross"
"LINESTRING (-0.077178 51.514449,-0.123616 51.529943", "From Houndsditch, Aldgate to Belgrove Street , King's Cross"
"LINESTRING (-0.138212 51.481335,-0.123616 51.529943", "From Riverlight South, Nine Elms to Belgrove Street , King's Cross"
"LINESTRING (-0.122759 51.487807,-0.123616 51.529943", "From New Spring Gardens Walk, Vauxhall to Belgrove Street , King's Cross"
"LINESTRING (-0.148105 51.514759,-0.123616 51.529943", "From Marylebone Lane, Marylebone to Belgrove Street , King's Cross"
"LINESTRING (-0.135025 51.518162,-0.123616 51.529943", "From Rathbone Street, Fitzrovia to Belgrove Street , King's Cross"
"LINESTRING (-0.104708 51.52326,-0.123616 51.529943", "From Clerkenwell Green, Clerkenwell to Belgrove Street , King's Cross"
"LINESTRING (-0.122759 51.487807,-0.123616 51.529943", "From New Spring Gardens Walk, Vauxhall to Belgrove Street , King's Cross"
"LINESTRING (-0.115533 51.504942,-0.123616 51.529943", "From Concert Hall Approach 2, South Bank to Belgrove Street , King's Cross"
"LINESTRING (-0.111781 51.533319,-0.123616 51.529943", "From Risinghill Street, Angel to Belgrove Street , King's Cross"
"LINESTRING (-0.13214 51.519572,-0.123616 51.529943", "From Store Street, Bloomsbury to Belgrove Street , King's Cross"
"LINESTRING (-0.121723 51.510701,-0.123616 51.529943", "From Southampton Street, Strand to Belgrove Street , King's Cross"
"LINESTRING (-0.118677 51.5338,-0.123616 51.529943", "From Killick Street, King's Cross to Belgrove Street , King's Cross"
"LINESTRING (-0.120202 51.523346,-0.123616 51.529943", "From Guilford Street , Bloomsbury to Belgrove Street , King's Cross"
"LINESTRING (-0.134621 51.507424,-0.123616 51.529943", "From St. James's Square, St. James's to Belgrove Street , King's Cross"
"LINESTRING (-0.087587 51.514441,-0.123616 51.529943", "From Bank of England Museum, Bank to Belgrove Street , King's Cross"
"LINESTRING (-0.123616 51.529943,-0.123616 51.529943", "From Belgrove Street , King's Cross to Belgrove Street , King's Cross"
"LINESTRING (-0.113656 51.505354,-0.123616 51.529943", "From Waterloo Bridge, South Bank to Belgrove Street , King's Cross"
"LINESTRING (-0.116688 51.520596,-0.123616 51.529943", "From Theobald's Road , Holborn to Belgrove Street , King's Cross"
"LINESTRING (-0.084439 51.524696,-0.123616 51.529943", "From Leonard Circus , Shoreditch to Belgrove Street , King's Cross"
"LINESTRING (-0.126409 51.524,-0.123616 51.529943", "From Coram Street, Bloomsbury to Belgrove Street , King's Cross"
"LINESTRING (-0.111781 51.533319,-0.123616 51.529943", "From Risinghill Street, Angel to Belgrove Street , King's Cross"
"LINESTRING (-0.116628 51.500089,-0.123616 51.529943", "From Lambeth Palace Road, Waterloo to Belgrove Street , King's Cross"
"LINESTRING (-0.124678 51.51908,-0.123616 51.529943", "From British Museum, Bloomsbury to Belgrove Street , King's Cross"
"LINESTRING (-0.084439 51.524696,-0.123616 51.529943", "From Leonard Circus , Shoreditch to Belgrove Street , King's Cross"
"LINESTRING (-0.147203 51.515308,-0.123616 51.529943", "From Chapel Place, Marylebone to Belgrove Street , King's Cross"
"LINESTRING (-0.06111 51.518675,-0.123616 51.529943", "From Royal London Hospital, Whitechapel to Belgrove Street , King's Cross"
"LINESTRING (-0.116191 51.535467,-0.123616 51.529943", "From Carnegie Street, King's Cross to Belgrove Street , King's Cross"
"LINESTRING (-0.131961 51.508446,-0.123616 51.529943", "From Charles II Street, West End to Belgrove Street , King's Cross"
"LINESTRING (-0.122219 51.51477,-0.123616 51.529943", "From Drury Lane, Covent Garden to Belgrove Street , King's Cross"
"LINESTRING (-0.123616 51.529943,-0.123616 51.529943", "From Belgrove Street , King's Cross to Belgrove Street , King's Cross"
"LINESTRING (-0.145393 51.542138,-0.123616 51.529943", "From Castlehaven Road, Camden Town to Belgrove Street , King's Cross"
"LINESTRING (-0.116279 51.524564,-0.123616 51.529943", "From Wren Street, Holborn to Belgrove Street , King's Cross"
"LINESTRING (-0.147983 51.519167,-0.123616 51.529943", "From New Cavendish Street, Marylebone to Belgrove Street , King's Cross"
"LINESTRING (-0.132053 51.518587,-0.123616 51.529943", "From Bayley Street , Bloomsbury to Belgrove Street , King's Cross"
"LINESTRING (-0.122502 51.523951,-0.123616 51.529943", "From Brunswick Square, Bloomsbury to Belgrove Street , King's Cross"
"LINESTRING (-0.164207 51.517372,-0.123616 51.529943", "From Harrowby Street, Marylebone to Belgrove Street , King's Cross"
"LINESTRING (-0.106408 51.530515,-0.123616 51.529943", "From Chadwell Street, Angel to Belgrove Street , King's Cross"
"LINESTRING (-0.124807 51.53724,-0.123616 51.529943", "From Handyside Street, King's Cross to Belgrove Street , King's Cross"
"LINESTRING (-0.144466 51.528302,-0.123616 51.529943", "From Albany Street, The Regent's Park to Belgrove Street , King's Cross"
"LINESTRING (-0.118295 51.52728,-0.123616 51.529943", "From Ampton Street , Clerkenwell to Belgrove Street , King's Cross"
"LINESTRING (-0.136039 51.519914,-0.123616 51.529943", "From Scala Street, Fitzrovia to Belgrove Street , King's Cross"
"LINESTRING (-0.122219 51.51477,-0.123616 51.529943", "From Drury Lane, Covent Garden to Belgrove Street , King's Cross"
"LINESTRING (-0.132328 51.515631,-0.123616 51.529943", "From Soho Square , Soho to Belgrove Street , King's Cross"
"LINESTRING (-0.166221 51.490714,-0.123616 51.529943", "From Chelsea Green, Chelsea to Belgrove Street , King's Cross"
"LINESTRING (-0.090847 51.525893,-0.123616 51.529943", "From Bath Street, St. Luke's to Belgrove Street , King's Cross"
"LINESTRING (-0.075885 51.536585,-0.123616 51.529943", "From Dunston Road , Haggerston to Belgrove Street , King's Cross"
"LINESTRING (-0.121723 51.510701,-0.123616 51.529943", "From Southampton Street, Strand to Belgrove Street , King's Cross"
"LINESTRING (-0.17677 51.530889,-0.123616 51.529943", "From Grove End Road, St. John's Wood to Belgrove Street , King's Cross"
"LINESTRING (-0.151359 51.522008,-0.123616 51.529943", "From Beaumont Street, Marylebone to Belgrove Street , King's Cross"
"LINESTRING (-0.109256 51.526443,-0.123616 51.529943", "From Tysoe Street, Clerkenwell to Belgrove Street , King's Cross"
"LINESTRING (-0.171103 51.518268,-0.123616 51.529943", "From St Mary's Hospital, Paddington to Belgrove Street , King's Cross"
"LINESTRING (-0.11655 51.51824,-0.123616 51.529943", "From Red Lion Street, Holborn to Belgrove Street , King's Cross"
"LINESTRING (-0.138231 51.525542,-0.123616 51.529943", "From Hampstead Road, Euston to Belgrove Street , King's Cross"
"LINESTRING (-0.13558 51.513684,-0.123616 51.529943", "From Broadwick Street, Soho to Belgrove Street , King's Cross"
"LINESTRING (-0.053558 51.511066,-0.123616 51.529943", "From Sutton Street, Shadwell to Belgrove Street , King's Cross"
"LINESTRING (-0.145904 51.507069,-0.123616 51.529943", "From Curzon Street, Mayfair to Belgrove Street , King's Cross"
"LINESTRING (-0.187402 51.51031,-0.123616 51.529943", "From Queensway, Kensington Gardens to Belgrove Street , King's Cross"
"LINESTRING (-0.123616 51.529943,-0.123616 51.529943", "From Belgrove Street , King's Cross to Belgrove Street , King's Cross"
"LINESTRING (-0.133201 51.512515,-0.123616 51.529943", "From Wardour Street, Soho to Belgrove Street , King's Cross"
"LINESTRING (-0.138019 51.524438,-0.123616 51.529943", "From Warren Street Station, Euston to Belgrove Street , King's Cross"
"LINESTRING (-0.125979 51.526357,-0.123616 51.529943", "From Cartwright Gardens , Bloomsbury to Belgrove Street , King's Cross"
"LINESTRING (-0.165164 51.514746,-0.123616 51.529943", "From Porchester Place, Paddington to Belgrove Street , King's Cross"
"LINESTRING (-0.118272 51.516277,-0.123616 51.529943", "From Lincoln's Inn Fields, Holborn to Belgrove Street , King's Cross"
"LINESTRING (-0.137043 51.511897,-0.123616 51.529943", "From Golden Square, Soho to Belgrove Street , King's Cross"
"LINESTRING (-0.144228 51.518117,-0.123616 51.529943", "From Broadcasting House, Marylebone to Belgrove Street , King's Cross"
"LINESTRING (-0.104193 51.49605,-0.127854 51.517727", "From Gaywood  Street, Elephant & Castle to Great Russell Street, Bloomsbury"
"LINESTRING (-0.125441 51.541596,-0.127854 51.517727", "From York Way, Kings Cross to Great Russell Street, Bloomsbury"
"LINESTRING (-0.118295 51.52728,-0.127854 51.517727", "From Ampton Street , Clerkenwell to Great Russell Street, Bloomsbury"
"LINESTRING (-0.144466 51.528302,-0.127854 51.517727", "From Albany Street, The Regent's Park to Great Russell Street, Bloomsbury"
"LINESTRING (-0.139016 51.520994,-0.127854 51.517727", "From Howland Street, Fitzrovia to Great Russell Street, Bloomsbury"
"LINESTRING (-0.124121 51.523418,-0.127854 51.517727", "From Russell Square Station, Bloomsbury to Great Russell Street, Bloomsbury"
"LINESTRING (-0.109256 51.526443,-0.127854 51.517727", "From Tysoe Street, Clerkenwell to Great Russell Street, Bloomsbury"
"LINESTRING (-0.116191 51.535467,-0.127854 51.517727", "From Carnegie Street, King's Cross to Great Russell Street, Bloomsbury"
"LINESTRING (-0.118295 51.52728,-0.127854 51.517727", "From Ampton Street , Clerkenwell to Great Russell Street, Bloomsbury"
"LINESTRING (-0.088542 51.527025,-0.127854 51.517727", "From Baldwin Street, St. Luke's to Great Russell Street, Bloomsbury"
"LINESTRING (-0.122831 51.472509,-0.127854 51.517727", "From Binfield Road, Stockwell to Great Russell Street, Bloomsbury"
"LINESTRING (-0.122502 51.523951,-0.127854 51.517727", "From Brunswick Square, Bloomsbury to Great Russell Street, Bloomsbury"
"LINESTRING (-0.162298 51.522511,-0.127854 51.517727", "From Boston Place, Marylebone to Great Russell Street, Bloomsbury"
"LINESTRING (-0.112031 51.49914,-0.127854 51.517727", "From Lambeth North Station, Waterloo to Great Russell Street, Bloomsbury"
"LINESTRING (-0.142783 51.51196,-0.127854 51.517727", "From St. George Street, Mayfair to Great Russell Street, Bloomsbury"
"LINESTRING (-0.118478 51.514409,-0.127854 51.517727", "From Kingsway, Covent Garden to Great Russell Street, Bloomsbury"
"LINESTRING (-0.073955 51.526293,-0.127854 51.517727", "From Palissy Street, Shoreditch to Great Russell Street, Bloomsbury"
"LINESTRING (-0.150181 51.536922,-0.127854 51.517727", "From London Zoo Car Park, The Regent's Park to Great Russell Street, Bloomsbury"
"LINESTRING (-0.138231 51.525542,-0.127854 51.517727", "From Hampstead Road, Euston to Great Russell Street, Bloomsbury"
"LINESTRING (-0.138231 51.525542,-0.127854 51.517727", "From Hampstead Road, Euston to Great Russell Street, Bloomsbury"
"LINESTRING (-0.126409 51.524,-0.127854 51.517727", "From Coram Street, Bloomsbury to Great Russell Street, Bloomsbury"
"LINESTRING (-0.11655 51.51824,-0.127854 51.517727", "From Red Lion Street, Holborn to Great Russell Street, Bloomsbury"
"LINESTRING (-0.158963 51.524517,-0.127854 51.517727", "From Park Road (Baker Street), The Regent's Park to Great Russell Street, Bloomsbury"
"LINESTRING (-0.154701 51.520583,-0.127854 51.517727", "From Paddington Street, Marylebone to Great Russell Street, Bloomsbury"
"LINESTRING (-0.083159 51.500889,-0.127854 51.517727", "From Tyers Gate, Bermondsey to Great Russell Street, Bloomsbury"
"LINESTRING (-0.19096 51.51244,-0.127854 51.517727", "From Ilchester Gardens, Bayswater to Great Russell Street, Bloomsbury"
"LINESTRING (-0.116542 51.504636,-0.125979 51.526357", "From Jubilee Gardens, South Bank to Cartwright Gardens , Bloomsbury"
"LINESTRING (-0.13011 51.513527,-0.125979 51.526357", "From Moor Street, Soho to Cartwright Gardens , Bloomsbury"
"LINESTRING (-0.130431 51.52168,-0.125979 51.526357", "From Malet Street, Bloomsbury to Cartwright Gardens , Bloomsbury"
"LINESTRING (-0.123702 51.506767,-0.125979 51.526357", "From Northumberland Avenue, Strand to Cartwright Gardens , Bloomsbury"
"LINESTRING (-0.144466 51.528302,-0.125979 51.526357", "From Albany Street, The Regent's Park to Cartwright Gardens , Bloomsbury"
"LINESTRING (-0.144228 51.518117,-0.125979 51.526357", "From Broadcasting House, Marylebone to Cartwright Gardens , Bloomsbury"
"LINESTRING (-0.154701 51.520583,-0.125979 51.526357", "From Paddington Street, Marylebone to Cartwright Gardens , Bloomsbury"
"LINESTRING (-0.139016 51.520994,-0.125979 51.526357", "From Howland Street, Fitzrovia to Cartwright Gardens , Bloomsbury"
"LINESTRING (-0.132053 51.518587,-0.125979 51.526357", "From Bayley Street , Bloomsbury to Cartwright Gardens , Bloomsbury"
"LINESTRING (-0.138231 51.525542,-0.125979 51.526357", "From Hampstead Road, Euston to Cartwright Gardens , Bloomsbury"
"LINESTRING (-0.125078 51.534667,-0.125979 51.526357", "From Good's Way, King's Cross to Cartwright Gardens , Bloomsbury"
"LINESTRING (-0.138019 51.524438,-0.125979 51.526357", "From Warren Street Station, Euston to Cartwright Gardens , Bloomsbury"
"LINESTRING (-0.118272 51.516277,-0.109006 51.521661", "From Lincoln's Inn Fields, Holborn to Hatton Wall, Holborn"
"LINESTRING (-0.109006 51.521661,-0.109006 51.521661", "From Hatton Wall, Holborn to Hatton Wall, Holborn"
"LINESTRING (-0.148059 51.472865,-0.109006 51.521661", "From Silverthorne Road, Battersea to Hatton Wall, Holborn"
"LINESTRING (-0.074754 51.523648,-0.109006 51.521661", "From Bethnal Green Road, Shoreditch to Hatton Wall, Holborn"
"LINESTRING (-0.066078 51.514924,-0.109006 51.521661", "From LMU Commercial Road, Whitechapel to Hatton Wall, Holborn"
"LINESTRING (-0.145827 51.507326,-0.109006 51.521661", "From Clarges Street, Mayfair to Hatton Wall, Holborn"
"LINESTRING (-0.114079 51.522264,-0.109006 51.521661", "From Northington Street , Holborn to Hatton Wall, Holborn"
"LINESTRING (-0.062546 51.535678,-0.109006 51.521661", "From Regent's Row , Haggerston to Hatton Wall, Holborn"
"LINESTRING (-0.06142 51.532091,-0.109006 51.521661", "From Pritchard's Road, Bethnal Green to Hatton Wall, Holborn"
"LINESTRING (-0.026262 51.536039,-0.109006 51.521661", "From Wendon Street, Old Ford to Hatton Wall, Holborn"
"LINESTRING (-0.111435 51.48894,-0.109006 51.521661", "From Kennington Cross, Kennington to Hatton Wall, Holborn"
"LINESTRING (-0.079248 51.524526,-0.109006 51.521661", "From New Inn Yard, Shoreditch to Hatton Wall, Holborn"
"LINESTRING (-0.096317 51.526008,-0.109006 51.521661", "From Finsbury Leisure Centre, St. Luke's to Hatton Wall, Holborn"
"LINESTRING (-0.098807 51.506725,-0.109006 51.521661", "From Tate Modern, Bankside to Hatton Wall, Holborn"
"LINESTRING (-0.113864 51.504027,-0.109006 51.521661", "From Waterloo Station 1, Waterloo to Hatton Wall, Holborn"
"LINESTRING (-0.07813 51.526377,-0.109006 51.521661", "From Shoreditch High Street, Shoreditch to Hatton Wall, Holborn"
"LINESTRING (-0.122219 51.51477,-0.109006 51.521661", "From Drury Lane, Covent Garden to Hatton Wall, Holborn"
"LINESTRING (-0.151926 51.516814,-0.109006 51.521661", "From Hinde Street, Marylebone to Hatton Wall, Holborn"
"LINESTRING (-0.147983 51.519167,-0.109006 51.521661", "From New Cavendish Street, Marylebone to Hatton Wall, Holborn"
"LINESTRING (-0.128585 51.516118,-0.109006 51.521661", "From Earnshaw Street , Covent Garden to Hatton Wall, Holborn"
"LINESTRING (-0.123616 51.529943,-0.109006 51.521661", "From Belgrove Street , King's Cross to Hatton Wall, Holborn"
"LINESTRING (-0.125979 51.526357,-0.109006 51.521661", "From Cartwright Gardens , Bloomsbury to Hatton Wall, Holborn"
"LINESTRING (-0.106823 51.508033,-0.109006 51.521661", "From Sea Containers, South Bank to Hatton Wall, Holborn"
"LINESTRING (-0.123616 51.529943,-0.109006 51.521661", "From Belgrove Street , King's Cross to Hatton Wall, Holborn"
"LINESTRING (-0.11655 51.51824,-0.109006 51.521661", "From Red Lion Street, Holborn to Hatton Wall, Holborn"
"LINESTRING (-0.122299 51.530199,-0.109006 51.521661", "From Birkenhead Street, King's Cross to Hatton Wall, Holborn"
"LINESTRING (-0.06142 51.532091,-0.109006 51.521661", "From Pritchard's Road, Bethnal Green to Hatton Wall, Holborn"
"LINESTRING (-0.116688 51.520596,-0.109006 51.521661", "From Theobald's Road , Holborn to Hatton Wall, Holborn"
"LINESTRING (-0.114686 51.506133,-0.109006 51.521661", "From Belvedere Road 1, South Bank to Hatton Wall, Holborn"
"LINESTRING (-0.096191 51.498597,-0.109006 51.521661", "From Harper Road, The Borough to Hatton Wall, Holborn"
"LINESTRING (-0.084439 51.524696,-0.109006 51.521661", "From Leonard Circus , Shoreditch to Hatton Wall, Holborn"
"LINESTRING (-0.101536 51.49217,-0.109006 51.521661", "From Hampton Street, Walworth to Hatton Wall, Holborn"
"LINESTRING (-0.102757 51.536384,-0.109006 51.521661", "From Islington Green, Angel to Hatton Wall, Holborn"
"LINESTRING (-0.065076 51.52388,-0.109006 51.521661", "From Cheshire Street, Bethnal Green to Hatton Wall, Holborn"
"LINESTRING (-0.093421 51.529154,-0.109006 51.521661", "From Windsor Terrace, Hoxton to Hatton Wall, Holborn"
"LINESTRING (-0.11934 51.531066,-0.109006 51.521661", "From Northdown Street, King's Cross to Hatton Wall, Holborn"
"LINESTRING (-0.125674 51.491884,-0.109006 51.521661", "From Millbank Tower, Pimlico to Hatton Wall, Holborn"
"LINESTRING (-0.137043 51.511897,-0.109006 51.521661", "From Golden Square, Soho to Hatton Wall, Holborn"
"LINESTRING (-0.13151 51.509639,-0.122219 51.51477", "From Panton Street, West End to Drury Lane, Covent Garden"
"LINESTRING (-0.114934 51.49288,-0.122219 51.51477", "From Lollard Street, Vauxhall to Drury Lane, Covent Garden"
"LINESTRING (-0.109006 51.521661,-0.122219 51.51477", "From Hatton Wall, Holborn to Drury Lane, Covent Garden"
"LINESTRING (-0.172528 51.533043,-0.122219 51.51477", "From Wellington Road, St. John's Wood to Drury Lane, Covent Garden"
"LINESTRING (-0.079249 51.518908,-0.122219 51.51477", "From Brushfield Street, Liverpool Street to Drury Lane, Covent Garden"
"LINESTRING (-0.111014 51.493686,-0.122219 51.51477", "From Walnut Tree Walk, Vauxhall to Drury Lane, Covent Garden"
"LINESTRING (-0.13214 51.519572,-0.122219 51.51477", "From Store Street, Bloomsbury to Drury Lane, Covent Garden"
"LINESTRING (-0.111435 51.48894,-0.122219 51.51477", "From Kennington Cross, Kennington to Drury Lane, Covent Garden"
"LINESTRING (-0.163609 51.51809,-0.122219 51.51477", "From Shouldham Street, Marylebone to Drury Lane, Covent Garden"
"LINESTRING (-0.117122 51.490994,-0.122219 51.51477", "From Black Prince Road, Vauxhall to Drury Lane, Covent Garden"
"LINESTRING (-0.114934 51.49288,-0.122219 51.51477", "From Lollard Street, Vauxhall to Drury Lane, Covent Garden"
"LINESTRING (-0.132328 51.515631,-0.122219 51.51477", "From Soho Square , Soho to Drury Lane, Covent Garden"
"LINESTRING (-0.081608 51.497855,-0.122219 51.51477", "From Bermondsey Street, Bermondsey to Drury Lane, Covent Garden"
"LINESTRING (-0.113864 51.504027,-0.122219 51.51477", "From Waterloo Station 1, Waterloo to Drury Lane, Covent Garden"
"LINESTRING (-0.164786 51.477292,-0.122219 51.51477", "From Ethelburga Estate, Battersea Park to Drury Lane, Covent Garden"
"LINESTRING (-0.113656 51.505354,-0.122219 51.51477", "From Waterloo Bridge, South Bank to Drury Lane, Covent Garden"
"LINESTRING (-0.193502 51.467064,-0.122219 51.51477", "From South Park, Sands End to Drury Lane, Covent Garden"
"LINESTRING (-0.13151 51.509639,-0.122219 51.51477", "From Panton Street, West End to Drury Lane, Covent Garden"
"LINESTRING (-0.097441 51.511961,-0.122219 51.51477", "From Queen Victoria Street, St. Paul's to Drury Lane, Covent Garden"
"LINESTRING (-0.125441 51.541596,-0.122219 51.51477", "From York Way, Kings Cross to Drury Lane, Covent Garden"
"LINESTRING (-0.136039 51.519914,-0.122219 51.51477", "From Scala Street, Fitzrovia to Drury Lane, Covent Garden"
"LINESTRING (-0.125078 51.534667,-0.122219 51.51477", "From Good's Way, King's Cross to Drury Lane, Covent Garden"
"LINESTRING (-0.111257 51.514274,-0.122219 51.51477", "From Chancery Lane, Holborn to Drury Lane, Covent Garden"
"LINESTRING (-0.141423 51.514499,-0.122219 51.51477", "From Little Argyll Street, West End to Drury Lane, Covent Garden"
"LINESTRING (-0.126021 51.508103,-0.122219 51.51477", "From Craven Street, Strand to Drury Lane, Covent Garden"
"LINESTRING (-0.111435 51.48894,-0.122219 51.51477", "From Kennington Cross, Kennington to Drury Lane, Covent Garden"
"LINESTRING (-0.113426 51.503919,-0.122219 51.51477", "From Waterloo Station 2, Waterloo to Drury Lane, Covent Garden"
"LINESTRING (-0.055167 51.508447,-0.122219 51.51477", "From Garnet Street, Shadwell to Drury Lane, Covent Garden"
"LINESTRING (-0.118295 51.52728,-0.122219 51.51477", "From Ampton Street , Clerkenwell to Drury Lane, Covent Garden"
"LINESTRING (-0.055167 51.508447,-0.122219 51.51477", "From Garnet Street, Shadwell to Drury Lane, Covent Garden"
"LINESTRING (-0.09315 51.53356,-0.122219 51.51477", "From Eagle Wharf Road, Hoxton to Drury Lane, Covent Garden"
"LINESTRING (-0.103078 51.511934,-0.122219 51.51477", "From Blackfriars Station, St. Paul's to Drury Lane, Covent Garden"
"LINESTRING (-0.124807 51.53724,-0.122219 51.51477", "From Handyside Street, King's Cross to Drury Lane, Covent Garden"
"LINESTRING (-0.06555 51.528681,-0.122219 51.51477", "From Durant Street, Bethnal Green to Drury Lane, Covent Garden"
"LINESTRING (-0.123616 51.529943,-0.122219 51.51477", "From Belgrove Street , King's Cross to Drury Lane, Covent Garden"
"LINESTRING (-0.108657 51.51795,-0.122219 51.51477", "From Holborn Circus, Holborn to Drury Lane, Covent Garden"
"LINESTRING (-0.136052 51.527326,-0.122219 51.51477", "From Drummond Street , Euston to Drury Lane, Covent Garden"
"LINESTRING (-0.17977 51.51348,-0.122219 51.51477", "From Devonshire Terrace, Bayswater to Drury Lane, Covent Garden"
"LINESTRING (-0.103078 51.511934,-0.122219 51.51477", "From Blackfriars Station, St. Paul's to Drury Lane, Covent Garden"
"LINESTRING (-0.122219 51.51477,-0.122219 51.51477", "From Drury Lane, Covent Garden to Drury Lane, Covent Garden"
"LINESTRING (-0.125674 51.491884,-0.122219 51.51477", "From Millbank Tower, Pimlico to Drury Lane, Covent Garden"
"LINESTRING (-0.069743 51.528222,-0.122219 51.51477", "From Wellington Row, Bethnal Green to Drury Lane, Covent Garden"
"LINESTRING (-0.132328 51.515631,-0.122219 51.51477", "From Soho Square , Soho to Drury Lane, Covent Garden"
"LINESTRING (-0.113656 51.505354,-0.122219 51.51477", "From Waterloo Bridge, South Bank to Drury Lane, Covent Garden"
"LINESTRING (-0.079249 51.518908,-0.122219 51.51477", "From Brushfield Street, Liverpool Street to Drury Lane, Covent Garden"
"LINESTRING (-0.124121 51.523418,-0.122219 51.51477", "From Russell Square Station, Bloomsbury to Drury Lane, Covent Garden"
"LINESTRING (-0.117069 51.53136,-0.122219 51.51477", "From Calshot Street , King's Cross to Drury Lane, Covent Garden"
"LINESTRING (-0.113864 51.504027,-0.122219 51.51477", "From Waterloo Station 1, Waterloo to Drury Lane, Covent Garden"
"LINESTRING (-0.122219 51.51477,-0.122219 51.51477", "From Drury Lane, Covent Garden to Drury Lane, Covent Garden"
"LINESTRING (-0.138853 51.541603,-0.131161 51.52505", "From Bonny Street, Camden Town to Taviton Street, Bloomsbury"
"LINESTRING (-0.116764 51.51362,-0.131161 51.52505", "From Houghton Street, Strand to Taviton Street, Bloomsbury"
"LINESTRING (-0.141728 51.539099,-0.131161 51.52505", "From Greenland Road, Camden Town to Taviton Street, Bloomsbury"
"LINESTRING (-0.138853 51.541603,-0.131161 51.52505", "From Bonny Street, Camden Town to Taviton Street, Bloomsbury"
"LINESTRING (-0.123616 51.529943,-0.131161 51.52505", "From Belgrove Street , King's Cross to Taviton Street, Bloomsbury"
"LINESTRING (-0.132328 51.515631,-0.131161 51.52505", "From Soho Square , Soho to Taviton Street, Bloomsbury"
"LINESTRING (-0.126021 51.508103,-0.131161 51.52505", "From Craven Street, Strand to Taviton Street, Bloomsbury"
"LINESTRING (-0.104708 51.52326,-0.131161 51.52505", "From Clerkenwell Green, Clerkenwell to Taviton Street, Bloomsbury"
"LINESTRING (-0.079201 51.537277,-0.131161 51.52505", "From Hertford Road, De Beauvoir Town to Taviton Street, Bloomsbury"
"LINESTRING (-0.133952 51.536264,-0.131161 51.52505", "From Royal College Street, Camden Town to Taviton Street, Bloomsbury"
"LINESTRING (-0.116191 51.535467,-0.131161 51.52505", "From Carnegie Street, King's Cross to Taviton Street, Bloomsbury"
"LINESTRING (-0.121328 51.517606,-0.131161 51.52505", "From Southampton Place, Holborn to Taviton Street, Bloomsbury"
"LINESTRING (-0.145393 51.542138,-0.131161 51.52505", "From Castlehaven Road, Camden Town to Taviton Street, Bloomsbury"
"LINESTRING (-0.119558 51.528279,-0.131161 51.52505", "From Cromer Street, Bloomsbury to Taviton Street, Bloomsbury"
"LINESTRING (-0.158963 51.524517,-0.131161 51.52505", "From Park Road (Baker Street), The Regent's Park to Taviton Street, Bloomsbury"
"LINESTRING (-0.146544 51.468669,-0.131161 51.52505", "From Heath Road, Battersea to Taviton Street, Bloomsbury"
"LINESTRING (-0.125078 51.534667,-0.131161 51.52505", "From Good's Way, King's Cross to Taviton Street, Bloomsbury"
"LINESTRING (-0.083353 51.529537,-0.131161 51.52505", "From Fanshaw Street, Hoxton to Taviton Street, Bloomsbury"
"LINESTRING (-0.096317 51.526008,-0.131161 51.52505", "From Finsbury Leisure Centre, St. Luke's to Taviton Street, Bloomsbury"
"LINESTRING (-0.090847 51.525893,-0.131161 51.52505", "From Bath Street, St. Luke's to Taviton Street, Bloomsbury"
"LINESTRING (-0.194392 51.501945,-0.131161 51.52505", "From Kensington Town Hall, Kensington to Taviton Street, Bloomsbury"
"LINESTRING (-0.088542 51.527025,-0.131161 51.52505", "From Baldwin Street, St. Luke's to Taviton Street, Bloomsbury"
"LINESTRING (-0.145211 51.520715,-0.131161 51.52505", "From Portland Place, Marylebone to Taviton Street, Bloomsbury"
"LINESTRING (-0.119558 51.528279,-0.131161 51.52505", "From Cromer Street, Bloomsbury to Taviton Street, Bloomsbury"
"LINESTRING (-0.133952 51.536264,-0.131161 51.52505", "From Royal College Street, Camden Town to Taviton Street, Bloomsbury"
"LINESTRING (-0.121328 51.517606,-0.131161 51.52505", "From Southampton Place, Holborn to Taviton Street, Bloomsbury"
"LINESTRING (-0.120202 51.523346,-0.131161 51.52505", "From Guilford Street , Bloomsbury to Taviton Street, Bloomsbury"
"LINESTRING (-0.133952 51.536264,-0.131161 51.52505", "From Royal College Street, Camden Town to Taviton Street, Bloomsbury"
"LINESTRING (-0.125078 51.534667,-0.131161 51.52505", "From Good's Way, King's Cross to Taviton Street, Bloomsbury"
"LINESTRING (-0.116279 51.524564,-0.131161 51.52505", "From Wren Street, Holborn to Taviton Street, Bloomsbury"
"LINESTRING (-0.108068 51.527842,-0.131161 51.52505", "From Hardwick Street, Clerkenwell to Taviton Street, Bloomsbury"
"LINESTRING (-0.15352 51.503117,-0.136052 51.527326", "From Hyde Park Corner, Hyde Park to Drummond Street , Euston"
"LINESTRING (-0.147154 51.537349,-0.136052 51.527326", "From Gloucester Avenue, Camden Town to Drummond Street , Euston"
"LINESTRING (-0.151359 51.522008,-0.136052 51.527326", "From Beaumont Street, Marylebone to Drummond Street , Euston"
"LINESTRING (-0.140485 51.519181,-0.136052 51.527326", "From Foley Street, Fitzrovia to Drummond Street , Euston"
"LINESTRING (-0.148105 51.514759,-0.136052 51.527326", "From Marylebone Lane, Marylebone to Drummond Street , Euston"
"LINESTRING (-0.124469 51.485917,-0.136052 51.527326", "From Vauxhall Cross, Vauxhall to Drummond Street , Euston"
"LINESTRING (-0.184318 51.468819,-0.136052 51.527326", "From William Morris Way, Sands End to Drummond Street , Euston"
"LINESTRING (-0.117495 51.498241,-0.136052 51.527326", "From Archbishop's Park, Waterloo to Drummond Street , Euston"
"LINESTRING (-0.136052 51.527326,-0.136052 51.527326", "From Drummond Street , Euston to Drummond Street , Euston"
"LINESTRING (-0.131773 51.506633,-0.136052 51.527326", "From Waterloo Place, St. James's to Drummond Street , Euston"
"LINESTRING (-0.147449 51.509351,-0.136052 51.527326", "From Farm Street, Mayfair to Drummond Street , Euston"
"LINESTRING (-0.134621 51.507424,-0.136052 51.527326", "From St. James's Square, St. James's to Drummond Street , Euston"
"LINESTRING (-0.175116 51.523353,-0.136052 51.527326", "From Frampton Street, Paddington to Drummond Street , Euston"
"LINESTRING (-0.131773 51.506633,-0.136052 51.527326", "From Waterloo Place, St. James's to Drummond Street , Euston"
"LINESTRING (-0.124121 51.523418,-0.136052 51.527326", "From Russell Square Station, Bloomsbury to Drummond Street , Euston"
"LINESTRING (-0.167515 51.530529,-0.136052 51.527326", "From St. John's Wood Church, The Regent's Park to Drummond Street , Euston"
"LINESTRING (-0.191496 51.503157,-0.136052 51.527326", "From Kensington Church Street, Kensington to Drummond Street , Euston"
"LINESTRING (-0.122219 51.51477,-0.136052 51.527326", "From Drury Lane, Covent Garden to Drummond Street , Euston"
"LINESTRING (-0.113426 51.503919,-0.114079 51.522264", "From Waterloo Station 2, Waterloo to Northington Street , Holborn"
"LINESTRING (-0.138019 51.524438,-0.114079 51.522264", "From Warren Street Station, Euston to Northington Street , Holborn"
"LINESTRING (-0.087262 51.506304,-0.114079 51.522264", "From Duke Street Hill, London Bridge to Northington Street , Holborn"
"LINESTRING (-0.079249 51.518908,-0.114079 51.522264", "From Brushfield Street, Liverpool Street to Northington Street , Holborn"
"LINESTRING (-0.092176 51.520044,-0.114079 51.522264", "From Barbican Centre, Barbican to Northington Street , Holborn"
"LINESTRING (-0.164207 51.517372,-0.114079 51.522264", "From Harrowby Street, Marylebone to Northington Street , Holborn"
"LINESTRING (-0.089782 51.53089,-0.114079 51.522264", "From Murray Grove , Hoxton to Northington Street , Holborn"
"LINESTRING (-0.122502 51.523951,-0.114079 51.522264", "From Brunswick Square, Bloomsbury to Northington Street , Holborn"
"LINESTRING (-0.113426 51.503919,-0.114079 51.522264", "From Waterloo Station 2, Waterloo to Northington Street , Holborn"
"LINESTRING (-0.104947 51.516785,-0.114079 51.522264", "From Farringdon Street, Holborn to Northington Street , Holborn"
"LINESTRING (-0.094934 51.522954,-0.114079 51.522264", "From Roscoe Street, St. Luke's to Northington Street , Holborn"
"LINESTRING (-0.193487 51.513735,-0.114079 51.522264", "From Hereford Road, Bayswater to Northington Street , Holborn"
"LINESTRING (-0.13225 51.528833,-0.114079 51.522264", "From Doric Way , Somers Town to Northington Street , Holborn"
"LINESTRING (-0.122299 51.530199,-0.114079 51.522264", "From Birkenhead Street, King's Cross to Northington Street , Holborn"
"LINESTRING (-0.122299 51.530199,-0.114079 51.522264", "From Birkenhead Street, King's Cross to Northington Street , Holborn"
"LINESTRING (-0.116628 51.500089,-0.114079 51.522264", "From Lambeth Palace Road, Waterloo to Northington Street , Holborn"
"LINESTRING (-0.138853 51.541603,-0.114079 51.522264", "From Bonny Street, Camden Town to Northington Street , Holborn"
"LINESTRING (-0.116625 51.486965,-0.114079 51.522264", "From Vauxhall Street, Vauxhall to Northington Street , Holborn"
"LINESTRING (-0.116279 51.524564,-0.114079 51.522264", "From Wren Street, Holborn to Northington Street , Holborn"
"LINESTRING (-0.082422 51.516154,-0.114079 51.522264", "From Wormwood Street, Liverpool Street to Northington Street , Holborn"
"LINESTRING (-0.122219 51.51477,-0.114079 51.522264", "From Drury Lane, Covent Garden to Northington Street , Holborn"
"LINESTRING (-0.10527 51.515809,-0.114079 51.522264", "From Stonecutter Street, Holborn to Northington Street , Holborn"
"LINESTRING (-0.058681 51.506946,-0.114079 51.522264", "From Reardon Street, Wapping to Northington Street , Holborn"
"LINESTRING (-0.093051 51.511246,-0.114079 51.522264", "From Queen Street 2, Bank to Northington Street , Holborn"
"LINESTRING (-0.143495 51.509992,-0.114079 51.522264", "From Grafton Street, Mayfair to Northington Street , Holborn"
"LINESTRING (-0.132102 51.498125,-0.114079 51.522264", "From Abbey Orchard Street, Westminster to Northington Street , Holborn"
"LINESTRING (-0.094934 51.522954,-0.114079 51.522264", "From Roscoe Street, St. Luke's to Northington Street , Holborn"
"LINESTRING (-0.139174 51.533019,-0.114079 51.522264", "From Harrington Square 1, Camden Town to Northington Street , Holborn"
"LINESTRING (-0.122219 51.51477,-0.114079 51.522264", "From Drury Lane, Covent Garden to Northington Street , Holborn"
"LINESTRING (-0.128279 51.5293,-0.119123 51.519435", "From Ossulston Street, Somers Town to Red Lion Square, Holborn"
"LINESTRING (-0.147714 51.483507,-0.119123 51.519435", "From Battersea Power Station, Battersea Park to Red Lion Square, Holborn"
"LINESTRING (-0.140485 51.519181,-0.119123 51.519435", "From Foley Street, Fitzrovia to Red Lion Square, Holborn"
"LINESTRING (-0.113426 51.503919,-0.119123 51.519435", "From Waterloo Station 2, Waterloo to Red Lion Square, Holborn"
"LINESTRING (-0.136039 51.519914,-0.119123 51.519435", "From Scala Street, Fitzrovia to Red Lion Square, Holborn"
"LINESTRING (-0.083493 51.520955,-0.119123 51.519435", "From Pindar Street, Liverpool Street to Red Lion Square, Holborn"
"LINESTRING (-0.142943 51.496863,-0.119123 51.519435", "From Allington Street, Victoria to Red Lion Square, Holborn"
"LINESTRING (-0.123616 51.529943,-0.124678 51.51908", "From Belgrove Street , King's Cross to British Museum, Bloomsbury"
"LINESTRING (-0.116191 51.535467,-0.124678 51.51908", "From Carnegie Street, King's Cross to British Museum, Bloomsbury"
"LINESTRING (-0.08299 51.53213,-0.124678 51.51908", "From Pitfield Street Central, Hoxton to British Museum, Bloomsbury"
"LINESTRING (-0.147203 51.515308,-0.124678 51.51908", "From Chapel Place, Marylebone to British Museum, Bloomsbury"
"LINESTRING (-0.145393 51.542138,-0.124678 51.51908", "From Castlehaven Road, Camden Town to British Museum, Bloomsbury"
"LINESTRING (-0.09294 51.51397,-0.124678 51.51908", "From Cheapside, Bank to British Museum, Bloomsbury"
"LINESTRING (-0.116764 51.51362,-0.124678 51.51908", "From Houghton Street, Strand to British Museum, Bloomsbury"
"LINESTRING (-0.145393 51.542138,-0.124678 51.51908", "From Castlehaven Road, Camden Town to British Museum, Bloomsbury"
"LINESTRING (-0.116279 51.524564,-0.124678 51.51908", "From Wren Street, Holborn to British Museum, Bloomsbury"
"LINESTRING (-0.128279 51.5293,-0.124678 51.51908", "From Ossulston Street, Somers Town to British Museum, Bloomsbury"
"LINESTRING (-0.138364 51.492111,-0.124678 51.51908", "From Tachbrook Street, Victoria to British Museum, Bloomsbury"
"LINESTRING (-0.162298 51.522511,-0.124678 51.51908", "From Boston Place, Marylebone to British Museum, Bloomsbury"
"LINESTRING (-0.162298 51.522511,-0.124678 51.51908", "From Boston Place, Marylebone to British Museum, Bloomsbury"
"LINESTRING (-0.17581 51.517335,-0.124678 51.51908", "From South Wharf Road, Paddington to British Museum, Bloomsbury"
"LINESTRING (-0.179135 51.516417,-0.124678 51.51908", "From Eastbourne Mews, Paddington to British Museum, Bloomsbury"
"LINESTRING (-0.079201 51.537277,-0.124678 51.51908", "From Hertford Road, De Beauvoir Town to British Museum, Bloomsbury"
"LINESTRING (-0.075885 51.536585,-0.124678 51.51908", "From Dunston Road , Haggerston to British Museum, Bloomsbury"
"LINESTRING (-0.145393 51.542138,-0.124678 51.51908", "From Castlehaven Road, Camden Town to British Museum, Bloomsbury"
"LINESTRING (-0.084439 51.524696,-0.124678 51.51908", "From Leonard Circus , Shoreditch to British Museum, Bloomsbury"
"LINESTRING (-0.123616 51.529943,-0.124678 51.51908", "From Belgrove Street , King's Cross to British Museum, Bloomsbury"
"LINESTRING (-0.084439 51.524696,-0.124678 51.51908", "From Leonard Circus , Shoreditch to British Museum, Bloomsbury"
"LINESTRING (-0.08299 51.53213,-0.124678 51.51908", "From Pitfield Street Central, Hoxton to British Museum, Bloomsbury"
"LINESTRING (-0.132328 51.515631,-0.124678 51.51908", "From Soho Square , Soho to British Museum, Bloomsbury"
"LINESTRING (-0.140485 51.519181,-0.13225 51.528833", "From Foley Street, Fitzrovia to Doric Way , Somers Town"
"LINESTRING (-0.138019 51.524438,-0.13225 51.528833", "From Warren Street Station, Euston to Doric Way , Somers Town"
"LINESTRING (-0.117774 51.513875,-0.13225 51.528833", "From Kingsway Southbound, Strand to Doric Way , Somers Town"
"LINESTRING (-0.11934 51.531066,-0.13225 51.528833", "From Northdown Street, King's Cross to Doric Way , Somers Town"
"LINESTRING (-0.099489 51.524868,-0.13225 51.528833", "From Sadlers Sports Centre, Finsbury to Doric Way , Somers Town"
"LINESTRING (-0.123509 51.52625,-0.13225 51.528833", "From Tavistock Place, Bloomsbury to Doric Way , Somers Town"
"LINESTRING (-0.141728 51.539099,-0.13225 51.528833", "From Greenland Road, Camden Town to Doric Way , Somers Town"
"LINESTRING (-0.116191 51.535467,-0.13225 51.528833", "From Carnegie Street, King's Cross to Doric Way , Somers Town"
"LINESTRING (-0.150181 51.536922,-0.13225 51.528833", "From London Zoo Car Park, The Regent's Park to Doric Way , Somers Town"
"LINESTRING (-0.158249 51.516892,-0.13225 51.528833", "From George Place Mews, Marylebone to Doric Way , Somers Town"
"LINESTRING (-0.171103 51.518268,-0.13225 51.528833", "From St Mary's Hospital, Paddington to Doric Way , Somers Town"
"LINESTRING (-0.183486 51.529857,-0.13225 51.528833", "From Maida Vale, Maida Vale to Doric Way , Somers Town"
"LINESTRING (-0.136792 51.533005,-0.13225 51.528833", "From Eversholt Street , Camden Town to Doric Way , Somers Town"
"LINESTRING (-0.111778 51.515937,-0.13225 51.528833", "From Breams Buildings, Holborn to Doric Way , Somers Town"
"LINESTRING (-0.109914 51.531666,-0.13225 51.528833", "From Claremont Square, Angel to Doric Way , Somers Town"
"LINESTRING (-0.079201 51.537277,-0.13225 51.528833", "From Hertford Road, De Beauvoir Town to Doric Way , Somers Town"
"LINESTRING (-0.13225 51.528833,-0.13225 51.528833", "From Doric Way , Somers Town to Doric Way , Somers Town"
"LINESTRING (-0.112432 51.526599,-0.13225 51.528833", "From Margery Street, Clerkenwell to Doric Way , Somers Town"
"LINESTRING (-0.114079 51.522264,-0.13225 51.528833", "From Northington Street , Holborn to Doric Way , Somers Town"
"LINESTRING (-0.124121 51.523418,-0.118295 51.52728", "From Russell Square Station, Bloomsbury to Ampton Street , Clerkenwell"
"LINESTRING (-0.075459 51.509506,-0.118295 51.52728", "From Tower Gardens , Tower to Ampton Street , Clerkenwell"
"LINESTRING (-0.085814 51.495061,-0.118295 51.52728", "From Bricklayers Arms, Borough to Ampton Street , Clerkenwell"
"LINESTRING (-0.123616 51.529943,-0.118295 51.52728", "From Belgrove Street , King's Cross to Ampton Street , Clerkenwell"
"LINESTRING (-0.124121 51.523418,-0.118295 51.52728", "From Russell Square Station, Bloomsbury to Ampton Street , Clerkenwell"
"LINESTRING (-0.093421 51.529154,-0.118295 51.52728", "From Windsor Terrace, Hoxton to Ampton Street , Clerkenwell"
"LINESTRING (-0.138019 51.524438,-0.118295 51.52728", "From Warren Street Station, Euston to Ampton Street , Clerkenwell"
"LINESTRING (-0.068981 51.498585,-0.118295 51.52728", "From George Row, Bermondsey to Ampton Street , Clerkenwell"
"LINESTRING (-0.122502 51.523951,-0.118295 51.52728", "From Brunswick Square, Bloomsbury to Ampton Street , Clerkenwell"
"LINESTRING (-0.124121 51.523418,-0.118295 51.52728", "From Russell Square Station, Bloomsbury to Ampton Street , Clerkenwell"
"LINESTRING (-0.145211 51.520715,-0.118295 51.52728", "From Portland Place, Marylebone to Ampton Street , Clerkenwell"
"LINESTRING (-0.145393 51.542138,-0.118295 51.52728", "From Castlehaven Road, Camden Town to Ampton Street , Clerkenwell"
"LINESTRING (-0.138019 51.524438,-0.118295 51.52728", "From Warren Street Station, Euston to Ampton Street , Clerkenwell"
"LINESTRING (-0.171103 51.518268,-0.118295 51.52728", "From St Mary's Hospital, Paddington to Ampton Street , Clerkenwell"
"LINESTRING (-0.128377 51.523673,-0.118295 51.52728", "From Bedford Way, Bloomsbury to Ampton Street , Clerkenwell"
"LINESTRING (-0.108068 51.527842,-0.118295 51.52728", "From Hardwick Street, Clerkenwell to Ampton Street , Clerkenwell"
"LINESTRING (-0.122219 51.51477,-0.118295 51.52728", "From Drury Lane, Covent Garden to Ampton Street , Clerkenwell"
"LINESTRING (-0.112824 51.503791,-0.107927 51.513821", "From Waterloo Station 3, Waterloo to Bouverie Street, Temple"
"LINESTRING (-0.07813 51.526377,-0.107927 51.513821", "From Shoreditch High Street, Shoreditch to Bouverie Street, Temple"
"LINESTRING (-0.074431 51.519362,-0.107927 51.513821", "From Fournier Street, Whitechapel to Bouverie Street, Temple"
"LINESTRING (-0.120973 51.530059,-0.107927 51.513821", "From St. Chad's Street, King's Cross to Bouverie Street, Temple"
"LINESTRING (-0.149551 51.477619,-0.107927 51.513821", "From Queen's Circus, Battersea Park to Bouverie Street, Temple"
"LINESTRING (-0.091773 51.504627,-0.107927 51.513821", "From Hop Exchange, The Borough to Bouverie Street, Temple"
"LINESTRING (-0.083159 51.500889,-0.107927 51.513821", "From Tyers Gate, Bermondsey to Bouverie Street, Temple"
"LINESTRING (-0.066078 51.514924,-0.107927 51.513821", "From LMU Commercial Road, Whitechapel to Bouverie Street, Temple"
"LINESTRING (-0.112824 51.503791,-0.107927 51.513821", "From Waterloo Station 3, Waterloo to Bouverie Street, Temple"
"LINESTRING (-0.085666 51.499075,-0.107927 51.513821", "From Long Lane , Bermondsey to Bouverie Street, Temple"
"LINESTRING (-0.093051 51.511246,-0.107927 51.513821", "From Queen Street 2, Bank to Bouverie Street, Temple"
"LINESTRING (-0.111435 51.48894,-0.107927 51.513821", "From Kennington Cross, Kennington to Bouverie Street, Temple"
"LINESTRING (-0.123823 51.501513,-0.107927 51.513821", "From Westminster Pier, Westminster to Bouverie Street, Temple"
"LINESTRING (-0.13558 51.513684,-0.107927 51.513821", "From Broadwick Street, Soho to Bouverie Street, Temple"
"LINESTRING (-0.123179 51.506543,-0.107927 51.513821", "From Whitehall Place, Strand to Bouverie Street, Temple"
"LINESTRING (-0.112824 51.503791,-0.107927 51.513821", "From Waterloo Station 3, Waterloo to Bouverie Street, Temple"
"LINESTRING (-0.124749 51.509462,-0.107927 51.513821", "From William IV Street, Strand to Bouverie Street, Temple"
"LINESTRING (-0.082422 51.516154,-0.107927 51.513821", "From Wormwood Street, Liverpool Street to Bouverie Street, Temple"
"LINESTRING (-0.144664 51.538071,-0.143613 51.523518", "From Parkway, Camden Town to Bolsover Street, Fitzrovia"
"LINESTRING (-0.179592 51.525575,-0.143613 51.523518", "From Clifton Road, Maida Vale to Bolsover Street, Fitzrovia"
"LINESTRING (-0.13225 51.528833,-0.143613 51.523518", "From Doric Way , Somers Town to Bolsover Street, Fitzrovia"
"LINESTRING (-0.143613 51.523518,-0.143613 51.523518", "From Bolsover Street, Fitzrovia to Bolsover Street, Fitzrovia"
"LINESTRING (-0.144466 51.528302,-0.143613 51.523518", "From Albany Street, The Regent's Park to Bolsover Street, Fitzrovia"
"LINESTRING (-0.147154 51.537349,-0.143613 51.523518", "From Gloucester Avenue, Camden Town to Bolsover Street, Fitzrovia"
"LINESTRING (-0.122219 51.51477,-0.143613 51.523518", "From Drury Lane, Covent Garden to Bolsover Street, Fitzrovia"
"LINESTRING (-0.13558 51.513684,-0.143613 51.523518", "From Broadwick Street, Soho to Bolsover Street, Fitzrovia"
"LINESTRING (-0.144228 51.518117,-0.143613 51.523518", "From Broadcasting House, Marylebone to Bolsover Street, Fitzrovia"
"LINESTRING (-0.174593 51.520205,-0.143613 51.523518", "From Paddington Green, Paddington to Bolsover Street, Fitzrovia"
"LINESTRING (-0.163609 51.51809,-0.143613 51.523518", "From Shouldham Street, Marylebone to Bolsover Street, Fitzrovia"
"LINESTRING (-0.138019 51.524438,-0.143613 51.523518", "From Warren Street Station, Euston to Bolsover Street, Fitzrovia"
"LINESTRING (-0.132053 51.518587,-0.143613 51.523518", "From Bayley Street , Bloomsbury to Bolsover Street, Fitzrovia"
"LINESTRING (-0.205284 51.496712,-0.143613 51.523518", "From Warwick Road, Olympia to Bolsover Street, Fitzrovia"
"LINESTRING (-0.132053 51.518587,-0.143613 51.523518", "From Bayley Street , Bloomsbury to Bolsover Street, Fitzrovia"
"LINESTRING (-0.133201 51.512515,-0.143613 51.523518", "From Wardour Street, Soho to Bolsover Street, Fitzrovia"
"LINESTRING (-0.112721 51.536392,-0.143613 51.523518", "From Charlotte Terrace, Angel to Bolsover Street, Fitzrovia"
"LINESTRING (-0.13225 51.528833,-0.143613 51.523518", "From Doric Way , Somers Town to Bolsover Street, Fitzrovia"
"LINESTRING (-0.138019 51.524438,-0.143613 51.523518", "From Warren Street Station, Euston to Bolsover Street, Fitzrovia"
"LINESTRING (-0.134407 51.526236,-0.143613 51.523518", "From Euston Road, Euston to Bolsover Street, Fitzrovia"
"LINESTRING (-0.173881 51.494412,-0.193487 51.513735", "From South Kensington Station, South Kensington to Hereford Road, Bayswater"
"LINESTRING (-0.193487 51.513735,-0.193487 51.513735", "From Hereford Road, Bayswater to Hereford Road, Bayswater"
"LINESTRING (-0.074431 51.519362,-0.193487 51.513735", "From Fournier Street, Whitechapel to Hereford Road, Bayswater"
"LINESTRING (-0.211593 51.51323,-0.193487 51.513735", "From Clarendon Road, Avondale to Hereford Road, Bayswater"
"LINESTRING (-0.196422 51.509353,-0.193487 51.513735", "From Notting Hill Gate Station, Notting Hill to Hereford Road, Bayswater"
"LINESTRING (-0.18119 51.490945,-0.193487 51.513735", "From Old Brompton Road, South Kensington to Hereford Road, Bayswater"
"LINESTRING (-0.149551 51.477619,-0.193487 51.513735", "From Queen's Circus, Battersea Park to Hereford Road, Bayswater"
"LINESTRING (-0.149004 51.485821,-0.193487 51.513735", "From Chelsea Bridge, Pimlico to Hereford Road, Bayswater"
"LINESTRING (-0.224103 51.509158,-0.193487 51.513735", "From Westfield Ariel Way, White City to Hereford Road, Bayswater"
"LINESTRING (-0.163667 51.520331,-0.193487 51.513735", "From Seymour Place, Marylebone to Hereford Road, Bayswater"
"LINESTRING (-0.155442 51.474376,-0.193487 51.513735", "From Austin Road, Battersea Park to Hereford Road, Bayswater"
"LINESTRING (-0.157436 51.512276,-0.193487 51.513735", "From Green Street, Mayfair to Hereford Road, Bayswater"
"LINESTRING (-0.179668 51.511654,-0.193487 51.513735", "From Lancaster Gate , Bayswater to Hereford Road, Bayswater"
"LINESTRING (-0.193764 51.508605,-0.193487 51.513735", "From Palace Gardens Terrace, Notting Hill to Hereford Road, Bayswater"
"LINESTRING (-0.215804 51.494347,-0.193487 51.513735", "From Brook Green South, Brook Green to Hereford Road, Bayswater"
"LINESTRING (-0.174554 51.499917,-0.193487 51.513735", "From Exhibition Road, Knightsbridge to Hereford Road, Bayswater"
"LINESTRING (-0.10834 51.52352,-0.193487 51.513735", "From Farringdon Lane, Clerkenwell to Hereford Road, Bayswater"
"LINESTRING (-0.176267 51.472876,-0.193487 51.513735", "From Vicarage Crescent, Battersea to Hereford Road, Bayswater"
"LINESTRING (-0.193487 51.513735,-0.193487 51.513735", "From Hereford Road, Bayswater to Hereford Road, Bayswater"
"LINESTRING (-0.15934 51.500241,-0.193487 51.513735", "From Harriet Street, Knightsbridge to Hereford Road, Bayswater"
"LINESTRING (-0.132845 51.489975,-0.193487 51.513735", "From Rampayne Street, Pimlico to Hereford Road, Bayswater"
"LINESTRING (-0.142844 51.506613,-0.193487 51.513735", "From Green Park Station, Mayfair to Hereford Road, Bayswater"
"LINESTRING (-0.079201 51.537277,-0.093421 51.529154", "From Hertford Road, De Beauvoir Town to Windsor Terrace, Hoxton"
"LINESTRING (-0.07813 51.526377,-0.093421 51.529154", "From Shoreditch High Street, Shoreditch to Windsor Terrace, Hoxton"
"LINESTRING (-0.09294 51.51397,-0.093421 51.529154", "From Cheapside, Bank to Windsor Terrace, Hoxton"
"LINESTRING (-0.088542 51.527025,-0.093421 51.529154", "From Baldwin Street, St. Luke's to Windsor Terrace, Hoxton"
"LINESTRING (-0.08249 51.53558,-0.093421 51.529154", "From Pitfield Street North,Hoxton to Windsor Terrace, Hoxton"
"LINESTRING (-0.074754 51.523648,-0.093421 51.529154", "From Bethnal Green Road, Shoreditch to Windsor Terrace, Hoxton"
"LINESTRING (-0.08249 51.53558,-0.093421 51.529154", "From Pitfield Street North,Hoxton to Windsor Terrace, Hoxton"
"LINESTRING (-0.057159 51.511088,-0.093421 51.529154", "From Shadwell Station, Shadwell to Windsor Terrace, Hoxton"
"LINESTRING (-0.10548 51.532199,-0.093421 51.529154", "From Torrens Street, Angel to Windsor Terrace, Hoxton"
"LINESTRING (-0.08299 51.53213,-0.093421 51.529154", "From Pitfield Street Central, Hoxton to Windsor Terrace, Hoxton"
"LINESTRING (-0.075578 51.52127,-0.093421 51.529154", "From Commercial Street, Shoreditch to Windsor Terrace, Hoxton"
"LINESTRING (-0.037366 51.534137,-0.093421 51.529154", "From Driffield Road, Old Ford to Windsor Terrace, Hoxton"
"LINESTRING (-0.075885 51.536585,-0.093421 51.529154", "From Dunston Road , Haggerston to Windsor Terrace, Hoxton"
"LINESTRING (-0.099981 51.532661,-0.093421 51.529154", "From Graham Street, Angel to Windsor Terrace, Hoxton"
"LINESTRING (-0.119558 51.528279,-0.093421 51.529154", "From Cromer Street, Bloomsbury to Windsor Terrace, Hoxton"
"LINESTRING (-0.118677 51.5338,-0.093421 51.529154", "From Killick Street, King's Cross to Windsor Terrace, Hoxton"
"LINESTRING (-0.093421 51.529154,-0.093421 51.529154", "From Windsor Terrace, Hoxton to Windsor Terrace, Hoxton"
"LINESTRING (-0.097122 51.529423,-0.093421 51.529154", "From Macclesfield Rd, St Lukes to Windsor Terrace, Hoxton"
"LINESTRING (-0.079201 51.537277,-0.093421 51.529154", "From Hertford Road, De Beauvoir Town to Windsor Terrace, Hoxton"
"LINESTRING (-0.085603 51.53095,-0.093421 51.529154", "From New North Road 1, Hoxton to Windsor Terrace, Hoxton"
"LINESTRING (-0.093421 51.529154,-0.093421 51.529154", "From Windsor Terrace, Hoxton to Windsor Terrace, Hoxton"
"LINESTRING (-0.089887 51.520858,-0.093421 51.529154", "From Bunhill Row, Moorgate to Windsor Terrace, Hoxton"
"LINESTRING (-0.114079 51.522264,-0.093421 51.529154", "From Northington Street , Holborn to Windsor Terrace, Hoxton"
"LINESTRING (-0.09294 51.51397,-0.093421 51.529154", "From Cheapside, Bank to Windsor Terrace, Hoxton"
"LINESTRING (-0.10548 51.532199,-0.093421 51.529154", "From Torrens Street, Angel to Windsor Terrace, Hoxton"
"LINESTRING (-0.078505 51.53095,-0.093421 51.529154", "From Falkirk Street, Hoxton to Windsor Terrace, Hoxton"
"LINESTRING (-0.088542 51.527025,-0.093421 51.529154", "From Baldwin Street, St. Luke's to Windsor Terrace, Hoxton"
"LINESTRING (-0.083935 51.520009,-0.093421 51.529154", "From Sun Street, Liverpool Street to Windsor Terrace, Hoxton"
"LINESTRING (-0.089887 51.520858,-0.093421 51.529154", "From Bunhill Row, Moorgate to Windsor Terrace, Hoxton"
"LINESTRING (-0.099981 51.532661,-0.093421 51.529154", "From Graham Street, Angel to Windsor Terrace, Hoxton"
"LINESTRING (-0.131161 51.52505,-0.083353 51.529537", "From Taviton Street, Bloomsbury to Fanshaw Street, Hoxton"
"LINESTRING (-0.092176 51.520044,-0.083353 51.529537", "From Barbican Centre, Barbican to Fanshaw Street, Hoxton"
"LINESTRING (-0.063386 51.521905,-0.083353 51.529537", "From Selby Street, Whitechapel to Fanshaw Street, Hoxton"
"LINESTRING (-0.074431 51.519362,-0.083353 51.529537", "From Fournier Street, Whitechapel to Fanshaw Street, Hoxton"
"LINESTRING (-0.083353 51.529537,-0.083353 51.529537", "From Fanshaw Street, Hoxton to Fanshaw Street, Hoxton"
"LINESTRING (-0.058826 51.54119,-0.083353 51.529537", "From London Fields, Hackney Central to Fanshaw Street, Hoxton"
"LINESTRING (-0.074754 51.523648,-0.083353 51.529537", "From Bethnal Green Road, Shoreditch to Fanshaw Street, Hoxton"
"LINESTRING (-0.070329 51.539083,-0.083353 51.529537", "From Shoreditch Court, Haggerston to Fanshaw Street, Hoxton"
"LINESTRING (-0.074754 51.523648,-0.083353 51.529537", "From Bethnal Green Road, Shoreditch to Fanshaw Street, Hoxton"
"LINESTRING (-0.075578 51.52127,-0.083353 51.529537", "From Commercial Street, Shoreditch to Fanshaw Street, Hoxton"
"LINESTRING (-0.069543 51.525645,-0.083353 51.529537", "From Granby Street, Shoreditch to Fanshaw Street, Hoxton"
"LINESTRING (-0.0801 51.52959,-0.083353 51.529537", "From Hoxton Street, Hoxton to Fanshaw Street, Hoxton"
"LINESTRING (-0.069543 51.525645,-0.083353 51.529537", "From Granby Street, Shoreditch to Fanshaw Street, Hoxton"
"LINESTRING (-0.076341 51.534464,-0.083353 51.529537", "From Whiston Road, Haggerston to Fanshaw Street, Hoxton"
"LINESTRING (-0.069743 51.528222,-0.083353 51.529537", "From Wellington Row, Bethnal Green to Fanshaw Street, Hoxton"
"LINESTRING (-0.088542 51.527025,-0.083353 51.529537", "From Baldwin Street, St. Luke's to Fanshaw Street, Hoxton"
"LINESTRING (-0.08249 51.53558,-0.083353 51.529537", "From Pitfield Street North,Hoxton to Fanshaw Street, Hoxton"
"LINESTRING (-0.075578 51.52127,-0.083353 51.529537", "From Commercial Street, Shoreditch to Fanshaw Street, Hoxton"
"LINESTRING (-0.089887 51.520858,-0.083353 51.529537", "From Bunhill Row, Moorgate to Fanshaw Street, Hoxton"
"LINESTRING (-0.0985 51.51601,-0.083353 51.529537", "From King Edward Street, St Pauls to Fanshaw Street, Hoxton"
"LINESTRING (-0.086379 51.534042,-0.083353 51.529537", "From Shoreditch Park, Hoxton to Fanshaw Street, Hoxton"
"LINESTRING (-0.102996 51.486929,-0.083353 51.529537", "From Doddington Grove, Kennington to Fanshaw Street, Hoxton"
"LINESTRING (-0.074431 51.519362,-0.083353 51.529537", "From Fournier Street, Whitechapel to Fanshaw Street, Hoxton"
"LINESTRING (-0.100168 51.530344,-0.083353 51.529537", "From City Road, Angel to Fanshaw Street, Hoxton"
"LINESTRING (-0.079249 51.518908,-0.084439 51.524696", "From Brushfield Street, Liverpool Street to Leonard Circus , Shoreditch"
"LINESTRING (-0.093903 51.530991,-0.084439 51.524696", "From Wenlock Road , Hoxton to Leonard Circus , Shoreditch"
"LINESTRING (-0.06142 51.532091,-0.084439 51.524696", "From Pritchard's Road, Bethnal Green to Leonard Circus , Shoreditch"
"LINESTRING (-0.069543 51.525645,-0.084439 51.524696", "From Granby Street, Shoreditch to Leonard Circus , Shoreditch"
"LINESTRING (-0.099994 51.522853,-0.084439 51.524696", "From Berry Street, Clerkenwell to Leonard Circus , Shoreditch"
"LINESTRING (-0.069743 51.528222,-0.084439 51.524696", "From Wellington Row, Bethnal Green to Leonard Circus , Shoreditch"
"LINESTRING (-0.069543 51.525645,-0.084439 51.524696", "From Granby Street, Shoreditch to Leonard Circus , Shoreditch"
"LINESTRING (-0.091401 51.518093,-0.084439 51.524696", "From Fore Street Avenue, Guildhall to Leonard Circus , Shoreditch"
"LINESTRING (-0.07023 51.536654,-0.084439 51.524696", "From Belford House, Haggerston to Leonard Circus , Shoreditch"
"LINESTRING (-0.139174 51.533019,-0.084439 51.524696", "From Harrington Square 1, Camden Town to Leonard Circus , Shoreditch"
"LINESTRING (-0.062546 51.535678,-0.084439 51.524696", "From Regent's Row , Haggerston to Leonard Circus , Shoreditch"
"LINESTRING (-0.07023 51.536654,-0.084439 51.524696", "From Belford House, Haggerston to Leonard Circus , Shoreditch"
"LINESTRING (-0.161203 51.496886,-0.084439 51.524696", "From Pont Street, Knightsbridge to Leonard Circus , Shoreditch"
"LINESTRING (-0.09734 51.520841,-0.084439 51.524696", "From Aldersgate Street, Barbican to Leonard Circus , Shoreditch"
"LINESTRING (-0.093903 51.530991,-0.084439 51.524696", "From Wenlock Road , Hoxton to Leonard Circus , Shoreditch"
"LINESTRING (-0.070329 51.539083,-0.084439 51.524696", "From Shoreditch Court, Haggerston to Leonard Circus , Shoreditch"
"LINESTRING (-0.023565 51.515427,-0.084439 51.524696", "From Stainsby Road , Poplar to Leonard Circus , Shoreditch"
"LINESTRING (-0.145393 51.542138,-0.084439 51.524696", "From Castlehaven Road, Camden Town to Leonard Circus , Shoreditch"
"LINESTRING (-0.081608 51.497855,-0.084439 51.524696", "From Bermondsey Street, Bermondsey to Leonard Circus , Shoreditch"
"LINESTRING (-0.099489 51.524868,-0.084439 51.524696", "From Sadlers Sports Centre, Finsbury to Leonard Circus , Shoreditch"
"LINESTRING (-0.062697 51.518154,-0.084439 51.524696", "From New Road 1 , Whitechapel to Leonard Circus , Shoreditch"
"LINESTRING (-0.069543 51.525645,-0.084439 51.524696", "From Granby Street, Shoreditch to Leonard Circus , Shoreditch"
"LINESTRING (-0.058631 51.524583,-0.084439 51.524696", "From Finnis Street, Bethnal Green to Leonard Circus , Shoreditch"
"LINESTRING (-0.074754 51.523648,-0.084439 51.524696", "From Bethnal Green Road, Shoreditch to Leonard Circus , Shoreditch"
"LINESTRING (-0.075855 51.517475,-0.084439 51.524696", "From Bell Lane, Liverpool Street to Leonard Circus , Shoreditch"
"LINESTRING (-0.089659 51.52548,-0.084439 51.524696", "From Old Street Station, St. Luke's to Leonard Circus , Shoreditch"
"LINESTRING (-0.079201 51.537277,-0.084439 51.524696", "From Hertford Road, De Beauvoir Town to Leonard Circus , Shoreditch"
"LINESTRING (-0.124121 51.523418,-0.084439 51.524696", "From Russell Square Station, Bloomsbury to Leonard Circus , Shoreditch"
"LINESTRING (-0.020542 51.544909,-0.084439 51.524696", "From Copper Box Arena, Queen Elizabeth Olympic Park to Leonard Circus , Shoreditch"
"LINESTRING (-0.073438 51.51838,-0.084439 51.524696", "From Fashion Street, Whitechapel to Leonard Circus , Shoreditch"
"LINESTRING (-0.07023 51.536654,-0.084439 51.524696", "From Belford House, Haggerston to Leonard Circus , Shoreditch"
"LINESTRING (-0.100791 51.518218,-0.084439 51.524696", "From West Smithfield Rotunda, Farringdon to Leonard Circus , Shoreditch"
"LINESTRING (-0.09294 51.51397,-0.084439 51.524696", "From Cheapside, Bank to Leonard Circus , Shoreditch"
"LINESTRING (-0.111257 51.514274,-0.084439 51.524696", "From Chancery Lane, Holborn to Leonard Circus , Shoreditch"
"LINESTRING (-0.116191 51.535467,-0.084439 51.524696", "From Carnegie Street, King's Cross to Leonard Circus , Shoreditch"
"LINESTRING (-0.09734 51.520841,-0.084439 51.524696", "From Aldersgate Street, Barbican to Leonard Circus , Shoreditch"
"LINESTRING (-0.099141 51.512484,-0.084439 51.524696", "From Godliman Street, St. Paul's to Leonard Circus , Shoreditch"
"LINESTRING (-0.106992 51.534504,-0.084439 51.524696", "From Liverpool Road (N1 Centre), Angel to Leonard Circus , Shoreditch"
"LINESTRING (-0.119558 51.528279,-0.084439 51.524696", "From Cromer Street, Bloomsbury to Leonard Circus , Shoreditch"
"LINESTRING (-0.111257 51.514274,-0.084439 51.524696", "From Chancery Lane, Holborn to Leonard Circus , Shoreditch"
"LINESTRING (-0.09315 51.53356,-0.084439 51.524696", "From Eagle Wharf Road, Hoxton to Leonard Circus , Shoreditch"
"LINESTRING (-0.058631 51.524583,-0.084439 51.524696", "From Finnis Street, Bethnal Green to Leonard Circus , Shoreditch"
"LINESTRING (-0.087262 51.506304,-0.084439 51.524696", "From Duke Street Hill, London Bridge to Leonard Circus , Shoreditch"
"LINESTRING (-0.09734 51.520841,-0.070133 51.515231", "From Aldersgate Street, Barbican to Central House, Whitechapel"
"LINESTRING (-0.08299 51.53213,-0.070133 51.515231", "From Pitfield Street Central, Hoxton to Central House, Whitechapel"
"LINESTRING (-0.079249 51.518908,-0.070133 51.515231", "From Brushfield Street, Liverpool Street to Central House, Whitechapel"
"LINESTRING (-0.08974 51.500823,-0.070133 51.515231", "From Empire Square, The Borough to Central House, Whitechapel"
"LINESTRING (-0.100791 51.518218,-0.070133 51.515231", "From West Smithfield Rotunda, Farringdon to Central House, Whitechapel"
"LINESTRING (-0.112721 51.536392,-0.070133 51.515231", "From Charlotte Terrace, Angel to Central House, Whitechapel"
"LINESTRING (-0.070133 51.515231,-0.070133 51.515231", "From Central House, Whitechapel to Central House, Whitechapel"
"LINESTRING (-0.093421 51.529154,-0.070133 51.515231", "From Windsor Terrace, Hoxton to Central House, Whitechapel"
"LINESTRING (-0.057544 51.504749,-0.070133 51.515231", "From Wapping Lane, Wapping to Central House, Whitechapel"
"LINESTRING (-0.086685 51.517075,-0.070133 51.515231", "From Finsbury Circus, Liverpool Street to Central House, Whitechapel"
"LINESTRING (-0.092762 51.500296,-0.070133 51.515231", "From Swan Street, The Borough to Central House, Whitechapel"
"LINESTRING (-0.075885 51.536585,-0.070133 51.515231", "From Dunston Road , Haggerston to Central House, Whitechapel"
"LINESTRING (-0.09294 51.51397,-0.070133 51.515231", "From Cheapside, Bank to Central House, Whitechapel"
"LINESTRING (-0.06142 51.532091,-0.070133 51.515231", "From Pritchard's Road, Bethnal Green to Central House, Whitechapel"
"LINESTRING (-0.075901 51.531091,-0.070133 51.515231", "From Hoxton Station, Hoxton to Central House, Whitechapel"
"LINESTRING (-0.137043 51.511897,-0.070133 51.515231", "From Golden Square, Soho to Central House, Whitechapel"
"LINESTRING (-0.025626 51.511811,-0.070133 51.515231", "From Canton Street, Poplar to Central House, Whitechapel"
"LINESTRING (-0.074754 51.523648,-0.070133 51.515231", "From Bethnal Green Road, Shoreditch to Central House, Whitechapel"
"LINESTRING (-0.09294 51.51397,-0.070133 51.515231", "From Cheapside, Bank to Central House, Whitechapel"
"LINESTRING (-0.09885 51.515418,-0.070133 51.515231", "From Newgate Street , St. Paul's to Central House, Whitechapel"
"LINESTRING (-0.088285 51.519069,-0.070133 51.515231", "From Moorfields, Moorgate to Central House, Whitechapel"
"LINESTRING (-0.066078 51.514924,-0.070133 51.515231", "From LMU Commercial Road, Whitechapel to Central House, Whitechapel"
"LINESTRING (-0.070133 51.515231,-0.070133 51.515231", "From Central House, Whitechapel to Central House, Whitechapel"
"LINESTRING (-0.070133 51.515231,-0.070133 51.515231", "From Central House, Whitechapel to Central House, Whitechapel"
"LINESTRING (-0.054883 51.522561,-0.070133 51.515231", "From Cephas Street, Bethnal Green to Central House, Whitechapel"
"LINESTRING (-0.038775 51.516,-0.070133 51.515231", "From Aston Street, Stepney to Central House, Whitechapel"
"LINESTRING (-0.075855 51.517475,-0.070133 51.515231", "From Bell Lane, Liverpool Street to Central House, Whitechapel"
"LINESTRING (-0.033828 51.514115,-0.070133 51.515231", "From Salmon Lane, Limehouse to Central House, Whitechapel"
"LINESTRING (-0.07023 51.536654,-0.070133 51.515231", "From Belford House, Haggerston to Central House, Whitechapel"
"LINESTRING (-0.054883 51.522561,-0.070133 51.515231", "From Cephas Street, Bethnal Green to Central House, Whitechapel"
"LINESTRING (-0.038986 51.512871,-0.070133 51.515231", "From Flamborough Street, Limehouse to Central House, Whitechapel"
"LINESTRING (-0.145393 51.542138,-0.129386 51.534123", "From Castlehaven Road, Camden Town to Pancras Road, King's Cross"
"LINESTRING (-0.13011 51.513527,-0.129386 51.534123", "From Moor Street, Soho to Pancras Road, King's Cross"
"LINESTRING (-0.122502 51.523951,-0.129386 51.534123", "From Brunswick Square, Bloomsbury to Pancras Road, King's Cross"
"LINESTRING (-0.138853 51.541603,-0.129386 51.534123", "From Bonny Street, Camden Town to Pancras Road, King's Cross"
"LINESTRING (-0.156166 51.518913,-0.129386 51.534123", "From Baker Street, Marylebone to Pancras Road, King's Cross"
"LINESTRING (-0.122502 51.523951,-0.129386 51.534123", "From Brunswick Square, Bloomsbury to Pancras Road, King's Cross"
"LINESTRING (-0.136792 51.533005,-0.129386 51.534123", "From Eversholt Street , Camden Town to Pancras Road, King's Cross"
"LINESTRING (-0.129386 51.534123,-0.129386 51.534123", "From Pancras Road, King's Cross to Pancras Road, King's Cross"
"LINESTRING (-0.143613 51.523518,-0.129386 51.534123", "From Bolsover Street, Fitzrovia to Pancras Road, King's Cross"
"LINESTRING (-0.139016 51.520994,-0.129386 51.534123", "From Howland Street, Fitzrovia to Pancras Road, King's Cross"
"LINESTRING (-0.147154 51.537349,-0.129386 51.534123", "From Gloucester Avenue, Camden Town to Pancras Road, King's Cross"
"LINESTRING (-0.132102 51.498125,-0.129386 51.534123", "From Abbey Orchard Street, Westminster to Pancras Road, King's Cross"
"LINESTRING (-0.123616 51.529943,-0.129386 51.534123", "From Belgrove Street , King's Cross to Pancras Road, King's Cross"
"LINESTRING (-0.129386 51.534123,-0.129386 51.534123", "From Pancras Road, King's Cross to Pancras Road, King's Cross"
"LINESTRING (-0.09885 51.515418,-0.129386 51.534123", "From Newgate Street , St. Paul's to Pancras Road, King's Cross"
"LINESTRING (-0.134621 51.507424,-0.18498 51.501737", "From St. James's Square, St. James's to De Vere Gardens, Kensington"
"LINESTRING (-0.202759 51.500743,-0.18498 51.501737", "From Ilchester Place, Kensington to De Vere Gardens, Kensington"
"LINESTRING (-0.138072 51.517344,-0.18498 51.501737", "From Wells Street, Fitzrovia to De Vere Gardens, Kensington"
"LINESTRING (-0.212145 51.459715,-0.18498 51.501737", "From Upper Richmond Road, Putney to De Vere Gardens, Kensington"
"LINESTRING (-0.147624 51.49395,-0.18498 51.501737", "From Eccleston Place, Victoria to De Vere Gardens, Kensington"
"LINESTRING (-0.18267 51.494185,-0.18498 51.501737", "From Gloucester Road Station, South Kensington to De Vere Gardens, Kensington"
"LINESTRING (-0.196422 51.509353,-0.18498 51.501737", "From Notting Hill Gate Station, Notting Hill to De Vere Gardens, Kensington"
"LINESTRING (-0.158264 51.514577,-0.18498 51.501737", "From Old Quebec Street, Marylebone to De Vere Gardens, Kensington"
"LINESTRING (-0.123179 51.506543,-0.18498 51.501737", "From Whitehall Place, Strand to De Vere Gardens, Kensington"
"LINESTRING (-0.178433 51.492479,-0.18498 51.501737", "From Queen's Gate (South), South Kensington to De Vere Gardens, Kensington"
"LINESTRING (-0.178433 51.492479,-0.18498 51.501737", "From Queen's Gate (South), South Kensington to De Vere Gardens, Kensington"
"LINESTRING (-0.197574 51.499606,-0.18498 51.501737", "From Phillimore Gardens, Kensington to De Vere Gardens, Kensington"
"LINESTRING (-0.158264 51.514577,-0.18498 51.501737", "From Old Quebec Street, Marylebone to De Vere Gardens, Kensington"
"LINESTRING (-0.2174 51.504038,-0.18498 51.501737", "From Woodstock Grove, Shepherd's Bush to De Vere Gardens, Kensington"
"LINESTRING (-0.178732 51.493967,-0.18498 51.501737", "From Queen's Gate (Central), South Kensington to De Vere Gardens, Kensington"
"LINESTRING (-0.179135 51.516417,-0.18498 51.501737", "From Eastbourne Mews, Paddington to De Vere Gardens, Kensington"
"LINESTRING (-0.193764 51.508605,-0.18498 51.501737", "From Palace Gardens Terrace, Notting Hill to De Vere Gardens, Kensington"
"LINESTRING (-0.187842 51.509908,-0.18498 51.501737", "From Black Lion Gate, Kensington Gardens to De Vere Gardens, Kensington"
"LINESTRING (-0.171103 51.518268,-0.18498 51.501737", "From St Mary's Hospital, Paddington to De Vere Gardens, Kensington"
"LINESTRING (-0.187402 51.51031,-0.18498 51.501737", "From Queensway, Kensington Gardens to De Vere Gardens, Kensington"
"LINESTRING (-0.184318 51.468819,-0.192369 51.491593", "From William Morris Way, Sands End to Penywern Road, Earl's Court"
"LINESTRING (-0.119643 51.511756,-0.192369 51.491593", "From Wellington Street , Strand to Penywern Road, Earl's Court"
"LINESTRING (-0.204815 51.484386,-0.192369 51.491593", "From Normand Park, West Kensington to Penywern Road, Earl's Court"
"LINESTRING (-0.173757 51.496471,-0.192369 51.491593", "From Exhibition Road Museums 1, South Kensington to Penywern Road, Earl's Court"
"LINESTRING (-0.173715 51.491211,-0.192369 51.491593", "From Sumner Place, South Kensington to Penywern Road, Earl's Court"
"LINESTRING (-0.18119 51.490945,-0.192369 51.491593", "From Old Brompton Road, South Kensington to Penywern Road, Earl's Court"
"LINESTRING (-0.182435 51.478169,-0.192369 51.491593", "From Upcerne Road, West Chelsea to Penywern Road, Earl's Court"
"LINESTRING (-0.18267 51.494185,-0.192369 51.491593", "From Gloucester Road Station, South Kensington to Penywern Road, Earl's Court"
"LINESTRING (-0.159237 51.501855,-0.192369 51.491593", "From Seville Street, Knightsbridge to Penywern Road, Earl's Court"
"LINESTRING (-0.18119 51.485587,-0.192369 51.491593", "From Limerston Street, West Chelsea to Penywern Road, Earl's Court"
"LINESTRING (-0.225787 51.514767,-0.192369 51.491593", "From BBC White City, White City to Penywern Road, Earl's Court"
"LINESTRING (-0.119643 51.511756,-0.192369 51.491593", "From Wellington Street , Strand to Penywern Road, Earl's Court"
"LINESTRING (-0.178732 51.493967,-0.192369 51.491593", "From Queen's Gate (Central), South Kensington to Penywern Road, Earl's Court"
"LINESTRING (-0.204815 51.484386,-0.192369 51.491593", "From Normand Park, West Kensington to Penywern Road, Earl's Court"
"LINESTRING (-0.204815 51.484386,-0.192369 51.491593", "From Normand Park, West Kensington to Penywern Road, Earl's Court"
"LINESTRING (-0.197245 51.497387,-0.192369 51.491593", "From Abingdon Villas, Kensington to Penywern Road, Earl's Court"
"LINESTRING (-0.197609 51.483911,-0.192369 51.491593", "From Halford Road, West Kensington to Penywern Road, Earl's Court"
"LINESTRING (-0.19617 51.490853,-0.192369 51.491593", "From Trebovir Road, Earl's Court to Penywern Road, Earl's Court"
"LINESTRING (-0.167894 51.493184,-0.192369 51.491593", "From Sloane Avenue, Knightsbridge to Penywern Road, Earl's Court"
"LINESTRING (-0.205876 51.475698,-0.192369 51.491593", "From Chesilton Road, Fulham to Penywern Road, Earl's Court"
"LINESTRING (-0.185296 51.495362,-0.192369 51.491593", "From Emperor's Gate, South Kensington to Penywern Road, Earl's Court"
"LINESTRING (-0.18267 51.494185,-0.192369 51.491593", "From Gloucester Road Station, South Kensington to Penywern Road, Earl's Court"
"LINESTRING (-0.204815 51.484386,-0.192369 51.491593", "From Normand Park, West Kensington to Penywern Road, Earl's Court"
"LINESTRING (-0.191933 51.495866,-0.192369 51.491593", "From Lexham Gardens, Kensington to Penywern Road, Earl's Court"
"LINESTRING (-0.174554 51.499917,-0.192369 51.491593", "From Exhibition Road, Knightsbridge to Penywern Road, Earl's Court"
"LINESTRING (-0.174554 51.499917,-0.192369 51.491593", "From Exhibition Road, Knightsbridge to Penywern Road, Earl's Court"
"LINESTRING (-0.142783 51.51196,-0.192369 51.491593", "From St. George Street, Mayfair to Penywern Road, Earl's Court"
"LINESTRING (-0.215895 51.476885,-0.192369 51.491593", "From Finlay Street, Fulham to Penywern Road, Earl's Court"
"LINESTRING (-0.153233 51.490959,-0.192369 51.491593", "From Bourne Street, Belgravia to Penywern Road, Earl's Court"
"LINESTRING (-0.192369 51.491593,-0.192369 51.491593", "From Penywern Road, Earl's Court to Penywern Road, Earl's Court"
"LINESTRING (-0.167894 51.493184,-0.192369 51.491593", "From Sloane Avenue, Knightsbridge to Penywern Road, Earl's Court"
"LINESTRING (-0.197245 51.497387,-0.192369 51.491593", "From Abingdon Villas, Kensington to Penywern Road, Earl's Court"
"LINESTRING (-0.173693 51.495948,-0.192369 51.491593", "From Exhibition Road Museums 2, South Kensington to Penywern Road, Earl's Court"
"LINESTRING (-0.195455 51.500401,-0.192369 51.491593", "From Argyll Road, Kensington to Penywern Road, Earl's Court"
"LINESTRING (-0.209494 51.498157,-0.192369 51.491593", "From Kensington Olympia Station, Olympia to Penywern Road, Earl's Court"
"LINESTRING (-0.167894 51.493184,-0.192369 51.491593", "From Sloane Avenue, Knightsbridge to Penywern Road, Earl's Court"
"LINESTRING (-0.190393 51.490163,-0.192369 51.491593", "From Bramham Gardens, Earl's Court to Penywern Road, Earl's Court"
"LINESTRING (-0.14177 51.479501,-0.192369 51.491593", "From Battersea Park Road, Nine Elms to Penywern Road, Earl's Court"
"LINESTRING (-0.192538 51.504723,-0.197245 51.497387", "From Vicarage Gate, Kensington to Abingdon Villas, Kensington"
"LINESTRING (-0.209494 51.498157,-0.197245 51.497387", "From Kensington Olympia Station, Olympia to Abingdon Villas, Kensington"
"LINESTRING (-0.173881 51.494412,-0.197245 51.497387", "From South Kensington Station, South Kensington to Abingdon Villas, Kensington"
"LINESTRING (-0.166878 51.488023,-0.197245 51.497387", "From Flood Street, Chelsea to Abingdon Villas, Kensington"
"LINESTRING (-0.169249 51.515953,-0.197245 51.497387", "From Southwick Street, Paddington to Abingdon Villas, Kensington"
"LINESTRING (-0.158456 51.502953,-0.197245 51.497387", "From Albert Gate, Hyde Park to Abingdon Villas, Kensington"
"LINESTRING (-0.193068 51.500397,-0.197245 51.497387", "From Wright's Lane, Kensington to Abingdon Villas, Kensington"
"LINESTRING (-0.225787 51.514767,-0.197245 51.497387", "From BBC White City, White City to Abingdon Villas, Kensington"
"LINESTRING (-0.215808 51.503802,-0.197245 51.497387", "From Hansard Mews, Holland Park to Abingdon Villas, Kensington"
"LINESTRING (-0.226606 51.488108,-0.197245 51.497387", "From Crisp Road, Hammersmith to Abingdon Villas, Kensington"
"LINESTRING (-0.198735 51.46067,-0.197245 51.497387", "From Osiers Road, Wandsworth to Abingdon Villas, Kensington"
"LINESTRING (-0.173715 51.491211,-0.197245 51.497387", "From Sumner Place, South Kensington to Abingdon Villas, Kensington"
"LINESTRING (-0.209494 51.498157,-0.197245 51.497387", "From Kensington Olympia Station, Olympia to Abingdon Villas, Kensington"
"LINESTRING (-0.18267 51.494185,-0.197245 51.497387", "From Gloucester Road Station, South Kensington to Abingdon Villas, Kensington"
"LINESTRING (-0.17021 51.474535,-0.197245 51.497387", "From Orbel Street, Battersea to Abingdon Villas, Kensington"
"LINESTRING (-0.18267 51.494185,-0.197245 51.497387", "From Gloucester Road Station, South Kensington to Abingdon Villas, Kensington"
"LINESTRING (-0.141423 51.514499,-0.197245 51.497387", "From Little Argyll Street, West End to Abingdon Villas, Kensington"
"LINESTRING (-0.222293 51.501594,-0.197245 51.497387", "From Shepherd's Bush Road North, Shepherd's Bush to Abingdon Villas, Kensington"
"LINESTRING (-0.168917 51.497056,-0.197245 51.497387", "From Holy Trinity Brompton, Knightsbridge to Abingdon Villas, Kensington"
"LINESTRING (-0.206029 51.49087,-0.197245 51.497387", "From West Kensington Station, West Kensington to Abingdon Villas, Kensington"
"LINESTRING (-0.193068 51.500397,-0.197245 51.497387", "From Wright's Lane, Kensington to Abingdon Villas, Kensington"
"LINESTRING (-0.197245 51.497387,-0.197245 51.497387", "From Abingdon Villas, Kensington to Abingdon Villas, Kensington"
"LINESTRING (-0.208888 51.5212,-0.197245 51.497387", "From Bevington Road West, North Kensington to Abingdon Villas, Kensington"
"LINESTRING (-0.08249 51.53558,-0.07813 51.526377", "From Pitfield Street North,Hoxton to Shoreditch High Street, Shoreditch"
"LINESTRING (-0.047218 51.526041,-0.07813 51.526377", "From Bancroft Road, Bethnal Green to Shoreditch High Street, Shoreditch"
"LINESTRING (-0.091773 51.504627,-0.07813 51.526377", "From Hop Exchange, The Borough to Shoreditch High Street, Shoreditch"
"LINESTRING (-0.015717 51.549369,-0.07813 51.526377", "From Lee Valley VeloPark, Queen Elizabeth Olympic Park to Shoreditch High Street, Shoreditch"
"LINESTRING (-0.058005 51.527152,-0.07813 51.526377", "From Pott Street, Bethnal Green to Shoreditch High Street, Shoreditch"
"LINESTRING (-0.075885 51.536585,-0.07813 51.526377", "From Dunston Road , Haggerston to Shoreditch High Street, Shoreditch"
"LINESTRING (-0.087262 51.506304,-0.07813 51.526377", "From Duke Street Hill, London Bridge to Shoreditch High Street, Shoreditch"
"LINESTRING (-0.079249 51.518908,-0.07813 51.526377", "From Brushfield Street, Liverpool Street to Shoreditch High Street, Shoreditch"
"LINESTRING (-0.076341 51.534464,-0.07813 51.526377", "From Whiston Road, Haggerston to Shoreditch High Street, Shoreditch"
"LINESTRING (-0.037366 51.534137,-0.07813 51.526377", "From Driffield Road, Old Ford to Shoreditch High Street, Shoreditch"
"LINESTRING (-0.063531 51.504719,-0.07813 51.526377", "From Hermitage Court, Wapping to Shoreditch High Street, Shoreditch"
"LINESTRING (-0.087262 51.506304,-0.07813 51.526377", "From Duke Street Hill, London Bridge to Shoreditch High Street, Shoreditch"
"LINESTRING (-0.085634 51.520962,-0.07813 51.526377", "From Finsbury Square , Moorgate to Shoreditch High Street, Shoreditch"
"LINESTRING (-0.093421 51.529154,-0.07813 51.526377", "From Windsor Terrace, Hoxton to Shoreditch High Street, Shoreditch"
"LINESTRING (-0.109256 51.526443,-0.07813 51.526377", "From Tysoe Street, Clerkenwell to Shoreditch High Street, Shoreditch"
"LINESTRING (-0.086379 51.534042,-0.07813 51.526377", "From Shoreditch Park, Hoxton to Shoreditch High Street, Shoreditch"
"LINESTRING (-0.08497 51.50964,-0.07813 51.526377", "From Monument Street, Monument to Shoreditch High Street, Shoreditch"
"LINESTRING (-0.054162 51.536424,-0.07813 51.526377", "From Victoria Park Road, Hackney Central to Shoreditch High Street, Shoreditch"
"LINESTRING (-0.025626 51.511811,-0.07813 51.526377", "From Canton Street, Poplar to Shoreditch High Street, Shoreditch"
"LINESTRING (-0.058005 51.527152,-0.07813 51.526377", "From Pott Street, Bethnal Green to Shoreditch High Street, Shoreditch"
"LINESTRING (-0.075855 51.517475,-0.07813 51.526377", "From Bell Lane, Liverpool Street to Shoreditch High Street, Shoreditch"
"LINESTRING (-0.078505 51.53095,-0.07813 51.526377", "From Falkirk Street, Hoxton to Shoreditch High Street, Shoreditch"
"LINESTRING (-0.09734 51.520841,-0.07813 51.526377", "From Aldersgate Street, Barbican to Shoreditch High Street, Shoreditch"
"LINESTRING (-0.09734 51.520841,-0.07813 51.526377", "From Aldersgate Street, Barbican to Shoreditch High Street, Shoreditch"
"LINESTRING (-0.092921 51.494436,-0.07813 51.526377", "From New Kent Road, The Borough to Shoreditch High Street, Shoreditch"
"LINESTRING (-0.058005 51.527152,-0.07813 51.526377", "From Pott Street, Bethnal Green to Shoreditch High Street, Shoreditch"
"LINESTRING (-0.07813 51.526377,-0.07813 51.526377", "From Shoreditch High Street, Shoreditch to Shoreditch High Street, Shoreditch"
"LINESTRING (-0.08249 51.53558,-0.07813 51.526377", "From Pitfield Street North,Hoxton to Shoreditch High Street, Shoreditch"
"LINESTRING (-0.058005 51.527152,-0.07813 51.526377", "From Pott Street, Bethnal Green to Shoreditch High Street, Shoreditch"
"LINESTRING (-0.062546 51.535678,-0.07813 51.526377", "From Regent's Row , Haggerston to Shoreditch High Street, Shoreditch"
"LINESTRING (-0.02163 51.540311,-0.07813 51.526377", "From Monier Road, Hackney Wick to Shoreditch High Street, Shoreditch"
"LINESTRING (-0.069543 51.525645,-0.07813 51.526377", "From Granby Street, Shoreditch to Shoreditch High Street, Shoreditch"
"LINESTRING (-0.070133 51.515231,-0.07813 51.526377", "From Central House, Whitechapel to Shoreditch High Street, Shoreditch"
"LINESTRING (-0.10548 51.532199,-0.07813 51.526377", "From Torrens Street, Angel to Shoreditch High Street, Shoreditch"
"LINESTRING (-0.13151 51.509639,-0.07813 51.526377", "From Panton Street, West End to Shoreditch High Street, Shoreditch"
"LINESTRING (-0.07023 51.536654,-0.07813 51.526377", "From Belford House, Haggerston to Shoreditch High Street, Shoreditch"
"LINESTRING (-0.047218 51.526041,-0.07813 51.526377", "From Bancroft Road, Bethnal Green to Shoreditch High Street, Shoreditch"
"LINESTRING (-0.075885 51.536585,-0.07813 51.526377", "From Dunston Road , Haggerston to Shoreditch High Street, Shoreditch"
"LINESTRING (-0.058005 51.527152,-0.07813 51.526377", "From Pott Street, Bethnal Green to Shoreditch High Street, Shoreditch"
"LINESTRING (-0.088542 51.527025,-0.07813 51.526377", "From Baldwin Street, St. Luke's to Shoreditch High Street, Shoreditch"
"LINESTRING (-0.058631 51.524583,-0.07813 51.526377", "From Finnis Street, Bethnal Green to Shoreditch High Street, Shoreditch"
"LINESTRING (-0.08249 51.53558,-0.07813 51.526377", "From Pitfield Street North,Hoxton to Shoreditch High Street, Shoreditch"
"LINESTRING (-0.062546 51.535678,-0.07813 51.526377", "From Regent's Row , Haggerston to Shoreditch High Street, Shoreditch"
"LINESTRING (-0.087459 51.528673,-0.07813 51.526377", "From East Road, Hoxton to Shoreditch High Street, Shoreditch"
"LINESTRING (-0.085603 51.53095,-0.07813 51.526377", "From New North Road 1, Hoxton to Shoreditch High Street, Shoreditch"
"LINESTRING (-0.033085 51.532513,-0.07813 51.526377", "From Ford Road, Old Ford to Shoreditch High Street, Shoreditch"
"LINESTRING (-0.027581 51.526578,-0.07813 51.526377", "From Merchant Street, Bow to Shoreditch High Street, Shoreditch"
"LINESTRING (-0.124642 51.481747,-0.07813 51.526377", "From South Lambeth Road, Vauxhall to Shoreditch High Street, Shoreditch"
"LINESTRING (-0.023565 51.515427,-0.07813 51.526377", "From Stainsby Road , Poplar to Shoreditch High Street, Shoreditch"
"LINESTRING (-0.075855 51.517475,-0.07813 51.526377", "From Bell Lane, Liverpool Street to Shoreditch High Street, Shoreditch"
"LINESTRING (-0.109256 51.526443,-0.07813 51.526377", "From Tysoe Street, Clerkenwell to Shoreditch High Street, Shoreditch"
"LINESTRING (-0.093421 51.529154,-0.07813 51.526377", "From Windsor Terrace, Hoxton to Shoreditch High Street, Shoreditch"
"LINESTRING (-0.096317 51.526008,-0.07813 51.526377", "From Finsbury Leisure Centre, St. Luke's to Shoreditch High Street, Shoreditch"
"LINESTRING (-0.074754 51.523648,-0.07813 51.526377", "From Bethnal Green Road, Shoreditch to Shoreditch High Street, Shoreditch"
"LINESTRING (-0.047218 51.526041,-0.07813 51.526377", "From Bancroft Road, Bethnal Green to Shoreditch High Street, Shoreditch"
"LINESTRING (-0.083067 51.523196,-0.07813 51.526377", "From Clifton Street, Shoreditch to Shoreditch High Street, Shoreditch"
"LINESTRING (-0.082989 51.510484,-0.07813 51.526377", "From Great Tower Street, Monument to Shoreditch High Street, Shoreditch"
"LINESTRING (-0.08299 51.53213,-0.07813 51.526377", "From Pitfield Street Central, Hoxton to Shoreditch High Street, Shoreditch"
"LINESTRING (-0.158264 51.514577,-0.07813 51.526377", "From Old Quebec Street, Marylebone to Shoreditch High Street, Shoreditch"
"LINESTRING (-0.062546 51.535678,-0.07813 51.526377", "From Regent's Row , Haggerston to Shoreditch High Street, Shoreditch"
"LINESTRING (-0.08497 51.50964,-0.07813 51.526377", "From Monument Street, Monument to Shoreditch High Street, Shoreditch"
"LINESTRING (-0.067937 51.51793,-0.07813 51.526377", "From Old Montague Street, Whitechapel to Shoreditch High Street, Shoreditch"
"LINESTRING (-0.06555 51.528681,-0.07813 51.526377", "From Durant Street, Bethnal Green to Shoreditch High Street, Shoreditch"
"LINESTRING (-0.07813 51.526377,-0.07813 51.526377", "From Shoreditch High Street, Shoreditch to Shoreditch High Street, Shoreditch"
"LINESTRING (-0.026262 51.536039,-0.07813 51.526377", "From Wendon Street, Old Ford to Shoreditch High Street, Shoreditch"
"LINESTRING (-0.112721 51.536392,-0.07813 51.526377", "From Charlotte Terrace, Angel to Shoreditch High Street, Shoreditch"
"LINESTRING (-0.083493 51.520955,-0.075578 51.52127", "From Pindar Street, Liverpool Street to Commercial Street, Shoreditch"
"LINESTRING (-0.08299 51.53213,-0.075578 51.52127", "From Pitfield Street Central, Hoxton to Commercial Street, Shoreditch"
"LINESTRING (-0.116688 51.520596,-0.075578 51.52127", "From Theobald's Road , Holborn to Commercial Street, Shoreditch"
"LINESTRING (-0.084439 51.524696,-0.075578 51.52127", "From Leonard Circus , Shoreditch to Commercial Street, Shoreditch"
"LINESTRING (-0.070133 51.515231,-0.075578 51.52127", "From Central House, Whitechapel to Commercial Street, Shoreditch"
"LINESTRING (-0.058826 51.54119,-0.075578 51.52127", "From London Fields, Hackney Central to Commercial Street, Shoreditch"
"LINESTRING (-0.19024 51.515529,-0.075578 51.52127", "From Westbourne Grove, Bayswater to Commercial Street, Shoreditch"
"LINESTRING (-0.05438 51.520019,-0.075578 51.52127", "From Ansell House, Stepney to Commercial Street, Shoreditch"
"LINESTRING (-0.062697 51.518154,-0.075578 51.52127", "From New Road 1 , Whitechapel to Commercial Street, Shoreditch"
"LINESTRING (-0.122219 51.51477,-0.075578 51.52127", "From Drury Lane, Covent Garden to Commercial Street, Shoreditch"
"LINESTRING (-0.060291 51.535716,-0.075578 51.52127", "From Ada Street, Hackney Central to Commercial Street, Shoreditch"
"LINESTRING (-0.076341 51.534464,-0.075578 51.52127", "From Whiston Road, Haggerston to Commercial Street, Shoreditch"
"LINESTRING (-0.054162 51.536424,-0.075578 51.52127", "From Victoria Park Road, Hackney Central to Commercial Street, Shoreditch"
"LINESTRING (-0.073438 51.51838,-0.075578 51.52127", "From Fashion Street, Whitechapel to Commercial Street, Shoreditch"
"LINESTRING (-0.029138 51.516196,-0.075578 51.52127", "From Burdett Road, Mile End to Commercial Street, Shoreditch"
"LINESTRING (-0.054162 51.536424,-0.075578 51.52127", "From Victoria Park Road, Hackney Central to Commercial Street, Shoreditch"
"LINESTRING (-0.139016 51.520994,-0.075578 51.52127", "From Howland Street, Fitzrovia to Commercial Street, Shoreditch"
"LINESTRING (-0.063386 51.521905,-0.075578 51.52127", "From Selby Street, Whitechapel to Commercial Street, Shoreditch"
"LINESTRING (-0.07962 51.503493,-0.075578 51.52127", "From Tooley Street, Bermondsey to Commercial Street, Shoreditch"
"LINESTRING (-0.107927 51.513821,-0.083493 51.520955", "From Bouverie Street, Temple to Pindar Street, Liverpool Street"
"LINESTRING (-0.102757 51.536384,-0.083493 51.520955", "From Islington Green, Angel to Pindar Street, Liverpool Street"
"LINESTRING (-0.085814 51.495061,-0.083493 51.520955", "From Bricklayers Arms, Borough to Pindar Street, Liverpool Street"
"LINESTRING (-0.132328 51.515631,-0.083493 51.520955", "From Soho Square , Soho to Pindar Street, Liverpool Street"
"LINESTRING (-0.083067 51.523196,-0.083493 51.520955", "From Clifton Street, Shoreditch to Pindar Street, Liverpool Street"
"LINESTRING (-0.037471 51.528224,-0.083493 51.520955", "From Antill Road, Mile End to Pindar Street, Liverpool Street"
"LINESTRING (-0.147983 51.519167,-0.083493 51.520955", "From New Cavendish Street, Marylebone to Pindar Street, Liverpool Street"
"LINESTRING (-0.088542 51.527025,-0.083493 51.520955", "From Baldwin Street, St. Luke's to Pindar Street, Liverpool Street"
"LINESTRING (-0.09294 51.51397,-0.083493 51.520955", "From Cheapside, Bank to Pindar Street, Liverpool Street"
"LINESTRING (-0.112824 51.503791,-0.083493 51.520955", "From Waterloo Station 3, Waterloo to Pindar Street, Liverpool Street"
"LINESTRING (-0.09294 51.51397,-0.083493 51.520955", "From Cheapside, Bank to Pindar Street, Liverpool Street"
"LINESTRING (-0.099489 51.524868,-0.093903 51.530991", "From Sadlers Sports Centre, Finsbury to Wenlock Road , Hoxton"
"LINESTRING (-0.124826 51.516226,-0.093903 51.530991", "From High Holborn , Covent Garden to Wenlock Road , Hoxton"
"LINESTRING (-0.082989 51.510484,-0.093903 51.530991", "From Great Tower Street, Monument to Wenlock Road , Hoxton"
"LINESTRING (-0.089782 51.53089,-0.093903 51.530991", "From Murray Grove , Hoxton to Wenlock Road , Hoxton"
"LINESTRING (-0.076341 51.534464,-0.093903 51.530991", "From Whiston Road, Haggerston to Wenlock Road , Hoxton"
"LINESTRING (-0.086685 51.517075,-0.093903 51.530991", "From Finsbury Circus, Liverpool Street to Wenlock Road , Hoxton"
"LINESTRING (-0.109025 51.534408,-0.093903 51.530991", "From Cloudesley Road, Angel to Wenlock Road , Hoxton"
"LINESTRING (-0.109025 51.534408,-0.093903 51.530991", "From Cloudesley Road, Angel to Wenlock Road , Hoxton"
"LINESTRING (-0.104708 51.52326,-0.093903 51.530991", "From Clerkenwell Green, Clerkenwell to Wenlock Road , Hoxton"
"LINESTRING (-0.102757 51.536384,-0.093903 51.530991", "From Islington Green, Angel to Wenlock Road , Hoxton"
"LINESTRING (-0.106992 51.534504,-0.093903 51.530991", "From Liverpool Road (N1 Centre), Angel to Wenlock Road , Hoxton"
"LINESTRING (-0.090847 51.525893,-0.093903 51.530991", "From Bath Street, St. Luke's to Wenlock Road , Hoxton"
"LINESTRING (-0.078505 51.53095,-0.093903 51.530991", "From Falkirk Street, Hoxton to Wenlock Road , Hoxton"
"LINESTRING (-0.086685 51.517075,-0.093903 51.530991", "From Finsbury Circus, Liverpool Street to Wenlock Road , Hoxton"
"LINESTRING (-0.108657 51.51795,-0.093903 51.530991", "From Holborn Circus, Holborn to Wenlock Road , Hoxton"
"LINESTRING (-0.076341 51.534464,-0.093903 51.530991", "From Whiston Road, Haggerston to Wenlock Road , Hoxton"
"LINESTRING (-0.096496 51.517821,-0.093903 51.530991", "From Museum of London, Barbican to Wenlock Road , Hoxton"
"LINESTRING (-0.062546 51.535678,-0.093903 51.530991", "From Regent's Row , Haggerston to Wenlock Road , Hoxton"
"LINESTRING (-0.112824 51.503791,-0.093903 51.530991", "From Waterloo Station 3, Waterloo to Wenlock Road , Hoxton"
"LINESTRING (-0.109025 51.534408,-0.093903 51.530991", "From Cloudesley Road, Angel to Wenlock Road , Hoxton"
"LINESTRING (-0.100791 51.518218,-0.093903 51.530991", "From West Smithfield Rotunda, Farringdon to Wenlock Road , Hoxton"
"LINESTRING (-0.089887 51.520858,-0.093903 51.530991", "From Bunhill Row, Moorgate to Wenlock Road , Hoxton"
"LINESTRING (-0.093903 51.530991,-0.093903 51.530991", "From Wenlock Road , Hoxton to Wenlock Road , Hoxton"
"LINESTRING (-0.10548 51.532199,-0.093903 51.530991", "From Torrens Street, Angel to Wenlock Road , Hoxton"
"LINESTRING (-0.096496 51.517821,-0.093903 51.530991", "From Museum of London, Barbican to Wenlock Road , Hoxton"
"LINESTRING (-0.147449 51.509351,-0.157183 51.52026", "From Farm Street, Mayfair to Crawford Street, Marylebone"
"LINESTRING (-0.157275 51.510017,-0.157183 51.52026", "From Park Lane , Hyde Park to Crawford Street, Marylebone"
"LINESTRING (-0.141423 51.514499,-0.157183 51.52026", "From Little Argyll Street, West End to Crawford Street, Marylebone"
"LINESTRING (-0.170279 51.506451,-0.157183 51.52026", "From Triangle Car Park, Hyde Park to Crawford Street, Marylebone"
"LINESTRING (-0.147983 51.519167,-0.157183 51.52026", "From New Cavendish Street, Marylebone to Crawford Street, Marylebone"
"LINESTRING (-0.164393 51.516517,-0.157183 51.52026", "From Nutford Place, Marylebone to Crawford Street, Marylebone"
"LINESTRING (-0.156166 51.518913,-0.157183 51.52026", "From Baker Street, Marylebone to Crawford Street, Marylebone"
"LINESTRING (-0.144228 51.518117,-0.157183 51.52026", "From Broadcasting House, Marylebone to Crawford Street, Marylebone"
"LINESTRING (-0.142345 51.510662,-0.157183 51.52026", "From Clifford Street, Mayfair to Crawford Street, Marylebone"
"LINESTRING (-0.164393 51.516517,-0.157183 51.52026", "From Nutford Place, Marylebone to Crawford Street, Marylebone"
"LINESTRING (-0.158264 51.514577,-0.157183 51.52026", "From Old Quebec Street, Marylebone to Crawford Street, Marylebone"
"LINESTRING (-0.173715 51.491211,-0.157183 51.52026", "From Sumner Place, South Kensington to Crawford Street, Marylebone"
"LINESTRING (-0.151926 51.516814,-0.157183 51.52026", "From Hinde Street, Marylebone to Crawford Street, Marylebone"
"LINESTRING (-0.147983 51.519167,-0.157183 51.52026", "From New Cavendish Street, Marylebone to Crawford Street, Marylebone"
"LINESTRING (-0.157183 51.52026,-0.157183 51.52026", "From Crawford Street, Marylebone to Crawford Street, Marylebone"
"LINESTRING (-0.155525 51.516204,-0.157183 51.52026", "From Portman Square, Marylebone to Crawford Street, Marylebone"
"LINESTRING (-0.122502 51.523951,-0.157183 51.52026", "From Brunswick Square, Bloomsbury to Crawford Street, Marylebone"
"LINESTRING (-0.18697 51.51616,-0.157183 51.52026", "From Bishop's Bridge Road West, Bayswater to Crawford Street, Marylebone"
"LINESTRING (-0.190393 51.490163,-0.144165 51.510736", "From Bramham Gardens, Earl's Court to Bruton Street, Mayfair"
"LINESTRING (-0.145211 51.520715,-0.144165 51.510736", "From Portland Place, Marylebone to Bruton Street, Mayfair"
"LINESTRING (-0.113656 51.505354,-0.144165 51.510736", "From Waterloo Bridge, South Bank to Bruton Street, Mayfair"
"LINESTRING (-0.195455 51.500401,-0.144165 51.510736", "From Argyll Road, Kensington to Bruton Street, Mayfair"
"LINESTRING (-0.158249 51.516892,-0.144165 51.510736", "From George Place Mews, Marylebone to Bruton Street, Mayfair"
"LINESTRING (-0.191722 51.461083,-0.144165 51.510736", "From Smugglers Way, Wandsworth to Bruton Street, Mayfair"
"LINESTRING (-0.187402 51.51031,-0.144165 51.510736", "From Queensway, Kensington Gardens to Bruton Street, Mayfair"
"LINESTRING (-0.153233 51.490959,-0.144165 51.510736", "From Bourne Street, Belgravia to Bruton Street, Mayfair"
"LINESTRING (-0.128377 51.523673,-0.144165 51.510736", "From Bedford Way, Bloomsbury to Bruton Street, Mayfair"
"LINESTRING (-0.126021 51.508103,-0.144165 51.510736", "From Craven Street, Strand to Bruton Street, Mayfair"
"LINESTRING (-0.168917 51.497056,-0.144165 51.510736", "From Holy Trinity Brompton, Knightsbridge to Bruton Street, Mayfair"
"LINESTRING (-0.110683 51.484788,-0.144165 51.510736", "From Kennington Road Post Office, Oval to Bruton Street, Mayfair"
"LINESTRING (-0.158105 51.494645,-0.144165 51.510736", "From Cadogan Place, Knightsbridge to Bruton Street, Mayfair"
"LINESTRING (-0.187402 51.51031,-0.144165 51.510736", "From Queensway, Kensington Gardens to Bruton Street, Mayfair"
"LINESTRING (-0.15352 51.503117,-0.144165 51.510736", "From Hyde Park Corner, Hyde Park to Bruton Street, Mayfair"
"LINESTRING (-0.195777 51.479463,-0.144165 51.510736", "From Erin Close, Walham Green to Bruton Street, Mayfair"
"LINESTRING (-0.124826 51.516226,-0.162298 51.522511", "From High Holborn , Covent Garden to Boston Place, Marylebone"
"LINESTRING (-0.18697 51.51616,-0.162298 51.522511", "From Bishop's Bridge Road West, Bayswater to Boston Place, Marylebone"
"LINESTRING (-0.130458 51.494816,-0.162298 51.522511", "From Horseferry Road, Westminster to Boston Place, Marylebone"
"LINESTRING (-0.17677 51.530889,-0.162298 51.522511", "From Grove End Road, St. John's Wood to Boston Place, Marylebone"
"LINESTRING (-0.145904 51.507069,-0.162298 51.522511", "From Curzon Street, Mayfair to Boston Place, Marylebone"
"LINESTRING (-0.120202 51.523346,-0.162298 51.522511", "From Guilford Street , Bloomsbury to Boston Place, Marylebone"
"LINESTRING (-0.154106 51.517703,-0.162298 51.522511", "From George Street, Marylebone to Boston Place, Marylebone"
"LINESTRING (-0.17581 51.517335,-0.162298 51.522511", "From South Wharf Road, Paddington to Boston Place, Marylebone"
"LINESTRING (-0.141423 51.514499,-0.162298 51.522511", "From Little Argyll Street, West End to Boston Place, Marylebone"
"LINESTRING (-0.165471 51.498884,-0.162298 51.522511", "From Montpelier Street, Knightsbridge to Boston Place, Marylebone"
"LINESTRING (-0.141423 51.514499,-0.162298 51.522511", "From Little Argyll Street, West End to Boston Place, Marylebone"
"LINESTRING (-0.17677 51.530889,-0.162298 51.522511", "From Grove End Road, St. John's Wood to Boston Place, Marylebone"
"LINESTRING (-0.135777 51.51953,-0.162298 51.522511", "From Charlotte Street, Fitzrovia to Boston Place, Marylebone"
"LINESTRING (-0.147983 51.519167,-0.162298 51.522511", "From New Cavendish Street, Marylebone to Boston Place, Marylebone"
"LINESTRING (-0.107987 51.517428,-0.162298 51.522511", "From New Fetter Lane, Holborn to Boston Place, Marylebone"
"LINESTRING (-0.147624 51.49395,-0.162298 51.522511", "From Eccleston Place, Victoria to Boston Place, Marylebone"
"LINESTRING (-0.116628 51.500089,-0.162298 51.522511", "From Lambeth Palace Road, Waterloo to Boston Place, Marylebone"
"LINESTRING (-0.157436 51.512276,-0.162298 51.522511", "From Green Street, Mayfair to Boston Place, Marylebone"
"LINESTRING (-0.103137 51.506692,-0.162298 51.522511", "From Poured Lines, Bankside to Boston Place, Marylebone"
"LINESTRING (-0.145904 51.507069,-0.162298 51.522511", "From Curzon Street, Mayfair to Boston Place, Marylebone"
"LINESTRING (-0.13011 51.513527,-0.162298 51.522511", "From Moor Street, Soho to Boston Place, Marylebone"
"LINESTRING (-0.197245 51.497387,-0.162298 51.522511", "From Abingdon Villas, Kensington to Boston Place, Marylebone"
"LINESTRING (-0.147203 51.515308,-0.162298 51.522511", "From Chapel Place, Marylebone to Boston Place, Marylebone"
"LINESTRING (-0.122502 51.523951,-0.162298 51.522511", "From Brunswick Square, Bloomsbury to Boston Place, Marylebone"
"LINESTRING (-0.170194 51.489716,-0.162298 51.522511", "From St. Luke's Church, Chelsea to Boston Place, Marylebone"
"LINESTRING (-0.09885 51.515418,-0.162298 51.522511", "From Newgate Street , St. Paul's to Boston Place, Marylebone"
"LINESTRING (-0.122492 51.486343,-0.162298 51.522511", "From Kennington Lane Rail Bridge, Vauxhall to Boston Place, Marylebone"
"LINESTRING (-0.138212 51.481335,-0.162298 51.522511", "From Riverlight South, Nine Elms to Boston Place, Marylebone"
"LINESTRING (-0.205284 51.496712,-0.162298 51.522511", "From Warwick Road, Olympia to Boston Place, Marylebone"
"LINESTRING (-0.153645 51.512911,-0.162298 51.522511", "From North Audley Street, Mayfair to Boston Place, Marylebone"
"LINESTRING (-0.164032 51.525194,-0.162298 51.522511", "From Rossmore Road, Marylebone to Boston Place, Marylebone"
"LINESTRING (-0.070133 51.515231,-0.06691 51.507131", "From Central House, Whitechapel to Nesham Street, Wapping"
"LINESTRING (-0.09294 51.511553,-0.06691 51.507131", "From Queen Street 1, Bank to Nesham Street, Wapping"
"LINESTRING (-0.077121 51.511594,-0.06691 51.507131", "From Crosswall, Tower to Nesham Street, Wapping"
"LINESTRING (-0.074754 51.523648,-0.06691 51.507131", "From Bethnal Green Road, Shoreditch to Nesham Street, Wapping"
"LINESTRING (-0.096191 51.498597,-0.06691 51.507131", "From Harper Road, The Borough to Nesham Street, Wapping"
"LINESTRING (-0.075459 51.509506,-0.06691 51.507131", "From Tower Gardens , Tower to Nesham Street, Wapping"
"LINESTRING (-0.055167 51.508447,-0.06691 51.507131", "From Garnet Street, Shadwell to Nesham Street, Wapping"
"LINESTRING (-0.058641 51.515256,-0.06691 51.507131", "From Philpot Street, Whitechapel to Nesham Street, Wapping"
"LINESTRING (-0.038986 51.512871,-0.06691 51.507131", "From Flamborough Street, Limehouse to Nesham Street, Wapping"
"LINESTRING (-0.070133 51.515231,-0.06691 51.507131", "From Central House, Whitechapel to Nesham Street, Wapping"
"LINESTRING (-0.069542 51.512363,-0.06691 51.507131", "From Leman Street, Aldgate to Nesham Street, Wapping"
"LINESTRING (-0.069542 51.512363,-0.06691 51.507131", "From Leman Street, Aldgate to Nesham Street, Wapping"
"LINESTRING (-0.06797 51.504904,-0.06691 51.507131", "From Wapping High Street, Wapping to Nesham Street, Wapping"
"LINESTRING (-0.057544 51.504749,-0.06691 51.507131", "From Wapping Lane, Wapping to Nesham Street, Wapping"
"LINESTRING (-0.074431 51.519362,-0.06691 51.507131", "From Fournier Street, Whitechapel to Nesham Street, Wapping"
"LINESTRING (-0.070133 51.515231,-0.06691 51.507131", "From Central House, Whitechapel to Nesham Street, Wapping"
"LINESTRING (-0.058681 51.506946,-0.06691 51.507131", "From Reardon Street, Wapping to Nesham Street, Wapping"
"LINESTRING (-0.05438 51.520019,-0.06691 51.507131", "From Ansell House, Stepney to Nesham Street, Wapping"
"LINESTRING (-0.074754 51.523648,-0.06691 51.507131", "From Bethnal Green Road, Shoreditch to Nesham Street, Wapping"
"LINESTRING (-0.069542 51.512363,-0.06691 51.507131", "From Leman Street, Aldgate to Nesham Street, Wapping"
"LINESTRING (-0.06691 51.507131,-0.06691 51.507131", "From Nesham Street, Wapping to Nesham Street, Wapping"
"LINESTRING (-0.06415 51.51295,-0.06691 51.507131", "From Christian Street, Whitechapel to Nesham Street, Wapping"
"LINESTRING (-0.070133 51.515231,-0.06691 51.507131", "From Central House, Whitechapel to Nesham Street, Wapping"
"LINESTRING (-0.055167 51.508447,-0.06691 51.507131", "From Garnet Street, Shadwell to Nesham Street, Wapping"
"LINESTRING (-0.093051 51.511246,-0.06691 51.507131", "From Queen Street 2, Bank to Nesham Street, Wapping"
"LINESTRING (-0.075459 51.509506,-0.06691 51.507131", "From Tower Gardens , Tower to Nesham Street, Wapping"
"LINESTRING (-0.021596 51.502661,-0.06691 51.507131", "From Heron Quays DLR, Canary Wharf to Nesham Street, Wapping"
"LINESTRING (-0.068161 51.509786,-0.06691 51.507131", "From Dock Street, Wapping to Nesham Street, Wapping"
"LINESTRING (-0.077121 51.511594,-0.06691 51.507131", "From Crosswall, Tower to Nesham Street, Wapping"
"LINESTRING (-0.106408 51.530515,-0.06691 51.507131", "From Chadwell Street, Angel to Nesham Street, Wapping"
"LINESTRING (-0.075459 51.509506,-0.06691 51.507131", "From Tower Gardens , Tower to Nesham Street, Wapping"
"LINESTRING (-0.069542 51.512363,-0.06691 51.507131", "From Leman Street, Aldgate to Nesham Street, Wapping"
"LINESTRING (-0.070133 51.515231,-0.06691 51.507131", "From Central House, Whitechapel to Nesham Street, Wapping"
"LINESTRING (-0.096191 51.498597,-0.06691 51.507131", "From Harper Road, The Borough to Nesham Street, Wapping"
"LINESTRING (-0.070133 51.515231,-0.06691 51.507131", "From Central House, Whitechapel to Nesham Street, Wapping"
"LINESTRING (-0.094524 51.500694,-0.06691 51.507131", "From Borough High Street, The Borough to Nesham Street, Wapping"
"LINESTRING (-0.087587 51.514441,-0.06691 51.507131", "From Bank of England Museum, Bank to Nesham Street, Wapping"
"LINESTRING (-0.090075 51.517842,-0.06691 51.507131", "From Fore Street, Guildhall to Nesham Street, Wapping"
"LINESTRING (-0.057159 51.511088,-0.06691 51.507131", "From Shadwell Station, Shadwell to Nesham Street, Wapping"
"LINESTRING (-0.057544 51.504749,-0.06691 51.507131", "From Wapping Lane, Wapping to Nesham Street, Wapping"
"LINESTRING (-0.082989 51.510484,-0.06691 51.507131", "From Great Tower Street, Monument to Nesham Street, Wapping"
"LINESTRING (-0.123702 51.506767,-0.06691 51.507131", "From Northumberland Avenue, Strand to Nesham Street, Wapping"
"LINESTRING (-0.09294 51.51397,-0.06691 51.507131", "From Cheapside, Bank to Nesham Street, Wapping"
"LINESTRING (-0.13544 51.497829,-0.183846 51.523344", "From Butler Place, Westminster to Warwick Avenue Station, Maida Vale"
"LINESTRING (-0.179592 51.525575,-0.183846 51.523344", "From Clifton Road, Maida Vale to Warwick Avenue Station, Maida Vale"
"LINESTRING (-0.173881 51.494412,-0.183846 51.523344", "From South Kensington Station, South Kensington to Warwick Avenue Station, Maida Vale"
"LINESTRING (-0.173881 51.494412,-0.183846 51.523344", "From South Kensington Station, South Kensington to Warwick Avenue Station, Maida Vale"
"LINESTRING (-0.158264 51.514577,-0.183846 51.523344", "From Old Quebec Street, Marylebone to Warwick Avenue Station, Maida Vale"
"LINESTRING (-0.200804 51.520509,-0.183846 51.523344", "From The Metropolitan, Portobello to Warwick Avenue Station, Maida Vale"
"LINESTRING (-0.179592 51.525575,-0.183846 51.523344", "From Clifton Road, Maida Vale to Warwick Avenue Station, Maida Vale"
"LINESTRING (-0.175116 51.523353,-0.183846 51.523344", "From Frampton Street, Paddington to Warwick Avenue Station, Maida Vale"
"LINESTRING (-0.17677 51.530889,-0.183846 51.523344", "From Grove End Road, St. John's Wood to Warwick Avenue Station, Maida Vale"
"LINESTRING (-0.164393 51.516517,-0.183846 51.523344", "From Nutford Place, Marylebone to Warwick Avenue Station, Maida Vale"
"LINESTRING (-0.173693 51.495948,-0.183846 51.523344", "From Exhibition Road Museums 2, South Kensington to Warwick Avenue Station, Maida Vale"
"LINESTRING (-0.188098 51.517919,-0.183846 51.523344", "From Gloucester Terrace, Bayswater to Warwick Avenue Station, Maida Vale"
"LINESTRING (-0.165842 51.522029,-0.183846 51.523344", "From Bell Street , Marylebone to Warwick Avenue Station, Maida Vale"
"LINESTRING (-0.204764 51.519042,-0.183846 51.523344", "From All Saints' Road, Portobello to Warwick Avenue Station, Maida Vale"
"LINESTRING (-0.173757 51.496471,-0.183846 51.523344", "From Exhibition Road Museums 1, South Kensington to Warwick Avenue Station, Maida Vale"
"LINESTRING (-0.125979 51.526357,-0.183846 51.523344", "From Cartwright Gardens , Bloomsbury to Warwick Avenue Station, Maida Vale"
"LINESTRING (-0.179592 51.525575,-0.183846 51.523344", "From Clifton Road, Maida Vale to Warwick Avenue Station, Maida Vale"
"LINESTRING (-0.175116 51.523353,-0.183846 51.523344", "From Frampton Street, Paddington to Warwick Avenue Station, Maida Vale"
"LINESTRING (-0.174554 51.499917,-0.183846 51.523344", "From Exhibition Road, Knightsbridge to Warwick Avenue Station, Maida Vale"
"LINESTRING (-0.176268 51.524826,-0.183846 51.523344", "From Aberdeen Place, St. John's Wood to Warwick Avenue Station, Maida Vale"
"LINESTRING (-0.200804 51.520509,-0.183846 51.523344", "From The Metropolitan, Portobello to Warwick Avenue Station, Maida Vale"
"LINESTRING (-0.17581 51.517335,-0.183846 51.523344", "From South Wharf Road, Paddington to Warwick Avenue Station, Maida Vale"
"LINESTRING (-0.18498 51.501737,-0.183846 51.523344", "From De Vere Gardens, Kensington to Warwick Avenue Station, Maida Vale"
"LINESTRING (-0.173693 51.495948,-0.183846 51.523344", "From Exhibition Road Museums 2, South Kensington to Warwick Avenue Station, Maida Vale"
"LINESTRING (-0.153645 51.512911,-0.183846 51.523344", "From North Audley Street, Mayfair to Warwick Avenue Station, Maida Vale"
"LINESTRING (-0.211593 51.51323,-0.183846 51.523344", "From Clarendon Road, Avondale to Warwick Avenue Station, Maida Vale"
"LINESTRING (-0.121394 51.493699,-0.183846 51.523344", "From Fire Brigade Pier, Vauxhall to Warwick Avenue Station, Maida Vale"
"LINESTRING (-0.116764 51.51362,-0.099141 51.512484", "From Houghton Street, Strand to Godliman Street, St. Paul's"
"LINESTRING (-0.079201 51.537277,-0.099141 51.512484", "From Hertford Road, De Beauvoir Town to Godliman Street, St. Paul's"
"LINESTRING (-0.055167 51.508447,-0.099141 51.512484", "From Garnet Street, Shadwell to Godliman Street, St. Paul's"
"LINESTRING (-0.131161 51.52505,-0.099141 51.512484", "From Taviton Street, Bloomsbury to Godliman Street, St. Paul's"
"LINESTRING (-0.129925 51.493072,-0.099141 51.512484", "From Vincent Street, Pimlico to Godliman Street, St. Paul's"
"LINESTRING (-0.131161 51.52505,-0.099141 51.512484", "From Taviton Street, Bloomsbury to Godliman Street, St. Paul's"
"LINESTRING (-0.112824 51.503791,-0.099141 51.512484", "From Waterloo Station 3, Waterloo to Godliman Street, St. Paul's"
"LINESTRING (-0.183118 51.515607,-0.099141 51.512484", "From Cleveland Gardens, Bayswater to Godliman Street, St. Paul's"
"LINESTRING (-0.082422 51.516154,-0.099141 51.512484", "From Wormwood Street, Liverpool Street to Godliman Street, St. Paul's"
"LINESTRING (-0.114686 51.506133,-0.099141 51.512484", "From Belvedere Road 1, South Bank to Godliman Street, St. Paul's"
"LINESTRING (-0.099141 51.512484,-0.099141 51.512484", "From Godliman Street, St. Paul's to Godliman Street, St. Paul's"
"LINESTRING (-0.120903 51.488124,-0.099141 51.512484", "From Vauxhall Walk, Vauxhall to Godliman Street, St. Paul's"
"LINESTRING (-0.025996 51.509303,-0.099141 51.512484", "From Westferry DLR, Limehouse to Godliman Street, St. Paul's"
"LINESTRING (-0.04667 51.521889,-0.099141 51.512484", "From Stepney Green Station, Stepney to Godliman Street, St. Paul's"
"LINESTRING (-0.120903 51.488124,-0.099141 51.512484", "From Vauxhall Walk, Vauxhall to Godliman Street, St. Paul's"
"LINESTRING (-0.089446 51.497382,-0.099141 51.512484", "From Great Dover Street, The Borough to Godliman Street, St. Paul's"
"LINESTRING (-0.120903 51.488124,-0.099141 51.512484", "From Vauxhall Walk, Vauxhall to Godliman Street, St. Paul's"
"LINESTRING (-0.131161 51.52505,-0.099141 51.512484", "From Taviton Street, Bloomsbury to Godliman Street, St. Paul's"
"LINESTRING (-0.120903 51.488124,-0.099141 51.512484", "From Vauxhall Walk, Vauxhall to Godliman Street, St. Paul's"
"LINESTRING (-0.113864 51.504027,-0.099141 51.512484", "From Waterloo Station 1, Waterloo to Godliman Street, St. Paul's"
"LINESTRING (-0.112824 51.503791,-0.099141 51.512484", "From Waterloo Station 3, Waterloo to Godliman Street, St. Paul's"
"LINESTRING (-0.120903 51.488124,-0.099141 51.512484", "From Vauxhall Walk, Vauxhall to Godliman Street, St. Paul's"
"LINESTRING (-0.06691 51.507131,-0.099141 51.512484", "From Nesham Street, Wapping to Godliman Street, St. Paul's"
"LINESTRING (-0.187842 51.509908,-0.145904 51.507069", "From Black Lion Gate, Kensington Gardens to Curzon Street, Mayfair"
"LINESTRING (-0.156166 51.518913,-0.145904 51.507069", "From Baker Street, Marylebone to Curzon Street, Mayfair"
"LINESTRING (-0.208485 51.478939,-0.145904 51.507069", "From St. Peter's Terrace, Fulham to Curzon Street, Mayfair"
"LINESTRING (-0.15352 51.503117,-0.145904 51.507069", "From Hyde Park Corner, Hyde Park to Curzon Street, Mayfair"
"LINESTRING (-0.142345 51.510662,-0.145904 51.507069", "From Clifford Street, Mayfair to Curzon Street, Mayfair"
"LINESTRING (-0.205279 51.487244,-0.145904 51.507069", "From Star Road, West Kensington to Curzon Street, Mayfair"
"LINESTRING (-0.130458 51.494816,-0.145904 51.507069", "From Horseferry Road, Westminster to Curzon Street, Mayfair"
"LINESTRING (-0.169249 51.515953,-0.145904 51.507069", "From Southwick Street, Paddington to Curzon Street, Mayfair"
"LINESTRING (-0.142783 51.51196,-0.145904 51.507069", "From St. George Street, Mayfair to Curzon Street, Mayfair"
"LINESTRING (-0.176268 51.524826,-0.145904 51.507069", "From Aberdeen Place, St. John's Wood to Curzon Street, Mayfair"
"LINESTRING (-0.150666 51.506864,-0.145904 51.507069", "From Stanhope Gate, Mayfair to Curzon Street, Mayfair"
"LINESTRING (-0.15934 51.500241,-0.145904 51.507069", "From Harriet Street, Knightsbridge to Curzon Street, Mayfair"
"LINESTRING (-0.162298 51.522511,-0.145904 51.507069", "From Boston Place, Marylebone to Curzon Street, Mayfair"
"LINESTRING (-0.201968 51.475089,-0.145904 51.507069", "From Parsons Green Station, Parsons Green to Curzon Street, Mayfair"
"LINESTRING (-0.124807 51.53724,-0.145904 51.507069", "From Handyside Street, King's Cross to Curzon Street, Mayfair"
"LINESTRING (-0.156166 51.518913,-0.145904 51.507069", "From Baker Street, Marylebone to Curzon Street, Mayfair"
"LINESTRING (-0.182126 51.463489,-0.145904 51.507069", "From Usk Road, Clapham Junction to Curzon Street, Mayfair"
"LINESTRING (-0.149569 51.50274,-0.145904 51.507069", "From Wellington Arch, Hyde Park to Curzon Street, Mayfair"
"LINESTRING (-0.191496 51.503157,-0.145904 51.507069", "From Kensington Church Street, Kensington to Curzon Street, Mayfair"
"LINESTRING (-0.153645 51.512911,-0.145904 51.507069", "From North Audley Street, Mayfair to Curzon Street, Mayfair"
"LINESTRING (-0.165668 51.524561,-0.145904 51.507069", "From Broadley Terrace, Marylebone to Curzon Street, Mayfair"
"LINESTRING (-0.099489 51.524868,-0.087459 51.528673", "From Sadlers Sports Centre, Finsbury to East Road, Hoxton"
"LINESTRING (-0.038986 51.512871,-0.087459 51.528673", "From Flamborough Street, Limehouse to East Road, Hoxton"
"LINESTRING (-0.09315 51.53356,-0.087459 51.528673", "From Eagle Wharf Road, Hoxton to East Road, Hoxton"
"LINESTRING (-0.132053 51.518587,-0.087459 51.528673", "From Bayley Street , Bloomsbury to East Road, Hoxton"
"LINESTRING (-0.05438 51.520019,-0.087459 51.528673", "From Ansell House, Stepney to East Road, Hoxton"
"LINESTRING (-0.084439 51.524696,-0.087459 51.528673", "From Leonard Circus , Shoreditch to East Road, Hoxton"
"LINESTRING (-0.047548 51.528869,-0.087459 51.528673", "From Globe Town Market, Bethnal Green to East Road, Hoxton"
"LINESTRING (-0.054162 51.536424,-0.087459 51.528673", "From Victoria Park Road, Hackney Central to East Road, Hoxton"
"LINESTRING (-0.087459 51.528673,-0.087459 51.528673", "From East Road, Hoxton to East Road, Hoxton"
"LINESTRING (-0.058005 51.527152,-0.087459 51.528673", "From Pott Street, Bethnal Green to East Road, Hoxton"
"LINESTRING (-0.069543 51.525645,-0.087459 51.528673", "From Granby Street, Shoreditch to East Road, Hoxton"
"LINESTRING (-0.069543 51.525645,-0.087459 51.528673", "From Granby Street, Shoreditch to East Road, Hoxton"
"LINESTRING (-0.07813 51.526377,-0.087459 51.528673", "From Shoreditch High Street, Shoreditch to East Road, Hoxton"
"LINESTRING (-0.07813 51.526377,-0.087459 51.528673", "From Shoreditch High Street, Shoreditch to East Road, Hoxton"
"LINESTRING (-0.093913 51.496791,-0.104298 51.526717", "From Dickens Square, Borough to Finsbury Library , Finsbury"
"LINESTRING (-0.027772 51.505703,-0.104298 51.526717", "From Westferry Circus, Canary Wharf to Finsbury Library , Finsbury"
"LINESTRING (-0.094934 51.522954,-0.104298 51.526717", "From Roscoe Street, St. Luke's to Finsbury Library , Finsbury"
"LINESTRING (-0.116542 51.504636,-0.104298 51.526717", "From Jubilee Gardens, South Bank to Finsbury Library , Finsbury"
"LINESTRING (-0.057544 51.504749,-0.104298 51.526717", "From Wapping Lane, Wapping to Finsbury Library , Finsbury"
"LINESTRING (-0.124749 51.509462,-0.104298 51.526717", "From William IV Street, Strand to Finsbury Library , Finsbury"
"LINESTRING (-0.109256 51.526443,-0.104298 51.526717", "From Tysoe Street, Clerkenwell to Finsbury Library , Finsbury"
"LINESTRING (-0.088542 51.527025,-0.104298 51.526717", "From Baldwin Street, St. Luke's to Finsbury Library , Finsbury"
"LINESTRING (-0.096317 51.526008,-0.104298 51.526717", "From Finsbury Leisure Centre, St. Luke's to Finsbury Library , Finsbury"
"LINESTRING (-0.123509 51.52625,-0.104298 51.526717", "From Tavistock Place, Bloomsbury to Finsbury Library , Finsbury"
"LINESTRING (-0.119558 51.528279,-0.104298 51.526717", "From Cromer Street, Bloomsbury to Finsbury Library , Finsbury"
"LINESTRING (-0.102091 51.500693,-0.104298 51.526717", "From Webber Street , Southwark to Finsbury Library , Finsbury"
"LINESTRING (-0.098807 51.506725,-0.104298 51.526717", "From Tate Modern, Bankside to Finsbury Library , Finsbury"
"LINESTRING (-0.094934 51.522954,-0.094934 51.522954", "From Roscoe Street, St. Luke's to Roscoe Street, St. Luke's"
"LINESTRING (-0.094934 51.522954,-0.094934 51.522954", "From Roscoe Street, St. Luke's to Roscoe Street, St. Luke's"
"LINESTRING (-0.101026 51.528246,-0.094934 51.522954", "From Goswell Road (City Uni), Finsbury to Roscoe Street, St. Luke's"
"LINESTRING (-0.125972 51.49764,-0.094934 51.522954", "From Abingdon Green, Westminster to Roscoe Street, St. Luke's"
"LINESTRING (-0.074431 51.519362,-0.094934 51.522954", "From Fournier Street, Whitechapel to Roscoe Street, St. Luke's"
"LINESTRING (-0.062546 51.535678,-0.094934 51.522954", "From Regent's Row , Haggerston to Roscoe Street, St. Luke's"
"LINESTRING (-0.109914 51.531666,-0.094934 51.522954", "From Claremont Square, Angel to Roscoe Street, St. Luke's"
"LINESTRING (-0.083935 51.520009,-0.094934 51.522954", "From Sun Street, Liverpool Street to Roscoe Street, St. Luke's"
"LINESTRING (-0.109006 51.521661,-0.094934 51.522954", "From Hatton Wall, Holborn to Roscoe Street, St. Luke's"
"LINESTRING (-0.088285 51.519069,-0.094934 51.522954", "From Moorfields, Moorgate to Roscoe Street, St. Luke's"
"LINESTRING (-0.114686 51.506133,-0.094934 51.522954", "From Belvedere Road 1, South Bank to Roscoe Street, St. Luke's"
"LINESTRING (-0.084439 51.524696,-0.094934 51.522954", "From Leonard Circus , Shoreditch to Roscoe Street, St. Luke's"
"LINESTRING (-0.088285 51.519069,-0.094934 51.522954", "From Moorfields, Moorgate to Roscoe Street, St. Luke's"
"LINESTRING (-0.132102 51.498125,-0.094934 51.522954", "From Abbey Orchard Street, Westminster to Roscoe Street, St. Luke's"
"LINESTRING (-0.099981 51.532661,-0.094934 51.522954", "From Graham Street, Angel to Roscoe Street, St. Luke's"
"LINESTRING (-0.089659 51.52548,-0.094934 51.522954", "From Old Street Station, St. Luke's to Roscoe Street, St. Luke's"
"LINESTRING (-0.125441 51.541596,-0.094934 51.522954", "From York Way, Kings Cross to Roscoe Street, St. Luke's"
"LINESTRING (-0.074431 51.519362,-0.094934 51.522954", "From Fournier Street, Whitechapel to Roscoe Street, St. Luke's"
"LINESTRING (-0.082422 51.516154,-0.094934 51.522954", "From Wormwood Street, Liverpool Street to Roscoe Street, St. Luke's"
"LINESTRING (-0.103078 51.511934,-0.094934 51.522954", "From Blackfriars Station, St. Paul's to Roscoe Street, St. Luke's"
"LINESTRING (-0.011662 51.518811,-0.094934 51.522954", "From Teviot Street, Poplar to Roscoe Street, St. Luke's"
"LINESTRING (-0.097122 51.529423,-0.094934 51.522954", "From Macclesfield Rd, St Lukes to Roscoe Street, St. Luke's"
"LINESTRING (-0.122492 51.486343,-0.094934 51.522954", "From Kennington Lane Rail Bridge, Vauxhall to Roscoe Street, St. Luke's"
"LINESTRING (-0.125078 51.534667,-0.094934 51.522954", "From Good's Way, King's Cross to Roscoe Street, St. Luke's"
"LINESTRING (-0.101026 51.528246,-0.094934 51.522954", "From Goswell Road (City Uni), Finsbury to Roscoe Street, St. Luke's"
"LINESTRING (-0.025492 51.530535,-0.094934 51.522954", "From Mostyn Grove, Bow to Roscoe Street, St. Luke's"
"LINESTRING (-0.10548 51.532199,-0.094934 51.522954", "From Torrens Street, Angel to Roscoe Street, St. Luke's"
"LINESTRING (-0.145393 51.542138,-0.143495 51.509992", "From Castlehaven Road, Camden Town to Grafton Street, Mayfair"
"LINESTRING (-0.143495 51.509992,-0.143495 51.509992", "From Grafton Street, Mayfair to Grafton Street, Mayfair"
"LINESTRING (-0.116688 51.520596,-0.143495 51.509992", "From Theobald's Road , Holborn to Grafton Street, Mayfair"
"LINESTRING (-0.149186 51.490491,-0.143495 51.509992", "From Ebury Bridge, Pimlico to Grafton Street, Mayfair"
"LINESTRING (-0.149186 51.490491,-0.143495 51.509992", "From Ebury Bridge, Pimlico to Grafton Street, Mayfair"
"LINESTRING (-0.143495 51.509992,-0.143495 51.509992", "From Grafton Street, Mayfair to Grafton Street, Mayfair"
"LINESTRING (-0.113864 51.504027,-0.143495 51.509992", "From Waterloo Station 1, Waterloo to Grafton Street, Mayfair"
"LINESTRING (-0.17581 51.517335,-0.143495 51.509992", "From South Wharf Road, Paddington to Grafton Street, Mayfair"
"LINESTRING (-0.171103 51.518268,-0.143495 51.509992", "From St Mary's Hospital, Paddington to Grafton Street, Mayfair"
"LINESTRING (-0.159237 51.501855,-0.143495 51.509992", "From Seville Street, Knightsbridge to Grafton Street, Mayfair"
"LINESTRING (-0.192538 51.504723,-0.143495 51.509992", "From Vicarage Gate, Kensington to Grafton Street, Mayfair"
"LINESTRING (-0.180246 51.501026,-0.143495 51.509992", "From Queen's Gate (North), Kensington to Grafton Street, Mayfair"
"LINESTRING (-0.159237 51.501855,-0.143495 51.509992", "From Seville Street, Knightsbridge to Grafton Street, Mayfair"
"LINESTRING (-0.082422 51.516154,-0.143495 51.509992", "From Wormwood Street, Liverpool Street to Grafton Street, Mayfair"
"LINESTRING (-0.137043 51.511897,-0.143495 51.509992", "From Golden Square, Soho to Grafton Street, Mayfair"
"LINESTRING (-0.150181 51.536922,-0.143495 51.509992", "From London Zoo Car Park, The Regent's Park to Grafton Street, Mayfair"
"LINESTRING (-0.082989 51.510484,-0.143495 51.509992", "From Great Tower Street, Monument to Grafton Street, Mayfair"
"LINESTRING (-0.138853 51.541603,-0.143495 51.509992", "From Bonny Street, Camden Town to Grafton Street, Mayfair"
"LINESTRING (-0.17306 51.505014,-0.143495 51.509992", "From Serpentine Car Park, Hyde Park to Grafton Street, Mayfair"
"LINESTRING (-0.096518 51.491327,-0.143495 51.509992", "From Walworth Square, Walworth to Grafton Street, Mayfair"
"LINESTRING (-0.09294 51.51397,-0.094475 51.521747", "From Cheapside, Bank to Golden Lane, Barbican"
"LINESTRING (-0.10834 51.52352,-0.094475 51.521747", "From Farringdon Lane, Clerkenwell to Golden Lane, Barbican"
"LINESTRING (-0.09885 51.515418,-0.094475 51.521747", "From Newgate Street , St. Paul's to Golden Lane, Barbican"
"LINESTRING (-0.111778 51.515937,-0.094475 51.521747", "From Breams Buildings, Holborn to Golden Lane, Barbican"
"LINESTRING (-0.09885 51.515418,-0.094475 51.521747", "From Newgate Street , St. Paul's to Golden Lane, Barbican"
"LINESTRING (-0.094934 51.522954,-0.094475 51.521747", "From Roscoe Street, St. Luke's to Golden Lane, Barbican"
"LINESTRING (-0.113864 51.504027,-0.094475 51.521747", "From Waterloo Station 1, Waterloo to Golden Lane, Barbican"
"LINESTRING (-0.099981 51.532661,-0.094475 51.521747", "From Graham Street, Angel to Golden Lane, Barbican"
"LINESTRING (-0.09294 51.51397,-0.094475 51.521747", "From Cheapside, Bank to Golden Lane, Barbican"
"LINESTRING (-0.10834 51.52352,-0.094475 51.521747", "From Farringdon Lane, Clerkenwell to Golden Lane, Barbican"
"LINESTRING (-0.123509 51.52625,-0.094475 51.521747", "From Tavistock Place, Bloomsbury to Golden Lane, Barbican"
"LINESTRING (-0.102757 51.536384,-0.094475 51.521747", "From Islington Green, Angel to Golden Lane, Barbican"
"LINESTRING (-0.096496 51.517821,-0.094475 51.521747", "From Museum of London, Barbican to Golden Lane, Barbican"
"LINESTRING (-0.089782 51.53089,-0.094475 51.521747", "From Murray Grove , Hoxton to Golden Lane, Barbican"
"LINESTRING (-0.099981 51.532661,-0.094475 51.521747", "From Graham Street, Angel to Golden Lane, Barbican"
"LINESTRING (-0.09294 51.51397,-0.094475 51.521747", "From Cheapside, Bank to Golden Lane, Barbican"
"LINESTRING (-0.07813 51.526377,-0.094475 51.521747", "From Shoreditch High Street, Shoreditch to Golden Lane, Barbican"
"LINESTRING (-0.094934 51.522954,-0.086685 51.517075", "From Roscoe Street, St. Luke's to Finsbury Circus, Liverpool Street"
"LINESTRING (-0.142844 51.506613,-0.086685 51.517075", "From Green Park Station, Mayfair to Finsbury Circus, Liverpool Street"
"LINESTRING (-0.147983 51.519167,-0.086685 51.517075", "From New Cavendish Street, Marylebone to Finsbury Circus, Liverpool Street"
"LINESTRING (-0.131213 51.513103,-0.086685 51.517075", "From Frith Street, Soho to Finsbury Circus, Liverpool Street"
"LINESTRING (-0.113426 51.503919,-0.086685 51.517075", "From Waterloo Station 2, Waterloo to Finsbury Circus, Liverpool Street"
"LINESTRING (-0.097122 51.529423,-0.086685 51.517075", "From Macclesfield Rd, St Lukes to Finsbury Circus, Liverpool Street"
"LINESTRING (-0.076793 51.513406,-0.086685 51.517075", "From Jewry Street, Aldgate to Finsbury Circus, Liverpool Street"
"LINESTRING (-0.149186 51.490491,-0.086685 51.517075", "From Ebury Bridge, Pimlico to Finsbury Circus, Liverpool Street"
"LINESTRING (-0.097441 51.511961,-0.086685 51.517075", "From Queen Victoria Street, St. Paul's to Finsbury Circus, Liverpool Street"
"LINESTRING (-0.109025 51.534408,-0.086685 51.517075", "From Cloudesley Road, Angel to Finsbury Circus, Liverpool Street"
"LINESTRING (-0.105312 51.504043,-0.086685 51.517075", "From Southwark Station 1, Southwark to Finsbury Circus, Liverpool Street"
"LINESTRING (-0.109025 51.534408,-0.086685 51.517075", "From Cloudesley Road, Angel to Finsbury Circus, Liverpool Street"
"LINESTRING (-0.039264 51.521564,-0.086685 51.517075", "From Harford Street, Mile End to Finsbury Circus, Liverpool Street"
"LINESTRING (-0.093903 51.530991,-0.086685 51.517075", "From Wenlock Road , Hoxton to Finsbury Circus, Liverpool Street"
"LINESTRING (-0.09315 51.53356,-0.086685 51.517075", "From Eagle Wharf Road, Hoxton to Finsbury Circus, Liverpool Street"
"LINESTRING (-0.063531 51.504719,-0.086685 51.517075", "From Hermitage Court, Wapping to Finsbury Circus, Liverpool Street"
"LINESTRING (-0.141423 51.514499,-0.086685 51.517075", "From Little Argyll Street, West End to Finsbury Circus, Liverpool Street"
"LINESTRING (-0.128279 51.5293,-0.086685 51.517075", "From Ossulston Street, Somers Town to Finsbury Circus, Liverpool Street"
"LINESTRING (-0.122492 51.486343,-0.086685 51.517075", "From Kennington Lane Rail Bridge, Vauxhall to Finsbury Circus, Liverpool Street"
"LINESTRING (-0.051394 51.520893,-0.086685 51.517075", "From Cleveland Way, Stepney to Finsbury Circus, Liverpool Street"
"LINESTRING (-0.075885 51.536585,-0.086685 51.517075", "From Dunston Road , Haggerston to Finsbury Circus, Liverpool Street"
"LINESTRING (-0.0985 51.51601,-0.086685 51.517075", "From King Edward Street, St Pauls to Finsbury Circus, Liverpool Street"
"LINESTRING (-0.09294 51.51397,-0.086685 51.517075", "From Cheapside, Bank to Finsbury Circus, Liverpool Street"
"LINESTRING (-0.132328 51.515631,-0.086685 51.517075", "From Soho Square , Soho to Finsbury Circus, Liverpool Street"
"LINESTRING (-0.119643 51.511756,-0.086685 51.517075", "From Wellington Street , Strand to Finsbury Circus, Liverpool Street"
"LINESTRING (-0.078505 51.53095,-0.086685 51.517075", "From Falkirk Street, Hoxton to Finsbury Circus, Liverpool Street"
"LINESTRING (-0.11548 51.528915,-0.086685 51.517075", "From Great Percy Street, Clerkenwell to Finsbury Circus, Liverpool Street"
"LINESTRING (-0.099141 51.512484,-0.086685 51.517075", "From Godliman Street, St. Paul's to Finsbury Circus, Liverpool Street"
"LINESTRING (-0.099994 51.522853,-0.086685 51.517075", "From Berry Street, Clerkenwell to Finsbury Circus, Liverpool Street"
"LINESTRING (-0.147857 51.477966,-0.086685 51.517075", "From Gas Holders, Battersea Park to Finsbury Circus, Liverpool Street"
"LINESTRING (-0.124469 51.485917,-0.086685 51.517075", "From Vauxhall Cross, Vauxhall to Finsbury Circus, Liverpool Street"
"LINESTRING (-0.032267 51.525501,-0.086685 51.517075", "From Maplin Street, Mile End to Finsbury Circus, Liverpool Street"
"LINESTRING (-0.0985 51.51601,-0.086685 51.517075", "From King Edward Street, St Pauls to Finsbury Circus, Liverpool Street"
"LINESTRING (-0.0985 51.51601,-0.086685 51.517075", "From King Edward Street, St Pauls to Finsbury Circus, Liverpool Street"
"LINESTRING (-0.098807 51.506725,-0.086685 51.517075", "From Tate Modern, Bankside to Finsbury Circus, Liverpool Street"
"LINESTRING (-0.113885 51.51165,-0.086685 51.517075", "From Arundel Street to Finsbury Circus, Liverpool Street"
"LINESTRING (-0.093903 51.530991,-0.086685 51.517075", "From Wenlock Road , Hoxton to Finsbury Circus, Liverpool Street"
"LINESTRING (-0.05438 51.520019,-0.086685 51.517075", "From Ansell House, Stepney to Finsbury Circus, Liverpool Street"
"LINESTRING (-0.111257 51.514274,-0.086685 51.517075", "From Chancery Lane, Holborn to Finsbury Circus, Liverpool Street"
"LINESTRING (-0.085603 51.53095,-0.086685 51.517075", "From New North Road 1, Hoxton to Finsbury Circus, Liverpool Street"
"LINESTRING (-0.13214 51.519572,-0.086685 51.517075", "From Store Street, Bloomsbury to Finsbury Circus, Liverpool Street"
"LINESTRING (-0.066078 51.514924,-0.086685 51.517075", "From LMU Commercial Road, Whitechapel to Finsbury Circus, Liverpool Street"
"LINESTRING (-0.113426 51.503919,-0.086685 51.517075", "From Waterloo Station 2, Waterloo to Finsbury Circus, Liverpool Street"
"LINESTRING (-0.116688 51.520596,-0.086685 51.517075", "From Theobald's Road , Holborn to Finsbury Circus, Liverpool Street"
"LINESTRING (-0.08974 51.500823,-0.086685 51.517075", "From Empire Square, The Borough to Finsbury Circus, Liverpool Street"
"LINESTRING (-0.097122 51.529423,-0.086685 51.517075", "From Macclesfield Rd, St Lukes to Finsbury Circus, Liverpool Street"
"LINESTRING (-0.069542 51.512363,-0.086685 51.517075", "From Leman Street, Aldgate to Finsbury Circus, Liverpool Street"
"LINESTRING (-0.074189 51.502279,-0.086685 51.517075", "From Curlew Street, Shad Thames to Finsbury Circus, Liverpool Street"
"LINESTRING (-0.057544 51.504749,-0.086685 51.517075", "From Wapping Lane, Wapping to Finsbury Circus, Liverpool Street"
"LINESTRING (-0.069543 51.525645,-0.086685 51.517075", "From Granby Street, Shoreditch to Finsbury Circus, Liverpool Street"
"LINESTRING (-0.143613 51.523518,-0.154701 51.520583", "From Bolsover Street, Fitzrovia to Paddington Street, Marylebone"
"LINESTRING (-0.158264 51.514577,-0.154701 51.520583", "From Old Quebec Street, Marylebone to Paddington Street, Marylebone"
"LINESTRING (-0.17581 51.517335,-0.154701 51.520583", "From South Wharf Road, Paddington to Paddington Street, Marylebone"
"LINESTRING (-0.121328 51.517606,-0.154701 51.520583", "From Southampton Place, Holborn to Paddington Street, Marylebone"
"LINESTRING (-0.191462 51.501364,-0.154701 51.520583", "From Derry Street, Kensington to Paddington Street, Marylebone"
"LINESTRING (-0.161113 51.522596,-0.154701 51.520583", "From Dorset Square, Marylebone to Paddington Street, Marylebone"
"LINESTRING (-0.171103 51.518268,-0.154701 51.520583", "From St Mary's Hospital, Paddington to Paddington Street, Marylebone"
"LINESTRING (-0.144228 51.518117,-0.154701 51.520583", "From Broadcasting House, Marylebone to Paddington Street, Marylebone"
"LINESTRING (-0.161765 51.487964,-0.154701 51.520583", "From Ormonde Gate, Chelsea to Paddington Street, Marylebone"
"LINESTRING (-0.068161 51.509786,-0.154701 51.520583", "From Dock Street, Wapping to Paddington Street, Marylebone"
"LINESTRING (-0.135025 51.518162,-0.154701 51.520583", "From Rathbone Street, Fitzrovia to Paddington Street, Marylebone"
"LINESTRING (-0.158249 51.516892,-0.154701 51.520583", "From George Place Mews, Marylebone to Paddington Street, Marylebone"
"LINESTRING (-0.139016 51.520994,-0.154701 51.520583", "From Howland Street, Fitzrovia to Paddington Street, Marylebone"
"LINESTRING (-0.176268 51.524826,-0.154701 51.520583", "From Aberdeen Place, St. John's Wood to Paddington Street, Marylebone"
"LINESTRING (-0.121328 51.517606,-0.154701 51.520583", "From Southampton Place, Holborn to Paddington Street, Marylebone"
"LINESTRING (-0.121328 51.517606,-0.154701 51.520583", "From Southampton Place, Holborn to Paddington Street, Marylebone"
"LINESTRING (-0.079249 51.518908,-0.154701 51.520583", "From Brushfield Street, Liverpool Street to Paddington Street, Marylebone"
"LINESTRING (-0.153645 51.512911,-0.154701 51.520583", "From North Audley Street, Mayfair to Paddington Street, Marylebone"
"LINESTRING (-0.168074 51.5343,-0.154701 51.520583", "From Charlbert Street, St. John's Wood to Paddington Street, Marylebone"
"LINESTRING (-0.163667 51.520331,-0.154701 51.520583", "From Seymour Place, Marylebone to Paddington Street, Marylebone"
"LINESTRING (-0.175116 51.523353,-0.154701 51.520583", "From Frampton Street, Paddington to Paddington Street, Marylebone"
"LINESTRING (-0.163609 51.51809,-0.154701 51.520583", "From Shouldham Street, Marylebone to Paddington Street, Marylebone"
"LINESTRING (-0.144228 51.518117,-0.154701 51.520583", "From Broadcasting House, Marylebone to Paddington Street, Marylebone"
"LINESTRING (-0.187402 51.51031,-0.154701 51.520583", "From Queensway, Kensington Gardens to Paddington Street, Marylebone"
"LINESTRING (-0.165842 51.522029,-0.154701 51.520583", "From Bell Street , Marylebone to Paddington Street, Marylebone"
"LINESTRING (-0.145211 51.520715,-0.154701 51.520583", "From Portland Place, Marylebone to Paddington Street, Marylebone"
"LINESTRING (-0.151926 51.516814,-0.154701 51.520583", "From Hinde Street, Marylebone to Paddington Street, Marylebone"
"LINESTRING (-0.145246 51.539957,-0.154701 51.520583", "From Arlington Road, Camden Town to Paddington Street, Marylebone"
"LINESTRING (-0.123509 51.52625,-0.154701 51.520583", "From Tavistock Place, Bloomsbury to Paddington Street, Marylebone"
"LINESTRING (-0.088542 51.527025,-0.154701 51.520583", "From Baldwin Street, St. Luke's to Paddington Street, Marylebone"
"LINESTRING (-0.139625 51.490962,-0.154701 51.520583", "From Gloucester Street, Pimlico to Paddington Street, Marylebone"
"LINESTRING (-0.165101 51.493583,-0.154701 51.520583", "From Denyer Street, Knightsbridge to Paddington Street, Marylebone"
"LINESTRING (-0.145246 51.539957,-0.154701 51.520583", "From Arlington Road, Camden Town to Paddington Street, Marylebone"
"LINESTRING (-0.17977 51.51348,-0.154701 51.520583", "From Devonshire Terrace, Bayswater to Paddington Street, Marylebone"
"LINESTRING (-0.140485 51.519181,-0.154701 51.520583", "From Foley Street, Fitzrovia to Paddington Street, Marylebone"
"LINESTRING (-0.06111 51.518675,-0.120202 51.523346", "From Royal London Hospital, Whitechapel to Guilford Street , Bloomsbury"
"LINESTRING (-0.110889 51.495718,-0.120202 51.523346", "From Kennington Road  , Vauxhall to Guilford Street , Bloomsbury"
"LINESTRING (-0.138853 51.541603,-0.120202 51.523346", "From Bonny Street, Camden Town to Guilford Street , Bloomsbury"
"LINESTRING (-0.153463 51.525367,-0.120202 51.523346", "From The Tennis Courts, The Regent's Park to Guilford Street , Bloomsbury"
"LINESTRING (-0.106823 51.508033,-0.120202 51.523346", "From Sea Containers, South Bank to Guilford Street , Bloomsbury"
"LINESTRING (-0.172528 51.533043,-0.120202 51.523346", "From Wellington Road, St. John's Wood to Guilford Street , Bloomsbury"
"LINESTRING (-0.120202 51.523346,-0.120202 51.523346", "From Guilford Street , Bloomsbury to Guilford Street , Bloomsbury"
"LINESTRING (-0.04667 51.521889,-0.120202 51.523346", "From Stepney Green Station, Stepney to Guilford Street , Bloomsbury"
"LINESTRING (-0.132053 51.518587,-0.120202 51.523346", "From Bayley Street , Bloomsbury to Guilford Street , Bloomsbury"
"LINESTRING (-0.123616 51.529943,-0.120202 51.523346", "From Belgrove Street , King's Cross to Guilford Street , Bloomsbury"
"LINESTRING (-0.068161 51.509786,-0.120202 51.523346", "From Dock Street, Wapping to Guilford Street , Bloomsbury"
"LINESTRING (-0.091401 51.518093,-0.120202 51.523346", "From Fore Street Avenue, Guildhall to Guilford Street , Bloomsbury"
"LINESTRING (-0.034903 51.518541,-0.120202 51.523346", "From Mile End Stadium, Mile End to Guilford Street , Bloomsbury"
"LINESTRING (-0.145393 51.542138,-0.120202 51.523346", "From Castlehaven Road, Camden Town to Guilford Street , Bloomsbury"
"LINESTRING (-0.157436 51.512276,-0.120202 51.523346", "From Green Street, Mayfair to Guilford Street , Bloomsbury"
"LINESTRING (-0.125078 51.534667,-0.120202 51.523346", "From Good's Way, King's Cross to Guilford Street , Bloomsbury"
"LINESTRING (-0.084605 51.521283,-0.120202 51.523346", "From Christopher Street, Liverpool Street to Guilford Street , Bloomsbury"
"LINESTRING (-0.06111 51.518675,-0.120202 51.523346", "From Royal London Hospital, Whitechapel to Guilford Street , Bloomsbury"
"LINESTRING (-0.145393 51.542138,-0.120202 51.523346", "From Castlehaven Road, Camden Town to Guilford Street , Bloomsbury"
"LINESTRING (-0.158264 51.514577,-0.120202 51.523346", "From Old Quebec Street, Marylebone to Guilford Street , Bloomsbury"
"LINESTRING (-0.130431 51.52168,-0.120202 51.523346", "From Malet Street, Bloomsbury to Guilford Street , Bloomsbury"
"LINESTRING (-0.063531 51.504719,-0.120202 51.523346", "From Hermitage Court, Wapping to Guilford Street , Bloomsbury"
"LINESTRING (-0.123616 51.529943,-0.120202 51.523346", "From Belgrove Street , King's Cross to Guilford Street , Bloomsbury"
"LINESTRING (-0.123616 51.529943,-0.120202 51.523346", "From Belgrove Street , King's Cross to Guilford Street , Bloomsbury"
"LINESTRING (-0.138535 51.538792,-0.120202 51.523346", "From St Martins Close, Camden Town to Guilford Street , Bloomsbury"
"LINESTRING (-0.132328 51.515631,-0.120202 51.523346", "From Soho Square , Soho to Guilford Street , Bloomsbury"
"LINESTRING (-0.133952 51.536264,-0.120202 51.523346", "From Royal College Street, Camden Town to Guilford Street , Bloomsbury"
"LINESTRING (-0.10834 51.52352,-0.120202 51.523346", "From Farringdon Lane, Clerkenwell to Guilford Street , Bloomsbury"
"LINESTRING (-0.069543 51.525645,-0.120202 51.523346", "From Granby Street, Shoreditch to Guilford Street , Bloomsbury"
"LINESTRING (-0.141327 51.520253,-0.120202 51.523346", "From Great Titchfield Street, Fitzrovia to Guilford Street , Bloomsbury"
"LINESTRING (-0.124749 51.509462,-0.120202 51.523346", "From William IV Street, Strand to Guilford Street , Bloomsbury"
"LINESTRING (-0.121723 51.510701,-0.120202 51.523346", "From Southampton Street, Strand to Guilford Street , Bloomsbury"
"LINESTRING (-0.089659 51.52548,-0.120202 51.523346", "From Old Street Station, St. Luke's to Guilford Street , Bloomsbury"
"LINESTRING (-0.103078 51.511934,-0.120202 51.523346", "From Blackfriars Station, St. Paul's to Guilford Street , Bloomsbury"
"LINESTRING (-0.140485 51.519181,-0.120202 51.523346", "From Foley Street, Fitzrovia to Guilford Street , Bloomsbury"
"LINESTRING (-0.145393 51.542138,-0.120202 51.523346", "From Castlehaven Road, Camden Town to Guilford Street , Bloomsbury"
"LINESTRING (-0.125972 51.49764,-0.120202 51.523346", "From Abingdon Green, Westminster to Guilford Street , Bloomsbury"
"LINESTRING (-0.075578 51.52127,-0.120202 51.523346", "From Commercial Street, Shoreditch to Guilford Street , Bloomsbury"
"LINESTRING (-0.128279 51.5293,-0.120202 51.523346", "From Ossulston Street, Somers Town to Guilford Street , Bloomsbury"
"LINESTRING (-0.111781 51.533319,-0.120202 51.523346", "From Risinghill Street, Angel to Guilford Street , Bloomsbury"
"LINESTRING (-0.060291 51.535716,-0.079248 51.524526", "From Ada Street, Hackney Central to New Inn Yard, Shoreditch"
"LINESTRING (-0.068856 51.521776,-0.079248 51.524526", "From Buxton Street 1, Shoreditch to New Inn Yard, Shoreditch"
"LINESTRING (-0.106408 51.530515,-0.079248 51.524526", "From Chadwell Street, Angel to New Inn Yard, Shoreditch"
"LINESTRING (-0.075885 51.536585,-0.079248 51.524526", "From Dunston Road , Haggerston to New Inn Yard, Shoreditch"
"LINESTRING (-0.055656 51.514222,-0.079248 51.524526", "From Watney Market, Stepney to New Inn Yard, Shoreditch"
"LINESTRING (-0.099981 51.532661,-0.079248 51.524526", "From Graham Street, Angel to New Inn Yard, Shoreditch"
"LINESTRING (-0.091773 51.504627,-0.079248 51.524526", "From Hop Exchange, The Borough to New Inn Yard, Shoreditch"
"LINESTRING (-0.084439 51.524696,-0.079248 51.524526", "From Leonard Circus , Shoreditch to New Inn Yard, Shoreditch"
"LINESTRING (-0.132328 51.515631,-0.079248 51.524526", "From Soho Square , Soho to New Inn Yard, Shoreditch"
"LINESTRING (-0.108068 51.527842,-0.079248 51.524526", "From Hardwick Street, Clerkenwell to New Inn Yard, Shoreditch"
"LINESTRING (-0.063531 51.504719,-0.079248 51.524526", "From Hermitage Court, Wapping to New Inn Yard, Shoreditch"
"LINESTRING (-0.13011 51.513527,-0.079248 51.524526", "From Moor Street, Soho to New Inn Yard, Shoreditch"
"LINESTRING (-0.091773 51.504627,-0.079248 51.524526", "From Hop Exchange, The Borough to New Inn Yard, Shoreditch"
"LINESTRING (-0.109256 51.526443,-0.079248 51.524526", "From Tysoe Street, Clerkenwell to New Inn Yard, Shoreditch"
"LINESTRING (-0.099994 51.522853,-0.079248 51.524526", "From Berry Street, Clerkenwell to New Inn Yard, Shoreditch"
"LINESTRING (-0.091773 51.504627,-0.079248 51.524526", "From Hop Exchange, The Borough to New Inn Yard, Shoreditch"
"LINESTRING (-0.092176 51.520044,-0.079248 51.524526", "From Barbican Centre, Barbican to New Inn Yard, Shoreditch"
"LINESTRING (-0.088542 51.527025,-0.079248 51.524526", "From Baldwin Street, St. Luke's to New Inn Yard, Shoreditch"
"LINESTRING (-0.069743 51.528222,-0.079248 51.524526", "From Wellington Row, Bethnal Green to New Inn Yard, Shoreditch"
"LINESTRING (-0.055894 51.528936,-0.079248 51.524526", "From York Hall, Bethnal Green to New Inn Yard, Shoreditch"
"LINESTRING (-0.093885 51.517008,-0.079248 51.524526", "From Wood Street, Guildhall to New Inn Yard, Shoreditch"
"LINESTRING (-0.091773 51.504627,-0.079248 51.524526", "From Hop Exchange, The Borough to New Inn Yard, Shoreditch"
"LINESTRING (-0.093903 51.530991,-0.079248 51.524526", "From Wenlock Road , Hoxton to New Inn Yard, Shoreditch"
"LINESTRING (-0.068856 51.521776,-0.079248 51.524526", "From Buxton Street 1, Shoreditch to New Inn Yard, Shoreditch"
"LINESTRING (-0.109006 51.521661,-0.079248 51.524526", "From Hatton Wall, Holborn to New Inn Yard, Shoreditch"
"LINESTRING (-0.13544 51.497829,-0.079248 51.524526", "From Butler Place, Westminster to New Inn Yard, Shoreditch"
"LINESTRING (-0.034903 51.518541,-0.079248 51.524526", "From Mile End Stadium, Mile End to New Inn Yard, Shoreditch"
"LINESTRING (-0.021345 51.519265,-0.079248 51.524526", "From Furze Green, Bow to New Inn Yard, Shoreditch"
"LINESTRING (-0.132328 51.515631,-0.079248 51.524526", "From Soho Square , Soho to New Inn Yard, Shoreditch"
"LINESTRING (-0.058005 51.527152,-0.079248 51.524526", "From Pott Street, Bethnal Green to New Inn Yard, Shoreditch"
"LINESTRING (-0.096317 51.526008,-0.079248 51.524526", "From Finsbury Leisure Centre, St. Luke's to New Inn Yard, Shoreditch"
"LINESTRING (-0.124749 51.509462,-0.079248 51.524526", "From William IV Street, Strand to New Inn Yard, Shoreditch"
"LINESTRING (-0.089887 51.520858,-0.079248 51.524526", "From Bunhill Row, Moorgate to New Inn Yard, Shoreditch"
"LINESTRING (-0.132328 51.515631,-0.079248 51.524526", "From Soho Square , Soho to New Inn Yard, Shoreditch"
"LINESTRING (-0.058826 51.54119,-0.079248 51.524526", "From London Fields, Hackney Central to New Inn Yard, Shoreditch"
"LINESTRING (-0.139625 51.490962,-0.17219 51.526448", "From Gloucester Street, Pimlico to Lisson Grove, St. John's Wood"
"LINESTRING (-0.156166 51.518913,-0.17219 51.526448", "From Baker Street, Marylebone to Lisson Grove, St. John's Wood"
"LINESTRING (-0.165842 51.522029,-0.17219 51.526448", "From Bell Street , Marylebone to Lisson Grove, St. John's Wood"
"LINESTRING (-0.165842 51.522029,-0.17219 51.526448", "From Bell Street , Marylebone to Lisson Grove, St. John's Wood"
"LINESTRING (-0.164207 51.517372,-0.17219 51.526448", "From Harrowby Street, Marylebone to Lisson Grove, St. John's Wood"
"LINESTRING (-0.116191 51.535467,-0.17219 51.526448", "From Carnegie Street, King's Cross to Lisson Grove, St. John's Wood"
"LINESTRING (-0.15934 51.500241,-0.089446 51.497382", "From Harriet Street, Knightsbridge to Great Dover Street, The Borough"
"LINESTRING (-0.110699 51.501444,-0.089446 51.497382", "From Baylis Road, Waterloo to Great Dover Street, The Borough"
"LINESTRING (-0.13011 51.513527,-0.089446 51.497382", "From Moor Street, Soho to Great Dover Street, The Borough"
"LINESTRING (-0.09644 51.507385,-0.089446 51.497382", "From New Globe Walk, Bankside to Great Dover Street, The Borough"
"LINESTRING (-0.110699 51.501444,-0.089446 51.497382", "From Baylis Road, Waterloo to Great Dover Street, The Borough"
"LINESTRING (-0.0985 51.51601,-0.089446 51.497382", "From King Edward Street, St Pauls to Great Dover Street, The Borough"
"LINESTRING (-0.121328 51.517606,-0.089446 51.497382", "From Southampton Place, Holborn to Great Dover Street, The Borough"
"LINESTRING (-0.119643 51.511756,-0.089446 51.497382", "From Wellington Street , Strand to Great Dover Street, The Borough"
"LINESTRING (-0.110699 51.501444,-0.089446 51.497382", "From Baylis Road, Waterloo to Great Dover Street, The Borough"
"LINESTRING (-0.085814 51.495061,-0.089446 51.497382", "From Bricklayers Arms, Borough to Great Dover Street, The Borough"
"LINESTRING (-0.0786 51.500647,-0.089446 51.497382", "From Tanner Street, Bermondsey to Great Dover Street, The Borough"
"LINESTRING (-0.092762 51.500296,-0.089446 51.497382", "From Swan Street, The Borough to Great Dover Street, The Borough"
"LINESTRING (-0.11655 51.51824,-0.089446 51.497382", "From Red Lion Street, Holborn to Great Dover Street, The Borough"
"LINESTRING (-0.099828 51.493146,-0.106323 51.490757", "From Strata, Elephant & Castle to Cotton Garden Estate, Kennington"
"LINESTRING (-0.074431 51.519362,-0.106323 51.490757", "From Fournier Street, Whitechapel to Cotton Garden Estate, Kennington"
"LINESTRING (-0.149035 51.481121,-0.106323 51.490757", "From Sopwith Way, Battersea Park to Cotton Garden Estate, Kennington"
"LINESTRING (-0.111435 51.48894,-0.106323 51.490757", "From Kennington Cross, Kennington to Cotton Garden Estate, Kennington"
"LINESTRING (-0.082422 51.516154,-0.106323 51.490757", "From Wormwood Street, Liverpool Street to Cotton Garden Estate, Kennington"
"LINESTRING (-0.131861 51.527068,-0.106323 51.490757", "From Euston Square Gardens, Euston to Cotton Garden Estate, Kennington"
"LINESTRING (-0.08974 51.500823,-0.106323 51.490757", "From Empire Square, The Borough to Cotton Garden Estate, Kennington"
"LINESTRING (-0.120718 51.511968,-0.106323 51.490757", "From Tavistock Street, Covent Garden to Cotton Garden Estate, Kennington"
"LINESTRING (-0.083632 51.502153,-0.106323 51.490757", "From Snowsfields, London Bridge to Cotton Garden Estate, Kennington"
"LINESTRING (-0.115156 51.489479,-0.106323 51.490757", "From Sancroft Street, Vauxhall to Cotton Garden Estate, Kennington"
"LINESTRING (-0.119643 51.511756,-0.106323 51.490757", "From Wellington Street , Strand to Cotton Garden Estate, Kennington"
"LINESTRING (-0.068981 51.498585,-0.106323 51.490757", "From George Row, Bermondsey to Cotton Garden Estate, Kennington"
"LINESTRING (-0.083067 51.523196,-0.106323 51.490757", "From Clifton Street, Shoreditch to Cotton Garden Estate, Kennington"
"LINESTRING (-0.120718 51.511968,-0.106323 51.490757", "From Tavistock Street, Covent Garden to Cotton Garden Estate, Kennington"
"LINESTRING (-0.116625 51.486965,-0.106323 51.490757", "From Vauxhall Street, Vauxhall to Cotton Garden Estate, Kennington"
"LINESTRING (-0.113936 51.500139,-0.106323 51.490757", "From Lower Marsh, Waterloo to Cotton Garden Estate, Kennington"
"LINESTRING (-0.091773 51.504627,-0.106323 51.490757", "From Hop Exchange, The Borough to Cotton Garden Estate, Kennington"
"LINESTRING (-0.11655 51.51824,-0.089782 51.53089", "From Red Lion Street, Holborn to Murray Grove , Hoxton"
"LINESTRING (-0.102757 51.536384,-0.089782 51.53089", "From Islington Green, Angel to Murray Grove , Hoxton"
"LINESTRING (-0.078505 51.53095,-0.089782 51.53089", "From Falkirk Street, Hoxton to Murray Grove , Hoxton"
"LINESTRING (-0.079201 51.537277,-0.089782 51.53089", "From Hertford Road, De Beauvoir Town to Murray Grove , Hoxton"
"LINESTRING (-0.127854 51.517727,-0.089782 51.53089", "From Great Russell Street, Bloomsbury to Murray Grove , Hoxton"
"LINESTRING (-0.099981 51.532661,-0.089782 51.53089", "From Graham Street, Angel to Murray Grove , Hoxton"
"LINESTRING (-0.08299 51.53213,-0.089782 51.53089", "From Pitfield Street Central, Hoxton to Murray Grove , Hoxton"
"LINESTRING (-0.076341 51.534464,-0.089782 51.53089", "From Whiston Road, Haggerston to Murray Grove , Hoxton"
"LINESTRING (-0.116279 51.524564,-0.089782 51.53089", "From Wren Street, Holborn to Murray Grove , Hoxton"
"LINESTRING (-0.075885 51.536585,-0.089782 51.53089", "From Dunston Road , Haggerston to Murray Grove , Hoxton"
"LINESTRING (-0.141423 51.514499,-0.089782 51.53089", "From Little Argyll Street, West End to Murray Grove , Hoxton"
"LINESTRING (-0.108657 51.51795,-0.089782 51.53089", "From Holborn Circus, Holborn to Murray Grove , Hoxton"
"LINESTRING (-0.062546 51.535678,-0.089782 51.53089", "From Regent's Row , Haggerston to Murray Grove , Hoxton"
"LINESTRING (-0.117863 51.515208,-0.089782 51.53089", "From Sardinia Street, Holborn to Murray Grove , Hoxton"
"LINESTRING (-0.132328 51.515631,-0.089782 51.53089", "From Soho Square , Soho to Murray Grove , Hoxton"
"LINESTRING (-0.094934 51.522954,-0.089782 51.53089", "From Roscoe Street, St. Luke's to Murray Grove , Hoxton"
"LINESTRING (-0.108657 51.51795,-0.089782 51.53089", "From Holborn Circus, Holborn to Murray Grove , Hoxton"
"LINESTRING (-0.062546 51.535678,-0.089782 51.53089", "From Regent's Row , Haggerston to Murray Grove , Hoxton"
"LINESTRING (-0.090847 51.525893,-0.089782 51.53089", "From Bath Street, St. Luke's to Murray Grove , Hoxton"
"LINESTRING (-0.062546 51.535678,-0.089782 51.53089", "From Regent's Row , Haggerston to Murray Grove , Hoxton"
"LINESTRING (-0.069542 51.512363,-0.089782 51.53089", "From Leman Street, Aldgate to Murray Grove , Hoxton"
"LINESTRING (-0.093421 51.529154,-0.089782 51.53089", "From Windsor Terrace, Hoxton to Murray Grove , Hoxton"
"LINESTRING (-0.090847 51.525893,-0.089782 51.53089", "From Bath Street, St. Luke's to Murray Grove , Hoxton"
"LINESTRING (-0.09294 51.51397,-0.089782 51.53089", "From Cheapside, Bank to Murray Grove , Hoxton"
"LINESTRING (-0.122299 51.530199,-0.089782 51.53089", "From Birkenhead Street, King's Cross to Murray Grove , Hoxton"
"LINESTRING (-0.13558 51.513684,-0.089782 51.53089", "From Broadwick Street, Soho to Murray Grove , Hoxton"
"LINESTRING (-0.094475 51.521747,-0.089782 51.53089", "From Golden Lane, Barbican to Murray Grove , Hoxton"
"LINESTRING (-0.121723 51.510701,-0.089782 51.53089", "From Southampton Street, Strand to Murray Grove , Hoxton"
"LINESTRING (-0.167894 51.493184,-0.089782 51.53089", "From Sloane Avenue, Knightsbridge to Murray Grove , Hoxton"
"LINESTRING (-0.107927 51.513821,-0.124749 51.509462", "From Bouverie Street, Temple to William IV Street, Strand"
"LINESTRING (-0.147857 51.477966,-0.124749 51.509462", "From Gas Holders, Battersea Park to William IV Street, Strand"
"LINESTRING (-0.123823 51.501513,-0.124749 51.509462", "From Westminster Pier, Westminster to William IV Street, Strand"
"LINESTRING (-0.085814 51.495061,-0.124749 51.509462", "From Bricklayers Arms, Borough to William IV Street, Strand"
"LINESTRING (-0.142783 51.51196,-0.124749 51.509462", "From St. George Street, Mayfair to William IV Street, Strand"
"LINESTRING (-0.124749 51.509462,-0.124749 51.509462", "From William IV Street, Strand to William IV Street, Strand"
"LINESTRING (-0.086685 51.517075,-0.124749 51.509462", "From Finsbury Circus, Liverpool Street to William IV Street, Strand"
"LINESTRING (-0.089782 51.53089,-0.124749 51.509462", "From Murray Grove , Hoxton to William IV Street, Strand"
"LINESTRING (-0.107927 51.513821,-0.124749 51.509462", "From Bouverie Street, Temple to William IV Street, Strand"
"LINESTRING (-0.179702 51.499428,-0.124749 51.509462", "From Imperial College, Knightsbridge to William IV Street, Strand"
"LINESTRING (-0.138535 51.538792,-0.124749 51.509462", "From St Martins Close, Camden Town to William IV Street, Strand"
"LINESTRING (-0.13151 51.509639,-0.124749 51.509462", "From Panton Street, West End to William IV Street, Strand"
"LINESTRING (-0.113864 51.504027,-0.124749 51.509462", "From Waterloo Station 1, Waterloo to William IV Street, Strand"
"LINESTRING (-0.093913 51.496791,-0.124749 51.509462", "From Dickens Square, Borough to William IV Street, Strand"
"LINESTRING (-0.120973 51.530059,-0.124749 51.509462", "From St. Chad's Street, King's Cross to William IV Street, Strand"
"LINESTRING (-0.116542 51.504636,-0.124749 51.509462", "From Jubilee Gardens, South Bank to William IV Street, Strand"
"LINESTRING (-0.122299 51.530199,-0.124749 51.509462", "From Birkenhead Street, King's Cross to William IV Street, Strand"
"LINESTRING (-0.124749 51.509462,-0.124749 51.509462", "From William IV Street, Strand to William IV Street, Strand"
"LINESTRING (-0.112753 51.51501,-0.124749 51.509462", "From Carey Street, Holborn to William IV Street, Strand"
"LINESTRING (-0.133201 51.512515,-0.124749 51.509462", "From Wardour Street, Soho to William IV Street, Strand"
"LINESTRING (-0.107927 51.513821,-0.124749 51.509462", "From Bouverie Street, Temple to William IV Street, Strand"
"LINESTRING (-0.13151 51.509639,-0.124749 51.509462", "From Panton Street, West End to William IV Street, Strand"
"LINESTRING (-0.116542 51.504636,-0.124749 51.509462", "From Jubilee Gardens, South Bank to William IV Street, Strand"
"LINESTRING (-0.104298 51.526717,-0.124749 51.509462", "From Finsbury Library , Finsbury to William IV Street, Strand"
"LINESTRING (-0.13151 51.509639,-0.124749 51.509462", "From Panton Street, West End to William IV Street, Strand"
"LINESTRING (-0.147624 51.49395,-0.124749 51.509462", "From Eccleston Place, Victoria to William IV Street, Strand"
"LINESTRING (-0.141728 51.539099,-0.124749 51.509462", "From Greenland Road, Camden Town to William IV Street, Strand"
"LINESTRING (-0.116279 51.524564,-0.124749 51.509462", "From Wren Street, Holborn to William IV Street, Strand"
"LINESTRING (-0.191351 51.513489,-0.124749 51.509462", "From Princes Square, Bayswater to William IV Street, Strand"
"LINESTRING (-0.107927 51.513821,-0.124749 51.509462", "From Bouverie Street, Temple to William IV Street, Strand"
"LINESTRING (-0.089887 51.520858,-0.124749 51.509462", "From Bunhill Row, Moorgate to William IV Street, Strand"
"LINESTRING (-0.13151 51.509639,-0.124749 51.509462", "From Panton Street, West End to William IV Street, Strand"
"LINESTRING (-0.144228 51.518117,-0.124749 51.509462", "From Broadcasting House, Marylebone to William IV Street, Strand"
"LINESTRING (-0.144228 51.518117,-0.124749 51.509462", "From Broadcasting House, Marylebone to William IV Street, Strand"
"LINESTRING (-0.191496 51.503157,-0.124749 51.509462", "From Kensington Church Street, Kensington to William IV Street, Strand"
"LINESTRING (-0.141423 51.514499,-0.124749 51.509462", "From Little Argyll Street, West End to William IV Street, Strand"
"LINESTRING (-0.185296 51.495362,-0.124749 51.509462", "From Emperor's Gate, South Kensington to William IV Street, Strand"
"LINESTRING (-0.070542 51.505697,-0.124749 51.509462", "From St. Katharine's Way, Tower to William IV Street, Strand"
"LINESTRING (-0.133201 51.512515,-0.124749 51.509462", "From Wardour Street, Soho to William IV Street, Strand"
"LINESTRING (-0.161765 51.487964,-0.124749 51.509462", "From Ormonde Gate, Chelsea to William IV Street, Strand"
"LINESTRING (-0.103604 51.517334,-0.108657 51.51795", "From Snow Hill, Farringdon to Holborn Circus, Holborn"
"LINESTRING (-0.084605 51.521283,-0.108657 51.51795", "From Christopher Street, Liverpool Street to Holborn Circus, Holborn"
"LINESTRING (-0.07813 51.526377,-0.108657 51.51795", "From Shoreditch High Street, Shoreditch to Holborn Circus, Holborn"
"LINESTRING (-0.15352 51.503117,-0.108657 51.51795", "From Hyde Park Corner, Hyde Park to Holborn Circus, Holborn"
"LINESTRING (-0.147983 51.519167,-0.108657 51.51795", "From New Cavendish Street, Marylebone to Holborn Circus, Holborn"
"LINESTRING (-0.106237 51.507244,-0.108657 51.51795", "From Milroy Walk, South Bank to Holborn Circus, Holborn"
"LINESTRING (-0.089887 51.520858,-0.108657 51.51795", "From Bunhill Row, Moorgate to Holborn Circus, Holborn"
"LINESTRING (-0.070542 51.505697,-0.108657 51.51795", "From St. Katharine's Way, Tower to Holborn Circus, Holborn"
"LINESTRING (-0.075885 51.536585,-0.108657 51.51795", "From Dunston Road , Haggerston to Holborn Circus, Holborn"
"LINESTRING (-0.10834 51.52352,-0.108657 51.51795", "From Farringdon Lane, Clerkenwell to Holborn Circus, Holborn"
"LINESTRING (-0.065006 51.508622,-0.108657 51.51795", "From Pennington Street, Wapping to Holborn Circus, Holborn"
"LINESTRING (-0.07813 51.526377,-0.108657 51.51795", "From Shoreditch High Street, Shoreditch to Holborn Circus, Holborn"
"LINESTRING (-0.176645 51.518622,-0.108657 51.51795", "From North Wharf Road, Paddington to Holborn Circus, Holborn"
"LINESTRING (-0.09315 51.53356,-0.108657 51.51795", "From Eagle Wharf Road, Hoxton to Holborn Circus, Holborn"
"LINESTRING (-0.163667 51.520331,-0.108657 51.51795", "From Seymour Place, Marylebone to Holborn Circus, Holborn"
"LINESTRING (-0.10997 51.529163,-0.108657 51.51795", "From River Street , Clerkenwell to Holborn Circus, Holborn"
"LINESTRING (-0.14296 51.497998,-0.108657 51.51795", "From Warwick Row, Westminster to Holborn Circus, Holborn"
"LINESTRING (-0.096496 51.517821,-0.108657 51.51795", "From Museum of London, Barbican to Holborn Circus, Holborn"
"LINESTRING (-0.049591 51.53341,-0.108657 51.51795", "From Bonner Gate, Victoria Park to Holborn Circus, Holborn"
"LINESTRING (-0.110683 51.484788,-0.108657 51.51795", "From Kennington Road Post Office, Oval to Holborn Circus, Holborn"
"LINESTRING (-0.126021 51.508103,-0.108657 51.51795", "From Craven Street, Strand to Holborn Circus, Holborn"
"LINESTRING (-0.092176 51.520044,-0.108657 51.51795", "From Barbican Centre, Barbican to Holborn Circus, Holborn"
"LINESTRING (-0.114605 51.495656,-0.108657 51.51795", "From Sail Street, Vauxhall to Holborn Circus, Holborn"
"LINESTRING (-0.102091 51.500693,-0.108657 51.51795", "From Webber Street , Southwark to Holborn Circus, Holborn"
"LINESTRING (-0.119643 51.511756,-0.108657 51.51795", "From Wellington Street , Strand to Holborn Circus, Holborn"
"LINESTRING (-0.144165 51.510736,-0.108657 51.51795", "From Bruton Street, Mayfair to Holborn Circus, Holborn"
"LINESTRING (-0.187402 51.51031,-0.108657 51.51795", "From Queensway, Kensington Gardens to Holborn Circus, Holborn"
"LINESTRING (-0.138019 51.524438,-0.108657 51.51795", "From Warren Street Station, Euston to Holborn Circus, Holborn"
"LINESTRING (-0.070542 51.505697,-0.108657 51.51795", "From St. Katharine's Way, Tower to Holborn Circus, Holborn"
"LINESTRING (-0.141728 51.539099,-0.108657 51.51795", "From Greenland Road, Camden Town to Holborn Circus, Holborn"
"LINESTRING (-0.111781 51.533319,-0.108657 51.51795", "From Risinghill Street, Angel to Holborn Circus, Holborn"
"LINESTRING (-0.116542 51.504636,-0.108657 51.51795", "From Jubilee Gardens, South Bank to Holborn Circus, Holborn"
"LINESTRING (-0.068981 51.498585,-0.108657 51.51795", "From George Row, Bermondsey to Holborn Circus, Holborn"
"LINESTRING (-0.079608 51.521668,-0.108657 51.51795", "From Worship Street, Shoreditch to Holborn Circus, Holborn"
"LINESTRING (-0.111257 51.514274,-0.108657 51.51795", "From Chancery Lane, Holborn to Holborn Circus, Holborn"
"LINESTRING (-0.158963 51.524517,-0.108657 51.51795", "From Park Road (Baker Street), The Regent's Park to Holborn Circus, Holborn"
"LINESTRING (-0.09294 51.51397,-0.108657 51.51795", "From Cheapside, Bank to Holborn Circus, Holborn"
"LINESTRING (-0.174593 51.520205,-0.108657 51.51795", "From Paddington Green, Paddington to Holborn Circus, Holborn"
"LINESTRING (-0.108657 51.51795,-0.108657 51.51795", "From Holborn Circus, Holborn to Holborn Circus, Holborn"
"LINESTRING (-0.174971 51.485121,-0.108657 51.51795", "From The Vale, Chelsea to Holborn Circus, Holborn"
"LINESTRING (-0.112031 51.49914,-0.108657 51.51795", "From Lambeth North Station, Waterloo to Holborn Circus, Holborn"
"LINESTRING (-0.141728 51.539099,-0.108657 51.51795", "From Greenland Road, Camden Town to Holborn Circus, Holborn"
"LINESTRING (-0.08497 51.50964,-0.108028 51.518825", "From Monument Street, Monument to Hatton Garden, Holborn"
"LINESTRING (-0.087587 51.514441,-0.108028 51.518825", "From Bank of England Museum, Bank to Hatton Garden, Holborn"
"LINESTRING (-0.179135 51.516417,-0.108028 51.518825", "From Eastbourne Mews, Paddington to Hatton Garden, Holborn"
"LINESTRING (-0.09315 51.53356,-0.108028 51.518825", "From Eagle Wharf Road, Hoxton to Hatton Garden, Holborn"
"LINESTRING (-0.11548 51.528915,-0.108028 51.518825", "From Great Percy Street, Clerkenwell to Hatton Garden, Holborn"
"LINESTRING (-0.153233 51.490959,-0.108028 51.518825", "From Bourne Street, Belgravia to Hatton Garden, Holborn"
"LINESTRING (-0.10997 51.529163,-0.108028 51.518825", "From River Street , Clerkenwell to Hatton Garden, Holborn"
"LINESTRING (-0.062546 51.535678,-0.108028 51.518825", "From Regent's Row , Haggerston to Hatton Garden, Holborn"
"LINESTRING (-0.089782 51.53089,-0.108028 51.518825", "From Murray Grove , Hoxton to Hatton Garden, Holborn"
"LINESTRING (-0.15352 51.503117,-0.108028 51.518825", "From Hyde Park Corner, Hyde Park to Hatton Garden, Holborn"
"LINESTRING (-0.141728 51.539099,-0.108028 51.518825", "From Greenland Road, Camden Town to Hatton Garden, Holborn"
"LINESTRING (-0.079249 51.518908,-0.108028 51.518825", "From Brushfield Street, Liverpool Street to Hatton Garden, Holborn"
"LINESTRING (-0.067937 51.51793,-0.108028 51.518825", "From Old Montague Street, Whitechapel to Hatton Garden, Holborn"
"LINESTRING (-0.08497 51.50964,-0.108028 51.518825", "From Monument Street, Monument to Hatton Garden, Holborn"
"LINESTRING (-0.111471 51.479601,-0.108028 51.518825", "From Cranmer Road, Stockwell to Hatton Garden, Holborn"
"LINESTRING (-0.104724 51.52836,-0.108028 51.518825", "From St. John Street, Finsbury to Hatton Garden, Holborn"
"LINESTRING (-0.096496 51.517821,-0.108028 51.518825", "From Museum of London, Barbican to Hatton Garden, Holborn"
"LINESTRING (-0.112824 51.503791,-0.108028 51.518825", "From Waterloo Station 3, Waterloo to Hatton Garden, Holborn"
"LINESTRING (-0.087262 51.506304,-0.108028 51.518825", "From Duke Street Hill, London Bridge to Hatton Garden, Holborn"
"LINESTRING (-0.111471 51.479601,-0.108028 51.518825", "From Cranmer Road, Stockwell to Hatton Garden, Holborn"
"LINESTRING (-0.113864 51.504027,-0.108028 51.518825", "From Waterloo Station 1, Waterloo to Hatton Garden, Holborn"
"LINESTRING (-0.179135 51.516417,-0.108028 51.518825", "From Eastbourne Mews, Paddington to Hatton Garden, Holborn"
"LINESTRING (-0.099994 51.522853,-0.108028 51.518825", "From Berry Street, Clerkenwell to Hatton Garden, Holborn"
"LINESTRING (-0.122219 51.51477,-0.116688 51.520596", "From Drury Lane, Covent Garden to Theobald's Road , Holborn"
"LINESTRING (-0.144466 51.528302,-0.116688 51.520596", "From Albany Street, The Regent's Park to Theobald's Road , Holborn"
"LINESTRING (-0.086685 51.517075,-0.116688 51.520596", "From Finsbury Circus, Liverpool Street to Theobald's Road , Holborn"
"LINESTRING (-0.123509 51.52625,-0.116688 51.520596", "From Tavistock Place, Bloomsbury to Theobald's Road , Holborn"
"LINESTRING (-0.111778 51.515937,-0.116688 51.520596", "From Breams Buildings, Holborn to Theobald's Road , Holborn"
"LINESTRING (-0.128585 51.516118,-0.116688 51.520596", "From Earnshaw Street , Covent Garden to Theobald's Road , Holborn"
"LINESTRING (-0.140485 51.519181,-0.116688 51.520596", "From Foley Street, Fitzrovia to Theobald's Road , Holborn"
"LINESTRING (-0.114079 51.522264,-0.116688 51.520596", "From Northington Street , Holborn to Theobald's Road , Holborn"
"LINESTRING (-0.134407 51.526236,-0.116688 51.520596", "From Euston Road, Euston to Theobald's Road , Holborn"
"LINESTRING (-0.17581 51.517335,-0.116688 51.520596", "From South Wharf Road, Paddington to Theobald's Road , Holborn"
"LINESTRING (-0.114079 51.522264,-0.116688 51.520596", "From Northington Street , Holborn to Theobald's Road , Holborn"
"LINESTRING (-0.112824 51.503791,-0.116688 51.520596", "From Waterloo Station 3, Waterloo to Theobald's Road , Holborn"
"LINESTRING (-0.065076 51.52388,-0.116688 51.520596", "From Cheshire Street, Bethnal Green to Theobald's Road , Holborn"
"LINESTRING (-0.066078 51.514924,-0.116688 51.520596", "From LMU Commercial Road, Whitechapel to Theobald's Road , Holborn"
"LINESTRING (-0.135635 51.488226,-0.116688 51.520596", "From St. George's Square, Pimlico to Theobald's Road , Holborn"
"LINESTRING (-0.111778 51.515937,-0.116688 51.520596", "From Breams Buildings, Holborn to Theobald's Road , Holborn"
"LINESTRING (-0.120909 51.516128,-0.116688 51.520596", "From Newton Street, Covent Garden to Theobald's Road , Holborn"
"LINESTRING (-0.153645 51.512911,-0.116688 51.520596", "From North Audley Street, Mayfair to Theobald's Road , Holborn"
"LINESTRING (-0.171103 51.518268,-0.116688 51.520596", "From St Mary's Hospital, Paddington to Theobald's Road , Holborn"
"LINESTRING (-0.120202 51.523346,-0.116688 51.520596", "From Guilford Street , Bloomsbury to Theobald's Road , Holborn"
"LINESTRING (-0.178433 51.492479,-0.116688 51.520596", "From Queen's Gate (South), South Kensington to Theobald's Road , Holborn"
"LINESTRING (-0.132328 51.515631,-0.116688 51.520596", "From Soho Square , Soho to Theobald's Road , Holborn"
"LINESTRING (-0.082422 51.516154,-0.116688 51.520596", "From Wormwood Street, Liverpool Street to Theobald's Road , Holborn"
"LINESTRING (-0.105344 51.515059,-0.116688 51.520596", "From St. Bride Street, Holborn to Theobald's Road , Holborn"
"LINESTRING (-0.123616 51.529943,-0.116688 51.520596", "From Belgrove Street , King's Cross to Theobald's Road , Holborn"
"LINESTRING (-0.132053 51.518587,-0.116688 51.520596", "From Bayley Street , Bloomsbury to Theobald's Road , Holborn"
"LINESTRING (-0.111014 51.493686,-0.116688 51.520596", "From Walnut Tree Walk, Vauxhall to Theobald's Road , Holborn"
"LINESTRING (-0.099994 51.522853,-0.116688 51.520596", "From Berry Street, Clerkenwell to Theobald's Road , Holborn"
"LINESTRING (-0.124121 51.523418,-0.116688 51.520596", "From Russell Square Station, Bloomsbury to Theobald's Road , Holborn"
"LINESTRING (-0.102091 51.500693,-0.116688 51.520596", "From Webber Street , Southwark to Theobald's Road , Holborn"
"LINESTRING (-0.077121 51.511594,-0.116688 51.520596", "From Crosswall, Tower to Theobald's Road , Holborn"
"LINESTRING (-0.111435 51.48894,-0.116688 51.520596", "From Kennington Cross, Kennington to Theobald's Road , Holborn"
"LINESTRING (-0.128585 51.516118,-0.116688 51.520596", "From Earnshaw Street , Covent Garden to Theobald's Road , Holborn"
"LINESTRING (-0.122502 51.523951,-0.116688 51.520596", "From Brunswick Square, Bloomsbury to Theobald's Road , Holborn"
"LINESTRING (-0.076793 51.513406,-0.116688 51.520596", "From Jewry Street, Aldgate to Theobald's Road , Holborn"
"LINESTRING (-0.123823 51.501513,-0.134407 51.526236", "From Westminster Pier, Westminster to Euston Road, Euston"
"LINESTRING (-0.113001 51.50486,-0.134407 51.526236", "From Waterloo Road, South Bank to Euston Road, Euston"
"LINESTRING (-0.169774 51.519968,-0.134407 51.526236", "From Edgware Road Station, Marylebone to Euston Road, Euston"
"LINESTRING (-0.13225 51.528833,-0.134407 51.526236", "From Doric Way , Somers Town to Euston Road, Euston"
"LINESTRING (-0.073438 51.51838,-0.134407 51.526236", "From Fashion Street, Whitechapel to Euston Road, Euston"
"LINESTRING (-0.130699 51.50777,-0.134407 51.526236", "From Pall Mall East, West End to Euston Road, Euston"
"LINESTRING (-0.226606 51.488108,-0.134407 51.526236", "From Crisp Road, Hammersmith to Euston Road, Euston"
"LINESTRING (-0.138019 51.524438,-0.134407 51.526236", "From Warren Street Station, Euston to Euston Road, Euston"
"LINESTRING (-0.142783 51.51196,-0.134407 51.526236", "From St. George Street, Mayfair to Euston Road, Euston"
"LINESTRING (-0.124121 51.523418,-0.134407 51.526236", "From Russell Square Station, Bloomsbury to Euston Road, Euston"
"LINESTRING (-0.165471 51.498884,-0.134407 51.526236", "From Montpelier Street, Knightsbridge to Euston Road, Euston"
"LINESTRING (-0.124826 51.516226,-0.134407 51.526236", "From High Holborn , Covent Garden to Euston Road, Euston"
"LINESTRING (-0.119643 51.511756,-0.134407 51.526236", "From Wellington Street , Strand to Euston Road, Euston"
"LINESTRING (-0.17581 51.517335,-0.134407 51.526236", "From South Wharf Road, Paddington to Euston Road, Euston"
"LINESTRING (-0.130458 51.494816,-0.134407 51.526236", "From Horseferry Road, Westminster to Euston Road, Euston"
"LINESTRING (-0.179592 51.525575,-0.134407 51.526236", "From Clifton Road, Maida Vale to Euston Road, Euston"
"LINESTRING (-0.174653 51.527294,-0.134407 51.526236", "From St. John's Wood Road, St. John's Wood to Euston Road, Euston"
"LINESTRING (-0.091773 51.504627,-0.134407 51.526236", "From Hop Exchange, The Borough to Euston Road, Euston"
"LINESTRING (-0.127854 51.517727,-0.134407 51.526236", "From Great Russell Street, Bloomsbury to Euston Road, Euston"
"LINESTRING (-0.110699 51.501444,-0.134407 51.526236", "From Baylis Road, Waterloo to Euston Road, Euston"
"LINESTRING (-0.174593 51.520205,-0.134407 51.526236", "From Paddington Green, Paddington to Euston Road, Euston"
"LINESTRING (-0.168074 51.5343,-0.134407 51.526236", "From Charlbert Street, St. John's Wood to Euston Road, Euston"
"LINESTRING (-0.167515 51.530529,-0.134407 51.526236", "From St. John's Wood Church, The Regent's Park to Euston Road, Euston"
"LINESTRING (-0.105344 51.515059,-0.134407 51.526236", "From St. Bride Street, Holborn to Euston Road, Euston"
"LINESTRING (-0.109025 51.534408,-0.117069 51.53136", "From Cloudesley Road, Angel to Calshot Street , King's Cross"
"LINESTRING (-0.145393 51.542138,-0.117069 51.53136", "From Castlehaven Road, Camden Town to Calshot Street , King's Cross"
"LINESTRING (-0.104947 51.516785,-0.117069 51.53136", "From Farringdon Street, Holborn to Calshot Street , King's Cross"
"LINESTRING (-0.104947 51.516785,-0.117069 51.53136", "From Farringdon Street, Holborn to Calshot Street , King's Cross"
"LINESTRING (-0.124807 51.53724,-0.117069 51.53136", "From Handyside Street, King's Cross to Calshot Street , King's Cross"
"LINESTRING (-0.132053 51.518587,-0.117069 51.53136", "From Bayley Street , Bloomsbury to Calshot Street , King's Cross"
"LINESTRING (-0.138231 51.525542,-0.117069 51.53136", "From Hampstead Road, Euston to Calshot Street , King's Cross"
"LINESTRING (-0.134407 51.526236,-0.117069 51.53136", "From Euston Road, Euston to Calshot Street , King's Cross"
"LINESTRING (-0.116191 51.535467,-0.117069 51.53136", "From Carnegie Street, King's Cross to Calshot Street , King's Cross"
"LINESTRING (-0.112824 51.503791,-0.09885 51.515418", "From Waterloo Station 3, Waterloo to Newgate Street , St. Paul's"
"LINESTRING (-0.151926 51.516814,-0.09885 51.515418", "From Hinde Street, Marylebone to Newgate Street , St. Paul's"
"LINESTRING (-0.02296 51.50623,-0.09885 51.515418", "From Fisherman's Walk West, Canary Wharf to Newgate Street , St. Paul's"
"LINESTRING (-0.112824 51.503791,-0.09885 51.515418", "From Waterloo Station 3, Waterloo to Newgate Street , St. Paul's"
"LINESTRING (-0.13225 51.528833,-0.09885 51.515418", "From Doric Way , Somers Town to Newgate Street , St. Paul's"
"LINESTRING (-0.113864 51.504027,-0.09885 51.515418", "From Waterloo Station 1, Waterloo to Newgate Street , St. Paul's"
"LINESTRING (-0.09294 51.511553,-0.09885 51.515418", "From Queen Street 1, Bank to Newgate Street , St. Paul's"
"LINESTRING (-0.113864 51.504027,-0.09885 51.515418", "From Waterloo Station 1, Waterloo to Newgate Street , St. Paul's"
"LINESTRING (-0.08066 51.514225,-0.09885 51.515418", "From St. Mary Axe, Aldgate to Newgate Street , St. Paul's"
"LINESTRING (-0.09294 51.511553,-0.09885 51.515418", "From Queen Street 1, Bank to Newgate Street , St. Paul's"
"LINESTRING (-0.094934 51.522954,-0.09885 51.515418", "From Roscoe Street, St. Luke's to Newgate Street , St. Paul's"
"LINESTRING (-0.17219 51.526448,-0.09885 51.515418", "From Lisson Grove, St. John's Wood to Newgate Street , St. Paul's"
"LINESTRING (-0.10997 51.529163,-0.09885 51.515418", "From River Street , Clerkenwell to Newgate Street , St. Paul's"
"LINESTRING (-0.027772 51.505703,-0.09885 51.515418", "From Westferry Circus, Canary Wharf to Newgate Street , St. Paul's"
"LINESTRING (-0.099828 51.493146,-0.09885 51.515418", "From Strata, Elephant & Castle to Newgate Street , St. Paul's"
"LINESTRING (-0.051394 51.520893,-0.09885 51.515418", "From Cleveland Way, Stepney to Newgate Street , St. Paul's"
"LINESTRING (-0.102757 51.536384,-0.09885 51.515418", "From Islington Green, Angel to Newgate Street , St. Paul's"
"LINESTRING (-0.086685 51.517075,-0.09885 51.515418", "From Finsbury Circus, Liverpool Street to Newgate Street , St. Paul's"
"LINESTRING (-0.174653 51.527294,-0.09885 51.515418", "From St. John's Wood Road, St. John's Wood to Newgate Street , St. Paul's"
"LINESTRING (-0.075855 51.517475,-0.09885 51.515418", "From Bell Lane, Liverpool Street to Newgate Street , St. Paul's"
"LINESTRING (-0.097122 51.529423,-0.09885 51.515418", "From Macclesfield Rd, St Lukes to Newgate Street , St. Paul's"
"LINESTRING (-0.086685 51.517075,-0.09885 51.515418", "From Finsbury Circus, Liverpool Street to Newgate Street , St. Paul's"
"LINESTRING (-0.157788 51.465123,-0.09885 51.515418", "From Sugden Road, Clapham to Newgate Street , St. Paul's"
"LINESTRING (-0.013475 51.51549,-0.09885 51.515418", "From Langdon Park, Poplar to Newgate Street , St. Paul's"
"LINESTRING (-0.111257 51.514274,-0.09885 51.515418", "From Chancery Lane, Holborn to Newgate Street , St. Paul's"
"LINESTRING (-0.179592 51.525575,-0.09885 51.515418", "From Clifton Road, Maida Vale to Newgate Street , St. Paul's"
"LINESTRING (-0.074189 51.502279,-0.09885 51.515418", "From Curlew Street, Shad Thames to Newgate Street , St. Paul's"
"LINESTRING (-0.104947 51.516785,-0.09885 51.515418", "From Farringdon Street, Holborn to Newgate Street , St. Paul's"
"LINESTRING (-0.112824 51.503791,-0.09885 51.515418", "From Waterloo Station 3, Waterloo to Newgate Street , St. Paul's"
"LINESTRING (-0.092176 51.520044,-0.09885 51.515418", "From Barbican Centre, Barbican to Newgate Street , St. Paul's"
"LINESTRING (-0.089446 51.497382,-0.09885 51.515418", "From Great Dover Street, The Borough to Newgate Street , St. Paul's"
"LINESTRING (-0.08974 51.500823,-0.09885 51.515418", "From Empire Square, The Borough to Newgate Street , St. Paul's"
"LINESTRING (-0.104947 51.516785,-0.09885 51.515418", "From Farringdon Street, Holborn to Newgate Street , St. Paul's"
"LINESTRING (-0.09734 51.520841,-0.09885 51.515418", "From Aldersgate Street, Barbican to Newgate Street , St. Paul's"
"LINESTRING (-0.056667 51.511542,-0.09885 51.515418", "From Watney Street, Shadwell to Newgate Street , St. Paul's"
"LINESTRING (-0.025996 51.509303,-0.09885 51.515418", "From Westferry DLR, Limehouse to Newgate Street , St. Paul's"
"LINESTRING (-0.118256 51.47659,-0.09885 51.515418", "From Albert Square, Stockwell to Newgate Street , St. Paul's"
"LINESTRING (-0.077121 51.511594,-0.09885 51.515418", "From Crosswall, Tower to Newgate Street , St. Paul's"
"LINESTRING (-0.18119 51.490945,-0.09885 51.515418", "From Old Brompton Road, South Kensington to Newgate Street , St. Paul's"
"LINESTRING (-0.113864 51.504027,-0.10834 51.52352", "From Waterloo Station 1, Waterloo to Farringdon Lane, Clerkenwell"
"LINESTRING (-0.079608 51.521668,-0.10834 51.52352", "From Worship Street, Shoreditch to Farringdon Lane, Clerkenwell"
"LINESTRING (-0.113426 51.503919,-0.10834 51.52352", "From Waterloo Station 2, Waterloo to Farringdon Lane, Clerkenwell"
"LINESTRING (-0.11548 51.528915,-0.10834 51.52352", "From Great Percy Street, Clerkenwell to Farringdon Lane, Clerkenwell"
"LINESTRING (-0.145211 51.520715,-0.10834 51.52352", "From Portland Place, Marylebone to Farringdon Lane, Clerkenwell"
"LINESTRING (-0.05438 51.520019,-0.10834 51.52352", "From Ansell House, Stepney to Farringdon Lane, Clerkenwell"
"LINESTRING (-0.105593 51.488852,-0.10834 51.52352", "From Kennington Station, Kennington to Farringdon Lane, Clerkenwell"
"LINESTRING (-0.094475 51.521747,-0.10834 51.52352", "From Golden Lane, Barbican to Farringdon Lane, Clerkenwell"
"LINESTRING (-0.122219 51.51477,-0.10834 51.52352", "From Drury Lane, Covent Garden to Farringdon Lane, Clerkenwell"
"LINESTRING (-0.085666 51.499075,-0.10834 51.52352", "From Long Lane , Bermondsey to Farringdon Lane, Clerkenwell"
"LINESTRING (-0.107987 51.517428,-0.10834 51.52352", "From New Fetter Lane, Holborn to Farringdon Lane, Clerkenwell"
"LINESTRING (-0.09294 51.511553,-0.10834 51.52352", "From Queen Street 1, Bank to Farringdon Lane, Clerkenwell"
"LINESTRING (-0.120909 51.516128,-0.10834 51.52352", "From Newton Street, Covent Garden to Farringdon Lane, Clerkenwell"
"LINESTRING (-0.139625 51.490962,-0.10834 51.52352", "From Gloucester Street, Pimlico to Farringdon Lane, Clerkenwell"
"LINESTRING (-0.082989 51.510484,-0.10834 51.52352", "From Great Tower Street, Monument to Farringdon Lane, Clerkenwell"
"LINESTRING (-0.120973 51.530059,-0.10834 51.52352", "From St. Chad's Street, King's Cross to Farringdon Lane, Clerkenwell"
"LINESTRING (-0.117774 51.513875,-0.10834 51.52352", "From Kingsway Southbound, Strand to Farringdon Lane, Clerkenwell"
"LINESTRING (-0.085666 51.499075,-0.10834 51.52352", "From Long Lane , Bermondsey to Farringdon Lane, Clerkenwell"
"LINESTRING (-0.093421 51.529154,-0.10834 51.52352", "From Windsor Terrace, Hoxton to Farringdon Lane, Clerkenwell"
"LINESTRING (-0.094475 51.521747,-0.10834 51.52352", "From Golden Lane, Barbican to Farringdon Lane, Clerkenwell"
"LINESTRING (-0.147624 51.49395,-0.10834 51.52352", "From Eccleston Place, Victoria to Farringdon Lane, Clerkenwell"
"LINESTRING (-0.103132 51.498744,-0.10834 51.52352", "From LSBU (Borough Road), Elephant & Castle to Farringdon Lane, Clerkenwell"
"LINESTRING (-0.085666 51.499075,-0.10834 51.52352", "From Long Lane , Bermondsey to Farringdon Lane, Clerkenwell"
"LINESTRING (-0.055894 51.528936,-0.089659 51.52548", "From York Hall, Bethnal Green to Old Street Station, St. Luke's"
"LINESTRING (-0.099489 51.524868,-0.089659 51.52548", "From Sadlers Sports Centre, Finsbury to Old Street Station, St. Luke's"
"LINESTRING (-0.092176 51.520044,-0.089659 51.52548", "From Barbican Centre, Barbican to Old Street Station, St. Luke's"
"LINESTRING (-0.069543 51.525645,-0.089659 51.52548", "From Granby Street, Shoreditch to Old Street Station, St. Luke's"
"LINESTRING (-0.07962 51.503493,-0.089659 51.52548", "From Tooley Street, Bermondsey to Old Street Station, St. Luke's"
"LINESTRING (-0.118272 51.516277,-0.089659 51.52548", "From Lincoln's Inn Fields, Holborn to Old Street Station, St. Luke's"
"LINESTRING (-0.122219 51.51477,-0.089659 51.52548", "From Drury Lane, Covent Garden to Old Street Station, St. Luke's"
"LINESTRING (-0.096317 51.526008,-0.089659 51.52548", "From Finsbury Leisure Centre, St. Luke's to Old Street Station, St. Luke's"
"LINESTRING (-0.133201 51.512515,-0.089659 51.52548", "From Wardour Street, Soho to Old Street Station, St. Luke's"
"LINESTRING (-0.086685 51.517075,-0.089659 51.52548", "From Finsbury Circus, Liverpool Street to Old Street Station, St. Luke's"
"LINESTRING (-0.07962 51.503493,-0.089659 51.52548", "From Tooley Street, Bermondsey to Old Street Station, St. Luke's"
"LINESTRING (-0.075885 51.536585,-0.089659 51.52548", "From Dunston Road , Haggerston to Old Street Station, St. Luke's"
"LINESTRING (-0.069543 51.525645,-0.089659 51.52548", "From Granby Street, Shoreditch to Old Street Station, St. Luke's"
"LINESTRING (-0.100791 51.518218,-0.089659 51.52548", "From West Smithfield Rotunda, Farringdon to Old Street Station, St. Luke's"
"LINESTRING (-0.093903 51.530991,-0.089659 51.52548", "From Wenlock Road , Hoxton to Old Street Station, St. Luke's"
"LINESTRING (-0.120202 51.523346,-0.089659 51.52548", "From Guilford Street , Bloomsbury to Old Street Station, St. Luke's"
"LINESTRING (-0.079249 51.518908,-0.089659 51.52548", "From Brushfield Street, Liverpool Street to Old Street Station, St. Luke's"
"LINESTRING (-0.109914 51.531666,-0.089659 51.52548", "From Claremont Square, Angel to Old Street Station, St. Luke's"
"LINESTRING (-0.085603 51.53095,-0.089659 51.52548", "From New North Road 1, Hoxton to Old Street Station, St. Luke's"
"LINESTRING (-0.13214 51.519572,-0.089659 51.52548", "From Store Street, Bloomsbury to Old Street Station, St. Luke's"
"LINESTRING (-0.04667 51.521889,-0.089659 51.52548", "From Stepney Green Station, Stepney to Old Street Station, St. Luke's"
"LINESTRING (-0.113864 51.504027,-0.089659 51.52548", "From Waterloo Station 1, Waterloo to Old Street Station, St. Luke's"
"LINESTRING (-0.07813 51.526377,-0.089659 51.52548", "From Shoreditch High Street, Shoreditch to Old Street Station, St. Luke's"
"LINESTRING (-0.124678 51.51908,-0.089659 51.52548", "From British Museum, Bloomsbury to Old Street Station, St. Luke's"
"LINESTRING (-0.097441 51.511961,-0.089659 51.52548", "From Queen Victoria Street, St. Paul's to Old Street Station, St. Luke's"
"LINESTRING (-0.123823 51.501513,-0.089659 51.52548", "From Westminster Pier, Westminster to Old Street Station, St. Luke's"
"LINESTRING (-0.123823 51.501513,-0.089659 51.52548", "From Westminster Pier, Westminster to Old Street Station, St. Luke's"
"LINESTRING (-0.122502 51.523951,-0.089659 51.52548", "From Brunswick Square, Bloomsbury to Old Street Station, St. Luke's"
"LINESTRING (-0.099994 51.522853,-0.089659 51.52548", "From Berry Street, Clerkenwell to Old Street Station, St. Luke's"
"LINESTRING (-0.062546 51.535678,-0.089659 51.52548", "From Regent's Row , Haggerston to Old Street Station, St. Luke's"
"LINESTRING (-0.123823 51.501513,-0.089659 51.52548", "From Westminster Pier, Westminster to Old Street Station, St. Luke's"
"LINESTRING (-0.122502 51.523951,-0.089659 51.52548", "From Brunswick Square, Bloomsbury to Old Street Station, St. Luke's"
"LINESTRING (-0.066035 51.531864,-0.089659 51.52548", "From Goldsmith's Row, Haggerston to Old Street Station, St. Luke's"
"LINESTRING (-0.069543 51.525645,-0.089659 51.52548", "From Granby Street, Shoreditch to Old Street Station, St. Luke's"
"LINESTRING (-0.066035 51.531864,-0.089659 51.52548", "From Goldsmith's Row, Haggerston to Old Street Station, St. Luke's"
"LINESTRING (-0.079201 51.537277,-0.089659 51.52548", "From Hertford Road, De Beauvoir Town to Old Street Station, St. Luke's"
"LINESTRING (-0.078505 51.53095,-0.089659 51.52548", "From Falkirk Street, Hoxton to Old Street Station, St. Luke's"
"LINESTRING (-0.058826 51.54119,-0.089659 51.52548", "From London Fields, Hackney Central to Old Street Station, St. Luke's"
"LINESTRING (-0.131161 51.52505,-0.089659 51.52548", "From Taviton Street, Bloomsbury to Old Street Station, St. Luke's"
"LINESTRING (-0.122219 51.51477,-0.089659 51.52548", "From Drury Lane, Covent Garden to Old Street Station, St. Luke's"
"LINESTRING (-0.054162 51.536424,-0.089659 51.52548", "From Victoria Park Road, Hackney Central to Old Street Station, St. Luke's"
"LINESTRING (-0.079249 51.518908,-0.089659 51.52548", "From Brushfield Street, Liverpool Street to Old Street Station, St. Luke's"
"LINESTRING (-0.174653 51.527294,-0.089659 51.52548", "From St. John's Wood Road, St. John's Wood to Old Street Station, St. Luke's"
"LINESTRING (-0.066035 51.531864,-0.089659 51.52548", "From Goldsmith's Row, Haggerston to Old Street Station, St. Luke's"
"LINESTRING (-0.109914 51.531666,-0.089659 51.52548", "From Claremont Square, Angel to Old Street Station, St. Luke's"
"LINESTRING (-0.09294 51.51397,-0.089659 51.52548", "From Cheapside, Bank to Old Street Station, St. Luke's"
"LINESTRING (-0.099828 51.493146,-0.089659 51.52548", "From Strata, Elephant & Castle to Old Street Station, St. Luke's"
"LINESTRING (-0.174653 51.527294,-0.089659 51.52548", "From St. John's Wood Road, St. John's Wood to Old Street Station, St. Luke's"
"LINESTRING (-0.08066 51.514225,-0.089659 51.52548", "From St. Mary Axe, Aldgate to Old Street Station, St. Luke's"
"LINESTRING (-0.112721 51.536392,-0.089659 51.52548", "From Charlotte Terrace, Angel to Old Street Station, St. Luke's"
"LINESTRING (-0.06992 51.53385,-0.089659 51.52548", "From Queensbridge Road, Haggerston to Old Street Station, St. Luke's"
"LINESTRING (-0.0985 51.51601,-0.089659 51.52548", "From King Edward Street, St Pauls to Old Street Station, St. Luke's"
"LINESTRING (-0.083935 51.520009,-0.089659 51.52548", "From Sun Street, Liverpool Street to Old Street Station, St. Luke's"
"LINESTRING (-0.147714 51.483507,-0.124469 51.485917", "From Battersea Power Station, Battersea Park to Vauxhall Cross, Vauxhall"
"LINESTRING (-0.116493 51.477839,-0.124469 51.485917", "From Caldwell Street, Stockwell to Vauxhall Cross, Vauxhall"
"LINESTRING (-0.136123 51.482362,-0.124469 51.485917", "From Riverlight North, Nine Elms to Vauxhall Cross, Vauxhall"
"LINESTRING (-0.138364 51.492111,-0.124469 51.485917", "From Tachbrook Street, Victoria to Vauxhall Cross, Vauxhall"
"LINESTRING (-0.091773 51.504627,-0.124469 51.485917", "From Hop Exchange, The Borough to Vauxhall Cross, Vauxhall"
"LINESTRING (-0.137043 51.511897,-0.124469 51.485917", "From Golden Square, Soho to Vauxhall Cross, Vauxhall"
"LINESTRING (-0.195197 51.454752,-0.124469 51.485917", "From Neville Gill Close, Wandsworth to Vauxhall Cross, Vauxhall"
"LINESTRING (-0.118256 51.47659,-0.124469 51.485917", "From Albert Square, Stockwell to Vauxhall Cross, Vauxhall"
"LINESTRING (-0.089887 51.520858,-0.124469 51.485917", "From Bunhill Row, Moorgate to Vauxhall Cross, Vauxhall"
"LINESTRING (-0.136123 51.482362,-0.124469 51.485917", "From Riverlight North, Nine Elms to Vauxhall Cross, Vauxhall"
"LINESTRING (-0.132102 51.498125,-0.124469 51.485917", "From Abbey Orchard Street, Westminster to Vauxhall Cross, Vauxhall"
"LINESTRING (-0.136052 51.527326,-0.124469 51.485917", "From Drummond Street , Euston to Vauxhall Cross, Vauxhall"
"LINESTRING (-0.156876 51.49313,-0.124469 51.485917", "From Sedding Street, Sloane Square to Vauxhall Cross, Vauxhall"
"LINESTRING (-0.193764 51.508605,-0.124469 51.485917", "From Palace Gardens Terrace, Notting Hill to Vauxhall Cross, Vauxhall"
"LINESTRING (-0.091773 51.504627,-0.124469 51.485917", "From Hop Exchange, The Borough to Vauxhall Cross, Vauxhall"
"LINESTRING (-0.129361 51.488365,-0.124469 51.485917", "From Vauxhall Bridge , Pimlico to Vauxhall Cross, Vauxhall"
"LINESTRING (-0.147714 51.483507,-0.124469 51.485917", "From Battersea Power Station, Battersea Park to Vauxhall Cross, Vauxhall"
"LINESTRING (-0.144228 51.518117,-0.124469 51.485917", "From Broadcasting House, Marylebone to Vauxhall Cross, Vauxhall"
"LINESTRING (-0.140947 51.49616,-0.124469 51.485917", "From Ashley Place, Victoria to Vauxhall Cross, Vauxhall"
"LINESTRING (-0.132845 51.489975,-0.124469 51.485917", "From Rampayne Street, Pimlico to Vauxhall Cross, Vauxhall"
"LINESTRING (-0.158264 51.514577,-0.124469 51.485917", "From Old Quebec Street, Marylebone to Vauxhall Cross, Vauxhall"
"LINESTRING (-0.13214 51.519572,-0.124469 51.485917", "From Store Street, Bloomsbury to Vauxhall Cross, Vauxhall"
"LINESTRING (-0.129697 51.509087,-0.124469 51.485917", "From St. Martin's Street, West End to Vauxhall Cross, Vauxhall"
"LINESTRING (-0.149551 51.477619,-0.124469 51.485917", "From Queen's Circus, Battersea Park to Vauxhall Cross, Vauxhall"
"LINESTRING (-0.127554 51.493978,-0.124469 51.485917", "From Page Street, Westminster to Vauxhall Cross, Vauxhall"
"LINESTRING (-0.14177 51.479501,-0.124469 51.485917", "From Battersea Park Road, Nine Elms to Vauxhall Cross, Vauxhall"
"LINESTRING (-0.18119 51.485587,-0.124469 51.485917", "From Limerston Street, West Chelsea to Vauxhall Cross, Vauxhall"
"LINESTRING (-0.13151 51.509639,-0.124469 51.485917", "From Panton Street, West End to Vauxhall Cross, Vauxhall"
"LINESTRING (-0.086685 51.517075,-0.124469 51.485917", "From Finsbury Circus, Liverpool Street to Vauxhall Cross, Vauxhall"
"LINESTRING (-0.149551 51.477619,-0.124469 51.485917", "From Queen's Circus, Battersea Park to Vauxhall Cross, Vauxhall"
"LINESTRING (-0.144132 51.493204,-0.124469 51.485917", "From Belgrave Road, Victoria to Vauxhall Cross, Vauxhall"
"LINESTRING (-0.124469 51.485917,-0.124469 51.485917", "From Vauxhall Cross, Vauxhall to Vauxhall Cross, Vauxhall"
"LINESTRING (-0.100292 51.501732,-0.124469 51.485917", "From Great Suffolk Street, The Borough to Vauxhall Cross, Vauxhall"
"LINESTRING (-0.149569 51.50274,-0.124469 51.485917", "From Wellington Arch, Hyde Park to Vauxhall Cross, Vauxhall"
"LINESTRING (-0.164786 51.477292,-0.124469 51.485917", "From Ethelburga Estate, Battersea Park to Vauxhall Cross, Vauxhall"
"LINESTRING (-0.137424 51.498865,-0.124469 51.485917", "From Buckingham Gate, Westminster to Vauxhall Cross, Vauxhall"
"LINESTRING (-0.141423 51.514499,-0.124469 51.485917", "From Little Argyll Street, West End to Vauxhall Cross, Vauxhall"
"LINESTRING (-0.138364 51.492111,-0.124469 51.485917", "From Tachbrook Street, Victoria to Vauxhall Cross, Vauxhall"
"LINESTRING (-0.091773 51.504627,-0.124469 51.485917", "From Hop Exchange, The Borough to Vauxhall Cross, Vauxhall"
"LINESTRING (-0.136123 51.482362,-0.124469 51.485917", "From Riverlight North, Nine Elms to Vauxhall Cross, Vauxhall"
"LINESTRING (-0.136123 51.482362,-0.124469 51.485917", "From Riverlight North, Nine Elms to Vauxhall Cross, Vauxhall"
"LINESTRING (-0.149004 51.485821,-0.124469 51.485917", "From Chelsea Bridge, Pimlico to Vauxhall Cross, Vauxhall"
"LINESTRING (-0.194116 51.479932,-0.124469 51.485917", "From Fulham Broadway, Walham Green to Vauxhall Cross, Vauxhall"
"LINESTRING (-0.111014 51.493686,-0.124469 51.485917", "From Walnut Tree Walk, Vauxhall to Vauxhall Cross, Vauxhall"
"LINESTRING (-0.09315 51.53356,-0.124469 51.485917", "From Eagle Wharf Road, Hoxton to Vauxhall Cross, Vauxhall"
"LINESTRING (-0.142345 51.510662,-0.124469 51.485917", "From Clifford Street, Mayfair to Vauxhall Cross, Vauxhall"
"LINESTRING (-0.195455 51.500401,-0.124469 51.485917", "From Argyll Road, Kensington to Vauxhall Cross, Vauxhall"
"LINESTRING (-0.135635 51.488226,-0.124469 51.485917", "From St. George's Square, Pimlico to Vauxhall Cross, Vauxhall"
"LINESTRING (-0.124469 51.485917,-0.124469 51.485917", "From Vauxhall Cross, Vauxhall to Vauxhall Cross, Vauxhall"
"LINESTRING (-0.13151 51.509639,-0.124469 51.485917", "From Panton Street, West End to Vauxhall Cross, Vauxhall"
"LINESTRING (-0.083632 51.502153,-0.124469 51.485917", "From Snowsfields, London Bridge to Vauxhall Cross, Vauxhall"
"LINESTRING (-0.189155 51.477292,-0.124469 51.485917", "From Michael Road, Walham Green to Vauxhall Cross, Vauxhall"
"LINESTRING (-0.130908 51.464995,-0.124469 51.485917", "From Gauden Road, Clapham to Vauxhall Cross, Vauxhall"
"LINESTRING (-0.178656 51.501432,-0.124469 51.485917", "From Kensington Gore, Knightsbridge to Vauxhall Cross, Vauxhall"
"LINESTRING (-0.126874 51.47787,-0.124469 51.485917", "From Hartington Road, Stockwell to Vauxhall Cross, Vauxhall"
"LINESTRING (-0.138212 51.481335,-0.124469 51.485917", "From Riverlight South, Nine Elms to Vauxhall Cross, Vauxhall"
"LINESTRING (-0.125972 51.49764,-0.124469 51.485917", "From Abingdon Green, Westminster to Vauxhall Cross, Vauxhall"
"LINESTRING (-0.17581 51.517335,-0.124469 51.485917", "From South Wharf Road, Paddington to Vauxhall Cross, Vauxhall"
"LINESTRING (-0.140741 51.488057,-0.124469 51.485917", "From Alderney Street, Pimlico to Vauxhall Cross, Vauxhall"
"LINESTRING (-0.146544 51.468669,-0.124469 51.485917", "From Heath Road, Battersea to Vauxhall Cross, Vauxhall"
"LINESTRING (-0.11258 51.473874,-0.124469 51.485917", "From Normandy Road, Stockwell to Vauxhall Cross, Vauxhall"
"LINESTRING (-0.150908 51.47505,-0.124469 51.485917", "From Alfreda Street, Battersea Park to Vauxhall Cross, Vauxhall"
"LINESTRING (-0.16375 51.465064,-0.124469 51.485917", "From Dorothy Road, Clapham Junction to Vauxhall Cross, Vauxhall"
"LINESTRING (-0.138212 51.481335,-0.124469 51.485917", "From Riverlight South, Nine Elms to Vauxhall Cross, Vauxhall"
"LINESTRING (-0.136123 51.482362,-0.124469 51.485917", "From Riverlight North, Nine Elms to Vauxhall Cross, Vauxhall"
"LINESTRING (-0.132224 51.49206,-0.124469 51.485917", "From Regency Street, Westminster to Vauxhall Cross, Vauxhall"
"LINESTRING (-0.136123 51.482362,-0.124469 51.485917", "From Riverlight North, Nine Elms to Vauxhall Cross, Vauxhall"
"LINESTRING (-0.085603 51.53095,-0.10548 51.532199", "From New North Road 1, Hoxton to Torrens Street, Angel"
"LINESTRING (-0.062546 51.535678,-0.10548 51.532199", "From Regent's Row , Haggerston to Torrens Street, Angel"
"LINESTRING (-0.116191 51.535467,-0.10548 51.532199", "From Carnegie Street, King's Cross to Torrens Street, Angel"
"LINESTRING (-0.079201 51.537277,-0.10548 51.532199", "From Hertford Road, De Beauvoir Town to Torrens Street, Angel"
"LINESTRING (-0.071881 51.534776,-0.10548 51.532199", "From Thurtle Road, Haggerston to Torrens Street, Angel"
"LINESTRING (-0.075901 51.531091,-0.10548 51.532199", "From Hoxton Station, Hoxton to Torrens Street, Angel"
"LINESTRING (-0.062546 51.535678,-0.10548 51.532199", "From Regent's Row , Haggerston to Torrens Street, Angel"
"LINESTRING (-0.093903 51.530991,-0.10548 51.532199", "From Wenlock Road , Hoxton to Torrens Street, Angel"
"LINESTRING (-0.075885 51.536585,-0.10548 51.532199", "From Dunston Road , Haggerston to Torrens Street, Angel"
"LINESTRING (-0.062546 51.535678,-0.10548 51.532199", "From Regent's Row , Haggerston to Torrens Street, Angel"
"LINESTRING (-0.093051 51.511246,-0.10548 51.532199", "From Queen Street 2, Bank to Torrens Street, Angel"
"LINESTRING (-0.093421 51.529154,-0.10548 51.532199", "From Windsor Terrace, Hoxton to Torrens Street, Angel"
"LINESTRING (-0.037366 51.534137,-0.10548 51.532199", "From Driffield Road, Old Ford to Torrens Street, Angel"
"LINESTRING (-0.096496 51.517821,-0.10548 51.532199", "From Museum of London, Barbican to Torrens Street, Angel"
"LINESTRING (-0.169249 51.515953,-0.10548 51.532199", "From Southwick Street, Paddington to Torrens Street, Angel"
"LINESTRING (-0.069743 51.528222,-0.10548 51.532199", "From Wellington Row, Bethnal Green to Torrens Street, Angel"
"LINESTRING (-0.131861 51.527068,-0.10548 51.532199", "From Euston Square Gardens, Euston to Torrens Street, Angel"
"LINESTRING (-0.06142 51.532091,-0.10548 51.532199", "From Pritchard's Road, Bethnal Green to Torrens Street, Angel"
"LINESTRING (-0.070329 51.539083,-0.10548 51.532199", "From Shoreditch Court, Haggerston to Torrens Street, Angel"
"LINESTRING (-0.215804 51.494347,-0.144083 51.525595", "From Brook Green South, Brook Green to Longford Street, The Regent's Park"
"LINESTRING (-0.172528 51.533043,-0.144083 51.525595", "From Wellington Road, St. John's Wood to Longford Street, The Regent's Park"
"LINESTRING (-0.144466 51.528302,-0.144083 51.525595", "From Albany Street, The Regent's Park to Longford Street, The Regent's Park"
"LINESTRING (-0.143613 51.523518,-0.144083 51.525595", "From Bolsover Street, Fitzrovia to Longford Street, The Regent's Park"
"LINESTRING (-0.132053 51.518587,-0.124121 51.523418", "From Bayley Street , Bloomsbury to Russell Square Station, Bloomsbury"
"LINESTRING (-0.138535 51.538792,-0.124121 51.523418", "From St Martins Close, Camden Town to Russell Square Station, Bloomsbury"
"LINESTRING (-0.130431 51.52168,-0.124121 51.523418", "From Malet Street, Bloomsbury to Russell Square Station, Bloomsbury"
"LINESTRING (-0.122502 51.523951,-0.124121 51.523418", "From Brunswick Square, Bloomsbury to Russell Square Station, Bloomsbury"
"LINESTRING (-0.125979 51.526357,-0.124121 51.523418", "From Cartwright Gardens , Bloomsbury to Russell Square Station, Bloomsbury"
"LINESTRING (-0.132053 51.518587,-0.124121 51.523418", "From Bayley Street , Bloomsbury to Russell Square Station, Bloomsbury"
"LINESTRING (-0.096496 51.517821,-0.124121 51.523418", "From Museum of London, Barbican to Russell Square Station, Bloomsbury"
"LINESTRING (-0.132328 51.515631,-0.124121 51.523418", "From Soho Square , Soho to Russell Square Station, Bloomsbury"
"LINESTRING (-0.124678 51.51908,-0.124121 51.523418", "From British Museum, Bloomsbury to Russell Square Station, Bloomsbury"
"LINESTRING (-0.099994 51.522853,-0.124121 51.523418", "From Berry Street, Clerkenwell to Russell Square Station, Bloomsbury"
"LINESTRING (-0.133952 51.536264,-0.124121 51.523418", "From Royal College Street, Camden Town to Russell Square Station, Bloomsbury"
"LINESTRING (-0.145393 51.542138,-0.124121 51.523418", "From Castlehaven Road, Camden Town to Russell Square Station, Bloomsbury"
"LINESTRING (-0.128585 51.516118,-0.124121 51.523418", "From Earnshaw Street , Covent Garden to Russell Square Station, Bloomsbury"
"LINESTRING (-0.17581 51.517335,-0.124121 51.523418", "From South Wharf Road, Paddington to Russell Square Station, Bloomsbury"
"LINESTRING (-0.118295 51.52728,-0.124121 51.523418", "From Ampton Street , Clerkenwell to Russell Square Station, Bloomsbury"
"LINESTRING (-0.12335 51.51746,-0.124121 51.523418", "From Bury Place, Holborn to Russell Square Station, Bloomsbury"
"LINESTRING (-0.162298 51.522511,-0.124121 51.523418", "From Boston Place, Marylebone to Russell Square Station, Bloomsbury"
"LINESTRING (-0.11548 51.528915,-0.124121 51.523418", "From Great Percy Street, Clerkenwell to Russell Square Station, Bloomsbury"
"LINESTRING (-0.128585 51.516118,-0.124121 51.523418", "From Earnshaw Street , Covent Garden to Russell Square Station, Bloomsbury"
"LINESTRING (-0.112721 51.536392,-0.124121 51.523418", "From Charlotte Terrace, Angel to Russell Square Station, Bloomsbury"
"LINESTRING (-0.164207 51.517372,-0.124121 51.523418", "From Harrowby Street, Marylebone to Russell Square Station, Bloomsbury"
"LINESTRING (-0.118256 51.47659,-0.124121 51.523418", "From Albert Square, Stockwell to Russell Square Station, Bloomsbury"
"LINESTRING (-0.09294 51.511553,-0.124121 51.523418", "From Queen Street 1, Bank to Russell Square Station, Bloomsbury"
"LINESTRING (-0.120718 51.511968,-0.124121 51.523418", "From Tavistock Street, Covent Garden to Russell Square Station, Bloomsbury"
"LINESTRING (-0.169249 51.515953,-0.124121 51.523418", "From Southwick Street, Paddington to Russell Square Station, Bloomsbury"
"LINESTRING (-0.123509 51.52625,-0.124121 51.523418", "From Tavistock Place, Bloomsbury to Russell Square Station, Bloomsbury"
"LINESTRING (-0.13151 51.509639,-0.124121 51.523418", "From Panton Street, West End to Russell Square Station, Bloomsbury"
"LINESTRING (-0.144466 51.528302,-0.124121 51.523418", "From Albany Street, The Regent's Park to Russell Square Station, Bloomsbury"
"LINESTRING (-0.134407 51.526236,-0.124121 51.523418", "From Euston Road, Euston to Russell Square Station, Bloomsbury"
"LINESTRING (-0.112824 51.503791,-0.124121 51.523418", "From Waterloo Station 3, Waterloo to Russell Square Station, Bloomsbury"
"LINESTRING (-0.144083 51.525595,-0.124121 51.523418", "From Longford Street, The Regent's Park to Russell Square Station, Bloomsbury"
"LINESTRING (-0.131161 51.52505,-0.124121 51.523418", "From Taviton Street, Bloomsbury to Russell Square Station, Bloomsbury"
"LINESTRING (-0.088285 51.519069,-0.099489 51.524868", "From Moorfields, Moorgate to Sadlers Sports Centre, Finsbury"
"LINESTRING (-0.055312 51.52568,-0.099489 51.524868", "From Bethnal Green Garden, Bethnal Green to Sadlers Sports Centre, Finsbury"
"LINESTRING (-0.08249 51.53558,-0.099489 51.524868", "From Pitfield Street North,Hoxton to Sadlers Sports Centre, Finsbury"
"LINESTRING (-0.147857 51.477966,-0.099489 51.524868", "From Gas Holders, Battersea Park to Sadlers Sports Centre, Finsbury"
"LINESTRING (-0.097122 51.529423,-0.099489 51.524868", "From Macclesfield Rd, St Lukes to Sadlers Sports Centre, Finsbury"
"LINESTRING (-0.093903 51.530991,-0.099489 51.524868", "From Wenlock Road , Hoxton to Sadlers Sports Centre, Finsbury"
"LINESTRING (-0.089659 51.52548,-0.099489 51.524868", "From Old Street Station, St. Luke's to Sadlers Sports Centre, Finsbury"
"LINESTRING (-0.086685 51.517075,-0.099489 51.524868", "From Finsbury Circus, Liverpool Street to Sadlers Sports Centre, Finsbury"
"LINESTRING (-0.107987 51.517428,-0.099489 51.524868", "From New Fetter Lane, Holborn to Sadlers Sports Centre, Finsbury"
"LINESTRING (-0.131161 51.52505,-0.099489 51.524868", "From Taviton Street, Bloomsbury to Sadlers Sports Centre, Finsbury"
"LINESTRING (-0.049591 51.53341,-0.099489 51.524868", "From Bonner Gate, Victoria Park to Sadlers Sports Centre, Finsbury"
"LINESTRING (-0.0801 51.52959,-0.099489 51.524868", "From Hoxton Street, Hoxton to Sadlers Sports Centre, Finsbury"
"LINESTRING (-0.073537 51.514233,-0.099489 51.524868", "From Braham Street, Aldgate to Sadlers Sports Centre, Finsbury"
"LINESTRING (-0.104708 51.52326,-0.099489 51.524868", "From Clerkenwell Green, Clerkenwell to Sadlers Sports Centre, Finsbury"
"LINESTRING (-0.083632 51.502153,-0.099489 51.524868", "From Snowsfields, London Bridge to Sadlers Sports Centre, Finsbury"
"LINESTRING (-0.117619 51.509943,-0.099489 51.524868", "From Somerset House, Strand to Sadlers Sports Centre, Finsbury"
"LINESTRING (-0.06415 51.51295,-0.099489 51.524868", "From Christian Street, Whitechapel to Sadlers Sports Centre, Finsbury"
"LINESTRING (-0.113426 51.503919,-0.099489 51.524868", "From Waterloo Station 2, Waterloo to Sadlers Sports Centre, Finsbury"
"LINESTRING (-0.13225 51.528833,-0.099489 51.524868", "From Doric Way , Somers Town to Sadlers Sports Centre, Finsbury"
"LINESTRING (-0.063471 51.497995,-0.102091 51.500693", "From Bermondsey Station, Bermondsey to Webber Street , Southwark"
"LINESTRING (-0.081608 51.497855,-0.102091 51.500693", "From Bermondsey Street, Bermondsey to Webber Street , Southwark"
"LINESTRING (-0.106237 51.507244,-0.102091 51.500693", "From Milroy Walk, South Bank to Webber Street , Southwark"
"LINESTRING (-0.108657 51.51795,-0.102091 51.500693", "From Holborn Circus, Holborn to Webber Street , Southwark"
"LINESTRING (-0.111606 51.505569,-0.102091 51.500693", "From Stamford Street, South Bank to Webber Street , Southwark"
"LINESTRING (-0.074704 51.500845,-0.102091 51.500693", "From Tower Wharf, Bermondsey to Webber Street , Southwark"
"LINESTRING (-0.110699 51.501444,-0.102091 51.500693", "From Baylis Road, Waterloo to Webber Street , Southwark"
"LINESTRING (-0.074754 51.523648,-0.102091 51.500693", "From Bethnal Green Road, Shoreditch to Webber Street , Southwark"
"LINESTRING (-0.132328 51.515631,-0.102091 51.500693", "From Soho Square , Soho to Webber Street , Southwark"
"LINESTRING (-0.130431 51.52168,-0.102091 51.500693", "From Malet Street, Bloomsbury to Webber Street , Southwark"
"LINESTRING (-0.104778 51.504044,-0.102091 51.500693", "From Southwark Station 2, Southwark to Webber Street , Southwark"
"LINESTRING (-0.088285 51.519069,-0.102091 51.500693", "From Moorfields, Moorgate to Webber Street , Southwark"
"LINESTRING (-0.110699 51.501444,-0.102091 51.500693", "From Baylis Road, Waterloo to Webber Street , Southwark"
"LINESTRING (-0.094524 51.500694,-0.102091 51.500693", "From Borough High Street, The Borough to Webber Street , Southwark"
"LINESTRING (-0.092921 51.494436,-0.102091 51.500693", "From New Kent Road, The Borough to Webber Street , Southwark"
"LINESTRING (-0.083159 51.500889,-0.102091 51.500693", "From Tyers Gate, Bermondsey to Webber Street , Southwark"
"LINESTRING (-0.101384 51.49652,-0.102091 51.500693", "From Ontario Street, Elephant & Castle to Webber Street , Southwark"
"LINESTRING (-0.105312 51.504043,-0.102091 51.500693", "From Southwark Station 1, Southwark to Webber Street , Southwark"
"LINESTRING (-0.081608 51.497855,-0.102091 51.500693", "From Bermondsey Street, Bermondsey to Webber Street , Southwark"
"LINESTRING (-0.085666 51.499075,-0.102091 51.500693", "From Long Lane , Bermondsey to Webber Street , Southwark"
"LINESTRING (-0.083159 51.500889,-0.102091 51.500693", "From Tyers Gate, Bermondsey to Webber Street , Southwark"
"LINESTRING (-0.125674 51.491884,-0.102091 51.500693", "From Millbank Tower, Pimlico to Webber Street , Southwark"
"LINESTRING (-0.124749 51.509462,-0.102091 51.500693", "From William IV Street, Strand to Webber Street , Southwark"
"LINESTRING (-0.112031 51.49914,-0.102091 51.500693", "From Lambeth North Station, Waterloo to Webber Street , Southwark"
"LINESTRING (-0.132328 51.515631,-0.102091 51.500693", "From Soho Square , Soho to Webber Street , Southwark"
"LINESTRING (-0.091938 51.492807,-0.102091 51.500693", "From Victory Place, Walworth to Webber Street , Southwark"
"LINESTRING (-0.082422 51.516154,-0.102091 51.500693", "From Wormwood Street, Liverpool Street to Webber Street , Southwark"
"LINESTRING (-0.119643 51.511756,-0.102091 51.500693", "From Wellington Street , Strand to Webber Street , Southwark"
"LINESTRING (-0.104298 51.526717,-0.102091 51.500693", "From Finsbury Library , Finsbury to Webber Street , Southwark"
"LINESTRING (-0.11655 51.51824,-0.141327 51.520253", "From Red Lion Street, Holborn to Great Titchfield Street, Fitzrovia"
"LINESTRING (-0.175116 51.523353,-0.141327 51.520253", "From Frampton Street, Paddington to Great Titchfield Street, Fitzrovia"
"LINESTRING (-0.049591 51.53341,-0.141327 51.520253", "From Bonner Gate, Victoria Park to Great Titchfield Street, Fitzrovia"
"LINESTRING (-0.151926 51.516814,-0.141327 51.520253", "From Hinde Street, Marylebone to Great Titchfield Street, Fitzrovia"
"LINESTRING (-0.147478 51.492369,-0.141327 51.520253", "From Elizabeth Bridge, Victoria to Great Titchfield Street, Fitzrovia"
"LINESTRING (-0.147154 51.537349,-0.141327 51.520253", "From Gloucester Avenue, Camden Town to Great Titchfield Street, Fitzrovia"
"LINESTRING (-0.113426 51.503919,-0.141327 51.520253", "From Waterloo Station 2, Waterloo to Great Titchfield Street, Fitzrovia"
"LINESTRING (-0.128279 51.5293,-0.141327 51.520253", "From Ossulston Street, Somers Town to Great Titchfield Street, Fitzrovia"
"LINESTRING (-0.133201 51.512515,-0.141327 51.520253", "From Wardour Street, Soho to Great Titchfield Street, Fitzrovia"
"LINESTRING (-0.121328 51.517606,-0.141327 51.520253", "From Southampton Place, Holborn to Great Titchfield Street, Fitzrovia"
"LINESTRING (-0.125979 51.526357,-0.141327 51.520253", "From Cartwright Gardens , Bloomsbury to Great Titchfield Street, Fitzrovia"
"LINESTRING (-0.166304 51.525051,-0.141327 51.520253", "From Mallory Street, Marylebone to Great Titchfield Street, Fitzrovia"
"LINESTRING (-0.134407 51.526236,-0.141327 51.520253", "From Euston Road, Euston to Great Titchfield Street, Fitzrovia"
"LINESTRING (-0.042744 51.530326,-0.141327 51.520253", "From Twig Folly Bridge, Mile End to Great Titchfield Street, Fitzrovia"
"LINESTRING (-0.120202 51.523346,-0.141327 51.520253", "From Guilford Street , Bloomsbury to Great Titchfield Street, Fitzrovia"
"LINESTRING (-0.130504 51.526838,-0.141327 51.520253", "From Endsleigh Gardens, Euston to Great Titchfield Street, Fitzrovia"
"LINESTRING (-0.116688 51.520596,-0.141327 51.520253", "From Theobald's Road , Holborn to Great Titchfield Street, Fitzrovia"
"LINESTRING (-0.092176 51.520044,-0.141327 51.520253", "From Barbican Centre, Barbican to Great Titchfield Street, Fitzrovia"
"LINESTRING (-0.158264 51.514577,-0.141327 51.520253", "From Old Quebec Street, Marylebone to Great Titchfield Street, Fitzrovia"
"LINESTRING (-0.06415 51.51295,-0.141327 51.520253", "From Christian Street, Whitechapel to Great Titchfield Street, Fitzrovia"
"LINESTRING (-0.173881 51.494412,-0.141327 51.520253", "From South Kensington Station, South Kensington to Great Titchfield Street, Fitzrovia"
"LINESTRING (-0.084439 51.524696,-0.111257 51.514274", "From Leonard Circus , Shoreditch to Chancery Lane, Holborn"
"LINESTRING (-0.03338 51.535179,-0.111257 51.514274", "From Gunmakers Lane, Old Ford to Chancery Lane, Holborn"
"LINESTRING (-0.089782 51.53089,-0.111257 51.514274", "From Murray Grove , Hoxton to Chancery Lane, Holborn"
"LINESTRING (-0.158264 51.514577,-0.111257 51.514274", "From Old Quebec Street, Marylebone to Chancery Lane, Holborn"
"LINESTRING (-0.130504 51.526838,-0.111257 51.514274", "From Endsleigh Gardens, Euston to Chancery Lane, Holborn"
"LINESTRING (-0.111257 51.514274,-0.111257 51.514274", "From Chancery Lane, Holborn to Chancery Lane, Holborn"
"LINESTRING (-0.069543 51.525645,-0.111257 51.514274", "From Granby Street, Shoreditch to Chancery Lane, Holborn"
"LINESTRING (-0.057544 51.504749,-0.111257 51.514274", "From Wapping Lane, Wapping to Chancery Lane, Holborn"
"LINESTRING (-0.077178 51.514449,-0.111257 51.514274", "From Houndsditch, Aldgate to Chancery Lane, Holborn"
"LINESTRING (-0.121723 51.510701,-0.111257 51.514274", "From Southampton Street, Strand to Chancery Lane, Holborn"
"LINESTRING (-0.094934 51.522954,-0.111257 51.514274", "From Roscoe Street, St. Luke's to Chancery Lane, Holborn"
"LINESTRING (-0.121723 51.510701,-0.111257 51.514274", "From Southampton Street, Strand to Chancery Lane, Holborn"
"LINESTRING (-0.207842 51.471079,-0.111257 51.514274", "From Elysium Place, Fulham to Chancery Lane, Holborn"
"LINESTRING (-0.100292 51.501732,-0.111257 51.514274", "From Great Suffolk Street, The Borough to Chancery Lane, Holborn"
"LINESTRING (-0.089782 51.53089,-0.111257 51.514274", "From Murray Grove , Hoxton to Chancery Lane, Holborn"
"LINESTRING (-0.083632 51.502153,-0.111257 51.514274", "From Snowsfields, London Bridge to Chancery Lane, Holborn"
"LINESTRING (-0.107987 51.517428,-0.111257 51.514274", "From New Fetter Lane, Holborn to Chancery Lane, Holborn"
"LINESTRING (-0.126994 51.470732,-0.111257 51.514274", "From Clarence Walk, Stockwell to Chancery Lane, Holborn"
"LINESTRING (-0.137043 51.511897,-0.111257 51.514274", "From Golden Square, Soho to Chancery Lane, Holborn"
"LINESTRING (-0.137424 51.498865,-0.13151 51.509639", "From Buckingham Gate, Westminster to Panton Street, West End"
"LINESTRING (-0.157275 51.510017,-0.13151 51.509639", "From Park Lane , Hyde Park to Panton Street, West End"
"LINESTRING (-0.147449 51.509351,-0.13151 51.509639", "From Farm Street, Mayfair to Panton Street, West End"
"LINESTRING (-0.113864 51.504027,-0.13151 51.509639", "From Waterloo Station 1, Waterloo to Panton Street, West End"
"LINESTRING (-0.193487 51.513735,-0.13151 51.509639", "From Hereford Road, Bayswater to Panton Street, West End"
"LINESTRING (-0.173693 51.495948,-0.13151 51.509639", "From Exhibition Road Museums 2, South Kensington to Panton Street, West End"
"LINESTRING (-0.193487 51.513735,-0.13151 51.509639", "From Hereford Road, Bayswater to Panton Street, West End"
"LINESTRING (-0.171103 51.518268,-0.13151 51.509639", "From St Mary's Hospital, Paddington to Panton Street, West End"
"LINESTRING (-0.113426 51.503919,-0.13151 51.509639", "From Waterloo Station 2, Waterloo to Panton Street, West End"
"LINESTRING (-0.130699 51.50777,-0.13151 51.509639", "From Pall Mall East, West End to Panton Street, West End"
"LINESTRING (-0.164207 51.517372,-0.13151 51.509639", "From Harrowby Street, Marylebone to Panton Street, West End"
"LINESTRING (-0.149035 51.481121,-0.13151 51.509639", "From Sopwith Way, Battersea Park to Panton Street, West End"
"LINESTRING (-0.113426 51.503919,-0.13151 51.509639", "From Waterloo Station 2, Waterloo to Panton Street, West End"
"LINESTRING (-0.193487 51.513735,-0.13151 51.509639", "From Hereford Road, Bayswater to Panton Street, West End"
"LINESTRING (-0.09294 51.511553,-0.13151 51.509639", "From Queen Street 1, Bank to Panton Street, West End"
"LINESTRING (-0.047784 51.51328,-0.13151 51.509639", "From Albert Gardens, Stepney to Panton Street, West End"
"LINESTRING (-0.121394 51.493699,-0.13151 51.509639", "From Fire Brigade Pier, Vauxhall to Panton Street, West End"
"LINESTRING (-0.058826 51.54119,-0.13151 51.509639", "From London Fields, Hackney Central to Panton Street, West End"
"LINESTRING (-0.137424 51.498865,-0.13151 51.509639", "From Buckingham Gate, Westminster to Panton Street, West End"
"LINESTRING (-0.08974 51.500823,-0.13151 51.509639", "From Empire Square, The Borough to Panton Street, West End"
"LINESTRING (-0.173693 51.495948,-0.13151 51.509639", "From Exhibition Road Museums 2, South Kensington to Panton Street, West End"
"LINESTRING (-0.157275 51.510017,-0.13151 51.509639", "From Park Lane , Hyde Park to Panton Street, West End"
"LINESTRING (-0.115057 51.512582,-0.13151 51.509639", "From Strand, Strand to Panton Street, West End"
"LINESTRING (-0.171103 51.518268,-0.13151 51.509639", "From St Mary's Hospital, Paddington to Panton Street, West End"
"LINESTRING (-0.165164 51.514746,-0.13151 51.509639", "From Porchester Place, Paddington to Panton Street, West End"
"LINESTRING (-0.14296 51.497998,-0.13151 51.509639", "From Warwick Row, Westminster to Panton Street, West End"
"LINESTRING (-0.109006 51.521661,-0.13151 51.509639", "From Hatton Wall, Holborn to Panton Street, West End"
"LINESTRING (-0.141423 51.514499,-0.13151 51.509639", "From Little Argyll Street, West End to Panton Street, West End"
"LINESTRING (-0.14296 51.497998,-0.13151 51.509639", "From Warwick Row, Westminster to Panton Street, West End"
"LINESTRING (-0.169249 51.515953,-0.13151 51.509639", "From Southwick Street, Paddington to Panton Street, West End"
"LINESTRING (-0.175407 51.462305,-0.13151 51.509639", "From Plough Terrace, Clapham Junction to Panton Street, West End"
"LINESTRING (-0.157436 51.512276,-0.13151 51.509639", "From Green Street, Mayfair to Panton Street, West End"
"LINESTRING (-0.082422 51.516154,-0.13151 51.509639", "From Wormwood Street, Liverpool Street to Panton Street, West End"
"LINESTRING (-0.074704 51.500845,-0.13151 51.509639", "From Tower Wharf, Bermondsey to Panton Street, West End"
"LINESTRING (-0.163041 51.470538,-0.13151 51.509639", "From Sheepcote Lane, Battersea to Panton Street, West End"
"LINESTRING (-0.125674 51.491884,-0.13151 51.509639", "From Millbank Tower, Pimlico to Panton Street, West End"
"LINESTRING (-0.13151 51.509639,-0.13151 51.509639", "From Panton Street, West End to Panton Street, West End"
"LINESTRING (-0.122219 51.51477,-0.13151 51.509639", "From Drury Lane, Covent Garden to Panton Street, West End"
"LINESTRING (-0.073537 51.514233,-0.13151 51.509639", "From Braham Street, Aldgate to Panton Street, West End"
"LINESTRING (-0.102996 51.486929,-0.13151 51.509639", "From Doddington Grove, Kennington to Panton Street, West End"
"LINESTRING (-0.09294 51.511553,-0.13151 51.509639", "From Queen Street 1, Bank to Panton Street, West End"
"LINESTRING (-0.156876 51.49313,-0.13151 51.509639", "From Sedding Street, Sloane Square to Panton Street, West End"
"LINESTRING (-0.153645 51.512911,-0.13151 51.509639", "From North Audley Street, Mayfair to Panton Street, West End"
"LINESTRING (-0.153645 51.512911,-0.13151 51.509639", "From North Audley Street, Mayfair to Panton Street, West End"
"LINESTRING (-0.13544 51.497829,-0.13151 51.509639", "From Butler Place, Westminster to Panton Street, West End"
"LINESTRING (-0.179135 51.516417,-0.13151 51.509639", "From Eastbourne Mews, Paddington to Panton Street, West End"
"LINESTRING (-0.205535 51.507481,-0.13151 51.509639", "From Lansdowne Road, Ladbroke Grove to Panton Street, West End"
"LINESTRING (-0.140947 51.49616,-0.13151 51.509639", "From Ashley Place, Victoria to Panton Street, West End"
"LINESTRING (-0.179702 51.499428,-0.13151 51.509639", "From Imperial College, Knightsbridge to Panton Street, West End"
"LINESTRING (-0.153645 51.512911,-0.13151 51.509639", "From North Audley Street, Mayfair to Panton Street, West End"
"LINESTRING (-0.165668 51.524561,-0.13151 51.509639", "From Broadley Terrace, Marylebone to Panton Street, West End"
"LINESTRING (-0.116688 51.520596,-0.111778 51.515937", "From Theobald's Road , Holborn to Breams Buildings, Holborn"
"LINESTRING (-0.13214 51.519572,-0.111778 51.515937", "From Store Street, Bloomsbury to Breams Buildings, Holborn"
"LINESTRING (-0.105312 51.504043,-0.111778 51.515937", "From Southwark Station 1, Southwark to Breams Buildings, Holborn"
"LINESTRING (-0.113001 51.50486,-0.111778 51.515937", "From Waterloo Road, South Bank to Breams Buildings, Holborn"
"LINESTRING (-0.099981 51.532661,-0.111778 51.515937", "From Graham Street, Angel to Breams Buildings, Holborn"
"LINESTRING (-0.067937 51.51793,-0.111778 51.515937", "From Old Montague Street, Whitechapel to Breams Buildings, Holborn"
"LINESTRING (-0.126874 51.47787,-0.111778 51.515937", "From Hartington Road, Stockwell to Breams Buildings, Holborn"
"LINESTRING (-0.13225 51.528833,-0.111778 51.515937", "From Doric Way , Somers Town to Breams Buildings, Holborn"
"LINESTRING (-0.115057 51.512582,-0.111778 51.515937", "From Strand, Strand to Breams Buildings, Holborn"
"LINESTRING (-0.123509 51.52625,-0.111778 51.515937", "From Tavistock Place, Bloomsbury to Breams Buildings, Holborn"
"LINESTRING (-0.087262 51.506304,-0.111778 51.515937", "From Duke Street Hill, London Bridge to Breams Buildings, Holborn"
"LINESTRING (-0.124121 51.523418,-0.111778 51.515937", "From Russell Square Station, Bloomsbury to Breams Buildings, Holborn"
"LINESTRING (-0.110699 51.501444,-0.0786 51.500647", "From Baylis Road, Waterloo to Tanner Street, Bermondsey"
"LINESTRING (-0.04667 51.521889,-0.0786 51.500647", "From Stepney Green Station, Stepney to Tanner Street, Bermondsey"
"LINESTRING (-0.087587 51.514441,-0.0786 51.500647", "From Bank of England Museum, Bank to Tanner Street, Bermondsey"
"LINESTRING (-0.058681 51.506946,-0.0786 51.500647", "From Reardon Street, Wapping to Tanner Street, Bermondsey"
"LINESTRING (-0.111435 51.48894,-0.0786 51.500647", "From Kennington Cross, Kennington to Tanner Street, Bermondsey"
"LINESTRING (-0.039264 51.521564,-0.0786 51.500647", "From Harford Street, Mile End to Tanner Street, Bermondsey"
"LINESTRING (-0.116625 51.486965,-0.0786 51.500647", "From Vauxhall Street, Vauxhall to Tanner Street, Bermondsey"
"LINESTRING (-0.085814 51.495061,-0.0786 51.500647", "From Bricklayers Arms, Borough to Tanner Street, Bermondsey"
"LINESTRING (-0.063471 51.497995,-0.0786 51.500647", "From Bermondsey Station, Bermondsey to Tanner Street, Bermondsey"
"LINESTRING (-0.058641 51.515256,-0.0786 51.500647", "From Philpot Street, Whitechapel to Tanner Street, Bermondsey"
"LINESTRING (-0.009001 51.487129,-0.0786 51.500647", "From Saunders Ness Road, Cubitt Town to Tanner Street, Bermondsey"
"LINESTRING (-0.134621 51.507424,-0.0786 51.500647", "From St. James's Square, St. James's to Tanner Street, Bermondsey"
"LINESTRING (-0.097122 51.529423,-0.0786 51.500647", "From Macclesfield Rd, St Lukes to Tanner Street, Bermondsey"
"LINESTRING (-0.093913 51.496791,-0.0786 51.500647", "From Dickens Square, Borough to Tanner Street, Bermondsey"
"LINESTRING (-0.076793 51.513406,-0.0786 51.500647", "From Jewry Street, Aldgate to Tanner Street, Bermondsey"
"LINESTRING (-0.079249 51.518908,-0.0786 51.500647", "From Brushfield Street, Liverpool Street to Tanner Street, Bermondsey"
"LINESTRING (-0.097441 51.511961,-0.0786 51.500647", "From Queen Victoria Street, St. Paul's to Tanner Street, Bermondsey"
"LINESTRING (-0.076793 51.513406,-0.0786 51.500647", "From Jewry Street, Aldgate to Tanner Street, Bermondsey"
"LINESTRING (-0.116688 51.520596,-0.0786 51.500647", "From Theobald's Road , Holborn to Tanner Street, Bermondsey"
"LINESTRING (-0.08974 51.500823,-0.0786 51.500647", "From Empire Square, The Borough to Tanner Street, Bermondsey"
"LINESTRING (-0.096191 51.498597,-0.0786 51.500647", "From Harper Road, The Borough to Tanner Street, Bermondsey"
"LINESTRING (-0.079249 51.518908,-0.0786 51.500647", "From Brushfield Street, Liverpool Street to Tanner Street, Bermondsey"
"LINESTRING (-0.025492 51.530535,-0.0786 51.500647", "From Mostyn Grove, Bow to Tanner Street, Bermondsey"
"LINESTRING (-0.120718 51.511968,-0.0786 51.500647", "From Tavistock Street, Covent Garden to Tanner Street, Bermondsey"
"LINESTRING (-0.113864 51.504027,-0.0786 51.500647", "From Waterloo Station 1, Waterloo to Tanner Street, Bermondsey"
"LINESTRING (-0.123823 51.501513,-0.0786 51.500647", "From Westminster Pier, Westminster to Tanner Street, Bermondsey"
"LINESTRING (-0.070542 51.505697,-0.0786 51.500647", "From St. Katharine's Way, Tower to Tanner Street, Bermondsey"
"LINESTRING (-0.113864 51.504027,-0.0786 51.500647", "From Waterloo Station 1, Waterloo to Tanner Street, Bermondsey"
"LINESTRING (-0.138212 51.481335,-0.0786 51.500647", "From Riverlight South, Nine Elms to Tanner Street, Bermondsey"
"LINESTRING (-0.057544 51.504749,-0.0786 51.500647", "From Wapping Lane, Wapping to Tanner Street, Bermondsey"
"LINESTRING (-0.122299 51.530199,-0.0786 51.500647", "From Birkenhead Street, King's Cross to Tanner Street, Bermondsey"
"LINESTRING (-0.112031 51.49914,-0.115156 51.489479", "From Lambeth North Station, Waterloo to Sancroft Street, Vauxhall"
"LINESTRING (-0.122492 51.486343,-0.115156 51.489479", "From Kennington Lane Rail Bridge, Vauxhall to Sancroft Street, Vauxhall"
"LINESTRING (-0.132328 51.515631,-0.115156 51.489479", "From Soho Square , Soho to Sancroft Street, Vauxhall"
"LINESTRING (-0.099828 51.493146,-0.115156 51.489479", "From Strata, Elephant & Castle to Sancroft Street, Vauxhall"
"LINESTRING (-0.132328 51.515631,-0.115156 51.489479", "From Soho Square , Soho to Sancroft Street, Vauxhall"
"LINESTRING (-0.143495 51.509992,-0.115156 51.489479", "From Grafton Street, Mayfair to Sancroft Street, Vauxhall"
"LINESTRING (-0.091773 51.504627,-0.115156 51.489479", "From Hop Exchange, The Borough to Sancroft Street, Vauxhall"
"LINESTRING (-0.111435 51.48894,-0.115156 51.489479", "From Kennington Cross, Kennington to Sancroft Street, Vauxhall"
"LINESTRING (-0.115156 51.489479,-0.115156 51.489479", "From Sancroft Street, Vauxhall to Sancroft Street, Vauxhall"
"LINESTRING (-0.110121 51.488105,-0.115156 51.489479", "From Cleaver Street, Kennington to Sancroft Street, Vauxhall"
"LINESTRING (-0.141423 51.514499,-0.132053 51.518587", "From Little Argyll Street, West End to Bayley Street , Bloomsbury"
"LINESTRING (-0.103078 51.511934,-0.132053 51.518587", "From Blackfriars Station, St. Paul's to Bayley Street , Bloomsbury"
"LINESTRING (-0.123509 51.52625,-0.132053 51.518587", "From Tavistock Place, Bloomsbury to Bayley Street , Bloomsbury"
"LINESTRING (-0.143613 51.523518,-0.132053 51.518587", "From Bolsover Street, Fitzrovia to Bayley Street , Bloomsbury"
"LINESTRING (-0.130431 51.52168,-0.132053 51.518587", "From Malet Street, Bloomsbury to Bayley Street , Bloomsbury"
"LINESTRING (-0.132053 51.518587,-0.132053 51.518587", "From Bayley Street , Bloomsbury to Bayley Street , Bloomsbury"
"LINESTRING (-0.141423 51.514499,-0.132053 51.518587", "From Little Argyll Street, West End to Bayley Street , Bloomsbury"
"LINESTRING (-0.128279 51.5293,-0.132053 51.518587", "From Ossulston Street, Somers Town to Bayley Street , Bloomsbury"
"LINESTRING (-0.132053 51.518587,-0.132053 51.518587", "From Bayley Street , Bloomsbury to Bayley Street , Bloomsbury"
"LINESTRING (-0.119123 51.519435,-0.132053 51.518587", "From Red Lion Square, Holborn to Bayley Street , Bloomsbury"
"LINESTRING (-0.132053 51.518587,-0.132053 51.518587", "From Bayley Street , Bloomsbury to Bayley Street , Bloomsbury"
"LINESTRING (-0.11548 51.528915,-0.132053 51.518587", "From Great Percy Street, Clerkenwell to Bayley Street , Bloomsbury"
"LINESTRING (-0.138019 51.524438,-0.132053 51.518587", "From Warren Street Station, Euston to Bayley Street , Bloomsbury"
"LINESTRING (-0.111778 51.515937,-0.132053 51.518587", "From Breams Buildings, Holborn to Bayley Street , Bloomsbury"
"LINESTRING (-0.139174 51.533019,-0.132053 51.518587", "From Harrington Square 1, Camden Town to Bayley Street , Bloomsbury"
"LINESTRING (-0.114686 51.506133,-0.132053 51.518587", "From Belvedere Road 1, South Bank to Bayley Street , Bloomsbury"
"LINESTRING (-0.113864 51.504027,-0.132053 51.518587", "From Waterloo Station 1, Waterloo to Bayley Street , Bloomsbury"
"LINESTRING (-0.195455 51.500401,-0.132053 51.518587", "From Argyll Road, Kensington to Bayley Street , Bloomsbury"
"LINESTRING (-0.125979 51.526357,-0.132053 51.518587", "From Cartwright Gardens , Bloomsbury to Bayley Street , Bloomsbury"
"LINESTRING (-0.180246 51.501026,-0.132053 51.518587", "From Queen's Gate (North), Kensington to Bayley Street , Bloomsbury"
"LINESTRING (-0.163609 51.51809,-0.132053 51.518587", "From Shouldham Street, Marylebone to Bayley Street , Bloomsbury"
"LINESTRING (-0.097122 51.529423,-0.132053 51.518587", "From Macclesfield Rd, St Lukes to Bayley Street , Bloomsbury"
"LINESTRING (-0.148105 51.514759,-0.132053 51.518587", "From Marylebone Lane, Marylebone to Bayley Street , Bloomsbury"
"LINESTRING (-0.148105 51.514759,-0.132053 51.518587", "From Marylebone Lane, Marylebone to Bayley Street , Bloomsbury"
"LINESTRING (-0.112432 51.526599,-0.132053 51.518587", "From Margery Street, Clerkenwell to Bayley Street , Bloomsbury"
"LINESTRING (-0.144466 51.528302,-0.132053 51.518587", "From Albany Street, The Regent's Park to Bayley Street , Bloomsbury"
"LINESTRING (-0.165668 51.524561,-0.132053 51.518587", "From Broadley Terrace, Marylebone to Bayley Street , Bloomsbury"
"LINESTRING (-0.083353 51.529537,-0.132053 51.518587", "From Fanshaw Street, Hoxton to Bayley Street , Bloomsbury"
"LINESTRING (-0.124121 51.523418,-0.132053 51.518587", "From Russell Square Station, Bloomsbury to Bayley Street , Bloomsbury"
"LINESTRING (-0.197574 51.499606,-0.132053 51.518587", "From Phillimore Gardens, Kensington to Bayley Street , Bloomsbury"
"LINESTRING (-0.07023 51.536654,-0.132053 51.518587", "From Belford House, Haggerston to Bayley Street , Bloomsbury"
"LINESTRING (-0.132053 51.518587,-0.132053 51.518587", "From Bayley Street , Bloomsbury to Bayley Street , Bloomsbury"
"LINESTRING (-0.116688 51.520596,-0.132053 51.518587", "From Theobald's Road , Holborn to Bayley Street , Bloomsbury"
"LINESTRING (-0.128279 51.5293,-0.132053 51.518587", "From Ossulston Street, Somers Town to Bayley Street , Bloomsbury"
"LINESTRING (-0.139174 51.533019,-0.132053 51.518587", "From Harrington Square 1, Camden Town to Bayley Street , Bloomsbury"
"LINESTRING (-0.150908 51.47505,-0.132053 51.518587", "From Alfreda Street, Battersea Park to Bayley Street , Bloomsbury"
"LINESTRING (-0.128279 51.5293,-0.132053 51.518587", "From Ossulston Street, Somers Town to Bayley Street , Bloomsbury"
"LINESTRING (-0.148105 51.514759,-0.132053 51.518587", "From Marylebone Lane, Marylebone to Bayley Street , Bloomsbury"
"LINESTRING (-0.128279 51.5293,-0.132053 51.518587", "From Ossulston Street, Somers Town to Bayley Street , Bloomsbury"
"LINESTRING (-0.112432 51.526599,-0.132053 51.518587", "From Margery Street, Clerkenwell to Bayley Street , Bloomsbury"
"LINESTRING (-0.123509 51.52625,-0.132053 51.518587", "From Tavistock Place, Bloomsbury to Bayley Street , Bloomsbury"
"LINESTRING (-0.087262 51.506304,-0.132053 51.518587", "From Duke Street Hill, London Bridge to Bayley Street , Bloomsbury"
"LINESTRING (-0.141423 51.514499,-0.132053 51.518587", "From Little Argyll Street, West End to Bayley Street , Bloomsbury"
"LINESTRING (-0.131161 51.52505,-0.132053 51.518587", "From Taviton Street, Bloomsbury to Bayley Street , Bloomsbury"
"LINESTRING (-0.145211 51.520715,-0.132053 51.518587", "From Portland Place, Marylebone to Bayley Street , Bloomsbury"
"LINESTRING (-0.117069 51.53136,-0.132053 51.518587", "From Calshot Street , King's Cross to Bayley Street , Bloomsbury"
"LINESTRING (-0.173693 51.495948,-0.132053 51.518587", "From Exhibition Road Museums 2, South Kensington to Bayley Street , Bloomsbury"
"LINESTRING (-0.145211 51.520715,-0.132053 51.518587", "From Portland Place, Marylebone to Bayley Street , Bloomsbury"
"LINESTRING (-0.136039 51.519914,-0.123509 51.52625", "From Scala Street, Fitzrovia to Tavistock Place, Bloomsbury"
"LINESTRING (-0.13011 51.513527,-0.123509 51.52625", "From Moor Street, Soho to Tavistock Place, Bloomsbury"
"LINESTRING (-0.154701 51.520583,-0.123509 51.52625", "From Paddington Street, Marylebone to Tavistock Place, Bloomsbury"
"LINESTRING (-0.094475 51.521747,-0.123509 51.52625", "From Golden Lane, Barbican to Tavistock Place, Bloomsbury"
"LINESTRING (-0.058826 51.54119,-0.123509 51.52625", "From London Fields, Hackney Central to Tavistock Place, Bloomsbury"
"LINESTRING (-0.06111 51.518675,-0.123509 51.52625", "From Royal London Hospital, Whitechapel to Tavistock Place, Bloomsbury"
"LINESTRING (-0.120202 51.523346,-0.123509 51.52625", "From Guilford Street , Bloomsbury to Tavistock Place, Bloomsbury"
"LINESTRING (-0.156285 51.535836,-0.123509 51.52625", "From London Zoo,  The Regent's Park to Tavistock Place, Bloomsbury"
"LINESTRING (-0.070329 51.539083,-0.123509 51.52625", "From Shoreditch Court, Haggerston to Tavistock Place, Bloomsbury"
"LINESTRING (-0.058826 51.54119,-0.123509 51.52625", "From London Fields, Hackney Central to Tavistock Place, Bloomsbury"
"LINESTRING (-0.132053 51.518587,-0.123509 51.52625", "From Bayley Street , Bloomsbury to Tavistock Place, Bloomsbury"
"LINESTRING (-0.13214 51.519572,-0.123509 51.52625", "From Store Street, Bloomsbury to Tavistock Place, Bloomsbury"
"LINESTRING (-0.119047 51.509631,-0.123509 51.52625", "From Embankment (Savoy), Strand to Tavistock Place, Bloomsbury"
"LINESTRING (-0.120202 51.523346,-0.123509 51.52625", "From Guilford Street , Bloomsbury to Tavistock Place, Bloomsbury"
"LINESTRING (-0.102208 51.526153,-0.123509 51.52625", "From Percival Street, Finsbury to Tavistock Place, Bloomsbury"
"LINESTRING (-0.119047 51.509631,-0.123509 51.52625", "From Embankment (Savoy), Strand to Tavistock Place, Bloomsbury"
"LINESTRING (-0.132053 51.518587,-0.123509 51.52625", "From Bayley Street , Bloomsbury to Tavistock Place, Bloomsbury"
"LINESTRING (-0.138019 51.524438,-0.123509 51.52625", "From Warren Street Station, Euston to Tavistock Place, Bloomsbury"
"LINESTRING (-0.183846 51.523344,-0.123509 51.52625", "From Warwick Avenue Station, Maida Vale to Tavistock Place, Bloomsbury"
"LINESTRING (-0.104298 51.526717,-0.123509 51.52625", "From Finsbury Library , Finsbury to Tavistock Place, Bloomsbury"
"LINESTRING (-0.119047 51.509631,-0.123509 51.52625", "From Embankment (Savoy), Strand to Tavistock Place, Bloomsbury"
"LINESTRING (-0.123509 51.52625,-0.123509 51.52625", "From Tavistock Place, Bloomsbury to Tavistock Place, Bloomsbury"
"LINESTRING (-0.133952 51.536264,-0.123509 51.52625", "From Royal College Street, Camden Town to Tavistock Place, Bloomsbury"
"LINESTRING (-0.135777 51.51953,-0.139174 51.533019", "From Charlotte Street, Fitzrovia to Harrington Square 1, Camden Town"
"LINESTRING (-0.134621 51.507424,-0.139174 51.533019", "From St. James's Square, St. James's to Harrington Square 1, Camden Town"
"LINESTRING (-0.138019 51.524438,-0.139174 51.533019", "From Warren Street Station, Euston to Harrington Square 1, Camden Town"
"LINESTRING (-0.174554 51.499917,-0.139174 51.533019", "From Exhibition Road, Knightsbridge to Harrington Square 1, Camden Town"
"LINESTRING (-0.138231 51.525542,-0.139174 51.533019", "From Hampstead Road, Euston to Harrington Square 1, Camden Town"
"LINESTRING (-0.138019 51.524438,-0.139174 51.533019", "From Warren Street Station, Euston to Harrington Square 1, Camden Town"
"LINESTRING (-0.132053 51.518587,-0.139174 51.533019", "From Bayley Street , Bloomsbury to Harrington Square 1, Camden Town"
"LINESTRING (-0.139174 51.533019,-0.139174 51.533019", "From Harrington Square 1, Camden Town to Harrington Square 1, Camden Town"
"LINESTRING (-0.132053 51.518587,-0.139174 51.533019", "From Bayley Street , Bloomsbury to Harrington Square 1, Camden Town"
"LINESTRING (-0.125078 51.534667,-0.139174 51.533019", "From Good's Way, King's Cross to Harrington Square 1, Camden Town"
"LINESTRING (-0.145393 51.542138,-0.139174 51.533019", "From Castlehaven Road, Camden Town to Harrington Square 1, Camden Town"
"LINESTRING (-0.158963 51.524517,-0.139174 51.533019", "From Park Road (Baker Street), The Regent's Park to Harrington Square 1, Camden Town"
"LINESTRING (-0.13214 51.519572,-0.139174 51.533019", "From Store Street, Bloomsbury to Harrington Square 1, Camden Town"
"LINESTRING (-0.13214 51.519572,-0.139174 51.533019", "From Store Street, Bloomsbury to Harrington Square 1, Camden Town"
"LINESTRING (-0.139016 51.520994,-0.139174 51.533019", "From Howland Street, Fitzrovia to Harrington Square 1, Camden Town"
"LINESTRING (-0.125078 51.534667,-0.139174 51.533019", "From Good's Way, King's Cross to Harrington Square 1, Camden Town"
"LINESTRING (-0.145211 51.520715,-0.139174 51.533019", "From Portland Place, Marylebone to Harrington Square 1, Camden Town"
"LINESTRING (-0.120202 51.523346,-0.139174 51.533019", "From Guilford Street , Bloomsbury to Harrington Square 1, Camden Town"
"LINESTRING (-0.100791 51.518218,-0.139174 51.533019", "From West Smithfield Rotunda, Farringdon to Harrington Square 1, Camden Town"
"LINESTRING (-0.139016 51.520994,-0.139174 51.533019", "From Howland Street, Fitzrovia to Harrington Square 1, Camden Town"
"LINESTRING (-0.110699 51.501444,-0.111014 51.493686", "From Baylis Road, Waterloo to Walnut Tree Walk, Vauxhall"
"LINESTRING (-0.111435 51.48894,-0.111014 51.493686", "From Kennington Cross, Kennington to Walnut Tree Walk, Vauxhall"
"LINESTRING (-0.194116 51.479932,-0.111014 51.493686", "From Fulham Broadway, Walham Green to Walnut Tree Walk, Vauxhall"
"LINESTRING (-0.138212 51.481335,-0.111014 51.493686", "From Riverlight South, Nine Elms to Walnut Tree Walk, Vauxhall"
"LINESTRING (-0.106 51.496127,-0.111014 51.493686", "From Geraldine Street, Elephant & Castle to Walnut Tree Walk, Vauxhall"
"LINESTRING (-0.110121 51.488105,-0.111014 51.493686", "From Cleaver Street, Kennington to Walnut Tree Walk, Vauxhall"
"LINESTRING (-0.13011 51.513527,-0.111014 51.493686", "From Moor Street, Soho to Walnut Tree Walk, Vauxhall"
"LINESTRING (-0.122759 51.487807,-0.111014 51.493686", "From New Spring Gardens Walk, Vauxhall to Walnut Tree Walk, Vauxhall"
"LINESTRING (-0.140947 51.49616,-0.111014 51.493686", "From Ashley Place, Victoria to Walnut Tree Walk, Vauxhall"
"LINESTRING (-0.124642 51.481747,-0.111014 51.493686", "From South Lambeth Road, Vauxhall to Walnut Tree Walk, Vauxhall"
"LINESTRING (-0.124642 51.481747,-0.111014 51.493686", "From South Lambeth Road, Vauxhall to Walnut Tree Walk, Vauxhall"
"LINESTRING (-0.144132 51.493204,-0.111014 51.493686", "From Belgrave Road, Victoria to Walnut Tree Walk, Vauxhall"
"LINESTRING (-0.119643 51.511756,-0.111014 51.493686", "From Wellington Street , Strand to Walnut Tree Walk, Vauxhall"
"LINESTRING (-0.110699 51.501444,-0.111014 51.493686", "From Baylis Road, Waterloo to Walnut Tree Walk, Vauxhall"
"LINESTRING (-0.117661 51.482678,-0.111014 51.493686", "From Ashmole Estate, Oval to Walnut Tree Walk, Vauxhall"
"LINESTRING (-0.157788 51.465123,-0.111014 51.493686", "From Sugden Road, Clapham to Walnut Tree Walk, Vauxhall"
"LINESTRING (-0.101536 51.49217,-0.111014 51.493686", "From Hampton Street, Walworth to Walnut Tree Walk, Vauxhall"
"LINESTRING (-0.138019 51.524438,-0.111014 51.493686", "From Warren Street Station, Euston to Walnut Tree Walk, Vauxhall"
"LINESTRING (-0.106237 51.507244,-0.111014 51.493686", "From Milroy Walk, South Bank to Walnut Tree Walk, Vauxhall"
"LINESTRING (-0.122219 51.51477,-0.111014 51.493686", "From Drury Lane, Covent Garden to Walnut Tree Walk, Vauxhall"
"LINESTRING (-0.10988 51.49775,-0.111014 51.493686", "From King Edward Walk, Waterloo to Walnut Tree Walk, Vauxhall"
"LINESTRING (-0.116628 51.500089,-0.111014 51.493686", "From Lambeth Palace Road, Waterloo to Walnut Tree Walk, Vauxhall"
"LINESTRING (-0.124469 51.485917,-0.111014 51.493686", "From Vauxhall Cross, Vauxhall to Walnut Tree Walk, Vauxhall"
"LINESTRING (-0.110699 51.501444,-0.111014 51.493686", "From Baylis Road, Waterloo to Walnut Tree Walk, Vauxhall"
"LINESTRING (-0.112031 51.49914,-0.111014 51.493686", "From Lambeth North Station, Waterloo to Walnut Tree Walk, Vauxhall"
"LINESTRING (-0.108657 51.51795,-0.111014 51.493686", "From Holborn Circus, Holborn to Walnut Tree Walk, Vauxhall"
"LINESTRING (-0.142943 51.496863,-0.111014 51.493686", "From Allington Street, Victoria to Walnut Tree Walk, Vauxhall"
"LINESTRING (-0.124469 51.485917,-0.111014 51.493686", "From Vauxhall Cross, Vauxhall to Walnut Tree Walk, Vauxhall"
"LINESTRING (-0.135635 51.488226,-0.111014 51.493686", "From St. George's Square, Pimlico to Walnut Tree Walk, Vauxhall"
"LINESTRING (-0.130458 51.494816,-0.111014 51.493686", "From Horseferry Road, Westminster to Walnut Tree Walk, Vauxhall"
"LINESTRING (-0.124826 51.516226,-0.111014 51.493686", "From High Holborn , Covent Garden to Walnut Tree Walk, Vauxhall"
"LINESTRING (-0.107913 51.498386,-0.10044 51.498898", "From Westminster Bridge Road, Elephant & Castle to Borough Road, Elephant & Castle"
"LINESTRING (-0.088285 51.519069,-0.10044 51.498898", "From Moorfields, Moorgate to Borough Road, Elephant & Castle"
"LINESTRING (-0.101536 51.49217,-0.10044 51.498898", "From Hampton Street, Walworth to Borough Road, Elephant & Castle"
"LINESTRING (-0.10044 51.498898,-0.10044 51.498898", "From Borough Road, Elephant & Castle to Borough Road, Elephant & Castle"
"LINESTRING (-0.063471 51.497995,-0.10044 51.498898", "From Bermondsey Station, Bermondsey to Borough Road, Elephant & Castle"
"LINESTRING (-0.116628 51.500089,-0.10044 51.498898", "From Lambeth Palace Road, Waterloo to Borough Road, Elephant & Castle"
"LINESTRING (-0.130504 51.526838,-0.10044 51.498898", "From Endsleigh Gardens, Euston to Borough Road, Elephant & Castle"
"LINESTRING (-0.099828 51.493146,-0.10044 51.498898", "From Strata, Elephant & Castle to Borough Road, Elephant & Castle"
"LINESTRING (-0.101536 51.49217,-0.10044 51.498898", "From Hampton Street, Walworth to Borough Road, Elephant & Castle"
"LINESTRING (-0.135635 51.488226,-0.10044 51.498898", "From St. George's Square, Pimlico to Borough Road, Elephant & Castle"
"LINESTRING (-0.111778 51.515937,-0.10044 51.498898", "From Breams Buildings, Holborn to Borough Road, Elephant & Castle"
"LINESTRING (-0.101384 51.49652,-0.10044 51.498898", "From Ontario Street, Elephant & Castle to Borough Road, Elephant & Castle"
"LINESTRING (-0.147857 51.477966,-0.10044 51.498898", "From Gas Holders, Battersea Park to Borough Road, Elephant & Castle"
"LINESTRING (-0.098031 51.505224,-0.10044 51.498898", "From Lavington Street, Bankside to Borough Road, Elephant & Castle"
"LINESTRING (-0.101026 51.528246,-0.10044 51.498898", "From Goswell Road (City Uni), Finsbury to Borough Road, Elephant & Castle"
"LINESTRING (-0.134621 51.507424,-0.10044 51.498898", "From St. James's Square, St. James's to Borough Road, Elephant & Castle"
"LINESTRING (-0.113864 51.504027,-0.10044 51.498898", "From Waterloo Station 1, Waterloo to Borough Road, Elephant & Castle"
"LINESTRING (-0.087587 51.514441,-0.109025 51.534408", "From Bank of England Museum, Bank to Cloudesley Road, Angel"
"LINESTRING (-0.02296 51.50623,-0.109025 51.534408", "From Fisherman's Walk West, Canary Wharf to Cloudesley Road, Angel"
"LINESTRING (-0.08249 51.53558,-0.109025 51.534408", "From Pitfield Street North,Hoxton to Cloudesley Road, Angel"
"LINESTRING (-0.119558 51.528279,-0.109025 51.534408", "From Cromer Street, Bloomsbury to Cloudesley Road, Angel"
"LINESTRING (-0.138853 51.541603,-0.109025 51.534408", "From Bonny Street, Camden Town to Cloudesley Road, Angel"
"LINESTRING (-0.147983 51.519167,-0.109025 51.534408", "From New Cavendish Street, Marylebone to Cloudesley Road, Angel"
"LINESTRING (-0.082422 51.516154,-0.109025 51.534408", "From Wormwood Street, Liverpool Street to Cloudesley Road, Angel"
"LINESTRING (-0.123616 51.529943,-0.109025 51.534408", "From Belgrove Street , King's Cross to Cloudesley Road, Angel"
"LINESTRING (-0.109025 51.534408,-0.109025 51.534408", "From Cloudesley Road, Angel to Cloudesley Road, Angel"
"LINESTRING (-0.079249 51.518908,-0.109025 51.534408", "From Brushfield Street, Liverpool Street to Cloudesley Road, Angel"
"LINESTRING (-0.075901 51.531091,-0.109025 51.534408", "From Hoxton Station, Hoxton to Cloudesley Road, Angel"
"LINESTRING (-0.125078 51.534667,-0.109025 51.534408", "From Good's Way, King's Cross to Cloudesley Road, Angel"
"LINESTRING (-0.119558 51.528279,-0.109025 51.534408", "From Cromer Street, Bloomsbury to Cloudesley Road, Angel"
"LINESTRING (-0.070329 51.539083,-0.109025 51.534408", "From Shoreditch Court, Haggerston to Cloudesley Road, Angel"
"LINESTRING (-0.079249 51.518908,-0.109025 51.534408", "From Brushfield Street, Liverpool Street to Cloudesley Road, Angel"
"LINESTRING (-0.130431 51.52168,-0.109025 51.534408", "From Malet Street, Bloomsbury to Cloudesley Road, Angel"
"LINESTRING (-0.085603 51.53095,-0.109025 51.534408", "From New North Road 1, Hoxton to Cloudesley Road, Angel"
"LINESTRING (-0.104778 51.504044,-0.109025 51.534408", "From Southwark Station 2, Southwark to Cloudesley Road, Angel"
"LINESTRING (-0.10454 51.505461,-0.085814 51.495061", "From Blackfriars Road, Southwark to Bricklayers Arms, Borough"
"LINESTRING (-0.121723 51.510701,-0.085814 51.495061", "From Southampton Street, Strand to Bricklayers Arms, Borough"
"LINESTRING (-0.119022 51.469202,-0.085814 51.495061", "From Sidney Road, Stockwell to Bricklayers Arms, Borough"
"LINESTRING (-0.100292 51.501732,-0.085814 51.495061", "From Great Suffolk Street, The Borough to Bricklayers Arms, Borough"
"LINESTRING (-0.092762 51.500296,-0.085814 51.495061", "From Swan Street, The Borough to Bricklayers Arms, Borough"
"LINESTRING (-0.091773 51.504627,-0.085814 51.495061", "From Hop Exchange, The Borough to Bricklayers Arms, Borough"
"LINESTRING (-0.152248 51.467185,-0.085814 51.495061", "From Ashley Crescent, Battersea to Bricklayers Arms, Borough"
"LINESTRING (-0.067937 51.51793,-0.085814 51.495061", "From Old Montague Street, Whitechapel to Bricklayers Arms, Borough"
"LINESTRING (-0.183716 51.517932,-0.085814 51.495061", "From Orsett Terrace, Bayswater to Bricklayers Arms, Borough"
"LINESTRING (-0.174347 51.476964,-0.085814 51.495061", "From Battersea Church Road, Battersea to Bricklayers Arms, Borough"
"LINESTRING (-0.089446 51.497382,-0.085814 51.495061", "From Great Dover Street, The Borough to Bricklayers Arms, Borough"
"LINESTRING (-0.112753 51.51501,-0.085814 51.495061", "From Carey Street, Holborn to Bricklayers Arms, Borough"
"LINESTRING (-0.04915 51.498439,-0.085814 51.495061", "From Canada Water Station, Rotherhithe to Bricklayers Arms, Borough"
"LINESTRING (-0.089446 51.497382,-0.085814 51.495061", "From Great Dover Street, The Borough to Bricklayers Arms, Borough"
"LINESTRING (-0.07962 51.503493,-0.085814 51.495061", "From Tooley Street, Bermondsey to Bricklayers Arms, Borough"
"LINESTRING (-0.102996 51.486929,-0.085814 51.495061", "From Doddington Grove, Kennington to Bricklayers Arms, Borough"
"LINESTRING (-0.065006 51.508622,-0.085814 51.495061", "From Pennington Street, Wapping to Bricklayers Arms, Borough"
"LINESTRING (-0.101384 51.49652,-0.085814 51.495061", "From Ontario Street, Elephant & Castle to Bricklayers Arms, Borough"
"LINESTRING (-0.09644 51.507385,-0.085814 51.495061", "From New Globe Walk, Bankside to Bricklayers Arms, Borough"
"LINESTRING (-0.055846 51.499169,-0.085814 51.495061", "From Rotherhithe Roundabout, Rotherhithe to Bricklayers Arms, Borough"
"LINESTRING (-0.083159 51.500889,-0.085814 51.495061", "From Tyers Gate, Bermondsey to Bricklayers Arms, Borough"
"LINESTRING (-0.103132 51.498744,-0.085814 51.495061", "From LSBU (Borough Road), Elephant & Castle to Bricklayers Arms, Borough"
"LINESTRING (-0.099828 51.493146,-0.085814 51.495061", "From Strata, Elephant & Castle to Bricklayers Arms, Borough"
"LINESTRING (-0.09294 51.51397,-0.085814 51.495061", "From Cheapside, Bank to Bricklayers Arms, Borough"
"LINESTRING (-0.091773 51.504627,-0.085814 51.495061", "From Hop Exchange, The Borough to Bricklayers Arms, Borough"
"LINESTRING (-0.118295 51.52728,-0.085814 51.495061", "From Ampton Street , Clerkenwell to Bricklayers Arms, Borough"
"LINESTRING (-0.04915 51.498439,-0.085814 51.495061", "From Canada Water Station, Rotherhithe to Bricklayers Arms, Borough"
"LINESTRING (-0.077121 51.511594,-0.085814 51.495061", "From Crosswall, Tower to Bricklayers Arms, Borough"
"LINESTRING (-0.087587 51.514441,-0.085814 51.495061", "From Bank of England Museum, Bank to Bricklayers Arms, Borough"
"LINESTRING (-0.047784 51.51328,-0.085814 51.495061", "From Albert Gardens, Stepney to Bricklayers Arms, Borough"
"LINESTRING (-0.099828 51.493146,-0.085814 51.495061", "From Strata, Elephant & Castle to Bricklayers Arms, Borough"
"LINESTRING (-0.083632 51.502153,-0.085814 51.495061", "From Snowsfields, London Bridge to Bricklayers Arms, Borough"
"LINESTRING (-0.134621 51.507424,-0.085814 51.495061", "From St. James's Square, St. James's to Bricklayers Arms, Borough"
"LINESTRING (-0.079249 51.518908,-0.085814 51.495061", "From Brushfield Street, Liverpool Street to Bricklayers Arms, Borough"
"LINESTRING (-0.081608 51.497855,-0.085814 51.495061", "From Bermondsey Street, Bermondsey to Bricklayers Arms, Borough"
"LINESTRING (-0.124749 51.509462,-0.085814 51.495061", "From William IV Street, Strand to Bricklayers Arms, Borough"
"LINESTRING (-0.113426 51.503919,-0.085814 51.495061", "From Waterloo Station 2, Waterloo to Bricklayers Arms, Borough"
"LINESTRING (-0.09885 51.515418,-0.085814 51.495061", "From Newgate Street , St. Paul's to Bricklayers Arms, Borough"
"LINESTRING (-0.074189 51.502279,-0.085814 51.495061", "From Curlew Street, Shad Thames to Bricklayers Arms, Borough"
"LINESTRING (-0.096496 51.517821,-0.085814 51.495061", "From Museum of London, Barbican to Bricklayers Arms, Borough"
"LINESTRING (-0.083493 51.520955,-0.085814 51.495061", "From Pindar Street, Liverpool Street to Bricklayers Arms, Borough"
"LINESTRING (-0.098807 51.506725,-0.085814 51.495061", "From Tate Modern, Bankside to Bricklayers Arms, Borough"
"LINESTRING (-0.141423 51.514499,-0.085814 51.495061", "From Little Argyll Street, West End to Bricklayers Arms, Borough"
"LINESTRING (-0.135478 51.495827,-0.085814 51.495061", "From Rochester Row, Westminster to Bricklayers Arms, Borough"
"LINESTRING (-0.062697 51.518154,-0.085814 51.495061", "From New Road 1 , Whitechapel to Bricklayers Arms, Borough"
"LINESTRING (-0.085814 51.495061,-0.085814 51.495061", "From Bricklayers Arms, Borough to Bricklayers Arms, Borough"
"LINESTRING (-0.170703 51.470847,-0.085814 51.495061", "From Simpson Street, Clapham Junction to Bricklayers Arms, Borough"
"LINESTRING (-0.084439 51.524696,-0.085814 51.495061", "From Leonard Circus , Shoreditch to Bricklayers Arms, Borough"
"LINESTRING (-0.04915 51.498439,-0.085814 51.495061", "From Canada Water Station, Rotherhithe to Bricklayers Arms, Borough"
"LINESTRING (-0.073537 51.514233,-0.085814 51.495061", "From Braham Street, Aldgate to Bricklayers Arms, Borough"
"LINESTRING (-0.101384 51.49652,-0.085814 51.495061", "From Ontario Street, Elephant & Castle to Bricklayers Arms, Borough"
"LINESTRING (-0.096518 51.491327,-0.085814 51.495061", "From Walworth Square, Walworth to Bricklayers Arms, Borough"
"LINESTRING (-0.07813 51.526377,-0.085814 51.495061", "From Shoreditch High Street, Shoreditch to Bricklayers Arms, Borough"
"LINESTRING (-0.08974 51.500823,-0.085814 51.495061", "From Empire Square, The Borough to Bricklayers Arms, Borough"
"LINESTRING (-0.123616 51.529943,-0.09734 51.520841", "From Belgrove Street , King's Cross to Aldersgate Street, Barbican"
"LINESTRING (-0.021345 51.519265,-0.09734 51.520841", "From Furze Green, Bow to Aldersgate Street, Barbican"
"LINESTRING (-0.089446 51.497382,-0.09734 51.520841", "From Great Dover Street, The Borough to Aldersgate Street, Barbican"
"LINESTRING (-0.127554 51.493978,-0.09734 51.520841", "From Page Street, Westminster to Aldersgate Street, Barbican"
"LINESTRING (-0.037366 51.534137,-0.09734 51.520841", "From Driffield Road, Old Ford to Aldersgate Street, Barbican"
"LINESTRING (-0.084439 51.524696,-0.09734 51.520841", "From Leonard Circus , Shoreditch to Aldersgate Street, Barbican"
"LINESTRING (-0.087262 51.506304,-0.09734 51.520841", "From Duke Street Hill, London Bridge to Aldersgate Street, Barbican"
"LINESTRING (-0.138212 51.481335,-0.09734 51.520841", "From Riverlight South, Nine Elms to Aldersgate Street, Barbican"
"LINESTRING (-0.096317 51.526008,-0.09734 51.520841", "From Finsbury Leisure Centre, St. Luke's to Aldersgate Street, Barbican"
"LINESTRING (-0.037366 51.534137,-0.09734 51.520841", "From Driffield Road, Old Ford to Aldersgate Street, Barbican"
"LINESTRING (-0.025296 51.527058,-0.09734 51.520841", "From Bow Road Station, Bow to Aldersgate Street, Barbican"
"LINESTRING (-0.089887 51.520858,-0.09734 51.520841", "From Bunhill Row, Moorgate to Aldersgate Street, Barbican"
"LINESTRING (-0.125078 51.534667,-0.09734 51.520841", "From Good's Way, King's Cross to Aldersgate Street, Barbican"
"LINESTRING (-0.06992 51.53385,-0.09734 51.520841", "From Queensbridge Road, Haggerston to Aldersgate Street, Barbican"
"LINESTRING (-0.140741 51.488057,-0.09734 51.520841", "From Alderney Street, Pimlico to Aldersgate Street, Barbican"
"LINESTRING (-0.079249 51.518908,-0.09734 51.520841", "From Brushfield Street, Liverpool Street to Aldersgate Street, Barbican"
"LINESTRING (-0.073955 51.526293,-0.09734 51.520841", "From Palissy Street, Shoreditch to Aldersgate Street, Barbican"
"LINESTRING (-0.059091 51.528692,-0.09734 51.520841", "From Clarkson Street, Bethnal Green to Aldersgate Street, Barbican"
"LINESTRING (-0.106992 51.534504,-0.09734 51.520841", "From Liverpool Road (N1 Centre), Angel to Aldersgate Street, Barbican"
"LINESTRING (-0.109256 51.526443,-0.09734 51.520841", "From Tysoe Street, Clerkenwell to Aldersgate Street, Barbican"
"LINESTRING (-0.058826 51.54119,-0.09734 51.520841", "From London Fields, Hackney Central to Aldersgate Street, Barbican"
"LINESTRING (-0.029138 51.516196,-0.09734 51.520841", "From Burdett Road, Mile End to Aldersgate Street, Barbican"
"LINESTRING (-0.108028 51.518825,-0.09734 51.520841", "From Hatton Garden, Holborn to Aldersgate Street, Barbican"
"LINESTRING (-0.037366 51.534137,-0.09734 51.520841", "From Driffield Road, Old Ford to Aldersgate Street, Barbican"
"LINESTRING (-0.09308 51.515735,-0.09734 51.520841", "From The Guildhall, Guildhall to Aldersgate Street, Barbican"
"LINESTRING (-0.073955 51.526293,-0.09734 51.520841", "From Palissy Street, Shoreditch to Aldersgate Street, Barbican"
"LINESTRING (-0.059091 51.528692,-0.09734 51.520841", "From Clarkson Street, Bethnal Green to Aldersgate Street, Barbican"
"LINESTRING (-0.124121 51.523418,-0.09734 51.520841", "From Russell Square Station, Bloomsbury to Aldersgate Street, Barbican"
"LINESTRING (-0.132053 51.518587,-0.09734 51.520841", "From Bayley Street , Bloomsbury to Aldersgate Street, Barbican"
"LINESTRING (-0.086379 51.534042,-0.09734 51.520841", "From Shoreditch Park, Hoxton to Aldersgate Street, Barbican"
"LINESTRING (-0.084605 51.521283,-0.09734 51.520841", "From Christopher Street, Liverpool Street to Aldersgate Street, Barbican"
"LINESTRING (-0.097122 51.529423,-0.09734 51.520841", "From Macclesfield Rd, St Lukes to Aldersgate Street, Barbican"
"LINESTRING (-0.062697 51.518154,-0.078505 51.53095", "From New Road 1 , Whitechapel to Falkirk Street, Hoxton"
"LINESTRING (-0.089782 51.53089,-0.078505 51.53095", "From Murray Grove , Hoxton to Falkirk Street, Hoxton"
"LINESTRING (-0.062697 51.518154,-0.078505 51.53095", "From New Road 1 , Whitechapel to Falkirk Street, Hoxton"
"LINESTRING (-0.093903 51.530991,-0.078505 51.53095", "From Wenlock Road , Hoxton to Falkirk Street, Hoxton"
"LINESTRING (-0.062697 51.518154,-0.078505 51.53095", "From New Road 1 , Whitechapel to Falkirk Street, Hoxton"
"LINESTRING (-0.141423 51.514499,-0.078505 51.53095", "From Little Argyll Street, West End to Falkirk Street, Hoxton"
"LINESTRING (-0.109914 51.531666,-0.078505 51.53095", "From Claremont Square, Angel to Falkirk Street, Hoxton"
"LINESTRING (-0.084439 51.524696,-0.078505 51.53095", "From Leonard Circus , Shoreditch to Falkirk Street, Hoxton"
"LINESTRING (-0.079249 51.518908,-0.078505 51.53095", "From Brushfield Street, Liverpool Street to Falkirk Street, Hoxton"
"LINESTRING (-0.08299 51.53213,-0.078505 51.53095", "From Pitfield Street Central, Hoxton to Falkirk Street, Hoxton"
"LINESTRING (-0.07813 51.526377,-0.078505 51.53095", "From Shoreditch High Street, Shoreditch to Falkirk Street, Hoxton"
"LINESTRING (-0.086685 51.517075,-0.078505 51.53095", "From Finsbury Circus, Liverpool Street to Falkirk Street, Hoxton"
"LINESTRING (-0.113864 51.504027,-0.078505 51.53095", "From Waterloo Station 1, Waterloo to Falkirk Street, Hoxton"
"LINESTRING (-0.065076 51.52388,-0.078505 51.53095", "From Cheshire Street, Bethnal Green to Falkirk Street, Hoxton"
"LINESTRING (-0.087459 51.528673,-0.078505 51.53095", "From East Road, Hoxton to Falkirk Street, Hoxton"
"LINESTRING (-0.06555 51.528681,-0.078505 51.53095", "From Durant Street, Bethnal Green to Falkirk Street, Hoxton"
"LINESTRING (-0.089782 51.53089,-0.078505 51.53095", "From Murray Grove , Hoxton to Falkirk Street, Hoxton"
"LINESTRING (-0.074431 51.519362,-0.078505 51.53095", "From Fournier Street, Whitechapel to Falkirk Street, Hoxton"
"LINESTRING (-0.074754 51.523648,-0.078505 51.53095", "From Bethnal Green Road, Shoreditch to Falkirk Street, Hoxton"
"LINESTRING (-0.062697 51.518154,-0.078505 51.53095", "From New Road 1 , Whitechapel to Falkirk Street, Hoxton"
"LINESTRING (-0.100168 51.530344,-0.078505 51.53095", "From City Road, Angel to Falkirk Street, Hoxton"
"LINESTRING (-0.091773 51.504627,-0.078505 51.53095", "From Hop Exchange, The Borough to Falkirk Street, Hoxton"
"LINESTRING (-0.174411 51.511933,-0.183834 51.497924", "From Bayswater Road, Hyde Park to Gloucester Road (North), Kensington"
"LINESTRING (-0.186753 51.491615,-0.183834 51.497924", "From Collingham Gardens, Earl's Court to Gloucester Road (North), Kensington"
"LINESTRING (-0.156166 51.518913,-0.183834 51.497924", "From Baker Street, Marylebone to Gloucester Road (North), Kensington"
"LINESTRING (-0.197574 51.499606,-0.183834 51.497924", "From Phillimore Gardens, Kensington to Gloucester Road (North), Kensington"
"LINESTRING (-0.139221 51.461388,-0.183834 51.497924", "From Clapham Common Station, Clapham Common to Gloucester Road (North), Kensington"
"LINESTRING (-0.142345 51.510662,-0.183834 51.497924", "From Clifford Street, Mayfair to Gloucester Road (North), Kensington"
"LINESTRING (-0.197609 51.483911,-0.183834 51.497924", "From Halford Road, West Kensington to Gloucester Road (North), Kensington"
"LINESTRING (-0.183486 51.529857,-0.183834 51.497924", "From Maida Vale, Maida Vale to Gloucester Road (North), Kensington"
"LINESTRING (-0.187427 51.460864,-0.183834 51.497924", "From Wandsworth Town Station, Wandsworth to Gloucester Road (North), Kensington"
"LINESTRING (-0.162418 51.490083,-0.183834 51.497924", "From Royal Avenue 2, Chelsea to Gloucester Road (North), Kensington"
"LINESTRING (-0.202802 51.45682,-0.183834 51.497924", "From Mexfield Road, East Putney to Gloucester Road (North), Kensington"
"LINESTRING (-0.191496 51.503157,-0.183834 51.497924", "From Kensington Church Street, Kensington to Gloucester Road (North), Kensington"
"LINESTRING (-0.211358 51.510101,-0.183834 51.497924", "From Walmer Road, Avondale to Gloucester Road (North), Kensington"
"LINESTRING (-0.19617 51.490853,-0.183834 51.497924", "From Trebovir Road, Earl's Court to Gloucester Road (North), Kensington"
"LINESTRING (-0.21186 51.483217,-0.183834 51.497924", "From Humbolt Road, Fulham to Gloucester Road (North), Kensington"
"LINESTRING (-0.156166 51.518913,-0.183834 51.497924", "From Baker Street, Marylebone to Gloucester Road (North), Kensington"
"LINESTRING (-0.196422 51.509353,-0.183834 51.497924", "From Notting Hill Gate Station, Notting Hill to Gloucester Road (North), Kensington"
"LINESTRING (-0.209121 51.491026,-0.183834 51.497924", "From Gwendwr Road, West Kensington to Gloucester Road (North), Kensington"
"LINESTRING (-0.190184 51.459953,-0.183834 51.497924", "From Morie Street, Wandsworth to Gloucester Road (North), Kensington"
"LINESTRING (-0.142844 51.506613,-0.183834 51.497924", "From Green Park Station, Mayfair to Gloucester Road (North), Kensington"
"LINESTRING (-0.161203 51.496886,-0.183834 51.497924", "From Pont Street, Knightsbridge to Gloucester Road (North), Kensington"
"LINESTRING (-0.14296 51.497998,-0.183834 51.497924", "From Warwick Row, Westminster to Gloucester Road (North), Kensington"
"LINESTRING (-0.183834 51.497924,-0.183834 51.497924", "From Gloucester Road (North), Kensington to Gloucester Road (North), Kensington"
"LINESTRING (-0.19701 51.473763,-0.183834 51.497924", "From Irene Road, Parsons Green to Gloucester Road (North), Kensington"
"LINESTRING (-0.139016 51.520994,-0.183834 51.497924", "From Howland Street, Fitzrovia to Gloucester Road (North), Kensington"
"LINESTRING (-0.1844 51.502042,-0.183834 51.497924", "From Palace Gate, Kensington Gardens to Gloucester Road (North), Kensington"
"LINESTRING (-0.183289 51.496462,-0.183834 51.497924", "From Gloucester Road (Central), South Kensington to Gloucester Road (North), Kensington"
"LINESTRING (-0.191462 51.501364,-0.183834 51.497924", "From Derry Street, Kensington to Gloucester Road (North), Kensington"
"LINESTRING (-0.174554 51.499917,-0.183834 51.497924", "From Exhibition Road, Knightsbridge to Gloucester Road (North), Kensington"
"LINESTRING (-0.174971 51.485121,-0.183834 51.497924", "From The Vale, Chelsea to Gloucester Road (North), Kensington"
"LINESTRING (-0.096496 51.517821,-0.138231 51.525542", "From Museum of London, Barbican to Hampstead Road, Euston"
"LINESTRING (-0.144466 51.528302,-0.138231 51.525542", "From Albany Street, The Regent's Park to Hampstead Road, Euston"
"LINESTRING (-0.125078 51.534667,-0.138231 51.525542", "From Good's Way, King's Cross to Hampstead Road, Euston"
"LINESTRING (-0.141728 51.539099,-0.138231 51.525542", "From Greenland Road, Camden Town to Hampstead Road, Euston"
"LINESTRING (-0.047548 51.528869,-0.138231 51.525542", "From Globe Town Market, Bethnal Green to Hampstead Road, Euston"
"LINESTRING (-0.151926 51.516814,-0.138231 51.525542", "From Hinde Street, Marylebone to Hampstead Road, Euston"
"LINESTRING (-0.144466 51.528302,-0.138231 51.525542", "From Albany Street, The Regent's Park to Hampstead Road, Euston"
"LINESTRING (-0.144466 51.528302,-0.138231 51.525542", "From Albany Street, The Regent's Park to Hampstead Road, Euston"
"LINESTRING (-0.106408 51.530515,-0.138231 51.525542", "From Chadwell Street, Angel to Hampstead Road, Euston"
"LINESTRING (-0.138231 51.525542,-0.138231 51.525542", "From Hampstead Road, Euston to Hampstead Road, Euston"
"LINESTRING (-0.09885 51.515418,-0.138231 51.525542", "From Newgate Street , St. Paul's to Hampstead Road, Euston"
"LINESTRING (-0.139174 51.533019,-0.138231 51.525542", "From Harrington Square 1, Camden Town to Hampstead Road, Euston"
"LINESTRING (-0.134407 51.526236,-0.138231 51.525542", "From Euston Road, Euston to Hampstead Road, Euston"
"LINESTRING (-0.150905 51.496544,-0.138231 51.525542", "From Eaton Square, Belgravia to Hampstead Road, Euston"
"LINESTRING (-0.139174 51.533019,-0.138231 51.525542", "From Harrington Square 1, Camden Town to Hampstead Road, Euston"
"LINESTRING (-0.125078 51.534667,-0.138231 51.525542", "From Good's Way, King's Cross to Hampstead Road, Euston"
"LINESTRING (-0.167515 51.530529,-0.138231 51.525542", "From St. John's Wood Church, The Regent's Park to Hampstead Road, Euston"
"LINESTRING (-0.124807 51.53724,-0.138231 51.525542", "From Handyside Street, King's Cross to Hampstead Road, Euston"
"LINESTRING (-0.126409 51.524,-0.138231 51.525542", "From Coram Street, Bloomsbury to Hampstead Road, Euston"
"LINESTRING (-0.103604 51.517334,-0.138231 51.525542", "From Snow Hill, Farringdon to Hampstead Road, Euston"
"LINESTRING (-0.147624 51.49395,-0.138231 51.525542", "From Eccleston Place, Victoria to Hampstead Road, Euston"
"LINESTRING (-0.169249 51.515953,-0.138231 51.525542", "From Southwick Street, Paddington to Hampstead Road, Euston"
"LINESTRING (-0.136928 51.493985,-0.158264 51.514577", "From Vincent Square, Westminster to Old Quebec Street, Marylebone"
"LINESTRING (-0.179668 51.511654,-0.158264 51.514577", "From Lancaster Gate , Bayswater to Old Quebec Street, Marylebone"
"LINESTRING (-0.211316 51.500088,-0.158264 51.514577", "From Russell Gardens, Olympia to Old Quebec Street, Marylebone"
"LINESTRING (-0.13558 51.513684,-0.158264 51.514577", "From Broadwick Street, Soho to Old Quebec Street, Marylebone"
"LINESTRING (-0.168074 51.5343,-0.158264 51.514577", "From Charlbert Street, St. John's Wood to Old Quebec Street, Marylebone"
"LINESTRING (-0.179668 51.511654,-0.158264 51.514577", "From Lancaster Gate , Bayswater to Old Quebec Street, Marylebone"
"LINESTRING (-0.131961 51.508446,-0.158264 51.514577", "From Charles II Street, West End to Old Quebec Street, Marylebone"
"LINESTRING (-0.211316 51.500088,-0.158264 51.514577", "From Russell Gardens, Olympia to Old Quebec Street, Marylebone"
"LINESTRING (-0.135777 51.51953,-0.158264 51.514577", "From Charlotte Street, Fitzrovia to Old Quebec Street, Marylebone"
"LINESTRING (-0.179592 51.525575,-0.158264 51.514577", "From Clifton Road, Maida Vale to Old Quebec Street, Marylebone"
"LINESTRING (-0.156166 51.518913,-0.158264 51.514577", "From Baker Street, Marylebone to Old Quebec Street, Marylebone"
"LINESTRING (-0.205876 51.475698,-0.158264 51.514577", "From Chesilton Road, Fulham to Old Quebec Street, Marylebone"
"LINESTRING (-0.192538 51.504723,-0.158264 51.514577", "From Vicarage Gate, Kensington to Old Quebec Street, Marylebone"
"LINESTRING (-0.183846 51.523344,-0.158264 51.514577", "From Warwick Avenue Station, Maida Vale to Old Quebec Street, Marylebone"
"LINESTRING (-0.191351 51.513489,-0.158264 51.514577", "From Princes Square, Bayswater to Old Quebec Street, Marylebone"
"LINESTRING (-0.179668 51.511654,-0.158264 51.514577", "From Lancaster Gate , Bayswater to Old Quebec Street, Marylebone"
"LINESTRING (-0.151926 51.516814,-0.158264 51.514577", "From Hinde Street, Marylebone to Old Quebec Street, Marylebone"
"LINESTRING (-0.176645 51.518622,-0.158264 51.514577", "From North Wharf Road, Paddington to Old Quebec Street, Marylebone"
"LINESTRING (-0.183846 51.523344,-0.158264 51.514577", "From Warwick Avenue Station, Maida Vale to Old Quebec Street, Marylebone"
"LINESTRING (-0.111257 51.514274,-0.158264 51.514577", "From Chancery Lane, Holborn to Old Quebec Street, Marylebone"
"LINESTRING (-0.138019 51.524438,-0.158264 51.514577", "From Warren Street Station, Euston to Old Quebec Street, Marylebone"
"LINESTRING (-0.135025 51.518162,-0.158264 51.514577", "From Rathbone Street, Fitzrovia to Old Quebec Street, Marylebone"
"LINESTRING (-0.158105 51.494645,-0.158264 51.514577", "From Cadogan Place, Knightsbridge to Old Quebec Street, Marylebone"
"LINESTRING (-0.166878 51.488023,-0.158264 51.514577", "From Flood Street, Chelsea to Old Quebec Street, Marylebone"
"LINESTRING (-0.169249 51.515953,-0.158264 51.514577", "From Southwick Street, Paddington to Old Quebec Street, Marylebone"
"LINESTRING (-0.169774 51.519968,-0.158264 51.514577", "From Edgware Road Station, Marylebone to Old Quebec Street, Marylebone"
"LINESTRING (-0.087262 51.506304,-0.158264 51.514577", "From Duke Street Hill, London Bridge to Old Quebec Street, Marylebone"
"LINESTRING (-0.17977 51.51348,-0.158264 51.514577", "From Devonshire Terrace, Bayswater to Old Quebec Street, Marylebone"
"LINESTRING (-0.152248 51.467185,-0.158264 51.514577", "From Ashley Crescent, Battersea to Old Quebec Street, Marylebone"
"LINESTRING (-0.186753 51.491615,-0.158264 51.514577", "From Collingham Gardens, Earl's Court to Old Quebec Street, Marylebone"
"LINESTRING (-0.158456 51.502953,-0.158264 51.514577", "From Albert Gate, Hyde Park to Old Quebec Street, Marylebone"
"LINESTRING (-0.16375 51.465064,-0.158264 51.514577", "From Dorothy Road, Clapham Junction to Old Quebec Street, Marylebone"
"LINESTRING (-0.178433 51.492479,-0.158264 51.514577", "From Queen's Gate (South), South Kensington to Old Quebec Street, Marylebone"
"LINESTRING (-0.126021 51.508103,-0.158264 51.514577", "From Craven Street, Strand to Old Quebec Street, Marylebone"
"LINESTRING (-0.158264 51.514577,-0.158264 51.514577", "From Old Quebec Street, Marylebone to Old Quebec Street, Marylebone"
"LINESTRING (-0.157436 51.512276,-0.158264 51.514577", "From Green Street, Mayfair to Old Quebec Street, Marylebone"
"LINESTRING (-0.145211 51.520715,-0.158264 51.514577", "From Portland Place, Marylebone to Old Quebec Street, Marylebone"
"LINESTRING (-0.141728 51.539099,-0.158264 51.514577", "From Greenland Road, Camden Town to Old Quebec Street, Marylebone"
"LINESTRING (-0.157183 51.52026,-0.158264 51.514577", "From Crawford Street, Marylebone to Old Quebec Street, Marylebone"
"LINESTRING (-0.116493 51.477839,-0.158264 51.514577", "From Caldwell Street, Stockwell to Old Quebec Street, Marylebone"
"LINESTRING (-0.183846 51.523344,-0.158264 51.514577", "From Warwick Avenue Station, Maida Vale to Old Quebec Street, Marylebone"
"LINESTRING (-0.179668 51.511654,-0.158264 51.514577", "From Lancaster Gate , Bayswater to Old Quebec Street, Marylebone"
"LINESTRING (-0.149569 51.50274,-0.158264 51.514577", "From Wellington Arch, Hyde Park to Old Quebec Street, Marylebone"
"LINESTRING (-0.149551 51.477619,-0.158264 51.514577", "From Queen's Circus, Battersea Park to Old Quebec Street, Marylebone"
"LINESTRING (-0.193764 51.508605,-0.158264 51.514577", "From Palace Gardens Terrace, Notting Hill to Old Quebec Street, Marylebone"
"LINESTRING (-0.137043 51.511897,-0.122806 51.490435", "From Golden Square, Soho to Albert Embankment, Vauxhall"
"LINESTRING (-0.122806 51.490435,-0.122806 51.490435", "From Albert Embankment, Vauxhall to Albert Embankment, Vauxhall"
"LINESTRING (-0.130458 51.494816,-0.122806 51.490435", "From Horseferry Road, Westminster to Albert Embankment, Vauxhall"
"LINESTRING (-0.113936 51.500139,-0.122806 51.490435", "From Lower Marsh, Waterloo to Albert Embankment, Vauxhall"
"LINESTRING (-0.144132 51.493204,-0.122806 51.490435", "From Belgrave Road, Victoria to Albert Embankment, Vauxhall"
"LINESTRING (-0.145393 51.542138,-0.122806 51.490435", "From Castlehaven Road, Camden Town to Albert Embankment, Vauxhall"
"LINESTRING (-0.127575 51.495805,-0.122806 51.490435", "From Smith Square, Westminster to Albert Embankment, Vauxhall"
"LINESTRING (-0.124642 51.481747,-0.122806 51.490435", "From South Lambeth Road, Vauxhall to Albert Embankment, Vauxhall"
"LINESTRING (-0.102996 51.486929,-0.122806 51.490435", "From Doddington Grove, Kennington to Albert Embankment, Vauxhall"
"LINESTRING (-0.110699 51.501444,-0.122806 51.490435", "From Baylis Road, Waterloo to Albert Embankment, Vauxhall"
"LINESTRING (-0.175116 51.523353,-0.122806 51.490435", "From Frampton Street, Paddington to Albert Embankment, Vauxhall"
"LINESTRING (-0.06691 51.507131,-0.09294 51.511553", "From Nesham Street, Wapping to Queen Street 1, Bank"
"LINESTRING (-0.09885 51.515418,-0.09294 51.511553", "From Newgate Street , St. Paul's to Queen Street 1, Bank"
"LINESTRING (-0.087262 51.506304,-0.09294 51.511553", "From Duke Street Hill, London Bridge to Queen Street 1, Bank"
"LINESTRING (-0.094934 51.522954,-0.09294 51.511553", "From Roscoe Street, St. Luke's to Queen Street 1, Bank"
"LINESTRING (-0.068161 51.509786,-0.09294 51.511553", "From Dock Street, Wapping to Queen Street 1, Bank"
"LINESTRING (-0.05438 51.520019,-0.09294 51.511553", "From Ansell House, Stepney to Queen Street 1, Bank"
"LINESTRING (-0.113864 51.504027,-0.09294 51.511553", "From Waterloo Station 1, Waterloo to Queen Street 1, Bank"
"LINESTRING (-0.081608 51.497855,-0.09294 51.511553", "From Bermondsey Street, Bermondsey to Queen Street 1, Bank"
"LINESTRING (-0.0786 51.500647,-0.09294 51.511553", "From Tanner Street, Bermondsey to Queen Street 1, Bank"
"LINESTRING (-0.110699 51.501444,-0.09294 51.511553", "From Baylis Road, Waterloo to Queen Street 1, Bank"
"LINESTRING (-0.074189 51.502279,-0.09294 51.511553", "From Curlew Street, Shad Thames to Queen Street 1, Bank"
"LINESTRING (-0.026768 51.520398,-0.09294 51.511553", "From Ackroyd Drive, Bow to Queen Street 1, Bank"
"LINESTRING (-0.129925 51.493072,-0.09294 51.511553", "From Vincent Street, Pimlico to Queen Street 1, Bank"
"LINESTRING (-0.111606 51.505569,-0.09294 51.511553", "From Stamford Street, South Bank to Queen Street 1, Bank"
"LINESTRING (-0.132224 51.49206,-0.09294 51.511553", "From Regency Street, Westminster to Queen Street 1, Bank"
"LINESTRING (-0.078869 51.521113,-0.09294 51.511553", "From Norton Folgate, Liverpool Street to Queen Street 1, Bank"
"LINESTRING (-0.112824 51.503791,-0.09294 51.511553", "From Waterloo Station 3, Waterloo to Queen Street 1, Bank"
"LINESTRING (-0.089887 51.520858,-0.09294 51.511553", "From Bunhill Row, Moorgate to Queen Street 1, Bank"
"LINESTRING (-0.113426 51.503919,-0.09294 51.511553", "From Waterloo Station 2, Waterloo to Queen Street 1, Bank"
"LINESTRING (-0.087262 51.506304,-0.09294 51.511553", "From Duke Street Hill, London Bridge to Queen Street 1, Bank"
"LINESTRING (-0.079249 51.518908,-0.09294 51.511553", "From Brushfield Street, Liverpool Street to Queen Street 1, Bank"
"LINESTRING (-0.04915 51.498439,-0.09294 51.511553", "From Canada Water Station, Rotherhithe to Queen Street 1, Bank"
"LINESTRING (-0.020157 51.499041,-0.09294 51.511553", "From Lightermans Road, Millwall to Queen Street 1, Bank"
"LINESTRING (-0.089887 51.520858,-0.09294 51.511553", "From Bunhill Row, Moorgate to Queen Street 1, Bank"
"LINESTRING (-0.083353 51.529537,-0.09294 51.511553", "From Fanshaw Street, Hoxton to Queen Street 1, Bank"
"LINESTRING (-0.075578 51.52127,-0.09294 51.511553", "From Commercial Street, Shoreditch to Queen Street 1, Bank"
"LINESTRING (-0.130504 51.526838,-0.09294 51.511553", "From Endsleigh Gardens, Euston to Queen Street 1, Bank"
"LINESTRING (-0.147857 51.477966,-0.09294 51.511553", "From Gas Holders, Battersea Park to Queen Street 1, Bank"
"LINESTRING (-0.021345 51.519265,-0.09294 51.511553", "From Furze Green, Bow to Queen Street 1, Bank"
"LINESTRING (-0.089887 51.520858,-0.09294 51.511553", "From Bunhill Row, Moorgate to Queen Street 1, Bank"
"LINESTRING (-0.141728 51.539099,-0.09294 51.511553", "From Greenland Road, Camden Town to Queen Street 1, Bank"
"LINESTRING (-0.110889 51.495718,-0.09294 51.511553", "From Kennington Road  , Vauxhall to Queen Street 1, Bank"
"LINESTRING (-0.106408 51.530515,-0.09294 51.511553", "From Chadwell Street, Angel to Queen Street 1, Bank"
"LINESTRING (-0.096518 51.491327,-0.09294 51.511553", "From Walworth Square, Walworth to Queen Street 1, Bank"
"LINESTRING (-0.092762 51.500296,-0.09294 51.511553", "From Swan Street, The Borough to Queen Street 1, Bank"
"LINESTRING (-0.099489 51.524868,-0.09294 51.511553", "From Sadlers Sports Centre, Finsbury to Queen Street 1, Bank"
"LINESTRING (-0.075885 51.536585,-0.09294 51.511553", "From Dunston Road , Haggerston to Queen Street 1, Bank"
"LINESTRING (-0.116688 51.520596,-0.09294 51.511553", "From Theobald's Road , Holborn to Queen Street 1, Bank"
"LINESTRING (-0.028155 51.533283,-0.09294 51.511553", "From Hewison Street, Old Ford to Queen Street 1, Bank"
"LINESTRING (-0.138733 51.496753,-0.09294 51.511553", "From Howick Place, Westminster to Queen Street 1, Bank"
"LINESTRING (-0.117122 51.490994,-0.09294 51.511553", "From Black Prince Road, Vauxhall to Queen Street 1, Bank"
"LINESTRING (-0.110889 51.495718,-0.09294 51.511553", "From Kennington Road  , Vauxhall to Queen Street 1, Bank"
"LINESTRING (-0.091773 51.504627,-0.09294 51.511553", "From Hop Exchange, The Borough to Queen Street 1, Bank"
"LINESTRING (-0.032267 51.525501,-0.09294 51.511553", "From Maplin Street, Mile End to Queen Street 1, Bank"
"LINESTRING (-0.0985 51.51601,-0.09294 51.511553", "From King Edward Street, St Pauls to Queen Street 1, Bank"
"LINESTRING (-0.091773 51.504627,-0.09294 51.511553", "From Hop Exchange, The Borough to Queen Street 1, Bank"
"LINESTRING (-0.135635 51.488226,-0.09294 51.511553", "From St. George's Square, Pimlico to Queen Street 1, Bank"
"LINESTRING (-0.032566 51.520597,-0.09294 51.511553", "From Mile End Park Leisure Centre, Mile End to Queen Street 1, Bank"
"LINESTRING (-0.096191 51.498597,-0.09294 51.511553", "From Harper Road, The Borough to Queen Street 1, Bank"
"LINESTRING (-0.06797 51.504904,-0.09294 51.511553", "From Wapping High Street, Wapping to Queen Street 1, Bank"
"LINESTRING (-0.027772 51.505703,-0.09294 51.511553", "From Westferry Circus, Canary Wharf to Queen Street 1, Bank"
"LINESTRING (-0.147983 51.519167,-0.09294 51.511553", "From New Cavendish Street, Marylebone to Queen Street 1, Bank"
"LINESTRING (-0.110699 51.501444,-0.09294 51.511553", "From Baylis Road, Waterloo to Queen Street 1, Bank"
"LINESTRING (-0.108028 51.518825,-0.09294 51.511553", "From Hatton Garden, Holborn to Queen Street 1, Bank"
"LINESTRING (-0.085634 51.520962,-0.09294 51.511553", "From Finsbury Square , Moorgate to Queen Street 1, Bank"
"LINESTRING (-0.047784 51.51328,-0.09294 51.511553", "From Albert Gardens, Stepney to Queen Street 1, Bank"
"LINESTRING (-0.06415 51.51295,-0.09294 51.511553", "From Christian Street, Whitechapel to Queen Street 1, Bank"
"LINESTRING (-0.047784 51.51328,-0.09294 51.511553", "From Albert Gardens, Stepney to Queen Street 1, Bank"
"LINESTRING (-0.055312 51.52568,-0.09294 51.511553", "From Bethnal Green Garden, Bethnal Green to Queen Street 1, Bank"
"LINESTRING (-0.076793 51.513406,-0.076793 51.513406", "From Jewry Street, Aldgate to Jewry Street, Aldgate"
"LINESTRING (-0.084985 51.509301,-0.076793 51.513406", "From Lower Thames Street, Monument to Jewry Street, Aldgate"
"LINESTRING (-0.069542 51.512363,-0.076793 51.513406", "From Leman Street, Aldgate to Jewry Street, Aldgate"
"LINESTRING (-0.026768 51.520398,-0.076793 51.513406", "From Ackroyd Drive, Bow to Jewry Street, Aldgate"
"LINESTRING (-0.132224 51.49206,-0.076793 51.513406", "From Regency Street, Westminster to Jewry Street, Aldgate"
"LINESTRING (-0.13544 51.497829,-0.076793 51.513406", "From Butler Place, Westminster to Jewry Street, Aldgate"
"LINESTRING (-0.11548 51.528915,-0.076793 51.513406", "From Great Percy Street, Clerkenwell to Jewry Street, Aldgate"
"LINESTRING (-0.076793 51.513406,-0.076793 51.513406", "From Jewry Street, Aldgate to Jewry Street, Aldgate"
"LINESTRING (-0.121723 51.510701,-0.076793 51.513406", "From Southampton Street, Strand to Jewry Street, Aldgate"
"LINESTRING (-0.055894 51.528936,-0.076793 51.513406", "From York Hall, Bethnal Green to Jewry Street, Aldgate"
"LINESTRING (-0.116688 51.520596,-0.076793 51.513406", "From Theobald's Road , Holborn to Jewry Street, Aldgate"
"LINESTRING (-0.043371 51.518369,-0.076793 51.513406", "From Rectory Square, Stepney to Jewry Street, Aldgate"
"LINESTRING (-0.09294 51.51397,-0.076793 51.513406", "From Cheapside, Bank to Jewry Street, Aldgate"
"LINESTRING (-0.04667 51.521889,-0.076793 51.513406", "From Stepney Green Station, Stepney to Jewry Street, Aldgate"
"LINESTRING (-0.04667 51.521889,-0.076793 51.513406", "From Stepney Green Station, Stepney to Jewry Street, Aldgate"
"LINESTRING (-0.002275 51.509474,-0.076793 51.513406", "From East India DLR, Blackwall to Jewry Street, Aldgate"
"LINESTRING (-0.083632 51.502153,-0.076793 51.513406", "From Snowsfields, London Bridge to Jewry Street, Aldgate"
"LINESTRING (-0.011889 51.538718,-0.076793 51.513406", "From Podium, Queen Elizabeth Olympic Park to Jewry Street, Aldgate"
"LINESTRING (-0.107349 51.511891,-0.076793 51.513406", "From Tallis Street, Temple to Jewry Street, Aldgate"
"LINESTRING (-0.103604 51.517334,-0.076793 51.513406", "From Snow Hill, Farringdon to Jewry Street, Aldgate"
"LINESTRING (-0.063386 51.521905,-0.076793 51.513406", "From Selby Street, Whitechapel to Jewry Street, Aldgate"
"LINESTRING (-0.132224 51.49206,-0.076793 51.513406", "From Regency Street, Westminster to Jewry Street, Aldgate"
"LINESTRING (-0.171103 51.518268,-0.076793 51.513406", "From St Mary's Hospital, Paddington to Jewry Street, Aldgate"
"LINESTRING (-0.108657 51.51795,-0.076793 51.513406", "From Holborn Circus, Holborn to Jewry Street, Aldgate"
"LINESTRING (-0.102757 51.536384,-0.076793 51.513406", "From Islington Green, Angel to Jewry Street, Aldgate"
"LINESTRING (-0.0801 51.52959,-0.076793 51.513406", "From Hoxton Street, Hoxton to Jewry Street, Aldgate"
"LINESTRING (-0.076793 51.513406,-0.076793 51.513406", "From Jewry Street, Aldgate to Jewry Street, Aldgate"
"LINESTRING (-0.06111 51.518675,-0.076793 51.513406", "From Royal London Hospital, Whitechapel to Jewry Street, Aldgate"
"LINESTRING (-0.138853 51.541603,-0.076793 51.513406", "From Bonny Street, Camden Town to Jewry Street, Aldgate"
"LINESTRING (-0.022694 51.521564,-0.076793 51.513406", "From Cantrell Road, Bow to Jewry Street, Aldgate"
"LINESTRING (-0.062697 51.518154,-0.076793 51.513406", "From New Road 1 , Whitechapel to Jewry Street, Aldgate"
"LINESTRING (-0.039264 51.521564,-0.076793 51.513406", "From Harford Street, Mile End to Jewry Street, Aldgate"
"LINESTRING (-0.068981 51.498585,-0.076793 51.513406", "From George Row, Bermondsey to Jewry Street, Aldgate"
"LINESTRING (-0.057159 51.511088,-0.076793 51.513406", "From Shadwell Station, Shadwell to Jewry Street, Aldgate"
"LINESTRING (-0.021345 51.519265,-0.076793 51.513406", "From Furze Green, Bow to Jewry Street, Aldgate"
"LINESTRING (-0.108657 51.51795,-0.076793 51.513406", "From Holborn Circus, Holborn to Jewry Street, Aldgate"
"LINESTRING (-0.058641 51.515256,-0.076793 51.513406", "From Philpot Street, Whitechapel to Jewry Street, Aldgate"
"LINESTRING (-0.068981 51.498585,-0.076793 51.513406", "From George Row, Bermondsey to Jewry Street, Aldgate"
"LINESTRING (-0.113001 51.50486,-0.076793 51.513406", "From Waterloo Road, South Bank to Jewry Street, Aldgate"
"LINESTRING (-0.144165 51.510736,-0.076793 51.513406", "From Bruton Street, Mayfair to Jewry Street, Aldgate"
"LINESTRING (-0.047784 51.51328,-0.076793 51.513406", "From Albert Gardens, Stepney to Jewry Street, Aldgate"
"LINESTRING (-0.217515 51.500353,-0.192538 51.504723", "From Richmond Way, Shepherd's Bush to Vicarage Gate, Kensington"
"LINESTRING (-0.191933 51.495866,-0.192538 51.504723", "From Lexham Gardens, Kensington to Vicarage Gate, Kensington"
"LINESTRING (-0.178732 51.493967,-0.192538 51.504723", "From Queen's Gate (Central), South Kensington to Vicarage Gate, Kensington"
"LINESTRING (-0.17977 51.51348,-0.192538 51.504723", "From Devonshire Terrace, Bayswater to Vicarage Gate, Kensington"
"LINESTRING (-0.205284 51.496712,-0.192538 51.504723", "From Warwick Road, Olympia to Vicarage Gate, Kensington"
"LINESTRING (-0.191933 51.495866,-0.192538 51.504723", "From Lexham Gardens, Kensington to Vicarage Gate, Kensington"
"LINESTRING (-0.223868 51.496664,-0.192538 51.504723", "From Little Brook Green, Brook Green to Vicarage Gate, Kensington"
"LINESTRING (-0.205284 51.496712,-0.192538 51.504723", "From Warwick Road, Olympia to Vicarage Gate, Kensington"
"LINESTRING (-0.205284 51.496712,-0.192538 51.504723", "From Warwick Road, Olympia to Vicarage Gate, Kensington"
"LINESTRING (-0.193764 51.508605,-0.192538 51.504723", "From Palace Gardens Terrace, Notting Hill to Vicarage Gate, Kensington"
"LINESTRING (-0.194392 51.501945,-0.192538 51.504723", "From Kensington Town Hall, Kensington to Vicarage Gate, Kensington"
"LINESTRING (-0.193764 51.508605,-0.192538 51.504723", "From Palace Gardens Terrace, Notting Hill to Vicarage Gate, Kensington"
"LINESTRING (-0.165164 51.514746,-0.192538 51.504723", "From Porchester Place, Paddington to Vicarage Gate, Kensington"
"LINESTRING (-0.21819 51.511486,-0.192538 51.504723", "From Evesham Street, Avondale to Vicarage Gate, Kensington"
"LINESTRING (-0.141423 51.514499,-0.077121 51.511594", "From Little Argyll Street, West End to Crosswall, Tower"
"LINESTRING (-0.120202 51.523346,-0.077121 51.511594", "From Guilford Street , Bloomsbury to Crosswall, Tower"
"LINESTRING (-0.04667 51.521889,-0.077121 51.511594", "From Stepney Green Station, Stepney to Crosswall, Tower"
"LINESTRING (-0.074704 51.500845,-0.077121 51.511594", "From Tower Wharf, Bermondsey to Crosswall, Tower"
"LINESTRING (-0.09885 51.515418,-0.077121 51.511594", "From Newgate Street , St. Paul's to Crosswall, Tower"
"LINESTRING (-0.020068 51.50357,-0.077121 51.511594", "From Jubilee Plaza, Canary Wharf to Crosswall, Tower"
"LINESTRING (-0.096317 51.526008,-0.077121 51.511594", "From Finsbury Leisure Centre, St. Luke's to Crosswall, Tower"
"LINESTRING (-0.126021 51.508103,-0.077121 51.511594", "From Craven Street, Strand to Crosswall, Tower"
"LINESTRING (-0.103137 51.506692,-0.077121 51.511594", "From Poured Lines, Bankside to Crosswall, Tower"
"LINESTRING (-0.077121 51.511594,-0.077121 51.511594", "From Crosswall, Tower to Crosswall, Tower"
"LINESTRING (-0.117974 51.494881,-0.077121 51.511594", "From Lambeth Road, Vauxhall to Crosswall, Tower"
"LINESTRING (-0.077178 51.514449,-0.077121 51.511594", "From Houndsditch, Aldgate to Crosswall, Tower"
"LINESTRING (-0.120909 51.516128,-0.077121 51.511594", "From Newton Street, Covent Garden to Crosswall, Tower"
"LINESTRING (-0.13558 51.513684,-0.077121 51.511594", "From Broadwick Street, Soho to Crosswall, Tower"
"LINESTRING (-0.06415 51.51295,-0.077121 51.511594", "From Christian Street, Whitechapel to Crosswall, Tower"
"LINESTRING (-0.118272 51.516277,-0.077121 51.511594", "From Lincoln's Inn Fields, Holborn to Crosswall, Tower"
"LINESTRING (-0.13214 51.519572,-0.077121 51.511594", "From Store Street, Bloomsbury to Crosswall, Tower"
"LINESTRING (-0.113426 51.503919,-0.077121 51.511594", "From Waterloo Station 2, Waterloo to Crosswall, Tower"
"LINESTRING (-0.087262 51.506304,-0.077121 51.511594", "From Duke Street Hill, London Bridge to Crosswall, Tower"
"LINESTRING (-0.04915 51.498439,-0.077121 51.511594", "From Canada Water Station, Rotherhithe to Crosswall, Tower"
"LINESTRING (-0.068981 51.498585,-0.077121 51.511594", "From George Row, Bermondsey to Crosswall, Tower"
"LINESTRING (-0.134621 51.507424,-0.077121 51.511594", "From St. James's Square, St. James's to Crosswall, Tower"
"LINESTRING (-0.107987 51.517428,-0.077121 51.511594", "From New Fetter Lane, Holborn to Crosswall, Tower"
"LINESTRING (-0.088285 51.519069,-0.077121 51.511594", "From Moorfields, Moorgate to Crosswall, Tower"
"LINESTRING (-0.077121 51.511594,-0.077121 51.511594", "From Crosswall, Tower to Crosswall, Tower"
"LINESTRING (-0.097122 51.529423,-0.077121 51.511594", "From Macclesfield Rd, St Lukes to Crosswall, Tower"
"LINESTRING (-0.126021 51.508103,-0.077121 51.511594", "From Craven Street, Strand to Crosswall, Tower"
"LINESTRING (-0.129698 51.500703,-0.077121 51.511594", "From Storey's Gate, Westminster to Crosswall, Tower"
"LINESTRING (-0.099141 51.512484,-0.077121 51.511594", "From Godliman Street, St. Paul's to Crosswall, Tower"
"LINESTRING (-0.097122 51.529423,-0.077121 51.511594", "From Macclesfield Rd, St Lukes to Crosswall, Tower"
"LINESTRING (-0.057159 51.511088,-0.077121 51.511594", "From Shadwell Station, Shadwell to Crosswall, Tower"
"LINESTRING (-0.09315 51.53356,-0.077121 51.511594", "From Eagle Wharf Road, Hoxton to Crosswall, Tower"
"LINESTRING (-0.082422 51.516154,-0.077121 51.511594", "From Wormwood Street, Liverpool Street to Crosswall, Tower"
"LINESTRING (-0.06691 51.507131,-0.077121 51.511594", "From Nesham Street, Wapping to Crosswall, Tower"
"LINESTRING (-0.107987 51.517428,-0.077121 51.511594", "From New Fetter Lane, Holborn to Crosswall, Tower"
"LINESTRING (-0.107349 51.511891,-0.077121 51.511594", "From Tallis Street, Temple to Crosswall, Tower"
"LINESTRING (-0.122759 51.487807,-0.077121 51.511594", "From New Spring Gardens Walk, Vauxhall to Crosswall, Tower"
"LINESTRING (-0.068981 51.498585,-0.077121 51.511594", "From George Row, Bermondsey to Crosswall, Tower"
"LINESTRING (-0.033828 51.514115,-0.077121 51.511594", "From Salmon Lane, Limehouse to Crosswall, Tower"
"LINESTRING (-0.009001 51.487129,-0.077121 51.511594", "From Saunders Ness Road, Cubitt Town to Crosswall, Tower"
"LINESTRING (-0.018703 51.528169,-0.077121 51.511594", "From Bow Church Station, Bow to Crosswall, Tower"
"LINESTRING (-0.039264 51.521564,-0.077121 51.511594", "From Harford Street, Mile End to Crosswall, Tower"
"LINESTRING (-0.18119 51.490945,-0.19024 51.515529", "From Old Brompton Road, South Kensington to Westbourne Grove, Bayswater"
"LINESTRING (-0.200804 51.520509,-0.19024 51.515529", "From The Metropolitan, Portobello to Westbourne Grove, Bayswater"
"LINESTRING (-0.153645 51.512911,-0.19024 51.515529", "From North Audley Street, Mayfair to Westbourne Grove, Bayswater"
"LINESTRING (-0.179668 51.511654,-0.19024 51.515529", "From Lancaster Gate , Bayswater to Westbourne Grove, Bayswater"
"LINESTRING (-0.145904 51.507069,-0.19024 51.515529", "From Curzon Street, Mayfair to Westbourne Grove, Bayswater"
"LINESTRING (-0.197524 51.511084,-0.19024 51.515529", "From Pembridge Villas, Notting Hill to Westbourne Grove, Bayswater"
"LINESTRING (-0.183486 51.529857,-0.19024 51.515529", "From Maida Vale, Maida Vale to Westbourne Grove, Bayswater"
"LINESTRING (-0.215808 51.503802,-0.19024 51.515529", "From Hansard Mews, Holland Park to Westbourne Grove, Bayswater"
"LINESTRING (-0.19096 51.51244,-0.19024 51.515529", "From Ilchester Gardens, Bayswater to Westbourne Grove, Bayswater"
"LINESTRING (-0.14296 51.497998,-0.19024 51.515529", "From Warwick Row, Westminster to Westbourne Grove, Bayswater"
"LINESTRING (-0.201554 51.512136,-0.19024 51.515529", "From Chepstow Villas, Notting Hill to Westbourne Grove, Bayswater"
"LINESTRING (-0.175116 51.523353,-0.19024 51.515529", "From Frampton Street, Paddington to Westbourne Grove, Bayswater"
"LINESTRING (-0.200838 51.514311,-0.19024 51.515529", "From Turquoise Island, Notting Hill to Westbourne Grove, Bayswater"
"LINESTRING (-0.187402 51.51031,-0.19024 51.515529", "From Queensway, Kensington Gardens to Westbourne Grove, Bayswater"
"LINESTRING (-0.191462 51.501364,-0.19024 51.515529", "From Derry Street, Kensington to Westbourne Grove, Bayswater"
"LINESTRING (-0.141327 51.520253,-0.19024 51.515529", "From Great Titchfield Street, Fitzrovia to Westbourne Grove, Bayswater"
"LINESTRING (-0.187402 51.51031,-0.19024 51.515529", "From Queensway, Kensington Gardens to Westbourne Grove, Bayswater"
"LINESTRING (-0.122299 51.530199,-0.19024 51.515529", "From Birkenhead Street, King's Cross to Westbourne Grove, Bayswater"
"LINESTRING (-0.179702 51.499428,-0.19024 51.515529", "From Imperial College, Knightsbridge to Westbourne Grove, Bayswater"
"LINESTRING (-0.142844 51.506613,-0.19024 51.515529", "From Green Park Station, Mayfair to Westbourne Grove, Bayswater"
"LINESTRING (-0.175116 51.523353,-0.19024 51.515529", "From Frampton Street, Paddington to Westbourne Grove, Bayswater"
"LINESTRING (-0.18697 51.51616,-0.19024 51.515529", "From Bishop's Bridge Road West, Bayswater to Westbourne Grove, Bayswater"
"LINESTRING (-0.15934 51.500241,-0.19024 51.515529", "From Harriet Street, Knightsbridge to Westbourne Grove, Bayswater"
"LINESTRING (-0.183118 51.515607,-0.19024 51.515529", "From Cleveland Gardens, Bayswater to Westbourne Grove, Bayswater"
"LINESTRING (-0.219486 51.512981,-0.19024 51.515529", "From Freston Road, Avondale to Westbourne Grove, Bayswater"
"LINESTRING (-0.214428 51.486062,-0.147301 51.514105", "From Greyhound Road, Hammersmith to Woodstock Street, Mayfair"
"LINESTRING (-0.0985 51.51601,-0.147301 51.514105", "From King Edward Street, St Pauls to Woodstock Street, Mayfair"
"LINESTRING (-0.142345 51.510662,-0.147301 51.514105", "From Clifford Street, Mayfair to Woodstock Street, Mayfair"
"LINESTRING (-0.183834 51.497924,-0.147301 51.514105", "From Gloucester Road (North), Kensington to Woodstock Street, Mayfair"
"LINESTRING (-0.106408 51.530515,-0.147301 51.514105", "From Chadwell Street, Angel to Woodstock Street, Mayfair"
"LINESTRING (-0.187842 51.509908,-0.147301 51.514105", "From Black Lion Gate, Kensington Gardens to Woodstock Street, Mayfair"
"LINESTRING (-0.173881 51.494412,-0.147301 51.514105", "From South Kensington Station, South Kensington to Woodstock Street, Mayfair"
"LINESTRING (-0.094934 51.522954,-0.147301 51.514105", "From Roscoe Street, St. Luke's to Woodstock Street, Mayfair"
"LINESTRING (-0.178656 51.501432,-0.147301 51.514105", "From Kensington Gore, Knightsbridge to Woodstock Street, Mayfair"
"LINESTRING (-0.194116 51.479932,-0.147301 51.514105", "From Fulham Broadway, Walham Green to Woodstock Street, Mayfair"
"LINESTRING (-0.164786 51.477292,-0.147301 51.514105", "From Ethelburga Estate, Battersea Park to Woodstock Street, Mayfair"
"LINESTRING (-0.218337 51.506256,-0.147301 51.514105", "From Westfield Southern Terrace ,Shepherd's Bush to Woodstock Street, Mayfair"
"LINESTRING (-0.147301 51.514105,-0.147301 51.514105", "From Woodstock Street, Mayfair to Woodstock Street, Mayfair"
"LINESTRING (-0.13011 51.513527,-0.147301 51.514105", "From Moor Street, Soho to Woodstock Street, Mayfair"
"LINESTRING (-0.126021 51.508103,-0.147301 51.514105", "From Craven Street, Strand to Woodstock Street, Mayfair"
"LINESTRING (-0.147301 51.514105,-0.147301 51.514105", "From Woodstock Street, Mayfair to Woodstock Street, Mayfair"
"LINESTRING (-0.142345 51.510662,-0.147301 51.514105", "From Clifford Street, Mayfair to Woodstock Street, Mayfair"
"LINESTRING (-0.09734 51.520841,-0.147301 51.514105", "From Aldersgate Street, Barbican to Woodstock Street, Mayfair"
"LINESTRING (-0.154106 51.517703,-0.147301 51.514105", "From George Street, Marylebone to Woodstock Street, Mayfair"
"LINESTRING (-0.13011 51.513527,-0.147301 51.514105", "From Moor Street, Soho to Woodstock Street, Mayfair"
"LINESTRING (-0.124121 51.523418,-0.147301 51.514105", "From Russell Square Station, Bloomsbury to Woodstock Street, Mayfair"
"LINESTRING (-0.094934 51.522954,-0.147301 51.514105", "From Roscoe Street, St. Luke's to Woodstock Street, Mayfair"
"LINESTRING (-0.086379 51.534042,-0.096317 51.526008", "From Shoreditch Park, Hoxton to Finsbury Leisure Centre, St. Luke's"
"LINESTRING (-0.088542 51.527025,-0.096317 51.526008", "From Baldwin Street, St. Luke's to Finsbury Leisure Centre, St. Luke's"
"LINESTRING (-0.104298 51.526717,-0.096317 51.526008", "From Finsbury Library , Finsbury to Finsbury Leisure Centre, St. Luke's"
"LINESTRING (-0.100791 51.518218,-0.096317 51.526008", "From West Smithfield Rotunda, Farringdon to Finsbury Leisure Centre, St. Luke's"
"LINESTRING (-0.0786 51.500647,-0.096317 51.526008", "From Tanner Street, Bermondsey to Finsbury Leisure Centre, St. Luke's"
"LINESTRING (-0.057133 51.527607,-0.096317 51.526008", "From Hollybush Gardens, Bethnal Green to Finsbury Leisure Centre, St. Luke's"
"LINESTRING (-0.12335 51.51746,-0.096317 51.526008", "From Bury Place, Holborn to Finsbury Leisure Centre, St. Luke's"
"LINESTRING (-0.106992 51.534504,-0.096317 51.526008", "From Liverpool Road (N1 Centre), Angel to Finsbury Leisure Centre, St. Luke's"
"LINESTRING (-0.047548 51.528869,-0.096317 51.526008", "From Globe Town Market, Bethnal Green to Finsbury Leisure Centre, St. Luke's"
"LINESTRING (-0.144132 51.493204,-0.096317 51.526008", "From Belgrave Road, Victoria to Finsbury Leisure Centre, St. Luke's"
"LINESTRING (-0.088285 51.519069,-0.096317 51.526008", "From Moorfields, Moorgate to Finsbury Leisure Centre, St. Luke's"
"LINESTRING (-0.079608 51.521668,-0.096317 51.526008", "From Worship Street, Shoreditch to Finsbury Leisure Centre, St. Luke's"
"LINESTRING (-0.086685 51.517075,-0.096317 51.526008", "From Finsbury Circus, Liverpool Street to Finsbury Leisure Centre, St. Luke's"
"LINESTRING (-0.08249 51.53558,-0.096317 51.526008", "From Pitfield Street North,Hoxton to Finsbury Leisure Centre, St. Luke's"
"LINESTRING (-0.074754 51.523648,-0.096317 51.526008", "From Bethnal Green Road, Shoreditch to Finsbury Leisure Centre, St. Luke's"
"LINESTRING (-0.11655 51.51824,-0.096317 51.526008", "From Red Lion Street, Holborn to Finsbury Leisure Centre, St. Luke's"
"LINESTRING (-0.07813 51.526377,-0.096317 51.526008", "From Shoreditch High Street, Shoreditch to Finsbury Leisure Centre, St. Luke's"
"LINESTRING (-0.103604 51.517334,-0.096317 51.526008", "From Snow Hill, Farringdon to Finsbury Leisure Centre, St. Luke's"
"LINESTRING (-0.09885 51.515418,-0.096317 51.526008", "From Newgate Street , St. Paul's to Finsbury Leisure Centre, St. Luke's"
"LINESTRING (-0.087262 51.506304,-0.096317 51.526008", "From Duke Street Hill, London Bridge to Finsbury Leisure Centre, St. Luke's"
"LINESTRING (-0.124678 51.51908,-0.096317 51.526008", "From British Museum, Bloomsbury to Finsbury Leisure Centre, St. Luke's"
"LINESTRING (-0.089659 51.52548,-0.096317 51.526008", "From Old Street Station, St. Luke's to Finsbury Leisure Centre, St. Luke's"
"LINESTRING (-0.171103 51.518268,-0.096317 51.526008", "From St Mary's Hospital, Paddington to Finsbury Leisure Centre, St. Luke's"
"LINESTRING (-0.079201 51.537277,-0.096317 51.526008", "From Hertford Road, De Beauvoir Town to Finsbury Leisure Centre, St. Luke's"
"LINESTRING (-0.157183 51.52026,-0.096317 51.526008", "From Crawford Street, Marylebone to Finsbury Leisure Centre, St. Luke's"
"LINESTRING (-0.084605 51.521283,-0.096317 51.526008", "From Christopher Street, Liverpool Street to Finsbury Leisure Centre, St. Luke's"
"LINESTRING (-0.11548 51.528915,-0.096317 51.526008", "From Great Percy Street, Clerkenwell to Finsbury Leisure Centre, St. Luke's"
"LINESTRING (-0.124678 51.51908,-0.096317 51.526008", "From British Museum, Bloomsbury to Finsbury Leisure Centre, St. Luke's"
"LINESTRING (-0.104724 51.52836,-0.096317 51.526008", "From St. John Street, Finsbury to Finsbury Leisure Centre, St. Luke's"
"LINESTRING (-0.091401 51.518093,-0.096317 51.526008", "From Fore Street Avenue, Guildhall to Finsbury Leisure Centre, St. Luke's"
"LINESTRING (-0.107987 51.517428,-0.096317 51.526008", "From New Fetter Lane, Holborn to Finsbury Leisure Centre, St. Luke's"
"LINESTRING (-0.090847 51.525893,-0.096317 51.526008", "From Bath Street, St. Luke's to Finsbury Leisure Centre, St. Luke's"
"LINESTRING (-0.102208 51.526153,-0.096317 51.526008", "From Percival Street, Finsbury to Finsbury Leisure Centre, St. Luke's"
"LINESTRING (-0.109006 51.521661,-0.096317 51.526008", "From Hatton Wall, Holborn to Finsbury Leisure Centre, St. Luke's"
"LINESTRING (-0.09294 51.51397,-0.096317 51.526008", "From Cheapside, Bank to Finsbury Leisure Centre, St. Luke's"
"LINESTRING (-0.10548 51.532199,-0.096317 51.526008", "From Torrens Street, Angel to Finsbury Leisure Centre, St. Luke's"
"LINESTRING (-0.09734 51.520841,-0.096317 51.526008", "From Aldersgate Street, Barbican to Finsbury Leisure Centre, St. Luke's"
"LINESTRING (-0.094934 51.522954,-0.096317 51.526008", "From Roscoe Street, St. Luke's to Finsbury Leisure Centre, St. Luke's"
"LINESTRING (-0.140485 51.519181,-0.096317 51.526008", "From Foley Street, Fitzrovia to Finsbury Leisure Centre, St. Luke's"
"LINESTRING (-0.096496 51.517821,-0.132102 51.498125", "From Museum of London, Barbican to Abbey Orchard Street, Westminster"
"LINESTRING (-0.162298 51.522511,-0.132102 51.498125", "From Boston Place, Marylebone to Abbey Orchard Street, Westminster"
"LINESTRING (-0.103078 51.511934,-0.132102 51.498125", "From Blackfriars Station, St. Paul's to Abbey Orchard Street, Westminster"
"LINESTRING (-0.139625 51.490962,-0.132102 51.498125", "From Gloucester Street, Pimlico to Abbey Orchard Street, Westminster"
"LINESTRING (-0.128585 51.516118,-0.132102 51.498125", "From Earnshaw Street , Covent Garden to Abbey Orchard Street, Westminster"
"LINESTRING (-0.143495 51.509992,-0.132102 51.498125", "From Grafton Street, Mayfair to Abbey Orchard Street, Westminster"
"LINESTRING (-0.148059 51.472865,-0.132102 51.498125", "From Silverthorne Road, Battersea to Abbey Orchard Street, Westminster"
"LINESTRING (-0.082422 51.516154,-0.132102 51.498125", "From Wormwood Street, Liverpool Street to Abbey Orchard Street, Westminster"
"LINESTRING (-0.124749 51.509462,-0.132102 51.498125", "From William IV Street, Strand to Abbey Orchard Street, Westminster"
"LINESTRING (-0.122492 51.486343,-0.132102 51.498125", "From Kennington Lane Rail Bridge, Vauxhall to Abbey Orchard Street, Westminster"
"LINESTRING (-0.138212 51.481335,-0.132102 51.498125", "From Riverlight South, Nine Elms to Abbey Orchard Street, Westminster"
"LINESTRING (-0.116688 51.520596,-0.132102 51.498125", "From Theobald's Road , Holborn to Abbey Orchard Street, Westminster"
"LINESTRING (-0.110683 51.484788,-0.132102 51.498125", "From Kennington Road Post Office, Oval to Abbey Orchard Street, Westminster"
"LINESTRING (-0.162727 51.489932,-0.132102 51.498125", "From Royal Avenue 1, Chelsea to Abbey Orchard Street, Westminster"
"LINESTRING (-0.141923 51.489856,-0.132102 51.498125", "From Warwick Square, Pimlico to Abbey Orchard Street, Westminster"
"LINESTRING (-0.17021 51.474535,-0.132102 51.498125", "From Orbel Street, Battersea to Abbey Orchard Street, Westminster"
"LINESTRING (-0.129386 51.534123,-0.132102 51.498125", "From Pancras Road, King's Cross to Abbey Orchard Street, Westminster"
"LINESTRING (-0.127554 51.493978,-0.132102 51.498125", "From Page Street, Westminster to Abbey Orchard Street, Westminster"
"LINESTRING (-0.124749 51.509462,-0.132102 51.498125", "From William IV Street, Strand to Abbey Orchard Street, Westminster"
"LINESTRING (-0.131773 51.506633,-0.132102 51.498125", "From Waterloo Place, St. James's to Abbey Orchard Street, Westminster"
"LINESTRING (-0.076793 51.513406,-0.132102 51.498125", "From Jewry Street, Aldgate to Abbey Orchard Street, Westminster"
"LINESTRING (-0.108657 51.51795,-0.132102 51.498125", "From Holborn Circus, Holborn to Abbey Orchard Street, Westminster"
"LINESTRING (-0.116688 51.520596,-0.132328 51.515631", "From Theobald's Road , Holborn to Soho Square , Soho"
"LINESTRING (-0.079248 51.524526,-0.132328 51.515631", "From New Inn Yard, Shoreditch to Soho Square , Soho"
"LINESTRING (-0.087587 51.514441,-0.132328 51.515631", "From Bank of England Museum, Bank to Soho Square , Soho"
"LINESTRING (-0.06555 51.528681,-0.132328 51.515631", "From Durant Street, Bethnal Green to Soho Square , Soho"
"LINESTRING (-0.074754 51.523648,-0.132328 51.515631", "From Bethnal Green Road, Shoreditch to Soho Square , Soho"
"LINESTRING (-0.124121 51.523418,-0.132328 51.515631", "From Russell Square Station, Bloomsbury to Soho Square , Soho"
"LINESTRING (-0.13214 51.519572,-0.132328 51.515631", "From Store Street, Bloomsbury to Soho Square , Soho"
"LINESTRING (-0.150481 51.51217,-0.132328 51.515631", "From Grosvenor Square, Mayfair to Soho Square , Soho"
"LINESTRING (-0.128377 51.523673,-0.132328 51.515631", "From Bedford Way, Bloomsbury to Soho Square , Soho"
"LINESTRING (-0.135025 51.518162,-0.132328 51.515631", "From Rathbone Street, Fitzrovia to Soho Square , Soho"
"LINESTRING (-0.123702 51.506767,-0.132328 51.515631", "From Northumberland Avenue, Strand to Soho Square , Soho"
"LINESTRING (-0.168074 51.5343,-0.132328 51.515631", "From Charlbert Street, St. John's Wood to Soho Square , Soho"
"LINESTRING (-0.176268 51.524826,-0.132328 51.515631", "From Aberdeen Place, St. John's Wood to Soho Square , Soho"
"LINESTRING (-0.176645 51.518622,-0.132328 51.515631", "From North Wharf Road, Paddington to Soho Square , Soho"
"LINESTRING (-0.11655 51.51824,-0.132328 51.515631", "From Red Lion Street, Holborn to Soho Square , Soho"
"LINESTRING (-0.169249 51.515953,-0.132328 51.515631", "From Southwick Street, Paddington to Soho Square , Soho"
"LINESTRING (-0.132328 51.515631,-0.132328 51.515631", "From Soho Square , Soho to Soho Square , Soho"
"LINESTRING (-0.17977 51.51348,-0.132328 51.515631", "From Devonshire Terrace, Bayswater to Soho Square , Soho"
"LINESTRING (-0.132328 51.515631,-0.132328 51.515631", "From Soho Square , Soho to Soho Square , Soho"
"LINESTRING (-0.104193 51.49605,-0.132328 51.515631", "From Gaywood  Street, Elephant & Castle to Soho Square , Soho"
"LINESTRING (-0.086685 51.517075,-0.132328 51.515631", "From Finsbury Circus, Liverpool Street to Soho Square , Soho"
"LINESTRING (-0.144132 51.493204,-0.132328 51.515631", "From Belgrave Road, Victoria to Soho Square , Soho"
"LINESTRING (-0.099994 51.522853,-0.132328 51.515631", "From Berry Street, Clerkenwell to Soho Square , Soho"
"LINESTRING (-0.09885 51.515418,-0.132328 51.515631", "From Newgate Street , St. Paul's to Soho Square , Soho"
"LINESTRING (-0.140485 51.519181,-0.132328 51.515631", "From Foley Street, Fitzrovia to Soho Square , Soho"
"LINESTRING (-0.083493 51.520955,-0.132328 51.515631", "From Pindar Street, Liverpool Street to Soho Square , Soho"
"LINESTRING (-0.09734 51.520841,-0.132328 51.515631", "From Aldersgate Street, Barbican to Soho Square , Soho"
"LINESTRING (-0.115156 51.489479,-0.132328 51.515631", "From Sancroft Street, Vauxhall to Soho Square , Soho"
"LINESTRING (-0.109256 51.526443,-0.132328 51.515631", "From Tysoe Street, Clerkenwell to Soho Square , Soho"
"LINESTRING (-0.130431 51.52168,-0.132328 51.515631", "From Malet Street, Bloomsbury to Soho Square , Soho"
"LINESTRING (-0.130431 51.52168,-0.132328 51.515631", "From Malet Street, Bloomsbury to Soho Square , Soho"
"LINESTRING (-0.079248 51.524526,-0.132328 51.515631", "From New Inn Yard, Shoreditch to Soho Square , Soho"
"LINESTRING (-0.066078 51.514924,-0.132328 51.515631", "From LMU Commercial Road, Whitechapel to Soho Square , Soho"
"LINESTRING (-0.145393 51.542138,-0.132328 51.515631", "From Castlehaven Road, Camden Town to Soho Square , Soho"
"LINESTRING (-0.107987 51.517428,-0.132328 51.515631", "From New Fetter Lane, Holborn to Soho Square , Soho"
"LINESTRING (-0.138019 51.524438,-0.132328 51.515631", "From Warren Street Station, Euston to Soho Square , Soho"
"LINESTRING (-0.150181 51.536922,-0.132328 51.515631", "From London Zoo Car Park, The Regent's Park to Soho Square , Soho"
"LINESTRING (-0.179592 51.525575,-0.132328 51.515631", "From Clifton Road, Maida Vale to Soho Square , Soho"
"LINESTRING (-0.145211 51.520715,-0.132328 51.515631", "From Portland Place, Marylebone to Soho Square , Soho"
"LINESTRING (-0.179668 51.511654,-0.132328 51.515631", "From Lancaster Gate , Bayswater to Soho Square , Soho"
"LINESTRING (-0.11548 51.528915,-0.132328 51.515631", "From Great Percy Street, Clerkenwell to Soho Square , Soho"
"LINESTRING (-0.055846 51.499169,-0.132328 51.515631", "From Rotherhithe Roundabout, Rotherhithe to Soho Square , Soho"
"LINESTRING (-0.107987 51.517428,-0.132328 51.515631", "From New Fetter Lane, Holborn to Soho Square , Soho"
"LINESTRING (-0.132053 51.518587,-0.132328 51.515631", "From Bayley Street , Bloomsbury to Soho Square , Soho"
"LINESTRING (-0.120718 51.511968,-0.172528 51.533043", "From Tavistock Street, Covent Garden to Wellington Road, St. John's Wood"
"LINESTRING (-0.144664 51.538071,-0.172528 51.533043", "From Parkway, Camden Town to Wellington Road, St. John's Wood"
"LINESTRING (-0.224103 51.509158,-0.172528 51.533043", "From Westfield Ariel Way, White City to Wellington Road, St. John's Wood"
"LINESTRING (-0.126409 51.524,-0.172528 51.533043", "From Coram Street, Bloomsbury to Wellington Road, St. John's Wood"
"LINESTRING (-0.17219 51.526448,-0.172528 51.533043", "From Lisson Grove, St. John's Wood to Wellington Road, St. John's Wood"
"LINESTRING (-0.183846 51.523344,-0.172528 51.533043", "From Warwick Avenue Station, Maida Vale to Wellington Road, St. John's Wood"
"LINESTRING (-0.176268 51.524826,-0.172528 51.533043", "From Aberdeen Place, St. John's Wood to Wellington Road, St. John's Wood"
"LINESTRING (-0.133201 51.512515,-0.172528 51.533043", "From Wardour Street, Soho to Wellington Road, St. John's Wood"
"LINESTRING (-0.124807 51.53724,-0.172528 51.533043", "From Handyside Street, King's Cross to Wellington Road, St. John's Wood"
"LINESTRING (-0.171103 51.518268,-0.172528 51.533043", "From St Mary's Hospital, Paddington to Wellington Road, St. John's Wood"
"LINESTRING (-0.134621 51.507424,-0.172528 51.533043", "From St. James's Square, St. James's to Wellington Road, St. John's Wood"
"LINESTRING (-0.143613 51.523518,-0.172528 51.533043", "From Bolsover Street, Fitzrovia to Wellington Road, St. John's Wood"
"LINESTRING (-0.13151 51.509639,-0.172528 51.533043", "From Panton Street, West End to Wellington Road, St. John's Wood"
"LINESTRING (-0.147301 51.514105,-0.172528 51.533043", "From Woodstock Street, Mayfair to Wellington Road, St. John's Wood"
"LINESTRING (-0.108028 51.518825,-0.172528 51.533043", "From Hatton Garden, Holborn to Wellington Road, St. John's Wood"
"LINESTRING (-0.144083 51.525595,-0.172528 51.533043", "From Longford Street, The Regent's Park to Wellington Road, St. John's Wood"
"LINESTRING (-0.156166 51.518913,-0.172528 51.533043", "From Baker Street, Marylebone to Wellington Road, St. John's Wood"
"LINESTRING (-0.156166 51.518913,-0.172528 51.533043", "From Baker Street, Marylebone to Wellington Road, St. John's Wood"
"LINESTRING (-0.213872 51.51687,-0.172528 51.533043", "From St. Mark's Road, North Kensington to Wellington Road, St. John's Wood"
"LINESTRING (-0.13151 51.509639,-0.172528 51.533043", "From Panton Street, West End to Wellington Road, St. John's Wood"
"LINESTRING (-0.171103 51.518268,-0.172528 51.533043", "From St Mary's Hospital, Paddington to Wellington Road, St. John's Wood"
"LINESTRING (-0.161113 51.522596,-0.157275 51.510017", "From Dorset Square, Marylebone to Park Lane , Hyde Park"
"LINESTRING (-0.169249 51.515953,-0.157275 51.510017", "From Southwick Street, Paddington to Park Lane , Hyde Park"
"LINESTRING (-0.157275 51.510017,-0.157275 51.510017", "From Park Lane , Hyde Park to Park Lane , Hyde Park"
"LINESTRING (-0.169774 51.519968,-0.157275 51.510017", "From Edgware Road Station, Marylebone to Park Lane , Hyde Park"
"LINESTRING (-0.127854 51.517727,-0.157275 51.510017", "From Great Russell Street, Bloomsbury to Park Lane , Hyde Park"
"LINESTRING (-0.149186 51.490491,-0.157275 51.510017", "From Ebury Bridge, Pimlico to Park Lane , Hyde Park"
"LINESTRING (-0.123509 51.52625,-0.157275 51.510017", "From Tavistock Place, Bloomsbury to Park Lane , Hyde Park"
"LINESTRING (-0.208565 51.515108,-0.157275 51.510017", "From Blenheim Crescent, Ladbroke Grove to Park Lane , Hyde Park"
"LINESTRING (-0.157275 51.510017,-0.157275 51.510017", "From Park Lane , Hyde Park to Park Lane , Hyde Park"
"LINESTRING (-0.174554 51.499917,-0.157275 51.510017", "From Exhibition Road, Knightsbridge to Park Lane , Hyde Park"
"LINESTRING (-0.165842 51.522029,-0.157275 51.510017", "From Bell Street , Marylebone to Park Lane , Hyde Park"
"LINESTRING (-0.187402 51.51031,-0.157275 51.510017", "From Queensway, Kensington Gardens to Park Lane , Hyde Park"
"LINESTRING (-0.17021 51.474535,-0.157275 51.510017", "From Orbel Street, Battersea to Park Lane , Hyde Park"
"LINESTRING (-0.173881 51.494412,-0.157275 51.510017", "From South Kensington Station, South Kensington to Park Lane , Hyde Park"
"LINESTRING (-0.158456 51.502953,-0.157275 51.510017", "From Albert Gate, Hyde Park to Park Lane , Hyde Park"
"LINESTRING (-0.170329 51.477684,-0.157275 51.510017", "From Westbridge Road, Battersea to Park Lane , Hyde Park"
"LINESTRING (-0.147624 51.49395,-0.157275 51.510017", "From Eccleston Place, Victoria to Park Lane , Hyde Park"
"LINESTRING (-0.187842 51.509908,-0.157275 51.510017", "From Black Lion Gate, Kensington Gardens to Park Lane , Hyde Park"
"LINESTRING (-0.147624 51.49395,-0.157275 51.510017", "From Eccleston Place, Victoria to Park Lane , Hyde Park"
"LINESTRING (-0.158456 51.502953,-0.157275 51.510017", "From Albert Gate, Hyde Park to Park Lane , Hyde Park"
"LINESTRING (-0.127854 51.517727,-0.157275 51.510017", "From Great Russell Street, Bloomsbury to Park Lane , Hyde Park"
"LINESTRING (-0.141334 51.492345,-0.157275 51.510017", "From Guildhouse Street, Victoria to Park Lane , Hyde Park"
"LINESTRING (-0.157275 51.510017,-0.157275 51.510017", "From Park Lane , Hyde Park to Park Lane , Hyde Park"
"LINESTRING (-0.157275 51.510017,-0.157275 51.510017", "From Park Lane , Hyde Park to Park Lane , Hyde Park"
"LINESTRING (-0.174554 51.499917,-0.157275 51.510017", "From Exhibition Road, Knightsbridge to Park Lane , Hyde Park"
"LINESTRING (-0.158456 51.502953,-0.157275 51.510017", "From Albert Gate, Hyde Park to Park Lane , Hyde Park"
"LINESTRING (-0.157275 51.510017,-0.157275 51.510017", "From Park Lane , Hyde Park to Park Lane , Hyde Park"
"LINESTRING (-0.157275 51.510017,-0.157275 51.510017", "From Park Lane , Hyde Park to Park Lane , Hyde Park"
"LINESTRING (-0.157275 51.510017,-0.157275 51.510017", "From Park Lane , Hyde Park to Park Lane , Hyde Park"
"LINESTRING (-0.149569 51.50274,-0.157275 51.510017", "From Wellington Arch, Hyde Park to Park Lane , Hyde Park"
"LINESTRING (-0.157275 51.510017,-0.157275 51.510017", "From Park Lane , Hyde Park to Park Lane , Hyde Park"
"LINESTRING (-0.157275 51.510017,-0.157275 51.510017", "From Park Lane , Hyde Park to Park Lane , Hyde Park"
"LINESTRING (-0.158456 51.502953,-0.157275 51.510017", "From Albert Gate, Hyde Park to Park Lane , Hyde Park"
"LINESTRING (-0.168917 51.497056,-0.157275 51.510017", "From Holy Trinity Brompton, Knightsbridge to Park Lane , Hyde Park"
"LINESTRING (-0.161113 51.522596,-0.157275 51.510017", "From Dorset Square, Marylebone to Park Lane , Hyde Park"
"LINESTRING (-0.157275 51.510017,-0.157275 51.510017", "From Park Lane , Hyde Park to Park Lane , Hyde Park"
"LINESTRING (-0.158456 51.502953,-0.157275 51.510017", "From Albert Gate, Hyde Park to Park Lane , Hyde Park"
"LINESTRING (-0.179854 51.501715,-0.157275 51.510017", "From Queen's Gate, Kensington Gardens to Park Lane , Hyde Park"
"LINESTRING (-0.174554 51.499917,-0.157275 51.510017", "From Exhibition Road, Knightsbridge to Park Lane , Hyde Park"
"LINESTRING (-0.157275 51.510017,-0.157275 51.510017", "From Park Lane , Hyde Park to Park Lane , Hyde Park"
"LINESTRING (-0.187402 51.51031,-0.157275 51.510017", "From Queensway, Kensington Gardens to Park Lane , Hyde Park"
"LINESTRING (-0.16716 51.47518,-0.10527 51.515809", "From Surrey Lane, Battersea to Stonecutter Street, Holborn"
"LINESTRING (-0.113001 51.50486,-0.10527 51.515809", "From Waterloo Road, South Bank to Stonecutter Street, Holborn"
"LINESTRING (-0.104778 51.504044,-0.10527 51.515809", "From Southwark Station 2, Southwark to Stonecutter Street, Holborn"
"LINESTRING (-0.102091 51.500693,-0.10527 51.515809", "From Webber Street , Southwark to Stonecutter Street, Holborn"
"LINESTRING (-0.073537 51.514233,-0.10527 51.515809", "From Braham Street, Aldgate to Stonecutter Street, Holborn"
"LINESTRING (-0.112824 51.503791,-0.10527 51.515809", "From Waterloo Station 3, Waterloo to Stonecutter Street, Holborn"
"LINESTRING (-0.099828 51.493146,-0.10527 51.515809", "From Strata, Elephant & Castle to Stonecutter Street, Holborn"
"LINESTRING (-0.098497 51.503688,-0.10527 51.515809", "From Union Street, The Borough to Stonecutter Street, Holborn"
"LINESTRING (-0.113426 51.503919,-0.10527 51.515809", "From Waterloo Station 2, Waterloo to Stonecutter Street, Holborn"
"LINESTRING (-0.114934 51.49288,-0.10527 51.515809", "From Lollard Street, Vauxhall to Stonecutter Street, Holborn"
"LINESTRING (-0.113864 51.504027,-0.10527 51.515809", "From Waterloo Station 1, Waterloo to Stonecutter Street, Holborn"
"LINESTRING (-0.162298 51.522511,-0.10527 51.515809", "From Boston Place, Marylebone to Stonecutter Street, Holborn"
"LINESTRING (-0.124826 51.516226,-0.10527 51.515809", "From High Holborn , Covent Garden to Stonecutter Street, Holborn"
"LINESTRING (-0.193487 51.513735,-0.183289 51.496462", "From Hereford Road, Bayswater to Gloucester Road (Central), South Kensington"
"LINESTRING (-0.187402 51.51031,-0.183289 51.496462", "From Queensway, Kensington Gardens to Gloucester Road (Central), South Kensington"
"LINESTRING (-0.208888 51.5212,-0.183289 51.496462", "From Bevington Road West, North Kensington to Gloucester Road (Central), South Kensington"
"LINESTRING (-0.179369 51.487196,-0.183289 51.496462", "From Drayton Gardens, West Chelsea to Gloucester Road (Central), South Kensington"
"LINESTRING (-0.157436 51.512276,-0.183289 51.496462", "From Green Street, Mayfair to Gloucester Road (Central), South Kensington"
"LINESTRING (-0.187404 51.487958,-0.183289 51.496462", "From Harcourt Terrace, West Brompton to Gloucester Road (Central), South Kensington"
"LINESTRING (-0.205284 51.496712,-0.183289 51.496462", "From Warwick Road, Olympia to Gloucester Road (Central), South Kensington"
"LINESTRING (-0.161203 51.496886,-0.183289 51.496462", "From Pont Street, Knightsbridge to Gloucester Road (Central), South Kensington"
"LINESTRING (-0.183834 51.497924,-0.183289 51.496462", "From Gloucester Road (North), Kensington to Gloucester Road (Central), South Kensington"
"LINESTRING (-0.209494 51.498157,-0.183289 51.496462", "From Kensington Olympia Station, Olympia to Gloucester Road (Central), South Kensington"
"LINESTRING (-0.208888 51.5212,-0.183289 51.496462", "From Bevington Road West, North Kensington to Gloucester Road (Central), South Kensington"
"LINESTRING (-0.192538 51.504723,-0.183289 51.496462", "From Vicarage Gate, Kensington to Gloucester Road (Central), South Kensington"
"LINESTRING (-0.197574 51.499606,-0.183289 51.496462", "From Phillimore Gardens, Kensington to Gloucester Road (Central), South Kensington"
"LINESTRING (-0.180274 51.481805,-0.183289 51.496462", "From World's End Place, West Chelsea to Gloucester Road (Central), South Kensington"
"LINESTRING (-0.13558 51.513684,-0.183289 51.496462", "From Broadwick Street, Soho to Gloucester Road (Central), South Kensington"
"LINESTRING (-0.19617 51.490853,-0.183289 51.496462", "From Trebovir Road, Earl's Court to Gloucester Road (Central), South Kensington"
"LINESTRING (-0.19617 51.490853,-0.183289 51.496462", "From Trebovir Road, Earl's Court to Gloucester Road (Central), South Kensington"
"LINESTRING (-0.184318 51.468819,-0.183289 51.496462", "From William Morris Way, Sands End to Gloucester Road (Central), South Kensington"
"LINESTRING (-0.142783 51.51196,-0.183289 51.496462", "From St. George Street, Mayfair to Gloucester Road (Central), South Kensington"
"LINESTRING (-0.191462 51.501364,-0.183289 51.496462", "From Derry Street, Kensington to Gloucester Road (Central), South Kensington"
"LINESTRING (-0.108322 51.510981,-0.183289 51.496462", "From Temple Gardens, Temple to Gloucester Road (Central), South Kensington"
"LINESTRING (-0.187842 51.509908,-0.183289 51.496462", "From Black Lion Gate, Kensington Gardens to Gloucester Road (Central), South Kensington"
"LINESTRING (-0.163347 51.474392,-0.183289 51.496462", "From Albert Bridge Road, Battersea Park to Gloucester Road (Central), South Kensington"
"LINESTRING (-0.147154 51.537349,-0.158963 51.524517", "From Gloucester Avenue, Camden Town to Park Road (Baker Street), The Regent's Park"
"LINESTRING (-0.158963 51.524517,-0.158963 51.524517", "From Park Road (Baker Street), The Regent's Park to Park Road (Baker Street), The Regent's Park"
"LINESTRING (-0.168074 51.5343,-0.158963 51.524517", "From Charlbert Street, St. John's Wood to Park Road (Baker Street), The Regent's Park"
"LINESTRING (-0.176645 51.518622,-0.158963 51.524517", "From North Wharf Road, Paddington to Park Road (Baker Street), The Regent's Park"
"LINESTRING (-0.141423 51.514499,-0.158963 51.524517", "From Little Argyll Street, West End to Park Road (Baker Street), The Regent's Park"
"LINESTRING (-0.172528 51.533043,-0.158963 51.524517", "From Wellington Road, St. John's Wood to Park Road (Baker Street), The Regent's Park"
"LINESTRING (-0.147203 51.515308,-0.158963 51.524517", "From Chapel Place, Marylebone to Park Road (Baker Street), The Regent's Park"
"LINESTRING (-0.167515 51.530529,-0.158963 51.524517", "From St. John's Wood Church, The Regent's Park to Park Road (Baker Street), The Regent's Park"
"LINESTRING (-0.123616 51.529943,-0.158963 51.524517", "From Belgrove Street , King's Cross to Park Road (Baker Street), The Regent's Park"
"LINESTRING (-0.158963 51.524517,-0.158963 51.524517", "From Park Road (Baker Street), The Regent's Park to Park Road (Baker Street), The Regent's Park"
"LINESTRING (-0.160854 51.535892,-0.158963 51.524517", "From Prince Albert Road, The Regent's Park to Park Road (Baker Street), The Regent's Park"
"LINESTRING (-0.135777 51.51953,-0.158963 51.524517", "From Charlotte Street, Fitzrovia to Park Road (Baker Street), The Regent's Park"
"LINESTRING (-0.131161 51.52505,-0.158963 51.524517", "From Taviton Street, Bloomsbury to Park Road (Baker Street), The Regent's Park"
"LINESTRING (-0.171103 51.518268,-0.158963 51.524517", "From St Mary's Hospital, Paddington to Park Road (Baker Street), The Regent's Park"
"LINESTRING (-0.168074 51.5343,-0.158963 51.524517", "From Charlbert Street, St. John's Wood to Park Road (Baker Street), The Regent's Park"
"LINESTRING (-0.160854 51.535892,-0.158963 51.524517", "From Prince Albert Road, The Regent's Park to Park Road (Baker Street), The Regent's Park"
"LINESTRING (-0.119643 51.511756,-0.158963 51.524517", "From Wellington Street , Strand to Park Road (Baker Street), The Regent's Park"
"LINESTRING (-0.167515 51.530529,-0.158963 51.524517", "From St. John's Wood Church, The Regent's Park to Park Road (Baker Street), The Regent's Park"
"LINESTRING (-0.162298 51.522511,-0.158963 51.524517", "From Boston Place, Marylebone to Park Road (Baker Street), The Regent's Park"
"LINESTRING (-0.131161 51.52505,-0.158963 51.524517", "From Taviton Street, Bloomsbury to Park Road (Baker Street), The Regent's Park"
"LINESTRING (-0.142844 51.506613,-0.158963 51.524517", "From Green Park Station, Mayfair to Park Road (Baker Street), The Regent's Park"
"LINESTRING (-0.124678 51.51908,-0.158963 51.524517", "From British Museum, Bloomsbury to Park Road (Baker Street), The Regent's Park"
"LINESTRING (-0.174653 51.527294,-0.158963 51.524517", "From St. John's Wood Road, St. John's Wood to Park Road (Baker Street), The Regent's Park"
"LINESTRING (-0.155757 51.51013,-0.158963 51.524517", "From Upper Grosvenor Street, Mayfair to Park Road (Baker Street), The Regent's Park"
"LINESTRING (-0.06992 51.53385,-0.073537 51.514233", "From Queensbridge Road, Haggerston to Braham Street, Aldgate"
"LINESTRING (-0.020068 51.50357,-0.073537 51.514233", "From Jubilee Plaza, Canary Wharf to Braham Street, Aldgate"
"LINESTRING (-0.042744 51.530326,-0.073537 51.514233", "From Twig Folly Bridge, Mile End to Braham Street, Aldgate"
"LINESTRING (-0.105344 51.515059,-0.073537 51.514233", "From St. Bride Street, Holborn to Braham Street, Aldgate"
"LINESTRING (-0.04915 51.498439,-0.073537 51.514233", "From Canada Water Station, Rotherhithe to Braham Street, Aldgate"
"LINESTRING (-0.075578 51.52127,-0.073537 51.514233", "From Commercial Street, Shoreditch to Braham Street, Aldgate"
"LINESTRING (-0.038986 51.512871,-0.073537 51.514233", "From Flamborough Street, Limehouse to Braham Street, Aldgate"
"LINESTRING (-0.113426 51.503919,-0.073537 51.514233", "From Waterloo Station 2, Waterloo to Braham Street, Aldgate"
"LINESTRING (-0.122219 51.51477,-0.073537 51.514233", "From Drury Lane, Covent Garden to Braham Street, Aldgate"
"LINESTRING (-0.132053 51.518587,-0.073537 51.514233", "From Bayley Street , Bloomsbury to Braham Street, Aldgate"
"LINESTRING (-0.124749 51.509462,-0.073537 51.514233", "From William IV Street, Strand to Braham Street, Aldgate"
"LINESTRING (-0.053558 51.511066,-0.073537 51.514233", "From Sutton Street, Shadwell to Braham Street, Aldgate"
"LINESTRING (-0.085666 51.499075,-0.073537 51.514233", "From Long Lane , Bermondsey to Braham Street, Aldgate"
"LINESTRING (-0.08066 51.514225,-0.073537 51.514233", "From St. Mary Axe, Aldgate to Braham Street, Aldgate"
"LINESTRING (-0.082422 51.516154,-0.073537 51.514233", "From Wormwood Street, Liverpool Street to Braham Street, Aldgate"
"LINESTRING (-0.015578 51.52512,-0.073537 51.514233", "From Devons Road, Bow to Braham Street, Aldgate"
"LINESTRING (-0.065006 51.508622,-0.073537 51.514233", "From Pennington Street, Wapping to Braham Street, Aldgate"
"LINESTRING (-0.047784 51.51328,-0.073537 51.514233", "From Albert Gardens, Stepney to Braham Street, Aldgate"
"LINESTRING (-0.104708 51.52326,-0.073537 51.514233", "From Clerkenwell Green, Clerkenwell to Braham Street, Aldgate"
"LINESTRING (-0.056667 51.511542,-0.073537 51.514233", "From Watney Street, Shadwell to Braham Street, Aldgate"
"LINESTRING (-0.06111 51.518675,-0.073537 51.514233", "From Royal London Hospital, Whitechapel to Braham Street, Aldgate"
"LINESTRING (-0.141423 51.514499,-0.073537 51.514233", "From Little Argyll Street, West End to Braham Street, Aldgate"
"LINESTRING (-0.051394 51.520893,-0.073537 51.514233", "From Cleveland Way, Stepney to Braham Street, Aldgate"
"LINESTRING (-0.134621 51.507424,-0.073537 51.514233", "From St. James's Square, St. James's to Braham Street, Aldgate"
"LINESTRING (-0.057544 51.504749,-0.073537 51.514233", "From Wapping Lane, Wapping to Braham Street, Aldgate"
"LINESTRING (-0.104947 51.516785,-0.073537 51.514233", "From Farringdon Street, Holborn to Braham Street, Aldgate"
"LINESTRING (-0.174593 51.520205,-0.141423 51.514499", "From Paddington Green, Paddington to Little Argyll Street, West End"
"LINESTRING (-0.089782 51.53089,-0.141423 51.514499", "From Murray Grove , Hoxton to Little Argyll Street, West End"
"LINESTRING (-0.211593 51.51323,-0.141423 51.514499", "From Clarendon Road, Avondale to Little Argyll Street, West End"
"LINESTRING (-0.158456 51.502953,-0.141423 51.514499", "From Albert Gate, Hyde Park to Little Argyll Street, West End"
"LINESTRING (-0.113426 51.503919,-0.141423 51.514499", "From Waterloo Station 2, Waterloo to Little Argyll Street, West End"
"LINESTRING (-0.065076 51.52388,-0.141423 51.514499", "From Cheshire Street, Bethnal Green to Little Argyll Street, West End"
"LINESTRING (-0.179668 51.511654,-0.141423 51.514499", "From Lancaster Gate , Bayswater to Little Argyll Street, West End"
"LINESTRING (-0.124678 51.51908,-0.141423 51.514499", "From British Museum, Bloomsbury to Little Argyll Street, West End"
"LINESTRING (-0.131961 51.508446,-0.141423 51.514499", "From Charles II Street, West End to Little Argyll Street, West End"
"LINESTRING (-0.17977 51.51348,-0.141423 51.514499", "From Devonshire Terrace, Bayswater to Little Argyll Street, West End"
"LINESTRING (-0.169774 51.519968,-0.141423 51.514499", "From Edgware Road Station, Marylebone to Little Argyll Street, West End"
"LINESTRING (-0.074284 51.539328,-0.141423 51.514499", "From Haggerston Road, Haggerston to Little Argyll Street, West End"
"LINESTRING (-0.167894 51.493184,-0.141423 51.514499", "From Sloane Avenue, Knightsbridge to Little Argyll Street, West End"
"LINESTRING (-0.18697 51.51616,-0.141423 51.514499", "From Bishop's Bridge Road West, Bayswater to Little Argyll Street, West End"
"LINESTRING (-0.112824 51.503791,-0.141423 51.514499", "From Waterloo Station 3, Waterloo to Little Argyll Street, West End"
"LINESTRING (-0.133201 51.512515,-0.141423 51.514499", "From Wardour Street, Soho to Little Argyll Street, West End"
"LINESTRING (-0.136792 51.533005,-0.141423 51.514499", "From Eversholt Street , Camden Town to Little Argyll Street, West End"
"LINESTRING (-0.141423 51.514499,-0.141423 51.514499", "From Little Argyll Street, West End to Little Argyll Street, West End"
"LINESTRING (-0.183118 51.515607,-0.141423 51.514499", "From Cleveland Gardens, Bayswater to Little Argyll Street, West End"
"LINESTRING (-0.158264 51.514577,-0.141423 51.514499", "From Old Quebec Street, Marylebone to Little Argyll Street, West End"
"LINESTRING (-0.102208 51.526153,-0.141423 51.514499", "From Percival Street, Finsbury to Little Argyll Street, West End"
"LINESTRING (-0.127575 51.495805,-0.141423 51.514499", "From Smith Square, Westminster to Little Argyll Street, West End"
"LINESTRING (-0.169249 51.515953,-0.141423 51.514499", "From Southwick Street, Paddington to Little Argyll Street, West End"
"LINESTRING (-0.124121 51.523418,-0.141423 51.514499", "From Russell Square Station, Bloomsbury to Little Argyll Street, West End"
"LINESTRING (-0.139016 51.520994,-0.141423 51.514499", "From Howland Street, Fitzrovia to Little Argyll Street, West End"
"LINESTRING (-0.131961 51.508446,-0.141423 51.514499", "From Charles II Street, West End to Little Argyll Street, West End"
"LINESTRING (-0.173009 51.495898,-0.141423 51.514499", "From Victoria & Albert Museum, South Kensington to Little Argyll Street, West End"
"LINESTRING (-0.173009 51.495898,-0.141423 51.514499", "From Victoria & Albert Museum, South Kensington to Little Argyll Street, West End"
"LINESTRING (-0.117122 51.490994,-0.141423 51.514499", "From Black Prince Road, Vauxhall to Little Argyll Street, West End"
"LINESTRING (-0.191496 51.503157,-0.141423 51.514499", "From Kensington Church Street, Kensington to Little Argyll Street, West End"
"LINESTRING (-0.153645 51.512911,-0.141423 51.514499", "From North Audley Street, Mayfair to Little Argyll Street, West End"
"LINESTRING (-0.157183 51.52026,-0.141423 51.514499", "From Crawford Street, Marylebone to Little Argyll Street, West End"
"LINESTRING (-0.197524 51.511084,-0.141423 51.514499", "From Pembridge Villas, Notting Hill to Little Argyll Street, West End"
"LINESTRING (-0.173009 51.495898,-0.141423 51.514499", "From Victoria & Albert Museum, South Kensington to Little Argyll Street, West End"
"LINESTRING (-0.131961 51.508446,-0.141423 51.514499", "From Charles II Street, West End to Little Argyll Street, West End"
"LINESTRING (-0.100168 51.530344,-0.141423 51.514499", "From City Road, Angel to Little Argyll Street, West End"
"LINESTRING (-0.158249 51.516892,-0.141423 51.514499", "From George Place Mews, Marylebone to Little Argyll Street, West End"
"LINESTRING (-0.141423 51.514499,-0.141423 51.514499", "From Little Argyll Street, West End to Little Argyll Street, West End"
"LINESTRING (-0.131773 51.506633,-0.141423 51.514499", "From Waterloo Place, St. James's to Little Argyll Street, West End"
"LINESTRING (-0.121328 51.517606,-0.141423 51.514499", "From Southampton Place, Holborn to Little Argyll Street, West End"
"LINESTRING (-0.079248 51.524526,-0.141423 51.514499", "From New Inn Yard, Shoreditch to Little Argyll Street, West End"
"LINESTRING (-0.079248 51.524526,-0.141423 51.514499", "From New Inn Yard, Shoreditch to Little Argyll Street, West End"
"LINESTRING (-0.132053 51.518587,-0.141423 51.514499", "From Bayley Street , Bloomsbury to Little Argyll Street, West End"
"LINESTRING (-0.107987 51.517428,-0.141423 51.514499", "From New Fetter Lane, Holborn to Little Argyll Street, West End"
"LINESTRING (-0.165471 51.498884,-0.141423 51.514499", "From Montpelier Street, Knightsbridge to Little Argyll Street, West End"
"LINESTRING (-0.122219 51.51477,-0.141423 51.514499", "From Drury Lane, Covent Garden to Little Argyll Street, West End"
"LINESTRING (-0.147154 51.537349,-0.141423 51.514499", "From Gloucester Avenue, Camden Town to Little Argyll Street, West End"
"LINESTRING (-0.175116 51.523353,-0.141423 51.514499", "From Frampton Street, Paddington to Little Argyll Street, West End"
"LINESTRING (-0.167894 51.493184,-0.141423 51.514499", "From Sloane Avenue, Knightsbridge to Little Argyll Street, West End"
"LINESTRING (-0.114686 51.506133,-0.141423 51.514499", "From Belvedere Road 1, South Bank to Little Argyll Street, West End"
"LINESTRING (-0.198286 51.493724,-0.141423 51.514499", "From West Cromwell Road, Earl's Court to Little Argyll Street, West End"
"LINESTRING (-0.142844 51.506613,-0.141423 51.514499", "From Green Park Station, Mayfair to Little Argyll Street, West End"
"LINESTRING (-0.147203 51.515308,-0.141423 51.514499", "From Chapel Place, Marylebone to Little Argyll Street, West End"
"LINESTRING (-0.179702 51.499428,-0.141423 51.514499", "From Imperial College, Knightsbridge to Little Argyll Street, West End"
"LINESTRING (-0.208486 51.506465,-0.141423 51.514499", "From Princedale Road , Holland Park to Little Argyll Street, West End"
"LINESTRING (-0.158264 51.514577,-0.141423 51.514499", "From Old Quebec Street, Marylebone to Little Argyll Street, West End"
"LINESTRING (-0.195455 51.500401,-0.141423 51.514499", "From Argyll Road, Kensington to Little Argyll Street, West End"
"LINESTRING (-0.133201 51.512515,-0.141423 51.514499", "From Wardour Street, Soho to Little Argyll Street, West End"
"LINESTRING (-0.132328 51.515631,-0.141423 51.514499", "From Soho Square , Soho to Little Argyll Street, West End"
"LINESTRING (-0.165471 51.498884,-0.141423 51.514499", "From Montpelier Street, Knightsbridge to Little Argyll Street, West End"
"LINESTRING (-0.18697 51.51616,-0.141423 51.514499", "From Bishop's Bridge Road West, Bayswater to Little Argyll Street, West End"
"LINESTRING (-0.100791 51.518218,-0.141423 51.514499", "From West Smithfield Rotunda, Farringdon to Little Argyll Street, West End"
"LINESTRING (-0.132053 51.518587,-0.141423 51.514499", "From Bayley Street , Bloomsbury to Little Argyll Street, West End"
"LINESTRING (-0.158456 51.502953,-0.141423 51.514499", "From Albert Gate, Hyde Park to Little Argyll Street, West End"
"LINESTRING (-0.118272 51.516277,-0.141423 51.514499", "From Lincoln's Inn Fields, Holborn to Little Argyll Street, West End"
"LINESTRING (-0.089887 51.520858,-0.141423 51.514499", "From Bunhill Row, Moorgate to Little Argyll Street, West End"
"LINESTRING (-0.075901 51.531091,-0.141423 51.514499", "From Hoxton Station, Hoxton to Little Argyll Street, West End"
"LINESTRING (-0.15934 51.500241,-0.141423 51.514499", "From Harriet Street, Knightsbridge to Little Argyll Street, West End"
"LINESTRING (-0.09294 51.511553,-0.141423 51.514499", "From Queen Street 1, Bank to Little Argyll Street, West End"
"LINESTRING (-0.099994 51.522853,-0.141423 51.514499", "From Berry Street, Clerkenwell to Little Argyll Street, West End"
"LINESTRING (-0.142943 51.496863,-0.141423 51.514499", "From Allington Street, Victoria to Little Argyll Street, West End"
"LINESTRING (-0.123616 51.529943,-0.141423 51.514499", "From Belgrove Street , King's Cross to Little Argyll Street, West End"
"LINESTRING (-0.187842 51.509908,-0.141423 51.514499", "From Black Lion Gate, Kensington Gardens to Little Argyll Street, West End"
"LINESTRING (-0.145211 51.520715,-0.141423 51.514499", "From Portland Place, Marylebone to Little Argyll Street, West End"
"LINESTRING (-0.143613 51.523518,-0.141423 51.514499", "From Bolsover Street, Fitzrovia to Little Argyll Street, West End"
"LINESTRING (-0.112432 51.526599,-0.141423 51.514499", "From Margery Street, Clerkenwell to Little Argyll Street, West End"
"LINESTRING (-0.169249 51.515953,-0.141423 51.514499", "From Southwick Street, Paddington to Little Argyll Street, West End"
"LINESTRING (-0.160854 51.535892,-0.141423 51.514499", "From Prince Albert Road, The Regent's Park to Little Argyll Street, West End"
"LINESTRING (-0.164393 51.516517,-0.141423 51.514499", "From Nutford Place, Marylebone to Little Argyll Street, West End"
"LINESTRING (-0.132053 51.518587,-0.141423 51.514499", "From Bayley Street , Bloomsbury to Little Argyll Street, West End"
"LINESTRING (-0.135025 51.518162,-0.141423 51.514499", "From Rathbone Street, Fitzrovia to Little Argyll Street, West End"
"LINESTRING (-0.10454 51.505461,-0.114934 51.49288", "From Blackfriars Road, Southwark to Lollard Street, Vauxhall"
"LINESTRING (-0.101536 51.49217,-0.114934 51.49288", "From Hampton Street, Walworth to Lollard Street, Vauxhall"
"LINESTRING (-0.113134 51.483145,-0.114934 51.49288", "From Kennington Oval, Oval to Lollard Street, Vauxhall"
"LINESTRING (-0.149551 51.477619,-0.114934 51.49288", "From Queen's Circus, Battersea Park to Lollard Street, Vauxhall"
"LINESTRING (-0.123179 51.506543,-0.114934 51.49288", "From Whitehall Place, Strand to Lollard Street, Vauxhall"
"LINESTRING (-0.162418 51.490083,-0.114934 51.49288", "From Royal Avenue 2, Chelsea to Lollard Street, Vauxhall"
"LINESTRING (-0.093885 51.517008,-0.114934 51.49288", "From Wood Street, Guildhall to Lollard Street, Vauxhall"
"LINESTRING (-0.099828 51.493146,-0.114934 51.49288", "From Strata, Elephant & Castle to Lollard Street, Vauxhall"
"LINESTRING (-0.113936 51.500139,-0.114934 51.49288", "From Lower Marsh, Waterloo to Lollard Street, Vauxhall"
"LINESTRING (-0.113936 51.500139,-0.114934 51.49288", "From Lower Marsh, Waterloo to Lollard Street, Vauxhall"
"LINESTRING (-0.103132 51.498744,-0.114934 51.49288", "From LSBU (Borough Road), Elephant & Castle to Lollard Street, Vauxhall"
"LINESTRING (-0.121723 51.510701,-0.114934 51.49288", "From Southampton Street, Strand to Lollard Street, Vauxhall"
"LINESTRING (-0.113134 51.483145,-0.114934 51.49288", "From Kennington Oval, Oval to Lollard Street, Vauxhall"
"LINESTRING (-0.103132 51.498744,-0.114934 51.49288", "From LSBU (Borough Road), Elephant & Castle to Lollard Street, Vauxhall"
"LINESTRING (-0.110699 51.501444,-0.114934 51.49288", "From Baylis Road, Waterloo to Lollard Street, Vauxhall"
"LINESTRING (-0.125972 51.49764,-0.114934 51.49288", "From Abingdon Green, Westminster to Lollard Street, Vauxhall"
"LINESTRING (-0.113134 51.483145,-0.114934 51.49288", "From Kennington Oval, Oval to Lollard Street, Vauxhall"
"LINESTRING (-0.091773 51.504627,-0.114934 51.49288", "From Hop Exchange, The Borough to Lollard Street, Vauxhall"
"LINESTRING (-0.09294 51.511553,-0.114934 51.49288", "From Queen Street 1, Bank to Lollard Street, Vauxhall"
"LINESTRING (-0.117495 51.498241,-0.114934 51.49288", "From Archbishop's Park, Waterloo to Lollard Street, Vauxhall"
"LINESTRING (-0.121723 51.510701,-0.114934 51.49288", "From Southampton Street, Strand to Lollard Street, Vauxhall"
"LINESTRING (-0.111606 51.505569,-0.114934 51.49288", "From Stamford Street, South Bank to Lollard Street, Vauxhall"
"LINESTRING (-0.116625 51.486965,-0.114934 51.49288", "From Vauxhall Street, Vauxhall to Lollard Street, Vauxhall"
"LINESTRING (-0.091773 51.504627,-0.114934 51.49288", "From Hop Exchange, The Borough to Lollard Street, Vauxhall"
"LINESTRING (-0.105593 51.488852,-0.114934 51.49288", "From Kennington Station, Kennington to Lollard Street, Vauxhall"
"LINESTRING (-0.129698 51.500703,-0.114934 51.49288", "From Storey's Gate, Westminster to Lollard Street, Vauxhall"
"LINESTRING (-0.099828 51.493146,-0.114934 51.49288", "From Strata, Elephant & Castle to Lollard Street, Vauxhall"
"LINESTRING (-0.123179 51.506543,-0.114934 51.49288", "From Whitehall Place, Strand to Lollard Street, Vauxhall"
"LINESTRING (-0.139625 51.490962,-0.135478 51.495827", "From Gloucester Street, Pimlico to Rochester Row, Westminster"
"LINESTRING (-0.161113 51.522596,-0.135478 51.495827", "From Dorset Square, Marylebone to Rochester Row, Westminster"
"LINESTRING (-0.152248 51.467185,-0.135478 51.495827", "From Ashley Crescent, Battersea to Rochester Row, Westminster"
"LINESTRING (-0.176267 51.472876,-0.135478 51.495827", "From Vicarage Crescent, Battersea to Rochester Row, Westminster"
"LINESTRING (-0.138364 51.492111,-0.135478 51.495827", "From Tachbrook Street, Victoria to Rochester Row, Westminster"
"LINESTRING (-0.149569 51.50274,-0.135478 51.495827", "From Wellington Arch, Hyde Park to Rochester Row, Westminster"
"LINESTRING (-0.124642 51.481747,-0.135478 51.495827", "From South Lambeth Road, Vauxhall to Rochester Row, Westminster"
"LINESTRING (-0.129361 51.488365,-0.135478 51.495827", "From Vauxhall Bridge , Pimlico to Rochester Row, Westminster"
"LINESTRING (-0.124642 51.481747,-0.135478 51.495827", "From South Lambeth Road, Vauxhall to Rochester Row, Westminster"
"LINESTRING (-0.141923 51.489856,-0.135478 51.495827", "From Warwick Square, Pimlico to Rochester Row, Westminster"
"LINESTRING (-0.079249 51.518908,-0.135478 51.495827", "From Brushfield Street, Liverpool Street to Rochester Row, Westminster"
"LINESTRING (-0.130699 51.50777,-0.135478 51.495827", "From Pall Mall East, West End to Rochester Row, Westminster"
"LINESTRING (-0.139956 51.493573,-0.135478 51.495827", "From Queen Mother Sports Centre, Victoria to Rochester Row, Westminster"
"LINESTRING (-0.127554 51.493978,-0.135478 51.495827", "From Page Street, Westminster to Rochester Row, Westminster"
"LINESTRING (-0.139956 51.493573,-0.135478 51.495827", "From Queen Mother Sports Centre, Victoria to Rochester Row, Westminster"
"LINESTRING (-0.149551 51.477619,-0.135478 51.495827", "From Queen's Circus, Battersea Park to Rochester Row, Westminster"
"LINESTRING (-0.10548 51.532199,-0.090847 51.525893", "From Torrens Street, Angel to Bath Street, St. Luke's"
"LINESTRING (-0.096317 51.526008,-0.090847 51.525893", "From Finsbury Leisure Centre, St. Luke's to Bath Street, St. Luke's"
"LINESTRING (-0.09734 51.520841,-0.090847 51.525893", "From Aldersgate Street, Barbican to Bath Street, St. Luke's"
"LINESTRING (-0.09294 51.51397,-0.090847 51.525893", "From Cheapside, Bank to Bath Street, St. Luke's"
"LINESTRING (-0.099828 51.493146,-0.090847 51.525893", "From Strata, Elephant & Castle to Bath Street, St. Luke's"
"LINESTRING (-0.086685 51.517075,-0.090847 51.525893", "From Finsbury Circus, Liverpool Street to Bath Street, St. Luke's"
"LINESTRING (-0.074284 51.539328,-0.090847 51.525893", "From Haggerston Road, Haggerston to Bath Street, St. Luke's"
"LINESTRING (-0.04915 51.498439,-0.090847 51.525893", "From Canada Water Station, Rotherhithe to Bath Street, St. Luke's"
"LINESTRING (-0.129386 51.534123,-0.090847 51.525893", "From Pancras Road, King's Cross to Bath Street, St. Luke's"
"LINESTRING (-0.0801 51.52959,-0.090847 51.525893", "From Hoxton Street, Hoxton to Bath Street, St. Luke's"
"LINESTRING (-0.124749 51.509462,-0.090847 51.525893", "From William IV Street, Strand to Bath Street, St. Luke's"
"LINESTRING (-0.099994 51.522853,-0.090847 51.525893", "From Berry Street, Clerkenwell to Bath Street, St. Luke's"
"LINESTRING (-0.086379 51.534042,-0.090847 51.525893", "From Shoreditch Park, Hoxton to Bath Street, St. Luke's"
"LINESTRING (-0.087587 51.514441,-0.090847 51.525893", "From Bank of England Museum, Bank to Bath Street, St. Luke's"
"LINESTRING (-0.106408 51.530515,-0.090847 51.525893", "From Chadwell Street, Angel to Bath Street, St. Luke's"
"LINESTRING (-0.090847 51.525893,-0.090847 51.525893", "From Bath Street, St. Luke's to Bath Street, St. Luke's"
"LINESTRING (-0.09294 51.51397,-0.090847 51.525893", "From Cheapside, Bank to Bath Street, St. Luke's"
"LINESTRING (-0.108657 51.51795,-0.090847 51.525893", "From Holborn Circus, Holborn to Bath Street, St. Luke's"
"LINESTRING (-0.09315 51.53356,-0.090847 51.525893", "From Eagle Wharf Road, Hoxton to Bath Street, St. Luke's"
"LINESTRING (-0.089782 51.53089,-0.090847 51.525893", "From Murray Grove , Hoxton to Bath Street, St. Luke's"
"LINESTRING (-0.102757 51.536384,-0.090847 51.525893", "From Islington Green, Angel to Bath Street, St. Luke's"
"LINESTRING (-0.09315 51.53356,-0.090847 51.525893", "From Eagle Wharf Road, Hoxton to Bath Street, St. Luke's"
"LINESTRING (-0.09315 51.53356,-0.090847 51.525893", "From Eagle Wharf Road, Hoxton to Bath Street, St. Luke's"
"LINESTRING (-0.089782 51.53089,-0.090847 51.525893", "From Murray Grove , Hoxton to Bath Street, St. Luke's"
"LINESTRING (-0.09294 51.51397,-0.090847 51.525893", "From Cheapside, Bank to Bath Street, St. Luke's"
"LINESTRING (-0.112824 51.503791,-0.090847 51.525893", "From Waterloo Station 3, Waterloo to Bath Street, St. Luke's"
"LINESTRING (-0.09315 51.53356,-0.090847 51.525893", "From Eagle Wharf Road, Hoxton to Bath Street, St. Luke's"
"LINESTRING (-0.097441 51.511961,-0.090847 51.525893", "From Queen Victoria Street, St. Paul's to Bath Street, St. Luke's"
"LINESTRING (-0.090847 51.525893,-0.090847 51.525893", "From Bath Street, St. Luke's to Bath Street, St. Luke's"
"LINESTRING (-0.108028 51.518825,-0.090847 51.525893", "From Hatton Garden, Holborn to Bath Street, St. Luke's"
"LINESTRING (-0.118272 51.516277,-0.090847 51.525893", "From Lincoln's Inn Fields, Holborn to Bath Street, St. Luke's"
"LINESTRING (-0.09315 51.53356,-0.090847 51.525893", "From Eagle Wharf Road, Hoxton to Bath Street, St. Luke's"
"LINESTRING (-0.102757 51.536384,-0.090847 51.525893", "From Islington Green, Angel to Bath Street, St. Luke's"
"LINESTRING (-0.116191 51.535467,-0.090847 51.525893", "From Carnegie Street, King's Cross to Bath Street, St. Luke's"
"LINESTRING (-0.091401 51.518093,-0.090847 51.525893", "From Fore Street Avenue, Guildhall to Bath Street, St. Luke's"
"LINESTRING (-0.093421 51.529154,-0.090847 51.525893", "From Windsor Terrace, Hoxton to Bath Street, St. Luke's"
"LINESTRING (-0.089782 51.53089,-0.090847 51.525893", "From Murray Grove , Hoxton to Bath Street, St. Luke's"
"LINESTRING (-0.065076 51.52388,-0.090847 51.525893", "From Cheshire Street, Bethnal Green to Bath Street, St. Luke's"
"LINESTRING (-0.103132 51.498744,-0.09308 51.515735", "From LSBU (Borough Road), Elephant & Castle to The Guildhall, Guildhall"
"LINESTRING (-0.124678 51.51908,-0.09308 51.515735", "From British Museum, Bloomsbury to The Guildhall, Guildhall"
"LINESTRING (-0.093903 51.530991,-0.09308 51.515735", "From Wenlock Road , Hoxton to The Guildhall, Guildhall"
"LINESTRING (-0.112824 51.503791,-0.09308 51.515735", "From Waterloo Station 3, Waterloo to The Guildhall, Guildhall"
"LINESTRING (-0.075375 51.528187,-0.09308 51.515735", "From Columbia Road, Shoreditch to The Guildhall, Guildhall"
"LINESTRING (-0.074704 51.500845,-0.09308 51.515735", "From Tower Wharf, Bermondsey to The Guildhall, Guildhall"
"LINESTRING (-0.099828 51.493146,-0.09308 51.515735", "From Strata, Elephant & Castle to The Guildhall, Guildhall"
"LINESTRING (-0.102208 51.526153,-0.09308 51.515735", "From Percival Street, Finsbury to The Guildhall, Guildhall"
"LINESTRING (-0.08299 51.53213,-0.09308 51.515735", "From Pitfield Street Central, Hoxton to The Guildhall, Guildhall"
"LINESTRING (-0.115851 51.505044,-0.09308 51.515735", "From Concert Hall Approach 1, South Bank to The Guildhall, Guildhall"
"LINESTRING (-0.054162 51.536424,-0.09308 51.515735", "From Victoria Park Road, Hackney Central to The Guildhall, Guildhall"
"LINESTRING (-0.112824 51.503791,-0.09308 51.515735", "From Waterloo Station 3, Waterloo to The Guildhall, Guildhall"
"LINESTRING (-0.145246 51.539957,-0.156166 51.518913", "From Arlington Road, Camden Town to Baker Street, Marylebone"
"LINESTRING (-0.140485 51.519181,-0.156166 51.518913", "From Foley Street, Fitzrovia to Baker Street, Marylebone"
"LINESTRING (-0.205876 51.475698,-0.156166 51.518913", "From Chesilton Road, Fulham to Baker Street, Marylebone"
"LINESTRING (-0.165842 51.522029,-0.156166 51.518913", "From Bell Street , Marylebone to Baker Street, Marylebone"
"LINESTRING (-0.147203 51.515308,-0.156166 51.518913", "From Chapel Place, Marylebone to Baker Street, Marylebone"
"LINESTRING (-0.158456 51.502953,-0.156166 51.518913", "From Albert Gate, Hyde Park to Baker Street, Marylebone"
"LINESTRING (-0.157183 51.52026,-0.156166 51.518913", "From Crawford Street, Marylebone to Baker Street, Marylebone"
"LINESTRING (-0.172528 51.533043,-0.156166 51.518913", "From Wellington Road, St. John's Wood to Baker Street, Marylebone"
"LINESTRING (-0.183834 51.497924,-0.156166 51.518913", "From Gloucester Road (North), Kensington to Baker Street, Marylebone"
"LINESTRING (-0.121723 51.510701,-0.156166 51.518913", "From Southampton Street, Strand to Baker Street, Marylebone"
"LINESTRING (-0.127554 51.493978,-0.156166 51.518913", "From Page Street, Westminster to Baker Street, Marylebone"
"LINESTRING (-0.17581 51.517335,-0.156166 51.518913", "From South Wharf Road, Paddington to Baker Street, Marylebone"
"LINESTRING (-0.147983 51.519167,-0.156166 51.518913", "From New Cavendish Street, Marylebone to Baker Street, Marylebone"
"LINESTRING (-0.156166 51.518913,-0.156166 51.518913", "From Baker Street, Marylebone to Baker Street, Marylebone"
"LINESTRING (-0.151926 51.516814,-0.156166 51.518913", "From Hinde Street, Marylebone to Baker Street, Marylebone"
"LINESTRING (-0.176645 51.518622,-0.156166 51.518913", "From North Wharf Road, Paddington to Baker Street, Marylebone"
"LINESTRING (-0.179135 51.516417,-0.156166 51.518913", "From Eastbourne Mews, Paddington to Baker Street, Marylebone"
"LINESTRING (-0.148105 51.514759,-0.156166 51.518913", "From Marylebone Lane, Marylebone to Baker Street, Marylebone"
"LINESTRING (-0.163609 51.51809,-0.156166 51.518913", "From Shouldham Street, Marylebone to Baker Street, Marylebone"
"LINESTRING (-0.151926 51.516814,-0.156166 51.518913", "From Hinde Street, Marylebone to Baker Street, Marylebone"
"LINESTRING (-0.18377 51.5171,-0.156166 51.518913", "From Bishop's Bridge Road East, Bayswater to Baker Street, Marylebone"
"LINESTRING (-0.17581 51.517335,-0.156166 51.518913", "From South Wharf Road, Paddington to Baker Street, Marylebone"
"LINESTRING (-0.179668 51.511654,-0.156166 51.518913", "From Lancaster Gate , Bayswater to Baker Street, Marylebone"
"LINESTRING (-0.172528 51.533043,-0.156166 51.518913", "From Wellington Road, St. John's Wood to Baker Street, Marylebone"
"LINESTRING (-0.191496 51.503157,-0.156166 51.518913", "From Kensington Church Street, Kensington to Baker Street, Marylebone"
"LINESTRING (-0.185296 51.495362,-0.156166 51.518913", "From Emperor's Gate, South Kensington to Baker Street, Marylebone"
"LINESTRING (-0.165164 51.514746,-0.156166 51.518913", "From Porchester Place, Paddington to Baker Street, Marylebone"
"LINESTRING (-0.08249 51.53558,-0.078869 51.521113", "From Pitfield Street North,Hoxton to Norton Folgate, Liverpool Street"
"LINESTRING (-0.079201 51.537277,-0.078869 51.521113", "From Hertford Road, De Beauvoir Town to Norton Folgate, Liverpool Street"
"LINESTRING (-0.075375 51.528187,-0.078869 51.521113", "From Columbia Road, Shoreditch to Norton Folgate, Liverpool Street"
"LINESTRING (-0.085814 51.495061,-0.078869 51.521113", "From Bricklayers Arms, Borough to Norton Folgate, Liverpool Street"
"LINESTRING (-0.079608 51.521668,-0.078869 51.521113", "From Worship Street, Shoreditch to Norton Folgate, Liverpool Street"
"LINESTRING (-0.118256 51.47659,-0.078869 51.521113", "From Albert Square, Stockwell to Norton Folgate, Liverpool Street"
"LINESTRING (-0.083159 51.500889,-0.078869 51.521113", "From Tyers Gate, Bermondsey to Norton Folgate, Liverpool Street"
"LINESTRING (-0.100168 51.530344,-0.078869 51.521113", "From City Road, Angel to Norton Folgate, Liverpool Street"
"LINESTRING (-0.057544 51.504749,-0.078869 51.521113", "From Wapping Lane, Wapping to Norton Folgate, Liverpool Street"
"LINESTRING (-0.07813 51.526377,-0.078869 51.521113", "From Shoreditch High Street, Shoreditch to Norton Folgate, Liverpool Street"
"LINESTRING (-0.081608 51.497855,-0.078869 51.521113", "From Bermondsey Street, Bermondsey to Norton Folgate, Liverpool Street"
"LINESTRING (-0.094475 51.521747,-0.078869 51.521113", "From Golden Lane, Barbican to Norton Folgate, Liverpool Street"
"LINESTRING (-0.060291 51.535716,-0.078869 51.521113", "From Ada Street, Hackney Central to Norton Folgate, Liverpool Street"
"LINESTRING (-0.107987 51.517428,-0.078869 51.521113", "From New Fetter Lane, Holborn to Norton Folgate, Liverpool Street"
"LINESTRING (-0.083067 51.523196,-0.078869 51.521113", "From Clifton Street, Shoreditch to Norton Folgate, Liverpool Street"
"LINESTRING (-0.112824 51.503791,-0.078869 51.521113", "From Waterloo Station 3, Waterloo to Norton Folgate, Liverpool Street"
"LINESTRING (-0.104708 51.52326,-0.078869 51.521113", "From Clerkenwell Green, Clerkenwell to Norton Folgate, Liverpool Street"
"LINESTRING (-0.086685 51.517075,-0.104724 51.52836", "From Finsbury Circus, Liverpool Street to St. John Street, Finsbury"
"LINESTRING (-0.104708 51.52326,-0.104724 51.52836", "From Clerkenwell Green, Clerkenwell to St. John Street, Finsbury"
"LINESTRING (-0.074754 51.523648,-0.104724 51.52836", "From Bethnal Green Road, Shoreditch to St. John Street, Finsbury"
"LINESTRING (-0.038557 51.541515,-0.104724 51.52836", "From Gascoyne Road, Victoria Park to St. John Street, Finsbury"
"LINESTRING (-0.089659 51.52548,-0.104724 51.52836", "From Old Street Station, St. Luke's to St. John Street, Finsbury"
"LINESTRING (-0.096317 51.526008,-0.104724 51.52836", "From Finsbury Leisure Centre, St. Luke's to St. John Street, Finsbury"
"LINESTRING (-0.06555 51.528681,-0.104724 51.52836", "From Durant Street, Bethnal Green to St. John Street, Finsbury"
"LINESTRING (-0.086016 51.53114,-0.104724 51.52836", "From New North Road 2, Hoxton to St. John Street, Finsbury"
"LINESTRING (-0.098807 51.506725,-0.104724 51.52836", "From Tate Modern, Bankside to St. John Street, Finsbury"
"LINESTRING (-0.112721 51.536392,-0.104724 51.52836", "From Charlotte Terrace, Angel to St. John Street, Finsbury"
"LINESTRING (-0.109006 51.521661,-0.104724 51.52836", "From Hatton Wall, Holborn to St. John Street, Finsbury"
"LINESTRING (-0.142943 51.496863,-0.150905 51.496544", "From Allington Street, Victoria to Eaton Square, Belgravia"
"LINESTRING (-0.174971 51.485121,-0.150905 51.496544", "From The Vale, Chelsea to Eaton Square, Belgravia"
"LINESTRING (-0.169821 51.466633,-0.150905 51.496544", "From Falcon Road, Clapham Junction to Eaton Square, Belgravia"
"LINESTRING (-0.136928 51.493985,-0.150905 51.496544", "From Vincent Square, Westminster to Eaton Square, Belgravia"
"LINESTRING (-0.209494 51.498157,-0.150905 51.496544", "From Kensington Olympia Station, Olympia to Eaton Square, Belgravia"
"LINESTRING (-0.205284 51.496712,-0.150905 51.496544", "From Warwick Road, Olympia to Eaton Square, Belgravia"
"LINESTRING (-0.147478 51.492369,-0.150905 51.496544", "From Elizabeth Bridge, Victoria to Eaton Square, Belgravia"
"LINESTRING (-0.112753 51.51501,-0.150905 51.496544", "From Carey Street, Holborn to Eaton Square, Belgravia"
"LINESTRING (-0.193068 51.500397,-0.150905 51.496544", "From Wright's Lane, Kensington to Eaton Square, Belgravia"
"LINESTRING (-0.147449 51.509351,-0.150905 51.496544", "From Farm Street, Mayfair to Eaton Square, Belgravia"
"LINESTRING (-0.156876 51.49313,-0.150905 51.496544", "From Sedding Street, Sloane Square to Eaton Square, Belgravia"
"LINESTRING (-0.18697 51.51616,-0.150905 51.496544", "From Bishop's Bridge Road West, Bayswater to Eaton Square, Belgravia"
"LINESTRING (-0.193068 51.500397,-0.150905 51.496544", "From Wright's Lane, Kensington to Eaton Square, Belgravia"
"LINESTRING (-0.105312 51.504043,-0.094524 51.500694", "From Southwark Station 1, Southwark to Borough High Street, The Borough"
"LINESTRING (-0.115781 51.464019,-0.094524 51.500694", "From Ferndale Road, Brixton to Borough High Street, The Borough"
"LINESTRING (-0.113936 51.500139,-0.094524 51.500694", "From Lower Marsh, Waterloo to Borough High Street, The Borough"
"LINESTRING (-0.074754 51.523648,-0.094524 51.500694", "From Bethnal Green Road, Shoreditch to Borough High Street, The Borough"
"LINESTRING (-0.081608 51.497855,-0.094524 51.500694", "From Bermondsey Street, Bermondsey to Borough High Street, The Borough"
"LINESTRING (-0.119643 51.511756,-0.094524 51.500694", "From Wellington Street , Strand to Borough High Street, The Borough"
"LINESTRING (-0.111471 51.479601,-0.094524 51.500694", "From Cranmer Road, Stockwell to Borough High Street, The Borough"
"LINESTRING (-0.09734 51.520841,-0.094524 51.500694", "From Aldersgate Street, Barbican to Borough High Street, The Borough"
"LINESTRING (-0.103132 51.498744,-0.094524 51.500694", "From LSBU (Borough Road), Elephant & Castle to Borough High Street, The Borough"
"LINESTRING (-0.093913 51.496791,-0.094524 51.500694", "From Dickens Square, Borough to Borough High Street, The Borough"
"LINESTRING (-0.102091 51.500693,-0.094524 51.500694", "From Webber Street , Southwark to Borough High Street, The Borough"
"LINESTRING (-0.09734 51.520841,-0.094524 51.500694", "From Aldersgate Street, Barbican to Borough High Street, The Borough"
"LINESTRING (-0.116493 51.477839,-0.094524 51.500694", "From Caldwell Street, Stockwell to Borough High Street, The Borough"
"LINESTRING (-0.09294 51.511553,-0.094524 51.500694", "From Queen Street 1, Bank to Borough High Street, The Borough"
"LINESTRING (-0.110683 51.484788,-0.094524 51.500694", "From Kennington Road Post Office, Oval to Borough High Street, The Borough"
"LINESTRING (-0.140947 51.49616,-0.094524 51.500694", "From Ashley Place, Victoria to Borough High Street, The Borough"
"LINESTRING (-0.117974 51.494881,-0.094524 51.500694", "From Lambeth Road, Vauxhall to Borough High Street, The Borough"
"LINESTRING (-0.114605 51.495656,-0.094524 51.500694", "From Sail Street, Vauxhall to Borough High Street, The Borough"
"LINESTRING (-0.110699 51.501444,-0.094524 51.500694", "From Baylis Road, Waterloo to Borough High Street, The Borough"
"LINESTRING (-0.113936 51.500139,-0.094524 51.500694", "From Lower Marsh, Waterloo to Borough High Street, The Borough"
"LINESTRING (-0.088285 51.519069,-0.094524 51.500694", "From Moorfields, Moorgate to Borough High Street, The Borough"
"LINESTRING (-0.108657 51.51795,-0.096496 51.517821", "From Holborn Circus, Holborn to Museum of London, Barbican"
"LINESTRING (-0.096317 51.526008,-0.096496 51.517821", "From Finsbury Leisure Centre, St. Luke's to Museum of London, Barbican"
"LINESTRING (-0.077121 51.511594,-0.096496 51.517821", "From Crosswall, Tower to Museum of London, Barbican"
"LINESTRING (-0.073955 51.526293,-0.096496 51.517821", "From Palissy Street, Shoreditch to Museum of London, Barbican"
"LINESTRING (-0.096317 51.526008,-0.096496 51.517821", "From Finsbury Leisure Centre, St. Luke's to Museum of London, Barbican"
"LINESTRING (-0.094524 51.500694,-0.096496 51.517821", "From Borough High Street, The Borough to Museum of London, Barbican"
"LINESTRING (-0.102757 51.536384,-0.096496 51.517821", "From Islington Green, Angel to Museum of London, Barbican"
"LINESTRING (-0.193764 51.508605,-0.096496 51.517821", "From Palace Gardens Terrace, Notting Hill to Museum of London, Barbican"
"LINESTRING (-0.093903 51.530991,-0.096496 51.517821", "From Wenlock Road , Hoxton to Museum of London, Barbican"
"LINESTRING (-0.108028 51.518825,-0.096496 51.517821", "From Hatton Garden, Holborn to Museum of London, Barbican"
"LINESTRING (-0.079249 51.518908,-0.096496 51.517821", "From Brushfield Street, Liverpool Street to Museum of London, Barbican"
"LINESTRING (-0.055656 51.514222,-0.096496 51.517821", "From Watney Market, Stepney to Museum of London, Barbican"
"LINESTRING (-0.107927 51.513821,-0.096496 51.517821", "From Bouverie Street, Temple to Museum of London, Barbican"
"LINESTRING (-0.108028 51.518825,-0.096496 51.517821", "From Hatton Garden, Holborn to Museum of London, Barbican"
"LINESTRING (-0.06111 51.518675,-0.096496 51.517821", "From Royal London Hospital, Whitechapel to Museum of London, Barbican"
"LINESTRING (-0.054883 51.522561,-0.096496 51.517821", "From Cephas Street, Bethnal Green to Museum of London, Barbican"
"LINESTRING (-0.136039 51.519914,-0.096496 51.517821", "From Scala Street, Fitzrovia to Museum of London, Barbican"
"LINESTRING (-0.116542 51.504636,-0.096496 51.517821", "From Jubilee Gardens, South Bank to Museum of London, Barbican"
"LINESTRING (-0.106992 51.534504,-0.096496 51.517821", "From Liverpool Road (N1 Centre), Angel to Museum of London, Barbican"
"LINESTRING (-0.141923 51.489856,-0.096496 51.517821", "From Warwick Square, Pimlico to Museum of London, Barbican"
"LINESTRING (-0.093903 51.530991,-0.096496 51.517821", "From Wenlock Road , Hoxton to Museum of London, Barbican"
"LINESTRING (-0.06691 51.507131,-0.096496 51.517821", "From Nesham Street, Wapping to Museum of London, Barbican"
"LINESTRING (-0.106408 51.530515,-0.096496 51.517821", "From Chadwell Street, Angel to Museum of London, Barbican"
"LINESTRING (-0.0985 51.51601,-0.093885 51.517008", "From King Edward Street, St Pauls to Wood Street, Guildhall"
"LINESTRING (-0.236769 51.494223,-0.093885 51.517008", "From Ravenscourt Park Station, Hammersmith to Wood Street, Guildhall"
"LINESTRING (-0.084439 51.524696,-0.093885 51.517008", "From Leonard Circus , Shoreditch to Wood Street, Guildhall"
"LINESTRING (-0.116764 51.51362,-0.093885 51.517008", "From Houghton Street, Strand to Wood Street, Guildhall"
"LINESTRING (-0.112824 51.503791,-0.093885 51.517008", "From Waterloo Station 3, Waterloo to Wood Street, Guildhall"
"LINESTRING (-0.093885 51.517008,-0.093885 51.517008", "From Wood Street, Guildhall to Wood Street, Guildhall"
"LINESTRING (-0.114934 51.49288,-0.093885 51.517008", "From Lollard Street, Vauxhall to Wood Street, Guildhall"
"LINESTRING (-0.0985 51.51601,-0.093885 51.517008", "From King Edward Street, St Pauls to Wood Street, Guildhall"
"LINESTRING (-0.091773 51.504627,-0.093885 51.517008", "From Hop Exchange, The Borough to Wood Street, Guildhall"
"LINESTRING (-0.057544 51.504749,-0.093885 51.517008", "From Wapping Lane, Wapping to Wood Street, Guildhall"
"LINESTRING (-0.114079 51.522264,-0.093885 51.517008", "From Northington Street , Holborn to Wood Street, Guildhall"
"LINESTRING (-0.074431 51.519362,-0.093885 51.517008", "From Fournier Street, Whitechapel to Wood Street, Guildhall"
"LINESTRING (-0.079248 51.524526,-0.093885 51.517008", "From New Inn Yard, Shoreditch to Wood Street, Guildhall"
"LINESTRING (-0.134621 51.507424,-0.093885 51.517008", "From St. James's Square, St. James's to Wood Street, Guildhall"
"LINESTRING (-0.085814 51.495061,-0.093885 51.517008", "From Bricklayers Arms, Borough to Wood Street, Guildhall"
"LINESTRING (-0.08299 51.53213,-0.093885 51.517008", "From Pitfield Street Central, Hoxton to Wood Street, Guildhall"
"LINESTRING (-0.069543 51.525645,-0.093885 51.517008", "From Granby Street, Shoreditch to Wood Street, Guildhall"
"LINESTRING (-0.112824 51.503791,-0.093885 51.517008", "From Waterloo Station 3, Waterloo to Wood Street, Guildhall"
"LINESTRING (-0.074754 51.523648,-0.093885 51.517008", "From Bethnal Green Road, Shoreditch to Wood Street, Guildhall"
"LINESTRING (-0.069542 51.512363,-0.093885 51.517008", "From Leman Street, Aldgate to Wood Street, Guildhall"
"LINESTRING (-0.174554 51.499917,-0.185296 51.495362", "From Exhibition Road, Knightsbridge to Emperor's Gate, South Kensington"
"LINESTRING (-0.179369 51.487196,-0.185296 51.495362", "From Drayton Gardens, West Chelsea to Emperor's Gate, South Kensington"
"LINESTRING (-0.202038 51.48357,-0.185296 51.495362", "From Coomer Place, West Kensington to Emperor's Gate, South Kensington"
"LINESTRING (-0.170329 51.477684,-0.185296 51.495362", "From Westbridge Road, Battersea to Emperor's Gate, South Kensington"
"LINESTRING (-0.17306 51.505014,-0.185296 51.495362", "From Serpentine Car Park, Hyde Park to Emperor's Gate, South Kensington"
"LINESTRING (-0.198286 51.493724,-0.185296 51.495362", "From West Cromwell Road, Earl's Court to Emperor's Gate, South Kensington"
"LINESTRING (-0.16716 51.47518,-0.185296 51.495362", "From Surrey Lane, Battersea to Emperor's Gate, South Kensington"
"LINESTRING (-0.137043 51.511897,-0.185296 51.495362", "From Golden Square, Soho to Emperor's Gate, South Kensington"
"LINESTRING (-0.173715 51.491211,-0.185296 51.495362", "From Sumner Place, South Kensington to Emperor's Gate, South Kensington"
"LINESTRING (-0.173715 51.491211,-0.185296 51.495362", "From Sumner Place, South Kensington to Emperor's Gate, South Kensington"
"LINESTRING (-0.179702 51.499428,-0.185296 51.495362", "From Imperial College, Knightsbridge to Emperor's Gate, South Kensington"
"LINESTRING (-0.188098 51.517919,-0.185296 51.495362", "From Gloucester Terrace, Bayswater to Emperor's Gate, South Kensington"
"LINESTRING (-0.158105 51.494645,-0.185296 51.495362", "From Cadogan Place, Knightsbridge to Emperor's Gate, South Kensington"
"LINESTRING (-0.165471 51.498884,-0.185296 51.495362", "From Montpelier Street, Knightsbridge to Emperor's Gate, South Kensington"
"LINESTRING (-0.174347 51.476964,-0.185296 51.495362", "From Battersea Church Road, Battersea to Emperor's Gate, South Kensington"
"LINESTRING (-0.147478 51.492369,-0.185296 51.495362", "From Elizabeth Bridge, Victoria to Emperor's Gate, South Kensington"
"LINESTRING (-0.174554 51.499917,-0.185296 51.495362", "From Exhibition Road, Knightsbridge to Emperor's Gate, South Kensington"
"LINESTRING (-0.179369 51.487196,-0.185296 51.495362", "From Drayton Gardens, West Chelsea to Emperor's Gate, South Kensington"
"LINESTRING (-0.124749 51.509462,-0.185296 51.495362", "From William IV Street, Strand to Emperor's Gate, South Kensington"
"LINESTRING (-0.191496 51.503157,-0.185296 51.495362", "From Kensington Church Street, Kensington to Emperor's Gate, South Kensington"
"LINESTRING (-0.191933 51.495866,-0.185296 51.495362", "From Lexham Gardens, Kensington to Emperor's Gate, South Kensington"
"LINESTRING (-0.137043 51.511897,-0.185296 51.495362", "From Golden Square, Soho to Emperor's Gate, South Kensington"
"LINESTRING (-0.11655 51.51824,-0.137043 51.511897", "From Red Lion Street, Holborn to Golden Square, Soho"
"LINESTRING (-0.139016 51.520994,-0.137043 51.511897", "From Howland Street, Fitzrovia to Golden Square, Soho"
"LINESTRING (-0.114934 51.49288,-0.137043 51.511897", "From Lollard Street, Vauxhall to Golden Square, Soho"
"LINESTRING (-0.223616 51.485743,-0.137043 51.511897", "From Manbre Road, Hammersmith to Golden Square, Soho"
"LINESTRING (-0.151926 51.516814,-0.137043 51.511897", "From Hinde Street, Marylebone to Golden Square, Soho"
"LINESTRING (-0.147154 51.537349,-0.137043 51.511897", "From Gloucester Avenue, Camden Town to Golden Square, Soho"
"LINESTRING (-0.123258 51.476149,-0.137043 51.511897", "From Teversham Lane, Stockwell to Golden Square, Soho"
"LINESTRING (-0.109025 51.534408,-0.137043 51.511897", "From Cloudesley Road, Angel to Golden Square, Soho"
"LINESTRING (-0.125972 51.49764,-0.137043 51.511897", "From Abingdon Green, Westminster to Golden Square, Soho"
"LINESTRING (-0.089782 51.53089,-0.137043 51.511897", "From Murray Grove , Hoxton to Golden Square, Soho"
"LINESTRING (-0.197245 51.497387,-0.137043 51.511897", "From Abingdon Villas, Kensington to Golden Square, Soho"
"LINESTRING (-0.121394 51.493699,-0.137043 51.511897", "From Fire Brigade Pier, Vauxhall to Golden Square, Soho"
"LINESTRING (-0.141327 51.520253,-0.137043 51.511897", "From Great Titchfield Street, Fitzrovia to Golden Square, Soho"
"LINESTRING (-0.193487 51.513735,-0.137043 51.511897", "From Hereford Road, Bayswater to Golden Square, Soho"
"LINESTRING (-0.160854 51.535892,-0.137043 51.511897", "From Prince Albert Road, The Regent's Park to Golden Square, Soho"
"LINESTRING (-0.147449 51.509351,-0.137043 51.511897", "From Farm Street, Mayfair to Golden Square, Soho"
"LINESTRING (-0.160854 51.535892,-0.137043 51.511897", "From Prince Albert Road, The Regent's Park to Golden Square, Soho"
"LINESTRING (-0.104947 51.516785,-0.137043 51.511897", "From Farringdon Street, Holborn to Golden Square, Soho"
"LINESTRING (-0.08299 51.53213,-0.137043 51.511897", "From Pitfield Street Central, Hoxton to Golden Square, Soho"
"LINESTRING (-0.158249 51.516892,-0.137043 51.511897", "From George Place Mews, Marylebone to Golden Square, Soho"
"LINESTRING (-0.150666 51.506864,-0.137043 51.511897", "From Stanhope Gate, Mayfair to Golden Square, Soho"
"LINESTRING (-0.191496 51.503157,-0.137043 51.511897", "From Kensington Church Street, Kensington to Golden Square, Soho"
"LINESTRING (-0.167515 51.530529,-0.137043 51.511897", "From St. John's Wood Church, The Regent's Park to Golden Square, Soho"
"LINESTRING (-0.185296 51.495362,-0.137043 51.511897", "From Emperor's Gate, South Kensington to Golden Square, Soho"
"LINESTRING (-0.10454 51.505461,-0.137043 51.511897", "From Blackfriars Road, Southwark to Golden Square, Soho"
"LINESTRING (-0.123616 51.529943,-0.137043 51.511897", "From Belgrove Street , King's Cross to Golden Square, Soho"
"LINESTRING (-0.17524 51.48902,-0.137043 51.511897", "From South Parade, Chelsea to Golden Square, Soho"
"LINESTRING (-0.128279 51.5293,-0.137043 51.511897", "From Ossulston Street, Somers Town to Golden Square, Soho"
"LINESTRING (-0.18697 51.51616,-0.137043 51.511897", "From Bishop's Bridge Road West, Bayswater to Golden Square, Soho"
"LINESTRING (-0.08249 51.53558,-0.137043 51.511897", "From Pitfield Street North,Hoxton to Golden Square, Soho"
"LINESTRING (-0.168074 51.5343,-0.137043 51.511897", "From Charlbert Street, St. John's Wood to Golden Square, Soho"
"LINESTRING (-0.17524 51.48902,-0.137043 51.511897", "From South Parade, Chelsea to Golden Square, Soho"
"LINESTRING (-0.112721 51.536392,-0.137043 51.511897", "From Charlotte Terrace, Angel to Golden Square, Soho"
"LINESTRING (-0.167919 51.484984,-0.137043 51.511897", "From Phene Street, Chelsea to Golden Square, Soho"
"LINESTRING (-0.107987 51.517428,-0.137043 51.511897", "From New Fetter Lane, Holborn to Golden Square, Soho"
"LINESTRING (-0.156285 51.535836,-0.137043 51.511897", "From London Zoo,  The Regent's Park to Golden Square, Soho"
"LINESTRING (-0.163347 51.474392,-0.137043 51.511897", "From Albert Bridge Road, Battersea Park to Golden Square, Soho"
"LINESTRING (-0.131161 51.52505,-0.137043 51.511897", "From Taviton Street, Bloomsbury to Golden Square, Soho"
"LINESTRING (-0.171681 51.522892,-0.137043 51.511897", "From Penfold Street, Marylebone to Golden Square, Soho"
"LINESTRING (-0.137043 51.511897,-0.137043 51.511897", "From Golden Square, Soho to Golden Square, Soho"
"LINESTRING (-0.02296 51.50623,-0.075459 51.509506", "From Fisherman's Walk West, Canary Wharf to Tower Gardens , Tower"
"LINESTRING (-0.052099 51.51417,-0.075459 51.509506", "From St. Mary & St. Michael Church, Stepney to Tower Gardens , Tower"
"LINESTRING (-0.183289 51.496462,-0.075459 51.509506", "From Gloucester Road (Central), South Kensington to Tower Gardens , Tower"
"LINESTRING (-0.09022 51.491484,-0.075459 51.509506", "From Rodney Road , Walworth to Tower Gardens , Tower"
"LINESTRING (-0.047784 51.51328,-0.075459 51.509506", "From Albert Gardens, Stepney to Tower Gardens , Tower"
"LINESTRING (-0.047784 51.51328,-0.075459 51.509506", "From Albert Gardens, Stepney to Tower Gardens , Tower"
"LINESTRING (-0.123823 51.501513,-0.075459 51.509506", "From Westminster Pier, Westminster to Tower Gardens , Tower"
"LINESTRING (-0.070329 51.539083,-0.075459 51.509506", "From Shoreditch Court, Haggerston to Tower Gardens , Tower"
"LINESTRING (-0.09022 51.491484,-0.075459 51.509506", "From Rodney Road , Walworth to Tower Gardens , Tower"
"LINESTRING (-0.097441 51.511961,-0.075459 51.509506", "From Queen Victoria Street, St. Paul's to Tower Gardens , Tower"
"LINESTRING (-0.107927 51.513821,-0.075459 51.509506", "From Bouverie Street, Temple to Tower Gardens , Tower"
"LINESTRING (-0.075459 51.509506,-0.075459 51.509506", "From Tower Gardens , Tower to Tower Gardens , Tower"
"LINESTRING (-0.124642 51.481747,-0.075459 51.509506", "From South Lambeth Road, Vauxhall to Tower Gardens , Tower"
"LINESTRING (-0.092176 51.520044,-0.075459 51.509506", "From Barbican Centre, Barbican to Tower Gardens , Tower"
"LINESTRING (-0.108657 51.51795,-0.075459 51.509506", "From Holborn Circus, Holborn to Tower Gardens , Tower"
"LINESTRING (-0.026262 51.536039,-0.075459 51.509506", "From Wendon Street, Old Ford to Tower Gardens , Tower"
"LINESTRING (-0.075459 51.509506,-0.075459 51.509506", "From Tower Gardens , Tower to Tower Gardens , Tower"
"LINESTRING (-0.065006 51.508622,-0.075459 51.509506", "From Pennington Street, Wapping to Tower Gardens , Tower"
"LINESTRING (-0.058681 51.506946,-0.075459 51.509506", "From Reardon Street, Wapping to Tower Gardens , Tower"
"LINESTRING (-0.058681 51.506946,-0.075459 51.509506", "From Reardon Street, Wapping to Tower Gardens , Tower"
"LINESTRING (-0.014438 51.5112,-0.075459 51.509506", "From Chrisp Street Market, Poplar to Tower Gardens , Tower"
"LINESTRING (-0.129698 51.500703,-0.075459 51.509506", "From Storey's Gate, Westminster to Tower Gardens , Tower"
"LINESTRING (-0.131961 51.508446,-0.075459 51.509506", "From Charles II Street, West End to Tower Gardens , Tower"
"LINESTRING (-0.097441 51.511961,-0.075459 51.509506", "From Queen Victoria Street, St. Paul's to Tower Gardens , Tower"
"LINESTRING (-0.008428 51.503143,-0.075459 51.509506", "From Lancaster Drive, Blackwall to Tower Gardens , Tower"
"LINESTRING (-0.047784 51.51328,-0.075459 51.509506", "From Albert Gardens, Stepney to Tower Gardens , Tower"
"LINESTRING (-0.075459 51.509506,-0.075459 51.509506", "From Tower Gardens , Tower to Tower Gardens , Tower"
"LINESTRING (-0.075459 51.509506,-0.075459 51.509506", "From Tower Gardens , Tower to Tower Gardens , Tower"
"LINESTRING (-0.0786 51.500647,-0.075459 51.509506", "From Tanner Street, Bermondsey to Tower Gardens , Tower"
"LINESTRING (-0.008428 51.503143,-0.075459 51.509506", "From Lancaster Drive, Blackwall to Tower Gardens , Tower"
"LINESTRING (-0.075855 51.517475,-0.075459 51.509506", "From Bell Lane, Liverpool Street to Tower Gardens , Tower"
"LINESTRING (-0.075855 51.517475,-0.075459 51.509506", "From Bell Lane, Liverpool Street to Tower Gardens , Tower"
"LINESTRING (-0.075459 51.509506,-0.075459 51.509506", "From Tower Gardens , Tower to Tower Gardens , Tower"
"LINESTRING (-0.195455 51.500401,-0.075459 51.509506", "From Argyll Road, Kensington to Tower Gardens , Tower"
"LINESTRING (-0.122299 51.530199,-0.075459 51.509506", "From Birkenhead Street, King's Cross to Tower Gardens , Tower"
"LINESTRING (-0.085814 51.495061,-0.075459 51.509506", "From Bricklayers Arms, Borough to Tower Gardens , Tower"
"LINESTRING (-0.135025 51.518162,-0.075459 51.509506", "From Rathbone Street, Fitzrovia to Tower Gardens , Tower"
"LINESTRING (-0.075855 51.517475,-0.075459 51.509506", "From Bell Lane, Liverpool Street to Tower Gardens , Tower"
"LINESTRING (-0.06691 51.507131,-0.075459 51.509506", "From Nesham Street, Wapping to Tower Gardens , Tower"
"LINESTRING (-0.012413 51.508896,-0.075459 51.509506", "From Newby Place, Poplar to Tower Gardens , Tower"
"LINESTRING (-0.130431 51.52168,-0.075459 51.509506", "From Malet Street, Bloomsbury to Tower Gardens , Tower"
"LINESTRING (-0.124826 51.516226,-0.075459 51.509506", "From High Holborn , Covent Garden to Tower Gardens , Tower"
"LINESTRING (-0.08497 51.50964,-0.075459 51.509506", "From Monument Street, Monument to Tower Gardens , Tower"
"LINESTRING (-0.05438 51.520019,-0.075459 51.509506", "From Ansell House, Stepney to Tower Gardens , Tower"
"LINESTRING (-0.115781 51.464019,-0.075459 51.509506", "From Ferndale Road, Brixton to Tower Gardens , Tower"
"LINESTRING (-0.070542 51.505697,-0.075459 51.509506", "From St. Katharine's Way, Tower to Tower Gardens , Tower"
"LINESTRING (-0.093885 51.517008,-0.075459 51.509506", "From Wood Street, Guildhall to Tower Gardens , Tower"
"LINESTRING (-0.070542 51.505697,-0.075459 51.509506", "From St. Katharine's Way, Tower to Tower Gardens , Tower"
"LINESTRING (-0.05438 51.520019,-0.075459 51.509506", "From Ansell House, Stepney to Tower Gardens , Tower"
"LINESTRING (-0.136792 51.533005,-0.136792 51.533005", "From Eversholt Street , Camden Town to Eversholt Street , Camden Town"
"LINESTRING (-0.138019 51.524438,-0.136792 51.533005", "From Warren Street Station, Euston to Eversholt Street , Camden Town"
"LINESTRING (-0.128279 51.5293,-0.136792 51.533005", "From Ossulston Street, Somers Town to Eversholt Street , Camden Town"
"LINESTRING (-0.13225 51.528833,-0.136792 51.533005", "From Doric Way , Somers Town to Eversholt Street , Camden Town"
"LINESTRING (-0.124826 51.516226,-0.136792 51.533005", "From High Holborn , Covent Garden to Eversholt Street , Camden Town"
"LINESTRING (-0.075885 51.536585,-0.136792 51.533005", "From Dunston Road , Haggerston to Eversholt Street , Camden Town"
"LINESTRING (-0.122502 51.523951,-0.136792 51.533005", "From Brunswick Square, Bloomsbury to Eversholt Street , Camden Town"
"LINESTRING (-0.128585 51.516118,-0.136792 51.533005", "From Earnshaw Street , Covent Garden to Eversholt Street , Camden Town"
"LINESTRING (-0.122502 51.523951,-0.136792 51.533005", "From Brunswick Square, Bloomsbury to Eversholt Street , Camden Town"
"LINESTRING (-0.114079 51.522264,-0.136792 51.533005", "From Northington Street , Holborn to Eversholt Street , Camden Town"
"LINESTRING (-0.123509 51.52625,-0.136792 51.533005", "From Tavistock Place, Bloomsbury to Eversholt Street , Camden Town"
"LINESTRING (-0.122502 51.523951,-0.136792 51.533005", "From Brunswick Square, Bloomsbury to Eversholt Street , Camden Town"
"LINESTRING (-0.128279 51.5293,-0.136792 51.533005", "From Ossulston Street, Somers Town to Eversholt Street , Camden Town"
"LINESTRING (-0.110699 51.501444,-0.136792 51.533005", "From Baylis Road, Waterloo to Eversholt Street , Camden Town"
"LINESTRING (-0.132328 51.515631,-0.136792 51.533005", "From Soho Square , Soho to Eversholt Street , Camden Town"
"LINESTRING (-0.133201 51.512515,-0.136792 51.533005", "From Wardour Street, Soho to Eversholt Street , Camden Town"
"LINESTRING (-0.107987 51.517428,-0.136792 51.533005", "From New Fetter Lane, Holborn to Eversholt Street , Camden Town"
"LINESTRING (-0.125441 51.541596,-0.136792 51.533005", "From York Way, Kings Cross to Eversholt Street , Camden Town"
"LINESTRING (-0.09315 51.53356,-0.074754 51.523648", "From Eagle Wharf Road, Hoxton to Bethnal Green Road, Shoreditch"
"LINESTRING (-0.060291 51.535716,-0.074754 51.523648", "From Ada Street, Hackney Central to Bethnal Green Road, Shoreditch"
"LINESTRING (-0.057133 51.527607,-0.074754 51.523648", "From Hollybush Gardens, Bethnal Green to Bethnal Green Road, Shoreditch"
"LINESTRING (-0.038986 51.512871,-0.074754 51.523648", "From Flamborough Street, Limehouse to Bethnal Green Road, Shoreditch"
"LINESTRING (-0.089887 51.520858,-0.074754 51.523648", "From Bunhill Row, Moorgate to Bethnal Green Road, Shoreditch"
"LINESTRING (-0.096317 51.526008,-0.074754 51.523648", "From Finsbury Leisure Centre, St. Luke's to Bethnal Green Road, Shoreditch"
"LINESTRING (-0.058826 51.54119,-0.074754 51.523648", "From London Fields, Hackney Central to Bethnal Green Road, Shoreditch"
"LINESTRING (-0.047548 51.528869,-0.074754 51.523648", "From Globe Town Market, Bethnal Green to Bethnal Green Road, Shoreditch"
"LINESTRING (-0.074754 51.523648,-0.074754 51.523648", "From Bethnal Green Road, Shoreditch to Bethnal Green Road, Shoreditch"
"LINESTRING (-0.068981 51.498585,-0.074754 51.523648", "From George Row, Bermondsey to Bethnal Green Road, Shoreditch"
"LINESTRING (-0.068981 51.498585,-0.074754 51.523648", "From George Row, Bermondsey to Bethnal Green Road, Shoreditch"
"LINESTRING (-0.074754 51.523648,-0.074754 51.523648", "From Bethnal Green Road, Shoreditch to Bethnal Green Road, Shoreditch"
"LINESTRING (-0.06691 51.507131,-0.074754 51.523648", "From Nesham Street, Wapping to Bethnal Green Road, Shoreditch"
"LINESTRING (-0.109006 51.521661,-0.074754 51.523648", "From Hatton Wall, Holborn to Bethnal Green Road, Shoreditch"
"LINESTRING (-0.130504 51.526838,-0.074754 51.523648", "From Endsleigh Gardens, Euston to Bethnal Green Road, Shoreditch"
"LINESTRING (-0.135025 51.518162,-0.074754 51.523648", "From Rathbone Street, Fitzrovia to Bethnal Green Road, Shoreditch"
"LINESTRING (-0.112824 51.503791,-0.074754 51.523648", "From Waterloo Station 3, Waterloo to Bethnal Green Road, Shoreditch"
"LINESTRING (-0.07813 51.526377,-0.074754 51.523648", "From Shoreditch High Street, Shoreditch to Bethnal Green Road, Shoreditch"
"LINESTRING (-0.130504 51.526838,-0.074754 51.523648", "From Endsleigh Gardens, Euston to Bethnal Green Road, Shoreditch"
"LINESTRING (-0.089887 51.520858,-0.074754 51.523648", "From Bunhill Row, Moorgate to Bethnal Green Road, Shoreditch"
"LINESTRING (-0.042744 51.530326,-0.074754 51.523648", "From Twig Folly Bridge, Mile End to Bethnal Green Road, Shoreditch"
"LINESTRING (-0.065076 51.52388,-0.074754 51.523648", "From Cheshire Street, Bethnal Green to Bethnal Green Road, Shoreditch"
"LINESTRING (-0.034903 51.518541,-0.074754 51.523648", "From Mile End Stadium, Mile End to Bethnal Green Road, Shoreditch"
"LINESTRING (-0.074431 51.519362,-0.074754 51.523648", "From Fournier Street, Whitechapel to Bethnal Green Road, Shoreditch"
"LINESTRING (-0.08066 51.514225,-0.074754 51.523648", "From St. Mary Axe, Aldgate to Bethnal Green Road, Shoreditch"
"LINESTRING (-0.08249 51.53558,-0.074754 51.523648", "From Pitfield Street North,Hoxton to Bethnal Green Road, Shoreditch"
"LINESTRING (-0.025492 51.530535,-0.074754 51.523648", "From Mostyn Grove, Bow to Bethnal Green Road, Shoreditch"
"LINESTRING (-0.09294 51.51397,-0.074754 51.523648", "From Cheapside, Bank to Bethnal Green Road, Shoreditch"
"LINESTRING (-0.054883 51.522561,-0.074754 51.523648", "From Cephas Street, Bethnal Green to Bethnal Green Road, Shoreditch"
"LINESTRING (-0.087587 51.514441,-0.074754 51.523648", "From Bank of England Museum, Bank to Bethnal Green Road, Shoreditch"
"LINESTRING (-0.0786 51.500647,-0.074754 51.523648", "From Tanner Street, Bermondsey to Bethnal Green Road, Shoreditch"
"LINESTRING (-0.038986 51.512871,-0.074754 51.523648", "From Flamborough Street, Limehouse to Bethnal Green Road, Shoreditch"
"LINESTRING (-0.068981 51.498585,-0.074754 51.523648", "From George Row, Bermondsey to Bethnal Green Road, Shoreditch"
"LINESTRING (-0.088542 51.527025,-0.074754 51.523648", "From Baldwin Street, St. Luke's to Bethnal Green Road, Shoreditch"
"LINESTRING (-0.062546 51.535678,-0.074754 51.523648", "From Regent's Row , Haggerston to Bethnal Green Road, Shoreditch"
"LINESTRING (-0.06142 51.532091,-0.074754 51.523648", "From Pritchard's Road, Bethnal Green to Bethnal Green Road, Shoreditch"
"LINESTRING (-0.079249 51.518908,-0.074754 51.523648", "From Brushfield Street, Liverpool Street to Bethnal Green Road, Shoreditch"
"LINESTRING (-0.063386 51.521905,-0.074754 51.523648", "From Selby Street, Whitechapel to Bethnal Green Road, Shoreditch"
"LINESTRING (-0.038775 51.516,-0.074754 51.523648", "From Aston Street, Stepney to Bethnal Green Road, Shoreditch"
"LINESTRING (-0.066078 51.514924,-0.074754 51.523648", "From LMU Commercial Road, Whitechapel to Bethnal Green Road, Shoreditch"
"LINESTRING (-0.078505 51.53095,-0.074754 51.523648", "From Falkirk Street, Hoxton to Bethnal Green Road, Shoreditch"
"LINESTRING (-0.047548 51.528869,-0.074754 51.523648", "From Globe Town Market, Bethnal Green to Bethnal Green Road, Shoreditch"
"LINESTRING (-0.093903 51.530991,-0.074754 51.523648", "From Wenlock Road , Hoxton to Bethnal Green Road, Shoreditch"
"LINESTRING (-0.074754 51.523648,-0.074754 51.523648", "From Bethnal Green Road, Shoreditch to Bethnal Green Road, Shoreditch"
"LINESTRING (-0.108068 51.527842,-0.074754 51.523648", "From Hardwick Street, Clerkenwell to Bethnal Green Road, Shoreditch"
"LINESTRING (-0.042744 51.530326,-0.074754 51.523648", "From Twig Folly Bridge, Mile End to Bethnal Green Road, Shoreditch"
"LINESTRING (-0.087262 51.506304,-0.074754 51.523648", "From Duke Street Hill, London Bridge to Bethnal Green Road, Shoreditch"
"LINESTRING (-0.070133 51.515231,-0.074754 51.523648", "From Central House, Whitechapel to Bethnal Green Road, Shoreditch"
"LINESTRING (-0.054162 51.536424,-0.074754 51.523648", "From Victoria Park Road, Hackney Central to Bethnal Green Road, Shoreditch"
"LINESTRING (-0.074754 51.523648,-0.074754 51.523648", "From Bethnal Green Road, Shoreditch to Bethnal Green Road, Shoreditch"
"LINESTRING (-0.037366 51.534137,-0.074754 51.523648", "From Driffield Road, Old Ford to Bethnal Green Road, Shoreditch"
"LINESTRING (-0.002275 51.509474,-0.074754 51.523648", "From East India DLR, Blackwall to Bethnal Green Road, Shoreditch"
"LINESTRING (-0.088285 51.519069,-0.074754 51.523648", "From Moorfields, Moorgate to Bethnal Green Road, Shoreditch"
"LINESTRING (-0.089782 51.53089,-0.074754 51.523648", "From Murray Grove , Hoxton to Bethnal Green Road, Shoreditch"
"LINESTRING (-0.073438 51.51838,-0.074754 51.523648", "From Fashion Street, Whitechapel to Bethnal Green Road, Shoreditch"
"LINESTRING (-0.13011 51.513527,-0.074754 51.523648", "From Moor Street, Soho to Bethnal Green Road, Shoreditch"
"LINESTRING (-0.058005 51.527152,-0.074754 51.523648", "From Pott Street, Bethnal Green to Bethnal Green Road, Shoreditch"
"LINESTRING (-0.07023 51.536654,-0.074754 51.523648", "From Belford House, Haggerston to Bethnal Green Road, Shoreditch"
"LINESTRING (-0.033085 51.532513,-0.074754 51.523648", "From Ford Road, Old Ford to Bethnal Green Road, Shoreditch"
"LINESTRING (-0.0801 51.52959,-0.074754 51.523648", "From Hoxton Street, Hoxton to Bethnal Green Road, Shoreditch"
"LINESTRING (-0.058826 51.54119,-0.074754 51.523648", "From London Fields, Hackney Central to Bethnal Green Road, Shoreditch"
"LINESTRING (-0.090075 51.517842,-0.074754 51.523648", "From Fore Street, Guildhall to Bethnal Green Road, Shoreditch"
"LINESTRING (-0.109006 51.521661,-0.074754 51.523648", "From Hatton Wall, Holborn to Bethnal Green Road, Shoreditch"
"LINESTRING (-0.112031 51.49914,-0.074754 51.523648", "From Lambeth North Station, Waterloo to Bethnal Green Road, Shoreditch"
"LINESTRING (-0.114079 51.522264,-0.074754 51.523648", "From Northington Street , Holborn to Bethnal Green Road, Shoreditch"
"LINESTRING (-0.069542 51.512363,-0.074754 51.523648", "From Leman Street, Aldgate to Bethnal Green Road, Shoreditch"
"LINESTRING (-0.089782 51.53089,-0.074754 51.523648", "From Murray Grove , Hoxton to Bethnal Green Road, Shoreditch"
"LINESTRING (-0.085603 51.53095,-0.074754 51.523648", "From New North Road 1, Hoxton to Bethnal Green Road, Shoreditch"
"LINESTRING (-0.07962 51.503493,-0.074754 51.523648", "From Tooley Street, Bermondsey to Bethnal Green Road, Shoreditch"
"LINESTRING (-0.011889 51.538718,-0.074754 51.523648", "From Podium, Queen Elizabeth Olympic Park to Bethnal Green Road, Shoreditch"
"LINESTRING (-0.06691 51.507131,-0.074754 51.523648", "From Nesham Street, Wapping to Bethnal Green Road, Shoreditch"
"LINESTRING (-0.075901 51.531091,-0.074754 51.523648", "From Hoxton Station, Hoxton to Bethnal Green Road, Shoreditch"
"LINESTRING (-0.138019 51.524438,-0.074754 51.523648", "From Warren Street Station, Euston to Bethnal Green Road, Shoreditch"
"LINESTRING (-0.074754 51.523648,-0.074754 51.523648", "From Bethnal Green Road, Shoreditch to Bethnal Green Road, Shoreditch"
"LINESTRING (-0.079608 51.521668,-0.074754 51.523648", "From Worship Street, Shoreditch to Bethnal Green Road, Shoreditch"
"LINESTRING (-0.075885 51.536585,-0.074754 51.523648", "From Dunston Road , Haggerston to Bethnal Green Road, Shoreditch"
"LINESTRING (-0.069543 51.525645,-0.074754 51.523648", "From Granby Street, Shoreditch to Bethnal Green Road, Shoreditch"
"LINESTRING (-0.093903 51.530991,-0.074754 51.523648", "From Wenlock Road , Hoxton to Bethnal Green Road, Shoreditch"
"LINESTRING (-0.049067 51.51563,-0.074754 51.523648", "From Aylward Street, Stepney to Bethnal Green Road, Shoreditch"
"LINESTRING (-0.211316 51.500088,-0.191462 51.501364", "From Russell Gardens, Olympia to Derry Street, Kensington"
"LINESTRING (-0.142943 51.496863,-0.191462 51.501364", "From Allington Street, Victoria to Derry Street, Kensington"
"LINESTRING (-0.197609 51.483911,-0.191462 51.501364", "From Halford Road, West Kensington to Derry Street, Kensington"
"LINESTRING (-0.179369 51.487196,-0.191462 51.501364", "From Drayton Gardens, West Chelsea to Derry Street, Kensington"
"LINESTRING (-0.205279 51.487244,-0.191462 51.501364", "From Star Road, West Kensington to Derry Street, Kensington"
"LINESTRING (-0.186753 51.491615,-0.191462 51.501364", "From Collingham Gardens, Earl's Court to Derry Street, Kensington"
"LINESTRING (-0.21819 51.511486,-0.191462 51.501364", "From Evesham Street, Avondale to Derry Street, Kensington"
"LINESTRING (-0.147449 51.509351,-0.191462 51.501364", "From Farm Street, Mayfair to Derry Street, Kensington"
"LINESTRING (-0.209378 51.489591,-0.191462 51.501364", "From Vereker Road, West Kensington to Derry Street, Kensington"
"LINESTRING (-0.165101 51.493583,-0.191462 51.501364", "From Denyer Street, Knightsbridge to Derry Street, Kensington"
"LINESTRING (-0.126021 51.508103,-0.191462 51.501364", "From Craven Street, Strand to Derry Street, Kensington"
"LINESTRING (-0.193764 51.508605,-0.191462 51.501364", "From Palace Gardens Terrace, Notting Hill to Derry Street, Kensington"
"LINESTRING (-0.198735 51.46067,-0.191462 51.501364", "From Osiers Road, Wandsworth to Derry Street, Kensington"
"LINESTRING (-0.179702 51.499428,-0.191462 51.501364", "From Imperial College, Knightsbridge to Derry Street, Kensington"
"LINESTRING (-0.223852 51.483732,-0.191462 51.501364", "From Rainville Road, Hammersmith to Derry Street, Kensington"
"LINESTRING (-0.199004 51.506584,-0.191462 51.501364", "From Campden Hill Road, Notting Hill to Derry Street, Kensington"
"LINESTRING (-0.163667 51.520331,-0.191462 51.501364", "From Seymour Place, Marylebone to Derry Street, Kensington"
"LINESTRING (-0.174554 51.499917,-0.191462 51.501364", "From Exhibition Road, Knightsbridge to Derry Street, Kensington"
"LINESTRING (-0.18119 51.490945,-0.191462 51.501364", "From Old Brompton Road, South Kensington to Derry Street, Kensington"
"LINESTRING (-0.197245 51.497387,-0.191462 51.501364", "From Abingdon Villas, Kensington to Derry Street, Kensington"
"LINESTRING (-0.186753 51.491615,-0.191462 51.501364", "From Collingham Gardens, Earl's Court to Derry Street, Kensington"
"LINESTRING (-0.194392 51.501945,-0.191462 51.501364", "From Kensington Town Hall, Kensington to Derry Street, Kensington"
"LINESTRING (-0.174554 51.499917,-0.191462 51.501364", "From Exhibition Road, Knightsbridge to Derry Street, Kensington"
"LINESTRING (-0.182435 51.478169,-0.191462 51.501364", "From Upcerne Road, West Chelsea to Derry Street, Kensington"
"LINESTRING (-0.18119 51.490945,-0.191462 51.501364", "From Old Brompton Road, South Kensington to Derry Street, Kensington"
"LINESTRING (-0.192404 51.496481,-0.191462 51.501364", "From Marloes Road, Kensington to Derry Street, Kensington"
"LINESTRING (-0.099141 51.512484,-0.191462 51.501364", "From Godliman Street, St. Paul's to Derry Street, Kensington"
"LINESTRING (-0.191351 51.513489,-0.191462 51.501364", "From Princes Square, Bayswater to Derry Street, Kensington"
"LINESTRING (-0.174554 51.499917,-0.191462 51.501364", "From Exhibition Road, Knightsbridge to Derry Street, Kensington"
"LINESTRING (-0.130908 51.464995,-0.191462 51.501364", "From Gauden Road, Clapham to Derry Street, Kensington"
"LINESTRING (-0.205284 51.496712,-0.191462 51.501364", "From Warwick Road, Olympia to Derry Street, Kensington"
"LINESTRING (-0.183486 51.529857,-0.191462 51.501364", "From Maida Vale, Maida Vale to Derry Street, Kensington"
"LINESTRING (-0.126021 51.508103,-0.191462 51.501364", "From Craven Street, Strand to Derry Street, Kensington"
"LINESTRING (-0.209973 51.481021,-0.191462 51.501364", "From Aintree Street, Fulham to Derry Street, Kensington"
"LINESTRING (-0.168917 51.497056,-0.191462 51.501364", "From Holy Trinity Brompton, Knightsbridge to Derry Street, Kensington"
"LINESTRING (-0.174554 51.499917,-0.191462 51.501364", "From Exhibition Road, Knightsbridge to Derry Street, Kensington"
"LINESTRING (-0.18267 51.494185,-0.191462 51.501364", "From Gloucester Road Station, South Kensington to Derry Street, Kensington"
"LINESTRING (-0.18119 51.490945,-0.191462 51.501364", "From Old Brompton Road, South Kensington to Derry Street, Kensington"
"LINESTRING (-0.179668 51.511654,-0.191462 51.501364", "From Lancaster Gate , Bayswater to Derry Street, Kensington"
"LINESTRING (-0.18267 51.494185,-0.191462 51.501364", "From Gloucester Road Station, South Kensington to Derry Street, Kensington"
"LINESTRING (-0.18119 51.490945,-0.191462 51.501364", "From Old Brompton Road, South Kensington to Derry Street, Kensington"
"LINESTRING (-0.217515 51.500353,-0.191462 51.501364", "From Richmond Way, Shepherd's Bush to Derry Street, Kensington"
"LINESTRING (-0.185296 51.495362,-0.191462 51.501364", "From Emperor's Gate, South Kensington to Derry Street, Kensington"
"LINESTRING (-0.205284 51.496712,-0.191462 51.501364", "From Warwick Road, Olympia to Derry Street, Kensington"
"LINESTRING (-0.183834 51.497924,-0.191462 51.501364", "From Gloucester Road (North), Kensington to Derry Street, Kensington"
"LINESTRING (-0.15823 51.46879,-0.191462 51.501364", "From Holden Street, Battersea to Derry Street, Kensington"
"LINESTRING (-0.174411 51.511933,-0.191462 51.501364", "From Bayswater Road, Hyde Park to Derry Street, Kensington"
"LINESTRING (-0.187402 51.51031,-0.191462 51.501364", "From Queensway, Kensington Gardens to Derry Street, Kensington"
"LINESTRING (-0.18267 51.494185,-0.191462 51.501364", "From Gloucester Road Station, South Kensington to Derry Street, Kensington"
"LINESTRING (-0.200742 51.502319,-0.191462 51.501364", "From Holland Park, Kensington to Derry Street, Kensington"
"LINESTRING (-0.087262 51.506304,-0.191462 51.501364", "From Duke Street Hill, London Bridge to Derry Street, Kensington"
"LINESTRING (-0.17524 51.48902,-0.191462 51.501364", "From South Parade, Chelsea to Derry Street, Kensington"
"LINESTRING (-0.18119 51.490945,-0.191462 51.501364", "From Old Brompton Road, South Kensington to Derry Street, Kensington"
"LINESTRING (-0.169821 51.466633,-0.191462 51.501364", "From Falcon Road, Clapham Junction to Derry Street, Kensington"
"LINESTRING (-0.18498 51.501737,-0.191462 51.501364", "From De Vere Gardens, Kensington to Derry Street, Kensington"
"LINESTRING (-0.191933 51.495866,-0.191462 51.501364", "From Lexham Gardens, Kensington to Derry Street, Kensington"
"LINESTRING (-0.236769 51.494223,-0.191462 51.501364", "From Ravenscourt Park Station, Hammersmith to Derry Street, Kensington"
"LINESTRING (-0.179077 51.495592,-0.191462 51.501364", "From Natural History Museum, South Kensington to Derry Street, Kensington"
"LINESTRING (-0.199004 51.506584,-0.191462 51.501364", "From Campden Hill Road, Notting Hill to Derry Street, Kensington"
"LINESTRING (-0.167894 51.493184,-0.191462 51.501364", "From Sloane Avenue, Knightsbridge to Derry Street, Kensington"
"LINESTRING (-0.179702 51.499428,-0.191462 51.501364", "From Imperial College, Knightsbridge to Derry Street, Kensington"
"LINESTRING (-0.223852 51.483732,-0.191462 51.501364", "From Rainville Road, Hammersmith to Derry Street, Kensington"
"LINESTRING (-0.18697 51.51616,-0.191462 51.501364", "From Bishop's Bridge Road West, Bayswater to Derry Street, Kensington"
"LINESTRING (-0.179135 51.516417,-0.191462 51.501364", "From Eastbourne Mews, Paddington to Derry Street, Kensington"
"LINESTRING (-0.175407 51.462305,-0.191462 51.501364", "From Plough Terrace, Clapham Junction to Derry Street, Kensington"
"LINESTRING (-0.174554 51.499917,-0.191462 51.501364", "From Exhibition Road, Knightsbridge to Derry Street, Kensington"
"LINESTRING (-0.185296 51.495362,-0.191462 51.501364", "From Emperor's Gate, South Kensington to Derry Street, Kensington"
"LINESTRING (-0.20624 51.461999,-0.191462 51.501364", "From Putney Bridge Road, East Putney to Derry Street, Kensington"
"LINESTRING (-0.13214 51.519572,-0.191462 51.501364", "From Store Street, Bloomsbury to Derry Street, Kensington"
"LINESTRING (-0.09294 51.511553,-0.06797 51.504904", "From Queen Street 1, Bank to Wapping High Street, Wapping"
"LINESTRING (-0.053558 51.511066,-0.06797 51.504904", "From Sutton Street, Shadwell to Wapping High Street, Wapping"
"LINESTRING (-0.104298 51.526717,-0.06797 51.504904", "From Finsbury Library , Finsbury to Wapping High Street, Wapping"
"LINESTRING (-0.009001 51.487129,-0.06797 51.504904", "From Saunders Ness Road, Cubitt Town to Wapping High Street, Wapping"
"LINESTRING (-0.06691 51.507131,-0.06797 51.504904", "From Nesham Street, Wapping to Wapping High Street, Wapping"
"LINESTRING (-0.009001 51.487129,-0.06797 51.504904", "From Saunders Ness Road, Cubitt Town to Wapping High Street, Wapping"
"LINESTRING (-0.021596 51.502661,-0.06797 51.504904", "From Heron Quays DLR, Canary Wharf to Wapping High Street, Wapping"
"LINESTRING (-0.104708 51.52326,-0.104708 51.52326", "From Clerkenwell Green, Clerkenwell to Clerkenwell Green, Clerkenwell"
"LINESTRING (-0.07813 51.526377,-0.104708 51.52326", "From Shoreditch High Street, Shoreditch to Clerkenwell Green, Clerkenwell"
"LINESTRING (-0.075375 51.528187,-0.104708 51.52326", "From Columbia Road, Shoreditch to Clerkenwell Green, Clerkenwell"
"LINESTRING (-0.135777 51.51953,-0.104708 51.52326", "From Charlotte Street, Fitzrovia to Clerkenwell Green, Clerkenwell"
"LINESTRING (-0.13151 51.509639,-0.104708 51.52326", "From Panton Street, West End to Clerkenwell Green, Clerkenwell"
"LINESTRING (-0.193764 51.508605,-0.104708 51.52326", "From Palace Gardens Terrace, Notting Hill to Clerkenwell Green, Clerkenwell"
"LINESTRING (-0.112824 51.503791,-0.104708 51.52326", "From Waterloo Station 3, Waterloo to Clerkenwell Green, Clerkenwell"
"LINESTRING (-0.11655 51.51824,-0.104708 51.52326", "From Red Lion Street, Holborn to Clerkenwell Green, Clerkenwell"
"LINESTRING (-0.102208 51.526153,-0.104708 51.52326", "From Percival Street, Finsbury to Clerkenwell Green, Clerkenwell"
"LINESTRING (-0.109006 51.521661,-0.104708 51.52326", "From Hatton Wall, Holborn to Clerkenwell Green, Clerkenwell"
"LINESTRING (-0.128585 51.516118,-0.104708 51.52326", "From Earnshaw Street , Covent Garden to Clerkenwell Green, Clerkenwell"
"LINESTRING (-0.10997 51.529163,-0.104708 51.52326", "From River Street , Clerkenwell to Clerkenwell Green, Clerkenwell"
"LINESTRING (-0.111778 51.515937,-0.104708 51.52326", "From Breams Buildings, Holborn to Clerkenwell Green, Clerkenwell"
"LINESTRING (-0.149186 51.490491,-0.104708 51.52326", "From Ebury Bridge, Pimlico to Clerkenwell Green, Clerkenwell"
"LINESTRING (-0.104193 51.49605,-0.104708 51.52326", "From Gaywood  Street, Elephant & Castle to Clerkenwell Green, Clerkenwell"
"LINESTRING (-0.06111 51.518675,-0.104708 51.52326", "From Royal London Hospital, Whitechapel to Clerkenwell Green, Clerkenwell"
"LINESTRING (-0.13011 51.513527,-0.104708 51.52326", "From Moor Street, Soho to Clerkenwell Green, Clerkenwell"
"LINESTRING (-0.097122 51.529423,-0.104708 51.52326", "From Macclesfield Rd, St Lukes to Clerkenwell Green, Clerkenwell"
"LINESTRING (-0.13151 51.509639,-0.104708 51.52326", "From Panton Street, West End to Clerkenwell Green, Clerkenwell"
"LINESTRING (-0.089782 51.53089,-0.104708 51.52326", "From Murray Grove , Hoxton to Clerkenwell Green, Clerkenwell"
"LINESTRING (-0.069542 51.512363,-0.104708 51.52326", "From Leman Street, Aldgate to Clerkenwell Green, Clerkenwell"
"LINESTRING (-0.141423 51.514499,-0.104708 51.52326", "From Little Argyll Street, West End to Clerkenwell Green, Clerkenwell"
"LINESTRING (-0.104724 51.52836,-0.104708 51.52326", "From St. John Street, Finsbury to Clerkenwell Green, Clerkenwell"
"LINESTRING (-0.106408 51.530515,-0.104708 51.52326", "From Chadwell Street, Angel to Clerkenwell Green, Clerkenwell"
"LINESTRING (-0.110699 51.501444,-0.104708 51.52326", "From Baylis Road, Waterloo to Clerkenwell Green, Clerkenwell"
"LINESTRING (-0.06555 51.528681,-0.104708 51.52326", "From Durant Street, Bethnal Green to Clerkenwell Green, Clerkenwell"
"LINESTRING (-0.09315 51.53356,-0.104708 51.52326", "From Eagle Wharf Road, Hoxton to Clerkenwell Green, Clerkenwell"
"LINESTRING (-0.124749 51.509462,-0.097441 51.511961", "From William IV Street, Strand to Queen Victoria Street, St. Paul's"
"LINESTRING (-0.111606 51.505569,-0.097441 51.511961", "From Stamford Street, South Bank to Queen Victoria Street, St. Paul's"
"LINESTRING (-0.106237 51.507244,-0.097441 51.511961", "From Milroy Walk, South Bank to Queen Victoria Street, St. Paul's"
"LINESTRING (-0.111606 51.505569,-0.097441 51.511961", "From Stamford Street, South Bank to Queen Victoria Street, St. Paul's"
"LINESTRING (-0.110889 51.495718,-0.097441 51.511961", "From Kennington Road  , Vauxhall to Queen Victoria Street, St. Paul's"
"LINESTRING (-0.14296 51.497998,-0.097441 51.511961", "From Warwick Row, Westminster to Queen Victoria Street, St. Paul's"
"LINESTRING (-0.110889 51.495718,-0.097441 51.511961", "From Kennington Road  , Vauxhall to Queen Victoria Street, St. Paul's"
"LINESTRING (-0.113426 51.503919,-0.097441 51.511961", "From Waterloo Station 2, Waterloo to Queen Victoria Street, St. Paul's"
"LINESTRING (-0.197245 51.497387,-0.097441 51.511961", "From Abingdon Villas, Kensington to Queen Victoria Street, St. Paul's"
"LINESTRING (-0.113864 51.504027,-0.097441 51.511961", "From Waterloo Station 1, Waterloo to Queen Victoria Street, St. Paul's"
"LINESTRING (-0.14296 51.497998,-0.097441 51.511961", "From Warwick Row, Westminster to Queen Victoria Street, St. Paul's"
"LINESTRING (-0.096317 51.526008,-0.097441 51.511961", "From Finsbury Leisure Centre, St. Luke's to Queen Victoria Street, St. Paul's"
"LINESTRING (-0.14296 51.497998,-0.097441 51.511961", "From Warwick Row, Westminster to Queen Victoria Street, St. Paul's"
"LINESTRING (-0.105593 51.488852,-0.097441 51.511961", "From Kennington Station, Kennington to Queen Victoria Street, St. Paul's"
"LINESTRING (-0.121394 51.493699,-0.097441 51.511961", "From Fire Brigade Pier, Vauxhall to Queen Victoria Street, St. Paul's"
"LINESTRING (-0.106237 51.507244,-0.097441 51.511961", "From Milroy Walk, South Bank to Queen Victoria Street, St. Paul's"
"LINESTRING (-0.082422 51.516154,-0.097441 51.511961", "From Wormwood Street, Liverpool Street to Queen Victoria Street, St. Paul's"
"LINESTRING (-0.14296 51.497998,-0.097441 51.511961", "From Warwick Row, Westminster to Queen Victoria Street, St. Paul's"
"LINESTRING (-0.106237 51.507244,-0.097441 51.511961", "From Milroy Walk, South Bank to Queen Victoria Street, St. Paul's"
"LINESTRING (-0.082989 51.510484,-0.097441 51.511961", "From Great Tower Street, Monument to Queen Victoria Street, St. Paul's"
"LINESTRING (-0.112824 51.503791,-0.097441 51.511961", "From Waterloo Station 3, Waterloo to Queen Victoria Street, St. Paul's"
"LINESTRING (-0.055167 51.508447,-0.097441 51.511961", "From Garnet Street, Shadwell to Queen Victoria Street, St. Paul's"
"LINESTRING (-0.113426 51.503919,-0.097441 51.511961", "From Waterloo Station 2, Waterloo to Queen Victoria Street, St. Paul's"
"LINESTRING (-0.07962 51.503493,-0.097441 51.511961", "From Tooley Street, Bermondsey to Queen Victoria Street, St. Paul's"
"LINESTRING (-0.094934 51.522954,-0.097441 51.511961", "From Roscoe Street, St. Luke's to Queen Victoria Street, St. Paul's"
"LINESTRING (-0.113426 51.503919,-0.097441 51.511961", "From Waterloo Station 2, Waterloo to Queen Victoria Street, St. Paul's"
"LINESTRING (-0.109006 51.521661,-0.097441 51.511961", "From Hatton Wall, Holborn to Queen Victoria Street, St. Paul's"
"LINESTRING (-0.112824 51.503791,-0.097441 51.511961", "From Waterloo Station 3, Waterloo to Queen Victoria Street, St. Paul's"
"LINESTRING (-0.14296 51.497998,-0.097441 51.511961", "From Warwick Row, Westminster to Queen Victoria Street, St. Paul's"
"LINESTRING (-0.117122 51.490994,-0.097441 51.511961", "From Black Prince Road, Vauxhall to Queen Victoria Street, St. Paul's"
"LINESTRING (-0.03338 51.535179,-0.097441 51.511961", "From Gunmakers Lane, Old Ford to Queen Victoria Street, St. Paul's"
"LINESTRING (-0.123823 51.501513,-0.097441 51.511961", "From Westminster Pier, Westminster to Queen Victoria Street, St. Paul's"
"LINESTRING (-0.055846 51.499169,-0.097441 51.511961", "From Rotherhithe Roundabout, Rotherhithe to Queen Victoria Street, St. Paul's"
"LINESTRING (-0.091401 51.518093,-0.097441 51.511961", "From Fore Street Avenue, Guildhall to Queen Victoria Street, St. Paul's"
"LINESTRING (-0.142783 51.51196,-0.157436 51.512276", "From St. George Street, Mayfair to Green Street, Mayfair"
"LINESTRING (-0.179702 51.499428,-0.157436 51.512276", "From Imperial College, Knightsbridge to Green Street, Mayfair"
"LINESTRING (-0.149569 51.50274,-0.157436 51.512276", "From Wellington Arch, Hyde Park to Green Street, Mayfair"
"LINESTRING (-0.149004 51.485821,-0.157436 51.512276", "From Chelsea Bridge, Pimlico to Green Street, Mayfair"
"LINESTRING (-0.190393 51.490163,-0.157436 51.512276", "From Bramham Gardens, Earl's Court to Green Street, Mayfair"
"LINESTRING (-0.17977 51.51348,-0.157436 51.512276", "From Devonshire Terrace, Bayswater to Green Street, Mayfair"
"LINESTRING (-0.159237 51.501855,-0.157436 51.512276", "From Seville Street, Knightsbridge to Green Street, Mayfair"
"LINESTRING (-0.142844 51.506613,-0.157436 51.512276", "From Green Park Station, Mayfair to Green Street, Mayfair"
"LINESTRING (-0.216145 51.46161,-0.157436 51.512276", "From Disraeli Road, Putney to Green Street, Mayfair"
"LINESTRING (-0.138364 51.492111,-0.157436 51.512276", "From Tachbrook Street, Victoria to Green Street, Mayfair"
"LINESTRING (-0.179668 51.511654,-0.157436 51.512276", "From Lancaster Gate , Bayswater to Green Street, Mayfair"
"LINESTRING (-0.183118 51.515607,-0.157436 51.512276", "From Cleveland Gardens, Bayswater to Green Street, Mayfair"
"LINESTRING (-0.105344 51.515059,-0.157436 51.512276", "From St. Bride Street, Holborn to Green Street, Mayfair"
"LINESTRING (-0.170194 51.489716,-0.157436 51.512276", "From St. Luke's Church, Chelsea to Green Street, Mayfair"
"LINESTRING (-0.144228 51.518117,-0.157436 51.512276", "From Broadcasting House, Marylebone to Green Street, Mayfair"
"LINESTRING (-0.158105 51.494645,-0.157436 51.512276", "From Cadogan Place, Knightsbridge to Green Street, Mayfair"
"LINESTRING (-0.144132 51.493204,-0.157436 51.512276", "From Belgrave Road, Victoria to Green Street, Mayfair"
"LINESTRING (-0.164786 51.477292,-0.157436 51.512276", "From Ethelburga Estate, Battersea Park to Green Street, Mayfair"
"LINESTRING (-0.137043 51.511897,-0.157436 51.512276", "From Golden Square, Soho to Green Street, Mayfair"
"LINESTRING (-0.141327 51.520253,-0.157436 51.512276", "From Great Titchfield Street, Fitzrovia to Green Street, Mayfair"
"LINESTRING (-0.187402 51.51031,-0.157436 51.512276", "From Queensway, Kensington Gardens to Green Street, Mayfair"
"LINESTRING (-0.165668 51.524561,-0.157436 51.512276", "From Broadley Terrace, Marylebone to Green Street, Mayfair"
"LINESTRING (-0.149569 51.50274,-0.157436 51.512276", "From Wellington Arch, Hyde Park to Green Street, Mayfair"
"LINESTRING (-0.168917 51.497056,-0.157436 51.512276", "From Holy Trinity Brompton, Knightsbridge to Green Street, Mayfair"
"LINESTRING (-0.142844 51.506613,-0.157436 51.512276", "From Green Park Station, Mayfair to Green Street, Mayfair"
"LINESTRING (-0.175116 51.523353,-0.157436 51.512276", "From Frampton Street, Paddington to Green Street, Mayfair"
"LINESTRING (-0.112824 51.503791,-0.117974 51.494881", "From Waterloo Station 3, Waterloo to Lambeth Road, Vauxhall"
"LINESTRING (-0.120903 51.488124,-0.117974 51.494881", "From Vauxhall Walk, Vauxhall to Lambeth Road, Vauxhall"
"LINESTRING (-0.130504 51.526838,-0.117974 51.494881", "From Endsleigh Gardens, Euston to Lambeth Road, Vauxhall"
"LINESTRING (-0.10454 51.505461,-0.117974 51.494881", "From Blackfriars Road, Southwark to Lambeth Road, Vauxhall"
"LINESTRING (-0.106237 51.507244,-0.117974 51.494881", "From Milroy Walk, South Bank to Lambeth Road, Vauxhall"
"LINESTRING (-0.113864 51.504027,-0.117974 51.494881", "From Waterloo Station 1, Waterloo to Lambeth Road, Vauxhall"
"LINESTRING (-0.123823 51.501513,-0.117974 51.494881", "From Westminster Pier, Westminster to Lambeth Road, Vauxhall"
"LINESTRING (-0.100186 51.505817,-0.117974 51.494881", "From Bankside Mix, Bankside to Lambeth Road, Vauxhall"
"LINESTRING (-0.122492 51.486343,-0.117974 51.494881", "From Kennington Lane Rail Bridge, Vauxhall to Lambeth Road, Vauxhall"
"LINESTRING (-0.106823 51.508033,-0.117974 51.494881", "From Sea Containers, South Bank to Lambeth Road, Vauxhall"
"LINESTRING (-0.110699 51.501444,-0.117974 51.494881", "From Baylis Road, Waterloo to Lambeth Road, Vauxhall"
"LINESTRING (-0.137043 51.511897,-0.117974 51.494881", "From Golden Square, Soho to Lambeth Road, Vauxhall"
"LINESTRING (-0.112824 51.503791,-0.117974 51.494881", "From Waterloo Station 3, Waterloo to Lambeth Road, Vauxhall"
"LINESTRING (-0.112031 51.49914,-0.117974 51.494881", "From Lambeth North Station, Waterloo to Lambeth Road, Vauxhall"
"LINESTRING (-0.14177 51.479501,-0.117974 51.494881", "From Battersea Park Road, Nine Elms to Lambeth Road, Vauxhall"
"LINESTRING (-0.136123 51.482362,-0.117974 51.494881", "From Riverlight North, Nine Elms to Lambeth Road, Vauxhall"
"LINESTRING (-0.138733 51.496753,-0.117974 51.494881", "From Howick Place, Westminster to Lambeth Road, Vauxhall"
"LINESTRING (-0.087262 51.506304,-0.117974 51.494881", "From Duke Street Hill, London Bridge to Lambeth Road, Vauxhall"
"LINESTRING (-0.110699 51.501444,-0.117974 51.494881", "From Baylis Road, Waterloo to Lambeth Road, Vauxhall"
"LINESTRING (-0.104193 51.49605,-0.117974 51.494881", "From Gaywood  Street, Elephant & Castle to Lambeth Road, Vauxhall"
"LINESTRING (-0.124642 51.481747,-0.117974 51.494881", "From South Lambeth Road, Vauxhall to Lambeth Road, Vauxhall"
"LINESTRING (-0.077121 51.511594,-0.117974 51.494881", "From Crosswall, Tower to Lambeth Road, Vauxhall"
"LINESTRING (-0.110699 51.501444,-0.117974 51.494881", "From Baylis Road, Waterloo to Lambeth Road, Vauxhall"
"LINESTRING (-0.087262 51.506304,-0.117974 51.494881", "From Duke Street Hill, London Bridge to Lambeth Road, Vauxhall"
"LINESTRING (-0.110699 51.501444,-0.117974 51.494881", "From Baylis Road, Waterloo to Lambeth Road, Vauxhall"
"LINESTRING (-0.112824 51.503791,-0.117974 51.494881", "From Waterloo Station 3, Waterloo to Lambeth Road, Vauxhall"
"LINESTRING (-0.099141 51.512484,-0.117974 51.494881", "From Godliman Street, St. Paul's to Lambeth Road, Vauxhall"
"LINESTRING (-0.091773 51.504627,-0.117974 51.494881", "From Hop Exchange, The Borough to Lambeth Road, Vauxhall"
"LINESTRING (-0.112824 51.503791,-0.117974 51.494881", "From Waterloo Station 3, Waterloo to Lambeth Road, Vauxhall"
"LINESTRING (-0.063471 51.497995,-0.117974 51.494881", "From Bermondsey Station, Bermondsey to Lambeth Road, Vauxhall"
"LINESTRING (-0.098807 51.506725,-0.117974 51.494881", "From Tate Modern, Bankside to Lambeth Road, Vauxhall"
"LINESTRING (-0.058826 51.54119,-0.085634 51.520962", "From London Fields, Hackney Central to Finsbury Square , Moorgate"
"LINESTRING (-0.062546 51.535678,-0.085634 51.520962", "From Regent's Row , Haggerston to Finsbury Square , Moorgate"
"LINESTRING (-0.112824 51.503791,-0.085634 51.520962", "From Waterloo Station 3, Waterloo to Finsbury Square , Moorgate"
"LINESTRING (-0.08249 51.53558,-0.085634 51.520962", "From Pitfield Street North,Hoxton to Finsbury Square , Moorgate"
"LINESTRING (-0.09734 51.520841,-0.085634 51.520962", "From Aldersgate Street, Barbican to Finsbury Square , Moorgate"
"LINESTRING (-0.164207 51.517372,-0.085634 51.520962", "From Harrowby Street, Marylebone to Finsbury Square , Moorgate"
"LINESTRING (-0.09294 51.511553,-0.085634 51.520962", "From Queen Street 1, Bank to Finsbury Square , Moorgate"
"LINESTRING (-0.075885 51.536585,-0.085634 51.520962", "From Dunston Road , Haggerston to Finsbury Square , Moorgate"
"LINESTRING (-0.108068 51.527842,-0.085634 51.520962", "From Hardwick Street, Clerkenwell to Finsbury Square , Moorgate"
"LINESTRING (-0.081608 51.497855,-0.085634 51.520962", "From Bermondsey Street, Bermondsey to Finsbury Square , Moorgate"
"LINESTRING (-0.132102 51.498125,-0.085634 51.520962", "From Abbey Orchard Street, Westminster to Finsbury Square , Moorgate"
"LINESTRING (-0.108068 51.527842,-0.085634 51.520962", "From Hardwick Street, Clerkenwell to Finsbury Square , Moorgate"
"LINESTRING (-0.058826 51.54119,-0.085634 51.520962", "From London Fields, Hackney Central to Finsbury Square , Moorgate"
"LINESTRING (-0.08249 51.53558,-0.085634 51.520962", "From Pitfield Street North,Hoxton to Finsbury Square , Moorgate"
"LINESTRING (-0.091773 51.504627,-0.085634 51.520962", "From Hop Exchange, The Borough to Finsbury Square , Moorgate"
"LINESTRING (-0.054883 51.522561,-0.085634 51.520962", "From Cephas Street, Bethnal Green to Finsbury Square , Moorgate"
"LINESTRING (-0.147714 51.483507,-0.147203 51.515308", "From Battersea Power Station, Battersea Park to Chapel Place, Marylebone"
"LINESTRING (-0.13011 51.513527,-0.147203 51.515308", "From Moor Street, Soho to Chapel Place, Marylebone"
"LINESTRING (-0.183846 51.523344,-0.147203 51.515308", "From Warwick Avenue Station, Maida Vale to Chapel Place, Marylebone"
"LINESTRING (-0.170194 51.489716,-0.147203 51.515308", "From St. Luke's Church, Chelsea to Chapel Place, Marylebone"
"LINESTRING (-0.13011 51.513527,-0.147203 51.515308", "From Moor Street, Soho to Chapel Place, Marylebone"
"LINESTRING (-0.101536 51.49217,-0.147203 51.515308", "From Hampton Street, Walworth to Chapel Place, Marylebone"
"LINESTRING (-0.119123 51.519435,-0.147203 51.515308", "From Red Lion Square, Holborn to Chapel Place, Marylebone"
"LINESTRING (-0.132053 51.518587,-0.147203 51.515308", "From Bayley Street , Bloomsbury to Chapel Place, Marylebone"
"LINESTRING (-0.104724 51.52836,-0.147203 51.515308", "From St. John Street, Finsbury to Chapel Place, Marylebone"
"LINESTRING (-0.193068 51.500397,-0.147203 51.515308", "From Wright's Lane, Kensington to Chapel Place, Marylebone"
"LINESTRING (-0.111257 51.514274,-0.147203 51.515308", "From Chancery Lane, Holborn to Chapel Place, Marylebone"
"LINESTRING (-0.170279 51.506451,-0.147203 51.515308", "From Triangle Car Park, Hyde Park to Chapel Place, Marylebone"
"LINESTRING (-0.191933 51.495866,-0.147203 51.515308", "From Lexham Gardens, Kensington to Chapel Place, Marylebone"
"LINESTRING (-0.124678 51.51908,-0.147203 51.515308", "From British Museum, Bloomsbury to Chapel Place, Marylebone"
"LINESTRING (-0.141728 51.539099,-0.147203 51.515308", "From Greenland Road, Camden Town to Chapel Place, Marylebone"
"LINESTRING (-0.13011 51.513527,-0.147203 51.515308", "From Moor Street, Soho to Chapel Place, Marylebone"
"LINESTRING (-0.129386 51.534123,-0.147203 51.515308", "From Pancras Road, King's Cross to Chapel Place, Marylebone"
"LINESTRING (-0.124749 51.509462,-0.147203 51.515308", "From William IV Street, Strand to Chapel Place, Marylebone"
"LINESTRING (-0.205284 51.496712,-0.147203 51.515308", "From Warwick Road, Olympia to Chapel Place, Marylebone"
"LINESTRING (-0.119643 51.511756,-0.147203 51.515308", "From Wellington Street , Strand to Chapel Place, Marylebone"
"LINESTRING (-0.123616 51.529943,-0.147203 51.515308", "From Belgrove Street , King's Cross to Chapel Place, Marylebone"
"LINESTRING (-0.173881 51.494412,-0.147203 51.515308", "From South Kensington Station, South Kensington to Chapel Place, Marylebone"
"LINESTRING (-0.151926 51.516814,-0.147203 51.515308", "From Hinde Street, Marylebone to Chapel Place, Marylebone"
"LINESTRING (-0.204815 51.484386,-0.147203 51.515308", "From Normand Park, West Kensington to Chapel Place, Marylebone"
"LINESTRING (-0.102996 51.486929,-0.147203 51.515308", "From Doddington Grove, Kennington to Chapel Place, Marylebone"
"LINESTRING (-0.143613 51.523518,-0.147203 51.515308", "From Bolsover Street, Fitzrovia to Chapel Place, Marylebone"
"LINESTRING (-0.197245 51.497387,-0.147203 51.515308", "From Abingdon Villas, Kensington to Chapel Place, Marylebone"
"LINESTRING (-0.161113 51.522596,-0.147203 51.515308", "From Dorset Square, Marylebone to Chapel Place, Marylebone"
"LINESTRING (-0.123616 51.529943,-0.147203 51.515308", "From Belgrove Street , King's Cross to Chapel Place, Marylebone"
"LINESTRING (-0.137043 51.511897,-0.147203 51.515308", "From Golden Square, Soho to Chapel Place, Marylebone"
"LINESTRING (-0.116493 51.477839,-0.147203 51.515308", "From Caldwell Street, Stockwell to Chapel Place, Marylebone"
"LINESTRING (-0.162298 51.522511,-0.147203 51.515308", "From Boston Place, Marylebone to Chapel Place, Marylebone"
"LINESTRING (-0.209973 51.481021,-0.147203 51.515308", "From Aintree Street, Fulham to Chapel Place, Marylebone"
"LINESTRING (-0.151926 51.516814,-0.147203 51.515308", "From Hinde Street, Marylebone to Chapel Place, Marylebone"
"LINESTRING (-0.138535 51.538792,-0.147203 51.515308", "From St Martins Close, Camden Town to Chapel Place, Marylebone"
"LINESTRING (-0.18377 51.5171,-0.147203 51.515308", "From Bishop's Bridge Road East, Bayswater to Chapel Place, Marylebone"
"LINESTRING (-0.193764 51.508605,-0.198286 51.493724", "From Palace Gardens Terrace, Notting Hill to West Cromwell Road, Earl's Court"
"LINESTRING (-0.173881 51.494412,-0.198286 51.493724", "From South Kensington Station, South Kensington to West Cromwell Road, Earl's Court"
"LINESTRING (-0.179077 51.495592,-0.198286 51.493724", "From Natural History Museum, South Kensington to West Cromwell Road, Earl's Court"
"LINESTRING (-0.215804 51.494347,-0.198286 51.493724", "From Brook Green South, Brook Green to West Cromwell Road, Earl's Court"
"LINESTRING (-0.142345 51.510662,-0.198286 51.493724", "From Clifford Street, Mayfair to West Cromwell Road, Earl's Court"
"LINESTRING (-0.155349 51.502757,-0.198286 51.493724", "From Knightsbridge, Hyde Park to West Cromwell Road, Earl's Court"
"LINESTRING (-0.166878 51.488023,-0.198286 51.493724", "From Flood Street, Chelsea to West Cromwell Road, Earl's Court"
"LINESTRING (-0.214594 51.510928,-0.198286 51.493724", "From Sirdar Road, Avondale to West Cromwell Road, Earl's Court"
"LINESTRING (-0.202038 51.48357,-0.198286 51.493724", "From Coomer Place, West Kensington to West Cromwell Road, Earl's Court"
"LINESTRING (-0.194116 51.479932,-0.198286 51.493724", "From Fulham Broadway, Walham Green to West Cromwell Road, Earl's Court"
"LINESTRING (-0.198286 51.493724,-0.198286 51.493724", "From West Cromwell Road, Earl's Court to West Cromwell Road, Earl's Court"
"LINESTRING (-0.191933 51.495866,-0.198286 51.493724", "From Lexham Gardens, Kensington to West Cromwell Road, Earl's Court"
"LINESTRING (-0.214428 51.486062,-0.198286 51.493724", "From Greyhound Road, Hammersmith to West Cromwell Road, Earl's Court"
"LINESTRING (-0.153645 51.512911,-0.198286 51.493724", "From North Audley Street, Mayfair to West Cromwell Road, Earl's Court"
"LINESTRING (-0.202038 51.48357,-0.198286 51.493724", "From Coomer Place, West Kensington to West Cromwell Road, Earl's Court"
"LINESTRING (-0.183834 51.497924,-0.198286 51.493724", "From Gloucester Road (North), Kensington to West Cromwell Road, Earl's Court"
"LINESTRING (-0.208565 51.515108,-0.198286 51.493724", "From Blenheim Crescent, Ladbroke Grove to West Cromwell Road, Earl's Court"
"LINESTRING (-0.210941 51.504199,-0.198286 51.493724", "From Addison Road, Holland Park to West Cromwell Road, Earl's Court"
"LINESTRING (-0.205535 51.507481,-0.198286 51.493724", "From Lansdowne Road, Ladbroke Grove to West Cromwell Road, Earl's Court"
"LINESTRING (-0.184318 51.468819,-0.198286 51.493724", "From William Morris Way, Sands End to West Cromwell Road, Earl's Court"
"LINESTRING (-0.201554 51.512136,-0.198286 51.493724", "From Chepstow Villas, Notting Hill to West Cromwell Road, Earl's Court"
"LINESTRING (-0.198286 51.493724,-0.198286 51.493724", "From West Cromwell Road, Earl's Court to West Cromwell Road, Earl's Court"
"LINESTRING (-0.191933 51.495866,-0.198286 51.493724", "From Lexham Gardens, Kensington to West Cromwell Road, Earl's Court"
"LINESTRING (-0.195777 51.479463,-0.198286 51.493724", "From Erin Close, Walham Green to West Cromwell Road, Earl's Court"
"LINESTRING (-0.198735 51.46067,-0.161203 51.496886", "From Osiers Road, Wandsworth to Pont Street, Knightsbridge"
"LINESTRING (-0.17306 51.505014,-0.161203 51.496886", "From Serpentine Car Park, Hyde Park to Pont Street, Knightsbridge"
"LINESTRING (-0.179369 51.487196,-0.161203 51.496886", "From Drayton Gardens, West Chelsea to Pont Street, Knightsbridge"
"LINESTRING (-0.173693 51.495948,-0.161203 51.496886", "From Exhibition Road Museums 2, South Kensington to Pont Street, Knightsbridge"
"LINESTRING (-0.16375 51.465064,-0.161203 51.496886", "From Dorothy Road, Clapham Junction to Pont Street, Knightsbridge"
"LINESTRING (-0.167894 51.493184,-0.161203 51.496886", "From Sloane Avenue, Knightsbridge to Pont Street, Knightsbridge"
"LINESTRING (-0.151359 51.522008,-0.161203 51.496886", "From Beaumont Street, Marylebone to Pont Street, Knightsbridge"
"LINESTRING (-0.196274 51.46904,-0.161203 51.496886", "From Peterborough Road, Sands End to Pont Street, Knightsbridge"
"LINESTRING (-0.141923 51.489856,-0.161203 51.496886", "From Warwick Square, Pimlico to Pont Street, Knightsbridge"
"LINESTRING (-0.08497 51.50964,-0.161203 51.496886", "From Monument Street, Monument to Pont Street, Knightsbridge"
"LINESTRING (-0.161203 51.496886,-0.161203 51.496886", "From Pont Street, Knightsbridge to Pont Street, Knightsbridge"
"LINESTRING (-0.187404 51.487958,-0.161203 51.496886", "From Harcourt Terrace, West Brompton to Pont Street, Knightsbridge"
"LINESTRING (-0.13544 51.497829,-0.161203 51.496886", "From Butler Place, Westminster to Pont Street, Knightsbridge"
"LINESTRING (-0.147624 51.49395,-0.161203 51.496886", "From Eccleston Place, Victoria to Pont Street, Knightsbridge"
"LINESTRING (-0.074754 51.523648,-0.161203 51.496886", "From Bethnal Green Road, Shoreditch to Pont Street, Knightsbridge"
"LINESTRING (-0.187404 51.487958,-0.161203 51.496886", "From Harcourt Terrace, West Brompton to Pont Street, Knightsbridge"
"LINESTRING (-0.163347 51.474392,-0.161203 51.496886", "From Albert Bridge Road, Battersea Park to Pont Street, Knightsbridge"
"LINESTRING (-0.187427 51.460864,-0.161203 51.496886", "From Wandsworth Town Station, Wandsworth to Pont Street, Knightsbridge"
"LINESTRING (-0.132845 51.489975,-0.161203 51.496886", "From Rampayne Street, Pimlico to Pont Street, Knightsbridge"
"LINESTRING (-0.192404 51.496481,-0.161203 51.496886", "From Marloes Road, Kensington to Pont Street, Knightsbridge"
"LINESTRING (-0.186753 51.491615,-0.161203 51.496886", "From Collingham Gardens, Earl's Court to Pont Street, Knightsbridge"
"LINESTRING (-0.183165 51.474665,-0.161203 51.496886", "From Imperial Wharf Station, Sands End to Pont Street, Knightsbridge"
"LINESTRING (-0.191803 51.473611,-0.161203 51.496886", "From Sandilands Road, Walham Green to Pont Street, Knightsbridge"
"LINESTRING (-0.13151 51.509639,-0.161203 51.496886", "From Panton Street, West End to Pont Street, Knightsbridge"
"LINESTRING (-0.096518 51.491327,-0.161203 51.496886", "From Walworth Square, Walworth to Pont Street, Knightsbridge"
"LINESTRING (-0.18267 51.494185,-0.161203 51.496886", "From Gloucester Road Station, South Kensington to Pont Street, Knightsbridge"
"LINESTRING (-0.134234 51.494591,-0.161203 51.496886", "From Greycoat Street , Westminster to Pont Street, Knightsbridge"
"LINESTRING (-0.187842 51.509908,-0.161203 51.496886", "From Black Lion Gate, Kensington Gardens to Pont Street, Knightsbridge"
"LINESTRING (-0.185273 51.481765,-0.161203 51.496886", "From Hortensia Road, West Brompton to Pont Street, Knightsbridge"
"LINESTRING (-0.138733 51.496753,-0.161203 51.496886", "From Howick Place, Westminster to Pont Street, Knightsbridge"
"LINESTRING (-0.132845 51.489975,-0.161203 51.496886", "From Rampayne Street, Pimlico to Pont Street, Knightsbridge"
"LINESTRING (-0.165101 51.493583,-0.161203 51.496886", "From Denyer Street, Knightsbridge to Pont Street, Knightsbridge"
"LINESTRING (-0.173693 51.495948,-0.161203 51.496886", "From Exhibition Road Museums 2, South Kensington to Pont Street, Knightsbridge"
"LINESTRING (-0.166221 51.490714,-0.161203 51.496886", "From Chelsea Green, Chelsea to Pont Street, Knightsbridge"
"LINESTRING (-0.204815 51.484386,-0.161203 51.496886", "From Normand Park, West Kensington to Pont Street, Knightsbridge"
"LINESTRING (-0.161765 51.487964,-0.161203 51.496886", "From Ormonde Gate, Chelsea to Pont Street, Knightsbridge"
"LINESTRING (-0.116625 51.486965,-0.111435 51.48894", "From Vauxhall Street, Vauxhall to Kennington Cross, Kennington"
"LINESTRING (-0.10988 51.49775,-0.111435 51.48894", "From King Edward Walk, Waterloo to Kennington Cross, Kennington"
"LINESTRING (-0.099828 51.493146,-0.111435 51.48894", "From Strata, Elephant & Castle to Kennington Cross, Kennington"
"LINESTRING (-0.111435 51.48894,-0.111435 51.48894", "From Kennington Cross, Kennington to Kennington Cross, Kennington"
"LINESTRING (-0.141923 51.489856,-0.111435 51.48894", "From Warwick Square, Pimlico to Kennington Cross, Kennington"
"LINESTRING (-0.092762 51.500296,-0.111435 51.48894", "From Swan Street, The Borough to Kennington Cross, Kennington"
"LINESTRING (-0.115781 51.464019,-0.111435 51.48894", "From Ferndale Road, Brixton to Kennington Cross, Kennington"
"LINESTRING (-0.117661 51.482678,-0.111435 51.48894", "From Ashmole Estate, Oval to Kennington Cross, Kennington"
"LINESTRING (-0.112031 51.49914,-0.111435 51.48894", "From Lambeth North Station, Waterloo to Kennington Cross, Kennington"
"LINESTRING (-0.123823 51.501513,-0.111435 51.48894", "From Westminster Pier, Westminster to Kennington Cross, Kennington"
"LINESTRING (-0.111471 51.479601,-0.111435 51.48894", "From Cranmer Road, Stockwell to Kennington Cross, Kennington"
"LINESTRING (-0.091773 51.504627,-0.111435 51.48894", "From Hop Exchange, The Borough to Kennington Cross, Kennington"
"LINESTRING (-0.155525 51.516204,-0.111435 51.48894", "From Portman Square, Marylebone to Kennington Cross, Kennington"
"LINESTRING (-0.110683 51.484788,-0.111435 51.48894", "From Kennington Road Post Office, Oval to Kennington Cross, Kennington"
"LINESTRING (-0.162727 51.489932,-0.111435 51.48894", "From Royal Avenue 1, Chelsea to Kennington Cross, Kennington"
"LINESTRING (-0.087262 51.506304,-0.111435 51.48894", "From Duke Street Hill, London Bridge to Kennington Cross, Kennington"
"LINESTRING (-0.111014 51.493686,-0.111435 51.48894", "From Walnut Tree Walk, Vauxhall to Kennington Cross, Kennington"
"LINESTRING (-0.110889 51.495718,-0.111435 51.48894", "From Kennington Road  , Vauxhall to Kennington Cross, Kennington"
"LINESTRING (-0.116628 51.500089,-0.111435 51.48894", "From Lambeth Palace Road, Waterloo to Kennington Cross, Kennington"
"LINESTRING (-0.124678 51.51908,-0.111435 51.48894", "From British Museum, Bloomsbury to Kennington Cross, Kennington"
"LINESTRING (-0.111435 51.48894,-0.111435 51.48894", "From Kennington Cross, Kennington to Kennington Cross, Kennington"
"LINESTRING (-0.110699 51.501444,-0.111435 51.48894", "From Baylis Road, Waterloo to Kennington Cross, Kennington"
"LINESTRING (-0.156876 51.49313,-0.111435 51.48894", "From Sedding Street, Sloane Square to Kennington Cross, Kennington"
"LINESTRING (-0.122492 51.486343,-0.111435 51.48894", "From Kennington Lane Rail Bridge, Vauxhall to Kennington Cross, Kennington"
"LINESTRING (-0.138733 51.496753,-0.111435 51.48894", "From Howick Place, Westminster to Kennington Cross, Kennington"
"LINESTRING (-0.08497 51.50964,-0.111435 51.48894", "From Monument Street, Monument to Kennington Cross, Kennington"
"LINESTRING (-0.122492 51.486343,-0.111435 51.48894", "From Kennington Lane Rail Bridge, Vauxhall to Kennington Cross, Kennington"
"LINESTRING (-0.122492 51.486343,-0.111435 51.48894", "From Kennington Lane Rail Bridge, Vauxhall to Kennington Cross, Kennington"
"LINESTRING (-0.105593 51.488852,-0.111435 51.48894", "From Kennington Station, Kennington to Kennington Cross, Kennington"
"LINESTRING (-0.116628 51.500089,-0.111435 51.48894", "From Lambeth Palace Road, Waterloo to Kennington Cross, Kennington"
"LINESTRING (-0.110699 51.501444,-0.111435 51.48894", "From Baylis Road, Waterloo to Kennington Cross, Kennington"
"LINESTRING (-0.101384 51.49652,-0.111435 51.48894", "From Ontario Street, Elephant & Castle to Kennington Cross, Kennington"
"LINESTRING (-0.10834 51.52352,-0.111435 51.48894", "From Farringdon Lane, Clerkenwell to Kennington Cross, Kennington"
"LINESTRING (-0.115156 51.489479,-0.111435 51.48894", "From Sancroft Street, Vauxhall to Kennington Cross, Kennington"
"LINESTRING (-0.192404 51.496481,-0.202759 51.500743", "From Marloes Road, Kensington to Ilchester Place, Kensington"
"LINESTRING (-0.192404 51.496481,-0.202759 51.500743", "From Marloes Road, Kensington to Ilchester Place, Kensington"
"LINESTRING (-0.178732 51.493967,-0.202759 51.500743", "From Queen's Gate (Central), South Kensington to Ilchester Place, Kensington"
"LINESTRING (-0.211358 51.510101,-0.202759 51.500743", "From Walmer Road, Avondale to Ilchester Place, Kensington"
"LINESTRING (-0.210941 51.504199,-0.202759 51.500743", "From Addison Road, Holland Park to Ilchester Place, Kensington"
"LINESTRING (-0.167894 51.493184,-0.202759 51.500743", "From Sloane Avenue, Knightsbridge to Ilchester Place, Kensington"
"LINESTRING (-0.075375 51.528187,-0.129361 51.488365", "From Columbia Road, Shoreditch to Vauxhall Bridge , Pimlico"
"LINESTRING (-0.122806 51.490435,-0.129361 51.488365", "From Albert Embankment, Vauxhall to Vauxhall Bridge , Pimlico"
"LINESTRING (-0.082422 51.516154,-0.129361 51.488365", "From Wormwood Street, Liverpool Street to Vauxhall Bridge , Pimlico"
"LINESTRING (-0.194116 51.479932,-0.129361 51.488365", "From Fulham Broadway, Walham Green to Vauxhall Bridge , Pimlico"
"LINESTRING (-0.16716 51.47518,-0.129361 51.488365", "From Surrey Lane, Battersea to Vauxhall Bridge , Pimlico"
"LINESTRING (-0.138733 51.496753,-0.129361 51.488365", "From Howick Place, Westminster to Vauxhall Bridge , Pimlico"
"LINESTRING (-0.132224 51.49206,-0.138364 51.492111", "From Regency Street, Westminster to Tachbrook Street, Victoria"
"LINESTRING (-0.131961 51.508446,-0.138364 51.492111", "From Charles II Street, West End to Tachbrook Street, Victoria"
"LINESTRING (-0.122492 51.486343,-0.138364 51.492111", "From Kennington Lane Rail Bridge, Vauxhall to Tachbrook Street, Victoria"
"LINESTRING (-0.122492 51.486343,-0.138364 51.492111", "From Kennington Lane Rail Bridge, Vauxhall to Tachbrook Street, Victoria"
"LINESTRING (-0.132845 51.489975,-0.138364 51.492111", "From Rampayne Street, Pimlico to Tachbrook Street, Victoria"
"LINESTRING (-0.130458 51.494816,-0.138364 51.492111", "From Horseferry Road, Westminster to Tachbrook Street, Victoria"
"LINESTRING (-0.141923 51.489856,-0.138364 51.492111", "From Warwick Square, Pimlico to Tachbrook Street, Victoria"
"LINESTRING (-0.148059 51.472865,-0.138364 51.492111", "From Silverthorne Road, Battersea to Tachbrook Street, Victoria"
"LINESTRING (-0.129925 51.493072,-0.138364 51.492111", "From Vincent Street, Pimlico to Tachbrook Street, Victoria"
"LINESTRING (-0.135635 51.488226,-0.138364 51.492111", "From St. George's Square, Pimlico to Tachbrook Street, Victoria"
"LINESTRING (-0.126874 51.47787,-0.138364 51.492111", "From Hartington Road, Stockwell to Tachbrook Street, Victoria"
"LINESTRING (-0.138733 51.496753,-0.138364 51.492111", "From Howick Place, Westminster to Tachbrook Street, Victoria"
"LINESTRING (-0.180274 51.481805,-0.138364 51.492111", "From World's End Place, West Chelsea to Tachbrook Street, Victoria"
"LINESTRING (-0.13544 51.497829,-0.138364 51.492111", "From Butler Place, Westminster to Tachbrook Street, Victoria"
"LINESTRING (-0.109256 51.526443,-0.138364 51.492111", "From Tysoe Street, Clerkenwell to Tachbrook Street, Victoria"
"LINESTRING (-0.110699 51.501444,-0.138364 51.492111", "From Baylis Road, Waterloo to Tachbrook Street, Victoria"
"LINESTRING (-0.122492 51.486343,-0.138364 51.492111", "From Kennington Lane Rail Bridge, Vauxhall to Tachbrook Street, Victoria"
"LINESTRING (-0.129925 51.493072,-0.138364 51.492111", "From Vincent Street, Pimlico to Tachbrook Street, Victoria"
"LINESTRING (-0.136123 51.482362,-0.138364 51.492111", "From Riverlight North, Nine Elms to Tachbrook Street, Victoria"
"LINESTRING (-0.124121 51.523418,-0.138364 51.492111", "From Russell Square Station, Bloomsbury to Tachbrook Street, Victoria"
"LINESTRING (-0.124469 51.485917,-0.138364 51.492111", "From Vauxhall Cross, Vauxhall to Tachbrook Street, Victoria"
"LINESTRING (-0.153233 51.490959,-0.138364 51.492111", "From Bourne Street, Belgravia to Tachbrook Street, Victoria"
"LINESTRING (-0.116688 51.520596,-0.138364 51.492111", "From Theobald's Road , Holborn to Tachbrook Street, Victoria"
"LINESTRING (-0.125674 51.491884,-0.138364 51.492111", "From Millbank Tower, Pimlico to Tachbrook Street, Victoria"
"LINESTRING (-0.110683 51.484788,-0.138364 51.492111", "From Kennington Road Post Office, Oval to Tachbrook Street, Victoria"
"LINESTRING (-0.166878 51.488023,-0.138364 51.492111", "From Flood Street, Chelsea to Tachbrook Street, Victoria"
"LINESTRING (-0.149186 51.490491,-0.138364 51.492111", "From Ebury Bridge, Pimlico to Tachbrook Street, Victoria"
"LINESTRING (-0.103078 51.511934,-0.138364 51.492111", "From Blackfriars Station, St. Paul's to Tachbrook Street, Victoria"
"LINESTRING (-0.118256 51.47659,-0.110683 51.484788", "From Albert Square, Stockwell to Kennington Road Post Office, Oval"
"LINESTRING (-0.113936 51.500139,-0.110683 51.484788", "From Lower Marsh, Waterloo to Kennington Road Post Office, Oval"
"LINESTRING (-0.116625 51.486965,-0.110683 51.484788", "From Vauxhall Street, Vauxhall to Kennington Road Post Office, Oval"
"LINESTRING (-0.116628 51.500089,-0.110683 51.484788", "From Lambeth Palace Road, Waterloo to Kennington Road Post Office, Oval"
"LINESTRING (-0.126021 51.508103,-0.110683 51.484788", "From Craven Street, Strand to Kennington Road Post Office, Oval"
"LINESTRING (-0.116542 51.504636,-0.110683 51.484788", "From Jubilee Gardens, South Bank to Kennington Road Post Office, Oval"
"LINESTRING (-0.110683 51.484788,-0.110683 51.484788", "From Kennington Road Post Office, Oval to Kennington Road Post Office, Oval"
"LINESTRING (-0.126994 51.470732,-0.110683 51.484788", "From Clarence Walk, Stockwell to Kennington Road Post Office, Oval"
"LINESTRING (-0.105593 51.488852,-0.110683 51.484788", "From Kennington Station, Kennington to Kennington Road Post Office, Oval"
"LINESTRING (-0.111471 51.479601,-0.110683 51.484788", "From Cranmer Road, Stockwell to Kennington Road Post Office, Oval"
"LINESTRING (-0.118256 51.47659,-0.110683 51.484788", "From Albert Square, Stockwell to Kennington Road Post Office, Oval"
"LINESTRING (-0.138364 51.492111,-0.110683 51.484788", "From Tachbrook Street, Victoria to Kennington Road Post Office, Oval"
"LINESTRING (-0.117495 51.498241,-0.110683 51.484788", "From Archbishop's Park, Waterloo to Kennington Road Post Office, Oval"
"LINESTRING (-0.083159 51.500889,-0.110683 51.484788", "From Tyers Gate, Bermondsey to Kennington Road Post Office, Oval"
"LINESTRING (-0.074189 51.502279,-0.110683 51.484788", "From Curlew Street, Shad Thames to Kennington Road Post Office, Oval"
"LINESTRING (-0.116625 51.486965,-0.110683 51.484788", "From Vauxhall Street, Vauxhall to Kennington Road Post Office, Oval"
"LINESTRING (-0.100791 51.518218,-0.110683 51.484788", "From West Smithfield Rotunda, Farringdon to Kennington Road Post Office, Oval"
"LINESTRING (-0.102996 51.486929,-0.110683 51.484788", "From Doddington Grove, Kennington to Kennington Road Post Office, Oval"
"LINESTRING (-0.139956 51.493573,-0.110683 51.484788", "From Queen Mother Sports Centre, Victoria to Kennington Road Post Office, Oval"
"LINESTRING (-0.119643 51.511756,-0.110683 51.484788", "From Wellington Street , Strand to Kennington Road Post Office, Oval"
"LINESTRING (-0.082422 51.516154,-0.110683 51.484788", "From Wormwood Street, Liverpool Street to Kennington Road Post Office, Oval"
"LINESTRING (-0.122492 51.486343,-0.110683 51.484788", "From Kennington Lane Rail Bridge, Vauxhall to Kennington Road Post Office, Oval"
"LINESTRING (-0.117661 51.482678,-0.110683 51.484788", "From Ashmole Estate, Oval to Kennington Road Post Office, Oval"
"LINESTRING (-0.091938 51.492807,-0.110683 51.484788", "From Victory Place, Walworth to Kennington Road Post Office, Oval"
"LINESTRING (-0.04915 51.498439,-0.110683 51.484788", "From Canada Water Station, Rotherhithe to Kennington Road Post Office, Oval"
"LINESTRING (-0.194757 51.493343,-0.168917 51.497056", "From Nevern Place, Earl's Court to Holy Trinity Brompton, Knightsbridge"
"LINESTRING (-0.179369 51.487196,-0.168917 51.497056", "From Drayton Gardens, West Chelsea to Holy Trinity Brompton, Knightsbridge"
"LINESTRING (-0.151926 51.516814,-0.168917 51.497056", "From Hinde Street, Marylebone to Holy Trinity Brompton, Knightsbridge"
"LINESTRING (-0.190603 51.493631,-0.168917 51.497056", "From Knaresborough Place, Earl's Court to Holy Trinity Brompton, Knightsbridge"
"LINESTRING (-0.129698 51.500703,-0.168917 51.497056", "From Storey's Gate, Westminster to Holy Trinity Brompton, Knightsbridge"
"LINESTRING (-0.179702 51.499428,-0.168917 51.497056", "From Imperial College, Knightsbridge to Holy Trinity Brompton, Knightsbridge"
"LINESTRING (-0.178732 51.493967,-0.168917 51.497056", "From Queen's Gate (Central), South Kensington to Holy Trinity Brompton, Knightsbridge"
"LINESTRING (-0.187427 51.460864,-0.168917 51.497056", "From Wandsworth Town Station, Wandsworth to Holy Trinity Brompton, Knightsbridge"
"LINESTRING (-0.166221 51.490714,-0.168917 51.497056", "From Chelsea Green, Chelsea to Holy Trinity Brompton, Knightsbridge"
"LINESTRING (-0.173757 51.496471,-0.168917 51.497056", "From Exhibition Road Museums 1, South Kensington to Holy Trinity Brompton, Knightsbridge"
"LINESTRING (-0.173757 51.496471,-0.168917 51.497056", "From Exhibition Road Museums 1, South Kensington to Holy Trinity Brompton, Knightsbridge"
"LINESTRING (-0.166878 51.488023,-0.168917 51.497056", "From Flood Street, Chelsea to Holy Trinity Brompton, Knightsbridge"
"LINESTRING (-0.149569 51.50274,-0.168917 51.497056", "From Wellington Arch, Hyde Park to Holy Trinity Brompton, Knightsbridge"
"LINESTRING (-0.200838 51.514311,-0.168917 51.497056", "From Turquoise Island, Notting Hill to Holy Trinity Brompton, Knightsbridge"
"LINESTRING (-0.142844 51.506613,-0.168917 51.497056", "From Green Park Station, Mayfair to Holy Trinity Brompton, Knightsbridge"
"LINESTRING (-0.208485 51.478939,-0.168917 51.497056", "From St. Peter's Terrace, Fulham to Holy Trinity Brompton, Knightsbridge"
"LINESTRING (-0.191462 51.501364,-0.168917 51.497056", "From Derry Street, Kensington to Holy Trinity Brompton, Knightsbridge"
"LINESTRING (-0.192404 51.496481,-0.168917 51.497056", "From Marloes Road, Kensington to Holy Trinity Brompton, Knightsbridge"
"LINESTRING (-0.149569 51.50274,-0.168917 51.497056", "From Wellington Arch, Hyde Park to Holy Trinity Brompton, Knightsbridge"
"LINESTRING (-0.17977 51.51348,-0.168917 51.497056", "From Devonshire Terrace, Bayswater to Holy Trinity Brompton, Knightsbridge"
"LINESTRING (-0.205284 51.496712,-0.168917 51.497056", "From Warwick Road, Olympia to Holy Trinity Brompton, Knightsbridge"
"LINESTRING (-0.222293 51.501594,-0.168917 51.497056", "From Shepherd's Bush Road North, Shepherd's Bush to Holy Trinity Brompton, Knightsbridge"
"LINESTRING (-0.194116 51.479932,-0.168917 51.497056", "From Fulham Broadway, Walham Green to Holy Trinity Brompton, Knightsbridge"
"LINESTRING (-0.165101 51.493583,-0.168917 51.497056", "From Denyer Street, Knightsbridge to Holy Trinity Brompton, Knightsbridge"
"LINESTRING (-0.197524 51.511084,-0.168917 51.497056", "From Pembridge Villas, Notting Hill to Holy Trinity Brompton, Knightsbridge"
"LINESTRING (-0.205991 51.501391,-0.201554 51.512136", "From Abbotsbury Road, Holland Park to Chepstow Villas, Notting Hill"
"LINESTRING (-0.187402 51.51031,-0.201554 51.512136", "From Queensway, Kensington Gardens to Chepstow Villas, Notting Hill"
"LINESTRING (-0.14296 51.497998,-0.201554 51.512136", "From Warwick Row, Westminster to Chepstow Villas, Notting Hill"
"LINESTRING (-0.158456 51.502953,-0.201554 51.512136", "From Albert Gate, Hyde Park to Chepstow Villas, Notting Hill"
"LINESTRING (-0.131961 51.508446,-0.201554 51.512136", "From Charles II Street, West End to Chepstow Villas, Notting Hill"
"LINESTRING (-0.172078 51.482567,-0.201554 51.512136", "From Danvers Street, West Chelsea to Chepstow Villas, Notting Hill"
"LINESTRING (-0.209378 51.489591,-0.201554 51.512136", "From Vereker Road, West Kensington to Chepstow Villas, Notting Hill"
"LINESTRING (-0.201554 51.512136,-0.201554 51.512136", "From Chepstow Villas, Notting Hill to Chepstow Villas, Notting Hill"
"LINESTRING (-0.19096 51.51244,-0.201554 51.512136", "From Ilchester Gardens, Bayswater to Chepstow Villas, Notting Hill"
"LINESTRING (-0.208888 51.5212,-0.201554 51.512136", "From Bevington Road West, North Kensington to Chepstow Villas, Notting Hill"
"LINESTRING (-0.17524 51.48902,-0.201554 51.512136", "From South Parade, Chelsea to Chepstow Villas, Notting Hill"
"LINESTRING (-0.209378 51.489591,-0.201554 51.512136", "From Vereker Road, West Kensington to Chepstow Villas, Notting Hill"
"LINESTRING (-0.208888 51.5212,-0.201554 51.512136", "From Bevington Road West, North Kensington to Chepstow Villas, Notting Hill"
"LINESTRING (-0.195455 51.500401,-0.201554 51.512136", "From Argyll Road, Kensington to Chepstow Villas, Notting Hill"
"LINESTRING (-0.147449 51.509351,-0.201554 51.512136", "From Farm Street, Mayfair to Chepstow Villas, Notting Hill"
"LINESTRING (-0.199004 51.506584,-0.201554 51.512136", "From Campden Hill Road, Notting Hill to Chepstow Villas, Notting Hill"
"LINESTRING (-0.21985 51.493267,-0.201554 51.512136", "From Hammersmith Road, Hammersmith to Chepstow Villas, Notting Hill"
"LINESTRING (-0.10454 51.505461,-0.201554 51.512136", "From Blackfriars Road, Southwark to Chepstow Villas, Notting Hill"
"LINESTRING (-0.163667 51.520331,-0.201554 51.512136", "From Seymour Place, Marylebone to Chepstow Villas, Notting Hill"
"LINESTRING (-0.210941 51.504199,-0.201554 51.512136", "From Addison Road, Holland Park to Chepstow Villas, Notting Hill"
"LINESTRING (-0.225787 51.514767,-0.201554 51.512136", "From BBC White City, White City to Chepstow Villas, Notting Hill"
"LINESTRING (-0.2174 51.504038,-0.201554 51.512136", "From Woodstock Grove, Shepherd's Bush to Chepstow Villas, Notting Hill"
"LINESTRING (-0.205876 51.475698,-0.201554 51.512136", "From Chesilton Road, Fulham to Chepstow Villas, Notting Hill"
"LINESTRING (-0.15934 51.500241,-0.201554 51.512136", "From Harriet Street, Knightsbridge to Chepstow Villas, Notting Hill"
"LINESTRING (-0.205991 51.501391,-0.201554 51.512136", "From Abbotsbury Road, Holland Park to Chepstow Villas, Notting Hill"
"LINESTRING (-0.195455 51.500401,-0.201554 51.512136", "From Argyll Road, Kensington to Chepstow Villas, Notting Hill"
"LINESTRING (-0.101536 51.49217,-0.101536 51.49217", "From Hampton Street, Walworth to Hampton Street, Walworth"
"LINESTRING (-0.105312 51.504043,-0.101536 51.49217", "From Southwark Station 1, Southwark to Hampton Street, Walworth"
"LINESTRING (-0.139956 51.493573,-0.101536 51.49217", "From Queen Mother Sports Centre, Victoria to Hampton Street, Walworth"
"LINESTRING (-0.128279 51.5293,-0.101536 51.49217", "From Ossulston Street, Somers Town to Hampton Street, Walworth"
"LINESTRING (-0.145246 51.539957,-0.101536 51.49217", "From Arlington Road, Camden Town to Hampton Street, Walworth"
"LINESTRING (-0.098031 51.505224,-0.101536 51.49217", "From Lavington Street, Bankside to Hampton Street, Walworth"
"LINESTRING (-0.098497 51.503688,-0.101536 51.49217", "From Union Street, The Borough to Hampton Street, Walworth"
"LINESTRING (-0.105596 51.505342,-0.101536 51.49217", "From Colombo Street, Southwark to Hampton Street, Walworth"
"LINESTRING (-0.098807 51.506725,-0.101536 51.49217", "From Tate Modern, Bankside to Hampton Street, Walworth"
"LINESTRING (-0.126021 51.508103,-0.101536 51.49217", "From Craven Street, Strand to Hampton Street, Walworth"
"LINESTRING (-0.098031 51.505224,-0.101536 51.49217", "From Lavington Street, Bankside to Hampton Street, Walworth"
"LINESTRING (-0.10044 51.498898,-0.101536 51.49217", "From Borough Road, Elephant & Castle to Hampton Street, Walworth"
"LINESTRING (-0.114934 51.49288,-0.101536 51.49217", "From Lollard Street, Vauxhall to Hampton Street, Walworth"
"LINESTRING (-0.120909 51.516128,-0.101536 51.49217", "From Newton Street, Covent Garden to Hampton Street, Walworth"
"LINESTRING (-0.129698 51.500703,-0.101536 51.49217", "From Storey's Gate, Westminster to Hampton Street, Walworth"
"LINESTRING (-0.101536 51.49217,-0.101536 51.49217", "From Hampton Street, Walworth to Hampton Street, Walworth"
"LINESTRING (-0.111014 51.493686,-0.101536 51.49217", "From Walnut Tree Walk, Vauxhall to Hampton Street, Walworth"
"LINESTRING (-0.124826 51.516226,-0.101536 51.49217", "From High Holborn , Covent Garden to Hampton Street, Walworth"
"LINESTRING (-0.147203 51.515308,-0.101536 51.49217", "From Chapel Place, Marylebone to Hampton Street, Walworth"
"LINESTRING (-0.144228 51.518117,-0.101536 51.49217", "From Broadcasting House, Marylebone to Hampton Street, Walworth"
"LINESTRING (-0.105312 51.504043,-0.101536 51.49217", "From Southwark Station 1, Southwark to Hampton Street, Walworth"
"LINESTRING (-0.122806 51.490435,-0.101536 51.49217", "From Albert Embankment, Vauxhall to Hampton Street, Walworth"
"LINESTRING (-0.12367 51.471433,-0.101536 51.49217", "From Clapham Road, Lingham Street, Stockwell to Hampton Street, Walworth"
"LINESTRING (-0.138733 51.496753,-0.101536 51.49217", "From Howick Place, Westminster to Hampton Street, Walworth"
"LINESTRING (-0.110889 51.495718,-0.101536 51.49217", "From Kennington Road  , Vauxhall to Hampton Street, Walworth"
"LINESTRING (-0.174554 51.499917,-0.174411 51.511933", "From Exhibition Road, Knightsbridge to Bayswater Road, Hyde Park"
"LINESTRING (-0.190393 51.490163,-0.174411 51.511933", "From Bramham Gardens, Earl's Court to Bayswater Road, Hyde Park"
"LINESTRING (-0.157436 51.512276,-0.174411 51.511933", "From Green Street, Mayfair to Bayswater Road, Hyde Park"
"LINESTRING (-0.131773 51.506633,-0.174411 51.511933", "From Waterloo Place, St. James's to Bayswater Road, Hyde Park"
"LINESTRING (-0.187402 51.51031,-0.174411 51.511933", "From Queensway, Kensington Gardens to Bayswater Road, Hyde Park"
"LINESTRING (-0.187278 51.475142,-0.174411 51.511933", "From Imperial Road, Sands End to Bayswater Road, Hyde Park"
"LINESTRING (-0.144228 51.518117,-0.174411 51.511933", "From Broadcasting House, Marylebone to Bayswater Road, Hyde Park"
"LINESTRING (-0.116628 51.500089,-0.174411 51.511933", "From Lambeth Palace Road, Waterloo to Bayswater Road, Hyde Park"
"LINESTRING (-0.130458 51.494816,-0.174411 51.511933", "From Horseferry Road, Westminster to Bayswater Road, Hyde Park"
"LINESTRING (-0.171103 51.518268,-0.174411 51.511933", "From St Mary's Hospital, Paddington to Bayswater Road, Hyde Park"
"LINESTRING (-0.142844 51.506613,-0.174411 51.511933", "From Green Park Station, Mayfair to Bayswater Road, Hyde Park"
"LINESTRING (-0.147449 51.509351,-0.174411 51.511933", "From Farm Street, Mayfair to Bayswater Road, Hyde Park"
"LINESTRING (-0.13214 51.519572,-0.174411 51.511933", "From Store Street, Bloomsbury to Bayswater Road, Hyde Park"
"LINESTRING (-0.163609 51.51809,-0.174411 51.511933", "From Shouldham Street, Marylebone to Bayswater Road, Hyde Park"
"LINESTRING (-0.130458 51.494816,-0.174411 51.511933", "From Horseferry Road, Westminster to Bayswater Road, Hyde Park"
"LINESTRING (-0.174554 51.499917,-0.174411 51.511933", "From Exhibition Road, Knightsbridge to Bayswater Road, Hyde Park"
"LINESTRING (-0.065076 51.52388,-0.174411 51.511933", "From Cheshire Street, Bethnal Green to Bayswater Road, Hyde Park"
"LINESTRING (-0.077121 51.511594,-0.174411 51.511933", "From Crosswall, Tower to Bayswater Road, Hyde Park"
"LINESTRING (-0.165164 51.514746,-0.174411 51.511933", "From Porchester Place, Paddington to Bayswater Road, Hyde Park"
"LINESTRING (-0.174411 51.511933,-0.174411 51.511933", "From Bayswater Road, Hyde Park to Bayswater Road, Hyde Park"
"LINESTRING (-0.178433 51.492479,-0.174411 51.511933", "From Queen's Gate (South), South Kensington to Bayswater Road, Hyde Park"
"LINESTRING (-0.10548 51.532199,-0.174411 51.511933", "From Torrens Street, Angel to Bayswater Road, Hyde Park"
"LINESTRING (-0.19096 51.51244,-0.174411 51.511933", "From Ilchester Gardens, Bayswater to Bayswater Road, Hyde Park"
"LINESTRING (-0.156166 51.518913,-0.174411 51.511933", "From Baker Street, Marylebone to Bayswater Road, Hyde Park"
"LINESTRING (-0.15352 51.503117,-0.174411 51.511933", "From Hyde Park Corner, Hyde Park to Bayswater Road, Hyde Park"
"LINESTRING (-0.129697 51.509087,-0.174411 51.511933", "From St. Martin's Street, West End to Bayswater Road, Hyde Park"
"LINESTRING (-0.147449 51.509351,-0.174411 51.511933", "From Farm Street, Mayfair to Bayswater Road, Hyde Park"
"LINESTRING (-0.156166 51.518913,-0.174411 51.511933", "From Baker Street, Marylebone to Bayswater Road, Hyde Park"
"LINESTRING (-0.173757 51.496471,-0.174411 51.511933", "From Exhibition Road Museums 1, South Kensington to Bayswater Road, Hyde Park"
"LINESTRING (-0.200742 51.502319,-0.174411 51.511933", "From Holland Park, Kensington to Bayswater Road, Hyde Park"
"LINESTRING (-0.124121 51.523418,-0.174411 51.511933", "From Russell Square Station, Bloomsbury to Bayswater Road, Hyde Park"
"LINESTRING (-0.179135 51.516417,-0.174411 51.511933", "From Eastbourne Mews, Paddington to Bayswater Road, Hyde Park"
"LINESTRING (-0.179702 51.499428,-0.174411 51.511933", "From Imperial College, Knightsbridge to Bayswater Road, Hyde Park"
"LINESTRING (-0.138019 51.524438,-0.174411 51.511933", "From Warren Street Station, Euston to Bayswater Road, Hyde Park"
"LINESTRING (-0.174411 51.511933,-0.174411 51.511933", "From Bayswater Road, Hyde Park to Bayswater Road, Hyde Park"
"LINESTRING (-0.170279 51.506451,-0.174411 51.511933", "From Triangle Car Park, Hyde Park to Bayswater Road, Hyde Park"
"LINESTRING (-0.129925 51.493072,-0.174411 51.511933", "From Vincent Street, Pimlico to Bayswater Road, Hyde Park"
"LINESTRING (-0.183716 51.517932,-0.174411 51.511933", "From Orsett Terrace, Bayswater to Bayswater Road, Hyde Park"
"LINESTRING (-0.174411 51.511933,-0.174411 51.511933", "From Bayswater Road, Hyde Park to Bayswater Road, Hyde Park"
"LINESTRING (-0.119643 51.511756,-0.112824 51.503791", "From Wellington Street , Strand to Waterloo Station 3, Waterloo"
"LINESTRING (-0.09294 51.511553,-0.112824 51.503791", "From Queen Street 1, Bank to Waterloo Station 3, Waterloo"
"LINESTRING (-0.127854 51.517727,-0.112824 51.503791", "From Great Russell Street, Bloomsbury to Waterloo Station 3, Waterloo"
"LINESTRING (-0.107927 51.513821,-0.112824 51.503791", "From Bouverie Street, Temple to Waterloo Station 3, Waterloo"
"LINESTRING (-0.11655 51.51824,-0.112824 51.503791", "From Red Lion Street, Holborn to Waterloo Station 3, Waterloo"
"LINESTRING (-0.116688 51.520596,-0.112824 51.503791", "From Theobald's Road , Holborn to Waterloo Station 3, Waterloo"
"LINESTRING (-0.083935 51.520009,-0.112824 51.503791", "From Sun Street, Liverpool Street to Waterloo Station 3, Waterloo"
"LINESTRING (-0.087587 51.514441,-0.112824 51.503791", "From Bank of England Museum, Bank to Waterloo Station 3, Waterloo"
"LINESTRING (-0.069543 51.525645,-0.112824 51.503791", "From Granby Street, Shoreditch to Waterloo Station 3, Waterloo"
"LINESTRING (-0.133201 51.512515,-0.112824 51.503791", "From Wardour Street, Soho to Waterloo Station 3, Waterloo"
"LINESTRING (-0.097122 51.529423,-0.112824 51.503791", "From Macclesfield Rd, St Lukes to Waterloo Station 3, Waterloo"
"LINESTRING (-0.127854 51.517727,-0.112824 51.503791", "From Great Russell Street, Bloomsbury to Waterloo Station 3, Waterloo"
"LINESTRING (-0.09885 51.515418,-0.112824 51.503791", "From Newgate Street , St. Paul's to Waterloo Station 3, Waterloo"
"LINESTRING (-0.093051 51.511246,-0.112824 51.503791", "From Queen Street 2, Bank to Waterloo Station 3, Waterloo"
"LINESTRING (-0.173715 51.491211,-0.112824 51.503791", "From Sumner Place, South Kensington to Waterloo Station 3, Waterloo"
"LINESTRING (-0.093885 51.517008,-0.112824 51.503791", "From Wood Street, Guildhall to Waterloo Station 3, Waterloo"
"LINESTRING (-0.134621 51.507424,-0.112824 51.503791", "From St. James's Square, St. James's to Waterloo Station 3, Waterloo"
"LINESTRING (-0.125078 51.534667,-0.112824 51.503791", "From Good's Way, King's Cross to Waterloo Station 3, Waterloo"
"LINESTRING (-0.09885 51.515418,-0.112824 51.503791", "From Newgate Street , St. Paul's to Waterloo Station 3, Waterloo"
"LINESTRING (-0.093885 51.517008,-0.112824 51.503791", "From Wood Street, Guildhall to Waterloo Station 3, Waterloo"
"LINESTRING (-0.130431 51.52168,-0.112824 51.503791", "From Malet Street, Bloomsbury to Waterloo Station 3, Waterloo"
"LINESTRING (-0.132053 51.518587,-0.112824 51.503791", "From Bayley Street , Bloomsbury to Waterloo Station 3, Waterloo"
"LINESTRING (-0.087587 51.514441,-0.112824 51.503791", "From Bank of England Museum, Bank to Waterloo Station 3, Waterloo"
"LINESTRING (-0.119643 51.511756,-0.112824 51.503791", "From Wellington Street , Strand to Waterloo Station 3, Waterloo"
"LINESTRING (-0.09885 51.515418,-0.112824 51.503791", "From Newgate Street , St. Paul's to Waterloo Station 3, Waterloo"
"LINESTRING (-0.108657 51.51795,-0.112824 51.503791", "From Holborn Circus, Holborn to Waterloo Station 3, Waterloo"
"LINESTRING (-0.090075 51.517842,-0.112824 51.503791", "From Fore Street, Guildhall to Waterloo Station 3, Waterloo"
"LINESTRING (-0.131161 51.52505,-0.112824 51.503791", "From Taviton Street, Bloomsbury to Waterloo Station 3, Waterloo"
"LINESTRING (-0.114079 51.522264,-0.112824 51.503791", "From Northington Street , Holborn to Waterloo Station 3, Waterloo"
"LINESTRING (-0.117774 51.513875,-0.112824 51.503791", "From Kingsway Southbound, Strand to Waterloo Station 3, Waterloo"
"LINESTRING (-0.088542 51.527025,-0.112824 51.503791", "From Baldwin Street, St. Luke's to Waterloo Station 3, Waterloo"
"LINESTRING (-0.133201 51.512515,-0.112824 51.503791", "From Wardour Street, Soho to Waterloo Station 3, Waterloo"
"LINESTRING (-0.151926 51.516814,-0.112824 51.503791", "From Hinde Street, Marylebone to Waterloo Station 3, Waterloo"
"LINESTRING (-0.082422 51.516154,-0.112824 51.503791", "From Wormwood Street, Liverpool Street to Waterloo Station 3, Waterloo"
"LINESTRING (-0.099489 51.524868,-0.112824 51.503791", "From Sadlers Sports Centre, Finsbury to Waterloo Station 3, Waterloo"
"LINESTRING (-0.08497 51.50964,-0.112824 51.503791", "From Monument Street, Monument to Waterloo Station 3, Waterloo"
"LINESTRING (-0.117974 51.494881,-0.112824 51.503791", "From Lambeth Road, Vauxhall to Waterloo Station 3, Waterloo"
"LINESTRING (-0.111257 51.514274,-0.112824 51.503791", "From Chancery Lane, Holborn to Waterloo Station 3, Waterloo"
"LINESTRING (-0.09308 51.515735,-0.112824 51.503791", "From The Guildhall, Guildhall to Waterloo Station 3, Waterloo"
"LINESTRING (-0.108028 51.518825,-0.112824 51.503791", "From Hatton Garden, Holborn to Waterloo Station 3, Waterloo"
"LINESTRING (-0.103078 51.511934,-0.112824 51.503791", "From Blackfriars Station, St. Paul's to Waterloo Station 3, Waterloo"
"LINESTRING (-0.09885 51.515418,-0.112824 51.503791", "From Newgate Street , St. Paul's to Waterloo Station 3, Waterloo"
"LINESTRING (-0.077178 51.514449,-0.112824 51.503791", "From Houndsditch, Aldgate to Waterloo Station 3, Waterloo"
"LINESTRING (-0.121394 51.493699,-0.112824 51.503791", "From Fire Brigade Pier, Vauxhall to Waterloo Station 3, Waterloo"
"LINESTRING (-0.122219 51.51477,-0.112824 51.503791", "From Drury Lane, Covent Garden to Waterloo Station 3, Waterloo"
"LINESTRING (-0.129698 51.500703,-0.112824 51.503791", "From Storey's Gate, Westminster to Waterloo Station 3, Waterloo"
"LINESTRING (-0.103078 51.511934,-0.112824 51.503791", "From Blackfriars Station, St. Paul's to Waterloo Station 3, Waterloo"
"LINESTRING (-0.112753 51.51501,-0.112824 51.503791", "From Carey Street, Holborn to Waterloo Station 3, Waterloo"
"LINESTRING (-0.09308 51.515735,-0.112824 51.503791", "From The Guildhall, Guildhall to Waterloo Station 3, Waterloo"
"LINESTRING (-0.098807 51.506725,-0.112824 51.503791", "From Tate Modern, Bankside to Waterloo Station 3, Waterloo"
"LINESTRING (-0.099141 51.512484,-0.112824 51.503791", "From Godliman Street, St. Paul's to Waterloo Station 3, Waterloo"
"LINESTRING (-0.138212 51.481335,-0.112824 51.503791", "From Riverlight South, Nine Elms to Waterloo Station 3, Waterloo"
"LINESTRING (-0.12335 51.51746,-0.112824 51.503791", "From Bury Place, Holborn to Waterloo Station 3, Waterloo"
"LINESTRING (-0.100168 51.530344,-0.112824 51.503791", "From City Road, Angel to Waterloo Station 3, Waterloo"
"LINESTRING (-0.098031 51.505224,-0.112824 51.503791", "From Lavington Street, Bankside to Waterloo Station 3, Waterloo"
"LINESTRING (-0.0801 51.52959,-0.112824 51.503791", "From Hoxton Street, Hoxton to Waterloo Station 3, Waterloo"
"LINESTRING (-0.108028 51.518825,-0.112824 51.503791", "From Hatton Garden, Holborn to Waterloo Station 3, Waterloo"
"LINESTRING (-0.103078 51.511934,-0.112824 51.503791", "From Blackfriars Station, St. Paul's to Waterloo Station 3, Waterloo"
"LINESTRING (-0.118256 51.47659,-0.112824 51.503791", "From Albert Square, Stockwell to Waterloo Station 3, Waterloo"
"LINESTRING (-0.100791 51.518218,-0.112824 51.503791", "From West Smithfield Rotunda, Farringdon to Waterloo Station 3, Waterloo"
"LINESTRING (-0.077121 51.511594,-0.112824 51.503791", "From Crosswall, Tower to Waterloo Station 3, Waterloo"
"LINESTRING (-0.104947 51.516785,-0.112824 51.503791", "From Farringdon Street, Holborn to Waterloo Station 3, Waterloo"
"LINESTRING (-0.082422 51.516154,-0.112824 51.503791", "From Wormwood Street, Liverpool Street to Waterloo Station 3, Waterloo"
"LINESTRING (-0.136123 51.482362,-0.112824 51.503791", "From Riverlight North, Nine Elms to Waterloo Station 3, Waterloo"
"LINESTRING (-0.117974 51.494881,-0.112824 51.503791", "From Lambeth Road, Vauxhall to Waterloo Station 3, Waterloo"
"LINESTRING (-0.124807 51.53724,-0.112824 51.503791", "From Handyside Street, King's Cross to Waterloo Station 3, Waterloo"
"LINESTRING (-0.09308 51.515735,-0.112824 51.503791", "From The Guildhall, Guildhall to Waterloo Station 3, Waterloo"
"LINESTRING (-0.093885 51.517008,-0.112824 51.503791", "From Wood Street, Guildhall to Waterloo Station 3, Waterloo"
"LINESTRING (-0.097441 51.511961,-0.112824 51.503791", "From Queen Victoria Street, St. Paul's to Waterloo Station 3, Waterloo"
"LINESTRING (-0.09294 51.51397,-0.112824 51.503791", "From Cheapside, Bank to Waterloo Station 3, Waterloo"
"LINESTRING (-0.142345 51.510662,-0.112824 51.503791", "From Clifford Street, Mayfair to Waterloo Station 3, Waterloo"
"LINESTRING (-0.126874 51.47787,-0.112824 51.503791", "From Hartington Road, Stockwell to Waterloo Station 3, Waterloo"
"LINESTRING (-0.114686 51.506133,-0.112824 51.503791", "From Belvedere Road 1, South Bank to Waterloo Station 3, Waterloo"
"LINESTRING (-0.117974 51.494881,-0.112824 51.503791", "From Lambeth Road, Vauxhall to Waterloo Station 3, Waterloo"
"LINESTRING (-0.125674 51.491884,-0.112824 51.503791", "From Millbank Tower, Pimlico to Waterloo Station 3, Waterloo"
"LINESTRING (-0.091401 51.518093,-0.112824 51.503791", "From Fore Street Avenue, Guildhall to Waterloo Station 3, Waterloo"
"LINESTRING (-0.082422 51.516154,-0.112824 51.503791", "From Wormwood Street, Liverpool Street to Waterloo Station 3, Waterloo"
"LINESTRING (-0.14296 51.497998,-0.112824 51.503791", "From Warwick Row, Westminster to Waterloo Station 3, Waterloo"
"LINESTRING (-0.082422 51.516154,-0.112824 51.503791", "From Wormwood Street, Liverpool Street to Waterloo Station 3, Waterloo"
"LINESTRING (-0.093051 51.511246,-0.112824 51.503791", "From Queen Street 2, Bank to Waterloo Station 3, Waterloo"
"LINESTRING (-0.085634 51.520962,-0.112824 51.503791", "From Finsbury Square , Moorgate to Waterloo Station 3, Waterloo"
"LINESTRING (-0.121394 51.493699,-0.112824 51.503791", "From Fire Brigade Pier, Vauxhall to Waterloo Station 3, Waterloo"
"LINESTRING (-0.097441 51.511961,-0.112824 51.503791", "From Queen Victoria Street, St. Paul's to Waterloo Station 3, Waterloo"
"LINESTRING (-0.165471 51.498884,-0.112824 51.503791", "From Montpelier Street, Knightsbridge to Waterloo Station 3, Waterloo"
"LINESTRING (-0.077178 51.514449,-0.112824 51.503791", "From Houndsditch, Aldgate to Waterloo Station 3, Waterloo"
"LINESTRING (-0.117863 51.515208,-0.112824 51.503791", "From Sardinia Street, Holborn to Waterloo Station 3, Waterloo"
"LINESTRING (-0.11655 51.51824,-0.112824 51.503791", "From Red Lion Street, Holborn to Waterloo Station 3, Waterloo"
"LINESTRING (-0.08497 51.50964,-0.112824 51.503791", "From Monument Street, Monument to Waterloo Station 3, Waterloo"
"LINESTRING (-0.10527 51.515809,-0.112824 51.503791", "From Stonecutter Street, Holborn to Waterloo Station 3, Waterloo"
"LINESTRING (-0.140485 51.519181,-0.112824 51.503791", "From Foley Street, Fitzrovia to Waterloo Station 3, Waterloo"
"LINESTRING (-0.13214 51.519572,-0.112824 51.503791", "From Store Street, Bloomsbury to Waterloo Station 3, Waterloo"
"LINESTRING (-0.087587 51.514441,-0.112824 51.503791", "From Bank of England Museum, Bank to Waterloo Station 3, Waterloo"
"LINESTRING (-0.106408 51.530515,-0.112824 51.503791", "From Chadwell Street, Angel to Waterloo Station 3, Waterloo"
"LINESTRING (-0.099141 51.512484,-0.112824 51.503791", "From Godliman Street, St. Paul's to Waterloo Station 3, Waterloo"
"LINESTRING (-0.139016 51.520994,-0.112824 51.503791", "From Howland Street, Fitzrovia to Waterloo Station 3, Waterloo"
"LINESTRING (-0.117774 51.513875,-0.112824 51.503791", "From Kingsway Southbound, Strand to Waterloo Station 3, Waterloo"
"LINESTRING (-0.085634 51.520962,-0.112824 51.503791", "From Finsbury Square , Moorgate to Waterloo Station 3, Waterloo"
"LINESTRING (-0.086685 51.517075,-0.112824 51.503791", "From Finsbury Circus, Liverpool Street to Waterloo Station 3, Waterloo"
"LINESTRING (-0.083632 51.502153,-0.112824 51.503791", "From Snowsfields, London Bridge to Waterloo Station 3, Waterloo"
"LINESTRING (-0.09294 51.511553,-0.112824 51.503791", "From Queen Street 1, Bank to Waterloo Station 3, Waterloo"
"LINESTRING (-0.097441 51.511961,-0.112824 51.503791", "From Queen Victoria Street, St. Paul's to Waterloo Station 3, Waterloo"
"LINESTRING (-0.082422 51.516154,-0.112824 51.503791", "From Wormwood Street, Liverpool Street to Waterloo Station 3, Waterloo"
"LINESTRING (-0.107987 51.517428,-0.112824 51.503791", "From New Fetter Lane, Holborn to Waterloo Station 3, Waterloo"
"LINESTRING (-0.070133 51.515231,-0.112824 51.503791", "From Central House, Whitechapel to Waterloo Station 3, Waterloo"
"LINESTRING (-0.093903 51.530991,-0.112824 51.503791", "From Wenlock Road , Hoxton to Waterloo Station 3, Waterloo"
"LINESTRING (-0.112824 51.503791,-0.112824 51.503791", "From Waterloo Station 3, Waterloo to Waterloo Station 3, Waterloo"
"LINESTRING (-0.119643 51.511756,-0.112824 51.503791", "From Wellington Street , Strand to Waterloo Station 3, Waterloo"
"LINESTRING (-0.132102 51.498125,-0.112824 51.503791", "From Abbey Orchard Street, Westminster to Waterloo Station 3, Waterloo"
"LINESTRING (-0.113885 51.51165,-0.112824 51.503791", "From Arundel Street to Waterloo Station 3, Waterloo"
"LINESTRING (-0.178732 51.493967,-0.191933 51.495866", "From Queen's Gate (Central), South Kensington to Lexham Gardens, Kensington"
"LINESTRING (-0.211358 51.510101,-0.191933 51.495866", "From Walmer Road, Avondale to Lexham Gardens, Kensington"
"LINESTRING (-0.2174 51.504038,-0.191933 51.495866", "From Woodstock Grove, Shepherd's Bush to Lexham Gardens, Kensington"
"LINESTRING (-0.153233 51.490959,-0.191933 51.495866", "From Bourne Street, Belgravia to Lexham Gardens, Kensington"
"LINESTRING (-0.224103 51.509158,-0.191933 51.495866", "From Westfield Ariel Way, White City to Lexham Gardens, Kensington"
"LINESTRING (-0.205284 51.496712,-0.191933 51.495866", "From Warwick Road, Olympia to Lexham Gardens, Kensington"
"LINESTRING (-0.191462 51.501364,-0.191933 51.495866", "From Derry Street, Kensington to Lexham Gardens, Kensington"
"LINESTRING (-0.224103 51.509158,-0.191933 51.495866", "From Westfield Ariel Way, White City to Lexham Gardens, Kensington"
"LINESTRING (-0.197574 51.499606,-0.191933 51.495866", "From Phillimore Gardens, Kensington to Lexham Gardens, Kensington"
"LINESTRING (-0.15934 51.500241,-0.191933 51.495866", "From Harriet Street, Knightsbridge to Lexham Gardens, Kensington"
"LINESTRING (-0.189155 51.477292,-0.191933 51.495866", "From Michael Road, Walham Green to Lexham Gardens, Kensington"
"LINESTRING (-0.105344 51.515059,-0.191933 51.495866", "From St. Bride Street, Holborn to Lexham Gardens, Kensington"
"LINESTRING (-0.151126 51.510919,-0.191933 51.495866", "From Millennium Hotel, Mayfair to Lexham Gardens, Kensington"
"LINESTRING (-0.193068 51.500397,-0.191933 51.495866", "From Wright's Lane, Kensington to Lexham Gardens, Kensington"
"LINESTRING (-0.225787 51.514767,-0.191933 51.495866", "From BBC White City, White City to Lexham Gardens, Kensington"
"LINESTRING (-0.174971 51.485121,-0.191933 51.495866", "From The Vale, Chelsea to Lexham Gardens, Kensington"
"LINESTRING (-0.193487 51.513735,-0.191933 51.495866", "From Hereford Road, Bayswater to Lexham Gardens, Kensington"
"LINESTRING (-0.157436 51.512276,-0.191933 51.495866", "From Green Street, Mayfair to Lexham Gardens, Kensington"
"LINESTRING (-0.236769 51.494223,-0.191933 51.495866", "From Ravenscourt Park Station, Hammersmith to Lexham Gardens, Kensington"
"LINESTRING (-0.189155 51.477292,-0.191933 51.495866", "From Michael Road, Walham Green to Lexham Gardens, Kensington"
"LINESTRING (-0.183834 51.497924,-0.191933 51.495866", "From Gloucester Road (North), Kensington to Lexham Gardens, Kensington"
"LINESTRING (-0.102091 51.500693,-0.092921 51.494436", "From Webber Street , Southwark to New Kent Road, The Borough"
"LINESTRING (-0.082422 51.516154,-0.092921 51.494436", "From Wormwood Street, Liverpool Street to New Kent Road, The Borough"
"LINESTRING (-0.082422 51.516154,-0.092921 51.494436", "From Wormwood Street, Liverpool Street to New Kent Road, The Borough"
"LINESTRING (-0.082422 51.516154,-0.092921 51.494436", "From Wormwood Street, Liverpool Street to New Kent Road, The Borough"
"LINESTRING (-0.082422 51.516154,-0.092921 51.494436", "From Wormwood Street, Liverpool Street to New Kent Road, The Borough"
"LINESTRING (-0.105596 51.505342,-0.092921 51.494436", "From Colombo Street, Southwark to New Kent Road, The Borough"
"LINESTRING (-0.124749 51.509462,-0.092921 51.494436", "From William IV Street, Strand to New Kent Road, The Borough"
"LINESTRING (-0.100186 51.505817,-0.092921 51.494436", "From Bankside Mix, Bankside to New Kent Road, The Borough"
"LINESTRING (-0.07813 51.526377,-0.092921 51.494436", "From Shoreditch High Street, Shoreditch to New Kent Road, The Borough"
"LINESTRING (-0.11258 51.473874,-0.092921 51.494436", "From Normandy Road, Stockwell to New Kent Road, The Borough"
"LINESTRING (-0.100292 51.501732,-0.092921 51.494436", "From Great Suffolk Street, The Borough to New Kent Road, The Borough"
"LINESTRING (-0.082422 51.516154,-0.092921 51.494436", "From Wormwood Street, Liverpool Street to New Kent Road, The Borough"
"LINESTRING (-0.092762 51.500296,-0.092921 51.494436", "From Swan Street, The Borough to New Kent Road, The Borough"
"LINESTRING (-0.062546 51.535678,-0.092921 51.494436", "From Regent's Row , Haggerston to New Kent Road, The Borough"
"LINESTRING (-0.054883 51.522561,-0.092921 51.494436", "From Cephas Street, Bethnal Green to New Kent Road, The Borough"
"LINESTRING (-0.083632 51.502153,-0.092921 51.494436", "From Snowsfields, London Bridge to New Kent Road, The Borough"
"LINESTRING (-0.122492 51.486343,-0.092921 51.494436", "From Kennington Lane Rail Bridge, Vauxhall to New Kent Road, The Borough"
"LINESTRING (-0.092754 51.505974,-0.092921 51.494436", "From Park Street, Bankside to New Kent Road, The Borough"
"LINESTRING (-0.179592 51.525575,-0.193068 51.500397", "From Clifton Road, Maida Vale to Wright's Lane, Kensington"
"LINESTRING (-0.141334 51.492345,-0.193068 51.500397", "From Guildhouse Street, Victoria to Wright's Lane, Kensington"
"LINESTRING (-0.183834 51.497924,-0.193068 51.500397", "From Gloucester Road (North), Kensington to Wright's Lane, Kensington"
"LINESTRING (-0.145827 51.507326,-0.193068 51.500397", "From Clarges Street, Mayfair to Wright's Lane, Kensington"
"LINESTRING (-0.202038 51.48357,-0.193068 51.500397", "From Coomer Place, West Kensington to Wright's Lane, Kensington"
"LINESTRING (-0.19617 51.490853,-0.193068 51.500397", "From Trebovir Road, Earl's Court to Wright's Lane, Kensington"
"LINESTRING (-0.173881 51.494412,-0.193068 51.500397", "From South Kensington Station, South Kensington to Wright's Lane, Kensington"
"LINESTRING (-0.205284 51.496712,-0.193068 51.500397", "From Warwick Road, Olympia to Wright's Lane, Kensington"
"LINESTRING (-0.218337 51.506256,-0.193068 51.500397", "From Westfield Southern Terrace ,Shepherd's Bush to Wright's Lane, Kensington"
"LINESTRING (-0.193068 51.500397,-0.193068 51.500397", "From Wright's Lane, Kensington to Wright's Lane, Kensington"
"LINESTRING (-0.190393 51.490163,-0.193068 51.500397", "From Bramham Gardens, Earl's Court to Wright's Lane, Kensington"
"LINESTRING (-0.208888 51.5212,-0.193068 51.500397", "From Bevington Road West, North Kensington to Wright's Lane, Kensington"
"LINESTRING (-0.18267 51.494185,-0.193068 51.500397", "From Gloucester Road Station, South Kensington to Wright's Lane, Kensington"
"LINESTRING (-0.214594 51.510928,-0.193068 51.500397", "From Sirdar Road, Avondale to Wright's Lane, Kensington"
"LINESTRING (-0.197245 51.497387,-0.193068 51.500397", "From Abingdon Villas, Kensington to Wright's Lane, Kensington"
"LINESTRING (-0.190393 51.490163,-0.193068 51.500397", "From Bramham Gardens, Earl's Court to Wright's Lane, Kensington"
"LINESTRING (-0.186753 51.491615,-0.193068 51.500397", "From Collingham Gardens, Earl's Court to Wright's Lane, Kensington"
"LINESTRING (-0.193068 51.500397,-0.193068 51.500397", "From Wright's Lane, Kensington to Wright's Lane, Kensington"
"LINESTRING (-0.190393 51.490163,-0.193068 51.500397", "From Bramham Gardens, Earl's Court to Wright's Lane, Kensington"
"LINESTRING (-0.217995 51.487285,-0.193068 51.500397", "From Charing Cross Hospital, Hammersmith to Wright's Lane, Kensington"
"LINESTRING (-0.173881 51.494412,-0.193068 51.500397", "From South Kensington Station, South Kensington to Wright's Lane, Kensington"
"LINESTRING (-0.191933 51.495866,-0.193068 51.500397", "From Lexham Gardens, Kensington to Wright's Lane, Kensington"
"LINESTRING (-0.129698 51.500703,-0.193068 51.500397", "From Storey's Gate, Westminster to Wright's Lane, Kensington"
"LINESTRING (-0.170194 51.489716,-0.193068 51.500397", "From St. Luke's Church, Chelsea to Wright's Lane, Kensington"
"LINESTRING (-0.197245 51.497387,-0.193068 51.500397", "From Abingdon Villas, Kensington to Wright's Lane, Kensington"
"LINESTRING (-0.18119 51.485587,-0.193068 51.500397", "From Limerston Street, West Chelsea to Wright's Lane, Kensington"
"LINESTRING (-0.173881 51.494412,-0.193068 51.500397", "From South Kensington Station, South Kensington to Wright's Lane, Kensington"
"LINESTRING (-0.215808 51.503802,-0.193068 51.500397", "From Hansard Mews, Holland Park to Wright's Lane, Kensington"
"LINESTRING (-0.218337 51.506256,-0.193068 51.500397", "From Westfield Southern Terrace ,Shepherd's Bush to Wright's Lane, Kensington"
"LINESTRING (-0.208888 51.5212,-0.193068 51.500397", "From Bevington Road West, North Kensington to Wright's Lane, Kensington"
"LINESTRING (-0.193068 51.500397,-0.193068 51.500397", "From Wright's Lane, Kensington to Wright's Lane, Kensington"
"LINESTRING (-0.124469 51.485917,-0.193068 51.500397", "From Vauxhall Cross, Vauxhall to Wright's Lane, Kensington"
"LINESTRING (-0.178732 51.493967,-0.193068 51.500397", "From Queen's Gate (Central), South Kensington to Wright's Lane, Kensington"
"LINESTRING (-0.198286 51.493724,-0.193068 51.500397", "From West Cromwell Road, Earl's Court to Wright's Lane, Kensington"
"LINESTRING (-0.179854 51.501715,-0.193068 51.500397", "From Queen's Gate, Kensington Gardens to Wright's Lane, Kensington"
"LINESTRING (-0.154701 51.520583,-0.193068 51.500397", "From Paddington Street, Marylebone to Wright's Lane, Kensington"
"LINESTRING (-0.218337 51.506256,-0.193068 51.500397", "From Westfield Southern Terrace ,Shepherd's Bush to Wright's Lane, Kensington"
"LINESTRING (-0.144083 51.525595,-0.193068 51.500397", "From Longford Street, The Regent's Park to Wright's Lane, Kensington"
"LINESTRING (-0.209494 51.498157,-0.193068 51.500397", "From Kensington Olympia Station, Olympia to Wright's Lane, Kensington"
"LINESTRING (-0.209973 51.481021,-0.19617 51.490853", "From Aintree Street, Fulham to Trebovir Road, Earl's Court"
"LINESTRING (-0.196422 51.509353,-0.19617 51.490853", "From Notting Hill Gate Station, Notting Hill to Trebovir Road, Earl's Court"
"LINESTRING (-0.180389 51.46517,-0.19617 51.490853", "From Hibbert Street, Battersea to Trebovir Road, Earl's Court"
"LINESTRING (-0.185273 51.481765,-0.19617 51.490853", "From Hortensia Road, West Brompton to Trebovir Road, Earl's Court"
"LINESTRING (-0.178732 51.493967,-0.19617 51.490853", "From Queen's Gate (Central), South Kensington to Trebovir Road, Earl's Court"
"LINESTRING (-0.191462 51.501364,-0.19617 51.490853", "From Derry Street, Kensington to Trebovir Road, Earl's Court"
"LINESTRING (-0.170194 51.489716,-0.19617 51.490853", "From St. Luke's Church, Chelsea to Trebovir Road, Earl's Court"
"LINESTRING (-0.210941 51.504199,-0.19617 51.490853", "From Addison Road, Holland Park to Trebovir Road, Earl's Court"
"LINESTRING (-0.173881 51.494412,-0.19617 51.490853", "From South Kensington Station, South Kensington to Trebovir Road, Earl's Court"
"LINESTRING (-0.166878 51.488023,-0.19617 51.490853", "From Flood Street, Chelsea to Trebovir Road, Earl's Court"
"LINESTRING (-0.205284 51.496712,-0.19617 51.490853", "From Warwick Road, Olympia to Trebovir Road, Earl's Court"
"LINESTRING (-0.174971 51.485121,-0.19617 51.490853", "From The Vale, Chelsea to Trebovir Road, Earl's Court"
"LINESTRING (-0.194116 51.479932,-0.19617 51.490853", "From Fulham Broadway, Walham Green to Trebovir Road, Earl's Court"
"LINESTRING (-0.208485 51.478939,-0.19617 51.490853", "From St. Peter's Terrace, Fulham to Trebovir Road, Earl's Court"
"LINESTRING (-0.209973 51.481021,-0.19617 51.490853", "From Aintree Street, Fulham to Trebovir Road, Earl's Court"
"LINESTRING (-0.184318 51.468819,-0.19617 51.490853", "From William Morris Way, Sands End to Trebovir Road, Earl's Court"
"LINESTRING (-0.222293 51.501594,-0.19617 51.490853", "From Shepherd's Bush Road North, Shepherd's Bush to Trebovir Road, Earl's Court"
"LINESTRING (-0.185273 51.481765,-0.19617 51.490853", "From Hortensia Road, West Brompton to Trebovir Road, Earl's Court"
"LINESTRING (-0.182435 51.478169,-0.19617 51.490853", "From Upcerne Road, West Chelsea to Trebovir Road, Earl's Court"
"LINESTRING (-0.174554 51.499917,-0.19617 51.490853", "From Exhibition Road, Knightsbridge to Trebovir Road, Earl's Court"
"LINESTRING (-0.180274 51.481805,-0.19617 51.490853", "From World's End Place, West Chelsea to Trebovir Road, Earl's Court"
"LINESTRING (-0.174554 51.499917,-0.19617 51.490853", "From Exhibition Road, Knightsbridge to Trebovir Road, Earl's Court"
"LINESTRING (-0.179702 51.499428,-0.19617 51.490853", "From Imperial College, Knightsbridge to Trebovir Road, Earl's Court"
"LINESTRING (-0.170329 51.477684,-0.131773 51.506633", "From Westbridge Road, Battersea to Waterloo Place, St. James's"
"LINESTRING (-0.117122 51.490994,-0.131773 51.506633", "From Black Prince Road, Vauxhall to Waterloo Place, St. James's"
"LINESTRING (-0.129925 51.493072,-0.131773 51.506633", "From Vincent Street, Pimlico to Waterloo Place, St. James's"
"LINESTRING (-0.176267 51.472876,-0.131773 51.506633", "From Vicarage Crescent, Battersea to Waterloo Place, St. James's"
"LINESTRING (-0.17977 51.51348,-0.131773 51.506633", "From Devonshire Terrace, Bayswater to Waterloo Place, St. James's"
"LINESTRING (-0.074704 51.500845,-0.131773 51.506633", "From Tower Wharf, Bermondsey to Waterloo Place, St. James's"
"LINESTRING (-0.126021 51.508103,-0.131773 51.506633", "From Craven Street, Strand to Waterloo Place, St. James's"
"LINESTRING (-0.170329 51.477684,-0.131773 51.506633", "From Westbridge Road, Battersea to Waterloo Place, St. James's"
"LINESTRING (-0.149004 51.485821,-0.131773 51.506633", "From Chelsea Bridge, Pimlico to Waterloo Place, St. James's"
"LINESTRING (-0.133972 51.472993,-0.131773 51.506633", "From Union Grove, Wandsworth Road to Waterloo Place, St. James's"
"LINESTRING (-0.076793 51.513406,-0.131773 51.506633", "From Jewry Street, Aldgate to Waterloo Place, St. James's"
"LINESTRING (-0.127854 51.517727,-0.131773 51.506633", "From Great Russell Street, Bloomsbury to Waterloo Place, St. James's"
"LINESTRING (-0.127854 51.517727,-0.131773 51.506633", "From Great Russell Street, Bloomsbury to Waterloo Place, St. James's"
"LINESTRING (-0.141423 51.514499,-0.131773 51.506633", "From Little Argyll Street, West End to Waterloo Place, St. James's"
"LINESTRING (-0.144466 51.528302,-0.131773 51.506633", "From Albany Street, The Regent's Park to Waterloo Place, St. James's"
"LINESTRING (-0.074704 51.500845,-0.131773 51.506633", "From Tower Wharf, Bermondsey to Waterloo Place, St. James's"
"LINESTRING (-0.184318 51.468819,-0.131773 51.506633", "From William Morris Way, Sands End to Waterloo Place, St. James's"
"LINESTRING (-0.174691 51.45787,-0.141334 51.492345", "From Spencer Park, Wandsworth Common to Guildhouse Street, Victoria"
"LINESTRING (-0.15785 51.471095,-0.141334 51.492345", "From Culvert Road, Battersea to Guildhouse Street, Victoria"
"LINESTRING (-0.129925 51.493072,-0.141334 51.492345", "From Vincent Street, Pimlico to Guildhouse Street, Victoria"
"LINESTRING (-0.202759 51.500743,-0.141334 51.492345", "From Ilchester Place, Kensington to Guildhouse Street, Victoria"
"LINESTRING (-0.149186 51.490491,-0.141334 51.492345", "From Ebury Bridge, Pimlico to Guildhouse Street, Victoria"
"LINESTRING (-0.125972 51.49764,-0.141334 51.492345", "From Abingdon Green, Westminster to Guildhouse Street, Victoria"
"LINESTRING (-0.157436 51.512276,-0.141334 51.492345", "From Green Street, Mayfair to Guildhouse Street, Victoria"
"LINESTRING (-0.147714 51.483507,-0.141334 51.492345", "From Battersea Power Station, Battersea Park to Guildhouse Street, Victoria"
"LINESTRING (-0.159237 51.501855,-0.141334 51.492345", "From Seville Street, Knightsbridge to Guildhouse Street, Victoria"
"LINESTRING (-0.167894 51.493184,-0.141334 51.492345", "From Sloane Avenue, Knightsbridge to Guildhouse Street, Victoria"
"LINESTRING (-0.106323 51.490757,-0.141334 51.492345", "From Cotton Garden Estate, Kennington to Guildhouse Street, Victoria"
"LINESTRING (-0.165101 51.493583,-0.141334 51.492345", "From Denyer Street, Knightsbridge to Guildhouse Street, Victoria"
"LINESTRING (-0.147857 51.477966,-0.141334 51.492345", "From Gas Holders, Battersea Park to Guildhouse Street, Victoria"
"LINESTRING (-0.149004 51.485821,-0.141334 51.492345", "From Chelsea Bridge, Pimlico to Guildhouse Street, Victoria"
"LINESTRING (-0.14296 51.497998,-0.141334 51.492345", "From Warwick Row, Westminster to Guildhouse Street, Victoria"
"LINESTRING (-0.129386 51.534123,-0.121328 51.517606", "From Pancras Road, King's Cross to Southampton Place, Holborn"
"LINESTRING (-0.111435 51.48894,-0.121328 51.517606", "From Kennington Cross, Kennington to Southampton Place, Holborn"
"LINESTRING (-0.124121 51.523418,-0.121328 51.517606", "From Russell Square Station, Bloomsbury to Southampton Place, Holborn"
"LINESTRING (-0.053558 51.511066,-0.121328 51.517606", "From Sutton Street, Shadwell to Southampton Place, Holborn"
"LINESTRING (-0.073537 51.514233,-0.121328 51.517606", "From Braham Street, Aldgate to Southampton Place, Holborn"
"LINESTRING (-0.105344 51.515059,-0.121328 51.517606", "From St. Bride Street, Holborn to Southampton Place, Holborn"
"LINESTRING (-0.051394 51.520893,-0.121328 51.517606", "From Cleveland Way, Stepney to Southampton Place, Holborn"
"LINESTRING (-0.09294 51.51397,-0.121328 51.517606", "From Cheapside, Bank to Southampton Place, Holborn"
"LINESTRING (-0.138019 51.524438,-0.121328 51.517606", "From Warren Street Station, Euston to Southampton Place, Holborn"
"LINESTRING (-0.087262 51.506304,-0.121328 51.517606", "From Duke Street Hill, London Bridge to Southampton Place, Holborn"
"LINESTRING (-0.127854 51.517727,-0.121328 51.517606", "From Great Russell Street, Bloomsbury to Southampton Place, Holborn"
"LINESTRING (-0.138212 51.481335,-0.121328 51.517606", "From Riverlight South, Nine Elms to Southampton Place, Holborn"
"LINESTRING (-0.138231 51.525542,-0.121328 51.517606", "From Hampstead Road, Euston to Southampton Place, Holborn"
"LINESTRING (-0.075459 51.509506,-0.121328 51.517606", "From Tower Gardens , Tower to Southampton Place, Holborn"
"LINESTRING (-0.149569 51.50274,-0.121328 51.517606", "From Wellington Arch, Hyde Park to Southampton Place, Holborn"
"LINESTRING (-0.07813 51.526377,-0.121328 51.517606", "From Shoreditch High Street, Shoreditch to Southampton Place, Holborn"
"LINESTRING (-0.074754 51.523648,-0.121328 51.517606", "From Bethnal Green Road, Shoreditch to Southampton Place, Holborn"
"LINESTRING (-0.077121 51.511594,-0.121328 51.517606", "From Crosswall, Tower to Southampton Place, Holborn"
"LINESTRING (-0.145393 51.542138,-0.121328 51.517606", "From Castlehaven Road, Camden Town to Southampton Place, Holborn"
"LINESTRING (-0.074284 51.539328,-0.121328 51.517606", "From Haggerston Road, Haggerston to Southampton Place, Holborn"
"LINESTRING (-0.117774 51.513875,-0.121328 51.517606", "From Kingsway Southbound, Strand to Southampton Place, Holborn"
"LINESTRING (-0.120973 51.530059,-0.121328 51.517606", "From St. Chad's Street, King's Cross to Southampton Place, Holborn"
"LINESTRING (-0.157183 51.52026,-0.121328 51.517606", "From Crawford Street, Marylebone to Southampton Place, Holborn"
"LINESTRING (-0.199783 51.472817,-0.167894 51.493184", "From Parson's Green , Parson's Green to Sloane Avenue, Knightsbridge"
"LINESTRING (-0.13151 51.509639,-0.167894 51.493184", "From Panton Street, West End to Sloane Avenue, Knightsbridge"
"LINESTRING (-0.19701 51.473763,-0.167894 51.493184", "From Irene Road, Parsons Green to Sloane Avenue, Knightsbridge"
"LINESTRING (-0.168917 51.497056,-0.167894 51.493184", "From Holy Trinity Brompton, Knightsbridge to Sloane Avenue, Knightsbridge"
"LINESTRING (-0.169249 51.515953,-0.167894 51.493184", "From Southwick Street, Paddington to Sloane Avenue, Knightsbridge"
"LINESTRING (-0.170194 51.489716,-0.167894 51.493184", "From St. Luke's Church, Chelsea to Sloane Avenue, Knightsbridge"
"LINESTRING (-0.161765 51.487964,-0.167894 51.493184", "From Ormonde Gate, Chelsea to Sloane Avenue, Knightsbridge"
"LINESTRING (-0.157183 51.52026,-0.167894 51.493184", "From Crawford Street, Marylebone to Sloane Avenue, Knightsbridge"
"LINESTRING (-0.18267 51.494185,-0.167894 51.493184", "From Gloucester Road Station, South Kensington to Sloane Avenue, Knightsbridge"
"LINESTRING (-0.161765 51.487964,-0.167894 51.493184", "From Ormonde Gate, Chelsea to Sloane Avenue, Knightsbridge"
"LINESTRING (-0.190603 51.493631,-0.167894 51.493184", "From Knaresborough Place, Earl's Court to Sloane Avenue, Knightsbridge"
"LINESTRING (-0.174971 51.485121,-0.167894 51.493184", "From The Vale, Chelsea to Sloane Avenue, Knightsbridge"
"LINESTRING (-0.19617 51.490853,-0.167894 51.493184", "From Trebovir Road, Earl's Court to Sloane Avenue, Knightsbridge"
"LINESTRING (-0.148105 51.514759,-0.167894 51.493184", "From Marylebone Lane, Marylebone to Sloane Avenue, Knightsbridge"
"LINESTRING (-0.190393 51.490163,-0.167894 51.493184", "From Bramham Gardens, Earl's Court to Sloane Avenue, Knightsbridge"
"LINESTRING (-0.184806 51.457991,-0.167894 51.493184", "From Alma Road, Wandsworth to Sloane Avenue, Knightsbridge"
"LINESTRING (-0.123702 51.506767,-0.167894 51.493184", "From Northumberland Avenue, Strand to Sloane Avenue, Knightsbridge"
"LINESTRING (-0.106823 51.508033,-0.167894 51.493184", "From Sea Containers, South Bank to Sloane Avenue, Knightsbridge"
"LINESTRING (-0.149186 51.490491,-0.167894 51.493184", "From Ebury Bridge, Pimlico to Sloane Avenue, Knightsbridge"
"LINESTRING (-0.178732 51.493967,-0.167894 51.493184", "From Queen's Gate (Central), South Kensington to Sloane Avenue, Knightsbridge"
"LINESTRING (-0.191933 51.495866,-0.167894 51.493184", "From Lexham Gardens, Kensington to Sloane Avenue, Knightsbridge"
"LINESTRING (-0.214749 51.473036,-0.167894 51.493184", "From Bishop's Avenue, Fulham to Sloane Avenue, Knightsbridge"
"LINESTRING (-0.202038 51.48357,-0.167894 51.493184", "From Coomer Place, West Kensington to Sloane Avenue, Knightsbridge"
"LINESTRING (-0.16716 51.47518,-0.167894 51.493184", "From Surrey Lane, Battersea to Sloane Avenue, Knightsbridge"
"LINESTRING (-0.18119 51.485587,-0.167894 51.493184", "From Limerston Street, West Chelsea to Sloane Avenue, Knightsbridge"
"LINESTRING (-0.126021 51.508103,-0.167894 51.493184", "From Craven Street, Strand to Sloane Avenue, Knightsbridge"
"LINESTRING (-0.194116 51.479932,-0.167894 51.493184", "From Fulham Broadway, Walham Green to Sloane Avenue, Knightsbridge"
"LINESTRING (-0.165471 51.498884,-0.167894 51.493184", "From Montpelier Street, Knightsbridge to Sloane Avenue, Knightsbridge"
"LINESTRING (-0.173881 51.494412,-0.167894 51.493184", "From South Kensington Station, South Kensington to Sloane Avenue, Knightsbridge"
"LINESTRING (-0.150666 51.506864,-0.167894 51.493184", "From Stanhope Gate, Mayfair to Sloane Avenue, Knightsbridge"
"LINESTRING (-0.18498 51.501737,-0.167894 51.493184", "From De Vere Gardens, Kensington to Sloane Avenue, Knightsbridge"
"LINESTRING (-0.187404 51.487958,-0.167894 51.493184", "From Harcourt Terrace, West Brompton to Sloane Avenue, Knightsbridge"
"LINESTRING (-0.144664 51.538071,-0.167894 51.493184", "From Parkway, Camden Town to Sloane Avenue, Knightsbridge"
"LINESTRING (-0.136039 51.519914,-0.167894 51.493184", "From Scala Street, Fitzrovia to Sloane Avenue, Knightsbridge"
"LINESTRING (-0.111606 51.505569,-0.167894 51.493184", "From Stamford Street, South Bank to Sloane Avenue, Knightsbridge"
"LINESTRING (-0.226606 51.488108,-0.167894 51.493184", "From Crisp Road, Hammersmith to Sloane Avenue, Knightsbridge"
"LINESTRING (-0.153933 51.494561,-0.167894 51.493184", "From Eaton Square (South), Belgravia to Sloane Avenue, Knightsbridge"
"LINESTRING (-0.178433 51.492479,-0.167894 51.493184", "From Queen's Gate (South), South Kensington to Sloane Avenue, Knightsbridge"
"LINESTRING (-0.172078 51.482567,-0.167894 51.493184", "From Danvers Street, West Chelsea to Sloane Avenue, Knightsbridge"
"LINESTRING (-0.15213 51.470475,-0.167894 51.493184", "From Stanley Grove, Battersea to Sloane Avenue, Knightsbridge"
"LINESTRING (-0.219486 51.512981,-0.167894 51.493184", "From Freston Road, Avondale to Sloane Avenue, Knightsbridge"
"LINESTRING (-0.18267 51.494185,-0.167894 51.493184", "From Gloucester Road Station, South Kensington to Sloane Avenue, Knightsbridge"
"LINESTRING (-0.178732 51.493967,-0.167894 51.493184", "From Queen's Gate (Central), South Kensington to Sloane Avenue, Knightsbridge"
"LINESTRING (-0.166878 51.488023,-0.167894 51.493184", "From Flood Street, Chelsea to Sloane Avenue, Knightsbridge"
"LINESTRING (-0.147624 51.49395,-0.167894 51.493184", "From Eccleston Place, Victoria to Sloane Avenue, Knightsbridge"
"LINESTRING (-0.179135 51.516417,-0.167894 51.493184", "From Eastbourne Mews, Paddington to Sloane Avenue, Knightsbridge"
"LINESTRING (-0.2174 51.504038,-0.167894 51.493184", "From Woodstock Grove, Shepherd's Bush to Sloane Avenue, Knightsbridge"
"LINESTRING (-0.195455 51.500401,-0.167894 51.493184", "From Argyll Road, Kensington to Sloane Avenue, Knightsbridge"
"LINESTRING (-0.144165 51.510736,-0.167894 51.493184", "From Bruton Street, Mayfair to Sloane Avenue, Knightsbridge"
"LINESTRING (-0.162418 51.490083,-0.167894 51.493184", "From Royal Avenue 2, Chelsea to Sloane Avenue, Knightsbridge"
"LINESTRING (-0.151359 51.522008,-0.183118 51.515607", "From Beaumont Street, Marylebone to Cleveland Gardens, Bayswater"
"LINESTRING (-0.17677 51.530889,-0.183118 51.515607", "From Grove End Road, St. John's Wood to Cleveland Gardens, Bayswater"
"LINESTRING (-0.17306 51.505014,-0.183118 51.515607", "From Serpentine Car Park, Hyde Park to Cleveland Gardens, Bayswater"
"LINESTRING (-0.202608 51.51632,-0.183118 51.515607", "From All Saints Church, Portobello to Cleveland Gardens, Bayswater"
"LINESTRING (-0.183289 51.496462,-0.183118 51.515607", "From Gloucester Road (Central), South Kensington to Cleveland Gardens, Bayswater"
"LINESTRING (-0.183118 51.515607,-0.183118 51.515607", "From Cleveland Gardens, Bayswater to Cleveland Gardens, Bayswater"
"LINESTRING (-0.175116 51.523353,-0.183118 51.515607", "From Frampton Street, Paddington to Cleveland Gardens, Bayswater"
"LINESTRING (-0.173693 51.495948,-0.183118 51.515607", "From Exhibition Road Museums 2, South Kensington to Cleveland Gardens, Bayswater"
"LINESTRING (-0.129698 51.500703,-0.183118 51.515607", "From Storey's Gate, Westminster to Cleveland Gardens, Bayswater"
"LINESTRING (-0.17306 51.505014,-0.183118 51.515607", "From Serpentine Car Park, Hyde Park to Cleveland Gardens, Bayswater"
"LINESTRING (-0.13151 51.509639,-0.183118 51.515607", "From Panton Street, West End to Cleveland Gardens, Bayswater"
"LINESTRING (-0.18697 51.51616,-0.183118 51.515607", "From Bishop's Bridge Road West, Bayswater to Cleveland Gardens, Bayswater"
"LINESTRING (-0.191462 51.501364,-0.183118 51.515607", "From Derry Street, Kensington to Cleveland Gardens, Bayswater"
"LINESTRING (-0.183118 51.515607,-0.183118 51.515607", "From Cleveland Gardens, Bayswater to Cleveland Gardens, Bayswater"
"LINESTRING (-0.162727 51.489932,-0.183118 51.515607", "From Royal Avenue 1, Chelsea to Cleveland Gardens, Bayswater"
"LINESTRING (-0.19024 51.515529,-0.183716 51.517932", "From Westbourne Grove, Bayswater to Orsett Terrace, Bayswater"
"LINESTRING (-0.183716 51.517932,-0.183716 51.517932", "From Orsett Terrace, Bayswater to Orsett Terrace, Bayswater"
"LINESTRING (-0.200804 51.520509,-0.183716 51.517932", "From The Metropolitan, Portobello to Orsett Terrace, Bayswater"
"LINESTRING (-0.171103 51.518268,-0.183716 51.517932", "From St Mary's Hospital, Paddington to Orsett Terrace, Bayswater"
"LINESTRING (-0.183486 51.529857,-0.183716 51.517932", "From Maida Vale, Maida Vale to Orsett Terrace, Bayswater"
"LINESTRING (-0.18697 51.51616,-0.183716 51.517932", "From Bishop's Bridge Road West, Bayswater to Orsett Terrace, Bayswater"
"LINESTRING (-0.174554 51.499917,-0.183716 51.517932", "From Exhibition Road, Knightsbridge to Orsett Terrace, Bayswater"
"LINESTRING (-0.137424 51.498865,-0.159237 51.501855", "From Buckingham Gate, Westminster to Seville Street, Knightsbridge"
"LINESTRING (-0.111471 51.479601,-0.159237 51.501855", "From Cranmer Road, Stockwell to Seville Street, Knightsbridge"
"LINESTRING (-0.123702 51.506767,-0.159237 51.501855", "From Northumberland Avenue, Strand to Seville Street, Knightsbridge"
"LINESTRING (-0.123702 51.506767,-0.159237 51.501855", "From Northumberland Avenue, Strand to Seville Street, Knightsbridge"
"LINESTRING (-0.106823 51.508033,-0.159237 51.501855", "From Sea Containers, South Bank to Seville Street, Knightsbridge"
"LINESTRING (-0.140741 51.488057,-0.159237 51.501855", "From Alderney Street, Pimlico to Seville Street, Knightsbridge"
"LINESTRING (-0.140741 51.488057,-0.159237 51.501855", "From Alderney Street, Pimlico to Seville Street, Knightsbridge"
"LINESTRING (-0.17219 51.526448,-0.159237 51.501855", "From Lisson Grove, St. John's Wood to Seville Street, Knightsbridge"
"LINESTRING (-0.126021 51.508103,-0.159237 51.501855", "From Craven Street, Strand to Seville Street, Knightsbridge"
"LINESTRING (-0.216145 51.46161,-0.159237 51.501855", "From Disraeli Road, Putney to Seville Street, Knightsbridge"
"LINESTRING (-0.126021 51.508103,-0.159237 51.501855", "From Craven Street, Strand to Seville Street, Knightsbridge"
"LINESTRING (-0.125674 51.491884,-0.159237 51.501855", "From Millbank Tower, Pimlico to Seville Street, Knightsbridge"
"LINESTRING (-0.170329 51.477684,-0.159237 51.501855", "From Westbridge Road, Battersea to Seville Street, Knightsbridge"
"LINESTRING (-0.133952 51.536264,-0.159237 51.501855", "From Royal College Street, Camden Town to Seville Street, Knightsbridge"
"LINESTRING (-0.167894 51.493184,-0.159237 51.501855", "From Sloane Avenue, Knightsbridge to Seville Street, Knightsbridge"
"LINESTRING (-0.123823 51.501513,-0.159237 51.501855", "From Westminster Pier, Westminster to Seville Street, Knightsbridge"
"LINESTRING (-0.134621 51.507424,-0.159237 51.501855", "From St. James's Square, St. James's to Seville Street, Knightsbridge"
"LINESTRING (-0.15934 51.500241,-0.159237 51.501855", "From Harriet Street, Knightsbridge to Seville Street, Knightsbridge"
"LINESTRING (-0.170329 51.477684,-0.159237 51.501855", "From Westbridge Road, Battersea to Seville Street, Knightsbridge"
"LINESTRING (-0.125674 51.491884,-0.159237 51.501855", "From Millbank Tower, Pimlico to Seville Street, Knightsbridge"
"LINESTRING (-0.137424 51.498865,-0.159237 51.501855", "From Buckingham Gate, Westminster to Seville Street, Knightsbridge"
"LINESTRING (-0.13558 51.513684,-0.159237 51.501855", "From Broadwick Street, Soho to Seville Street, Knightsbridge"
"LINESTRING (-0.13544 51.497829,-0.159237 51.501855", "From Butler Place, Westminster to Seville Street, Knightsbridge"
"LINESTRING (-0.088285 51.519069,-0.159237 51.501855", "From Moorfields, Moorgate to Seville Street, Knightsbridge"
"LINESTRING (-0.142207 51.485357,-0.159237 51.501855", "From Grosvenor Road, Pimlico to Seville Street, Knightsbridge"
"LINESTRING (-0.174653 51.527294,-0.159237 51.501855", "From St. John's Wood Road, St. John's Wood to Seville Street, Knightsbridge"
"LINESTRING (-0.165471 51.498884,-0.147624 51.49395", "From Montpelier Street, Knightsbridge to Eccleston Place, Victoria"
"LINESTRING (-0.179369 51.487196,-0.147624 51.49395", "From Drayton Gardens, West Chelsea to Eccleston Place, Victoria"
"LINESTRING (-0.167894 51.493184,-0.147624 51.49395", "From Sloane Avenue, Knightsbridge to Eccleston Place, Victoria"
"LINESTRING (-0.190346 51.46822,-0.147624 51.49395", "From Stephendale Road, Sands End to Eccleston Place, Victoria"
"LINESTRING (-0.130458 51.494816,-0.147624 51.49395", "From Horseferry Road, Westminster to Eccleston Place, Victoria"
"LINESTRING (-0.170194 51.489716,-0.147624 51.49395", "From St. Luke's Church, Chelsea to Eccleston Place, Victoria"
"LINESTRING (-0.174971 51.485121,-0.147624 51.49395", "From The Vale, Chelsea to Eccleston Place, Victoria"
"LINESTRING (-0.182435 51.478169,-0.147624 51.49395", "From Upcerne Road, West Chelsea to Eccleston Place, Victoria"
"LINESTRING (-0.167894 51.493184,-0.147624 51.49395", "From Sloane Avenue, Knightsbridge to Eccleston Place, Victoria"
"LINESTRING (-0.124469 51.485917,-0.147624 51.49395", "From Vauxhall Cross, Vauxhall to Eccleston Place, Victoria"
"LINESTRING (-0.180274 51.481805,-0.147624 51.49395", "From World's End Place, West Chelsea to Eccleston Place, Victoria"
"LINESTRING (-0.168917 51.497056,-0.147624 51.49395", "From Holy Trinity Brompton, Knightsbridge to Eccleston Place, Victoria"
"LINESTRING (-0.138212 51.481335,-0.147624 51.49395", "From Riverlight South, Nine Elms to Eccleston Place, Victoria"
"LINESTRING (-0.147714 51.483507,-0.147624 51.49395", "From Battersea Power Station, Battersea Park to Eccleston Place, Victoria"
"LINESTRING (-0.19096 51.51244,-0.147624 51.49395", "From Ilchester Gardens, Bayswater to Eccleston Place, Victoria"
"LINESTRING (-0.121394 51.493699,-0.147624 51.49395", "From Fire Brigade Pier, Vauxhall to Eccleston Place, Victoria"
"LINESTRING (-0.144165 51.510736,-0.147624 51.49395", "From Bruton Street, Mayfair to Eccleston Place, Victoria"
"LINESTRING (-0.17977 51.51348,-0.147624 51.49395", "From Devonshire Terrace, Bayswater to Eccleston Place, Victoria"
"LINESTRING (-0.135635 51.488226,-0.147624 51.49395", "From St. George's Square, Pimlico to Eccleston Place, Victoria"
"LINESTRING (-0.196422 51.509353,-0.147624 51.49395", "From Notting Hill Gate Station, Notting Hill to Eccleston Place, Victoria"
"LINESTRING (-0.162298 51.522511,-0.147624 51.49395", "From Boston Place, Marylebone to Eccleston Place, Victoria"
"LINESTRING (-0.209973 51.481021,-0.147624 51.49395", "From Aintree Street, Fulham to Eccleston Place, Victoria"
"LINESTRING (-0.182435 51.478169,-0.147624 51.49395", "From Upcerne Road, West Chelsea to Eccleston Place, Victoria"
"LINESTRING (-0.18697 51.51616,-0.147624 51.49395", "From Bishop's Bridge Road West, Bayswater to Eccleston Place, Victoria"
"LINESTRING (-0.182435 51.478169,-0.147624 51.49395", "From Upcerne Road, West Chelsea to Eccleston Place, Victoria"
"LINESTRING (-0.127575 51.495805,-0.147624 51.49395", "From Smith Square, Westminster to Eccleston Place, Victoria"
"LINESTRING (-0.132845 51.489975,-0.147624 51.49395", "From Rampayne Street, Pimlico to Eccleston Place, Victoria"
"LINESTRING (-0.159322 51.461343,-0.147624 51.49395", "From Clapham Common North Side, Clapham Common to Eccleston Place, Victoria"
"LINESTRING (-0.188098 51.517919,-0.147624 51.49395", "From Gloucester Terrace, Bayswater to Eccleston Place, Victoria"
"LINESTRING (-0.159322 51.461343,-0.147624 51.49395", "From Clapham Common North Side, Clapham Common to Eccleston Place, Victoria"
"LINESTRING (-0.149035 51.481121,-0.147624 51.49395", "From Sopwith Way, Battersea Park to Eccleston Place, Victoria"
"LINESTRING (-0.18119 51.490945,-0.147624 51.49395", "From Old Brompton Road, South Kensington to Eccleston Place, Victoria"
"LINESTRING (-0.163347 51.474392,-0.147624 51.49395", "From Albert Bridge Road, Battersea Park to Eccleston Place, Victoria"
"LINESTRING (-0.135635 51.488226,-0.147624 51.49395", "From St. George's Square, Pimlico to Eccleston Place, Victoria"
"LINESTRING (-0.153233 51.490959,-0.147624 51.49395", "From Bourne Street, Belgravia to Eccleston Place, Victoria"
"LINESTRING (-0.17021 51.474535,-0.147624 51.49395", "From Orbel Street, Battersea to Eccleston Place, Victoria"
"LINESTRING (-0.139625 51.490962,-0.147624 51.49395", "From Gloucester Street, Pimlico to Eccleston Place, Victoria"
"LINESTRING (-0.197609 51.483911,-0.147624 51.49395", "From Halford Road, West Kensington to Eccleston Place, Victoria"
"LINESTRING (-0.144165 51.510736,-0.147624 51.49395", "From Bruton Street, Mayfair to Eccleston Place, Victoria"
"LINESTRING (-0.182435 51.478169,-0.147624 51.49395", "From Upcerne Road, West Chelsea to Eccleston Place, Victoria"
"LINESTRING (-0.156876 51.49313,-0.147624 51.49395", "From Sedding Street, Sloane Square to Eccleston Place, Victoria"
"LINESTRING (-0.157788 51.465123,-0.147624 51.49395", "From Sugden Road, Clapham to Eccleston Place, Victoria"
"LINESTRING (-0.111606 51.505569,-0.147624 51.49395", "From Stamford Street, South Bank to Eccleston Place, Victoria"
"LINESTRING (-0.178656 51.501432,-0.195455 51.500401", "From Kensington Gore, Knightsbridge to Argyll Road, Kensington"
"LINESTRING (-0.183118 51.515607,-0.195455 51.500401", "From Cleveland Gardens, Bayswater to Argyll Road, Kensington"
"LINESTRING (-0.186753 51.491615,-0.195455 51.500401", "From Collingham Gardens, Earl's Court to Argyll Road, Kensington"
"LINESTRING (-0.197609 51.483911,-0.195455 51.500401", "From Halford Road, West Kensington to Argyll Road, Kensington"
"LINESTRING (-0.183118 51.515607,-0.195455 51.500401", "From Cleveland Gardens, Bayswater to Argyll Road, Kensington"
"LINESTRING (-0.179369 51.487196,-0.195455 51.500401", "From Drayton Gardens, West Chelsea to Argyll Road, Kensington"
"LINESTRING (-0.173757 51.496471,-0.195455 51.500401", "From Exhibition Road Museums 1, South Kensington to Argyll Road, Kensington"
"LINESTRING (-0.191933 51.495866,-0.195455 51.500401", "From Lexham Gardens, Kensington to Argyll Road, Kensington"
"LINESTRING (-0.195197 51.454752,-0.195455 51.500401", "From Neville Gill Close, Wandsworth to Argyll Road, Kensington"
"LINESTRING (-0.205284 51.496712,-0.195455 51.500401", "From Warwick Road, Olympia to Argyll Road, Kensington"
"LINESTRING (-0.201554 51.512136,-0.195455 51.500401", "From Chepstow Villas, Notting Hill to Argyll Road, Kensington"
"LINESTRING (-0.221791 51.49968,-0.195455 51.500401", "From Blythe Road West, Shepherd's Bush to Argyll Road, Kensington"
"LINESTRING (-0.147857 51.477966,-0.195455 51.500401", "From Gas Holders, Battersea Park to Argyll Road, Kensington"
"LINESTRING (-0.193502 51.467064,-0.195455 51.500401", "From South Park, Sands End to Argyll Road, Kensington"
"LINESTRING (-0.221791 51.49968,-0.195455 51.500401", "From Blythe Road West, Shepherd's Bush to Argyll Road, Kensington"
"LINESTRING (-0.205279 51.487244,-0.195455 51.500401", "From Star Road, West Kensington to Argyll Road, Kensington"
"LINESTRING (-0.165101 51.493583,-0.195455 51.500401", "From Denyer Street, Knightsbridge to Argyll Road, Kensington"
"LINESTRING (-0.187402 51.51031,-0.195455 51.500401", "From Queensway, Kensington Gardens to Argyll Road, Kensington"
"LINESTRING (-0.151926 51.516814,-0.165164 51.514746", "From Hinde Street, Marylebone to Porchester Place, Paddington"
"LINESTRING (-0.121723 51.510701,-0.165164 51.514746", "From Southampton Street, Strand to Porchester Place, Paddington"
"LINESTRING (-0.138733 51.496753,-0.165164 51.514746", "From Howick Place, Westminster to Porchester Place, Paddington"
"LINESTRING (-0.161113 51.522596,-0.165164 51.514746", "From Dorset Square, Marylebone to Porchester Place, Paddington"
"LINESTRING (-0.038986 51.512871,-0.165164 51.514746", "From Flamborough Street, Limehouse to Porchester Place, Paddington"
"LINESTRING (-0.131961 51.508446,-0.165164 51.514746", "From Charles II Street, West End to Porchester Place, Paddington"
"LINESTRING (-0.174554 51.499917,-0.165164 51.514746", "From Exhibition Road, Knightsbridge to Porchester Place, Paddington"
"LINESTRING (-0.162298 51.522511,-0.165164 51.514746", "From Boston Place, Marylebone to Porchester Place, Paddington"
"LINESTRING (-0.17977 51.51348,-0.165164 51.514746", "From Devonshire Terrace, Bayswater to Porchester Place, Paddington"
"LINESTRING (-0.179668 51.511654,-0.165164 51.514746", "From Lancaster Gate , Bayswater to Porchester Place, Paddington"
"LINESTRING (-0.174554 51.499917,-0.165164 51.514746", "From Exhibition Road, Knightsbridge to Porchester Place, Paddington"
"LINESTRING (-0.151296 51.50923,-0.165164 51.514746", "From South Audley Street, Mayfair to Porchester Place, Paddington"
"LINESTRING (-0.121723 51.510701,-0.165164 51.514746", "From Southampton Street, Strand to Porchester Place, Paddington"
"LINESTRING (-0.142783 51.51196,-0.165164 51.514746", "From St. George Street, Mayfair to Porchester Place, Paddington"
"LINESTRING (-0.09885 51.515418,-0.165164 51.514746", "From Newgate Street , St. Paul's to Porchester Place, Paddington"
"LINESTRING (-0.121723 51.510701,-0.165164 51.514746", "From Southampton Street, Strand to Porchester Place, Paddington"
"LINESTRING (-0.155525 51.516204,-0.165164 51.514746", "From Portman Square, Marylebone to Porchester Place, Paddington"
"LINESTRING (-0.139016 51.520994,-0.165164 51.514746", "From Howland Street, Fitzrovia to Porchester Place, Paddington"
"LINESTRING (-0.121723 51.510701,-0.165164 51.514746", "From Southampton Street, Strand to Porchester Place, Paddington"
"LINESTRING (-0.191933 51.495866,-0.165164 51.514746", "From Lexham Gardens, Kensington to Porchester Place, Paddington"
"LINESTRING (-0.126021 51.508103,-0.165164 51.514746", "From Craven Street, Strand to Porchester Place, Paddington"
"LINESTRING (-0.19024 51.515529,-0.165164 51.514746", "From Westbourne Grove, Bayswater to Porchester Place, Paddington"
"LINESTRING (-0.161765 51.487964,-0.165164 51.514746", "From Ormonde Gate, Chelsea to Porchester Place, Paddington"
"LINESTRING (-0.169821 51.466633,-0.165164 51.514746", "From Falcon Road, Clapham Junction to Porchester Place, Paddington"
"LINESTRING (-0.165164 51.514746,-0.165164 51.514746", "From Porchester Place, Paddington to Porchester Place, Paddington"
"LINESTRING (-0.106992 51.534504,-0.108068 51.527842", "From Liverpool Road (N1 Centre), Angel to Hardwick Street, Clerkenwell"
"LINESTRING (-0.074754 51.523648,-0.108068 51.527842", "From Bethnal Green Road, Shoreditch to Hardwick Street, Clerkenwell"
"LINESTRING (-0.079248 51.524526,-0.108068 51.527842", "From New Inn Yard, Shoreditch to Hardwick Street, Clerkenwell"
"LINESTRING (-0.112721 51.536392,-0.108068 51.527842", "From Charlotte Terrace, Angel to Hardwick Street, Clerkenwell"
"LINESTRING (-0.139016 51.520994,-0.108068 51.527842", "From Howland Street, Fitzrovia to Hardwick Street, Clerkenwell"
"LINESTRING (-0.112824 51.503791,-0.108068 51.527842", "From Waterloo Station 3, Waterloo to Hardwick Street, Clerkenwell"
"LINESTRING (-0.081608 51.497855,-0.108068 51.527842", "From Bermondsey Street, Bermondsey to Hardwick Street, Clerkenwell"
"LINESTRING (-0.132102 51.498125,-0.108068 51.527842", "From Abbey Orchard Street, Westminster to Hardwick Street, Clerkenwell"
"LINESTRING (-0.116764 51.51362,-0.108068 51.527842", "From Houghton Street, Strand to Hardwick Street, Clerkenwell"
"LINESTRING (-0.054162 51.536424,-0.108068 51.527842", "From Victoria Park Road, Hackney Central to Hardwick Street, Clerkenwell"
"LINESTRING (-0.079249 51.518908,-0.108068 51.527842", "From Brushfield Street, Liverpool Street to Hardwick Street, Clerkenwell"
"LINESTRING (-0.191462 51.501364,-0.186753 51.491615", "From Derry Street, Kensington to Collingham Gardens, Earl's Court"
"LINESTRING (-0.202038 51.48357,-0.186753 51.491615", "From Coomer Place, West Kensington to Collingham Gardens, Earl's Court"
"LINESTRING (-0.191462 51.501364,-0.186753 51.491615", "From Derry Street, Kensington to Collingham Gardens, Earl's Court"
"LINESTRING (-0.179854 51.501715,-0.186753 51.491615", "From Queen's Gate, Kensington Gardens to Collingham Gardens, Earl's Court"
"LINESTRING (-0.205279 51.487244,-0.186753 51.491615", "From Star Road, West Kensington to Collingham Gardens, Earl's Court"
"LINESTRING (-0.179369 51.487196,-0.186753 51.491615", "From Drayton Gardens, West Chelsea to Collingham Gardens, Earl's Court"
"LINESTRING (-0.202038 51.48357,-0.186753 51.491615", "From Coomer Place, West Kensington to Collingham Gardens, Earl's Court"
"LINESTRING (-0.167894 51.493184,-0.186753 51.491615", "From Sloane Avenue, Knightsbridge to Collingham Gardens, Earl's Court"
"LINESTRING (-0.166878 51.488023,-0.186753 51.491615", "From Flood Street, Chelsea to Collingham Gardens, Earl's Court"
"LINESTRING (-0.202759 51.500743,-0.186753 51.491615", "From Ilchester Place, Kensington to Collingham Gardens, Earl's Court"
"LINESTRING (-0.18119 51.485587,-0.186753 51.491615", "From Limerston Street, West Chelsea to Collingham Gardens, Earl's Court"
"LINESTRING (-0.167894 51.493184,-0.186753 51.491615", "From Sloane Avenue, Knightsbridge to Collingham Gardens, Earl's Court"
"LINESTRING (-0.195455 51.500401,-0.186753 51.491615", "From Argyll Road, Kensington to Collingham Gardens, Earl's Court"
"LINESTRING (-0.185296 51.495362,-0.186753 51.491615", "From Emperor's Gate, South Kensington to Collingham Gardens, Earl's Court"
"LINESTRING (-0.202038 51.48357,-0.186753 51.491615", "From Coomer Place, West Kensington to Collingham Gardens, Earl's Court"
"LINESTRING (-0.205279 51.487244,-0.186753 51.491615", "From Star Road, West Kensington to Collingham Gardens, Earl's Court"
"LINESTRING (-0.117619 51.509943,-0.186753 51.491615", "From Somerset House, Strand to Collingham Gardens, Earl's Court"
"LINESTRING (-0.185296 51.495362,-0.186753 51.491615", "From Emperor's Gate, South Kensington to Collingham Gardens, Earl's Court"
"LINESTRING (-0.179369 51.487196,-0.186753 51.491615", "From Drayton Gardens, West Chelsea to Collingham Gardens, Earl's Court"
"LINESTRING (-0.222456 51.488144,-0.186753 51.491615", "From Beryl Road, Hammersmith to Collingham Gardens, Earl's Court"
"LINESTRING (-0.165471 51.498884,-0.186753 51.491615", "From Montpelier Street, Knightsbridge to Collingham Gardens, Earl's Court"
"LINESTRING (-0.202759 51.500743,-0.186753 51.491615", "From Ilchester Place, Kensington to Collingham Gardens, Earl's Court"
"LINESTRING (-0.209121 51.491026,-0.173715 51.491211", "From Gwendwr Road, West Kensington to Sumner Place, South Kensington"
"LINESTRING (-0.18267 51.494185,-0.173715 51.491211", "From Gloucester Road Station, South Kensington to Sumner Place, South Kensington"
"LINESTRING (-0.194116 51.479932,-0.173715 51.491211", "From Fulham Broadway, Walham Green to Sumner Place, South Kensington"
"LINESTRING (-0.167894 51.493184,-0.173715 51.491211", "From Sloane Avenue, Knightsbridge to Sumner Place, South Kensington"
"LINESTRING (-0.187404 51.487958,-0.173715 51.491211", "From Harcourt Terrace, West Brompton to Sumner Place, South Kensington"
"LINESTRING (-0.126021 51.508103,-0.173715 51.491211", "From Craven Street, Strand to Sumner Place, South Kensington"
"LINESTRING (-0.17977 51.51348,-0.173715 51.491211", "From Devonshire Terrace, Bayswater to Sumner Place, South Kensington"
"LINESTRING (-0.229116 51.492084,-0.173715 51.491211", "From Bridge Avenue, Hammersmith to Sumner Place, South Kensington"
"LINESTRING (-0.193254 51.476259,-0.173715 51.491211", "From Eel Brook Common, Walham Green to Sumner Place, South Kensington"
"LINESTRING (-0.161765 51.487964,-0.173715 51.491211", "From Ormonde Gate, Chelsea to Sumner Place, South Kensington"
"LINESTRING (-0.169821 51.466633,-0.173715 51.491211", "From Falcon Road, Clapham Junction to Sumner Place, South Kensington"
"LINESTRING (-0.209378 51.489591,-0.173715 51.491211", "From Vereker Road, West Kensington to Sumner Place, South Kensington"
"LINESTRING (-0.197245 51.497387,-0.173715 51.491211", "From Abingdon Villas, Kensington to Sumner Place, South Kensington"
"LINESTRING (-0.18267 51.494185,-0.173715 51.491211", "From Gloucester Road Station, South Kensington to Sumner Place, South Kensington"
"LINESTRING (-0.157183 51.52026,-0.173715 51.491211", "From Crawford Street, Marylebone to Sumner Place, South Kensington"
"LINESTRING (-0.191933 51.495866,-0.173715 51.491211", "From Lexham Gardens, Kensington to Sumner Place, South Kensington"
"LINESTRING (-0.193254 51.476259,-0.173715 51.491211", "From Eel Brook Common, Walham Green to Sumner Place, South Kensington"
"LINESTRING (-0.166221 51.490714,-0.173715 51.491211", "From Chelsea Green, Chelsea to Sumner Place, South Kensington"
"LINESTRING (-0.193487 51.513735,-0.173715 51.491211", "From Hereford Road, Bayswater to Sumner Place, South Kensington"
"LINESTRING (-0.180274 51.481805,-0.173715 51.491211", "From World's End Place, West Chelsea to Sumner Place, South Kensington"
"LINESTRING (-0.185296 51.495362,-0.173715 51.491211", "From Emperor's Gate, South Kensington to Sumner Place, South Kensington"
"LINESTRING (-0.16716 51.47518,-0.173715 51.491211", "From Surrey Lane, Battersea to Sumner Place, South Kensington"
"LINESTRING (-0.112824 51.503791,-0.173715 51.491211", "From Waterloo Station 3, Waterloo to Sumner Place, South Kensington"
"LINESTRING (-0.18119 51.485587,-0.173715 51.491211", "From Limerston Street, West Chelsea to Sumner Place, South Kensington"
"LINESTRING (-0.205284 51.496712,-0.173715 51.491211", "From Warwick Road, Olympia to Sumner Place, South Kensington"
"LINESTRING (-0.216305 51.483356,-0.173715 51.491211", "From Everington Street, Fulham to Sumner Place, South Kensington"
"LINESTRING (-0.157183 51.52026,-0.173715 51.491211", "From Crawford Street, Marylebone to Sumner Place, South Kensington"
"LINESTRING (-0.209973 51.481021,-0.173715 51.491211", "From Aintree Street, Fulham to Sumner Place, South Kensington"
"LINESTRING (-0.09022 51.491484,-0.113001 51.50486", "From Rodney Road , Walworth to Waterloo Road, South Bank"
"LINESTRING (-0.113001 51.50486,-0.113001 51.50486", "From Waterloo Road, South Bank to Waterloo Road, South Bank"
"LINESTRING (-0.099489 51.524868,-0.113001 51.50486", "From Sadlers Sports Centre, Finsbury to Waterloo Road, South Bank"
"LINESTRING (-0.082989 51.510484,-0.113001 51.50486", "From Great Tower Street, Monument to Waterloo Road, South Bank"
"LINESTRING (-0.089446 51.497382,-0.113001 51.50486", "From Great Dover Street, The Borough to Waterloo Road, South Bank"
"LINESTRING (-0.113001 51.50486,-0.113001 51.50486", "From Waterloo Road, South Bank to Waterloo Road, South Bank"
"LINESTRING (-0.205876 51.475698,-0.113001 51.50486", "From Chesilton Road, Fulham to Waterloo Road, South Bank"
"LINESTRING (-0.090075 51.517842,-0.113001 51.50486", "From Fore Street, Guildhall to Waterloo Road, South Bank"
"LINESTRING (-0.099994 51.522853,-0.113001 51.50486", "From Berry Street, Clerkenwell to Waterloo Road, South Bank"
"LINESTRING (-0.116764 51.51362,-0.113001 51.50486", "From Houghton Street, Strand to Waterloo Road, South Bank"
"LINESTRING (-0.113001 51.50486,-0.113001 51.50486", "From Waterloo Road, South Bank to Waterloo Road, South Bank"
"LINESTRING (-0.123616 51.529943,-0.113001 51.50486", "From Belgrove Street , King's Cross to Waterloo Road, South Bank"
"LINESTRING (-0.09308 51.515735,-0.113001 51.50486", "From The Guildhall, Guildhall to Waterloo Road, South Bank"
"LINESTRING (-0.113001 51.50486,-0.113001 51.50486", "From Waterloo Road, South Bank to Waterloo Road, South Bank"
"LINESTRING (-0.133201 51.512515,-0.113001 51.50486", "From Wardour Street, Soho to Waterloo Road, South Bank"
"LINESTRING (-0.128585 51.516118,-0.113001 51.50486", "From Earnshaw Street , Covent Garden to Waterloo Road, South Bank"
"LINESTRING (-0.147449 51.509351,-0.113001 51.50486", "From Farm Street, Mayfair to Waterloo Road, South Bank"
"LINESTRING (-0.083632 51.502153,-0.113001 51.50486", "From Snowsfields, London Bridge to Waterloo Road, South Bank"
"LINESTRING (-0.13011 51.513527,-0.113001 51.50486", "From Moor Street, Soho to Waterloo Road, South Bank"
"LINESTRING (-0.122219 51.51477,-0.113001 51.50486", "From Drury Lane, Covent Garden to Waterloo Road, South Bank"
"LINESTRING (-0.083159 51.500889,-0.113001 51.50486", "From Tyers Gate, Bermondsey to Waterloo Road, South Bank"
"LINESTRING (-0.05438 51.520019,-0.113001 51.50486", "From Ansell House, Stepney to Waterloo Road, South Bank"
"LINESTRING (-0.122219 51.51477,-0.113001 51.50486", "From Drury Lane, Covent Garden to Waterloo Road, South Bank"
"LINESTRING (-0.105344 51.515059,-0.113001 51.50486", "From St. Bride Street, Holborn to Waterloo Road, South Bank"
"LINESTRING (-0.089887 51.520858,-0.115057 51.512582", "From Bunhill Row, Moorgate to Strand, Strand"
"LINESTRING (-0.101384 51.49652,-0.115057 51.512582", "From Ontario Street, Elephant & Castle to Strand, Strand"
"LINESTRING (-0.123509 51.52625,-0.115057 51.512582", "From Tavistock Place, Bloomsbury to Strand, Strand"
"LINESTRING (-0.075459 51.509506,-0.115057 51.512582", "From Tower Gardens , Tower to Strand, Strand"
"LINESTRING (-0.11655 51.51824,-0.115057 51.512582", "From Red Lion Street, Holborn to Strand, Strand"
"LINESTRING (-0.113426 51.503919,-0.115057 51.512582", "From Waterloo Station 2, Waterloo to Strand, Strand"
"LINESTRING (-0.103078 51.511934,-0.115057 51.512582", "From Blackfriars Station, St. Paul's to Strand, Strand"
"LINESTRING (-0.103078 51.511934,-0.115057 51.512582", "From Blackfriars Station, St. Paul's to Strand, Strand"
"LINESTRING (-0.091773 51.504627,-0.115057 51.512582", "From Hop Exchange, The Borough to Strand, Strand"
"LINESTRING (-0.112824 51.503791,-0.115057 51.512582", "From Waterloo Station 3, Waterloo to Strand, Strand"
"LINESTRING (-0.085814 51.495061,-0.115057 51.512582", "From Bricklayers Arms, Borough to Strand, Strand"
"LINESTRING (-0.104193 51.49605,-0.115057 51.512582", "From Gaywood  Street, Elephant & Castle to Strand, Strand"
"LINESTRING (-0.10988 51.49775,-0.115057 51.512582", "From King Edward Walk, Waterloo to Strand, Strand"
"LINESTRING (-0.13151 51.509639,-0.115057 51.512582", "From Panton Street, West End to Strand, Strand"
"LINESTRING (-0.06415 51.51295,-0.115057 51.512582", "From Christian Street, Whitechapel to Strand, Strand"
"LINESTRING (-0.123823 51.501513,-0.115057 51.512582", "From Westminster Pier, Westminster to Strand, Strand"
"LINESTRING (-0.119047 51.509631,-0.115057 51.512582", "From Embankment (Savoy), Strand to Strand, Strand"
"LINESTRING (-0.102757 51.536384,-0.079608 51.521668", "From Islington Green, Angel to Worship Street, Shoreditch"
"LINESTRING (-0.092762 51.500296,-0.079608 51.521668", "From Swan Street, The Borough to Worship Street, Shoreditch"
"LINESTRING (-0.029138 51.516196,-0.079608 51.521668", "From Burdett Road, Mile End to Worship Street, Shoreditch"
"LINESTRING (-0.113864 51.504027,-0.079608 51.521668", "From Waterloo Station 1, Waterloo to Worship Street, Shoreditch"
"LINESTRING (-0.120202 51.523346,-0.079608 51.521668", "From Guilford Street , Bloomsbury to Worship Street, Shoreditch"
"LINESTRING (-0.128279 51.5293,-0.079608 51.521668", "From Ossulston Street, Somers Town to Worship Street, Shoreditch"
"LINESTRING (-0.099489 51.524868,-0.079608 51.521668", "From Sadlers Sports Centre, Finsbury to Worship Street, Shoreditch"
"LINESTRING (-0.074754 51.523648,-0.079608 51.521668", "From Bethnal Green Road, Shoreditch to Worship Street, Shoreditch"
"LINESTRING (-0.092762 51.500296,-0.079608 51.521668", "From Swan Street, The Borough to Worship Street, Shoreditch"
"LINESTRING (-0.096317 51.526008,-0.079608 51.521668", "From Finsbury Leisure Centre, St. Luke's to Worship Street, Shoreditch"
"LINESTRING (-0.113864 51.504027,-0.079608 51.521668", "From Waterloo Station 1, Waterloo to Worship Street, Shoreditch"
"LINESTRING (-0.092176 51.520044,-0.079608 51.521668", "From Barbican Centre, Barbican to Worship Street, Shoreditch"
"LINESTRING (-0.076341 51.534464,-0.079608 51.521668", "From Whiston Road, Haggerston to Worship Street, Shoreditch"
"LINESTRING (-0.116279 51.524564,-0.079608 51.521668", "From Wren Street, Holborn to Worship Street, Shoreditch"
"LINESTRING (-0.06992 51.53385,-0.079608 51.521668", "From Queensbridge Road, Haggerston to Worship Street, Shoreditch"
"LINESTRING (-0.096317 51.526008,-0.079608 51.521668", "From Finsbury Leisure Centre, St. Luke's to Worship Street, Shoreditch"
"LINESTRING (-0.144165 51.510736,-0.079608 51.521668", "From Bruton Street, Mayfair to Worship Street, Shoreditch"
"LINESTRING (-0.09294 51.51397,-0.079608 51.521668", "From Cheapside, Bank to Worship Street, Shoreditch"
"LINESTRING (-0.079249 51.518908,-0.079608 51.521668", "From Brushfield Street, Liverpool Street to Worship Street, Shoreditch"
"LINESTRING (-0.201005 51.51787,-0.188098 51.517919", "From Westbourne Park Road, Portobello to Gloucester Terrace, Bayswater"
"LINESTRING (-0.195777 51.479463,-0.188098 51.517919", "From Erin Close, Walham Green to Gloucester Terrace, Bayswater"
"LINESTRING (-0.19096 51.51244,-0.188098 51.517919", "From Ilchester Gardens, Bayswater to Gloucester Terrace, Bayswater"
"LINESTRING (-0.178732 51.493967,-0.188098 51.517919", "From Queen's Gate (Central), South Kensington to Gloucester Terrace, Bayswater"
"LINESTRING (-0.127575 51.495805,-0.188098 51.517919", "From Smith Square, Westminster to Gloucester Terrace, Bayswater"
"LINESTRING (-0.179592 51.525575,-0.188098 51.517919", "From Clifton Road, Maida Vale to Gloucester Terrace, Bayswater"
"LINESTRING (-0.191462 51.501364,-0.188098 51.517919", "From Derry Street, Kensington to Gloucester Terrace, Bayswater"
"LINESTRING (-0.18119 51.485587,-0.188098 51.517919", "From Limerston Street, West Chelsea to Gloucester Terrace, Bayswater"
"LINESTRING (-0.142943 51.496863,-0.188098 51.517919", "From Allington Street, Victoria to Gloucester Terrace, Bayswater"
"LINESTRING (-0.143613 51.523518,-0.188098 51.517919", "From Bolsover Street, Fitzrovia to Gloucester Terrace, Bayswater"
"LINESTRING (-0.179135 51.516417,-0.188098 51.517919", "From Eastbourne Mews, Paddington to Gloucester Terrace, Bayswater"
"LINESTRING (-0.156166 51.518913,-0.188098 51.517919", "From Baker Street, Marylebone to Gloucester Terrace, Bayswater"
"LINESTRING (-0.182126 51.463489,-0.188098 51.517919", "From Usk Road, Clapham Junction to Gloucester Terrace, Bayswater"
"LINESTRING (-0.196422 51.509353,-0.188098 51.517919", "From Notting Hill Gate Station, Notting Hill to Gloucester Terrace, Bayswater"
"LINESTRING (-0.202608 51.51632,-0.188098 51.517919", "From All Saints Church, Portobello to Gloucester Terrace, Bayswater"
"LINESTRING (-0.135635 51.488226,-0.140947 51.49616", "From St. George's Square, Pimlico to Ashley Place, Victoria"
"LINESTRING (-0.10988 51.49775,-0.140947 51.49616", "From King Edward Walk, Waterloo to Ashley Place, Victoria"
"LINESTRING (-0.08249 51.53558,-0.140947 51.49616", "From Pitfield Street North,Hoxton to Ashley Place, Victoria"
"LINESTRING (-0.132102 51.498125,-0.140947 51.49616", "From Abbey Orchard Street, Westminster to Ashley Place, Victoria"
"LINESTRING (-0.159237 51.501855,-0.140947 51.49616", "From Seville Street, Knightsbridge to Ashley Place, Victoria"
"LINESTRING (-0.154701 51.520583,-0.140947 51.49616", "From Paddington Street, Marylebone to Ashley Place, Victoria"
"LINESTRING (-0.124642 51.481747,-0.140947 51.49616", "From South Lambeth Road, Vauxhall to Ashley Place, Victoria"
"LINESTRING (-0.144228 51.518117,-0.140947 51.49616", "From Broadcasting House, Marylebone to Ashley Place, Victoria"
"LINESTRING (-0.140741 51.488057,-0.140947 51.49616", "From Alderney Street, Pimlico to Ashley Place, Victoria"
"LINESTRING (-0.138089 51.484839,-0.140947 51.49616", "From Claverton Street, Pimlico to Ashley Place, Victoria"
"LINESTRING (-0.116493 51.477839,-0.140947 51.49616", "From Caldwell Street, Stockwell to Ashley Place, Victoria"
"LINESTRING (-0.126874 51.47787,-0.140947 51.49616", "From Hartington Road, Stockwell to Ashley Place, Victoria"
"LINESTRING (-0.150481 51.51217,-0.140947 51.49616", "From Grosvenor Square, Mayfair to Ashley Place, Victoria"
"LINESTRING (-0.153233 51.490959,-0.140947 51.49616", "From Bourne Street, Belgravia to Ashley Place, Victoria"
"LINESTRING (-0.104193 51.49605,-0.140947 51.49616", "From Gaywood  Street, Elephant & Castle to Ashley Place, Victoria"
"LINESTRING (-0.18119 51.485587,-0.140947 51.49616", "From Limerston Street, West Chelsea to Ashley Place, Victoria"
"LINESTRING (-0.13558 51.513684,-0.141923 51.489856", "From Broadwick Street, Soho to Warwick Square, Pimlico"
"LINESTRING (-0.123258 51.476149,-0.141923 51.489856", "From Teversham Lane, Stockwell to Warwick Square, Pimlico"
"LINESTRING (-0.168292 51.462392,-0.141923 51.489856", "From St. John's Road, Clapham Junction to Warwick Square, Pimlico"
"LINESTRING (-0.182435 51.478169,-0.141923 51.489856", "From Upcerne Road, West Chelsea to Warwick Square, Pimlico"
"LINESTRING (-0.141923 51.489856,-0.141923 51.489856", "From Warwick Square, Pimlico to Warwick Square, Pimlico"
"LINESTRING (-0.123258 51.476149,-0.141923 51.489856", "From Teversham Lane, Stockwell to Warwick Square, Pimlico"
"LINESTRING (-0.151359 51.522008,-0.141923 51.489856", "From Beaumont Street, Marylebone to Warwick Square, Pimlico"
"LINESTRING (-0.141923 51.489856,-0.141923 51.489856", "From Warwick Square, Pimlico to Warwick Square, Pimlico"
"LINESTRING (-0.123823 51.501513,-0.141923 51.489856", "From Westminster Pier, Westminster to Warwick Square, Pimlico"
"LINESTRING (-0.149551 51.477619,-0.141923 51.489856", "From Queen's Circus, Battersea Park to Warwick Square, Pimlico"
"LINESTRING (-0.156166 51.518913,-0.141923 51.489856", "From Baker Street, Marylebone to Warwick Square, Pimlico"
"LINESTRING (-0.158105 51.494645,-0.141923 51.489856", "From Cadogan Place, Knightsbridge to Warwick Square, Pimlico"
"LINESTRING (-0.155525 51.516204,-0.141923 51.489856", "From Portman Square, Marylebone to Warwick Square, Pimlico"
"LINESTRING (-0.187402 51.51031,-0.141923 51.489856", "From Queensway, Kensington Gardens to Warwick Square, Pimlico"
"LINESTRING (-0.156876 51.49313,-0.141923 51.489856", "From Sedding Street, Sloane Square to Warwick Square, Pimlico"
"LINESTRING (-0.149551 51.477619,-0.141923 51.489856", "From Queen's Circus, Battersea Park to Warwick Square, Pimlico"
"LINESTRING (-0.174691 51.45787,-0.141923 51.489856", "From Spencer Park, Wandsworth Common to Warwick Square, Pimlico"
"LINESTRING (-0.161203 51.496886,-0.141923 51.489856", "From Pont Street, Knightsbridge to Warwick Square, Pimlico"
"LINESTRING (-0.13558 51.513684,-0.141923 51.489856", "From Broadwick Street, Soho to Warwick Square, Pimlico"
"LINESTRING (-0.144132 51.493204,-0.141923 51.489856", "From Belgrave Road, Victoria to Warwick Square, Pimlico"
"LINESTRING (-0.142844 51.506613,-0.153645 51.512911", "From Green Park Station, Mayfair to North Audley Street, Mayfair"
"LINESTRING (-0.151126 51.510919,-0.153645 51.512911", "From Millennium Hotel, Mayfair to North Audley Street, Mayfair"
"LINESTRING (-0.162298 51.522511,-0.153645 51.512911", "From Boston Place, Marylebone to North Audley Street, Mayfair"
"LINESTRING (-0.191462 51.501364,-0.153645 51.512911", "From Derry Street, Kensington to North Audley Street, Mayfair"
"LINESTRING (-0.193764 51.508605,-0.153645 51.512911", "From Palace Gardens Terrace, Notting Hill to North Audley Street, Mayfair"
"LINESTRING (-0.116688 51.520596,-0.153645 51.512911", "From Theobald's Road , Holborn to North Audley Street, Mayfair"
"LINESTRING (-0.163667 51.520331,-0.153645 51.512911", "From Seymour Place, Marylebone to North Audley Street, Mayfair"
"LINESTRING (-0.109025 51.534408,-0.153645 51.512911", "From Cloudesley Road, Angel to North Audley Street, Mayfair"
"LINESTRING (-0.128279 51.5293,-0.153645 51.512911", "From Ossulston Street, Somers Town to North Audley Street, Mayfair"
"LINESTRING (-0.093885 51.517008,-0.153645 51.512911", "From Wood Street, Guildhall to North Audley Street, Mayfair"
"LINESTRING (-0.151126 51.510919,-0.153645 51.512911", "From Millennium Hotel, Mayfair to North Audley Street, Mayfair"
"LINESTRING (-0.136039 51.519914,-0.153645 51.512911", "From Scala Street, Fitzrovia to North Audley Street, Mayfair"
"LINESTRING (-0.202608 51.51632,-0.153645 51.512911", "From All Saints Church, Portobello to North Audley Street, Mayfair"
"LINESTRING (-0.202038 51.48357,-0.153645 51.512911", "From Coomer Place, West Kensington to North Audley Street, Mayfair"
"LINESTRING (-0.134621 51.507424,-0.153645 51.512911", "From St. James's Square, St. James's to North Audley Street, Mayfair"
"LINESTRING (-0.134621 51.507424,-0.153645 51.512911", "From St. James's Square, St. James's to North Audley Street, Mayfair"
"LINESTRING (-0.157183 51.52026,-0.153645 51.512911", "From Crawford Street, Marylebone to North Audley Street, Mayfair"
"LINESTRING (-0.211316 51.500088,-0.153645 51.512911", "From Russell Gardens, Olympia to North Audley Street, Mayfair"
"LINESTRING (-0.202038 51.48357,-0.153645 51.512911", "From Coomer Place, West Kensington to North Audley Street, Mayfair"
"LINESTRING (-0.193487 51.513735,-0.153645 51.512911", "From Hereford Road, Bayswater to North Audley Street, Mayfair"
"LINESTRING (-0.183118 51.515607,-0.153645 51.512911", "From Cleveland Gardens, Bayswater to North Audley Street, Mayfair"
"LINESTRING (-0.16862 51.53256,-0.153645 51.512911", "From Greenberry Street, St.John's Wood to North Audley Street, Mayfair"
"LINESTRING (-0.106 51.496127,-0.153645 51.512911", "From Geraldine Street, Elephant & Castle to North Audley Street, Mayfair"
"LINESTRING (-0.154701 51.520583,-0.153645 51.512911", "From Paddington Street, Marylebone to North Audley Street, Mayfair"
"LINESTRING (-0.135635 51.488226,-0.153645 51.512911", "From St. George's Square, Pimlico to North Audley Street, Mayfair"
"LINESTRING (-0.16862 51.53256,-0.153645 51.512911", "From Greenberry Street, St.John's Wood to North Audley Street, Mayfair"
"LINESTRING (-0.183118 51.515607,-0.153645 51.512911", "From Cleveland Gardens, Bayswater to North Audley Street, Mayfair"
"LINESTRING (-0.145827 51.507326,-0.153645 51.512911", "From Clarges Street, Mayfair to North Audley Street, Mayfair"
"LINESTRING (-0.123616 51.529943,-0.153645 51.512911", "From Belgrove Street , King's Cross to North Audley Street, Mayfair"
"LINESTRING (-0.151126 51.510919,-0.153645 51.512911", "From Millennium Hotel, Mayfair to North Audley Street, Mayfair"
"LINESTRING (-0.205876 51.475698,-0.153645 51.512911", "From Chesilton Road, Fulham to North Audley Street, Mayfair"
"LINESTRING (-0.188098 51.517919,-0.153645 51.512911", "From Gloucester Terrace, Bayswater to North Audley Street, Mayfair"
"LINESTRING (-0.202038 51.48357,-0.153645 51.512911", "From Coomer Place, West Kensington to North Audley Street, Mayfair"
"LINESTRING (-0.202038 51.48357,-0.153645 51.512911", "From Coomer Place, West Kensington to North Audley Street, Mayfair"
"LINESTRING (-0.151126 51.510919,-0.153645 51.512911", "From Millennium Hotel, Mayfair to North Audley Street, Mayfair"
"LINESTRING (-0.165164 51.514746,-0.153645 51.512911", "From Porchester Place, Paddington to North Audley Street, Mayfair"
"LINESTRING (-0.089659 51.52548,-0.153645 51.512911", "From Old Street Station, St. Luke's to North Audley Street, Mayfair"
"LINESTRING (-0.202038 51.48357,-0.153645 51.512911", "From Coomer Place, West Kensington to North Audley Street, Mayfair"
"LINESTRING (-0.152317 51.499412,-0.152317 51.499412", "From Belgrave Square, Belgravia to Belgrave Square, Belgravia"
"LINESTRING (-0.113426 51.503919,-0.152317 51.499412", "From Waterloo Station 2, Waterloo to Belgrave Square, Belgravia"
"LINESTRING (-0.163609 51.51809,-0.152317 51.499412", "From Shouldham Street, Marylebone to Belgrave Square, Belgravia"
"LINESTRING (-0.194116 51.479932,-0.152317 51.499412", "From Fulham Broadway, Walham Green to Belgrave Square, Belgravia"
"LINESTRING (-0.155442 51.474376,-0.152317 51.499412", "From Austin Road, Battersea Park to Belgrave Square, Belgravia"
"LINESTRING (-0.155442 51.474376,-0.152317 51.499412", "From Austin Road, Battersea Park to Belgrave Square, Belgravia"
"LINESTRING (-0.142943 51.496863,-0.152317 51.499412", "From Allington Street, Victoria to Belgrave Square, Belgravia"
"LINESTRING (-0.113864 51.504027,-0.152317 51.499412", "From Waterloo Station 1, Waterloo to Belgrave Square, Belgravia"
"LINESTRING (-0.161113 51.522596,-0.152317 51.499412", "From Dorset Square, Marylebone to Belgrave Square, Belgravia"
"LINESTRING (-0.085814 51.495061,-0.152317 51.499412", "From Bricklayers Arms, Borough to Belgrave Square, Belgravia"
"LINESTRING (-0.142943 51.496863,-0.152317 51.499412", "From Allington Street, Victoria to Belgrave Square, Belgravia"
"LINESTRING (-0.155442 51.474376,-0.152317 51.499412", "From Austin Road, Battersea Park to Belgrave Square, Belgravia"
"LINESTRING (-0.113864 51.504027,-0.152317 51.499412", "From Waterloo Station 1, Waterloo to Belgrave Square, Belgravia"
"LINESTRING (-0.150905 51.496544,-0.152317 51.499412", "From Eaton Square, Belgravia to Belgrave Square, Belgravia"
"LINESTRING (-0.155442 51.474376,-0.152317 51.499412", "From Austin Road, Battersea Park to Belgrave Square, Belgravia"
"LINESTRING (-0.161765 51.487964,-0.152317 51.499412", "From Ormonde Gate, Chelsea to Belgrave Square, Belgravia"
"LINESTRING (-0.147624 51.49395,-0.152317 51.499412", "From Eccleston Place, Victoria to Belgrave Square, Belgravia"
"LINESTRING (-0.197574 51.499606,-0.152317 51.499412", "From Phillimore Gardens, Kensington to Belgrave Square, Belgravia"
"LINESTRING (-0.161113 51.522596,-0.165842 51.522029", "From Dorset Square, Marylebone to Bell Street , Marylebone"
"LINESTRING (-0.198286 51.493724,-0.165842 51.522029", "From West Cromwell Road, Earl's Court to Bell Street , Marylebone"
"LINESTRING (-0.161113 51.522596,-0.165842 51.522029", "From Dorset Square, Marylebone to Bell Street , Marylebone"
"LINESTRING (-0.15934 51.500241,-0.165842 51.522029", "From Harriet Street, Knightsbridge to Bell Street , Marylebone"
"LINESTRING (-0.183486 51.529857,-0.165842 51.522029", "From Maida Vale, Maida Vale to Bell Street , Marylebone"
"LINESTRING (-0.176268 51.524826,-0.165842 51.522029", "From Aberdeen Place, St. John's Wood to Bell Street , Marylebone"
"LINESTRING (-0.176268 51.524826,-0.165842 51.522029", "From Aberdeen Place, St. John's Wood to Bell Street , Marylebone"
"LINESTRING (-0.17219 51.526448,-0.165842 51.522029", "From Lisson Grove, St. John's Wood to Bell Street , Marylebone"
"LINESTRING (-0.173881 51.494412,-0.165842 51.522029", "From South Kensington Station, South Kensington to Bell Street , Marylebone"
"LINESTRING (-0.150666 51.506864,-0.165842 51.522029", "From Stanhope Gate, Mayfair to Bell Street , Marylebone"
"LINESTRING (-0.133201 51.512515,-0.165842 51.522029", "From Wardour Street, Soho to Bell Street , Marylebone"
"LINESTRING (-0.185296 51.495362,-0.165842 51.522029", "From Emperor's Gate, South Kensington to Bell Street , Marylebone"
"LINESTRING (-0.174411 51.511933,-0.165842 51.522029", "From Bayswater Road, Hyde Park to Bell Street , Marylebone"
"LINESTRING (-0.18697 51.51616,-0.165842 51.522029", "From Bishop's Bridge Road West, Bayswater to Bell Street , Marylebone"
"LINESTRING (-0.171681 51.522892,-0.165842 51.522029", "From Penfold Street, Marylebone to Bell Street , Marylebone"
"LINESTRING (-0.164207 51.517372,-0.165842 51.522029", "From Harrowby Street, Marylebone to Bell Street , Marylebone"
"LINESTRING (-0.145904 51.507069,-0.165842 51.522029", "From Curzon Street, Mayfair to Bell Street , Marylebone"
"LINESTRING (-0.135635 51.488226,-0.136123 51.482362", "From St. George's Square, Pimlico to Riverlight North, Nine Elms"
"LINESTRING (-0.124642 51.481747,-0.136123 51.482362", "From South Lambeth Road, Vauxhall to Riverlight North, Nine Elms"
"LINESTRING (-0.170703 51.470847,-0.136123 51.482362", "From Simpson Street, Clapham Junction to Riverlight North, Nine Elms"
"LINESTRING (-0.147857 51.477966,-0.136123 51.482362", "From Gas Holders, Battersea Park to Riverlight North, Nine Elms"
"LINESTRING (-0.13011 51.513527,-0.136123 51.482362", "From Moor Street, Soho to Riverlight North, Nine Elms"
"LINESTRING (-0.117974 51.494881,-0.136123 51.482362", "From Lambeth Road, Vauxhall to Riverlight North, Nine Elms"
"LINESTRING (-0.124469 51.485917,-0.136123 51.482362", "From Vauxhall Cross, Vauxhall to Riverlight North, Nine Elms"
"LINESTRING (-0.09294 51.511553,-0.136123 51.482362", "From Queen Street 1, Bank to Riverlight North, Nine Elms"
"LINESTRING (-0.122203 51.534474,-0.136123 51.482362", "From Crinan Street, King's Cross to Riverlight North, Nine Elms"
"LINESTRING (-0.132102 51.498125,-0.136123 51.482362", "From Abbey Orchard Street, Westminster to Riverlight North, Nine Elms"
"LINESTRING (-0.124469 51.485917,-0.136123 51.482362", "From Vauxhall Cross, Vauxhall to Riverlight North, Nine Elms"
"LINESTRING (-0.111435 51.48894,-0.136123 51.482362", "From Kennington Cross, Kennington to Riverlight North, Nine Elms"
"LINESTRING (-0.124469 51.485917,-0.136123 51.482362", "From Vauxhall Cross, Vauxhall to Riverlight North, Nine Elms"
"LINESTRING (-0.149035 51.481121,-0.136123 51.482362", "From Sopwith Way, Battersea Park to Riverlight North, Nine Elms"
"LINESTRING (-0.115375 51.460232,-0.136123 51.482362", "From Saltoun Road, Brixton to Riverlight North, Nine Elms"
"LINESTRING (-0.168292 51.462392,-0.136123 51.482362", "From St. John's Road, Clapham Junction to Riverlight North, Nine Elms"
"LINESTRING (-0.132102 51.472918,-0.136123 51.482362", "From Courland Grove, Wandsworth Road to Riverlight North, Nine Elms"
"LINESTRING (-0.121723 51.510701,-0.136123 51.482362", "From Southampton Street, Strand to Riverlight North, Nine Elms"
"LINESTRING (-0.063471 51.497995,-0.136123 51.482362", "From Bermondsey Station, Bermondsey to Riverlight North, Nine Elms"
"LINESTRING (-0.111014 51.493686,-0.136123 51.482362", "From Walnut Tree Walk, Vauxhall to Riverlight North, Nine Elms"
"LINESTRING (-0.153645 51.512911,-0.136123 51.482362", "From North Audley Street, Mayfair to Riverlight North, Nine Elms"
"LINESTRING (-0.136123 51.482362,-0.136123 51.482362", "From Riverlight North, Nine Elms to Riverlight North, Nine Elms"
"LINESTRING (-0.124642 51.481747,-0.136123 51.482362", "From South Lambeth Road, Vauxhall to Riverlight North, Nine Elms"
"LINESTRING (-0.104193 51.49605,-0.136123 51.482362", "From Gaywood  Street, Elephant & Castle to Riverlight North, Nine Elms"
"LINESTRING (-0.132224 51.49206,-0.136123 51.482362", "From Regency Street, Westminster to Riverlight North, Nine Elms"
"LINESTRING (-0.14177 51.479501,-0.136123 51.482362", "From Battersea Park Road, Nine Elms to Riverlight North, Nine Elms"
"LINESTRING (-0.170703 51.470847,-0.136123 51.482362", "From Simpson Street, Clapham Junction to Riverlight North, Nine Elms"
"LINESTRING (-0.136123 51.482362,-0.136123 51.482362", "From Riverlight North, Nine Elms to Riverlight North, Nine Elms"
"LINESTRING (-0.118256 51.47659,-0.136123 51.482362", "From Albert Square, Stockwell to Riverlight North, Nine Elms"
"LINESTRING (-0.115533 51.504942,-0.136123 51.482362", "From Concert Hall Approach 2, South Bank to Riverlight North, Nine Elms"
"LINESTRING (-0.135635 51.488226,-0.136123 51.482362", "From St. George's Square, Pimlico to Riverlight North, Nine Elms"
"LINESTRING (-0.153233 51.490959,-0.136123 51.482362", "From Bourne Street, Belgravia to Riverlight North, Nine Elms"
"LINESTRING (-0.122806 51.490435,-0.136123 51.482362", "From Albert Embankment, Vauxhall to Riverlight North, Nine Elms"
"LINESTRING (-0.137235 51.473116,-0.136123 51.482362", "From Stewart's Road, Wandsworth Road to Riverlight North, Nine Elms"
"LINESTRING (-0.167515 51.530529,-0.145211 51.520715", "From St. John's Wood Church, The Regent's Park to Portland Place, Marylebone"
"LINESTRING (-0.075901 51.531091,-0.145211 51.520715", "From Hoxton Station, Hoxton to Portland Place, Marylebone"
"LINESTRING (-0.144228 51.518117,-0.145211 51.520715", "From Broadcasting House, Marylebone to Portland Place, Marylebone"
"LINESTRING (-0.17581 51.517335,-0.145211 51.520715", "From South Wharf Road, Paddington to Portland Place, Marylebone"
"LINESTRING (-0.109006 51.521661,-0.145211 51.520715", "From Hatton Wall, Holborn to Portland Place, Marylebone"
"LINESTRING (-0.122502 51.523951,-0.145211 51.520715", "From Brunswick Square, Bloomsbury to Portland Place, Marylebone"
"LINESTRING (-0.169774 51.519968,-0.145211 51.520715", "From Edgware Road Station, Marylebone to Portland Place, Marylebone"
"LINESTRING (-0.172528 51.533043,-0.145211 51.520715", "From Wellington Road, St. John's Wood to Portland Place, Marylebone"
"LINESTRING (-0.15934 51.500241,-0.145211 51.520715", "From Harriet Street, Knightsbridge to Portland Place, Marylebone"
"LINESTRING (-0.169774 51.519968,-0.145211 51.520715", "From Edgware Road Station, Marylebone to Portland Place, Marylebone"
"LINESTRING (-0.118295 51.52728,-0.145211 51.520715", "From Ampton Street , Clerkenwell to Portland Place, Marylebone"
"LINESTRING (-0.144664 51.538071,-0.145211 51.520715", "From Parkway, Camden Town to Portland Place, Marylebone"
"LINESTRING (-0.172528 51.533043,-0.145211 51.520715", "From Wellington Road, St. John's Wood to Portland Place, Marylebone"
"LINESTRING (-0.128279 51.5293,-0.145211 51.520715", "From Ossulston Street, Somers Town to Portland Place, Marylebone"
"LINESTRING (-0.175116 51.523353,-0.145211 51.520715", "From Frampton Street, Paddington to Portland Place, Marylebone"
"LINESTRING (-0.135025 51.518162,-0.145211 51.520715", "From Rathbone Street, Fitzrovia to Portland Place, Marylebone"
"LINESTRING (-0.133952 51.536264,-0.145211 51.520715", "From Royal College Street, Camden Town to Portland Place, Marylebone"
"LINESTRING (-0.154701 51.520583,-0.145211 51.520715", "From Paddington Street, Marylebone to Portland Place, Marylebone"
"LINESTRING (-0.138019 51.524438,-0.145211 51.520715", "From Warren Street Station, Euston to Portland Place, Marylebone"
"LINESTRING (-0.165164 51.514746,-0.145211 51.520715", "From Porchester Place, Paddington to Portland Place, Marylebone"
"LINESTRING (-0.079201 51.537277,-0.145211 51.520715", "From Hertford Road, De Beauvoir Town to Portland Place, Marylebone"
"LINESTRING (-0.134621 51.507424,-0.145211 51.520715", "From St. James's Square, St. James's to Portland Place, Marylebone"
"LINESTRING (-0.148105 51.514759,-0.145211 51.520715", "From Marylebone Lane, Marylebone to Portland Place, Marylebone"
"LINESTRING (-0.118295 51.52728,-0.145211 51.520715", "From Ampton Street , Clerkenwell to Portland Place, Marylebone"
"LINESTRING (-0.208485 51.478939,-0.145211 51.520715", "From St. Peter's Terrace, Fulham to Portland Place, Marylebone"
"LINESTRING (-0.155525 51.516204,-0.145211 51.520715", "From Portman Square, Marylebone to Portland Place, Marylebone"
"LINESTRING (-0.127575 51.495805,-0.145211 51.520715", "From Smith Square, Westminster to Portland Place, Marylebone"
"LINESTRING (-0.147449 51.509351,-0.145211 51.520715", "From Farm Street, Mayfair to Portland Place, Marylebone"
"LINESTRING (-0.141423 51.514499,-0.145211 51.520715", "From Little Argyll Street, West End to Portland Place, Marylebone"
"LINESTRING (-0.154106 51.517703,-0.145211 51.520715", "From George Street, Marylebone to Portland Place, Marylebone"
"LINESTRING (-0.17581 51.517335,-0.145211 51.520715", "From South Wharf Road, Paddington to Portland Place, Marylebone"
"LINESTRING (-0.117661 51.482678,-0.145211 51.520715", "From Ashmole Estate, Oval to Portland Place, Marylebone"
"LINESTRING (-0.125674 51.491884,-0.140741 51.488057", "From Millbank Tower, Pimlico to Alderney Street, Pimlico"
"LINESTRING (-0.15934 51.500241,-0.140741 51.488057", "From Harriet Street, Knightsbridge to Alderney Street, Pimlico"
"LINESTRING (-0.124469 51.485917,-0.140741 51.488057", "From Vauxhall Cross, Vauxhall to Alderney Street, Pimlico"
"LINESTRING (-0.153233 51.490959,-0.140741 51.488057", "From Bourne Street, Belgravia to Alderney Street, Pimlico"
"LINESTRING (-0.125674 51.491884,-0.140741 51.488057", "From Millbank Tower, Pimlico to Alderney Street, Pimlico"
"LINESTRING (-0.16716 51.47518,-0.140741 51.488057", "From Surrey Lane, Battersea to Alderney Street, Pimlico"
"LINESTRING (-0.169821 51.466633,-0.140741 51.488057", "From Falcon Road, Clapham Junction to Alderney Street, Pimlico"
"LINESTRING (-0.15934 51.500241,-0.140741 51.488057", "From Harriet Street, Knightsbridge to Alderney Street, Pimlico"
"LINESTRING (-0.124469 51.485917,-0.140741 51.488057", "From Vauxhall Cross, Vauxhall to Alderney Street, Pimlico"
"LINESTRING (-0.105344 51.515059,-0.140741 51.488057", "From St. Bride Street, Holborn to Alderney Street, Pimlico"
"LINESTRING (-0.153233 51.490959,-0.140741 51.488057", "From Bourne Street, Belgravia to Alderney Street, Pimlico"
"LINESTRING (-0.172078 51.482567,-0.140741 51.488057", "From Danvers Street, West Chelsea to Alderney Street, Pimlico"
"LINESTRING (-0.140741 51.488057,-0.140741 51.488057", "From Alderney Street, Pimlico to Alderney Street, Pimlico"
"LINESTRING (-0.091773 51.504627,-0.140741 51.488057", "From Hop Exchange, The Borough to Alderney Street, Pimlico"
"LINESTRING (-0.161765 51.487964,-0.140741 51.488057", "From Ormonde Gate, Chelsea to Alderney Street, Pimlico"
"LINESTRING (-0.140741 51.488057,-0.140741 51.488057", "From Alderney Street, Pimlico to Alderney Street, Pimlico"
"LINESTRING (-0.125972 51.49764,-0.140741 51.488057", "From Abingdon Green, Westminster to Alderney Street, Pimlico"
"LINESTRING (-0.149551 51.477619,-0.140741 51.488057", "From Queen's Circus, Battersea Park to Alderney Street, Pimlico"
"LINESTRING (-0.139956 51.493573,-0.140741 51.488057", "From Queen Mother Sports Centre, Victoria to Alderney Street, Pimlico"
"LINESTRING (-0.178732 51.493967,-0.140741 51.488057", "From Queen's Gate (Central), South Kensington to Alderney Street, Pimlico"
"LINESTRING (-0.124469 51.485917,-0.140741 51.488057", "From Vauxhall Cross, Vauxhall to Alderney Street, Pimlico"
"LINESTRING (-0.15934 51.500241,-0.140741 51.488057", "From Harriet Street, Knightsbridge to Alderney Street, Pimlico"
"LINESTRING (-0.124469 51.485917,-0.140741 51.488057", "From Vauxhall Cross, Vauxhall to Alderney Street, Pimlico"
"LINESTRING (-0.176645 51.518622,-0.140741 51.488057", "From North Wharf Road, Paddington to Alderney Street, Pimlico"
"LINESTRING (-0.183165 51.474665,-0.140741 51.488057", "From Imperial Wharf Station, Sands End to Alderney Street, Pimlico"
"LINESTRING (-0.123258 51.476149,-0.140741 51.488057", "From Teversham Lane, Stockwell to Alderney Street, Pimlico"
"LINESTRING (-0.102996 51.486929,-0.140741 51.488057", "From Doddington Grove, Kennington to Alderney Street, Pimlico"
"LINESTRING (-0.14296 51.497998,-0.140741 51.488057", "From Warwick Row, Westminster to Alderney Street, Pimlico"
"LINESTRING (-0.178433 51.492479,-0.140741 51.488057", "From Queen's Gate (South), South Kensington to Alderney Street, Pimlico"
"LINESTRING (-0.141812 51.469259,-0.140741 51.488057", "From Wandsworth Rd, Isley Court, Wandsworth Road to Alderney Street, Pimlico"
"LINESTRING (-0.170983 51.486892,-0.140741 51.488057", "From Manresa Road, Chelsea to Alderney Street, Pimlico"
"LINESTRING (-0.147478 51.492369,-0.140741 51.488057", "From Elizabeth Bridge, Victoria to Alderney Street, Pimlico"
"LINESTRING (-0.124469 51.485917,-0.140741 51.488057", "From Vauxhall Cross, Vauxhall to Alderney Street, Pimlico"
"LINESTRING (-0.10044 51.498898,-0.140741 51.488057", "From Borough Road, Elephant & Castle to Alderney Street, Pimlico"
"LINESTRING (-0.124469 51.485917,-0.140741 51.488057", "From Vauxhall Cross, Vauxhall to Alderney Street, Pimlico"
"LINESTRING (-0.149035 51.481121,-0.140741 51.488057", "From Sopwith Way, Battersea Park to Alderney Street, Pimlico"
"LINESTRING (-0.187404 51.487958,-0.140741 51.488057", "From Harcourt Terrace, West Brompton to Alderney Street, Pimlico"
"LINESTRING (-0.166878 51.488023,-0.140741 51.488057", "From Flood Street, Chelsea to Alderney Street, Pimlico"
"LINESTRING (-0.169821 51.466633,-0.140741 51.488057", "From Falcon Road, Clapham Junction to Alderney Street, Pimlico"
"LINESTRING (-0.166878 51.488023,-0.140741 51.488057", "From Flood Street, Chelsea to Alderney Street, Pimlico"
"LINESTRING (-0.149035 51.481121,-0.140741 51.488057", "From Sopwith Way, Battersea Park to Alderney Street, Pimlico"
"LINESTRING (-0.156166 51.518913,-0.17581 51.517335", "From Baker Street, Marylebone to South Wharf Road, Paddington"
"LINESTRING (-0.131961 51.508446,-0.17581 51.517335", "From Charles II Street, West End to South Wharf Road, Paddington"
"LINESTRING (-0.116688 51.520596,-0.17581 51.517335", "From Theobald's Road , Holborn to South Wharf Road, Paddington"
"LINESTRING (-0.165164 51.514746,-0.17581 51.517335", "From Porchester Place, Paddington to South Wharf Road, Paddington"
"LINESTRING (-0.206029 51.49087,-0.17581 51.517335", "From West Kensington Station, West Kensington to South Wharf Road, Paddington"
"LINESTRING (-0.154701 51.520583,-0.17581 51.517335", "From Paddington Street, Marylebone to South Wharf Road, Paddington"
"LINESTRING (-0.154701 51.520583,-0.17581 51.517335", "From Paddington Street, Marylebone to South Wharf Road, Paddington"
"LINESTRING (-0.122502 51.523951,-0.17581 51.517335", "From Brunswick Square, Bloomsbury to South Wharf Road, Paddington"
"LINESTRING (-0.160854 51.535892,-0.17581 51.517335", "From Prince Albert Road, The Regent's Park to South Wharf Road, Paddington"
"LINESTRING (-0.149186 51.490491,-0.17581 51.517335", "From Ebury Bridge, Pimlico to South Wharf Road, Paddington"
"LINESTRING (-0.142783 51.51196,-0.17581 51.517335", "From St. George Street, Mayfair to South Wharf Road, Paddington"
"LINESTRING (-0.11655 51.51824,-0.17581 51.517335", "From Red Lion Street, Holborn to South Wharf Road, Paddington"
"LINESTRING (-0.147301 51.514105,-0.17581 51.517335", "From Woodstock Street, Mayfair to South Wharf Road, Paddington"
"LINESTRING (-0.179592 51.525575,-0.17581 51.517335", "From Clifton Road, Maida Vale to South Wharf Road, Paddington"
"LINESTRING (-0.173715 51.491211,-0.17581 51.517335", "From Sumner Place, South Kensington to South Wharf Road, Paddington"
"LINESTRING (-0.179592 51.525575,-0.17581 51.517335", "From Clifton Road, Maida Vale to South Wharf Road, Paddington"
"LINESTRING (-0.15352 51.503117,-0.17581 51.517335", "From Hyde Park Corner, Hyde Park to South Wharf Road, Paddington"
"LINESTRING (-0.127575 51.495805,-0.17581 51.517335", "From Smith Square, Westminster to South Wharf Road, Paddington"
"LINESTRING (-0.124678 51.51908,-0.17581 51.517335", "From British Museum, Bloomsbury to South Wharf Road, Paddington"
"LINESTRING (-0.123823 51.501513,-0.17581 51.517335", "From Westminster Pier, Westminster to South Wharf Road, Paddington"
"LINESTRING (-0.128279 51.5293,-0.17581 51.517335", "From Ossulston Street, Somers Town to South Wharf Road, Paddington"
"LINESTRING (-0.143495 51.509992,-0.17581 51.517335", "From Grafton Street, Mayfair to South Wharf Road, Paddington"
"LINESTRING (-0.193068 51.500397,-0.17581 51.517335", "From Wright's Lane, Kensington to South Wharf Road, Paddington"
"LINESTRING (-0.090847 51.525893,-0.17581 51.517335", "From Bath Street, St. Luke's to South Wharf Road, Paddington"
"LINESTRING (-0.160854 51.535892,-0.17581 51.517335", "From Prince Albert Road, The Regent's Park to South Wharf Road, Paddington"
"LINESTRING (-0.18119 51.485587,-0.17581 51.517335", "From Limerston Street, West Chelsea to South Wharf Road, Paddington"
"LINESTRING (-0.162418 51.490083,-0.17581 51.517335", "From Royal Avenue 2, Chelsea to South Wharf Road, Paddington"
"LINESTRING (-0.175116 51.523353,-0.17581 51.517335", "From Frampton Street, Paddington to South Wharf Road, Paddington"
"LINESTRING (-0.228188 51.494499,-0.17581 51.517335", "From Southerton Road, Hammersmith to South Wharf Road, Paddington"
"LINESTRING (-0.17219 51.526448,-0.17581 51.517335", "From Lisson Grove, St. John's Wood to South Wharf Road, Paddington"
"LINESTRING (-0.209973 51.481021,-0.17581 51.517335", "From Aintree Street, Fulham to South Wharf Road, Paddington"
"LINESTRING (-0.126409 51.524,-0.17581 51.517335", "From Coram Street, Bloomsbury to South Wharf Road, Paddington"
"LINESTRING (-0.183486 51.529857,-0.17581 51.517335", "From Maida Vale, Maida Vale to South Wharf Road, Paddington"
"LINESTRING (-0.147983 51.519167,-0.17581 51.517335", "From New Cavendish Street, Marylebone to South Wharf Road, Paddington"
"LINESTRING (-0.151926 51.516814,-0.17581 51.517335", "From Hinde Street, Marylebone to South Wharf Road, Paddington"
"LINESTRING (-0.147301 51.514105,-0.17581 51.517335", "From Woodstock Street, Mayfair to South Wharf Road, Paddington"
"LINESTRING (-0.115781 51.464019,-0.17581 51.517335", "From Ferndale Road, Brixton to South Wharf Road, Paddington"
"LINESTRING (-0.151926 51.516814,-0.17581 51.517335", "From Hinde Street, Marylebone to South Wharf Road, Paddington"
"LINESTRING (-0.169774 51.519968,-0.178433 51.492479", "From Edgware Road Station, Marylebone to Queen's Gate (South), South Kensington"
"LINESTRING (-0.130458 51.494816,-0.178433 51.492479", "From Horseferry Road, Westminster to Queen's Gate (South), South Kensington"
"LINESTRING (-0.145904 51.507069,-0.178433 51.492479", "From Curzon Street, Mayfair to Queen's Gate (South), South Kensington"
"LINESTRING (-0.196422 51.509353,-0.178433 51.492479", "From Notting Hill Gate Station, Notting Hill to Queen's Gate (South), South Kensington"
"LINESTRING (-0.174971 51.485121,-0.178433 51.492479", "From The Vale, Chelsea to Queen's Gate (South), South Kensington"
"LINESTRING (-0.141923 51.489856,-0.178433 51.492479", "From Warwick Square, Pimlico to Queen's Gate (South), South Kensington"
"LINESTRING (-0.189155 51.477292,-0.178433 51.492479", "From Michael Road, Walham Green to Queen's Gate (South), South Kensington"
"LINESTRING (-0.158456 51.502953,-0.178433 51.492479", "From Albert Gate, Hyde Park to Queen's Gate (South), South Kensington"
"LINESTRING (-0.141923 51.489856,-0.178433 51.492479", "From Warwick Square, Pimlico to Queen's Gate (South), South Kensington"
"LINESTRING (-0.18267 51.494185,-0.178433 51.492479", "From Gloucester Road Station, South Kensington to Queen's Gate (South), South Kensington"
"LINESTRING (-0.225787 51.514767,-0.178433 51.492479", "From BBC White City, White City to Queen's Gate (South), South Kensington"
"LINESTRING (-0.18498 51.501737,-0.178433 51.492479", "From De Vere Gardens, Kensington to Queen's Gate (South), South Kensington"
"LINESTRING (-0.191462 51.501364,-0.178433 51.492479", "From Derry Street, Kensington to Queen's Gate (South), South Kensington"
"LINESTRING (-0.170983 51.486892,-0.178433 51.492479", "From Manresa Road, Chelsea to Queen's Gate (South), South Kensington"
"LINESTRING (-0.170983 51.486892,-0.178433 51.492479", "From Manresa Road, Chelsea to Queen's Gate (South), South Kensington"
"LINESTRING (-0.190393 51.490163,-0.178433 51.492479", "From Bramham Gardens, Earl's Court to Queen's Gate (South), South Kensington"
"LINESTRING (-0.12335 51.51746,-0.178433 51.492479", "From Bury Place, Holborn to Queen's Gate (South), South Kensington"
"LINESTRING (-0.140741 51.488057,-0.178433 51.492479", "From Alderney Street, Pimlico to Queen's Gate (South), South Kensington"
"LINESTRING (-0.187402 51.51031,-0.178433 51.492479", "From Queensway, Kensington Gardens to Queen's Gate (South), South Kensington"
"LINESTRING (-0.13151 51.509639,-0.178433 51.492479", "From Panton Street, West End to Queen's Gate (South), South Kensington"
"LINESTRING (-0.170983 51.486892,-0.178433 51.492479", "From Manresa Road, Chelsea to Queen's Gate (South), South Kensington"
"LINESTRING (-0.167894 51.493184,-0.178433 51.492479", "From Sloane Avenue, Knightsbridge to Queen's Gate (South), South Kensington"
"LINESTRING (-0.178433 51.492479,-0.178433 51.492479", "From Queen's Gate (South), South Kensington to Queen's Gate (South), South Kensington"
"LINESTRING (-0.205284 51.496712,-0.178433 51.492479", "From Warwick Road, Olympia to Queen's Gate (South), South Kensington"
"LINESTRING (-0.196422 51.509353,-0.178433 51.492479", "From Notting Hill Gate Station, Notting Hill to Queen's Gate (South), South Kensington"
"LINESTRING (-0.134621 51.507424,-0.178433 51.492479", "From St. James's Square, St. James's to Queen's Gate (South), South Kensington"
"LINESTRING (-0.18267 51.494185,-0.178433 51.492479", "From Gloucester Road Station, South Kensington to Queen's Gate (South), South Kensington"
"LINESTRING (-0.178433 51.492479,-0.178433 51.492479", "From Queen's Gate (South), South Kensington to Queen's Gate (South), South Kensington"
"LINESTRING (-0.149569 51.50274,-0.178433 51.492479", "From Wellington Arch, Hyde Park to Queen's Gate (South), South Kensington"
"LINESTRING (-0.179854 51.501715,-0.164393 51.516517", "From Queen's Gate, Kensington Gardens to Nutford Place, Marylebone"
"LINESTRING (-0.164032 51.525194,-0.164393 51.516517", "From Rossmore Road, Marylebone to Nutford Place, Marylebone"
"LINESTRING (-0.179854 51.501715,-0.164393 51.516517", "From Queen's Gate, Kensington Gardens to Nutford Place, Marylebone"
"LINESTRING (-0.138072 51.517344,-0.164393 51.516517", "From Wells Street, Fitzrovia to Nutford Place, Marylebone"
"LINESTRING (-0.138072 51.517344,-0.164393 51.516517", "From Wells Street, Fitzrovia to Nutford Place, Marylebone"
"LINESTRING (-0.154701 51.520583,-0.164393 51.516517", "From Paddington Street, Marylebone to Nutford Place, Marylebone"
"LINESTRING (-0.14296 51.497998,-0.164393 51.516517", "From Warwick Row, Westminster to Nutford Place, Marylebone"
"LINESTRING (-0.140485 51.519181,-0.164393 51.516517", "From Foley Street, Fitzrovia to Nutford Place, Marylebone"
"LINESTRING (-0.161113 51.522596,-0.164393 51.516517", "From Dorset Square, Marylebone to Nutford Place, Marylebone"
"LINESTRING (-0.179854 51.501715,-0.164393 51.516517", "From Queen's Gate, Kensington Gardens to Nutford Place, Marylebone"
"LINESTRING (-0.104708 51.52326,-0.109914 51.531666", "From Clerkenwell Green, Clerkenwell to Claremont Square, Angel"
"LINESTRING (-0.236769 51.494223,-0.109914 51.531666", "From Ravenscourt Park Station, Hammersmith to Claremont Square, Angel"
"LINESTRING (-0.157183 51.52026,-0.109914 51.531666", "From Crawford Street, Marylebone to Claremont Square, Angel"
"LINESTRING (-0.13225 51.528833,-0.109914 51.531666", "From Doric Way , Somers Town to Claremont Square, Angel"
"LINESTRING (-0.104708 51.52326,-0.109914 51.531666", "From Clerkenwell Green, Clerkenwell to Claremont Square, Angel"
"LINESTRING (-0.079201 51.537277,-0.109914 51.531666", "From Hertford Road, De Beauvoir Town to Claremont Square, Angel"
"LINESTRING (-0.106408 51.530515,-0.132845 51.489975", "From Chadwell Street, Angel to Rampayne Street, Pimlico"
"LINESTRING (-0.123823 51.501513,-0.132845 51.489975", "From Westminster Pier, Westminster to Rampayne Street, Pimlico"
"LINESTRING (-0.144132 51.493204,-0.132845 51.489975", "From Belgrave Road, Victoria to Rampayne Street, Pimlico"
"LINESTRING (-0.147624 51.49395,-0.132845 51.489975", "From Eccleston Place, Victoria to Rampayne Street, Pimlico"
"LINESTRING (-0.123823 51.501513,-0.132845 51.489975", "From Westminster Pier, Westminster to Rampayne Street, Pimlico"
"LINESTRING (-0.122806 51.490435,-0.132845 51.489975", "From Albert Embankment, Vauxhall to Rampayne Street, Pimlico"
"LINESTRING (-0.142943 51.496863,-0.132845 51.489975", "From Allington Street, Victoria to Rampayne Street, Pimlico"
"LINESTRING (-0.141334 51.492345,-0.132845 51.489975", "From Guildhouse Street, Victoria to Rampayne Street, Pimlico"
"LINESTRING (-0.087587 51.514441,-0.132845 51.489975", "From Bank of England Museum, Bank to Rampayne Street, Pimlico"
"LINESTRING (-0.150817 51.505426,-0.132845 51.489975", "From Park Lane, Mayfair to Rampayne Street, Pimlico"
"LINESTRING (-0.191803 51.473611,-0.132845 51.489975", "From Sandilands Road, Walham Green to Rampayne Street, Pimlico"
"LINESTRING (-0.138089 51.484839,-0.132845 51.489975", "From Claverton Street, Pimlico to Rampayne Street, Pimlico"
"LINESTRING (-0.149551 51.477619,-0.132845 51.489975", "From Queen's Circus, Battersea Park to Rampayne Street, Pimlico"
"LINESTRING (-0.142943 51.496863,-0.132845 51.489975", "From Allington Street, Victoria to Rampayne Street, Pimlico"
"LINESTRING (-0.129698 51.500703,-0.132845 51.489975", "From Storey's Gate, Westminster to Rampayne Street, Pimlico"
"LINESTRING (-0.055846 51.499169,-0.132845 51.489975", "From Rotherhithe Roundabout, Rotherhithe to Rampayne Street, Pimlico"
"LINESTRING (-0.147857 51.477966,-0.132845 51.489975", "From Gas Holders, Battersea Park to Rampayne Street, Pimlico"
"LINESTRING (-0.149035 51.481121,-0.132845 51.489975", "From Sopwith Way, Battersea Park to Rampayne Street, Pimlico"
"LINESTRING (-0.102996 51.486929,-0.132845 51.489975", "From Doddington Grove, Kennington to Rampayne Street, Pimlico"
"LINESTRING (-0.153233 51.490959,-0.132845 51.489975", "From Bourne Street, Belgravia to Rampayne Street, Pimlico"
"LINESTRING (-0.087262 51.506304,-0.132845 51.489975", "From Duke Street Hill, London Bridge to Rampayne Street, Pimlico"
"LINESTRING (-0.085814 51.495061,-0.132845 51.489975", "From Bricklayers Arms, Borough to Rampayne Street, Pimlico"
"LINESTRING (-0.106408 51.530515,-0.132845 51.489975", "From Chadwell Street, Angel to Rampayne Street, Pimlico"
"LINESTRING (-0.129925 51.493072,-0.132845 51.489975", "From Vincent Street, Pimlico to Rampayne Street, Pimlico"
"LINESTRING (-0.124469 51.485917,-0.132845 51.489975", "From Vauxhall Cross, Vauxhall to Rampayne Street, Pimlico"
"LINESTRING (-0.193487 51.513735,-0.132845 51.489975", "From Hereford Road, Bayswater to Rampayne Street, Pimlico"
"LINESTRING (-0.161203 51.496886,-0.132845 51.489975", "From Pont Street, Knightsbridge to Rampayne Street, Pimlico"
"LINESTRING (-0.141334 51.492345,-0.132845 51.489975", "From Guildhouse Street, Victoria to Rampayne Street, Pimlico"
"LINESTRING (-0.129925 51.493072,-0.132845 51.489975", "From Vincent Street, Pimlico to Rampayne Street, Pimlico"
"LINESTRING (-0.138364 51.492111,-0.132845 51.489975", "From Tachbrook Street, Victoria to Rampayne Street, Pimlico"
"LINESTRING (-0.169774 51.519968,-0.15352 51.503117", "From Edgware Road Station, Marylebone to Hyde Park Corner, Hyde Park"
"LINESTRING (-0.142943 51.496863,-0.15352 51.503117", "From Allington Street, Victoria to Hyde Park Corner, Hyde Park"
"LINESTRING (-0.179668 51.511654,-0.15352 51.503117", "From Lancaster Gate , Bayswater to Hyde Park Corner, Hyde Park"
"LINESTRING (-0.209378 51.489591,-0.15352 51.503117", "From Vereker Road, West Kensington to Hyde Park Corner, Hyde Park"
"LINESTRING (-0.209121 51.491026,-0.15352 51.503117", "From Gwendwr Road, West Kensington to Hyde Park Corner, Hyde Park"
"LINESTRING (-0.113864 51.504027,-0.15352 51.503117", "From Waterloo Station 1, Waterloo to Hyde Park Corner, Hyde Park"
"LINESTRING (-0.150908 51.47505,-0.15352 51.503117", "From Alfreda Street, Battersea Park to Hyde Park Corner, Hyde Park"
"LINESTRING (-0.15352 51.503117,-0.15352 51.503117", "From Hyde Park Corner, Hyde Park to Hyde Park Corner, Hyde Park"
"LINESTRING (-0.179077 51.495592,-0.15352 51.503117", "From Natural History Museum, South Kensington to Hyde Park Corner, Hyde Park"
"LINESTRING (-0.209378 51.489591,-0.15352 51.503117", "From Vereker Road, West Kensington to Hyde Park Corner, Hyde Park"
"LINESTRING (-0.179077 51.495592,-0.15352 51.503117", "From Natural History Museum, South Kensington to Hyde Park Corner, Hyde Park"
"LINESTRING (-0.113426 51.503919,-0.15352 51.503117", "From Waterloo Station 2, Waterloo to Hyde Park Corner, Hyde Park"
"LINESTRING (-0.192404 51.496481,-0.15352 51.503117", "From Marloes Road, Kensington to Hyde Park Corner, Hyde Park"
"LINESTRING (-0.187402 51.51031,-0.15352 51.503117", "From Queensway, Kensington Gardens to Hyde Park Corner, Hyde Park"
"LINESTRING (-0.183165 51.474665,-0.15352 51.503117", "From Imperial Wharf Station, Sands End to Hyde Park Corner, Hyde Park"
"LINESTRING (-0.15352 51.503117,-0.15352 51.503117", "From Hyde Park Corner, Hyde Park to Hyde Park Corner, Hyde Park"
"LINESTRING (-0.149035 51.481121,-0.15352 51.503117", "From Sopwith Way, Battersea Park to Hyde Park Corner, Hyde Park"
"LINESTRING (-0.108028 51.518825,-0.15352 51.503117", "From Hatton Garden, Holborn to Hyde Park Corner, Hyde Park"
"LINESTRING (-0.187402 51.51031,-0.15352 51.503117", "From Queensway, Kensington Gardens to Hyde Park Corner, Hyde Park"
"LINESTRING (-0.15352 51.503117,-0.15352 51.503117", "From Hyde Park Corner, Hyde Park to Hyde Park Corner, Hyde Park"
"LINESTRING (-0.17581 51.517335,-0.15352 51.503117", "From South Wharf Road, Paddington to Hyde Park Corner, Hyde Park"
"LINESTRING (-0.15352 51.503117,-0.15352 51.503117", "From Hyde Park Corner, Hyde Park to Hyde Park Corner, Hyde Park"
"LINESTRING (-0.157275 51.510017,-0.15352 51.503117", "From Park Lane , Hyde Park to Hyde Park Corner, Hyde Park"
"LINESTRING (-0.15352 51.503117,-0.15352 51.503117", "From Hyde Park Corner, Hyde Park to Hyde Park Corner, Hyde Park"
"LINESTRING (-0.1844 51.502042,-0.15352 51.503117", "From Palace Gate, Kensington Gardens to Hyde Park Corner, Hyde Park"
"LINESTRING (-0.197609 51.483911,-0.15352 51.503117", "From Halford Road, West Kensington to Hyde Park Corner, Hyde Park"
"LINESTRING (-0.15352 51.503117,-0.15352 51.503117", "From Hyde Park Corner, Hyde Park to Hyde Park Corner, Hyde Park"
"LINESTRING (-0.157275 51.510017,-0.15352 51.503117", "From Park Lane , Hyde Park to Hyde Park Corner, Hyde Park"
"LINESTRING (-0.15352 51.503117,-0.15352 51.503117", "From Hyde Park Corner, Hyde Park to Hyde Park Corner, Hyde Park"
"LINESTRING (-0.157275 51.510017,-0.15352 51.503117", "From Park Lane , Hyde Park to Hyde Park Corner, Hyde Park"
"LINESTRING (-0.112824 51.503791,-0.15352 51.503117", "From Waterloo Station 3, Waterloo to Hyde Park Corner, Hyde Park"
"LINESTRING (-0.215804 51.494347,-0.15352 51.503117", "From Brook Green South, Brook Green to Hyde Park Corner, Hyde Park"
"LINESTRING (-0.15352 51.503117,-0.15352 51.503117", "From Hyde Park Corner, Hyde Park to Hyde Park Corner, Hyde Park"
"LINESTRING (-0.187402 51.51031,-0.15352 51.503117", "From Queensway, Kensington Gardens to Hyde Park Corner, Hyde Park"
"LINESTRING (-0.169774 51.519968,-0.15352 51.503117", "From Edgware Road Station, Marylebone to Hyde Park Corner, Hyde Park"
"LINESTRING (-0.194116 51.479932,-0.15352 51.503117", "From Fulham Broadway, Walham Green to Hyde Park Corner, Hyde Park"
"LINESTRING (-0.125979 51.526357,-0.15352 51.503117", "From Cartwright Gardens , Bloomsbury to Hyde Park Corner, Hyde Park"
"LINESTRING (-0.138364 51.492111,-0.15352 51.503117", "From Tachbrook Street, Victoria to Hyde Park Corner, Hyde Park"
"LINESTRING (-0.157275 51.510017,-0.15352 51.503117", "From Park Lane , Hyde Park to Hyde Park Corner, Hyde Park"
"LINESTRING (-0.149569 51.50274,-0.15352 51.503117", "From Wellington Arch, Hyde Park to Hyde Park Corner, Hyde Park"
"LINESTRING (-0.13151 51.509639,-0.15352 51.503117", "From Panton Street, West End to Hyde Park Corner, Hyde Park"
"LINESTRING (-0.116542 51.504636,-0.15352 51.503117", "From Jubilee Gardens, South Bank to Hyde Park Corner, Hyde Park"
"LINESTRING (-0.191496 51.503157,-0.15352 51.503117", "From Kensington Church Street, Kensington to Hyde Park Corner, Hyde Park"
"LINESTRING (-0.13558 51.513684,-0.15352 51.503117", "From Broadwick Street, Soho to Hyde Park Corner, Hyde Park"
"LINESTRING (-0.191496 51.503157,-0.15352 51.503117", "From Kensington Church Street, Kensington to Hyde Park Corner, Hyde Park"
"LINESTRING (-0.18119 51.485587,-0.15352 51.503117", "From Limerston Street, West Chelsea to Hyde Park Corner, Hyde Park"
"LINESTRING (-0.15352 51.503117,-0.15352 51.503117", "From Hyde Park Corner, Hyde Park to Hyde Park Corner, Hyde Park"
"LINESTRING (-0.222456 51.488144,-0.15352 51.503117", "From Beryl Road, Hammersmith to Hyde Park Corner, Hyde Park"
"LINESTRING (-0.15352 51.503117,-0.15352 51.503117", "From Hyde Park Corner, Hyde Park to Hyde Park Corner, Hyde Park"
"LINESTRING (-0.15352 51.503117,-0.15352 51.503117", "From Hyde Park Corner, Hyde Park to Hyde Park Corner, Hyde Park"
"LINESTRING (-0.112753 51.51501,-0.15352 51.503117", "From Carey Street, Holborn to Hyde Park Corner, Hyde Park"
"LINESTRING (-0.195455 51.500401,-0.15352 51.503117", "From Argyll Road, Kensington to Hyde Park Corner, Hyde Park"
"LINESTRING (-0.206029 51.49087,-0.15352 51.503117", "From West Kensington Station, West Kensington to Hyde Park Corner, Hyde Park"
"LINESTRING (-0.193068 51.500397,-0.15352 51.503117", "From Wright's Lane, Kensington to Hyde Park Corner, Hyde Park"
"LINESTRING (-0.15352 51.503117,-0.15352 51.503117", "From Hyde Park Corner, Hyde Park to Hyde Park Corner, Hyde Park"
"LINESTRING (-0.159169 51.475153,-0.15352 51.503117", "From Prince of Wales Drive, Battersea Park to Hyde Park Corner, Hyde Park"
"LINESTRING (-0.213872 51.51687,-0.15352 51.503117", "From St. Mark's Road, North Kensington to Hyde Park Corner, Hyde Park"
"LINESTRING (-0.195455 51.500401,-0.15352 51.503117", "From Argyll Road, Kensington to Hyde Park Corner, Hyde Park"
"LINESTRING (-0.136052 51.527326,-0.15352 51.503117", "From Drummond Street , Euston to Hyde Park Corner, Hyde Park"
"LINESTRING (-0.08497 51.50964,-0.15352 51.503117", "From Monument Street, Monument to Hyde Park Corner, Hyde Park"
"LINESTRING (-0.187842 51.509908,-0.15352 51.503117", "From Black Lion Gate, Kensington Gardens to Hyde Park Corner, Hyde Park"
"LINESTRING (-0.15352 51.503117,-0.15352 51.503117", "From Hyde Park Corner, Hyde Park to Hyde Park Corner, Hyde Park"
"LINESTRING (-0.196422 51.509353,-0.15352 51.503117", "From Notting Hill Gate Station, Notting Hill to Hyde Park Corner, Hyde Park"
"LINESTRING (-0.15352 51.503117,-0.15352 51.503117", "From Hyde Park Corner, Hyde Park to Hyde Park Corner, Hyde Park"
"LINESTRING (-0.133201 51.512515,-0.15352 51.503117", "From Wardour Street, Soho to Hyde Park Corner, Hyde Park"
"LINESTRING (-0.131213 51.513103,-0.15352 51.503117", "From Frith Street, Soho to Hyde Park Corner, Hyde Park"
"LINESTRING (-0.18119 51.490945,-0.15352 51.503117", "From Old Brompton Road, South Kensington to Hyde Park Corner, Hyde Park"
"LINESTRING (-0.130504 51.526838,-0.15352 51.503117", "From Endsleigh Gardens, Euston to Hyde Park Corner, Hyde Park"
"LINESTRING (-0.13011 51.513527,-0.133201 51.512515", "From Moor Street, Soho to Wardour Street, Soho"
"LINESTRING (-0.17306 51.505014,-0.133201 51.512515", "From Serpentine Car Park, Hyde Park to Wardour Street, Soho"
"LINESTRING (-0.141327 51.520253,-0.133201 51.512515", "From Great Titchfield Street, Fitzrovia to Wardour Street, Soho"
"LINESTRING (-0.104708 51.52326,-0.133201 51.512515", "From Clerkenwell Green, Clerkenwell to Wardour Street, Soho"
"LINESTRING (-0.151359 51.522008,-0.133201 51.512515", "From Beaumont Street, Marylebone to Wardour Street, Soho"
"LINESTRING (-0.112824 51.503791,-0.133201 51.512515", "From Waterloo Station 3, Waterloo to Wardour Street, Soho"
"LINESTRING (-0.144165 51.510736,-0.133201 51.512515", "From Bruton Street, Mayfair to Wardour Street, Soho"
"LINESTRING (-0.154106 51.517703,-0.133201 51.512515", "From George Street, Marylebone to Wardour Street, Soho"
"LINESTRING (-0.122219 51.51477,-0.133201 51.512515", "From Drury Lane, Covent Garden to Wardour Street, Soho"
"LINESTRING (-0.106408 51.530515,-0.133201 51.512515", "From Chadwell Street, Angel to Wardour Street, Soho"
"LINESTRING (-0.150817 51.505426,-0.133201 51.512515", "From Park Lane, Mayfair to Wardour Street, Soho"
"LINESTRING (-0.091401 51.518093,-0.133201 51.512515", "From Fore Street Avenue, Guildhall to Wardour Street, Soho"
"LINESTRING (-0.088542 51.527025,-0.133201 51.512515", "From Baldwin Street, St. Luke's to Wardour Street, Soho"
"LINESTRING (-0.13214 51.519572,-0.133201 51.512515", "From Store Street, Bloomsbury to Wardour Street, Soho"
"LINESTRING (-0.211316 51.500088,-0.133201 51.512515", "From Russell Gardens, Olympia to Wardour Street, Soho"
"LINESTRING (-0.126021 51.508103,-0.133201 51.512515", "From Craven Street, Strand to Wardour Street, Soho"
"LINESTRING (-0.068161 51.509786,-0.133201 51.512515", "From Dock Street, Wapping to Wardour Street, Soho"
"LINESTRING (-0.135777 51.51953,-0.133201 51.512515", "From Charlotte Street, Fitzrovia to Wardour Street, Soho"
"LINESTRING (-0.199004 51.506584,-0.133201 51.512515", "From Campden Hill Road, Notting Hill to Wardour Street, Soho"
"LINESTRING (-0.124678 51.51908,-0.133201 51.512515", "From British Museum, Bloomsbury to Wardour Street, Soho"
"LINESTRING (-0.147301 51.514105,-0.133201 51.512515", "From Woodstock Street, Mayfair to Wardour Street, Soho"
"LINESTRING (-0.145827 51.507326,-0.133201 51.512515", "From Clarges Street, Mayfair to Wardour Street, Soho"
"LINESTRING (-0.122219 51.51477,-0.133201 51.512515", "From Drury Lane, Covent Garden to Wardour Street, Soho"
"LINESTRING (-0.142783 51.51196,-0.133201 51.512515", "From St. George Street, Mayfair to Wardour Street, Soho"
"LINESTRING (-0.091938 51.492807,-0.133201 51.512515", "From Victory Place, Walworth to Wardour Street, Soho"
"LINESTRING (-0.123616 51.529943,-0.133201 51.512515", "From Belgrove Street , King's Cross to Wardour Street, Soho"
"LINESTRING (-0.139016 51.520994,-0.133201 51.512515", "From Howland Street, Fitzrovia to Wardour Street, Soho"
"LINESTRING (-0.06142 51.532091,-0.133201 51.512515", "From Pritchard's Road, Bethnal Green to Wardour Street, Soho"
"LINESTRING (-0.123616 51.529943,-0.133201 51.512515", "From Belgrove Street , King's Cross to Wardour Street, Soho"
"LINESTRING (-0.082989 51.510484,-0.133201 51.512515", "From Great Tower Street, Monument to Wardour Street, Soho"
"LINESTRING (-0.165842 51.522029,-0.133201 51.512515", "From Bell Street , Marylebone to Wardour Street, Soho"
"LINESTRING (-0.0985 51.51601,-0.133201 51.512515", "From King Edward Street, St Pauls to Wardour Street, Soho"
"LINESTRING (-0.145904 51.507069,-0.133201 51.512515", "From Curzon Street, Mayfair to Wardour Street, Soho"
"LINESTRING (-0.128377 51.523673,-0.133201 51.512515", "From Bedford Way, Bloomsbury to Wardour Street, Soho"
"LINESTRING (-0.158105 51.494645,-0.133201 51.512515", "From Cadogan Place, Knightsbridge to Wardour Street, Soho"
"LINESTRING (-0.150817 51.505426,-0.133201 51.512515", "From Park Lane, Mayfair to Wardour Street, Soho"
"LINESTRING (-0.124678 51.51908,-0.133201 51.512515", "From British Museum, Bloomsbury to Wardour Street, Soho"
"LINESTRING (-0.07962 51.503493,-0.100186 51.505817", "From Tooley Street, Bermondsey to Bankside Mix, Bankside"
"LINESTRING (-0.116542 51.504636,-0.100186 51.505817", "From Jubilee Gardens, South Bank to Bankside Mix, Bankside"
"LINESTRING (-0.114686 51.506133,-0.100186 51.505817", "From Belvedere Road 1, South Bank to Bankside Mix, Bankside"
"LINESTRING (-0.098807 51.506725,-0.100186 51.505817", "From Tate Modern, Bankside to Bankside Mix, Bankside"
"LINESTRING (-0.114686 51.506133,-0.100186 51.505817", "From Belvedere Road 1, South Bank to Bankside Mix, Bankside"
"LINESTRING (-0.113864 51.504027,-0.100186 51.505817", "From Waterloo Station 1, Waterloo to Bankside Mix, Bankside"
"LINESTRING (-0.114686 51.506133,-0.100186 51.505817", "From Belvedere Road 1, South Bank to Bankside Mix, Bankside"
"LINESTRING (-0.123258 51.476149,-0.100186 51.505817", "From Teversham Lane, Stockwell to Bankside Mix, Bankside"
"LINESTRING (-0.098341 51.505409,-0.100186 51.505817", "From Southwark Street, Bankside to Bankside Mix, Bankside"
"LINESTRING (-0.085814 51.495061,-0.100186 51.505817", "From Bricklayers Arms, Borough to Bankside Mix, Bankside"
"LINESTRING (-0.110121 51.488105,-0.100186 51.505817", "From Cleaver Street, Kennington to Bankside Mix, Bankside"
"LINESTRING (-0.063471 51.497995,-0.100186 51.505817", "From Bermondsey Station, Bermondsey to Bankside Mix, Bankside"
"LINESTRING (-0.077121 51.511594,-0.100186 51.505817", "From Crosswall, Tower to Bankside Mix, Bankside"
"LINESTRING (-0.110121 51.488105,-0.100186 51.505817", "From Cleaver Street, Kennington to Bankside Mix, Bankside"
"LINESTRING (-0.116542 51.504636,-0.100186 51.505817", "From Jubilee Gardens, South Bank to Bankside Mix, Bankside"
"LINESTRING (-0.115375 51.460232,-0.100186 51.505817", "From Saltoun Road, Brixton to Bankside Mix, Bankside"
"LINESTRING (-0.068981 51.498585,-0.091773 51.504627", "From George Row, Bermondsey to Hop Exchange, The Borough"
"LINESTRING (-0.037471 51.528224,-0.091773 51.504627", "From Antill Road, Mile End to Hop Exchange, The Borough"
"LINESTRING (-0.06111 51.518675,-0.091773 51.504627", "From Royal London Hospital, Whitechapel to Hop Exchange, The Borough"
"LINESTRING (-0.122492 51.486343,-0.091773 51.504627", "From Kennington Lane Rail Bridge, Vauxhall to Hop Exchange, The Borough"
"LINESTRING (-0.115781 51.464019,-0.091773 51.504627", "From Ferndale Road, Brixton to Hop Exchange, The Borough"
"LINESTRING (-0.082422 51.516154,-0.091773 51.504627", "From Wormwood Street, Liverpool Street to Hop Exchange, The Borough"
"LINESTRING (-0.13214 51.519572,-0.091773 51.504627", "From Store Street, Bloomsbury to Hop Exchange, The Borough"
"LINESTRING (-0.132053 51.518587,-0.091773 51.504627", "From Bayley Street , Bloomsbury to Hop Exchange, The Borough"
"LINESTRING (-0.102996 51.486929,-0.091773 51.504627", "From Doddington Grove, Kennington to Hop Exchange, The Borough"
"LINESTRING (-0.085666 51.499075,-0.091773 51.504627", "From Long Lane , Bermondsey to Hop Exchange, The Borough"
"LINESTRING (-0.085814 51.495061,-0.091773 51.504627", "From Bricklayers Arms, Borough to Hop Exchange, The Borough"
"LINESTRING (-0.134234 51.494591,-0.091773 51.504627", "From Greycoat Street , Westminster to Hop Exchange, The Borough"
"LINESTRING (-0.107927 51.513821,-0.091773 51.504627", "From Bouverie Street, Temple to Hop Exchange, The Borough"
"LINESTRING (-0.068981 51.498585,-0.091773 51.504627", "From George Row, Bermondsey to Hop Exchange, The Borough"
"LINESTRING (-0.107913 51.498386,-0.091773 51.504627", "From Westminster Bridge Road, Elephant & Castle to Hop Exchange, The Borough"
"LINESTRING (-0.079248 51.524526,-0.091773 51.504627", "From New Inn Yard, Shoreditch to Hop Exchange, The Borough"
"LINESTRING (-0.123258 51.476149,-0.091773 51.504627", "From Teversham Lane, Stockwell to Hop Exchange, The Borough"
"LINESTRING (-0.106237 51.507244,-0.091773 51.504627", "From Milroy Walk, South Bank to Hop Exchange, The Borough"
"LINESTRING (-0.130504 51.526838,-0.091773 51.504627", "From Endsleigh Gardens, Euston to Hop Exchange, The Borough"
"LINESTRING (-0.116628 51.500089,-0.091773 51.504627", "From Lambeth Palace Road, Waterloo to Hop Exchange, The Borough"
"LINESTRING (-0.167029 51.460333,-0.091773 51.504627", "From Abyssinia Close, Clapham Junction to Hop Exchange, The Borough"
"LINESTRING (-0.092921 51.494436,-0.091773 51.504627", "From New Kent Road, The Borough to Hop Exchange, The Borough"
"LINESTRING (-0.134234 51.494591,-0.091773 51.504627", "From Greycoat Street , Westminster to Hop Exchange, The Borough"
"LINESTRING (-0.120202 51.523346,-0.091773 51.504627", "From Guilford Street , Bloomsbury to Hop Exchange, The Borough"
"LINESTRING (-0.114934 51.49288,-0.091773 51.504627", "From Lollard Street, Vauxhall to Hop Exchange, The Borough"
"LINESTRING (-0.15213 51.470475,-0.091773 51.504627", "From Stanley Grove, Battersea to Hop Exchange, The Borough"
"LINESTRING (-0.117974 51.494881,-0.091773 51.504627", "From Lambeth Road, Vauxhall to Hop Exchange, The Borough"
"LINESTRING (-0.164207 51.517372,-0.091773 51.504627", "From Harrowby Street, Marylebone to Hop Exchange, The Borough"
"LINESTRING (-0.119047 51.509631,-0.091773 51.504627", "From Embankment (Savoy), Strand to Hop Exchange, The Borough"
"LINESTRING (-0.110683 51.484788,-0.091773 51.504627", "From Kennington Road Post Office, Oval to Hop Exchange, The Borough"
"LINESTRING (-0.105596 51.505342,-0.091773 51.504627", "From Colombo Street, Southwark to Hop Exchange, The Borough"
"LINESTRING (-0.113426 51.503919,-0.091773 51.504627", "From Waterloo Station 2, Waterloo to Hop Exchange, The Borough"
"LINESTRING (-0.091938 51.492807,-0.091773 51.504627", "From Victory Place, Walworth to Hop Exchange, The Borough"
"LINESTRING (-0.099994 51.522853,-0.091773 51.504627", "From Berry Street, Clerkenwell to Hop Exchange, The Borough"
"LINESTRING (-0.138231 51.525542,-0.091773 51.504627", "From Hampstead Road, Euston to Hop Exchange, The Borough"
"LINESTRING (-0.117069 51.53136,-0.091773 51.504627", "From Calshot Street , King's Cross to Hop Exchange, The Borough"
"LINESTRING (-0.106237 51.507244,-0.091773 51.504627", "From Milroy Walk, South Bank to Hop Exchange, The Borough"
"LINESTRING (-0.124642 51.481747,-0.091773 51.504627", "From South Lambeth Road, Vauxhall to Hop Exchange, The Borough"
"LINESTRING (-0.116279 51.524564,-0.091773 51.504627", "From Wren Street, Holborn to Hop Exchange, The Borough"
"LINESTRING (-0.120903 51.488124,-0.091773 51.504627", "From Vauxhall Walk, Vauxhall to Hop Exchange, The Borough"
"LINESTRING (-0.063471 51.497995,-0.091773 51.504627", "From Bermondsey Station, Bermondsey to Hop Exchange, The Borough"
"LINESTRING (-0.081608 51.497855,-0.091773 51.504627", "From Bermondsey Street, Bermondsey to Hop Exchange, The Borough"
"LINESTRING (-0.119643 51.511756,-0.091773 51.504627", "From Wellington Street , Strand to Hop Exchange, The Borough"
"LINESTRING (-0.100292 51.501732,-0.091773 51.504627", "From Great Suffolk Street, The Borough to Hop Exchange, The Borough"
"LINESTRING (-0.091773 51.504627,-0.091773 51.504627", "From Hop Exchange, The Borough to Hop Exchange, The Borough"
"LINESTRING (-0.121394 51.493699,-0.091773 51.504627", "From Fire Brigade Pier, Vauxhall to Hop Exchange, The Borough"
"LINESTRING (-0.115851 51.505044,-0.091773 51.504627", "From Concert Hall Approach 1, South Bank to Hop Exchange, The Borough"
"LINESTRING (-0.106237 51.507244,-0.091773 51.504627", "From Milroy Walk, South Bank to Hop Exchange, The Borough"
"LINESTRING (-0.074189 51.502279,-0.091773 51.504627", "From Curlew Street, Shad Thames to Hop Exchange, The Borough"
"LINESTRING (-0.115057 51.512582,-0.091773 51.504627", "From Strand, Strand to Hop Exchange, The Borough"
"LINESTRING (-0.119643 51.511756,-0.091773 51.504627", "From Wellington Street , Strand to Hop Exchange, The Borough"
"LINESTRING (-0.097122 51.529423,-0.091773 51.504627", "From Macclesfield Rd, St Lukes to Hop Exchange, The Borough"
"LINESTRING (-0.137043 51.511897,-0.091773 51.504627", "From Golden Square, Soho to Hop Exchange, The Borough"
"LINESTRING (-0.09294 51.51397,-0.091773 51.504627", "From Cheapside, Bank to Hop Exchange, The Borough"
"LINESTRING (-0.116628 51.500089,-0.091773 51.504627", "From Lambeth Palace Road, Waterloo to Hop Exchange, The Borough"
"LINESTRING (-0.110121 51.488105,-0.091773 51.504627", "From Cleaver Street, Kennington to Hop Exchange, The Borough"
"LINESTRING (-0.102091 51.500693,-0.091773 51.504627", "From Webber Street , Southwark to Hop Exchange, The Borough"
"LINESTRING (-0.117661 51.482678,-0.091773 51.504627", "From Ashmole Estate, Oval to Hop Exchange, The Borough"
"LINESTRING (-0.116625 51.486965,-0.091773 51.504627", "From Vauxhall Street, Vauxhall to Hop Exchange, The Borough"
"LINESTRING (-0.09885 51.515418,-0.091773 51.504627", "From Newgate Street , St. Paul's to Hop Exchange, The Borough"
"LINESTRING (-0.106237 51.507244,-0.091773 51.504627", "From Milroy Walk, South Bank to Hop Exchange, The Borough"
"LINESTRING (-0.131861 51.527068,-0.091773 51.504627", "From Euston Square Gardens, Euston to Hop Exchange, The Borough"
"LINESTRING (-0.123616 51.529943,-0.091773 51.504627", "From Belgrove Street , King's Cross to Hop Exchange, The Borough"
"LINESTRING (-0.105596 51.505342,-0.091773 51.504627", "From Colombo Street, Southwark to Hop Exchange, The Borough"
"LINESTRING (-0.084985 51.509301,-0.091773 51.504627", "From Lower Thames Street, Monument to Hop Exchange, The Borough"
"LINESTRING (-0.08497 51.50964,-0.091773 51.504627", "From Monument Street, Monument to Hop Exchange, The Borough"
"LINESTRING (-0.113864 51.504027,-0.091773 51.504627", "From Waterloo Station 1, Waterloo to Hop Exchange, The Borough"
"LINESTRING (-0.100186 51.505817,-0.091773 51.504627", "From Bankside Mix, Bankside to Hop Exchange, The Borough"
"LINESTRING (-0.09644 51.507385,-0.091773 51.504627", "From New Globe Walk, Bankside to Hop Exchange, The Borough"
"LINESTRING (-0.119047 51.509631,-0.091773 51.504627", "From Embankment (Savoy), Strand to Hop Exchange, The Borough"
"LINESTRING (-0.09294 51.511553,-0.091773 51.504627", "From Queen Street 1, Bank to Hop Exchange, The Borough"
"LINESTRING (-0.131861 51.527068,-0.091773 51.504627", "From Euston Square Gardens, Euston to Hop Exchange, The Borough"
"LINESTRING (-0.147983 51.519167,-0.091773 51.504627", "From New Cavendish Street, Marylebone to Hop Exchange, The Borough"
"LINESTRING (-0.098807 51.506725,-0.091773 51.504627", "From Tate Modern, Bankside to Hop Exchange, The Borough"
"LINESTRING (-0.098497 51.503688,-0.091773 51.504627", "From Union Street, The Borough to Hop Exchange, The Borough"
"LINESTRING (-0.110699 51.501444,-0.091773 51.504627", "From Baylis Road, Waterloo to Hop Exchange, The Borough"
"LINESTRING (-0.025296 51.527058,-0.091773 51.504627", "From Bow Road Station, Bow to Hop Exchange, The Borough"
"LINESTRING (-0.138853 51.541603,-0.091773 51.504627", "From Bonny Street, Camden Town to Hop Exchange, The Borough"
"LINESTRING (-0.100186 51.505817,-0.091773 51.504627", "From Bankside Mix, Bankside to Hop Exchange, The Borough"
"LINESTRING (-0.07962 51.503493,-0.091773 51.504627", "From Tooley Street, Bermondsey to Hop Exchange, The Borough"
"LINESTRING (-0.138853 51.541603,-0.091773 51.504627", "From Bonny Street, Camden Town to Hop Exchange, The Borough"
"LINESTRING (-0.141812 51.469259,-0.091773 51.504627", "From Wandsworth Rd, Isley Court, Wandsworth Road to Hop Exchange, The Borough"
"LINESTRING (-0.116279 51.524564,-0.091773 51.504627", "From Wren Street, Holborn to Hop Exchange, The Borough"
"LINESTRING (-0.113864 51.504027,-0.091773 51.504627", "From Waterloo Station 1, Waterloo to Hop Exchange, The Borough"
"LINESTRING (-0.09644 51.507385,-0.091773 51.504627", "From New Globe Walk, Bankside to Hop Exchange, The Borough"
"LINESTRING (-0.037471 51.528224,-0.091773 51.504627", "From Antill Road, Mile End to Hop Exchange, The Borough"
"LINESTRING (-0.167029 51.460333,-0.091773 51.504627", "From Abyssinia Close, Clapham Junction to Hop Exchange, The Borough"
"LINESTRING (-0.106323 51.490757,-0.091773 51.504627", "From Cotton Garden Estate, Kennington to Hop Exchange, The Borough"
"LINESTRING (-0.098807 51.506725,-0.091773 51.504627", "From Tate Modern, Bankside to Hop Exchange, The Borough"
"LINESTRING (-0.112824 51.503791,-0.091773 51.504627", "From Waterloo Station 3, Waterloo to Hop Exchange, The Borough"
"LINESTRING (-0.113864 51.504027,-0.091773 51.504627", "From Waterloo Station 1, Waterloo to Hop Exchange, The Borough"
"LINESTRING (-0.114934 51.49288,-0.091773 51.504627", "From Lollard Street, Vauxhall to Hop Exchange, The Borough"
"LINESTRING (-0.138853 51.541603,-0.091773 51.504627", "From Bonny Street, Camden Town to Hop Exchange, The Borough"
"LINESTRING (-0.058826 51.54119,-0.091773 51.504627", "From London Fields, Hackney Central to Hop Exchange, The Borough"
"LINESTRING (-0.106237 51.507244,-0.091773 51.504627", "From Milroy Walk, South Bank to Hop Exchange, The Borough"
"LINESTRING (-0.0786 51.500647,-0.091773 51.504627", "From Tanner Street, Bermondsey to Hop Exchange, The Borough"
"LINESTRING (-0.083353 51.529537,-0.091773 51.504627", "From Fanshaw Street, Hoxton to Hop Exchange, The Borough"
"LINESTRING (-0.04915 51.498439,-0.091773 51.504627", "From Canada Water Station, Rotherhithe to Hop Exchange, The Borough"
"LINESTRING (-0.111257 51.514274,-0.091773 51.504627", "From Chancery Lane, Holborn to Hop Exchange, The Borough"
"LINESTRING (-0.068981 51.498585,-0.091773 51.504627", "From George Row, Bermondsey to Hop Exchange, The Borough"
"LINESTRING (-0.092176 51.520044,-0.091773 51.504627", "From Barbican Centre, Barbican to Hop Exchange, The Borough"
"LINESTRING (-0.05438 51.520019,-0.091773 51.504627", "From Ansell House, Stepney to Hop Exchange, The Borough"
"LINESTRING (-0.08249 51.53558,-0.091773 51.504627", "From Pitfield Street North,Hoxton to Hop Exchange, The Borough"
"LINESTRING (-0.116628 51.500089,-0.091773 51.504627", "From Lambeth Palace Road, Waterloo to Hop Exchange, The Borough"
"LINESTRING (-0.107927 51.513821,-0.091773 51.504627", "From Bouverie Street, Temple to Hop Exchange, The Borough"
"LINESTRING (-0.119643 51.511756,-0.091773 51.504627", "From Wellington Street , Strand to Hop Exchange, The Borough"
"LINESTRING (-0.157788 51.465123,-0.091773 51.504627", "From Sugden Road, Clapham to Hop Exchange, The Borough"
"LINESTRING (-0.085666 51.499075,-0.091773 51.504627", "From Long Lane , Bermondsey to Hop Exchange, The Borough"
"LINESTRING (-0.078869 51.521113,-0.091773 51.504627", "From Norton Folgate, Liverpool Street to Hop Exchange, The Borough"
"LINESTRING (-0.06691 51.507131,-0.091773 51.504627", "From Nesham Street, Wapping to Hop Exchange, The Borough"
"LINESTRING (-0.09022 51.491484,-0.091773 51.504627", "From Rodney Road , Walworth to Hop Exchange, The Borough"
"LINESTRING (-0.141423 51.514499,-0.091773 51.504627", "From Little Argyll Street, West End to Hop Exchange, The Borough"
"LINESTRING (-0.111778 51.515937,-0.091773 51.504627", "From Breams Buildings, Holborn to Hop Exchange, The Borough"
"LINESTRING (-0.117974 51.494881,-0.091773 51.504627", "From Lambeth Road, Vauxhall to Hop Exchange, The Borough"
"LINESTRING (-0.102091 51.500693,-0.091773 51.504627", "From Webber Street , Southwark to Hop Exchange, The Borough"
"LINESTRING (-0.138231 51.525542,-0.091773 51.504627", "From Hampstead Road, Euston to Hop Exchange, The Borough"
"LINESTRING (-0.079249 51.518908,-0.091773 51.504627", "From Brushfield Street, Liverpool Street to Hop Exchange, The Borough"
"LINESTRING (-0.173029 51.464894,-0.091773 51.504627", "From Grant Road East, Clapham Junction to Hop Exchange, The Borough"
"LINESTRING (-0.107913 51.498386,-0.091773 51.504627", "From Westminster Bridge Road, Elephant & Castle to Hop Exchange, The Borough"
"LINESTRING (-0.117495 51.498241,-0.091773 51.504627", "From Archbishop's Park, Waterloo to Hop Exchange, The Borough"
"LINESTRING (-0.091773 51.504627,-0.091773 51.504627", "From Hop Exchange, The Borough to Hop Exchange, The Borough"
"LINESTRING (-0.140741 51.488057,-0.091773 51.504627", "From Alderney Street, Pimlico to Hop Exchange, The Borough"
"LINESTRING (-0.058826 51.54119,-0.091773 51.504627", "From London Fields, Hackney Central to Hop Exchange, The Borough"
"LINESTRING (-0.092921 51.494436,-0.091773 51.504627", "From New Kent Road, The Borough to Hop Exchange, The Borough"
"LINESTRING (-0.101384 51.49652,-0.091773 51.504627", "From Ontario Street, Elephant & Castle to Hop Exchange, The Borough"
"LINESTRING (-0.113864 51.504027,-0.091773 51.504627", "From Waterloo Station 1, Waterloo to Hop Exchange, The Borough"
"LINESTRING (-0.096496 51.517821,-0.091773 51.504627", "From Museum of London, Barbican to Hop Exchange, The Borough"
"LINESTRING (-0.089446 51.497382,-0.091773 51.504627", "From Great Dover Street, The Borough to Hop Exchange, The Borough"
"LINESTRING (-0.119123 51.519435,-0.091773 51.504627", "From Red Lion Square, Holborn to Hop Exchange, The Borough"
"LINESTRING (-0.098497 51.503688,-0.091773 51.504627", "From Union Street, The Borough to Hop Exchange, The Borough"
"LINESTRING (-0.10988 51.49775,-0.091773 51.504627", "From King Edward Walk, Waterloo to Hop Exchange, The Borough"
"LINESTRING (-0.096518 51.491327,-0.091773 51.504627", "From Walworth Square, Walworth to Hop Exchange, The Borough"
"LINESTRING (-0.115156 51.489479,-0.091773 51.504627", "From Sancroft Street, Vauxhall to Hop Exchange, The Borough"
"LINESTRING (-0.098807 51.506725,-0.091773 51.504627", "From Tate Modern, Bankside to Hop Exchange, The Borough"
"LINESTRING (-0.084985 51.509301,-0.091773 51.504627", "From Lower Thames Street, Monument to Hop Exchange, The Borough"
"LINESTRING (-0.074704 51.500845,-0.091773 51.504627", "From Tower Wharf, Bermondsey to Hop Exchange, The Borough"
"LINESTRING (-0.104947 51.516785,-0.091773 51.504627", "From Farringdon Street, Holborn to Hop Exchange, The Borough"
"LINESTRING (-0.112824 51.503791,-0.091773 51.504627", "From Waterloo Station 3, Waterloo to Hop Exchange, The Borough"
"LINESTRING (-0.085814 51.495061,-0.091773 51.504627", "From Bricklayers Arms, Borough to Hop Exchange, The Borough"
"LINESTRING (-0.079249 51.518908,-0.091773 51.504627", "From Brushfield Street, Liverpool Street to Hop Exchange, The Borough"
"LINESTRING (-0.079249 51.518908,-0.091773 51.504627", "From Brushfield Street, Liverpool Street to Hop Exchange, The Borough"
"LINESTRING (-0.17306 51.505014,-0.091773 51.504627", "From Serpentine Car Park, Hyde Park to Hop Exchange, The Borough"
"LINESTRING (-0.0786 51.500647,-0.091773 51.504627", "From Tanner Street, Bermondsey to Hop Exchange, The Borough"
"LINESTRING (-0.114842 51.50621,-0.091773 51.504627", "From Belvedere Road 2, South Bank to Hop Exchange, The Borough"
"LINESTRING (-0.112824 51.503791,-0.091773 51.504627", "From Waterloo Station 3, Waterloo to Hop Exchange, The Borough"
"LINESTRING (-0.053177 51.515975,-0.091773 51.504627", "From Jubilee Street, Stepney to Hop Exchange, The Borough"
"LINESTRING (-0.09294 51.511553,-0.091773 51.504627", "From Queen Street 1, Bank to Hop Exchange, The Borough"
"LINESTRING (-0.141423 51.514499,-0.091773 51.504627", "From Little Argyll Street, West End to Hop Exchange, The Borough"
"LINESTRING (-0.107927 51.513821,-0.091773 51.504627", "From Bouverie Street, Temple to Hop Exchange, The Borough"
"LINESTRING (-0.082422 51.516154,-0.091773 51.504627", "From Wormwood Street, Liverpool Street to Hop Exchange, The Borough"
"LINESTRING (-0.058631 51.524583,-0.091773 51.504627", "From Finnis Street, Bethnal Green to Hop Exchange, The Borough"
"LINESTRING (-0.093903 51.530991,-0.091773 51.504627", "From Wenlock Road , Hoxton to Hop Exchange, The Borough"
"LINESTRING (-0.09294 51.511553,-0.091773 51.504627", "From Queen Street 1, Bank to Hop Exchange, The Borough"
"LINESTRING (-0.10454 51.505461,-0.091773 51.504627", "From Blackfriars Road, Southwark to Hop Exchange, The Borough"
"LINESTRING (-0.068161 51.509786,-0.091773 51.504627", "From Dock Street, Wapping to Hop Exchange, The Borough"
"LINESTRING (-0.103132 51.498744,-0.091773 51.504627", "From LSBU (Borough Road), Elephant & Castle to Hop Exchange, The Borough"
"LINESTRING (-0.113936 51.500139,-0.106237 51.507244", "From Lower Marsh, Waterloo to Milroy Walk, South Bank"
"LINESTRING (-0.155525 51.516204,-0.106237 51.507244", "From Portman Square, Marylebone to Milroy Walk, South Bank"
"LINESTRING (-0.094524 51.500694,-0.106237 51.507244", "From Borough High Street, The Borough to Milroy Walk, South Bank"
"LINESTRING (-0.100292 51.501732,-0.106237 51.507244", "From Great Suffolk Street, The Borough to Milroy Walk, South Bank"
"LINESTRING (-0.110699 51.501444,-0.106237 51.507244", "From Baylis Road, Waterloo to Milroy Walk, South Bank"
"LINESTRING (-0.0985 51.51601,-0.106237 51.507244", "From King Edward Street, St Pauls to Milroy Walk, South Bank"
"LINESTRING (-0.107927 51.513821,-0.106237 51.507244", "From Bouverie Street, Temple to Milroy Walk, South Bank"
"LINESTRING (-0.094524 51.500694,-0.106237 51.507244", "From Borough High Street, The Borough to Milroy Walk, South Bank"
"LINESTRING (-0.117974 51.494881,-0.106237 51.507244", "From Lambeth Road, Vauxhall to Milroy Walk, South Bank"
"LINESTRING (-0.079249 51.518908,-0.106237 51.507244", "From Brushfield Street, Liverpool Street to Milroy Walk, South Bank"
"LINESTRING (-0.119643 51.511756,-0.106237 51.507244", "From Wellington Street , Strand to Milroy Walk, South Bank"
"LINESTRING (-0.091773 51.504627,-0.106237 51.507244", "From Hop Exchange, The Borough to Milroy Walk, South Bank"
"LINESTRING (-0.132224 51.49206,-0.106237 51.507244", "From Regency Street, Westminster to Milroy Walk, South Bank"
"LINESTRING (-0.122806 51.490435,-0.106237 51.507244", "From Albert Embankment, Vauxhall to Milroy Walk, South Bank"
"LINESTRING (-0.123179 51.506543,-0.106237 51.507244", "From Whitehall Place, Strand to Milroy Walk, South Bank"
"LINESTRING (-0.074754 51.523648,-0.106237 51.507244", "From Bethnal Green Road, Shoreditch to Milroy Walk, South Bank"
"LINESTRING (-0.079249 51.518908,-0.106237 51.507244", "From Brushfield Street, Liverpool Street to Milroy Walk, South Bank"
"LINESTRING (-0.074754 51.523648,-0.106237 51.507244", "From Bethnal Green Road, Shoreditch to Milroy Walk, South Bank"
"LINESTRING (-0.110699 51.501444,-0.106237 51.507244", "From Baylis Road, Waterloo to Milroy Walk, South Bank"
"LINESTRING (-0.082422 51.516154,-0.106237 51.507244", "From Wormwood Street, Liverpool Street to Milroy Walk, South Bank"
"LINESTRING (-0.119643 51.511756,-0.106237 51.507244", "From Wellington Street , Strand to Milroy Walk, South Bank"
"LINESTRING (-0.119643 51.511756,-0.098497 51.503688", "From Wellington Street , Strand to Union Street, The Borough"
"LINESTRING (-0.074754 51.523648,-0.098497 51.503688", "From Bethnal Green Road, Shoreditch to Union Street, The Borough"
"LINESTRING (-0.085814 51.495061,-0.098497 51.503688", "From Bricklayers Arms, Borough to Union Street, The Borough"
"LINESTRING (-0.124121 51.523418,-0.098497 51.503688", "From Russell Square Station, Bloomsbury to Union Street, The Borough"
"LINESTRING (-0.07813 51.526377,-0.098497 51.503688", "From Shoreditch High Street, Shoreditch to Union Street, The Borough"
"LINESTRING (-0.04915 51.498439,-0.098497 51.503688", "From Canada Water Station, Rotherhithe to Union Street, The Borough"
"LINESTRING (-0.110699 51.501444,-0.098497 51.503688", "From Baylis Road, Waterloo to Union Street, The Borough"
"LINESTRING (-0.074189 51.502279,-0.098497 51.503688", "From Curlew Street, Shad Thames to Union Street, The Borough"
"LINESTRING (-0.083632 51.502153,-0.098497 51.503688", "From Snowsfields, London Bridge to Union Street, The Borough"
"LINESTRING (-0.105344 51.515059,-0.098497 51.503688", "From St. Bride Street, Holborn to Union Street, The Borough"
"LINESTRING (-0.104193 51.49605,-0.098497 51.503688", "From Gaywood  Street, Elephant & Castle to Union Street, The Borough"
"LINESTRING (-0.098497 51.503688,-0.098497 51.503688", "From Union Street, The Borough to Union Street, The Borough"
"LINESTRING (-0.098497 51.503688,-0.098497 51.503688", "From Union Street, The Borough to Union Street, The Borough"
"LINESTRING (-0.135025 51.518162,-0.098497 51.503688", "From Rathbone Street, Fitzrovia to Union Street, The Borough"
"LINESTRING (-0.083632 51.502153,-0.098497 51.503688", "From Snowsfields, London Bridge to Union Street, The Borough"
"LINESTRING (-0.112824 51.503791,-0.098497 51.503688", "From Waterloo Station 3, Waterloo to Union Street, The Borough"
"LINESTRING (-0.166878 51.488023,-0.098497 51.503688", "From Flood Street, Chelsea to Union Street, The Borough"
"LINESTRING (-0.083632 51.502153,-0.098497 51.503688", "From Snowsfields, London Bridge to Union Street, The Borough"
"LINESTRING (-0.04915 51.498439,-0.098497 51.503688", "From Canada Water Station, Rotherhithe to Union Street, The Borough"
"LINESTRING (-0.123258 51.476149,-0.098497 51.503688", "From Teversham Lane, Stockwell to Union Street, The Borough"
"LINESTRING (-0.083632 51.502153,-0.098497 51.503688", "From Snowsfields, London Bridge to Union Street, The Borough"
"LINESTRING (-0.087262 51.506304,-0.098497 51.503688", "From Duke Street Hill, London Bridge to Union Street, The Borough"
"LINESTRING (-0.121723 51.510701,-0.098497 51.503688", "From Southampton Street, Strand to Union Street, The Borough"
"LINESTRING (-0.078505 51.53095,-0.098497 51.503688", "From Falkirk Street, Hoxton to Union Street, The Borough"
"LINESTRING (-0.07813 51.526377,-0.098497 51.503688", "From Shoreditch High Street, Shoreditch to Union Street, The Borough"
"LINESTRING (-0.139956 51.493573,-0.111606 51.505569", "From Queen Mother Sports Centre, Victoria to Stamford Street, South Bank"
"LINESTRING (-0.122502 51.523951,-0.111606 51.505569", "From Brunswick Square, Bloomsbury to Stamford Street, South Bank"
"LINESTRING (-0.124121 51.523418,-0.111606 51.505569", "From Russell Square Station, Bloomsbury to Stamford Street, South Bank"
"LINESTRING (-0.147301 51.514105,-0.111606 51.505569", "From Woodstock Street, Mayfair to Stamford Street, South Bank"
"LINESTRING (-0.124826 51.516226,-0.111606 51.505569", "From High Holborn , Covent Garden to Stamford Street, South Bank"
"LINESTRING (-0.100791 51.518218,-0.111606 51.505569", "From West Smithfield Rotunda, Farringdon to Stamford Street, South Bank"
"LINESTRING (-0.104947 51.516785,-0.111606 51.505569", "From Farringdon Street, Holborn to Stamford Street, South Bank"
"LINESTRING (-0.124469 51.485917,-0.111606 51.505569", "From Vauxhall Cross, Vauxhall to Stamford Street, South Bank"
"LINESTRING (-0.091938 51.492807,-0.111606 51.505569", "From Victory Place, Walworth to Stamford Street, South Bank"
"LINESTRING (-0.074704 51.500845,-0.111606 51.505569", "From Tower Wharf, Bermondsey to Stamford Street, South Bank"
"LINESTRING (-0.106237 51.507244,-0.111606 51.505569", "From Milroy Walk, South Bank to Stamford Street, South Bank"
"LINESTRING (-0.094524 51.500694,-0.111606 51.505569", "From Borough High Street, The Borough to Stamford Street, South Bank"
"LINESTRING (-0.108028 51.518825,-0.111606 51.505569", "From Hatton Garden, Holborn to Stamford Street, South Bank"
"LINESTRING (-0.124469 51.485917,-0.111606 51.505569", "From Vauxhall Cross, Vauxhall to Stamford Street, South Bank"
"LINESTRING (-0.103132 51.498744,-0.111606 51.505569", "From LSBU (Borough Road), Elephant & Castle to Stamford Street, South Bank"
"LINESTRING (-0.147301 51.514105,-0.111606 51.505569", "From Woodstock Street, Mayfair to Stamford Street, South Bank"
"LINESTRING (-0.114934 51.49288,-0.111606 51.505569", "From Lollard Street, Vauxhall to Stamford Street, South Bank"
"LINESTRING (-0.073537 51.514233,-0.111606 51.505569", "From Braham Street, Aldgate to Stamford Street, South Bank"
"LINESTRING (-0.131961 51.508446,-0.111606 51.505569", "From Charles II Street, West End to Stamford Street, South Bank"
"LINESTRING (-0.085666 51.499075,-0.111606 51.505569", "From Long Lane , Bermondsey to Stamford Street, South Bank"
"LINESTRING (-0.116279 51.524564,-0.111606 51.505569", "From Wren Street, Holborn to Stamford Street, South Bank"
"LINESTRING (-0.089659 51.52548,-0.111606 51.505569", "From Old Street Station, St. Luke's to Stamford Street, South Bank"
"LINESTRING (-0.094934 51.522954,-0.111606 51.505569", "From Roscoe Street, St. Luke's to Stamford Street, South Bank"
"LINESTRING (-0.094524 51.500694,-0.111606 51.505569", "From Borough High Street, The Borough to Stamford Street, South Bank"
"LINESTRING (-0.149004 51.485821,-0.111606 51.505569", "From Chelsea Bridge, Pimlico to Stamford Street, South Bank"
"LINESTRING (-0.081608 51.497855,-0.111606 51.505569", "From Bermondsey Street, Bermondsey to Stamford Street, South Bank"
"LINESTRING (-0.13558 51.513684,-0.111606 51.505569", "From Broadwick Street, Soho to Stamford Street, South Bank"
"LINESTRING (-0.084439 51.524696,-0.111606 51.505569", "From Leonard Circus , Shoreditch to Stamford Street, South Bank"
"LINESTRING (-0.020068 51.50357,-0.082989 51.510484", "From Jubilee Plaza, Canary Wharf to Great Tower Street, Monument"
"LINESTRING (-0.06992 51.53385,-0.082989 51.510484", "From Queensbridge Road, Haggerston to Great Tower Street, Monument"
"LINESTRING (-0.098031 51.505224,-0.082989 51.510484", "From Lavington Street, Bankside to Great Tower Street, Monument"
"LINESTRING (-0.083067 51.523196,-0.082989 51.510484", "From Clifton Street, Shoreditch to Great Tower Street, Monument"
"LINESTRING (-0.128585 51.516118,-0.082989 51.510484", "From Earnshaw Street , Covent Garden to Great Tower Street, Monument"
"LINESTRING (-0.06142 51.532091,-0.082989 51.510484", "From Pritchard's Road, Bethnal Green to Great Tower Street, Monument"
"LINESTRING (-0.125441 51.541596,-0.082989 51.510484", "From York Way, Kings Cross to Great Tower Street, Monument"
"LINESTRING (-0.123823 51.501513,-0.082989 51.510484", "From Westminster Pier, Westminster to Great Tower Street, Monument"
"LINESTRING (-0.085814 51.495061,-0.082989 51.510484", "From Bricklayers Arms, Borough to Great Tower Street, Monument"
"LINESTRING (-0.056667 51.511542,-0.082989 51.510484", "From Watney Street, Shadwell to Great Tower Street, Monument"
"LINESTRING (-0.108657 51.51795,-0.082989 51.510484", "From Holborn Circus, Holborn to Great Tower Street, Monument"
"LINESTRING (-0.112824 51.503791,-0.082989 51.510484", "From Waterloo Station 3, Waterloo to Great Tower Street, Monument"
"LINESTRING (-0.058681 51.506946,-0.082989 51.510484", "From Reardon Street, Wapping to Great Tower Street, Monument"
"LINESTRING (-0.093903 51.530991,-0.082989 51.510484", "From Wenlock Road , Hoxton to Great Tower Street, Monument"
"LINESTRING (-0.099141 51.512484,-0.082989 51.510484", "From Godliman Street, St. Paul's to Great Tower Street, Monument"
"LINESTRING (-0.055846 51.499169,-0.082989 51.510484", "From Rotherhithe Roundabout, Rotherhithe to Great Tower Street, Monument"
"LINESTRING (-0.025996 51.509303,-0.082989 51.510484", "From Westferry DLR, Limehouse to Great Tower Street, Monument"
"LINESTRING (-0.038775 51.516,-0.082989 51.510484", "From Aston Street, Stepney to Great Tower Street, Monument"
"LINESTRING (-0.112031 51.49914,-0.082989 51.510484", "From Lambeth North Station, Waterloo to Great Tower Street, Monument"
"LINESTRING (-0.020157 51.499041,-0.082989 51.510484", "From Lightermans Road, Millwall to Great Tower Street, Monument"
"LINESTRING (-0.079201 51.537277,-0.082989 51.510484", "From Hertford Road, De Beauvoir Town to Great Tower Street, Monument"
"LINESTRING (-0.038986 51.512871,-0.082989 51.510484", "From Flamborough Street, Limehouse to Great Tower Street, Monument"
"LINESTRING (-0.047784 51.51328,-0.082989 51.510484", "From Albert Gardens, Stepney to Great Tower Street, Monument"
"LINESTRING (-0.091773 51.504627,-0.082989 51.510484", "From Hop Exchange, The Borough to Great Tower Street, Monument"
"LINESTRING (-0.06691 51.507131,-0.082989 51.510484", "From Nesham Street, Wapping to Great Tower Street, Monument"
"LINESTRING (-0.106823 51.508033,-0.082989 51.510484", "From Sea Containers, South Bank to Great Tower Street, Monument"
"LINESTRING (-0.106823 51.508033,-0.082989 51.510484", "From Sea Containers, South Bank to Great Tower Street, Monument"
"LINESTRING (-0.13011 51.513527,-0.082989 51.510484", "From Moor Street, Soho to Great Tower Street, Monument"
"LINESTRING (-0.09315 51.53356,-0.082989 51.510484", "From Eagle Wharf Road, Hoxton to Great Tower Street, Monument"
"LINESTRING (-0.117619 51.509943,-0.082989 51.510484", "From Somerset House, Strand to Great Tower Street, Monument"
"LINESTRING (-0.087262 51.506304,-0.082989 51.510484", "From Duke Street Hill, London Bridge to Great Tower Street, Monument"
"LINESTRING (-0.137424 51.498865,-0.082989 51.510484", "From Buckingham Gate, Westminster to Great Tower Street, Monument"
"LINESTRING (-0.124826 51.516226,-0.082989 51.510484", "From High Holborn , Covent Garden to Great Tower Street, Monument"
"LINESTRING (-0.123509 51.52625,-0.082989 51.510484", "From Tavistock Place, Bloomsbury to Great Tower Street, Monument"
"LINESTRING (-0.102757 51.536384,-0.082989 51.510484", "From Islington Green, Angel to Great Tower Street, Monument"
"LINESTRING (-0.173757 51.496471,-0.082989 51.510484", "From Exhibition Road Museums 1, South Kensington to Great Tower Street, Monument"
"LINESTRING (-0.083935 51.520009,-0.082989 51.510484", "From Sun Street, Liverpool Street to Great Tower Street, Monument"
"LINESTRING (-0.100791 51.518218,-0.082989 51.510484", "From West Smithfield Rotunda, Farringdon to Great Tower Street, Monument"
"LINESTRING (-0.087459 51.528673,-0.082989 51.510484", "From East Road, Hoxton to Great Tower Street, Monument"
"LINESTRING (-0.131961 51.508446,-0.082989 51.510484", "From Charles II Street, West End to Great Tower Street, Monument"
"LINESTRING (-0.173757 51.496471,-0.082989 51.510484", "From Exhibition Road Museums 1, South Kensington to Great Tower Street, Monument"
"LINESTRING (-0.04915 51.498439,-0.082989 51.510484", "From Canada Water Station, Rotherhithe to Great Tower Street, Monument"
"LINESTRING (-0.06691 51.507131,-0.082989 51.510484", "From Nesham Street, Wapping to Great Tower Street, Monument"
"LINESTRING (-0.124826 51.516226,-0.082989 51.510484", "From High Holborn , Covent Garden to Great Tower Street, Monument"
"LINESTRING (-0.173757 51.496471,-0.082989 51.510484", "From Exhibition Road Museums 1, South Kensington to Great Tower Street, Monument"
"LINESTRING (-0.084605 51.521283,-0.082989 51.510484", "From Christopher Street, Liverpool Street to Great Tower Street, Monument"
"LINESTRING (-0.055167 51.508447,-0.082989 51.510484", "From Garnet Street, Shadwell to Great Tower Street, Monument"
"LINESTRING (-0.025996 51.509303,-0.082989 51.510484", "From Westferry DLR, Limehouse to Great Tower Street, Monument"
"LINESTRING (-0.118478 51.514409,-0.082989 51.510484", "From Kingsway, Covent Garden to Great Tower Street, Monument"
"LINESTRING (-0.141423 51.514499,-0.082989 51.510484", "From Little Argyll Street, West End to Great Tower Street, Monument"
"LINESTRING (-0.096191 51.498597,-0.082989 51.510484", "From Harper Road, The Borough to Great Tower Street, Monument"
"LINESTRING (-0.06992 51.53385,-0.082989 51.510484", "From Queensbridge Road, Haggerston to Great Tower Street, Monument"
"LINESTRING (-0.103078 51.511934,-0.082989 51.510484", "From Blackfriars Station, St. Paul's to Great Tower Street, Monument"
"LINESTRING (-0.083159 51.500889,-0.082989 51.510484", "From Tyers Gate, Bermondsey to Great Tower Street, Monument"
"LINESTRING (-0.078505 51.53095,-0.082989 51.510484", "From Falkirk Street, Hoxton to Great Tower Street, Monument"
"LINESTRING (-0.117619 51.509943,-0.082989 51.510484", "From Somerset House, Strand to Great Tower Street, Monument"
"LINESTRING (-0.098497 51.503688,-0.082989 51.510484", "From Union Street, The Borough to Great Tower Street, Monument"
"LINESTRING (-0.111778 51.515937,-0.082989 51.510484", "From Breams Buildings, Holborn to Great Tower Street, Monument"
"LINESTRING (-0.133201 51.512515,-0.082989 51.510484", "From Wardour Street, Soho to Great Tower Street, Monument"
"LINESTRING (-0.06142 51.532091,-0.082989 51.510484", "From Pritchard's Road, Bethnal Green to Great Tower Street, Monument"
"LINESTRING (-0.087262 51.506304,-0.082989 51.510484", "From Duke Street Hill, London Bridge to Great Tower Street, Monument"
"LINESTRING (-0.038775 51.516,-0.082989 51.510484", "From Aston Street, Stepney to Great Tower Street, Monument"
"LINESTRING (-0.144165 51.510736,-0.082989 51.510484", "From Bruton Street, Mayfair to Great Tower Street, Monument"
"LINESTRING (-0.06797 51.504904,-0.082989 51.510484", "From Wapping High Street, Wapping to Great Tower Street, Monument"
"LINESTRING (-0.074704 51.500845,-0.082989 51.510484", "From Tower Wharf, Bermondsey to Great Tower Street, Monument"
"LINESTRING (-0.074431 51.519362,-0.066078 51.514924", "From Fournier Street, Whitechapel to LMU Commercial Road, Whitechapel"
"LINESTRING (-0.034903 51.518541,-0.066078 51.514924", "From Mile End Stadium, Mile End to LMU Commercial Road, Whitechapel"
"LINESTRING (-0.068161 51.509786,-0.066078 51.514924", "From Dock Street, Wapping to LMU Commercial Road, Whitechapel"
"LINESTRING (-0.075459 51.509506,-0.066078 51.514924", "From Tower Gardens , Tower to LMU Commercial Road, Whitechapel"
"LINESTRING (-0.092176 51.520044,-0.066078 51.514924", "From Barbican Centre, Barbican to LMU Commercial Road, Whitechapel"
"LINESTRING (-0.128585 51.516118,-0.066078 51.514924", "From Earnshaw Street , Covent Garden to LMU Commercial Road, Whitechapel"
"LINESTRING (-0.11655 51.51824,-0.066078 51.514924", "From Red Lion Street, Holborn to LMU Commercial Road, Whitechapel"
"LINESTRING (-0.109006 51.521661,-0.066078 51.514924", "From Hatton Wall, Holborn to LMU Commercial Road, Whitechapel"
"LINESTRING (-0.055656 51.514222,-0.066078 51.514924", "From Watney Market, Stepney to LMU Commercial Road, Whitechapel"
"LINESTRING (-0.089887 51.520858,-0.066078 51.514924", "From Bunhill Row, Moorgate to LMU Commercial Road, Whitechapel"
"LINESTRING (-0.059091 51.528692,-0.066078 51.514924", "From Clarkson Street, Bethnal Green to LMU Commercial Road, Whitechapel"
"LINESTRING (-0.074431 51.519362,-0.066078 51.514924", "From Fournier Street, Whitechapel to LMU Commercial Road, Whitechapel"
"LINESTRING (-0.058641 51.515256,-0.066078 51.514924", "From Philpot Street, Whitechapel to LMU Commercial Road, Whitechapel"
"LINESTRING (-0.06111 51.518675,-0.066078 51.514924", "From Royal London Hospital, Whitechapel to LMU Commercial Road, Whitechapel"
"LINESTRING (-0.082989 51.510484,-0.066078 51.514924", "From Great Tower Street, Monument to LMU Commercial Road, Whitechapel"
"LINESTRING (-0.027772 51.505703,-0.066078 51.514924", "From Westferry Circus, Canary Wharf to LMU Commercial Road, Whitechapel"
"LINESTRING (-0.014438 51.5112,-0.066078 51.514924", "From Chrisp Street Market, Poplar to LMU Commercial Road, Whitechapel"
"LINESTRING (-0.075885 51.536585,-0.066078 51.514924", "From Dunston Road , Haggerston to LMU Commercial Road, Whitechapel"
"LINESTRING (-0.06111 51.518675,-0.066078 51.514924", "From Royal London Hospital, Whitechapel to LMU Commercial Road, Whitechapel"
"LINESTRING (-0.082422 51.516154,-0.066078 51.514924", "From Wormwood Street, Liverpool Street to LMU Commercial Road, Whitechapel"
"LINESTRING (-0.107927 51.513821,-0.066078 51.514924", "From Bouverie Street, Temple to LMU Commercial Road, Whitechapel"
"LINESTRING (-0.058641 51.515256,-0.066078 51.514924", "From Philpot Street, Whitechapel to LMU Commercial Road, Whitechapel"
"LINESTRING (-0.075459 51.509506,-0.066078 51.514924", "From Tower Gardens , Tower to LMU Commercial Road, Whitechapel"
"LINESTRING (-0.11655 51.51824,-0.066078 51.514924", "From Red Lion Street, Holborn to LMU Commercial Road, Whitechapel"
"LINESTRING (-0.092176 51.520044,-0.066078 51.514924", "From Barbican Centre, Barbican to LMU Commercial Road, Whitechapel"
"LINESTRING (-0.128585 51.516118,-0.066078 51.514924", "From Earnshaw Street , Covent Garden to LMU Commercial Road, Whitechapel"
"LINESTRING (-0.08249 51.53558,-0.066078 51.514924", "From Pitfield Street North,Hoxton to LMU Commercial Road, Whitechapel"
"LINESTRING (-0.02163 51.540311,-0.066078 51.514924", "From Monier Road, Hackney Wick to LMU Commercial Road, Whitechapel"
"LINESTRING (-0.11655 51.51824,-0.066078 51.514924", "From Red Lion Street, Holborn to LMU Commercial Road, Whitechapel"
"LINESTRING (-0.075459 51.509506,-0.066078 51.514924", "From Tower Gardens , Tower to LMU Commercial Road, Whitechapel"
"LINESTRING (-0.108322 51.510981,-0.066078 51.514924", "From Temple Gardens, Temple to LMU Commercial Road, Whitechapel"
"LINESTRING (-0.073537 51.514233,-0.066078 51.514924", "From Braham Street, Aldgate to LMU Commercial Road, Whitechapel"
"LINESTRING (-0.075901 51.531091,-0.066078 51.514924", "From Hoxton Station, Hoxton to LMU Commercial Road, Whitechapel"
"LINESTRING (-0.081608 51.497855,-0.066078 51.514924", "From Bermondsey Street, Bermondsey to LMU Commercial Road, Whitechapel"
"LINESTRING (-0.075459 51.509506,-0.066078 51.514924", "From Tower Gardens , Tower to LMU Commercial Road, Whitechapel"
"LINESTRING (-0.074704 51.500845,-0.066078 51.514924", "From Tower Wharf, Bermondsey to LMU Commercial Road, Whitechapel"
"LINESTRING (-0.155757 51.51013,-0.161113 51.522596", "From Upper Grosvenor Street, Mayfair to Dorset Square, Marylebone"
"LINESTRING (-0.171103 51.518268,-0.161113 51.522596", "From St Mary's Hospital, Paddington to Dorset Square, Marylebone"
"LINESTRING (-0.134407 51.526236,-0.161113 51.522596", "From Euston Road, Euston to Dorset Square, Marylebone"
"LINESTRING (-0.179135 51.516417,-0.161113 51.522596", "From Eastbourne Mews, Paddington to Dorset Square, Marylebone"
"LINESTRING (-0.140485 51.519181,-0.161113 51.522596", "From Foley Street, Fitzrovia to Dorset Square, Marylebone"
"LINESTRING (-0.167515 51.530529,-0.161113 51.522596", "From St. John's Wood Church, The Regent's Park to Dorset Square, Marylebone"
"LINESTRING (-0.135777 51.51953,-0.161113 51.522596", "From Charlotte Street, Fitzrovia to Dorset Square, Marylebone"
"LINESTRING (-0.076793 51.513406,-0.161113 51.522596", "From Jewry Street, Aldgate to Dorset Square, Marylebone"
"LINESTRING (-0.155525 51.516204,-0.161113 51.522596", "From Portman Square, Marylebone to Dorset Square, Marylebone"
"LINESTRING (-0.174653 51.527294,-0.161113 51.522596", "From St. John's Wood Road, St. John's Wood to Dorset Square, Marylebone"
"LINESTRING (-0.17977 51.51348,-0.161113 51.522596", "From Devonshire Terrace, Bayswater to Dorset Square, Marylebone"
"LINESTRING (-0.17581 51.517335,-0.161113 51.522596", "From South Wharf Road, Paddington to Dorset Square, Marylebone"
"LINESTRING (-0.147203 51.515308,-0.161113 51.522596", "From Chapel Place, Marylebone to Dorset Square, Marylebone"
"LINESTRING (-0.158963 51.524517,-0.161113 51.522596", "From Park Road (Baker Street), The Regent's Park to Dorset Square, Marylebone"
"LINESTRING (-0.147154 51.537349,-0.161113 51.522596", "From Gloucester Avenue, Camden Town to Dorset Square, Marylebone"
"LINESTRING (-0.151926 51.516814,-0.161113 51.522596", "From Hinde Street, Marylebone to Dorset Square, Marylebone"
"LINESTRING (-0.13544 51.497829,-0.161113 51.522596", "From Butler Place, Westminster to Dorset Square, Marylebone"
"LINESTRING (-0.174593 51.520205,-0.161113 51.522596", "From Paddington Green, Paddington to Dorset Square, Marylebone"
"LINESTRING (-0.165842 51.522029,-0.161113 51.522596", "From Bell Street , Marylebone to Dorset Square, Marylebone"
"LINESTRING (-0.179592 51.525575,-0.161113 51.522596", "From Clifton Road, Maida Vale to Dorset Square, Marylebone"
"LINESTRING (-0.183846 51.523344,-0.161113 51.522596", "From Warwick Avenue Station, Maida Vale to Dorset Square, Marylebone"
"LINESTRING (-0.13011 51.513527,-0.161113 51.522596", "From Moor Street, Soho to Dorset Square, Marylebone"
"LINESTRING (-0.174554 51.499917,-0.161113 51.522596", "From Exhibition Road, Knightsbridge to Dorset Square, Marylebone"
"LINESTRING (-0.172528 51.533043,-0.161113 51.522596", "From Wellington Road, St. John's Wood to Dorset Square, Marylebone"
"LINESTRING (-0.17977 51.51348,-0.161113 51.522596", "From Devonshire Terrace, Bayswater to Dorset Square, Marylebone"
"LINESTRING (-0.164207 51.517372,-0.161113 51.522596", "From Harrowby Street, Marylebone to Dorset Square, Marylebone"
"LINESTRING (-0.165668 51.524561,-0.161113 51.522596", "From Broadley Terrace, Marylebone to Dorset Square, Marylebone"
"LINESTRING (-0.165471 51.498884,-0.161113 51.522596", "From Montpelier Street, Knightsbridge to Dorset Square, Marylebone"
"LINESTRING (-0.165164 51.514746,-0.161113 51.522596", "From Porchester Place, Paddington to Dorset Square, Marylebone"
"LINESTRING (-0.141423 51.514499,-0.161113 51.522596", "From Little Argyll Street, West End to Dorset Square, Marylebone"
"LINESTRING (-0.165164 51.514746,-0.161113 51.522596", "From Porchester Place, Paddington to Dorset Square, Marylebone"
"LINESTRING (-0.144664 51.538071,-0.161113 51.522596", "From Parkway, Camden Town to Dorset Square, Marylebone"
"LINESTRING (-0.058681 51.506946,-0.069542 51.512363", "From Reardon Street, Wapping to Leman Street, Aldgate"
"LINESTRING (-0.063531 51.504719,-0.069542 51.512363", "From Hermitage Court, Wapping to Leman Street, Aldgate"
"LINESTRING (-0.108028 51.518825,-0.069542 51.512363", "From Hatton Garden, Holborn to Leman Street, Aldgate"
"LINESTRING (-0.06111 51.518675,-0.069542 51.512363", "From Royal London Hospital, Whitechapel to Leman Street, Aldgate"
"LINESTRING (-0.091401 51.518093,-0.069542 51.512363", "From Fore Street Avenue, Guildhall to Leman Street, Aldgate"
"LINESTRING (-0.113426 51.503919,-0.069542 51.512363", "From Waterloo Station 2, Waterloo to Leman Street, Aldgate"
"LINESTRING (-0.086685 51.517075,-0.069542 51.512363", "From Finsbury Circus, Liverpool Street to Leman Street, Aldgate"
"LINESTRING (-0.056667 51.511542,-0.069542 51.512363", "From Watney Street, Shadwell to Leman Street, Aldgate"
"LINESTRING (-0.09294 51.51397,-0.069542 51.512363", "From Cheapside, Bank to Leman Street, Aldgate"
"LINESTRING (-0.087262 51.506304,-0.069542 51.512363", "From Duke Street Hill, London Bridge to Leman Street, Aldgate"
"LINESTRING (-0.12335 51.51746,-0.069542 51.512363", "From Bury Place, Holborn to Leman Street, Aldgate"
"LINESTRING (-0.07962 51.503493,-0.069542 51.512363", "From Tooley Street, Bermondsey to Leman Street, Aldgate"
"LINESTRING (-0.079249 51.518908,-0.069542 51.512363", "From Brushfield Street, Liverpool Street to Leman Street, Aldgate"
"LINESTRING (-0.076793 51.513406,-0.069542 51.512363", "From Jewry Street, Aldgate to Leman Street, Aldgate"
"LINESTRING (-0.073537 51.514233,-0.069542 51.512363", "From Braham Street, Aldgate to Leman Street, Aldgate"
"LINESTRING (-0.113426 51.503919,-0.069542 51.512363", "From Waterloo Station 2, Waterloo to Leman Street, Aldgate"
"LINESTRING (-0.021596 51.502661,-0.069542 51.512363", "From Heron Quays DLR, Canary Wharf to Leman Street, Aldgate"
"LINESTRING (-0.07962 51.503493,-0.069542 51.512363", "From Tooley Street, Bermondsey to Leman Street, Aldgate"
"LINESTRING (-0.08066 51.514225,-0.069542 51.512363", "From St. Mary Axe, Aldgate to Leman Street, Aldgate"
"LINESTRING (-0.06111 51.518675,-0.069542 51.512363", "From Royal London Hospital, Whitechapel to Leman Street, Aldgate"
"LINESTRING (-0.055656 51.514222,-0.069542 51.512363", "From Watney Market, Stepney to Leman Street, Aldgate"
"LINESTRING (-0.082422 51.516154,-0.069542 51.512363", "From Wormwood Street, Liverpool Street to Leman Street, Aldgate"
"LINESTRING (-0.079608 51.521668,-0.069542 51.512363", "From Worship Street, Shoreditch to Leman Street, Aldgate"
"LINESTRING (-0.115057 51.512582,-0.069542 51.512363", "From Strand, Strand to Leman Street, Aldgate"
"LINESTRING (-0.06691 51.507131,-0.069542 51.512363", "From Nesham Street, Wapping to Leman Street, Aldgate"
"LINESTRING (-0.063531 51.504719,-0.069542 51.512363", "From Hermitage Court, Wapping to Leman Street, Aldgate"
"LINESTRING (-0.110121 51.488105,-0.069542 51.512363", "From Cleaver Street, Kennington to Leman Street, Aldgate"
"LINESTRING (-0.012413 51.508896,-0.069542 51.512363", "From Newby Place, Poplar to Leman Street, Aldgate"
"LINESTRING (-0.113864 51.504027,-0.069542 51.512363", "From Waterloo Station 1, Waterloo to Leman Street, Aldgate"
"LINESTRING (-0.070133 51.515231,-0.069542 51.512363", "From Central House, Whitechapel to Leman Street, Aldgate"
"LINESTRING (-0.082989 51.510484,-0.069542 51.512363", "From Great Tower Street, Monument to Leman Street, Aldgate"
"LINESTRING (-0.056667 51.511542,-0.069542 51.512363", "From Watney Street, Shadwell to Leman Street, Aldgate"
"LINESTRING (-0.06691 51.507131,-0.069542 51.512363", "From Nesham Street, Wapping to Leman Street, Aldgate"
"LINESTRING (-0.053558 51.511066,-0.069542 51.512363", "From Sutton Street, Shadwell to Leman Street, Aldgate"
"LINESTRING (-0.120718 51.511968,-0.069542 51.512363", "From Tavistock Street, Covent Garden to Leman Street, Aldgate"
"LINESTRING (-0.102208 51.526153,-0.100791 51.518218", "From Percival Street, Finsbury to West Smithfield Rotunda, Farringdon"
"LINESTRING (-0.09294 51.51397,-0.100791 51.518218", "From Cheapside, Bank to West Smithfield Rotunda, Farringdon"
"LINESTRING (-0.112031 51.49914,-0.100791 51.518218", "From Lambeth North Station, Waterloo to West Smithfield Rotunda, Farringdon"
"LINESTRING (-0.106408 51.530515,-0.100791 51.518218", "From Chadwell Street, Angel to West Smithfield Rotunda, Farringdon"
"LINESTRING (-0.09294 51.51397,-0.100791 51.518218", "From Cheapside, Bank to West Smithfield Rotunda, Farringdon"
"LINESTRING (-0.111606 51.505569,-0.100791 51.518218", "From Stamford Street, South Bank to West Smithfield Rotunda, Farringdon"
"LINESTRING (-0.069543 51.525645,-0.100791 51.518218", "From Granby Street, Shoreditch to West Smithfield Rotunda, Farringdon"
"LINESTRING (-0.185296 51.495362,-0.100791 51.518218", "From Emperor's Gate, South Kensington to West Smithfield Rotunda, Farringdon"
"LINESTRING (-0.103078 51.511934,-0.100791 51.518218", "From Blackfriars Station, St. Paul's to West Smithfield Rotunda, Farringdon"
"LINESTRING (-0.17021 51.474535,-0.100791 51.518218", "From Orbel Street, Battersea to West Smithfield Rotunda, Farringdon"
"LINESTRING (-0.112721 51.536392,-0.100791 51.518218", "From Charlotte Terrace, Angel to West Smithfield Rotunda, Farringdon"
"LINESTRING (-0.113936 51.500139,-0.100791 51.518218", "From Lower Marsh, Waterloo to West Smithfield Rotunda, Farringdon"
"LINESTRING (-0.123616 51.529943,-0.100791 51.518218", "From Belgrove Street , King's Cross to West Smithfield Rotunda, Farringdon"
"LINESTRING (-0.138212 51.481335,-0.100791 51.518218", "From Riverlight South, Nine Elms to West Smithfield Rotunda, Farringdon"
"LINESTRING (-0.120909 51.516128,-0.100791 51.518218", "From Newton Street, Covent Garden to West Smithfield Rotunda, Farringdon"
"LINESTRING (-0.104778 51.504044,-0.100791 51.518218", "From Southwark Station 2, Southwark to West Smithfield Rotunda, Farringdon"
"LINESTRING (-0.116279 51.524564,-0.100791 51.518218", "From Wren Street, Holborn to West Smithfield Rotunda, Farringdon"
"LINESTRING (-0.112432 51.526599,-0.100791 51.518218", "From Margery Street, Clerkenwell to West Smithfield Rotunda, Farringdon"
"LINESTRING (-0.089887 51.520858,-0.100791 51.518218", "From Bunhill Row, Moorgate to West Smithfield Rotunda, Farringdon"
"LINESTRING (-0.144083 51.525595,-0.100791 51.518218", "From Longford Street, The Regent's Park to West Smithfield Rotunda, Farringdon"
"LINESTRING (-0.123616 51.529943,-0.100791 51.518218", "From Belgrove Street , King's Cross to West Smithfield Rotunda, Farringdon"
"LINESTRING (-0.114934 51.49288,-0.100791 51.518218", "From Lollard Street, Vauxhall to West Smithfield Rotunda, Farringdon"
"LINESTRING (-0.093903 51.530991,-0.100791 51.518218", "From Wenlock Road , Hoxton to West Smithfield Rotunda, Farringdon"
"LINESTRING (-0.06555 51.528681,-0.100791 51.518218", "From Durant Street, Bethnal Green to West Smithfield Rotunda, Farringdon"
"LINESTRING (-0.090847 51.525893,-0.100791 51.518218", "From Bath Street, St. Luke's to West Smithfield Rotunda, Farringdon"
"LINESTRING (-0.154701 51.520583,-0.100791 51.518218", "From Paddington Street, Marylebone to West Smithfield Rotunda, Farringdon"
"LINESTRING (-0.123616 51.529943,-0.100791 51.518218", "From Belgrove Street , King's Cross to West Smithfield Rotunda, Farringdon"
"LINESTRING (-0.172528 51.533043,-0.100791 51.518218", "From Wellington Road, St. John's Wood to West Smithfield Rotunda, Farringdon"
"LINESTRING (-0.093885 51.517008,-0.100791 51.518218", "From Wood Street, Guildhall to West Smithfield Rotunda, Farringdon"
"LINESTRING (-0.09294 51.51397,-0.100791 51.518218", "From Cheapside, Bank to West Smithfield Rotunda, Farringdon"
"LINESTRING (-0.111606 51.505569,-0.100791 51.518218", "From Stamford Street, South Bank to West Smithfield Rotunda, Farringdon"
"LINESTRING (-0.084439 51.524696,-0.100791 51.518218", "From Leonard Circus , Shoreditch to West Smithfield Rotunda, Farringdon"
"LINESTRING (-0.09294 51.51397,-0.100791 51.518218", "From Cheapside, Bank to West Smithfield Rotunda, Farringdon"
"LINESTRING (-0.106408 51.530515,-0.112432 51.526599", "From Chadwell Street, Angel to Margery Street, Clerkenwell"
"LINESTRING (-0.134407 51.526236,-0.112432 51.526599", "From Euston Road, Euston to Margery Street, Clerkenwell"
"LINESTRING (-0.122299 51.530199,-0.112432 51.526599", "From Birkenhead Street, King's Cross to Margery Street, Clerkenwell"
"LINESTRING (-0.112721 51.536392,-0.112432 51.526599", "From Charlotte Terrace, Angel to Margery Street, Clerkenwell"
"LINESTRING (-0.130431 51.52168,-0.112432 51.526599", "From Malet Street, Bloomsbury to Margery Street, Clerkenwell"
"LINESTRING (-0.11655 51.51824,-0.112432 51.526599", "From Red Lion Street, Holborn to Margery Street, Clerkenwell"
"LINESTRING (-0.117661 51.482678,-0.112432 51.526599", "From Ashmole Estate, Oval to Margery Street, Clerkenwell"
"LINESTRING (-0.121723 51.510701,-0.112432 51.526599", "From Southampton Street, Strand to Margery Street, Clerkenwell"
"LINESTRING (-0.091773 51.504627,-0.112432 51.526599", "From Hop Exchange, The Borough to Margery Street, Clerkenwell"
"LINESTRING (-0.100791 51.518218,-0.112432 51.526599", "From West Smithfield Rotunda, Farringdon to Margery Street, Clerkenwell"
"LINESTRING (-0.145393 51.542138,-0.112432 51.526599", "From Castlehaven Road, Camden Town to Margery Street, Clerkenwell"
"LINESTRING (-0.130431 51.52168,-0.112432 51.526599", "From Malet Street, Bloomsbury to Margery Street, Clerkenwell"
"LINESTRING (-0.122299 51.530199,-0.112432 51.526599", "From Birkenhead Street, King's Cross to Margery Street, Clerkenwell"
"LINESTRING (-0.106992 51.534504,-0.112432 51.526599", "From Liverpool Road (N1 Centre), Angel to Margery Street, Clerkenwell"
"LINESTRING (-0.106992 51.534504,-0.112432 51.526599", "From Liverpool Road (N1 Centre), Angel to Margery Street, Clerkenwell"
"LINESTRING (-0.09734 51.520841,-0.062697 51.518154", "From Aldersgate Street, Barbican to New Road 1 , Whitechapel"
"LINESTRING (-0.06142 51.532091,-0.062697 51.518154", "From Pritchard's Road, Bethnal Green to New Road 1 , Whitechapel"
"LINESTRING (-0.025296 51.527058,-0.062697 51.518154", "From Bow Road Station, Bow to New Road 1 , Whitechapel"
"LINESTRING (-0.075375 51.528187,-0.062697 51.518154", "From Columbia Road, Shoreditch to New Road 1 , Whitechapel"
"LINESTRING (-0.057159 51.511088,-0.062697 51.518154", "From Shadwell Station, Shadwell to New Road 1 , Whitechapel"
"LINESTRING (-0.041378 51.522507,-0.062697 51.518154", "From Queen Mary's, Mile End to New Road 1 , Whitechapel"
"LINESTRING (-0.104778 51.504044,-0.062697 51.518154", "From Southwark Station 2, Southwark to New Road 1 , Whitechapel"
"LINESTRING (-0.053177 51.515975,-0.062697 51.518154", "From Jubilee Street, Stepney to New Road 1 , Whitechapel"
"LINESTRING (-0.059091 51.528692,-0.062697 51.518154", "From Clarkson Street, Bethnal Green to New Road 1 , Whitechapel"
"LINESTRING (-0.07813 51.526377,-0.062697 51.518154", "From Shoreditch High Street, Shoreditch to New Road 1 , Whitechapel"
"LINESTRING (-0.068981 51.498585,-0.062697 51.518154", "From George Row, Bermondsey to New Road 1 , Whitechapel"
"LINESTRING (-0.033828 51.514115,-0.062697 51.518154", "From Salmon Lane, Limehouse to New Road 1 , Whitechapel"
"LINESTRING (-0.066035 51.531864,-0.062697 51.518154", "From Goldsmith's Row, Haggerston to New Road 1 , Whitechapel"
"LINESTRING (-0.075855 51.517475,-0.062697 51.518154", "From Bell Lane, Liverpool Street to New Road 1 , Whitechapel"
"LINESTRING (-0.062697 51.518154,-0.062697 51.518154", "From New Road 1 , Whitechapel to New Road 1 , Whitechapel"
"LINESTRING (-0.030556 51.523538,-0.062697 51.518154", "From Southern Grove, Bow to New Road 1 , Whitechapel"
"LINESTRING (-0.04667 51.521889,-0.062697 51.518154", "From Stepney Green Station, Stepney to New Road 1 , Whitechapel"
"LINESTRING (-0.111781 51.533319,-0.062697 51.518154", "From Risinghill Street, Angel to New Road 1 , Whitechapel"
"LINESTRING (-0.047218 51.526041,-0.062697 51.518154", "From Bancroft Road, Bethnal Green to New Road 1 , Whitechapel"
"LINESTRING (-0.028941 51.542118,-0.062697 51.518154", "From Cadogan Close, Victoria Park to New Road 1 , Whitechapel"
"LINESTRING (-0.030556 51.523538,-0.062697 51.518154", "From Southern Grove, Bow to New Road 1 , Whitechapel"
"LINESTRING (-0.032267 51.525501,-0.062697 51.518154", "From Maplin Street, Mile End to New Road 1 , Whitechapel"
"LINESTRING (-0.038775 51.516,-0.062697 51.518154", "From Aston Street, Stepney to New Road 1 , Whitechapel"
"LINESTRING (-0.018703 51.528169,-0.062697 51.518154", "From Bow Church Station, Bow to New Road 1 , Whitechapel"
"LINESTRING (-0.074284 51.539328,-0.062697 51.518154", "From Haggerston Road, Haggerston to New Road 1 , Whitechapel"
"LINESTRING (-0.056667 51.511542,-0.062697 51.518154", "From Watney Street, Shadwell to New Road 1 , Whitechapel"
"LINESTRING (-0.043371 51.518369,-0.062697 51.518154", "From Rectory Square, Stepney to New Road 1 , Whitechapel"
"LINESTRING (-0.09294 51.511553,-0.062697 51.518154", "From Queen Street 1, Bank to New Road 1 , Whitechapel"
"LINESTRING (-0.05438 51.520019,-0.062697 51.518154", "From Ansell House, Stepney to New Road 1 , Whitechapel"
"LINESTRING (-0.059091 51.528692,-0.062697 51.518154", "From Clarkson Street, Bethnal Green to New Road 1 , Whitechapel"
"LINESTRING (-0.047784 51.51328,-0.062697 51.518154", "From Albert Gardens, Stepney to New Road 1 , Whitechapel"
"LINESTRING (-0.113426 51.503919,-0.062697 51.518154", "From Waterloo Station 2, Waterloo to New Road 1 , Whitechapel"
"LINESTRING (-0.06142 51.532091,-0.062697 51.518154", "From Pritchard's Road, Bethnal Green to New Road 1 , Whitechapel"
"LINESTRING (-0.09022 51.491484,-0.062697 51.518154", "From Rodney Road , Walworth to New Road 1 , Whitechapel"
"LINESTRING (-0.075578 51.52127,-0.062697 51.518154", "From Commercial Street, Shoreditch to New Road 1 , Whitechapel"
"LINESTRING (-0.06415 51.51295,-0.062697 51.518154", "From Christian Street, Whitechapel to New Road 1 , Whitechapel"
"LINESTRING (-0.068856 51.521776,-0.062697 51.518154", "From Buxton Street 1, Shoreditch to New Road 1 , Whitechapel"
"LINESTRING (-0.047548 51.528869,-0.062697 51.518154", "From Globe Town Market, Bethnal Green to New Road 1 , Whitechapel"
"LINESTRING (-0.147857 51.477966,-0.153194 51.501352", "From Gas Holders, Battersea Park to Grosvenor Crescent, Belgravia"
"LINESTRING (-0.087587 51.514441,-0.153194 51.501352", "From Bank of England Museum, Bank to Grosvenor Crescent, Belgravia"
"LINESTRING (-0.145211 51.520715,-0.153194 51.501352", "From Portland Place, Marylebone to Grosvenor Crescent, Belgravia"
"LINESTRING (-0.138733 51.496753,-0.153194 51.501352", "From Howick Place, Westminster to Grosvenor Crescent, Belgravia"
"LINESTRING (-0.166221 51.490714,-0.153194 51.501352", "From Chelsea Green, Chelsea to Grosvenor Crescent, Belgravia"
"LINESTRING (-0.138231 51.525542,-0.166304 51.525051", "From Hampstead Road, Euston to Mallory Street, Marylebone"
"LINESTRING (-0.151359 51.522008,-0.166304 51.525051", "From Beaumont Street, Marylebone to Mallory Street, Marylebone"
"LINESTRING (-0.155525 51.516204,-0.166304 51.525051", "From Portman Square, Marylebone to Mallory Street, Marylebone"
"LINESTRING (-0.138072 51.517344,-0.166304 51.525051", "From Wells Street, Fitzrovia to Mallory Street, Marylebone"
"LINESTRING (-0.135777 51.51953,-0.166304 51.525051", "From Charlotte Street, Fitzrovia to Mallory Street, Marylebone"
"LINESTRING (-0.138019 51.524438,-0.166304 51.525051", "From Warren Street Station, Euston to Mallory Street, Marylebone"
"LINESTRING (-0.142943 51.496863,-0.165101 51.493583", "From Allington Street, Victoria to Denyer Street, Knightsbridge"
"LINESTRING (-0.154701 51.520583,-0.165101 51.493583", "From Paddington Street, Marylebone to Denyer Street, Knightsbridge"
"LINESTRING (-0.194116 51.479932,-0.165101 51.493583", "From Fulham Broadway, Walham Green to Denyer Street, Knightsbridge"
"LINESTRING (-0.159237 51.501855,-0.165101 51.493583", "From Seville Street, Knightsbridge to Denyer Street, Knightsbridge"
"LINESTRING (-0.191462 51.501364,-0.165101 51.493583", "From Derry Street, Kensington to Denyer Street, Knightsbridge"
"LINESTRING (-0.161203 51.496886,-0.165101 51.493583", "From Pont Street, Knightsbridge to Denyer Street, Knightsbridge"
"LINESTRING (-0.183834 51.497924,-0.165101 51.493583", "From Gloucester Road (North), Kensington to Denyer Street, Knightsbridge"
"LINESTRING (-0.170703 51.470847,-0.165101 51.493583", "From Simpson Street, Clapham Junction to Denyer Street, Knightsbridge"
"LINESTRING (-0.154701 51.520583,-0.165101 51.493583", "From Paddington Street, Marylebone to Denyer Street, Knightsbridge"
"LINESTRING (-0.141923 51.489856,-0.165101 51.493583", "From Warwick Square, Pimlico to Denyer Street, Knightsbridge"
"LINESTRING (-0.183834 51.497924,-0.165101 51.493583", "From Gloucester Road (North), Kensington to Denyer Street, Knightsbridge"
"LINESTRING (-0.131773 51.506633,-0.165101 51.493583", "From Waterloo Place, St. James's to Denyer Street, Knightsbridge"
"LINESTRING (-0.185273 51.481765,-0.165101 51.493583", "From Hortensia Road, West Brompton to Denyer Street, Knightsbridge"
"LINESTRING (-0.173881 51.494412,-0.165101 51.493583", "From South Kensington Station, South Kensington to Denyer Street, Knightsbridge"
"LINESTRING (-0.173881 51.494412,-0.165101 51.493583", "From South Kensington Station, South Kensington to Denyer Street, Knightsbridge"
"LINESTRING (-0.173757 51.496471,-0.165101 51.493583", "From Exhibition Road Museums 1, South Kensington to Denyer Street, Knightsbridge"
"LINESTRING (-0.161203 51.496886,-0.165101 51.493583", "From Pont Street, Knightsbridge to Denyer Street, Knightsbridge"
"LINESTRING (-0.141923 51.489856,-0.165101 51.493583", "From Warwick Square, Pimlico to Denyer Street, Knightsbridge"
"LINESTRING (-0.161203 51.496886,-0.165101 51.493583", "From Pont Street, Knightsbridge to Denyer Street, Knightsbridge"
"LINESTRING (-0.173881 51.494412,-0.165101 51.493583", "From South Kensington Station, South Kensington to Denyer Street, Knightsbridge"
"LINESTRING (-0.138231 51.525542,-0.151926 51.516814", "From Hampstead Road, Euston to Hinde Street, Marylebone"
"LINESTRING (-0.135777 51.51953,-0.151926 51.516814", "From Charlotte Street, Fitzrovia to Hinde Street, Marylebone"
"LINESTRING (-0.17581 51.517335,-0.151926 51.516814", "From South Wharf Road, Paddington to Hinde Street, Marylebone"
"LINESTRING (-0.179077 51.495592,-0.151926 51.516814", "From Natural History Museum, South Kensington to Hinde Street, Marylebone"
"LINESTRING (-0.174653 51.527294,-0.151926 51.516814", "From St. John's Wood Road, St. John's Wood to Hinde Street, Marylebone"
"LINESTRING (-0.155525 51.516204,-0.151926 51.516814", "From Portman Square, Marylebone to Hinde Street, Marylebone"
"LINESTRING (-0.138019 51.524438,-0.151926 51.516814", "From Warren Street Station, Euston to Hinde Street, Marylebone"
"LINESTRING (-0.154106 51.517703,-0.151926 51.516814", "From George Street, Marylebone to Hinde Street, Marylebone"
"LINESTRING (-0.205535 51.507481,-0.151926 51.516814", "From Lansdowne Road, Ladbroke Grove to Hinde Street, Marylebone"
"LINESTRING (-0.154701 51.520583,-0.151926 51.516814", "From Paddington Street, Marylebone to Hinde Street, Marylebone"
"LINESTRING (-0.10527 51.515809,-0.151926 51.516814", "From Stonecutter Street, Holborn to Hinde Street, Marylebone"
"LINESTRING (-0.15352 51.503117,-0.151926 51.516814", "From Hyde Park Corner, Hyde Park to Hinde Street, Marylebone"
"LINESTRING (-0.158264 51.514577,-0.151926 51.516814", "From Old Quebec Street, Marylebone to Hinde Street, Marylebone"
"LINESTRING (-0.163667 51.520331,-0.151926 51.516814", "From Seymour Place, Marylebone to Hinde Street, Marylebone"
"LINESTRING (-0.137043 51.511897,-0.151926 51.516814", "From Golden Square, Soho to Hinde Street, Marylebone"
"LINESTRING (-0.167515 51.530529,-0.151926 51.516814", "From St. John's Wood Church, The Regent's Park to Hinde Street, Marylebone"
"LINESTRING (-0.128279 51.5293,-0.151926 51.516814", "From Ossulston Street, Somers Town to Hinde Street, Marylebone"
"LINESTRING (-0.17977 51.51348,-0.151926 51.516814", "From Devonshire Terrace, Bayswater to Hinde Street, Marylebone"
"LINESTRING (-0.161113 51.522596,-0.151926 51.516814", "From Dorset Square, Marylebone to Hinde Street, Marylebone"
"LINESTRING (-0.141327 51.520253,-0.151926 51.516814", "From Great Titchfield Street, Fitzrovia to Hinde Street, Marylebone"
"LINESTRING (-0.183486 51.529857,-0.151926 51.516814", "From Maida Vale, Maida Vale to Hinde Street, Marylebone"
"LINESTRING (-0.144466 51.528302,-0.151926 51.516814", "From Albany Street, The Regent's Park to Hinde Street, Marylebone"
"LINESTRING (-0.138853 51.541603,-0.151926 51.516814", "From Bonny Street, Camden Town to Hinde Street, Marylebone"
"LINESTRING (-0.142943 51.496863,-0.151926 51.516814", "From Allington Street, Victoria to Hinde Street, Marylebone"
"LINESTRING (-0.147203 51.515308,-0.151926 51.516814", "From Chapel Place, Marylebone to Hinde Street, Marylebone"
"LINESTRING (-0.10997 51.529163,-0.151926 51.516814", "From River Street , Clerkenwell to Hinde Street, Marylebone"
"LINESTRING (-0.09885 51.515418,-0.151926 51.516814", "From Newgate Street , St. Paul's to Hinde Street, Marylebone"
"LINESTRING (-0.168917 51.497056,-0.151926 51.516814", "From Holy Trinity Brompton, Knightsbridge to Hinde Street, Marylebone"
"LINESTRING (-0.188098 51.517919,-0.151926 51.516814", "From Gloucester Terrace, Bayswater to Hinde Street, Marylebone"
"LINESTRING (-0.071881 51.534776,-0.151926 51.516814", "From Thurtle Road, Haggerston to Hinde Street, Marylebone"
"LINESTRING (-0.099994 51.522853,-0.151926 51.516814", "From Berry Street, Clerkenwell to Hinde Street, Marylebone"
"LINESTRING (-0.174411 51.511933,-0.151926 51.516814", "From Bayswater Road, Hyde Park to Hinde Street, Marylebone"
"LINESTRING (-0.16862 51.53256,-0.151926 51.516814", "From Greenberry Street, St.John's Wood to Hinde Street, Marylebone"
"LINESTRING (-0.17581 51.517335,-0.151926 51.516814", "From South Wharf Road, Paddington to Hinde Street, Marylebone"
"LINESTRING (-0.145246 51.539957,-0.151926 51.516814", "From Arlington Road, Camden Town to Hinde Street, Marylebone"
"LINESTRING (-0.149569 51.50274,-0.151926 51.516814", "From Wellington Arch, Hyde Park to Hinde Street, Marylebone"
"LINESTRING (-0.157183 51.52026,-0.151926 51.516814", "From Crawford Street, Marylebone to Hinde Street, Marylebone"
"LINESTRING (-0.14326 51.541007,-0.151926 51.516814", "From Hawley Crescent, Camden Town to Hinde Street, Marylebone"
"LINESTRING (-0.174653 51.527294,-0.151926 51.516814", "From St. John's Wood Road, St. John's Wood to Hinde Street, Marylebone"
"LINESTRING (-0.09885 51.515418,-0.151926 51.516814", "From Newgate Street , St. Paul's to Hinde Street, Marylebone"
"LINESTRING (-0.171103 51.518268,-0.151926 51.516814", "From St Mary's Hospital, Paddington to Hinde Street, Marylebone"
"LINESTRING (-0.144228 51.518117,-0.151926 51.516814", "From Broadcasting House, Marylebone to Hinde Street, Marylebone"
"LINESTRING (-0.175116 51.523353,-0.151926 51.516814", "From Frampton Street, Paddington to Hinde Street, Marylebone"
"LINESTRING (-0.13011 51.513527,-0.151926 51.516814", "From Moor Street, Soho to Hinde Street, Marylebone"
"LINESTRING (-0.156166 51.518913,-0.151926 51.516814", "From Baker Street, Marylebone to Hinde Street, Marylebone"
"LINESTRING (-0.174411 51.511933,-0.151926 51.516814", "From Bayswater Road, Hyde Park to Hinde Street, Marylebone"
"LINESTRING (-0.147203 51.515308,-0.151926 51.516814", "From Chapel Place, Marylebone to Hinde Street, Marylebone"
"LINESTRING (-0.164393 51.516517,-0.151926 51.516814", "From Nutford Place, Marylebone to Hinde Street, Marylebone"
"LINESTRING (-0.136052 51.527326,-0.151926 51.516814", "From Drummond Street , Euston to Hinde Street, Marylebone"
"LINESTRING (-0.211358 51.510101,-0.151926 51.516814", "From Walmer Road, Avondale to Hinde Street, Marylebone"
"LINESTRING (-0.163609 51.51809,-0.151926 51.516814", "From Shouldham Street, Marylebone to Hinde Street, Marylebone"
"LINESTRING (-0.191496 51.503157,-0.158105 51.494645", "From Kensington Church Street, Kensington to Cadogan Place, Knightsbridge"
"LINESTRING (-0.150817 51.505426,-0.158105 51.494645", "From Park Lane, Mayfair to Cadogan Place, Knightsbridge"
"LINESTRING (-0.178433 51.492479,-0.158105 51.494645", "From Queen's Gate (South), South Kensington to Cadogan Place, Knightsbridge"
"LINESTRING (-0.173881 51.494412,-0.158105 51.494645", "From South Kensington Station, South Kensington to Cadogan Place, Knightsbridge"
"LINESTRING (-0.190393 51.490163,-0.158105 51.494645", "From Bramham Gardens, Earl's Court to Cadogan Place, Knightsbridge"
"LINESTRING (-0.183165 51.474665,-0.158105 51.494645", "From Imperial Wharf Station, Sands End to Cadogan Place, Knightsbridge"
"LINESTRING (-0.159322 51.461343,-0.158105 51.494645", "From Clapham Common North Side, Clapham Common to Cadogan Place, Knightsbridge"
"LINESTRING (-0.173881 51.494412,-0.158105 51.494645", "From South Kensington Station, South Kensington to Cadogan Place, Knightsbridge"
"LINESTRING (-0.145904 51.507069,-0.158105 51.494645", "From Curzon Street, Mayfair to Cadogan Place, Knightsbridge"
"LINESTRING (-0.174971 51.485121,-0.158105 51.494645", "From The Vale, Chelsea to Cadogan Place, Knightsbridge"
"LINESTRING (-0.138089 51.484839,-0.158105 51.494645", "From Claverton Street, Pimlico to Cadogan Place, Knightsbridge"
"LINESTRING (-0.154106 51.517703,-0.158105 51.494645", "From George Street, Marylebone to Cadogan Place, Knightsbridge"
"LINESTRING (-0.13011 51.513527,-0.158105 51.494645", "From Moor Street, Soho to Cadogan Place, Knightsbridge"
"LINESTRING (-0.179135 51.516417,-0.158105 51.494645", "From Eastbourne Mews, Paddington to Cadogan Place, Knightsbridge"
"LINESTRING (-0.10988 51.49775,-0.158105 51.494645", "From King Edward Walk, Waterloo to Cadogan Place, Knightsbridge"
"LINESTRING (-0.155442 51.474376,-0.158105 51.494645", "From Austin Road, Battersea Park to Cadogan Place, Knightsbridge"
"LINESTRING (-0.193502 51.467064,-0.158105 51.494645", "From South Park, Sands End to Cadogan Place, Knightsbridge"
"LINESTRING (-0.149004 51.485821,-0.158105 51.494645", "From Chelsea Bridge, Pimlico to Cadogan Place, Knightsbridge"
"LINESTRING (-0.18119 51.485587,-0.158105 51.494645", "From Limerston Street, West Chelsea to Cadogan Place, Knightsbridge"
"LINESTRING (-0.132328 51.515631,-0.158105 51.494645", "From Soho Square , Soho to Cadogan Place, Knightsbridge"
"LINESTRING (-0.155757 51.51013,-0.158105 51.494645", "From Upper Grosvenor Street, Mayfair to Cadogan Place, Knightsbridge"
"LINESTRING (-0.193502 51.467064,-0.158105 51.494645", "From South Park, Sands End to Cadogan Place, Knightsbridge"
"LINESTRING (-0.19701 51.473763,-0.158105 51.494645", "From Irene Road, Parsons Green to Cadogan Place, Knightsbridge"
"LINESTRING (-0.149551 51.477619,-0.158105 51.494645", "From Queen's Circus, Battersea Park to Cadogan Place, Knightsbridge"
"LINESTRING (-0.142207 51.485357,-0.158105 51.494645", "From Grosvenor Road, Pimlico to Cadogan Place, Knightsbridge"
"LINESTRING (-0.154701 51.520583,-0.158105 51.494645", "From Paddington Street, Marylebone to Cadogan Place, Knightsbridge"
"LINESTRING (-0.179038 51.479573,-0.158105 51.494645", "From Lots Road, West Chelsea to Cadogan Place, Knightsbridge"
"LINESTRING (-0.18119 51.485587,-0.158105 51.494645", "From Limerston Street, West Chelsea to Cadogan Place, Knightsbridge"
"LINESTRING (-0.179668 51.511654,-0.158105 51.494645", "From Lancaster Gate , Bayswater to Cadogan Place, Knightsbridge"
"LINESTRING (-0.193254 51.476259,-0.158105 51.494645", "From Eel Brook Common, Walham Green to Cadogan Place, Knightsbridge"
"LINESTRING (-0.151926 51.516814,-0.158105 51.494645", "From Hinde Street, Marylebone to Cadogan Place, Knightsbridge"
"LINESTRING (-0.149569 51.50274,-0.158105 51.494645", "From Wellington Arch, Hyde Park to Cadogan Place, Knightsbridge"
"LINESTRING (-0.097122 51.529423,-0.158105 51.494645", "From Macclesfield Rd, St Lukes to Cadogan Place, Knightsbridge"
"LINESTRING (-0.145827 51.507326,-0.158105 51.494645", "From Clarges Street, Mayfair to Cadogan Place, Knightsbridge"
"LINESTRING (-0.187278 51.475142,-0.158105 51.494645", "From Imperial Road, Sands End to Cadogan Place, Knightsbridge"
"LINESTRING (-0.194757 51.493343,-0.199004 51.506584", "From Nevern Place, Earl's Court to Campden Hill Road, Notting Hill"
"LINESTRING (-0.202608 51.51632,-0.199004 51.506584", "From All Saints Church, Portobello to Campden Hill Road, Notting Hill"
"LINESTRING (-0.174411 51.511933,-0.149569 51.50274", "From Bayswater Road, Hyde Park to Wellington Arch, Hyde Park"
"LINESTRING (-0.107349 51.511891,-0.149569 51.50274", "From Tallis Street, Temple to Wellington Arch, Hyde Park"
"LINESTRING (-0.132102 51.472918,-0.149569 51.50274", "From Courland Grove, Wandsworth Road to Wellington Arch, Hyde Park"
"LINESTRING (-0.09022 51.491484,-0.149569 51.50274", "From Rodney Road , Walworth to Wellington Arch, Hyde Park"
"LINESTRING (-0.116542 51.504636,-0.149569 51.50274", "From Jubilee Gardens, South Bank to Wellington Arch, Hyde Park"
"LINESTRING (-0.08497 51.50964,-0.149569 51.50274", "From Monument Street, Monument to Wellington Arch, Hyde Park"
"LINESTRING (-0.111435 51.48894,-0.149569 51.50274", "From Kennington Cross, Kennington to Wellington Arch, Hyde Park"
"LINESTRING (-0.077178 51.514449,-0.149569 51.50274", "From Houndsditch, Aldgate to Wellington Arch, Hyde Park"
"LINESTRING (-0.13214 51.519572,-0.149569 51.50274", "From Store Street, Bloomsbury to Wellington Arch, Hyde Park"
"LINESTRING (-0.09294 51.511553,-0.149569 51.50274", "From Queen Street 1, Bank to Wellington Arch, Hyde Park"
"LINESTRING (-0.09294 51.511553,-0.149569 51.50274", "From Queen Street 1, Bank to Wellington Arch, Hyde Park"
"LINESTRING (-0.124469 51.485917,-0.149569 51.50274", "From Vauxhall Cross, Vauxhall to Wellington Arch, Hyde Park"
"LINESTRING (-0.116542 51.504636,-0.149569 51.50274", "From Jubilee Gardens, South Bank to Wellington Arch, Hyde Park"
"LINESTRING (-0.116542 51.504636,-0.149569 51.50274", "From Jubilee Gardens, South Bank to Wellington Arch, Hyde Park"
"LINESTRING (-0.09294 51.511553,-0.149569 51.50274", "From Queen Street 1, Bank to Wellington Arch, Hyde Park"
"LINESTRING (-0.117619 51.509943,-0.149569 51.50274", "From Somerset House, Strand to Wellington Arch, Hyde Park"
"LINESTRING (-0.190393 51.490163,-0.149569 51.50274", "From Bramham Gardens, Earl's Court to Wellington Arch, Hyde Park"
"LINESTRING (-0.135478 51.495827,-0.149569 51.50274", "From Rochester Row, Westminster to Wellington Arch, Hyde Park"
"LINESTRING (-0.18119 51.485587,-0.149569 51.50274", "From Limerston Street, West Chelsea to Wellington Arch, Hyde Park"
"LINESTRING (-0.219346 51.482944,-0.149569 51.50274", "From Crabtree Lane, Fulham to Wellington Arch, Hyde Park"
"LINESTRING (-0.125972 51.49764,-0.149569 51.50274", "From Abingdon Green, Westminster to Wellington Arch, Hyde Park"
"LINESTRING (-0.110699 51.501444,-0.149569 51.50274", "From Baylis Road, Waterloo to Wellington Arch, Hyde Park"
"LINESTRING (-0.205535 51.507481,-0.149569 51.50274", "From Lansdowne Road, Ladbroke Grove to Wellington Arch, Hyde Park"
"LINESTRING (-0.190393 51.490163,-0.149569 51.50274", "From Bramham Gardens, Earl's Court to Wellington Arch, Hyde Park"
"LINESTRING (-0.108322 51.510981,-0.149569 51.50274", "From Temple Gardens, Temple to Wellington Arch, Hyde Park"
"LINESTRING (-0.224103 51.509158,-0.149569 51.50274", "From Westfield Ariel Way, White City to Wellington Arch, Hyde Park"
"LINESTRING (-0.116628 51.500089,-0.149569 51.50274", "From Lambeth Palace Road, Waterloo to Wellington Arch, Hyde Park"
"LINESTRING (-0.116542 51.504636,-0.149569 51.50274", "From Jubilee Gardens, South Bank to Wellington Arch, Hyde Park"
"LINESTRING (-0.162298 51.522511,-0.149569 51.50274", "From Boston Place, Marylebone to Wellington Arch, Hyde Park"
"LINESTRING (-0.131961 51.508446,-0.149569 51.50274", "From Charles II Street, West End to Wellington Arch, Hyde Park"
"LINESTRING (-0.116542 51.504636,-0.149569 51.50274", "From Jubilee Gardens, South Bank to Wellington Arch, Hyde Park"
"LINESTRING (-0.110889 51.495718,-0.149569 51.50274", "From Kennington Road  , Vauxhall to Wellington Arch, Hyde Park"
"LINESTRING (-0.134621 51.507424,-0.149569 51.50274", "From St. James's Square, St. James's to Wellington Arch, Hyde Park"
"LINESTRING (-0.127554 51.493978,-0.149569 51.50274", "From Page Street, Westminster to Wellington Arch, Hyde Park"
"LINESTRING (-0.13544 51.497829,-0.149569 51.50274", "From Butler Place, Westminster to Wellington Arch, Hyde Park"
"LINESTRING (-0.213872 51.51687,-0.149569 51.50274", "From St. Mark's Road, North Kensington to Wellington Arch, Hyde Park"
"LINESTRING (-0.223852 51.483732,-0.149569 51.50274", "From Rainville Road, Hammersmith to Wellington Arch, Hyde Park"
"LINESTRING (-0.116542 51.504636,-0.149569 51.50274", "From Jubilee Gardens, South Bank to Wellington Arch, Hyde Park"
"LINESTRING (-0.107349 51.511891,-0.149569 51.50274", "From Tallis Street, Temple to Wellington Arch, Hyde Park"
"LINESTRING (-0.114934 51.49288,-0.149569 51.50274", "From Lollard Street, Vauxhall to Wellington Arch, Hyde Park"
"LINESTRING (-0.116542 51.504636,-0.149569 51.50274", "From Jubilee Gardens, South Bank to Wellington Arch, Hyde Park"
"LINESTRING (-0.111435 51.48894,-0.149569 51.50274", "From Kennington Cross, Kennington to Wellington Arch, Hyde Park"
"LINESTRING (-0.179592 51.525575,-0.149569 51.50274", "From Clifton Road, Maida Vale to Wellington Arch, Hyde Park"
"LINESTRING (-0.09022 51.491484,-0.149569 51.50274", "From Rodney Road , Walworth to Wellington Arch, Hyde Park"
"LINESTRING (-0.174411 51.511933,-0.149569 51.50274", "From Bayswater Road, Hyde Park to Wellington Arch, Hyde Park"
"LINESTRING (-0.116542 51.504636,-0.149569 51.50274", "From Jubilee Gardens, South Bank to Wellington Arch, Hyde Park"
"LINESTRING (-0.096317 51.526008,-0.149569 51.50274", "From Finsbury Leisure Centre, St. Luke's to Wellington Arch, Hyde Park"
"LINESTRING (-0.09294 51.511553,-0.149569 51.50274", "From Queen Street 1, Bank to Wellington Arch, Hyde Park"
"LINESTRING (-0.174411 51.511933,-0.149569 51.50274", "From Bayswater Road, Hyde Park to Wellington Arch, Hyde Park"
"LINESTRING (-0.126021 51.508103,-0.149569 51.50274", "From Craven Street, Strand to Wellington Arch, Hyde Park"
"LINESTRING (-0.17306 51.505014,-0.149569 51.50274", "From Serpentine Car Park, Hyde Park to Wellington Arch, Hyde Park"
"LINESTRING (-0.14296 51.497998,-0.149569 51.50274", "From Warwick Row, Westminster to Wellington Arch, Hyde Park"
"LINESTRING (-0.174347 51.476964,-0.149569 51.50274", "From Battersea Church Road, Battersea to Wellington Arch, Hyde Park"
"LINESTRING (-0.174411 51.511933,-0.149569 51.50274", "From Bayswater Road, Hyde Park to Wellington Arch, Hyde Park"
"LINESTRING (-0.178433 51.492479,-0.149569 51.50274", "From Queen's Gate (South), South Kensington to Wellington Arch, Hyde Park"
"LINESTRING (-0.106 51.496127,-0.149569 51.50274", "From Geraldine Street, Elephant & Castle to Wellington Arch, Hyde Park"
"LINESTRING (-0.116542 51.504636,-0.149569 51.50274", "From Jubilee Gardens, South Bank to Wellington Arch, Hyde Park"
"LINESTRING (-0.123823 51.501513,-0.149569 51.50274", "From Westminster Pier, Westminster to Wellington Arch, Hyde Park"
"LINESTRING (-0.135777 51.51953,-0.130504 51.526838", "From Charlotte Street, Fitzrovia to Endsleigh Gardens, Euston"
"LINESTRING (-0.106323 51.490757,-0.130504 51.526838", "From Cotton Garden Estate, Kennington to Endsleigh Gardens, Euston"
"LINESTRING (-0.153233 51.490959,-0.130504 51.526838", "From Bourne Street, Belgravia to Endsleigh Gardens, Euston"
"LINESTRING (-0.117069 51.53136,-0.130504 51.526838", "From Calshot Street , King's Cross to Endsleigh Gardens, Euston"
"LINESTRING (-0.079249 51.518908,-0.130504 51.526838", "From Brushfield Street, Liverpool Street to Endsleigh Gardens, Euston"
"LINESTRING (-0.111257 51.514274,-0.130504 51.526838", "From Chancery Lane, Holborn to Endsleigh Gardens, Euston"
"LINESTRING (-0.117069 51.53136,-0.130504 51.526838", "From Calshot Street , King's Cross to Endsleigh Gardens, Euston"
"LINESTRING (-0.131213 51.513103,-0.130504 51.526838", "From Frith Street, Soho to Endsleigh Gardens, Euston"
"LINESTRING (-0.123179 51.506543,-0.130504 51.526838", "From Whitehall Place, Strand to Endsleigh Gardens, Euston"
"LINESTRING (-0.087587 51.514441,-0.130504 51.526838", "From Bank of England Museum, Bank to Endsleigh Gardens, Euston"
"LINESTRING (-0.100168 51.530344,-0.130504 51.526838", "From City Road, Angel to Endsleigh Gardens, Euston"
"LINESTRING (-0.087587 51.514441,-0.130504 51.526838", "From Bank of England Museum, Bank to Endsleigh Gardens, Euston"
"LINESTRING (-0.099981 51.532661,-0.130504 51.526838", "From Graham Street, Angel to Endsleigh Gardens, Euston"
"LINESTRING (-0.10044 51.498898,-0.130504 51.526838", "From Borough Road, Elephant & Castle to Endsleigh Gardens, Euston"
"LINESTRING (-0.117069 51.53136,-0.130504 51.526838", "From Calshot Street , King's Cross to Endsleigh Gardens, Euston"
"LINESTRING (-0.074284 51.539328,-0.130504 51.526838", "From Haggerston Road, Haggerston to Endsleigh Gardens, Euston"
"LINESTRING (-0.09294 51.51397,-0.130504 51.526838", "From Cheapside, Bank to Endsleigh Gardens, Euston"
"LINESTRING (-0.124807 51.53724,-0.130504 51.526838", "From Handyside Street, King's Cross to Endsleigh Gardens, Euston"
"LINESTRING (-0.131213 51.513103,-0.130504 51.526838", "From Frith Street, Soho to Endsleigh Gardens, Euston"
"LINESTRING (-0.15352 51.503117,-0.130504 51.526838", "From Hyde Park Corner, Hyde Park to Endsleigh Gardens, Euston"
"LINESTRING (-0.079249 51.518908,-0.130504 51.526838", "From Brushfield Street, Liverpool Street to Endsleigh Gardens, Euston"
"LINESTRING (-0.097122 51.529423,-0.130504 51.526838", "From Macclesfield Rd, St Lukes to Endsleigh Gardens, Euston"
"LINESTRING (-0.089887 51.520858,-0.088285 51.519069", "From Bunhill Row, Moorgate to Moorfields, Moorgate"
"LINESTRING (-0.038986 51.512871,-0.088285 51.519069", "From Flamborough Street, Limehouse to Moorfields, Moorgate"
"LINESTRING (-0.027772 51.505703,-0.088285 51.519069", "From Westferry Circus, Canary Wharf to Moorfields, Moorgate"
"LINESTRING (-0.083067 51.523196,-0.088285 51.519069", "From Clifton Street, Shoreditch to Moorfields, Moorgate"
"LINESTRING (-0.087262 51.506304,-0.088285 51.519069", "From Duke Street Hill, London Bridge to Moorfields, Moorgate"
"LINESTRING (-0.089887 51.520858,-0.088285 51.519069", "From Bunhill Row, Moorgate to Moorfields, Moorgate"
"LINESTRING (-0.06111 51.518675,-0.088285 51.519069", "From Royal London Hospital, Whitechapel to Moorfields, Moorgate"
"LINESTRING (-0.10834 51.52352,-0.088285 51.519069", "From Farringdon Lane, Clerkenwell to Moorfields, Moorgate"
"LINESTRING (-0.116628 51.500089,-0.088285 51.519069", "From Lambeth Palace Road, Waterloo to Moorfields, Moorgate"
"LINESTRING (-0.097122 51.529423,-0.088285 51.519069", "From Macclesfield Rd, St Lukes to Moorfields, Moorgate"
"LINESTRING (-0.09294 51.51397,-0.088285 51.519069", "From Cheapside, Bank to Moorfields, Moorgate"
"LINESTRING (-0.088285 51.519069,-0.088285 51.519069", "From Moorfields, Moorgate to Moorfields, Moorgate"
"LINESTRING (-0.073438 51.51838,-0.088285 51.519069", "From Fashion Street, Whitechapel to Moorfields, Moorgate"
"LINESTRING (-0.021345 51.519265,-0.088285 51.519069", "From Furze Green, Bow to Moorfields, Moorgate"
"LINESTRING (-0.08497 51.50964,-0.088285 51.519069", "From Monument Street, Monument to Moorfields, Moorgate"
"LINESTRING (-0.0801 51.52959,-0.088285 51.519069", "From Hoxton Street, Hoxton to Moorfields, Moorgate"
"LINESTRING (-0.093051 51.511246,-0.088285 51.519069", "From Queen Street 2, Bank to Moorfields, Moorgate"
"LINESTRING (-0.104947 51.516785,-0.088285 51.519069", "From Farringdon Street, Holborn to Moorfields, Moorgate"
"LINESTRING (-0.085814 51.495061,-0.088285 51.519069", "From Bricklayers Arms, Borough to Moorfields, Moorgate"
"LINESTRING (-0.113426 51.503919,-0.088285 51.519069", "From Waterloo Station 2, Waterloo to Moorfields, Moorgate"
"LINESTRING (-0.08497 51.50964,-0.088285 51.519069", "From Monument Street, Monument to Moorfields, Moorgate"
"LINESTRING (-0.123179 51.506543,-0.088285 51.519069", "From Whitehall Place, Strand to Moorfields, Moorgate"
"LINESTRING (-0.113426 51.503919,-0.088285 51.519069", "From Waterloo Station 2, Waterloo to Moorfields, Moorgate"
"LINESTRING (-0.104778 51.504044,-0.088285 51.519069", "From Southwark Station 2, Southwark to Moorfields, Moorgate"
"LINESTRING (-0.077121 51.511594,-0.088285 51.519069", "From Crosswall, Tower to Moorfields, Moorgate"
"LINESTRING (-0.110889 51.495718,-0.088285 51.519069", "From Kennington Road  , Vauxhall to Moorfields, Moorgate"
"LINESTRING (-0.101384 51.49652,-0.088285 51.519069", "From Ontario Street, Elephant & Castle to Moorfields, Moorgate"
"LINESTRING (-0.068856 51.521776,-0.088285 51.519069", "From Buxton Street 1, Shoreditch to Moorfields, Moorgate"
"LINESTRING (-0.057544 51.504749,-0.088285 51.519069", "From Wapping Lane, Wapping to Moorfields, Moorgate"
"LINESTRING (-0.109914 51.531666,-0.088285 51.519069", "From Claremont Square, Angel to Moorfields, Moorgate"
"LINESTRING (-0.089659 51.52548,-0.088285 51.519069", "From Old Street Station, St. Luke's to Moorfields, Moorgate"
"LINESTRING (-0.058826 51.54119,-0.088285 51.519069", "From London Fields, Hackney Central to Moorfields, Moorgate"
"LINESTRING (-0.07962 51.503493,-0.088285 51.519069", "From Tooley Street, Bermondsey to Moorfields, Moorgate"
"LINESTRING (-0.086016 51.53114,-0.088285 51.519069", "From New North Road 2, Hoxton to Moorfields, Moorgate"
"LINESTRING (-0.074754 51.523648,-0.088285 51.519069", "From Bethnal Green Road, Shoreditch to Moorfields, Moorgate"
"LINESTRING (-0.127554 51.493978,-0.088285 51.519069", "From Page Street, Westminster to Moorfields, Moorgate"
"LINESTRING (-0.149551 51.477619,-0.18119 51.490945", "From Queen's Circus, Battersea Park to Old Brompton Road, South Kensington"
"LINESTRING (-0.161765 51.487964,-0.18119 51.490945", "From Ormonde Gate, Chelsea to Old Brompton Road, South Kensington"
"LINESTRING (-0.201968 51.475089,-0.18119 51.490945", "From Parsons Green Station, Parsons Green to Old Brompton Road, South Kensington"
"LINESTRING (-0.205279 51.487244,-0.18119 51.490945", "From Star Road, West Kensington to Old Brompton Road, South Kensington"
"LINESTRING (-0.167919 51.484984,-0.18119 51.490945", "From Phene Street, Chelsea to Old Brompton Road, South Kensington"
"LINESTRING (-0.18119 51.490945,-0.18119 51.490945", "From Old Brompton Road, South Kensington to Old Brompton Road, South Kensington"
"LINESTRING (-0.149569 51.50274,-0.18119 51.490945", "From Wellington Arch, Hyde Park to Old Brompton Road, South Kensington"
"LINESTRING (-0.132845 51.489975,-0.18119 51.490945", "From Rampayne Street, Pimlico to Old Brompton Road, South Kensington"
"LINESTRING (-0.205876 51.475698,-0.18119 51.490945", "From Chesilton Road, Fulham to Old Brompton Road, South Kensington"
"LINESTRING (-0.165101 51.493583,-0.18119 51.490945", "From Denyer Street, Knightsbridge to Old Brompton Road, South Kensington"
"LINESTRING (-0.168917 51.497056,-0.18119 51.490945", "From Holy Trinity Brompton, Knightsbridge to Old Brompton Road, South Kensington"
"LINESTRING (-0.179702 51.499428,-0.18119 51.490945", "From Imperial College, Knightsbridge to Old Brompton Road, South Kensington"
"LINESTRING (-0.236769 51.494223,-0.18119 51.490945", "From Ravenscourt Park Station, Hammersmith to Old Brompton Road, South Kensington"
"LINESTRING (-0.18498 51.501737,-0.18119 51.490945", "From De Vere Gardens, Kensington to Old Brompton Road, South Kensington"
"LINESTRING (-0.167894 51.493184,-0.18119 51.490945", "From Sloane Avenue, Knightsbridge to Old Brompton Road, South Kensington"
"LINESTRING (-0.149551 51.477619,-0.18119 51.490945", "From Queen's Circus, Battersea Park to Old Brompton Road, South Kensington"
"LINESTRING (-0.186753 51.491615,-0.18119 51.490945", "From Collingham Gardens, Earl's Court to Old Brompton Road, South Kensington"
"LINESTRING (-0.191462 51.501364,-0.18119 51.490945", "From Derry Street, Kensington to Old Brompton Road, South Kensington"
"LINESTRING (-0.165471 51.498884,-0.18119 51.490945", "From Montpelier Street, Knightsbridge to Old Brompton Road, South Kensington"
"LINESTRING (-0.20464 51.470131,-0.18119 51.490945", "From Hurlingham Park, Parsons Green to Old Brompton Road, South Kensington"
"LINESTRING (-0.185296 51.495362,-0.18119 51.490945", "From Emperor's Gate, South Kensington to Old Brompton Road, South Kensington"
"LINESTRING (-0.191462 51.501364,-0.18119 51.490945", "From Derry Street, Kensington to Old Brompton Road, South Kensington"
"LINESTRING (-0.20782 51.473471,-0.18119 51.490945", "From Fulham Park Road, Fulham to Old Brompton Road, South Kensington"
"LINESTRING (-0.191462 51.501364,-0.18119 51.490945", "From Derry Street, Kensington to Old Brompton Road, South Kensington"
"LINESTRING (-0.125674 51.491884,-0.18119 51.490945", "From Millbank Tower, Pimlico to Old Brompton Road, South Kensington"
"LINESTRING (-0.179077 51.495592,-0.18119 51.490945", "From Natural History Museum, South Kensington to Old Brompton Road, South Kensington"
"LINESTRING (-0.111471 51.479601,-0.18119 51.490945", "From Cranmer Road, Stockwell to Old Brompton Road, South Kensington"
"LINESTRING (-0.175116 51.523353,-0.18119 51.490945", "From Frampton Street, Paddington to Old Brompton Road, South Kensington"
"LINESTRING (-0.130431 51.52168,-0.18119 51.490945", "From Malet Street, Bloomsbury to Old Brompton Road, South Kensington"
"LINESTRING (-0.18498 51.501737,-0.18119 51.490945", "From De Vere Gardens, Kensington to Old Brompton Road, South Kensington"
"LINESTRING (-0.179077 51.495592,-0.18119 51.490945", "From Natural History Museum, South Kensington to Old Brompton Road, South Kensington"
"LINESTRING (-0.191462 51.501364,-0.18119 51.490945", "From Derry Street, Kensington to Old Brompton Road, South Kensington"
"LINESTRING (-0.164786 51.477292,-0.18119 51.490945", "From Ethelburga Estate, Battersea Park to Old Brompton Road, South Kensington"
"LINESTRING (-0.109025 51.534408,-0.082422 51.516154", "From Cloudesley Road, Angel to Wormwood Street, Liverpool Street"
"LINESTRING (-0.117122 51.490994,-0.082422 51.516154", "From Black Prince Road, Vauxhall to Wormwood Street, Liverpool Street"
"LINESTRING (-0.110699 51.501444,-0.082422 51.516154", "From Baylis Road, Waterloo to Wormwood Street, Liverpool Street"
"LINESTRING (-0.110121 51.488105,-0.082422 51.516154", "From Cleaver Street, Kennington to Wormwood Street, Liverpool Street"
"LINESTRING (-0.116628 51.500089,-0.082422 51.516154", "From Lambeth Palace Road, Waterloo to Wormwood Street, Liverpool Street"
"LINESTRING (-0.116688 51.520596,-0.082422 51.516154", "From Theobald's Road , Holborn to Wormwood Street, Liverpool Street"
"LINESTRING (-0.142943 51.496863,-0.082422 51.516154", "From Allington Street, Victoria to Wormwood Street, Liverpool Street"
"LINESTRING (-0.108028 51.518825,-0.082422 51.516154", "From Hatton Garden, Holborn to Wormwood Street, Liverpool Street"
"LINESTRING (-0.099981 51.532661,-0.082422 51.516154", "From Graham Street, Angel to Wormwood Street, Liverpool Street"
"LINESTRING (-0.069743 51.528222,-0.082422 51.516154", "From Wellington Row, Bethnal Green to Wormwood Street, Liverpool Street"
"LINESTRING (-0.0985 51.51601,-0.082422 51.516154", "From King Edward Street, St Pauls to Wormwood Street, Liverpool Street"
"LINESTRING (-0.094934 51.522954,-0.082422 51.516154", "From Roscoe Street, St. Luke's to Wormwood Street, Liverpool Street"
"LINESTRING (-0.122759 51.487807,-0.082422 51.516154", "From New Spring Gardens Walk, Vauxhall to Wormwood Street, Liverpool Street"
"LINESTRING (-0.140741 51.488057,-0.082422 51.516154", "From Alderney Street, Pimlico to Wormwood Street, Liverpool Street"
"LINESTRING (-0.053558 51.511066,-0.082422 51.516154", "From Sutton Street, Shadwell to Wormwood Street, Liverpool Street"
"LINESTRING (-0.123179 51.506543,-0.082422 51.516154", "From Whitehall Place, Strand to Wormwood Street, Liverpool Street"
"LINESTRING (-0.077178 51.514449,-0.082422 51.516154", "From Houndsditch, Aldgate to Wormwood Street, Liverpool Street"
"LINESTRING (-0.07813 51.526377,-0.082422 51.516154", "From Shoreditch High Street, Shoreditch to Wormwood Street, Liverpool Street"
"LINESTRING (-0.112824 51.503791,-0.082422 51.516154", "From Waterloo Station 3, Waterloo to Wormwood Street, Liverpool Street"
"LINESTRING (-0.109006 51.521661,-0.082422 51.516154", "From Hatton Wall, Holborn to Wormwood Street, Liverpool Street"
"LINESTRING (-0.092921 51.494436,-0.082422 51.516154", "From New Kent Road, The Borough to Wormwood Street, Liverpool Street"
"LINESTRING (-0.098807 51.506725,-0.082422 51.516154", "From Tate Modern, Bankside to Wormwood Street, Liverpool Street"
"LINESTRING (-0.106237 51.507244,-0.082422 51.516154", "From Milroy Walk, South Bank to Wormwood Street, Liverpool Street"
"LINESTRING (-0.107927 51.513821,-0.082422 51.516154", "From Bouverie Street, Temple to Wormwood Street, Liverpool Street"
"LINESTRING (-0.07813 51.526377,-0.082422 51.516154", "From Shoreditch High Street, Shoreditch to Wormwood Street, Liverpool Street"
"LINESTRING (-0.091773 51.504627,-0.082422 51.516154", "From Hop Exchange, The Borough to Wormwood Street, Liverpool Street"
"LINESTRING (-0.063471 51.497995,-0.082422 51.516154", "From Bermondsey Station, Bermondsey to Wormwood Street, Liverpool Street"
"LINESTRING (-0.112824 51.503791,-0.082422 51.516154", "From Waterloo Station 3, Waterloo to Wormwood Street, Liverpool Street"
"LINESTRING (-0.213872 51.51687,-0.082422 51.516154", "From St. Mark's Road, North Kensington to Wormwood Street, Liverpool Street"
"LINESTRING (-0.043371 51.518369,-0.082422 51.516154", "From Rectory Square, Stepney to Wormwood Street, Liverpool Street"
"LINESTRING (-0.079608 51.521668,-0.082422 51.516154", "From Worship Street, Shoreditch to Wormwood Street, Liverpool Street"
"LINESTRING (-0.068161 51.509786,-0.082422 51.516154", "From Dock Street, Wapping to Wormwood Street, Liverpool Street"
"LINESTRING (-0.141327 51.520253,-0.082422 51.516154", "From Great Titchfield Street, Fitzrovia to Wormwood Street, Liverpool Street"
"LINESTRING (-0.097122 51.529423,-0.082422 51.516154", "From Macclesfield Rd, St Lukes to Wormwood Street, Liverpool Street"
"LINESTRING (-0.069542 51.512363,-0.082422 51.516154", "From Leman Street, Aldgate to Wormwood Street, Liverpool Street"
"LINESTRING (-0.103132 51.498744,-0.082422 51.516154", "From LSBU (Borough Road), Elephant & Castle to Wormwood Street, Liverpool Street"
"LINESTRING (-0.127554 51.493978,-0.082422 51.516154", "From Page Street, Westminster to Wormwood Street, Liverpool Street"
"LINESTRING (-0.09308 51.515735,-0.082422 51.516154", "From The Guildhall, Guildhall to Wormwood Street, Liverpool Street"
"LINESTRING (-0.121723 51.510701,-0.082422 51.516154", "From Southampton Street, Strand to Wormwood Street, Liverpool Street"
"LINESTRING (-0.107927 51.513821,-0.082422 51.516154", "From Bouverie Street, Temple to Wormwood Street, Liverpool Street"
"LINESTRING (-0.124469 51.485917,-0.082422 51.516154", "From Vauxhall Cross, Vauxhall to Wormwood Street, Liverpool Street"
"LINESTRING (-0.112824 51.503791,-0.082422 51.516154", "From Waterloo Station 3, Waterloo to Wormwood Street, Liverpool Street"
"LINESTRING (-0.067937 51.51793,-0.082422 51.516154", "From Old Montague Street, Whitechapel to Wormwood Street, Liverpool Street"
"LINESTRING (-0.087262 51.506304,-0.082422 51.516154", "From Duke Street Hill, London Bridge to Wormwood Street, Liverpool Street"
"LINESTRING (-0.112824 51.503791,-0.082422 51.516154", "From Waterloo Station 3, Waterloo to Wormwood Street, Liverpool Street"
"LINESTRING (-0.021345 51.519265,-0.082422 51.516154", "From Furze Green, Bow to Wormwood Street, Liverpool Street"
"LINESTRING (-0.144165 51.510736,-0.082422 51.516154", "From Bruton Street, Mayfair to Wormwood Street, Liverpool Street"
"LINESTRING (-0.055656 51.514222,-0.082422 51.516154", "From Watney Market, Stepney to Wormwood Street, Liverpool Street"
"LINESTRING (-0.116628 51.500089,-0.082422 51.516154", "From Lambeth Palace Road, Waterloo to Wormwood Street, Liverpool Street"
"LINESTRING (-0.114686 51.506133,-0.082422 51.516154", "From Belvedere Road 1, South Bank to Wormwood Street, Liverpool Street"
"LINESTRING (-0.083159 51.500889,-0.082422 51.516154", "From Tyers Gate, Bermondsey to Wormwood Street, Liverpool Street"
"LINESTRING (-0.084439 51.524696,-0.082422 51.516154", "From Leonard Circus , Shoreditch to Wormwood Street, Liverpool Street"
"LINESTRING (-0.113864 51.504027,-0.082422 51.516154", "From Waterloo Station 1, Waterloo to Wormwood Street, Liverpool Street"
"LINESTRING (-0.10454 51.505461,-0.082422 51.516154", "From Blackfriars Road, Southwark to Wormwood Street, Liverpool Street"
"LINESTRING (-0.065076 51.52388,-0.082422 51.516154", "From Cheshire Street, Bethnal Green to Wormwood Street, Liverpool Street"
"LINESTRING (-0.113864 51.504027,-0.082422 51.516154", "From Waterloo Station 1, Waterloo to Wormwood Street, Liverpool Street"
"LINESTRING (-0.084439 51.524696,-0.082422 51.516154", "From Leonard Circus , Shoreditch to Wormwood Street, Liverpool Street"
"LINESTRING (-0.09022 51.491484,-0.082422 51.516154", "From Rodney Road , Walworth to Wormwood Street, Liverpool Street"
"LINESTRING (-0.138212 51.481335,-0.082422 51.516154", "From Riverlight South, Nine Elms to Wormwood Street, Liverpool Street"
"LINESTRING (-0.123823 51.501513,-0.082422 51.516154", "From Westminster Pier, Westminster to Wormwood Street, Liverpool Street"
"LINESTRING (-0.125972 51.49764,-0.082422 51.516154", "From Abingdon Green, Westminster to Wormwood Street, Liverpool Street"
"LINESTRING (-0.07813 51.526377,-0.082422 51.516154", "From Shoreditch High Street, Shoreditch to Wormwood Street, Liverpool Street"
"LINESTRING (-0.116628 51.500089,-0.082422 51.516154", "From Lambeth Palace Road, Waterloo to Wormwood Street, Liverpool Street"
"LINESTRING (-0.112824 51.503791,-0.082422 51.516154", "From Waterloo Station 3, Waterloo to Wormwood Street, Liverpool Street"
"LINESTRING (-0.06691 51.507131,-0.082422 51.516154", "From Nesham Street, Wapping to Wormwood Street, Liverpool Street"
"LINESTRING (-0.086379 51.534042,-0.082422 51.516154", "From Shoreditch Park, Hoxton to Wormwood Street, Liverpool Street"
"LINESTRING (-0.131961 51.508446,-0.082422 51.516154", "From Charles II Street, West End to Wormwood Street, Liverpool Street"
"LINESTRING (-0.13544 51.497829,-0.082422 51.516154", "From Butler Place, Westminster to Wormwood Street, Liverpool Street"
"LINESTRING (-0.078505 51.53095,-0.082422 51.516154", "From Falkirk Street, Hoxton to Wormwood Street, Liverpool Street"
"LINESTRING (-0.114079 51.522264,-0.082422 51.516154", "From Northington Street , Holborn to Wormwood Street, Liverpool Street"
"LINESTRING (-0.092921 51.494436,-0.082422 51.516154", "From New Kent Road, The Borough to Wormwood Street, Liverpool Street"
"LINESTRING (-0.130699 51.50777,-0.082422 51.516154", "From Pall Mall East, West End to Wormwood Street, Liverpool Street"
"LINESTRING (-0.066078 51.514924,-0.082422 51.516154", "From LMU Commercial Road, Whitechapel to Wormwood Street, Liverpool Street"
"LINESTRING (-0.099141 51.512484,-0.082422 51.516154", "From Godliman Street, St. Paul's to Wormwood Street, Liverpool Street"
"LINESTRING (-0.154701 51.520583,-0.082422 51.516154", "From Paddington Street, Marylebone to Wormwood Street, Liverpool Street"
"LINESTRING (-0.062546 51.535678,-0.082422 51.516154", "From Regent's Row , Haggerston to Wormwood Street, Liverpool Street"
"LINESTRING (-0.116628 51.500089,-0.082422 51.516154", "From Lambeth Palace Road, Waterloo to Wormwood Street, Liverpool Street"
"LINESTRING (-0.112824 51.503791,-0.082422 51.516154", "From Waterloo Station 3, Waterloo to Wormwood Street, Liverpool Street"
"LINESTRING (-0.109006 51.521661,-0.082422 51.516154", "From Hatton Wall, Holborn to Wormwood Street, Liverpool Street"
"LINESTRING (-0.058641 51.515256,-0.082422 51.516154", "From Philpot Street, Whitechapel to Wormwood Street, Liverpool Street"
"LINESTRING (-0.06142 51.532091,-0.082422 51.516154", "From Pritchard's Road, Bethnal Green to Wormwood Street, Liverpool Street"
"LINESTRING (-0.103137 51.506692,-0.082422 51.516154", "From Poured Lines, Bankside to Wormwood Street, Liverpool Street"
"LINESTRING (-0.098031 51.505224,-0.082422 51.516154", "From Lavington Street, Bankside to Wormwood Street, Liverpool Street"
"LINESTRING (-0.139956 51.493573,-0.082422 51.516154", "From Queen Mother Sports Centre, Victoria to Wormwood Street, Liverpool Street"
"LINESTRING (-0.141423 51.514499,-0.082422 51.516154", "From Little Argyll Street, West End to Wormwood Street, Liverpool Street"
"LINESTRING (-0.13544 51.497829,-0.082422 51.516154", "From Butler Place, Westminster to Wormwood Street, Liverpool Street"
"LINESTRING (-0.091773 51.504627,-0.082422 51.516154", "From Hop Exchange, The Borough to Wormwood Street, Liverpool Street"
"LINESTRING (-0.076793 51.513406,-0.082422 51.516154", "From Jewry Street, Aldgate to Wormwood Street, Liverpool Street"
"LINESTRING (-0.124749 51.509462,-0.082422 51.516154", "From William IV Street, Strand to Wormwood Street, Liverpool Street"
"LINESTRING (-0.108322 51.510981,-0.082422 51.516154", "From Temple Gardens, Temple to Wormwood Street, Liverpool Street"
"LINESTRING (-0.142844 51.506613,-0.082422 51.516154", "From Green Park Station, Mayfair to Wormwood Street, Liverpool Street"
"LINESTRING (-0.100292 51.501732,-0.082422 51.516154", "From Great Suffolk Street, The Borough to Wormwood Street, Liverpool Street"
"LINESTRING (-0.163667 51.520331,-0.170194 51.489716", "From Seymour Place, Marylebone to St. Luke's Church, Chelsea"
"LINESTRING (-0.182435 51.478169,-0.170194 51.489716", "From Upcerne Road, West Chelsea to St. Luke's Church, Chelsea"
"LINESTRING (-0.194116 51.479932,-0.170194 51.489716", "From Fulham Broadway, Walham Green to St. Luke's Church, Chelsea"
"LINESTRING (-0.144664 51.538071,-0.170194 51.489716", "From Parkway, Camden Town to St. Luke's Church, Chelsea"
"LINESTRING (-0.185296 51.495362,-0.170194 51.489716", "From Emperor's Gate, South Kensington to St. Luke's Church, Chelsea"
"LINESTRING (-0.179135 51.516417,-0.170194 51.489716", "From Eastbourne Mews, Paddington to St. Luke's Church, Chelsea"
"LINESTRING (-0.16375 51.465064,-0.170194 51.489716", "From Dorothy Road, Clapham Junction to St. Luke's Church, Chelsea"
"LINESTRING (-0.186753 51.491615,-0.170194 51.489716", "From Collingham Gardens, Earl's Court to St. Luke's Church, Chelsea"
"LINESTRING (-0.193487 51.513735,-0.170194 51.489716", "From Hereford Road, Bayswater to St. Luke's Church, Chelsea"
"LINESTRING (-0.222293 51.501594,-0.170194 51.489716", "From Shepherd's Bush Road North, Shepherd's Bush to St. Luke's Church, Chelsea"
"LINESTRING (-0.190393 51.490163,-0.170194 51.489716", "From Bramham Gardens, Earl's Court to St. Luke's Church, Chelsea"
"LINESTRING (-0.18267 51.494185,-0.170194 51.489716", "From Gloucester Road Station, South Kensington to St. Luke's Church, Chelsea"
"LINESTRING (-0.170329 51.477684,-0.170194 51.489716", "From Westbridge Road, Battersea to St. Luke's Church, Chelsea"
"LINESTRING (-0.122831 51.472509,-0.170194 51.489716", "From Binfield Road, Stockwell to St. Luke's Church, Chelsea"
"LINESTRING (-0.168917 51.497056,-0.170194 51.489716", "From Holy Trinity Brompton, Knightsbridge to St. Luke's Church, Chelsea"
"LINESTRING (-0.179369 51.487196,-0.170194 51.489716", "From Drayton Gardens, West Chelsea to St. Luke's Church, Chelsea"
"LINESTRING (-0.198735 51.46067,-0.170194 51.489716", "From Osiers Road, Wandsworth to St. Luke's Church, Chelsea"
"LINESTRING (-0.179135 51.516417,-0.170194 51.489716", "From Eastbourne Mews, Paddington to St. Luke's Church, Chelsea"
"LINESTRING (-0.148059 51.472865,-0.170194 51.489716", "From Silverthorne Road, Battersea to St. Luke's Church, Chelsea"
"LINESTRING (-0.147203 51.515308,-0.170194 51.489716", "From Chapel Place, Marylebone to St. Luke's Church, Chelsea"
"LINESTRING (-0.226606 51.488108,-0.170194 51.489716", "From Crisp Road, Hammersmith to St. Luke's Church, Chelsea"
"LINESTRING (-0.136123 51.482362,-0.170194 51.489716", "From Riverlight North, Nine Elms to St. Luke's Church, Chelsea"
"LINESTRING (-0.167894 51.493184,-0.170194 51.489716", "From Sloane Avenue, Knightsbridge to St. Luke's Church, Chelsea"
"LINESTRING (-0.168917 51.497056,-0.170194 51.489716", "From Holy Trinity Brompton, Knightsbridge to St. Luke's Church, Chelsea"
"LINESTRING (-0.194757 51.493343,-0.170194 51.489716", "From Nevern Place, Earl's Court to St. Luke's Church, Chelsea"
"LINESTRING (-0.182435 51.478169,-0.170194 51.489716", "From Upcerne Road, West Chelsea to St. Luke's Church, Chelsea"
"LINESTRING (-0.174554 51.499917,-0.170194 51.489716", "From Exhibition Road, Knightsbridge to St. Luke's Church, Chelsea"
"LINESTRING (-0.194392 51.501945,-0.170194 51.489716", "From Kensington Town Hall, Kensington to St. Luke's Church, Chelsea"
"LINESTRING (-0.19617 51.490853,-0.170194 51.489716", "From Trebovir Road, Earl's Court to St. Luke's Church, Chelsea"
"LINESTRING (-0.149551 51.477619,-0.170194 51.489716", "From Queen's Circus, Battersea Park to St. Luke's Church, Chelsea"
"LINESTRING (-0.217995 51.487285,-0.170194 51.489716", "From Charing Cross Hospital, Hammersmith to St. Luke's Church, Chelsea"
"LINESTRING (-0.180389 51.46517,-0.170194 51.489716", "From Hibbert Street, Battersea to St. Luke's Church, Chelsea"
"LINESTRING (-0.149551 51.477619,-0.170194 51.489716", "From Queen's Circus, Battersea Park to St. Luke's Church, Chelsea"
"LINESTRING (-0.169821 51.466633,-0.170194 51.489716", "From Falcon Road, Clapham Junction to St. Luke's Church, Chelsea"
"LINESTRING (-0.190393 51.490163,-0.170194 51.489716", "From Bramham Gardens, Earl's Court to St. Luke's Church, Chelsea"
"LINESTRING (-0.178433 51.492479,-0.170194 51.489716", "From Queen's Gate (South), South Kensington to St. Luke's Church, Chelsea"
"LINESTRING (-0.182435 51.478169,-0.170194 51.489716", "From Upcerne Road, West Chelsea to St. Luke's Church, Chelsea"
"LINESTRING (-0.180791 51.46193,-0.170194 51.489716", "From Nantes Close, Wandsworth to St. Luke's Church, Chelsea"
"LINESTRING (-0.228188 51.494499,-0.190393 51.490163", "From Southerton Road, Hammersmith to Bramham Gardens, Earl's Court"
"LINESTRING (-0.134621 51.507424,-0.190393 51.490163", "From St. James's Square, St. James's to Bramham Gardens, Earl's Court"
"LINESTRING (-0.17581 51.517335,-0.190393 51.490163", "From South Wharf Road, Paddington to Bramham Gardens, Earl's Court"
"LINESTRING (-0.138072 51.517344,-0.190393 51.490163", "From Wells Street, Fitzrovia to Bramham Gardens, Earl's Court"
"LINESTRING (-0.142345 51.510662,-0.190393 51.490163", "From Clifford Street, Mayfair to Bramham Gardens, Earl's Court"
"LINESTRING (-0.178433 51.492479,-0.190393 51.490163", "From Queen's Gate (South), South Kensington to Bramham Gardens, Earl's Court"
"LINESTRING (-0.194757 51.493343,-0.190393 51.490163", "From Nevern Place, Earl's Court to Bramham Gardens, Earl's Court"
"LINESTRING (-0.225787 51.514767,-0.190393 51.490163", "From BBC White City, White City to Bramham Gardens, Earl's Court"
"LINESTRING (-0.193068 51.500397,-0.190393 51.490163", "From Wright's Lane, Kensington to Bramham Gardens, Earl's Court"
"LINESTRING (-0.156876 51.49313,-0.190393 51.490163", "From Sedding Street, Sloane Square to Bramham Gardens, Earl's Court"
"LINESTRING (-0.186753 51.491615,-0.190393 51.490163", "From Collingham Gardens, Earl's Court to Bramham Gardens, Earl's Court"
"LINESTRING (-0.142943 51.496863,-0.190393 51.490163", "From Allington Street, Victoria to Bramham Gardens, Earl's Court"
"LINESTRING (-0.198286 51.493724,-0.190393 51.490163", "From West Cromwell Road, Earl's Court to Bramham Gardens, Earl's Court"
"LINESTRING (-0.173757 51.496471,-0.190393 51.490163", "From Exhibition Road Museums 1, South Kensington to Bramham Gardens, Earl's Court"
"LINESTRING (-0.198286 51.493724,-0.190393 51.490163", "From West Cromwell Road, Earl's Court to Bramham Gardens, Earl's Court"
"LINESTRING (-0.190393 51.490163,-0.190393 51.490163", "From Bramham Gardens, Earl's Court to Bramham Gardens, Earl's Court"
"LINESTRING (-0.207842 51.471079,-0.190393 51.490163", "From Elysium Place, Fulham to Bramham Gardens, Earl's Court"
"LINESTRING (-0.179077 51.495592,-0.190393 51.490163", "From Natural History Museum, South Kensington to Bramham Gardens, Earl's Court"
"LINESTRING (-0.201968 51.475089,-0.190393 51.490163", "From Parsons Green Station, Parsons Green to Bramham Gardens, Earl's Court"
"LINESTRING (-0.123823 51.501513,-0.190393 51.490163", "From Westminster Pier, Westminster to Bramham Gardens, Earl's Court"
"LINESTRING (-0.191462 51.501364,-0.190393 51.490163", "From Derry Street, Kensington to Bramham Gardens, Earl's Court"
"LINESTRING (-0.179702 51.499428,-0.190393 51.490163", "From Imperial College, Knightsbridge to Bramham Gardens, Earl's Court"
"LINESTRING (-0.150908 51.47505,-0.190393 51.490163", "From Alfreda Street, Battersea Park to Bramham Gardens, Earl's Court"
"LINESTRING (-0.132224 51.49206,-0.190393 51.490163", "From Regency Street, Westminster to Bramham Gardens, Earl's Court"
"LINESTRING (-0.191462 51.501364,-0.190393 51.490163", "From Derry Street, Kensington to Bramham Gardens, Earl's Court"
"LINESTRING (-0.191462 51.501364,-0.190393 51.490163", "From Derry Street, Kensington to Bramham Gardens, Earl's Court"
"LINESTRING (-0.17524 51.48902,-0.190393 51.490163", "From South Parade, Chelsea to Bramham Gardens, Earl's Court"
"LINESTRING (-0.179369 51.487196,-0.190393 51.490163", "From Drayton Gardens, West Chelsea to Bramham Gardens, Earl's Court"
"LINESTRING (-0.191462 51.501364,-0.190393 51.490163", "From Derry Street, Kensington to Bramham Gardens, Earl's Court"
"LINESTRING (-0.170194 51.489716,-0.190393 51.490163", "From St. Luke's Church, Chelsea to Bramham Gardens, Earl's Court"
"LINESTRING (-0.187427 51.460864,-0.190393 51.490163", "From Wandsworth Town Station, Wandsworth to Bramham Gardens, Earl's Court"
"LINESTRING (-0.173757 51.496471,-0.190393 51.490163", "From Exhibition Road Museums 1, South Kensington to Bramham Gardens, Earl's Court"
"LINESTRING (-0.179369 51.487196,-0.190393 51.490163", "From Drayton Gardens, West Chelsea to Bramham Gardens, Earl's Court"
"LINESTRING (-0.228188 51.494499,-0.190393 51.490163", "From Southerton Road, Hammersmith to Bramham Gardens, Earl's Court"
"LINESTRING (-0.147857 51.477966,-0.190393 51.490163", "From Gas Holders, Battersea Park to Bramham Gardens, Earl's Court"
"LINESTRING (-0.187402 51.51031,-0.190393 51.490163", "From Queensway, Kensington Gardens to Bramham Gardens, Earl's Court"
"LINESTRING (-0.157436 51.512276,-0.190393 51.490163", "From Green Street, Mayfair to Bramham Gardens, Earl's Court"
"LINESTRING (-0.166878 51.488023,-0.166221 51.490714", "From Flood Street, Chelsea to Chelsea Green, Chelsea"
"LINESTRING (-0.161765 51.487964,-0.166221 51.490714", "From Ormonde Gate, Chelsea to Chelsea Green, Chelsea"
"LINESTRING (-0.168917 51.497056,-0.166221 51.490714", "From Holy Trinity Brompton, Knightsbridge to Chelsea Green, Chelsea"
"LINESTRING (-0.200838 51.514311,-0.166221 51.490714", "From Turquoise Island, Notting Hill to Chelsea Green, Chelsea"
"LINESTRING (-0.154106 51.517703,-0.166221 51.490714", "From George Street, Marylebone to Chelsea Green, Chelsea"
"LINESTRING (-0.215804 51.494347,-0.166221 51.490714", "From Brook Green South, Brook Green to Chelsea Green, Chelsea"
"LINESTRING (-0.193254 51.476259,-0.166221 51.490714", "From Eel Brook Common, Walham Green to Chelsea Green, Chelsea"
"LINESTRING (-0.193487 51.513735,-0.166221 51.490714", "From Hereford Road, Bayswater to Chelsea Green, Chelsea"
"LINESTRING (-0.208485 51.478939,-0.166221 51.490714", "From St. Peter's Terrace, Fulham to Chelsea Green, Chelsea"
"LINESTRING (-0.141423 51.514499,-0.166221 51.490714", "From Little Argyll Street, West End to Chelsea Green, Chelsea"
"LINESTRING (-0.174411 51.511933,-0.166221 51.490714", "From Bayswater Road, Hyde Park to Chelsea Green, Chelsea"
"LINESTRING (-0.174971 51.485121,-0.166221 51.490714", "From The Vale, Chelsea to Chelsea Green, Chelsea"
"LINESTRING (-0.180274 51.481805,-0.166221 51.490714", "From World's End Place, West Chelsea to Chelsea Green, Chelsea"
"LINESTRING (-0.114842 51.50621,-0.130458 51.494816", "From Belvedere Road 2, South Bank to Horseferry Road, Westminster"
"LINESTRING (-0.13544 51.497829,-0.130458 51.494816", "From Butler Place, Westminster to Horseferry Road, Westminster"
"LINESTRING (-0.136052 51.527326,-0.130458 51.494816", "From Drummond Street , Euston to Horseferry Road, Westminster"
"LINESTRING (-0.15352 51.503117,-0.130458 51.494816", "From Hyde Park Corner, Hyde Park to Horseferry Road, Westminster"
"LINESTRING (-0.140947 51.49616,-0.130458 51.494816", "From Ashley Place, Victoria to Horseferry Road, Westminster"
"LINESTRING (-0.124826 51.516226,-0.130458 51.494816", "From High Holborn , Covent Garden to Horseferry Road, Westminster"
"LINESTRING (-0.141334 51.492345,-0.130458 51.494816", "From Guildhouse Street, Victoria to Horseferry Road, Westminster"
"LINESTRING (-0.065006 51.508622,-0.130458 51.494816", "From Pennington Street, Wapping to Horseferry Road, Westminster"
"LINESTRING (-0.142943 51.496863,-0.130458 51.494816", "From Allington Street, Victoria to Horseferry Road, Westminster"
"LINESTRING (-0.08497 51.50964,-0.130458 51.494816", "From Monument Street, Monument to Horseferry Road, Westminster"
"LINESTRING (-0.077121 51.511594,-0.130458 51.494816", "From Crosswall, Tower to Horseferry Road, Westminster"
"LINESTRING (-0.08497 51.50964,-0.130458 51.494816", "From Monument Street, Monument to Horseferry Road, Westminster"
"LINESTRING (-0.119643 51.511756,-0.130458 51.494816", "From Wellington Street , Strand to Horseferry Road, Westminster"
"LINESTRING (-0.147478 51.492369,-0.130458 51.494816", "From Elizabeth Bridge, Victoria to Horseferry Road, Westminster"
"LINESTRING (-0.135635 51.488226,-0.130458 51.494816", "From St. George's Square, Pimlico to Horseferry Road, Westminster"
"LINESTRING (-0.139956 51.493573,-0.130458 51.494816", "From Queen Mother Sports Centre, Victoria to Horseferry Road, Westminster"
"LINESTRING (-0.150908 51.47505,-0.130458 51.494816", "From Alfreda Street, Battersea Park to Horseferry Road, Westminster"
"LINESTRING (-0.115781 51.464019,-0.130458 51.494816", "From Ferndale Road, Brixton to Horseferry Road, Westminster"
"LINESTRING (-0.138364 51.492111,-0.130458 51.494816", "From Tachbrook Street, Victoria to Horseferry Road, Westminster"
"LINESTRING (-0.130458 51.494816,-0.130458 51.494816", "From Horseferry Road, Westminster to Horseferry Road, Westminster"
"LINESTRING (-0.168917 51.497056,-0.130458 51.494816", "From Holy Trinity Brompton, Knightsbridge to Horseferry Road, Westminster"
"LINESTRING (-0.144228 51.518117,-0.130458 51.494816", "From Broadcasting House, Marylebone to Horseferry Road, Westminster"
"LINESTRING (-0.074189 51.502279,-0.130458 51.494816", "From Curlew Street, Shad Thames to Horseferry Road, Westminster"
"LINESTRING (-0.134234 51.494591,-0.130458 51.494816", "From Greycoat Street , Westminster to Horseferry Road, Westminster"
"LINESTRING (-0.068161 51.509786,-0.130458 51.494816", "From Dock Street, Wapping to Horseferry Road, Westminster"
"LINESTRING (-0.09294 51.51397,-0.130458 51.494816", "From Cheapside, Bank to Horseferry Road, Westminster"
"LINESTRING (-0.19701 51.473763,-0.130458 51.494816", "From Irene Road, Parsons Green to Horseferry Road, Westminster"
"LINESTRING (-0.205284 51.496712,-0.130458 51.494816", "From Warwick Road, Olympia to Horseferry Road, Westminster"
"LINESTRING (-0.099828 51.493146,-0.130458 51.494816", "From Strata, Elephant & Castle to Horseferry Road, Westminster"
"LINESTRING (-0.178433 51.492479,-0.130458 51.494816", "From Queen's Gate (South), South Kensington to Horseferry Road, Westminster"
"LINESTRING (-0.130458 51.494816,-0.130458 51.494816", "From Horseferry Road, Westminster to Horseferry Road, Westminster"
"LINESTRING (-0.10527 51.515809,-0.130458 51.494816", "From Stonecutter Street, Holborn to Horseferry Road, Westminster"
"LINESTRING (-0.199783 51.472817,-0.155349 51.502757", "From Parson's Green , Parson's Green to Knightsbridge, Hyde Park"
"LINESTRING (-0.082989 51.510484,-0.155349 51.502757", "From Great Tower Street, Monument to Knightsbridge, Hyde Park"
"LINESTRING (-0.151126 51.510919,-0.155349 51.502757", "From Millennium Hotel, Mayfair to Knightsbridge, Hyde Park"
"LINESTRING (-0.173881 51.494412,-0.155349 51.502757", "From South Kensington Station, South Kensington to Knightsbridge, Hyde Park"
"LINESTRING (-0.162418 51.490083,-0.09022 51.491484", "From Royal Avenue 2, Chelsea to Rodney Road , Walworth"
"LINESTRING (-0.129925 51.493072,-0.09022 51.491484", "From Vincent Street, Pimlico to Rodney Road , Walworth"
"LINESTRING (-0.114605 51.495656,-0.09022 51.491484", "From Sail Street, Vauxhall to Rodney Road , Walworth"
"LINESTRING (-0.075459 51.509506,-0.09022 51.491484", "From Tower Gardens , Tower to Rodney Road , Walworth"
"LINESTRING (-0.09644 51.507385,-0.09022 51.491484", "From New Globe Walk, Bankside to Rodney Road , Walworth"
"LINESTRING (-0.112031 51.49914,-0.09022 51.491484", "From Lambeth North Station, Waterloo to Rodney Road , Walworth"
"LINESTRING (-0.115057 51.512582,-0.09022 51.491484", "From Strand, Strand to Rodney Road , Walworth"
"LINESTRING (-0.091773 51.504627,-0.09022 51.491484", "From Hop Exchange, The Borough to Rodney Road , Walworth"
"LINESTRING (-0.115781 51.464019,-0.09022 51.491484", "From Ferndale Road, Brixton to Rodney Road , Walworth"
"LINESTRING (-0.092762 51.500296,-0.09022 51.491484", "From Swan Street, The Borough to Rodney Road , Walworth"
"LINESTRING (-0.09022 51.491484,-0.09022 51.491484", "From Rodney Road , Walworth to Rodney Road , Walworth"
"LINESTRING (-0.09022 51.491484,-0.09022 51.491484", "From Rodney Road , Walworth to Rodney Road , Walworth"
"LINESTRING (-0.08974 51.500823,-0.09022 51.491484", "From Empire Square, The Borough to Rodney Road , Walworth"
"LINESTRING (-0.08974 51.500823,-0.09022 51.491484", "From Empire Square, The Borough to Rodney Road , Walworth"
"LINESTRING (-0.113656 51.505354,-0.09022 51.491484", "From Waterloo Bridge, South Bank to Rodney Road , Walworth"
"LINESTRING (-0.077121 51.511594,-0.09022 51.491484", "From Crosswall, Tower to Rodney Road , Walworth"
"LINESTRING (-0.122492 51.486343,-0.09022 51.491484", "From Kennington Lane Rail Bridge, Vauxhall to Rodney Road , Walworth"
"LINESTRING (-0.101384 51.49652,-0.09022 51.491484", "From Ontario Street, Elephant & Castle to Rodney Road , Walworth"
"LINESTRING (-0.098031 51.505224,-0.09022 51.491484", "From Lavington Street, Bankside to Rodney Road , Walworth"
"LINESTRING (-0.091773 51.504627,-0.09022 51.491484", "From Hop Exchange, The Borough to Rodney Road , Walworth"
"LINESTRING (-0.205535 51.507481,-0.187402 51.51031", "From Lansdowne Road, Ladbroke Grove to Queensway, Kensington Gardens"
"LINESTRING (-0.155525 51.516204,-0.187402 51.51031", "From Portman Square, Marylebone to Queensway, Kensington Gardens"
"LINESTRING (-0.179135 51.516417,-0.187402 51.51031", "From Eastbourne Mews, Paddington to Queensway, Kensington Gardens"
"LINESTRING (-0.158264 51.514577,-0.187402 51.51031", "From Old Quebec Street, Marylebone to Queensway, Kensington Gardens"
"LINESTRING (-0.229116 51.492084,-0.187402 51.51031", "From Bridge Avenue, Hammersmith to Queensway, Kensington Gardens"
"LINESTRING (-0.151926 51.516814,-0.187402 51.51031", "From Hinde Street, Marylebone to Queensway, Kensington Gardens"
"LINESTRING (-0.174554 51.499917,-0.187402 51.51031", "From Exhibition Road, Knightsbridge to Queensway, Kensington Gardens"
"LINESTRING (-0.187402 51.51031,-0.187402 51.51031", "From Queensway, Kensington Gardens to Queensway, Kensington Gardens"
"LINESTRING (-0.174554 51.499917,-0.187402 51.51031", "From Exhibition Road, Knightsbridge to Queensway, Kensington Gardens"
"LINESTRING (-0.201554 51.512136,-0.187402 51.51031", "From Chepstow Villas, Notting Hill to Queensway, Kensington Gardens"
"LINESTRING (-0.174411 51.511933,-0.187402 51.51031", "From Bayswater Road, Hyde Park to Queensway, Kensington Gardens"
"LINESTRING (-0.183486 51.529857,-0.187402 51.51031", "From Maida Vale, Maida Vale to Queensway, Kensington Gardens"
"LINESTRING (-0.187402 51.51031,-0.187402 51.51031", "From Queensway, Kensington Gardens to Queensway, Kensington Gardens"
"LINESTRING (-0.107987 51.517428,-0.187402 51.51031", "From New Fetter Lane, Holborn to Queensway, Kensington Gardens"
"LINESTRING (-0.19024 51.515529,-0.187402 51.51031", "From Westbourne Grove, Bayswater to Queensway, Kensington Gardens"
"LINESTRING (-0.154701 51.520583,-0.187402 51.51031", "From Paddington Street, Marylebone to Queensway, Kensington Gardens"
"LINESTRING (-0.188098 51.517919,-0.187402 51.51031", "From Gloucester Terrace, Bayswater to Queensway, Kensington Gardens"
"LINESTRING (-0.133201 51.512515,-0.187402 51.51031", "From Wardour Street, Soho to Queensway, Kensington Gardens"
"LINESTRING (-0.174554 51.499917,-0.187402 51.51031", "From Exhibition Road, Knightsbridge to Queensway, Kensington Gardens"
"LINESTRING (-0.187402 51.51031,-0.187402 51.51031", "From Queensway, Kensington Gardens to Queensway, Kensington Gardens"
"LINESTRING (-0.179668 51.511654,-0.187402 51.51031", "From Lancaster Gate , Bayswater to Queensway, Kensington Gardens"
"LINESTRING (-0.144165 51.510736,-0.187402 51.51031", "From Bruton Street, Mayfair to Queensway, Kensington Gardens"
"LINESTRING (-0.208486 51.506465,-0.187402 51.51031", "From Princedale Road , Holland Park to Queensway, Kensington Gardens"
"LINESTRING (-0.130431 51.52168,-0.187402 51.51031", "From Malet Street, Bloomsbury to Queensway, Kensington Gardens"
"LINESTRING (-0.160854 51.535892,-0.187402 51.51031", "From Prince Albert Road, The Regent's Park to Queensway, Kensington Gardens"
"LINESTRING (-0.141423 51.514499,-0.187402 51.51031", "From Little Argyll Street, West End to Queensway, Kensington Gardens"
"LINESTRING (-0.18119 51.490945,-0.187402 51.51031", "From Old Brompton Road, South Kensington to Queensway, Kensington Gardens"
"LINESTRING (-0.193487 51.513735,-0.187402 51.51031", "From Hereford Road, Bayswater to Queensway, Kensington Gardens"
"LINESTRING (-0.174411 51.511933,-0.187402 51.51031", "From Bayswater Road, Hyde Park to Queensway, Kensington Gardens"
"LINESTRING (-0.174411 51.511933,-0.187402 51.51031", "From Bayswater Road, Hyde Park to Queensway, Kensington Gardens"
"LINESTRING (-0.17306 51.505014,-0.187402 51.51031", "From Serpentine Car Park, Hyde Park to Queensway, Kensington Gardens"
"LINESTRING (-0.13011 51.513527,-0.187402 51.51031", "From Moor Street, Soho to Queensway, Kensington Gardens"
"LINESTRING (-0.191462 51.501364,-0.187402 51.51031", "From Derry Street, Kensington to Queensway, Kensington Gardens"
"LINESTRING (-0.179668 51.511654,-0.187402 51.51031", "From Lancaster Gate , Bayswater to Queensway, Kensington Gardens"
"LINESTRING (-0.221791 51.49968,-0.187402 51.51031", "From Blythe Road West, Shepherd's Bush to Queensway, Kensington Gardens"
"LINESTRING (-0.173881 51.494412,-0.187402 51.51031", "From South Kensington Station, South Kensington to Queensway, Kensington Gardens"
"LINESTRING (-0.150666 51.506864,-0.187402 51.51031", "From Stanhope Gate, Mayfair to Queensway, Kensington Gardens"
"LINESTRING (-0.208565 51.515108,-0.187402 51.51031", "From Blenheim Crescent, Ladbroke Grove to Queensway, Kensington Gardens"
"LINESTRING (-0.173029 51.464894,-0.187402 51.51031", "From Grant Road East, Clapham Junction to Queensway, Kensington Gardens"
"LINESTRING (-0.156876 51.49313,-0.187402 51.51031", "From Sedding Street, Sloane Square to Queensway, Kensington Gardens"
"LINESTRING (-0.145904 51.507069,-0.187402 51.51031", "From Curzon Street, Mayfair to Queensway, Kensington Gardens"
"LINESTRING (-0.163347 51.474392,-0.187402 51.51031", "From Albert Bridge Road, Battersea Park to Queensway, Kensington Gardens"
"LINESTRING (-0.192538 51.504723,-0.187402 51.51031", "From Vicarage Gate, Kensington to Queensway, Kensington Gardens"
"LINESTRING (-0.196422 51.509353,-0.187402 51.51031", "From Notting Hill Gate Station, Notting Hill to Queensway, Kensington Gardens"
"LINESTRING (-0.150817 51.505426,-0.187402 51.51031", "From Park Lane, Mayfair to Queensway, Kensington Gardens"
"LINESTRING (-0.19024 51.515529,-0.196422 51.509353", "From Westbourne Grove, Bayswater to Notting Hill Gate Station, Notting Hill"
"LINESTRING (-0.200838 51.514311,-0.196422 51.509353", "From Turquoise Island, Notting Hill to Notting Hill Gate Station, Notting Hill"
"LINESTRING (-0.147203 51.515308,-0.196422 51.509353", "From Chapel Place, Marylebone to Notting Hill Gate Station, Notting Hill"
"LINESTRING (-0.208888 51.5212,-0.196422 51.509353", "From Bevington Road West, North Kensington to Notting Hill Gate Station, Notting Hill"
"LINESTRING (-0.156166 51.518913,-0.196422 51.509353", "From Baker Street, Marylebone to Notting Hill Gate Station, Notting Hill"
"LINESTRING (-0.202608 51.51632,-0.196422 51.509353", "From All Saints Church, Portobello to Notting Hill Gate Station, Notting Hill"
"LINESTRING (-0.222293 51.501594,-0.196422 51.509353", "From Shepherd's Bush Road North, Shepherd's Bush to Notting Hill Gate Station, Notting Hill"
"LINESTRING (-0.167029 51.460333,-0.196422 51.509353", "From Abyssinia Close, Clapham Junction to Notting Hill Gate Station, Notting Hill"
"LINESTRING (-0.187402 51.51031,-0.196422 51.509353", "From Queensway, Kensington Gardens to Notting Hill Gate Station, Notting Hill"
"LINESTRING (-0.19096 51.51244,-0.196422 51.509353", "From Ilchester Gardens, Bayswater to Notting Hill Gate Station, Notting Hill"
"LINESTRING (-0.205991 51.501391,-0.196422 51.509353", "From Abbotsbury Road, Holland Park to Notting Hill Gate Station, Notting Hill"
"LINESTRING (-0.202608 51.51632,-0.196422 51.509353", "From All Saints Church, Portobello to Notting Hill Gate Station, Notting Hill"
"LINESTRING (-0.202608 51.51632,-0.196422 51.509353", "From All Saints Church, Portobello to Notting Hill Gate Station, Notting Hill"
"LINESTRING (-0.219486 51.512981,-0.196422 51.509353", "From Freston Road, Avondale to Notting Hill Gate Station, Notting Hill"
"LINESTRING (-0.188098 51.517919,-0.196422 51.509353", "From Gloucester Terrace, Bayswater to Notting Hill Gate Station, Notting Hill"
"LINESTRING (-0.19096 51.51244,-0.196422 51.509353", "From Ilchester Gardens, Bayswater to Notting Hill Gate Station, Notting Hill"
"LINESTRING (-0.202608 51.51632,-0.196422 51.509353", "From All Saints Church, Portobello to Notting Hill Gate Station, Notting Hill"
"LINESTRING (-0.16716 51.47518,-0.196422 51.509353", "From Surrey Lane, Battersea to Notting Hill Gate Station, Notting Hill"
"LINESTRING (-0.141423 51.514499,-0.196422 51.509353", "From Little Argyll Street, West End to Notting Hill Gate Station, Notting Hill"
"LINESTRING (-0.214762 51.5129,-0.196422 51.509353", "From Grenfell Road, Avondale to Notting Hill Gate Station, Notting Hill"
"LINESTRING (-0.201005 51.51787,-0.196422 51.509353", "From Westbourne Park Road, Portobello to Notting Hill Gate Station, Notting Hill"
"LINESTRING (-0.174485 51.469161,-0.196422 51.509353", "From Fawcett Close, Battersea to Notting Hill Gate Station, Notting Hill"
"LINESTRING (-0.191496 51.503157,-0.196422 51.509353", "From Kensington Church Street, Kensington to Notting Hill Gate Station, Notting Hill"
"LINESTRING (-0.201005 51.51787,-0.196422 51.509353", "From Westbourne Park Road, Portobello to Notting Hill Gate Station, Notting Hill"
"LINESTRING (-0.187402 51.51031,-0.196422 51.509353", "From Queensway, Kensington Gardens to Notting Hill Gate Station, Notting Hill"
"LINESTRING (-0.2174 51.504038,-0.196422 51.509353", "From Woodstock Grove, Shepherd's Bush to Notting Hill Gate Station, Notting Hill"
"LINESTRING (-0.141423 51.514499,-0.196422 51.509353", "From Little Argyll Street, West End to Notting Hill Gate Station, Notting Hill"
"LINESTRING (-0.208888 51.5212,-0.196422 51.509353", "From Bevington Road West, North Kensington to Notting Hill Gate Station, Notting Hill"
"LINESTRING (-0.214594 51.510928,-0.196422 51.509353", "From Sirdar Road, Avondale to Notting Hill Gate Station, Notting Hill"
"LINESTRING (-0.201005 51.51787,-0.196422 51.509353", "From Westbourne Park Road, Portobello to Notting Hill Gate Station, Notting Hill"
"LINESTRING (-0.17306 51.505014,-0.196422 51.509353", "From Serpentine Car Park, Hyde Park to Notting Hill Gate Station, Notting Hill"
"LINESTRING (-0.158456 51.502953,-0.196422 51.509353", "From Albert Gate, Hyde Park to Notting Hill Gate Station, Notting Hill"
"LINESTRING (-0.164393 51.516517,-0.196422 51.509353", "From Nutford Place, Marylebone to Notting Hill Gate Station, Notting Hill"
"LINESTRING (-0.201005 51.51787,-0.196422 51.509353", "From Westbourne Park Road, Portobello to Notting Hill Gate Station, Notting Hill"
"LINESTRING (-0.213872 51.51687,-0.196422 51.509353", "From St. Mark's Road, North Kensington to Notting Hill Gate Station, Notting Hill"
"LINESTRING (-0.202608 51.51632,-0.196422 51.509353", "From All Saints Church, Portobello to Notting Hill Gate Station, Notting Hill"
"LINESTRING (-0.208486 51.506465,-0.196422 51.509353", "From Princedale Road , Holland Park to Notting Hill Gate Station, Notting Hill"
"LINESTRING (-0.201005 51.51787,-0.196422 51.509353", "From Westbourne Park Road, Portobello to Notting Hill Gate Station, Notting Hill"
"LINESTRING (-0.175116 51.523353,-0.196422 51.509353", "From Frampton Street, Paddington to Notting Hill Gate Station, Notting Hill"
"LINESTRING (-0.191462 51.501364,-0.196422 51.509353", "From Derry Street, Kensington to Notting Hill Gate Station, Notting Hill"
"LINESTRING (-0.202608 51.51632,-0.196422 51.509353", "From All Saints Church, Portobello to Notting Hill Gate Station, Notting Hill"
"LINESTRING (-0.213872 51.51687,-0.196422 51.509353", "From St. Mark's Road, North Kensington to Notting Hill Gate Station, Notting Hill"
"LINESTRING (-0.183846 51.523344,-0.196422 51.509353", "From Warwick Avenue Station, Maida Vale to Notting Hill Gate Station, Notting Hill"
"LINESTRING (-0.110699 51.501444,-0.131961 51.508446", "From Baylis Road, Waterloo to Charles II Street, West End"
"LINESTRING (-0.183486 51.529857,-0.131961 51.508446", "From Maida Vale, Maida Vale to Charles II Street, West End"
"LINESTRING (-0.161765 51.487964,-0.131961 51.508446", "From Ormonde Gate, Chelsea to Charles II Street, West End"
"LINESTRING (-0.129698 51.500703,-0.131961 51.508446", "From Storey's Gate, Westminster to Charles II Street, West End"
"LINESTRING (-0.115781 51.464019,-0.131961 51.508446", "From Ferndale Road, Brixton to Charles II Street, West End"
"LINESTRING (-0.150481 51.51217,-0.131961 51.508446", "From Grosvenor Square, Mayfair to Charles II Street, West End"
"LINESTRING (-0.110889 51.495718,-0.131961 51.508446", "From Kennington Road  , Vauxhall to Charles II Street, West End"
"LINESTRING (-0.153233 51.490959,-0.131961 51.508446", "From Bourne Street, Belgravia to Charles II Street, West End"
"LINESTRING (-0.099828 51.493146,-0.131961 51.508446", "From Strata, Elephant & Castle to Charles II Street, West End"
"LINESTRING (-0.153645 51.512911,-0.131961 51.508446", "From North Audley Street, Mayfair to Charles II Street, West End"
"LINESTRING (-0.156876 51.49313,-0.131961 51.508446", "From Sedding Street, Sloane Square to Charles II Street, West End"
"LINESTRING (-0.125674 51.491884,-0.131961 51.508446", "From Millbank Tower, Pimlico to Charles II Street, West End"
"LINESTRING (-0.100186 51.505817,-0.131961 51.508446", "From Bankside Mix, Bankside to Charles II Street, West End"
"LINESTRING (-0.208486 51.506465,-0.131961 51.508446", "From Princedale Road , Holland Park to Charles II Street, West End"
"LINESTRING (-0.140741 51.488057,-0.131961 51.508446", "From Alderney Street, Pimlico to Charles II Street, West End"
"LINESTRING (-0.139174 51.533019,-0.131961 51.508446", "From Harrington Square 1, Camden Town to Charles II Street, West End"
"LINESTRING (-0.091773 51.504627,-0.131961 51.508446", "From Hop Exchange, The Borough to Charles II Street, West End"
"LINESTRING (-0.13151 51.509639,-0.131961 51.508446", "From Panton Street, West End to Charles II Street, West End"
"LINESTRING (-0.113864 51.504027,-0.131961 51.508446", "From Waterloo Station 1, Waterloo to Charles II Street, West End"
"LINESTRING (-0.142844 51.506613,-0.131961 51.508446", "From Green Park Station, Mayfair to Charles II Street, West End"
"LINESTRING (-0.145827 51.507326,-0.131961 51.508446", "From Clarges Street, Mayfair to Charles II Street, West End"
"LINESTRING (-0.115781 51.464019,-0.131961 51.508446", "From Ferndale Road, Brixton to Charles II Street, West End"
"LINESTRING (-0.165164 51.514746,-0.131961 51.508446", "From Porchester Place, Paddington to Charles II Street, West End"
"LINESTRING (-0.122492 51.486343,-0.131961 51.508446", "From Kennington Lane Rail Bridge, Vauxhall to Charles II Street, West End"
"LINESTRING (-0.208486 51.506465,-0.131961 51.508446", "From Princedale Road , Holland Park to Charles II Street, West End"
"LINESTRING (-0.122492 51.486343,-0.131961 51.508446", "From Kennington Lane Rail Bridge, Vauxhall to Charles II Street, West End"
"LINESTRING (-0.144664 51.538071,-0.131961 51.508446", "From Parkway, Camden Town to Charles II Street, West End"
"LINESTRING (-0.047784 51.51328,-0.131961 51.508446", "From Albert Gardens, Stepney to Charles II Street, West End"
"LINESTRING (-0.047784 51.51328,-0.131961 51.508446", "From Albert Gardens, Stepney to Charles II Street, West End"
"LINESTRING (-0.141423 51.514499,-0.131961 51.508446", "From Little Argyll Street, West End to Charles II Street, West End"
"LINESTRING (-0.142943 51.496863,-0.131961 51.508446", "From Allington Street, Victoria to Charles II Street, West End"
"LINESTRING (-0.129698 51.500703,-0.131961 51.508446", "From Storey's Gate, Westminster to Charles II Street, West End"
"LINESTRING (-0.147478 51.492369,-0.131961 51.508446", "From Elizabeth Bridge, Victoria to Charles II Street, West End"
"LINESTRING (-0.174971 51.485121,-0.131961 51.508446", "From The Vale, Chelsea to Charles II Street, West End"
"LINESTRING (-0.123823 51.501513,-0.131961 51.508446", "From Westminster Pier, Westminster to Charles II Street, West End"
"LINESTRING (-0.13151 51.509639,-0.131961 51.508446", "From Panton Street, West End to Charles II Street, West End"
"LINESTRING (-0.124469 51.485917,-0.131961 51.508446", "From Vauxhall Cross, Vauxhall to Charles II Street, West End"
"LINESTRING (-0.13151 51.509639,-0.131961 51.508446", "From Panton Street, West End to Charles II Street, West End"
"LINESTRING (-0.129698 51.500703,-0.131961 51.508446", "From Storey's Gate, Westminster to Charles II Street, West End"
"LINESTRING (-0.153645 51.512911,-0.131961 51.508446", "From North Audley Street, Mayfair to Charles II Street, West End"
"LINESTRING (-0.213872 51.51687,-0.131961 51.508446", "From St. Mark's Road, North Kensington to Charles II Street, West End"
"LINESTRING (-0.136928 51.493985,-0.131961 51.508446", "From Vincent Square, Westminster to Charles II Street, West End"
"LINESTRING (-0.123823 51.501513,-0.131961 51.508446", "From Westminster Pier, Westminster to Charles II Street, West End"
"LINESTRING (-0.097122 51.529423,-0.11548 51.528915", "From Macclesfield Rd, St Lukes to Great Percy Street, Clerkenwell"
"LINESTRING (-0.086379 51.534042,-0.11548 51.528915", "From Shoreditch Park, Hoxton to Great Percy Street, Clerkenwell"
"LINESTRING (-0.108028 51.518825,-0.11548 51.528915", "From Hatton Garden, Holborn to Great Percy Street, Clerkenwell"
"LINESTRING (-0.130431 51.52168,-0.11548 51.528915", "From Malet Street, Bloomsbury to Great Percy Street, Clerkenwell"
"LINESTRING (-0.125078 51.534667,-0.11548 51.528915", "From Good's Way, King's Cross to Great Percy Street, Clerkenwell"
"LINESTRING (-0.102757 51.536384,-0.11548 51.528915", "From Islington Green, Angel to Great Percy Street, Clerkenwell"
"LINESTRING (-0.122299 51.530199,-0.11548 51.528915", "From Birkenhead Street, King's Cross to Great Percy Street, Clerkenwell"
"LINESTRING (-0.11548 51.528915,-0.11548 51.528915", "From Great Percy Street, Clerkenwell to Great Percy Street, Clerkenwell"
"LINESTRING (-0.132328 51.515631,-0.11548 51.528915", "From Soho Square , Soho to Great Percy Street, Clerkenwell"
"LINESTRING (-0.151359 51.522008,-0.11548 51.528915", "From Beaumont Street, Marylebone to Great Percy Street, Clerkenwell"
"LINESTRING (-0.086685 51.517075,-0.11548 51.528915", "From Finsbury Circus, Liverpool Street to Great Percy Street, Clerkenwell"
"LINESTRING (-0.124121 51.523418,-0.11548 51.528915", "From Russell Square Station, Bloomsbury to Great Percy Street, Clerkenwell"
"LINESTRING (-0.120202 51.523346,-0.11548 51.528915", "From Guilford Street , Bloomsbury to Great Percy Street, Clerkenwell"
"LINESTRING (-0.138072 51.517344,-0.11548 51.528915", "From Wells Street, Fitzrovia to Great Percy Street, Clerkenwell"
"LINESTRING (-0.125441 51.541596,-0.11548 51.528915", "From York Way, Kings Cross to Great Percy Street, Clerkenwell"
"LINESTRING (-0.102757 51.536384,-0.11548 51.528915", "From Islington Green, Angel to Great Percy Street, Clerkenwell"
"LINESTRING (-0.168074 51.5343,-0.11548 51.528915", "From Charlbert Street, St. John's Wood to Great Percy Street, Clerkenwell"
"LINESTRING (-0.132102 51.472918,-0.134621 51.507424", "From Courland Grove, Wandsworth Road to St. James's Square, St. James's"
"LINESTRING (-0.108068 51.527842,-0.134621 51.507424", "From Hardwick Street, Clerkenwell to St. James's Square, St. James's"
"LINESTRING (-0.128585 51.516118,-0.134621 51.507424", "From Earnshaw Street , Covent Garden to St. James's Square, St. James's"
"LINESTRING (-0.102757 51.536384,-0.134621 51.507424", "From Islington Green, Angel to St. James's Square, St. James's"
"LINESTRING (-0.139221 51.461388,-0.134621 51.507424", "From Clapham Common Station, Clapham Common to St. James's Square, St. James's"
"LINESTRING (-0.180389 51.46517,-0.134621 51.507424", "From Hibbert Street, Battersea to St. James's Square, St. James's"
"LINESTRING (-0.126409 51.524,-0.134621 51.507424", "From Coram Street, Bloomsbury to St. James's Square, St. James's"
"LINESTRING (-0.135777 51.51953,-0.134621 51.507424", "From Charlotte Street, Fitzrovia to St. James's Square, St. James's"
"LINESTRING (-0.140485 51.519181,-0.134621 51.507424", "From Foley Street, Fitzrovia to St. James's Square, St. James's"
"LINESTRING (-0.153645 51.512911,-0.134621 51.507424", "From North Audley Street, Mayfair to St. James's Square, St. James's"
"LINESTRING (-0.15934 51.500241,-0.134621 51.507424", "From Harriet Street, Knightsbridge to St. James's Square, St. James's"
"LINESTRING (-0.117619 51.509943,-0.134621 51.507424", "From Somerset House, Strand to St. James's Square, St. James's"
"LINESTRING (-0.148059 51.472865,-0.134621 51.507424", "From Silverthorne Road, Battersea to St. James's Square, St. James's"
"LINESTRING (-0.135635 51.488226,-0.134621 51.507424", "From St. George's Square, Pimlico to St. James's Square, St. James's"
"LINESTRING (-0.063471 51.497995,-0.134621 51.507424", "From Bermondsey Station, Bermondsey to St. James's Square, St. James's"
"LINESTRING (-0.201968 51.475089,-0.134621 51.507424", "From Parsons Green Station, Parsons Green to St. James's Square, St. James's"
"LINESTRING (-0.208486 51.506465,-0.134621 51.507424", "From Princedale Road , Holland Park to St. James's Square, St. James's"
"LINESTRING (-0.163347 51.474392,-0.134621 51.507424", "From Albert Bridge Road, Battersea Park to St. James's Square, St. James's"
"LINESTRING (-0.157275 51.510017,-0.134621 51.507424", "From Park Lane , Hyde Park to St. James's Square, St. James's"
"LINESTRING (-0.18498 51.501737,-0.134621 51.507424", "From De Vere Gardens, Kensington to St. James's Square, St. James's"
"LINESTRING (-0.136039 51.519914,-0.134621 51.507424", "From Scala Street, Fitzrovia to St. James's Square, St. James's"
"LINESTRING (-0.179369 51.487196,-0.134621 51.507424", "From Drayton Gardens, West Chelsea to St. James's Square, St. James's"
"LINESTRING (-0.113426 51.503919,-0.134621 51.507424", "From Waterloo Station 2, Waterloo to St. James's Square, St. James's"
"LINESTRING (-0.102091 51.500693,-0.134621 51.507424", "From Webber Street , Southwark to St. James's Square, St. James's"
"LINESTRING (-0.158249 51.516892,-0.134621 51.507424", "From George Place Mews, Marylebone to St. James's Square, St. James's"
"LINESTRING (-0.124826 51.516226,-0.134621 51.507424", "From High Holborn , Covent Garden to St. James's Square, St. James's"
"LINESTRING (-0.159237 51.501855,-0.134621 51.507424", "From Seville Street, Knightsbridge to St. James's Square, St. James's"
"LINESTRING (-0.153645 51.512911,-0.134621 51.507424", "From North Audley Street, Mayfair to St. James's Square, St. James's"
"LINESTRING (-0.117619 51.509943,-0.134621 51.507424", "From Somerset House, Strand to St. James's Square, St. James's"
"LINESTRING (-0.191462 51.501364,-0.134621 51.507424", "From Derry Street, Kensington to St. James's Square, St. James's"
"LINESTRING (-0.117619 51.509943,-0.134621 51.507424", "From Somerset House, Strand to St. James's Square, St. James's"
"LINESTRING (-0.102091 51.500693,-0.134621 51.507424", "From Webber Street , Southwark to St. James's Square, St. James's"
"LINESTRING (-0.138019 51.524438,-0.134621 51.507424", "From Warren Street Station, Euston to St. James's Square, St. James's"
"LINESTRING (-0.158264 51.514577,-0.134621 51.507424", "From Old Quebec Street, Marylebone to St. James's Square, St. James's"
"LINESTRING (-0.147714 51.483507,-0.134621 51.507424", "From Battersea Power Station, Battersea Park to St. James's Square, St. James's"
"LINESTRING (-0.153194 51.501352,-0.134621 51.507424", "From Grosvenor Crescent, Belgravia to St. James's Square, St. James's"
"LINESTRING (-0.132224 51.49206,-0.134621 51.507424", "From Regency Street, Westminster to St. James's Square, St. James's"
"LINESTRING (-0.134621 51.507424,-0.134621 51.507424", "From St. James's Square, St. James's to St. James's Square, St. James's"
"LINESTRING (-0.108068 51.527842,-0.134621 51.507424", "From Hardwick Street, Clerkenwell to St. James's Square, St. James's"
"LINESTRING (-0.108068 51.527842,-0.134621 51.507424", "From Hardwick Street, Clerkenwell to St. James's Square, St. James's"
"LINESTRING (-0.179038 51.479573,-0.134621 51.507424", "From Lots Road, West Chelsea to St. James's Square, St. James's"
"LINESTRING (-0.18697 51.51616,-0.134621 51.507424", "From Bishop's Bridge Road West, Bayswater to St. James's Square, St. James's"
"LINESTRING (-0.123616 51.529943,-0.134621 51.507424", "From Belgrove Street , King's Cross to St. James's Square, St. James's"
"LINESTRING (-0.179854 51.501715,-0.134621 51.507424", "From Queen's Gate, Kensington Gardens to St. James's Square, St. James's"
"LINESTRING (-0.103137 51.506692,-0.134621 51.507424", "From Poured Lines, Bankside to St. James's Square, St. James's"
"LINESTRING (-0.170703 51.470847,-0.134621 51.507424", "From Simpson Street, Clapham Junction to St. James's Square, St. James's"
"LINESTRING (-0.102757 51.536384,-0.134621 51.507424", "From Islington Green, Angel to St. James's Square, St. James's"
"LINESTRING (-0.114934 51.49288,-0.134621 51.507424", "From Lollard Street, Vauxhall to St. James's Square, St. James's"
"LINESTRING (-0.06691 51.507131,-0.134621 51.507424", "From Nesham Street, Wapping to St. James's Square, St. James's"
"LINESTRING (-0.124642 51.481747,-0.134621 51.507424", "From South Lambeth Road, Vauxhall to St. James's Square, St. James's"
"LINESTRING (-0.153233 51.490959,-0.134621 51.507424", "From Bourne Street, Belgravia to St. James's Square, St. James's"
"LINESTRING (-0.140485 51.519181,-0.134621 51.507424", "From Foley Street, Fitzrovia to St. James's Square, St. James's"
"LINESTRING (-0.147714 51.483507,-0.134621 51.507424", "From Battersea Power Station, Battersea Park to St. James's Square, St. James's"
"LINESTRING (-0.178433 51.492479,-0.134621 51.507424", "From Queen's Gate (South), South Kensington to St. James's Square, St. James's"
"LINESTRING (-0.135635 51.488226,-0.134621 51.507424", "From St. George's Square, Pimlico to St. James's Square, St. James's"
"LINESTRING (-0.114934 51.49288,-0.134621 51.507424", "From Lollard Street, Vauxhall to St. James's Square, St. James's"
"LINESTRING (-0.130504 51.526838,-0.134621 51.507424", "From Endsleigh Gardens, Euston to St. James's Square, St. James's"
"LINESTRING (-0.117619 51.509943,-0.134621 51.507424", "From Somerset House, Strand to St. James's Square, St. James's"
"LINESTRING (-0.141423 51.514499,-0.134621 51.507424", "From Little Argyll Street, West End to St. James's Square, St. James's"
"LINESTRING (-0.087587 51.514441,-0.134621 51.507424", "From Bank of England Museum, Bank to St. James's Square, St. James's"
"LINESTRING (-0.124469 51.485917,-0.134621 51.507424", "From Vauxhall Cross, Vauxhall to St. James's Square, St. James's"
"LINESTRING (-0.118295 51.52728,-0.134621 51.507424", "From Ampton Street , Clerkenwell to St. James's Square, St. James's"
"LINESTRING (-0.174554 51.499917,-0.134621 51.507424", "From Exhibition Road, Knightsbridge to St. James's Square, St. James's"
"LINESTRING (-0.176267 51.472876,-0.134621 51.507424", "From Vicarage Crescent, Battersea to St. James's Square, St. James's"
"LINESTRING (-0.147478 51.492369,-0.134621 51.507424", "From Elizabeth Bridge, Victoria to St. James's Square, St. James's"
"LINESTRING (-0.199783 51.472817,-0.134621 51.507424", "From Parson's Green , Parson's Green to St. James's Square, St. James's"
"LINESTRING (-0.124642 51.481747,-0.134621 51.507424", "From South Lambeth Road, Vauxhall to St. James's Square, St. James's"
"LINESTRING (-0.093903 51.530991,-0.134621 51.507424", "From Wenlock Road , Hoxton to St. James's Square, St. James's"
"LINESTRING (-0.09885 51.515418,-0.134621 51.507424", "From Newgate Street , St. Paul's to St. James's Square, St. James's"
"LINESTRING (-0.158456 51.502953,-0.134621 51.507424", "From Albert Gate, Hyde Park to St. James's Square, St. James's"
"LINESTRING (-0.14296 51.497998,-0.134621 51.507424", "From Warwick Row, Westminster to St. James's Square, St. James's"
"LINESTRING (-0.124749 51.509462,-0.134621 51.507424", "From William IV Street, Strand to St. James's Square, St. James's"
"LINESTRING (-0.113426 51.503919,-0.134621 51.507424", "From Waterloo Station 2, Waterloo to St. James's Square, St. James's"
"LINESTRING (-0.211316 51.500088,-0.134621 51.507424", "From Russell Gardens, Olympia to St. James's Square, St. James's"
"LINESTRING (-0.112824 51.503791,-0.134621 51.507424", "From Waterloo Station 3, Waterloo to St. James's Square, St. James's"
"LINESTRING (-0.193487 51.513735,-0.134621 51.507424", "From Hereford Road, Bayswater to St. James's Square, St. James's"
"LINESTRING (-0.214749 51.473036,-0.134621 51.507424", "From Bishop's Avenue, Fulham to St. James's Square, St. James's"
"LINESTRING (-0.183289 51.496462,-0.134621 51.507424", "From Gloucester Road (Central), South Kensington to St. James's Square, St. James's"
"LINESTRING (-0.14296 51.497998,-0.134621 51.507424", "From Warwick Row, Westminster to St. James's Square, St. James's"
"LINESTRING (-0.17677 51.530889,-0.134621 51.507424", "From Grove End Road, St. John's Wood to St. James's Square, St. James's"
"LINESTRING (-0.135478 51.495827,-0.134621 51.507424", "From Rochester Row, Westminster to St. James's Square, St. James's"
"LINESTRING (-0.200838 51.514311,-0.134621 51.507424", "From Turquoise Island, Notting Hill to St. James's Square, St. James's"
"LINESTRING (-0.14296 51.497998,-0.134621 51.507424", "From Warwick Row, Westminster to St. James's Square, St. James's"
"LINESTRING (-0.153933 51.494561,-0.134621 51.507424", "From Eaton Square (South), Belgravia to St. James's Square, St. James's"
"LINESTRING (-0.110683 51.484788,-0.134621 51.507424", "From Kennington Road Post Office, Oval to St. James's Square, St. James's"
"LINESTRING (-0.192369 51.491593,-0.134621 51.507424", "From Penywern Road, Earl's Court to St. James's Square, St. James's"
"LINESTRING (-0.06111 51.518675,-0.123179 51.506543", "From Royal London Hospital, Whitechapel to Whitehall Place, Strand"
"LINESTRING (-0.092921 51.494436,-0.123179 51.506543", "From New Kent Road, The Borough to Whitehall Place, Strand"
"LINESTRING (-0.158456 51.502953,-0.123179 51.506543", "From Albert Gate, Hyde Park to Whitehall Place, Strand"
"LINESTRING (-0.082989 51.510484,-0.123179 51.506543", "From Great Tower Street, Monument to Whitehall Place, Strand"
"LINESTRING (-0.109025 51.534408,-0.123179 51.506543", "From Cloudesley Road, Angel to Whitehall Place, Strand"
"LINESTRING (-0.015578 51.52512,-0.123179 51.506543", "From Devons Road, Bow to Whitehall Place, Strand"
"LINESTRING (-0.123179 51.506543,-0.123179 51.506543", "From Whitehall Place, Strand to Whitehall Place, Strand"
"LINESTRING (-0.125674 51.491884,-0.123179 51.506543", "From Millbank Tower, Pimlico to Whitehall Place, Strand"
"LINESTRING (-0.125972 51.49764,-0.123179 51.506543", "From Abingdon Green, Westminster to Whitehall Place, Strand"
"LINESTRING (-0.156876 51.49313,-0.123179 51.506543", "From Sedding Street, Sloane Square to Whitehall Place, Strand"
"LINESTRING (-0.147624 51.49395,-0.123179 51.506543", "From Eccleston Place, Victoria to Whitehall Place, Strand"
"LINESTRING (-0.015578 51.52512,-0.123179 51.506543", "From Devons Road, Bow to Whitehall Place, Strand"
"LINESTRING (-0.147983 51.519167,-0.123179 51.506543", "From New Cavendish Street, Marylebone to Whitehall Place, Strand"
"LINESTRING (-0.107927 51.513821,-0.123179 51.506543", "From Bouverie Street, Temple to Whitehall Place, Strand"
"LINESTRING (-0.15352 51.503117,-0.123179 51.506543", "From Hyde Park Corner, Hyde Park to Whitehall Place, Strand"
"LINESTRING (-0.123616 51.529943,-0.123179 51.506543", "From Belgrove Street , King's Cross to Whitehall Place, Strand"
"LINESTRING (-0.093051 51.511246,-0.123179 51.506543", "From Queen Street 2, Bank to Whitehall Place, Strand"
"LINESTRING (-0.103078 51.511934,-0.123179 51.506543", "From Blackfriars Station, St. Paul's to Whitehall Place, Strand"
"LINESTRING (-0.135025 51.518162,-0.123179 51.506543", "From Rathbone Street, Fitzrovia to Whitehall Place, Strand"
"LINESTRING (-0.025626 51.511811,-0.123179 51.506543", "From Canton Street, Poplar to Whitehall Place, Strand"
"LINESTRING (-0.129925 51.493072,-0.123179 51.506543", "From Vincent Street, Pimlico to Whitehall Place, Strand"
"LINESTRING (-0.105344 51.515059,-0.123179 51.506543", "From St. Bride Street, Holborn to Whitehall Place, Strand"
"LINESTRING (-0.114934 51.49288,-0.123179 51.506543", "From Lollard Street, Vauxhall to Whitehall Place, Strand"
"LINESTRING (-0.15352 51.503117,-0.123179 51.506543", "From Hyde Park Corner, Hyde Park to Whitehall Place, Strand"
"LINESTRING (-0.106823 51.508033,-0.123179 51.506543", "From Sea Containers, South Bank to Whitehall Place, Strand"
"LINESTRING (-0.142943 51.496863,-0.123179 51.506543", "From Allington Street, Victoria to Whitehall Place, Strand"
"LINESTRING (-0.144466 51.528302,-0.123179 51.506543", "From Albany Street, The Regent's Park to Whitehall Place, Strand"
"LINESTRING (-0.093051 51.511246,-0.123179 51.506543", "From Queen Street 2, Bank to Whitehall Place, Strand"
"LINESTRING (-0.082989 51.510484,-0.123179 51.506543", "From Great Tower Street, Monument to Whitehall Place, Strand"
"LINESTRING (-0.055167 51.508447,-0.123179 51.506543", "From Garnet Street, Shadwell to Whitehall Place, Strand"
"LINESTRING (-0.123179 51.506543,-0.123179 51.506543", "From Whitehall Place, Strand to Whitehall Place, Strand"
"LINESTRING (-0.116628 51.500089,-0.123179 51.506543", "From Lambeth Palace Road, Waterloo to Whitehall Place, Strand"
"LINESTRING (-0.069543 51.525645,-0.123179 51.506543", "From Granby Street, Shoreditch to Whitehall Place, Strand"
"LINESTRING (-0.148105 51.514759,-0.123179 51.506543", "From Marylebone Lane, Marylebone to Whitehall Place, Strand"
"LINESTRING (-0.147624 51.49395,-0.123179 51.506543", "From Eccleston Place, Victoria to Whitehall Place, Strand"
"LINESTRING (-0.149569 51.50274,-0.123179 51.506543", "From Wellington Arch, Hyde Park to Whitehall Place, Strand"
"LINESTRING (-0.208485 51.478939,-0.123179 51.506543", "From St. Peter's Terrace, Fulham to Whitehall Place, Strand"
"LINESTRING (-0.119047 51.509631,-0.123179 51.506543", "From Embankment (Savoy), Strand to Whitehall Place, Strand"
"LINESTRING (-0.125674 51.491884,-0.123179 51.506543", "From Millbank Tower, Pimlico to Whitehall Place, Strand"
"LINESTRING (-0.123616 51.529943,-0.123179 51.506543", "From Belgrove Street , King's Cross to Whitehall Place, Strand"
"LINESTRING (-0.082422 51.516154,-0.123179 51.506543", "From Wormwood Street, Liverpool Street to Whitehall Place, Strand"
"LINESTRING (-0.088285 51.519069,-0.123179 51.506543", "From Moorfields, Moorgate to Whitehall Place, Strand"
"LINESTRING (-0.135025 51.518162,-0.123179 51.506543", "From Rathbone Street, Fitzrovia to Whitehall Place, Strand"
"LINESTRING (-0.131773 51.506633,-0.123179 51.506543", "From Waterloo Place, St. James's to Whitehall Place, Strand"
"LINESTRING (-0.066078 51.514924,-0.123179 51.506543", "From LMU Commercial Road, Whitechapel to Whitehall Place, Strand"
"LINESTRING (-0.116625 51.486965,-0.123179 51.506543", "From Vauxhall Street, Vauxhall to Whitehall Place, Strand"
"LINESTRING (-0.139016 51.520994,-0.123179 51.506543", "From Howland Street, Fitzrovia to Whitehall Place, Strand"
"LINESTRING (-0.149569 51.50274,-0.123179 51.506543", "From Wellington Arch, Hyde Park to Whitehall Place, Strand"
"LINESTRING (-0.09294 51.511553,-0.123179 51.506543", "From Queen Street 1, Bank to Whitehall Place, Strand"
"LINESTRING (-0.116191 51.535467,-0.123179 51.506543", "From Carnegie Street, King's Cross to Whitehall Place, Strand"
"LINESTRING (-0.086379 51.534042,-0.123179 51.506543", "From Shoreditch Park, Hoxton to Whitehall Place, Strand"
"LINESTRING (-0.208888 51.5212,-0.123179 51.506543", "From Bevington Road West, North Kensington to Whitehall Place, Strand"
"LINESTRING (-0.057544 51.504749,-0.123179 51.506543", "From Wapping Lane, Wapping to Whitehall Place, Strand"
"LINESTRING (-0.088542 51.527025,-0.123179 51.506543", "From Baldwin Street, St. Luke's to Whitehall Place, Strand"
"LINESTRING (-0.082422 51.516154,-0.123179 51.506543", "From Wormwood Street, Liverpool Street to Whitehall Place, Strand"
"LINESTRING (-0.13214 51.519572,-0.103137 51.506692", "From Store Street, Bloomsbury to Poured Lines, Bankside"
"LINESTRING (-0.087459 51.528673,-0.103137 51.506692", "From East Road, Hoxton to Poured Lines, Bankside"
"LINESTRING (-0.162298 51.522511,-0.103137 51.506692", "From Boston Place, Marylebone to Poured Lines, Bankside"
"LINESTRING (-0.116625 51.486965,-0.103137 51.506692", "From Vauxhall Street, Vauxhall to Poured Lines, Bankside"
"LINESTRING (-0.119643 51.511756,-0.103137 51.506692", "From Wellington Street , Strand to Poured Lines, Bankside"
"LINESTRING (-0.111471 51.479601,-0.103137 51.506692", "From Cranmer Road, Stockwell to Poured Lines, Bankside"
"LINESTRING (-0.063531 51.504719,-0.103137 51.506692", "From Hermitage Court, Wapping to Poured Lines, Bankside"
"LINESTRING (-0.13214 51.519572,-0.103137 51.506692", "From Store Street, Bloomsbury to Poured Lines, Bankside"
"LINESTRING (-0.114605 51.495656,-0.103137 51.506692", "From Sail Street, Vauxhall to Poured Lines, Bankside"
"LINESTRING (-0.131213 51.513103,-0.103137 51.506692", "From Frith Street, Soho to Poured Lines, Bankside"
"LINESTRING (-0.13011 51.513527,-0.103137 51.506692", "From Moor Street, Soho to Poured Lines, Bankside"
"LINESTRING (-0.13011 51.513527,-0.103137 51.506692", "From Moor Street, Soho to Poured Lines, Bankside"
"LINESTRING (-0.065076 51.52388,-0.103137 51.506692", "From Cheshire Street, Bethnal Green to Poured Lines, Bankside"
"LINESTRING (-0.126021 51.508103,-0.103137 51.506692", "From Craven Street, Strand to Poured Lines, Bankside"
"LINESTRING (-0.082422 51.516154,-0.103137 51.506692", "From Wormwood Street, Liverpool Street to Poured Lines, Bankside"
"LINESTRING (-0.115057 51.512582,-0.103137 51.506692", "From Strand, Strand to Poured Lines, Bankside"
"LINESTRING (-0.18377 51.5171,-0.178732 51.493967", "From Bishop's Bridge Road East, Bayswater to Queen's Gate (Central), South Kensington"
"LINESTRING (-0.159237 51.501855,-0.178732 51.493967", "From Seville Street, Knightsbridge to Queen's Gate (Central), South Kensington"
"LINESTRING (-0.180246 51.501026,-0.178732 51.493967", "From Queen's Gate (North), Kensington to Queen's Gate (Central), South Kensington"
"LINESTRING (-0.190393 51.490163,-0.178732 51.493967", "From Bramham Gardens, Earl's Court to Queen's Gate (Central), South Kensington"
"LINESTRING (-0.191933 51.495866,-0.178732 51.493967", "From Lexham Gardens, Kensington to Queen's Gate (Central), South Kensington"
"LINESTRING (-0.178732 51.493967,-0.178732 51.493967", "From Queen's Gate (Central), South Kensington to Queen's Gate (Central), South Kensington"
"LINESTRING (-0.197245 51.497387,-0.178732 51.493967", "From Abingdon Villas, Kensington to Queen's Gate (Central), South Kensington"
"LINESTRING (-0.191803 51.473611,-0.178732 51.493967", "From Sandilands Road, Walham Green to Queen's Gate (Central), South Kensington"
"LINESTRING (-0.159237 51.501855,-0.178732 51.493967", "From Seville Street, Knightsbridge to Queen's Gate (Central), South Kensington"
"LINESTRING (-0.190393 51.490163,-0.178732 51.493967", "From Bramham Gardens, Earl's Court to Queen's Gate (Central), South Kensington"
"LINESTRING (-0.139956 51.493573,-0.178732 51.493967", "From Queen Mother Sports Centre, Victoria to Queen's Gate (Central), South Kensington"
"LINESTRING (-0.214428 51.486062,-0.178732 51.493967", "From Greyhound Road, Hammersmith to Queen's Gate (Central), South Kensington"
"LINESTRING (-0.170983 51.486892,-0.178732 51.493967", "From Manresa Road, Chelsea to Queen's Gate (Central), South Kensington"
"LINESTRING (-0.187842 51.509908,-0.178732 51.493967", "From Black Lion Gate, Kensington Gardens to Queen's Gate (Central), South Kensington"
"LINESTRING (-0.191722 51.461083,-0.178732 51.493967", "From Smugglers Way, Wandsworth to Queen's Gate (Central), South Kensington"
"LINESTRING (-0.196274 51.46904,-0.178732 51.493967", "From Peterborough Road, Sands End to Queen's Gate (Central), South Kensington"
"LINESTRING (-0.18498 51.501737,-0.178732 51.493967", "From De Vere Gardens, Kensington to Queen's Gate (Central), South Kensington"
"LINESTRING (-0.183289 51.496462,-0.178732 51.493967", "From Gloucester Road (Central), South Kensington to Queen's Gate (Central), South Kensington"
"LINESTRING (-0.159237 51.501855,-0.178732 51.493967", "From Seville Street, Knightsbridge to Queen's Gate (Central), South Kensington"
"LINESTRING (-0.193068 51.500397,-0.178732 51.493967", "From Wright's Lane, Kensington to Queen's Gate (Central), South Kensington"
"LINESTRING (-0.188098 51.517919,-0.178732 51.493967", "From Gloucester Terrace, Bayswater to Queen's Gate (Central), South Kensington"
"LINESTRING (-0.193068 51.500397,-0.178732 51.493967", "From Wright's Lane, Kensington to Queen's Gate (Central), South Kensington"
"LINESTRING (-0.156166 51.518913,-0.178732 51.493967", "From Baker Street, Marylebone to Queen's Gate (Central), South Kensington"
"LINESTRING (-0.19617 51.490853,-0.178732 51.493967", "From Trebovir Road, Earl's Court to Queen's Gate (Central), South Kensington"
"LINESTRING (-0.193068 51.500397,-0.178732 51.493967", "From Wright's Lane, Kensington to Queen's Gate (Central), South Kensington"
"LINESTRING (-0.209973 51.481021,-0.178732 51.493967", "From Aintree Street, Fulham to Queen's Gate (Central), South Kensington"
"LINESTRING (-0.193068 51.500397,-0.178732 51.493967", "From Wright's Lane, Kensington to Queen's Gate (Central), South Kensington"
"LINESTRING (-0.178732 51.493967,-0.178732 51.493967", "From Queen's Gate (Central), South Kensington to Queen's Gate (Central), South Kensington"
"LINESTRING (-0.216305 51.483356,-0.178732 51.493967", "From Everington Street, Fulham to Queen's Gate (Central), South Kensington"
"LINESTRING (-0.18377 51.5171,-0.178732 51.493967", "From Bishop's Bridge Road East, Bayswater to Queen's Gate (Central), South Kensington"
"LINESTRING (-0.165101 51.493583,-0.178732 51.493967", "From Denyer Street, Knightsbridge to Queen's Gate (Central), South Kensington"
"LINESTRING (-0.191933 51.495866,-0.178732 51.493967", "From Lexham Gardens, Kensington to Queen's Gate (Central), South Kensington"
"LINESTRING (-0.179369 51.487196,-0.178732 51.493967", "From Drayton Gardens, West Chelsea to Queen's Gate (Central), South Kensington"
"LINESTRING (-0.197574 51.499606,-0.178732 51.493967", "From Phillimore Gardens, Kensington to Queen's Gate (Central), South Kensington"
"LINESTRING (-0.170983 51.486892,-0.178732 51.493967", "From Manresa Road, Chelsea to Queen's Gate (Central), South Kensington"
"LINESTRING (-0.07962 51.503493,-0.112753 51.51501", "From Tooley Street, Bermondsey to Carey Street, Holborn"
"LINESTRING (-0.085814 51.495061,-0.112753 51.51501", "From Bricklayers Arms, Borough to Carey Street, Holborn"
"LINESTRING (-0.104193 51.49605,-0.112753 51.51501", "From Gaywood  Street, Elephant & Castle to Carey Street, Holborn"
"LINESTRING (-0.099141 51.512484,-0.112753 51.51501", "From Godliman Street, St. Paul's to Carey Street, Holborn"
"LINESTRING (-0.075855 51.517475,-0.112753 51.51501", "From Bell Lane, Liverpool Street to Carey Street, Holborn"
"LINESTRING (-0.065076 51.52388,-0.112753 51.51501", "From Cheshire Street, Bethnal Green to Carey Street, Holborn"
"LINESTRING (-0.108068 51.527842,-0.112753 51.51501", "From Hardwick Street, Clerkenwell to Carey Street, Holborn"
"LINESTRING (-0.09294 51.511553,-0.112753 51.51501", "From Queen Street 1, Bank to Carey Street, Holborn"
"LINESTRING (-0.097441 51.511961,-0.130699 51.50777", "From Queen Victoria Street, St. Paul's to Pall Mall East, West End"
"LINESTRING (-0.162298 51.522511,-0.130699 51.50777", "From Boston Place, Marylebone to Pall Mall East, West End"
"LINESTRING (-0.115781 51.464019,-0.130699 51.50777", "From Ferndale Road, Brixton to Pall Mall East, West End"
"LINESTRING (-0.15352 51.503117,-0.130699 51.50777", "From Hyde Park Corner, Hyde Park to Pall Mall East, West End"
"LINESTRING (-0.115781 51.464019,-0.130699 51.50777", "From Ferndale Road, Brixton to Pall Mall East, West End"
"LINESTRING (-0.127575 51.495805,-0.130699 51.50777", "From Smith Square, Westminster to Pall Mall East, West End"
"LINESTRING (-0.082422 51.516154,-0.130699 51.50777", "From Wormwood Street, Liverpool Street to Pall Mall East, West End"
"LINESTRING (-0.082422 51.516154,-0.130699 51.50777", "From Wormwood Street, Liverpool Street to Pall Mall East, West End"
"LINESTRING (-0.129925 51.493072,-0.130699 51.50777", "From Vincent Street, Pimlico to Pall Mall East, West End"
"LINESTRING (-0.14296 51.497998,-0.130699 51.50777", "From Warwick Row, Westminster to Pall Mall East, West End"
"LINESTRING (-0.147478 51.492369,-0.130699 51.50777", "From Elizabeth Bridge, Victoria to Pall Mall East, West End"
"LINESTRING (-0.15352 51.503117,-0.130699 51.50777", "From Hyde Park Corner, Hyde Park to Pall Mall East, West End"
"LINESTRING (-0.125674 51.491884,-0.130699 51.50777", "From Millbank Tower, Pimlico to Pall Mall East, West End"
"LINESTRING (-0.149004 51.485821,-0.130699 51.50777", "From Chelsea Bridge, Pimlico to Pall Mall East, West End"
"LINESTRING (-0.157275 51.510017,-0.130699 51.50777", "From Park Lane , Hyde Park to Pall Mall East, West End"
"LINESTRING (-0.141812 51.469259,-0.130699 51.50777", "From Wandsworth Rd, Isley Court, Wandsworth Road to Pall Mall East, West End"
"LINESTRING (-0.097441 51.511961,-0.130699 51.50777", "From Queen Victoria Street, St. Paul's to Pall Mall East, West End"
"LINESTRING (-0.136052 51.527326,-0.130699 51.50777", "From Drummond Street , Euston to Pall Mall East, West End"
"LINESTRING (-0.200804 51.520509,-0.130699 51.50777", "From The Metropolitan, Portobello to Pall Mall East, West End"
"LINESTRING (-0.147478 51.492369,-0.130699 51.50777", "From Elizabeth Bridge, Victoria to Pall Mall East, West End"
"LINESTRING (-0.157275 51.510017,-0.130699 51.50777", "From Park Lane , Hyde Park to Pall Mall East, West End"
"LINESTRING (-0.09315 51.53356,-0.106992 51.534504", "From Eagle Wharf Road, Hoxton to Liverpool Road (N1 Centre), Angel"
"LINESTRING (-0.153645 51.512911,-0.106992 51.534504", "From North Audley Street, Mayfair to Liverpool Road (N1 Centre), Angel"
"LINESTRING (-0.102757 51.536384,-0.106992 51.534504", "From Islington Green, Angel to Liverpool Road (N1 Centre), Angel"
"LINESTRING (-0.112432 51.526599,-0.106992 51.534504", "From Margery Street, Clerkenwell to Liverpool Road (N1 Centre), Angel"
"LINESTRING (-0.112432 51.526599,-0.106992 51.534504", "From Margery Street, Clerkenwell to Liverpool Road (N1 Centre), Angel"
"LINESTRING (-0.108068 51.527842,-0.106992 51.534504", "From Hardwick Street, Clerkenwell to Liverpool Road (N1 Centre), Angel"
"LINESTRING (-0.09294 51.51397,-0.106992 51.534504", "From Cheapside, Bank to Liverpool Road (N1 Centre), Angel"
"LINESTRING (-0.055312 51.52568,-0.106992 51.534504", "From Bethnal Green Garden, Bethnal Green to Liverpool Road (N1 Centre), Angel"
"LINESTRING (-0.071881 51.534776,-0.106992 51.534504", "From Thurtle Road, Haggerston to Liverpool Road (N1 Centre), Angel"
"LINESTRING (-0.146544 51.468669,-0.106992 51.534504", "From Heath Road, Battersea to Liverpool Road (N1 Centre), Angel"
"LINESTRING (-0.109256 51.526443,-0.106992 51.534504", "From Tysoe Street, Clerkenwell to Liverpool Road (N1 Centre), Angel"
"LINESTRING (-0.073537 51.514233,-0.106992 51.534504", "From Braham Street, Aldgate to Liverpool Road (N1 Centre), Angel"
"LINESTRING (-0.138019 51.524438,-0.106992 51.534504", "From Warren Street Station, Euston to Liverpool Road (N1 Centre), Angel"
"LINESTRING (-0.093903 51.530991,-0.106992 51.534504", "From Wenlock Road , Hoxton to Liverpool Road (N1 Centre), Angel"
"LINESTRING (-0.09315 51.53356,-0.106992 51.534504", "From Eagle Wharf Road, Hoxton to Liverpool Road (N1 Centre), Angel"
"LINESTRING (-0.130504 51.526838,-0.106992 51.534504", "From Endsleigh Gardens, Euston to Liverpool Road (N1 Centre), Angel"
"LINESTRING (-0.089782 51.53089,-0.106992 51.534504", "From Murray Grove , Hoxton to Liverpool Road (N1 Centre), Angel"
"LINESTRING (-0.132328 51.515631,-0.106992 51.534504", "From Soho Square , Soho to Liverpool Road (N1 Centre), Angel"
"LINESTRING (-0.124826 51.516226,-0.106992 51.534504", "From High Holborn , Covent Garden to Liverpool Road (N1 Centre), Angel"
"LINESTRING (-0.09315 51.53356,-0.106992 51.534504", "From Eagle Wharf Road, Hoxton to Liverpool Road (N1 Centre), Angel"
"LINESTRING (-0.099981 51.532661,-0.106992 51.534504", "From Graham Street, Angel to Liverpool Road (N1 Centre), Angel"
"LINESTRING (-0.071881 51.534776,-0.106992 51.534504", "From Thurtle Road, Haggerston to Liverpool Road (N1 Centre), Angel"
"LINESTRING (-0.09315 51.53356,-0.106992 51.534504", "From Eagle Wharf Road, Hoxton to Liverpool Road (N1 Centre), Angel"
"LINESTRING (-0.124807 51.53724,-0.106992 51.534504", "From Handyside Street, King's Cross to Liverpool Road (N1 Centre), Angel"
"LINESTRING (-0.125078 51.534667,-0.106992 51.534504", "From Good's Way, King's Cross to Liverpool Road (N1 Centre), Angel"
"LINESTRING (-0.174653 51.527294,-0.106992 51.534504", "From St. John's Wood Road, St. John's Wood to Liverpool Road (N1 Centre), Angel"
"LINESTRING (-0.100292 51.501732,-0.106992 51.534504", "From Great Suffolk Street, The Borough to Liverpool Road (N1 Centre), Angel"
"LINESTRING (-0.062546 51.535678,-0.106992 51.534504", "From Regent's Row , Haggerston to Liverpool Road (N1 Centre), Angel"
"LINESTRING (-0.117863 51.515208,-0.106992 51.534504", "From Sardinia Street, Holborn to Liverpool Road (N1 Centre), Angel"
"LINESTRING (-0.124807 51.53724,-0.106992 51.534504", "From Handyside Street, King's Cross to Liverpool Road (N1 Centre), Angel"
"LINESTRING (-0.075885 51.536585,-0.106992 51.534504", "From Dunston Road , Haggerston to Liverpool Road (N1 Centre), Angel"
"LINESTRING (-0.138535 51.538792,-0.106992 51.534504", "From St Martins Close, Camden Town to Liverpool Road (N1 Centre), Angel"
"LINESTRING (-0.105312 51.504043,-0.106992 51.534504", "From Southwark Station 1, Southwark to Liverpool Road (N1 Centre), Angel"
"LINESTRING (-0.109025 51.534408,-0.106992 51.534504", "From Cloudesley Road, Angel to Liverpool Road (N1 Centre), Angel"
"LINESTRING (-0.087262 51.506304,-0.106992 51.534504", "From Duke Street Hill, London Bridge to Liverpool Road (N1 Centre), Angel"
"LINESTRING (-0.109025 51.534408,-0.106992 51.534504", "From Cloudesley Road, Angel to Liverpool Road (N1 Centre), Angel"
"LINESTRING (-0.125078 51.534667,-0.106992 51.534504", "From Good's Way, King's Cross to Liverpool Road (N1 Centre), Angel"
"LINESTRING (-0.09315 51.53356,-0.106992 51.534504", "From Eagle Wharf Road, Hoxton to Liverpool Road (N1 Centre), Angel"
"LINESTRING (-0.112721 51.536392,-0.106992 51.534504", "From Charlotte Terrace, Angel to Liverpool Road (N1 Centre), Angel"
"LINESTRING (-0.062546 51.535678,-0.106992 51.534504", "From Regent's Row , Haggerston to Liverpool Road (N1 Centre), Angel"
"LINESTRING (-0.113001 51.50486,-0.106992 51.534504", "From Waterloo Road, South Bank to Liverpool Road (N1 Centre), Angel"
"LINESTRING (-0.097122 51.529423,-0.106992 51.534504", "From Macclesfield Rd, St Lukes to Liverpool Road (N1 Centre), Angel"
"LINESTRING (-0.079608 51.521668,-0.106992 51.534504", "From Worship Street, Shoreditch to Liverpool Road (N1 Centre), Angel"
"LINESTRING (-0.06142 51.532091,-0.110889 51.495718", "From Pritchard's Road, Bethnal Green to Kennington Road  , Vauxhall"
"LINESTRING (-0.087262 51.506304,-0.110889 51.495718", "From Duke Street Hill, London Bridge to Kennington Road  , Vauxhall"
"LINESTRING (-0.124749 51.509462,-0.110889 51.495718", "From William IV Street, Strand to Kennington Road  , Vauxhall"
"LINESTRING (-0.094524 51.500694,-0.110889 51.495718", "From Borough High Street, The Borough to Kennington Road  , Vauxhall"
"LINESTRING (-0.116493 51.477839,-0.110889 51.495718", "From Caldwell Street, Stockwell to Kennington Road  , Vauxhall"
"LINESTRING (-0.110699 51.501444,-0.110889 51.495718", "From Baylis Road, Waterloo to Kennington Road  , Vauxhall"
"LINESTRING (-0.07962 51.503493,-0.110889 51.495718", "From Tooley Street, Bermondsey to Kennington Road  , Vauxhall"
"LINESTRING (-0.134621 51.507424,-0.110889 51.495718", "From St. James's Square, St. James's to Kennington Road  , Vauxhall"
"LINESTRING (-0.114686 51.506133,-0.110889 51.495718", "From Belvedere Road 1, South Bank to Kennington Road  , Vauxhall"
"LINESTRING (-0.081608 51.497855,-0.110889 51.495718", "From Bermondsey Street, Bermondsey to Kennington Road  , Vauxhall"
"LINESTRING (-0.096518 51.491327,-0.110889 51.495718", "From Walworth Square, Walworth to Kennington Road  , Vauxhall"
"LINESTRING (-0.079608 51.521668,-0.110889 51.495718", "From Worship Street, Shoreditch to Kennington Road  , Vauxhall"
"LINESTRING (-0.07962 51.503493,-0.110889 51.495718", "From Tooley Street, Bermondsey to Kennington Road  , Vauxhall"
"LINESTRING (-0.091773 51.504627,-0.110889 51.495718", "From Hop Exchange, The Borough to Kennington Road  , Vauxhall"
"LINESTRING (-0.117495 51.498241,-0.110889 51.495718", "From Archbishop's Park, Waterloo to Kennington Road  , Vauxhall"
"LINESTRING (-0.111435 51.48894,-0.110889 51.495718", "From Kennington Cross, Kennington to Kennington Road  , Vauxhall"
"LINESTRING (-0.114934 51.49288,-0.110889 51.495718", "From Lollard Street, Vauxhall to Kennington Road  , Vauxhall"
"LINESTRING (-0.114842 51.50621,-0.110889 51.495718", "From Belvedere Road 2, South Bank to Kennington Road  , Vauxhall"
"LINESTRING (-0.110699 51.501444,-0.110889 51.495718", "From Baylis Road, Waterloo to Kennington Road  , Vauxhall"
"LINESTRING (-0.132328 51.515631,-0.110889 51.495718", "From Soho Square , Soho to Kennington Road  , Vauxhall"
"LINESTRING (-0.116493 51.477839,-0.110889 51.495718", "From Caldwell Street, Stockwell to Kennington Road  , Vauxhall"
"LINESTRING (-0.119643 51.511756,-0.110889 51.495718", "From Wellington Street , Strand to Kennington Road  , Vauxhall"
"LINESTRING (-0.06415 51.51295,-0.073438 51.51838", "From Christian Street, Whitechapel to Fashion Street, Whitechapel"
"LINESTRING (-0.126409 51.524,-0.073438 51.51838", "From Coram Street, Bloomsbury to Fashion Street, Whitechapel"
"LINESTRING (-0.097122 51.529423,-0.073438 51.51838", "From Macclesfield Rd, St Lukes to Fashion Street, Whitechapel"
"LINESTRING (-0.078505 51.53095,-0.073438 51.51838", "From Falkirk Street, Hoxton to Fashion Street, Whitechapel"
"LINESTRING (-0.096518 51.491327,-0.073438 51.51838", "From Walworth Square, Walworth to Fashion Street, Whitechapel"
"LINESTRING (-0.134407 51.526236,-0.073438 51.51838", "From Euston Road, Euston to Fashion Street, Whitechapel"
"LINESTRING (-0.062546 51.535678,-0.073438 51.51838", "From Regent's Row , Haggerston to Fashion Street, Whitechapel"
"LINESTRING (-0.038986 51.512871,-0.073438 51.51838", "From Flamborough Street, Limehouse to Fashion Street, Whitechapel"
"LINESTRING (-0.047548 51.528869,-0.073438 51.51838", "From Globe Town Market, Bethnal Green to Fashion Street, Whitechapel"
"LINESTRING (-0.134407 51.526236,-0.073438 51.51838", "From Euston Road, Euston to Fashion Street, Whitechapel"
"LINESTRING (-0.05438 51.520019,-0.073438 51.51838", "From Ansell House, Stepney to Fashion Street, Whitechapel"
"LINESTRING (-0.096518 51.491327,-0.073438 51.51838", "From Walworth Square, Walworth to Fashion Street, Whitechapel"
"LINESTRING (-0.047784 51.51328,-0.073438 51.51838", "From Albert Gardens, Stepney to Fashion Street, Whitechapel"
"LINESTRING (-0.062546 51.535678,-0.073438 51.51838", "From Regent's Row , Haggerston to Fashion Street, Whitechapel"
"LINESTRING (-0.025296 51.527058,-0.073438 51.51838", "From Bow Road Station, Bow to Fashion Street, Whitechapel"
"LINESTRING (-0.074754 51.523648,-0.073438 51.51838", "From Bethnal Green Road, Shoreditch to Fashion Street, Whitechapel"
"LINESTRING (-0.075885 51.536585,-0.073438 51.51838", "From Dunston Road , Haggerston to Fashion Street, Whitechapel"
"LINESTRING (-0.075885 51.536585,-0.073438 51.51838", "From Dunston Road , Haggerston to Fashion Street, Whitechapel"
"LINESTRING (-0.075578 51.52127,-0.073438 51.51838", "From Commercial Street, Shoreditch to Fashion Street, Whitechapel"
"LINESTRING (-0.087262 51.506304,-0.073438 51.51838", "From Duke Street Hill, London Bridge to Fashion Street, Whitechapel"
"LINESTRING (-0.005659 51.513548,-0.068161 51.509786", "From Aberfeldy Street, Poplar to Dock Street, Wapping"
"LINESTRING (-0.113864 51.504027,-0.068161 51.509786", "From Waterloo Station 1, Waterloo to Dock Street, Wapping"
"LINESTRING (-0.108322 51.510981,-0.068161 51.509786", "From Temple Gardens, Temple to Dock Street, Wapping"
"LINESTRING (-0.102757 51.536384,-0.068161 51.509786", "From Islington Green, Angel to Dock Street, Wapping"
"LINESTRING (-0.07962 51.503493,-0.068161 51.509786", "From Tooley Street, Bermondsey to Dock Street, Wapping"
"LINESTRING (-0.014409 51.49447,-0.068161 51.509786", "From East Ferry Road, Cubitt Town to Dock Street, Wapping"
"LINESTRING (-0.06111 51.518675,-0.068161 51.509786", "From Royal London Hospital, Whitechapel to Dock Street, Wapping"
"LINESTRING (-0.055167 51.508447,-0.068161 51.509786", "From Garnet Street, Shadwell to Dock Street, Wapping"
"LINESTRING (-0.06111 51.518675,-0.068161 51.509786", "From Royal London Hospital, Whitechapel to Dock Street, Wapping"
"LINESTRING (-0.058681 51.506946,-0.068161 51.509786", "From Reardon Street, Wapping to Dock Street, Wapping"
"LINESTRING (-0.113864 51.504027,-0.068161 51.509786", "From Waterloo Station 1, Waterloo to Dock Street, Wapping"
"LINESTRING (-0.113864 51.504027,-0.068161 51.509786", "From Waterloo Station 1, Waterloo to Dock Street, Wapping"
"LINESTRING (-0.123702 51.506767,-0.068161 51.509786", "From Northumberland Avenue, Strand to Dock Street, Wapping"
"LINESTRING (-0.0985 51.51601,-0.068161 51.509786", "From King Edward Street, St Pauls to Dock Street, Wapping"
"LINESTRING (-0.066035 51.531864,-0.068161 51.509786", "From Goldsmith's Row, Haggerston to Dock Street, Wapping"
"LINESTRING (-0.018703 51.528169,-0.068161 51.509786", "From Bow Church Station, Bow to Dock Street, Wapping"
"LINESTRING (-0.066078 51.514924,-0.068161 51.509786", "From LMU Commercial Road, Whitechapel to Dock Street, Wapping"
"LINESTRING (-0.06142 51.532091,-0.068161 51.509786", "From Pritchard's Road, Bethnal Green to Dock Street, Wapping"
"LINESTRING (-0.005659 51.513548,-0.068161 51.509786", "From Aberfeldy Street, Poplar to Dock Street, Wapping"
"LINESTRING (-0.086685 51.517075,-0.068161 51.509786", "From Finsbury Circus, Liverpool Street to Dock Street, Wapping"
"LINESTRING (-0.055312 51.52568,-0.068161 51.509786", "From Bethnal Green Garden, Bethnal Green to Dock Street, Wapping"
"LINESTRING (-0.057544 51.504749,-0.068161 51.509786", "From Wapping Lane, Wapping to Dock Street, Wapping"
"LINESTRING (-0.02296 51.50623,-0.068161 51.509786", "From Fisherman's Walk West, Canary Wharf to Dock Street, Wapping"
"LINESTRING (-0.141423 51.514499,-0.068161 51.509786", "From Little Argyll Street, West End to Dock Street, Wapping"
"LINESTRING (-0.02296 51.50623,-0.068161 51.509786", "From Fisherman's Walk West, Canary Wharf to Dock Street, Wapping"
"LINESTRING (-0.055656 51.514222,-0.068161 51.509786", "From Watney Market, Stepney to Dock Street, Wapping"
"LINESTRING (-0.075885 51.536585,-0.068161 51.509786", "From Dunston Road , Haggerston to Dock Street, Wapping"
"LINESTRING (-0.06111 51.518675,-0.068161 51.509786", "From Royal London Hospital, Whitechapel to Dock Street, Wapping"
"LINESTRING (-0.092762 51.500296,-0.068161 51.509786", "From Swan Street, The Borough to Dock Street, Wapping"
"LINESTRING (-0.112824 51.503791,-0.068161 51.509786", "From Waterloo Station 3, Waterloo to Dock Street, Wapping"
"LINESTRING (-0.075885 51.536585,-0.068161 51.509786", "From Dunston Road , Haggerston to Dock Street, Wapping"
"LINESTRING (-0.102757 51.536384,-0.068161 51.509786", "From Islington Green, Angel to Dock Street, Wapping"
"LINESTRING (-0.164032 51.525194,-0.175116 51.523353", "From Rossmore Road, Marylebone to Frampton Street, Paddington"
"LINESTRING (-0.201005 51.51787,-0.175116 51.523353", "From Westbourne Park Road, Portobello to Frampton Street, Paddington"
"LINESTRING (-0.188098 51.517919,-0.175116 51.523353", "From Gloucester Terrace, Bayswater to Frampton Street, Paddington"
"LINESTRING (-0.225787 51.514767,-0.175116 51.523353", "From BBC White City, White City to Frampton Street, Paddington"
"LINESTRING (-0.161765 51.487964,-0.175116 51.523353", "From Ormonde Gate, Chelsea to Frampton Street, Paddington"
"LINESTRING (-0.157275 51.510017,-0.175116 51.523353", "From Park Lane , Hyde Park to Frampton Street, Paddington"
"LINESTRING (-0.13558 51.513684,-0.175116 51.523353", "From Broadwick Street, Soho to Frampton Street, Paddington"
"LINESTRING (-0.141423 51.514499,-0.175116 51.523353", "From Little Argyll Street, West End to Frampton Street, Paddington"
"LINESTRING (-0.19024 51.515529,-0.175116 51.523353", "From Westbourne Grove, Bayswater to Frampton Street, Paddington"
"LINESTRING (-0.178433 51.492479,-0.175116 51.523353", "From Queen's Gate (South), South Kensington to Frampton Street, Paddington"
"LINESTRING (-0.183118 51.515607,-0.175116 51.523353", "From Cleveland Gardens, Bayswater to Frampton Street, Paddington"
"LINESTRING (-0.183846 51.523344,-0.175116 51.523353", "From Warwick Avenue Station, Maida Vale to Frampton Street, Paddington"
"LINESTRING (-0.141327 51.520253,-0.175116 51.523353", "From Great Titchfield Street, Fitzrovia to Frampton Street, Paddington"
"LINESTRING (-0.17581 51.517335,-0.175116 51.523353", "From South Wharf Road, Paddington to Frampton Street, Paddington"
"LINESTRING (-0.19024 51.515529,-0.175116 51.523353", "From Westbourne Grove, Bayswater to Frampton Street, Paddington"
"LINESTRING (-0.171681 51.522892,-0.175116 51.523353", "From Penfold Street, Marylebone to Frampton Street, Paddington"
"LINESTRING (-0.176268 51.524826,-0.175116 51.523353", "From Aberdeen Place, St. John's Wood to Frampton Street, Paddington"
"LINESTRING (-0.201005 51.51787,-0.175116 51.523353", "From Westbourne Park Road, Portobello to Frampton Street, Paddington"
"LINESTRING (-0.171103 51.518268,-0.175116 51.523353", "From St Mary's Hospital, Paddington to Frampton Street, Paddington"
"LINESTRING (-0.153194 51.501352,-0.175116 51.523353", "From Grosvenor Crescent, Belgravia to Frampton Street, Paddington"
"LINESTRING (-0.154907 51.522481,-0.175116 51.523353", "From Westminster University, Marylebone to Frampton Street, Paddington"
"LINESTRING (-0.135777 51.51953,-0.175116 51.523353", "From Charlotte Street, Fitzrovia to Frampton Street, Paddington"
"LINESTRING (-0.157275 51.510017,-0.138019 51.524438", "From Park Lane , Hyde Park to Warren Street Station, Euston"
"LINESTRING (-0.131161 51.52505,-0.138019 51.524438", "From Taviton Street, Bloomsbury to Warren Street Station, Euston"
"LINESTRING (-0.130504 51.526838,-0.138019 51.524438", "From Endsleigh Gardens, Euston to Warren Street Station, Euston"
"LINESTRING (-0.168074 51.5343,-0.138019 51.524438", "From Charlbert Street, St. John's Wood to Warren Street Station, Euston"
"LINESTRING (-0.118295 51.52728,-0.138019 51.524438", "From Ampton Street , Clerkenwell to Warren Street Station, Euston"
"LINESTRING (-0.153463 51.525367,-0.138019 51.524438", "From The Tennis Courts, The Regent's Park to Warren Street Station, Euston"
"LINESTRING (-0.076793 51.513406,-0.138019 51.524438", "From Jewry Street, Aldgate to Warren Street Station, Euston"
"LINESTRING (-0.077121 51.511594,-0.138019 51.524438", "From Crosswall, Tower to Warren Street Station, Euston"
"LINESTRING (-0.184318 51.468819,-0.138019 51.524438", "From William Morris Way, Sands End to Warren Street Station, Euston"
"LINESTRING (-0.167515 51.530529,-0.138019 51.524438", "From St. John's Wood Church, The Regent's Park to Warren Street Station, Euston"
"LINESTRING (-0.179135 51.516417,-0.138019 51.524438", "From Eastbourne Mews, Paddington to Warren Street Station, Euston"
"LINESTRING (-0.187402 51.51031,-0.138019 51.524438", "From Queensway, Kensington Gardens to Warren Street Station, Euston"
"LINESTRING (-0.144466 51.528302,-0.138019 51.524438", "From Albany Street, The Regent's Park to Warren Street Station, Euston"
"LINESTRING (-0.122203 51.534474,-0.138019 51.524438", "From Crinan Street, King's Cross to Warren Street Station, Euston"
"LINESTRING (-0.118295 51.52728,-0.138019 51.524438", "From Ampton Street , Clerkenwell to Warren Street Station, Euston"
"LINESTRING (-0.155525 51.516204,-0.138019 51.524438", "From Portman Square, Marylebone to Warren Street Station, Euston"
"LINESTRING (-0.122299 51.530199,-0.138019 51.524438", "From Birkenhead Street, King's Cross to Warren Street Station, Euston"
"LINESTRING (-0.144466 51.528302,-0.138019 51.524438", "From Albany Street, The Regent's Park to Warren Street Station, Euston"
"LINESTRING (-0.139174 51.533019,-0.138019 51.524438", "From Harrington Square 1, Camden Town to Warren Street Station, Euston"
"LINESTRING (-0.117774 51.513875,-0.138019 51.524438", "From Kingsway Southbound, Strand to Warren Street Station, Euston"
"LINESTRING (-0.109006 51.521661,-0.138019 51.524438", "From Hatton Wall, Holborn to Warren Street Station, Euston"
"LINESTRING (-0.087262 51.506304,-0.138019 51.524438", "From Duke Street Hill, London Bridge to Warren Street Station, Euston"
"LINESTRING (-0.118295 51.52728,-0.138019 51.524438", "From Ampton Street , Clerkenwell to Warren Street Station, Euston"
"LINESTRING (-0.163667 51.520331,-0.138019 51.524438", "From Seymour Place, Marylebone to Warren Street Station, Euston"
"LINESTRING (-0.17581 51.517335,-0.138019 51.524438", "From South Wharf Road, Paddington to Warren Street Station, Euston"
"LINESTRING (-0.123509 51.52625,-0.138019 51.524438", "From Tavistock Place, Bloomsbury to Warren Street Station, Euston"
"LINESTRING (-0.124807 51.53724,-0.138019 51.524438", "From Handyside Street, King's Cross to Warren Street Station, Euston"
"LINESTRING (-0.168074 51.5343,-0.138019 51.524438", "From Charlbert Street, St. John's Wood to Warren Street Station, Euston"
"LINESTRING (-0.13151 51.509639,-0.138019 51.524438", "From Panton Street, West End to Warren Street Station, Euston"
"LINESTRING (-0.131161 51.52505,-0.138019 51.524438", "From Taviton Street, Bloomsbury to Warren Street Station, Euston"
"LINESTRING (-0.13011 51.513527,-0.138019 51.524438", "From Moor Street, Soho to Warren Street Station, Euston"
"LINESTRING (-0.07962 51.503493,-0.138019 51.524438", "From Tooley Street, Bermondsey to Warren Street Station, Euston"
"LINESTRING (-0.124121 51.523418,-0.138019 51.524438", "From Russell Square Station, Bloomsbury to Warren Street Station, Euston"
"LINESTRING (-0.0801 51.52959,-0.138019 51.524438", "From Hoxton Street, Hoxton to Warren Street Station, Euston"
"LINESTRING (-0.138019 51.524438,-0.138019 51.524438", "From Warren Street Station, Euston to Warren Street Station, Euston"
"LINESTRING (-0.123509 51.52625,-0.138019 51.524438", "From Tavistock Place, Bloomsbury to Warren Street Station, Euston"
"LINESTRING (-0.206029 51.49087,-0.138019 51.524438", "From West Kensington Station, West Kensington to Warren Street Station, Euston"
"LINESTRING (-0.138072 51.517344,-0.138019 51.524438", "From Wells Street, Fitzrovia to Warren Street Station, Euston"
"LINESTRING (-0.136792 51.533005,-0.138019 51.524438", "From Eversholt Street , Camden Town to Warren Street Station, Euston"
"LINESTRING (-0.128585 51.516118,-0.138019 51.524438", "From Earnshaw Street , Covent Garden to Warren Street Station, Euston"
"LINESTRING (-0.127854 51.517727,-0.138019 51.524438", "From Great Russell Street, Bloomsbury to Warren Street Station, Euston"
"LINESTRING (-0.124678 51.51908,-0.138019 51.524438", "From British Museum, Bloomsbury to Warren Street Station, Euston"
"LINESTRING (-0.099981 51.532661,-0.138019 51.524438", "From Graham Street, Angel to Warren Street Station, Euston"
"LINESTRING (-0.153463 51.525367,-0.138019 51.524438", "From The Tennis Courts, The Regent's Park to Warren Street Station, Euston"
"LINESTRING (-0.144466 51.528302,-0.138019 51.524438", "From Albany Street, The Regent's Park to Warren Street Station, Euston"
"LINESTRING (-0.087587 51.514441,-0.138019 51.524438", "From Bank of England Museum, Bank to Warren Street Station, Euston"
"LINESTRING (-0.06992 51.53385,-0.138019 51.524438", "From Queensbridge Road, Haggerston to Warren Street Station, Euston"
"LINESTRING (-0.120973 51.530059,-0.138019 51.524438", "From St. Chad's Street, King's Cross to Warren Street Station, Euston"
"LINESTRING (-0.140485 51.519181,-0.138019 51.524438", "From Foley Street, Fitzrovia to Warren Street Station, Euston"
"LINESTRING (-0.163609 51.51809,-0.138019 51.524438", "From Shouldham Street, Marylebone to Warren Street Station, Euston"
"LINESTRING (-0.153463 51.525367,-0.138019 51.524438", "From The Tennis Courts, The Regent's Park to Warren Street Station, Euston"
"LINESTRING (-0.111014 51.493686,-0.138019 51.524438", "From Walnut Tree Walk, Vauxhall to Warren Street Station, Euston"
"LINESTRING (-0.138019 51.524438,-0.138019 51.524438", "From Warren Street Station, Euston to Warren Street Station, Euston"
"LINESTRING (-0.148105 51.514759,-0.138019 51.524438", "From Marylebone Lane, Marylebone to Warren Street Station, Euston"
"LINESTRING (-0.15352 51.503117,-0.138019 51.524438", "From Hyde Park Corner, Hyde Park to Warren Street Station, Euston"
"LINESTRING (-0.105593 51.488852,-0.105596 51.505342", "From Kennington Station, Kennington to Colombo Street, Southwark"
"LINESTRING (-0.08974 51.500823,-0.105596 51.505342", "From Empire Square, The Borough to Colombo Street, Southwark"
"LINESTRING (-0.101536 51.49217,-0.105596 51.505342", "From Hampton Street, Walworth to Colombo Street, Southwark"
"LINESTRING (-0.09885 51.515418,-0.105596 51.505342", "From Newgate Street , St. Paul's to Colombo Street, Southwark"
"LINESTRING (-0.114842 51.50621,-0.105596 51.505342", "From Belvedere Road 2, South Bank to Colombo Street, Southwark"
"LINESTRING (-0.08497 51.50964,-0.105596 51.505342", "From Monument Street, Monument to Colombo Street, Southwark"
"LINESTRING (-0.07813 51.526377,-0.105596 51.505342", "From Shoreditch High Street, Shoreditch to Colombo Street, Southwark"
"LINESTRING (-0.096191 51.498597,-0.105596 51.505342", "From Harper Road, The Borough to Colombo Street, Southwark"
"LINESTRING (-0.106237 51.507244,-0.105596 51.505342", "From Milroy Walk, South Bank to Colombo Street, Southwark"
"LINESTRING (-0.087587 51.514441,-0.105596 51.505342", "From Bank of England Museum, Bank to Colombo Street, Southwark"
"LINESTRING (-0.091773 51.504627,-0.105596 51.505342", "From Hop Exchange, The Borough to Colombo Street, Southwark"
"LINESTRING (-0.136792 51.533005,-0.105596 51.505342", "From Eversholt Street , Camden Town to Colombo Street, Southwark"
"LINESTRING (-0.17677 51.530889,-0.151359 51.522008", "From Grove End Road, St. John's Wood to Beaumont Street, Marylebone"
"LINESTRING (-0.16862 51.53256,-0.151359 51.522008", "From Greenberry Street, St.John's Wood to Beaumont Street, Marylebone"
"LINESTRING (-0.176645 51.518622,-0.151359 51.522008", "From North Wharf Road, Paddington to Beaumont Street, Marylebone"
"LINESTRING (-0.158264 51.514577,-0.151359 51.522008", "From Old Quebec Street, Marylebone to Beaumont Street, Marylebone"
"LINESTRING (-0.147983 51.519167,-0.151359 51.522008", "From New Cavendish Street, Marylebone to Beaumont Street, Marylebone"
"LINESTRING (-0.136052 51.527326,-0.151359 51.522008", "From Drummond Street , Euston to Beaumont Street, Marylebone"
"LINESTRING (-0.06555 51.528681,-0.151359 51.522008", "From Durant Street, Bethnal Green to Beaumont Street, Marylebone"
"LINESTRING (-0.130504 51.526838,-0.151359 51.522008", "From Endsleigh Gardens, Euston to Beaumont Street, Marylebone"
"LINESTRING (-0.128279 51.5293,-0.151359 51.522008", "From Ossulston Street, Somers Town to Beaumont Street, Marylebone"
"LINESTRING (-0.122502 51.523951,-0.151359 51.522008", "From Brunswick Square, Bloomsbury to Beaumont Street, Marylebone"
"LINESTRING (-0.155525 51.516204,-0.151359 51.522008", "From Portman Square, Marylebone to Beaumont Street, Marylebone"
"LINESTRING (-0.131213 51.513103,-0.151359 51.522008", "From Frith Street, Soho to Beaumont Street, Marylebone"
"LINESTRING (-0.167515 51.530529,-0.151359 51.522008", "From St. John's Wood Church, The Regent's Park to Beaumont Street, Marylebone"
"LINESTRING (-0.156285 51.535836,-0.151359 51.522008", "From London Zoo,  The Regent's Park to Beaumont Street, Marylebone"
"LINESTRING (-0.171681 51.522892,-0.151359 51.522008", "From Penfold Street, Marylebone to Beaumont Street, Marylebone"
"LINESTRING (-0.170983 51.486892,-0.151359 51.522008", "From Manresa Road, Chelsea to Beaumont Street, Marylebone"
"LINESTRING (-0.138019 51.524438,-0.151359 51.522008", "From Warren Street Station, Euston to Beaumont Street, Marylebone"
"LINESTRING (-0.156285 51.535836,-0.151359 51.522008", "From London Zoo,  The Regent's Park to Beaumont Street, Marylebone"
"LINESTRING (-0.145211 51.520715,-0.151359 51.522008", "From Portland Place, Marylebone to Beaumont Street, Marylebone"
"LINESTRING (-0.114934 51.49288,-0.151359 51.522008", "From Lollard Street, Vauxhall to Beaumont Street, Marylebone"
"LINESTRING (-0.205535 51.507481,-0.151359 51.522008", "From Lansdowne Road, Ladbroke Grove to Beaumont Street, Marylebone"
"LINESTRING (-0.183486 51.529857,-0.151359 51.522008", "From Maida Vale, Maida Vale to Beaumont Street, Marylebone"
"LINESTRING (-0.18697 51.51616,-0.151359 51.522008", "From Bishop's Bridge Road West, Bayswater to Beaumont Street, Marylebone"
"LINESTRING (-0.153463 51.525367,-0.151359 51.522008", "From The Tennis Courts, The Regent's Park to Beaumont Street, Marylebone"
"LINESTRING (-0.145246 51.539957,-0.151359 51.522008", "From Arlington Road, Camden Town to Beaumont Street, Marylebone"
"LINESTRING (-0.176645 51.518622,-0.151359 51.522008", "From North Wharf Road, Paddington to Beaumont Street, Marylebone"
"LINESTRING (-0.123616 51.529943,-0.151359 51.522008", "From Belgrove Street , King's Cross to Beaumont Street, Marylebone"
"LINESTRING (-0.119558 51.528279,-0.151359 51.522008", "From Cromer Street, Bloomsbury to Beaumont Street, Marylebone"
"LINESTRING (-0.16862 51.53256,-0.151359 51.522008", "From Greenberry Street, St.John's Wood to Beaumont Street, Marylebone"
"LINESTRING (-0.168074 51.5343,-0.151359 51.522008", "From Charlbert Street, St. John's Wood to Beaumont Street, Marylebone"
"LINESTRING (-0.135025 51.518162,-0.151359 51.522008", "From Rathbone Street, Fitzrovia to Beaumont Street, Marylebone"
"LINESTRING (-0.122502 51.523951,-0.151359 51.522008", "From Brunswick Square, Bloomsbury to Beaumont Street, Marylebone"
"LINESTRING (-0.128279 51.5293,-0.151359 51.522008", "From Ossulston Street, Somers Town to Beaumont Street, Marylebone"
"LINESTRING (-0.145246 51.539957,-0.151359 51.522008", "From Arlington Road, Camden Town to Beaumont Street, Marylebone"
"LINESTRING (-0.135635 51.488226,-0.139625 51.490962", "From St. George's Square, Pimlico to Gloucester Street, Pimlico"
"LINESTRING (-0.178433 51.492479,-0.139625 51.490962", "From Queen's Gate (South), South Kensington to Gloucester Street, Pimlico"
"LINESTRING (-0.129697 51.509087,-0.139625 51.490962", "From St. Martin's Street, West End to Gloucester Street, Pimlico"
"LINESTRING (-0.135635 51.488226,-0.139625 51.490962", "From St. George's Square, Pimlico to Gloucester Street, Pimlico"
"LINESTRING (-0.149551 51.477619,-0.139625 51.490962", "From Queen's Circus, Battersea Park to Gloucester Street, Pimlico"
"LINESTRING (-0.13544 51.497829,-0.139625 51.490962", "From Butler Place, Westminster to Gloucester Street, Pimlico"
"LINESTRING (-0.147624 51.49395,-0.139625 51.490962", "From Eccleston Place, Victoria to Gloucester Street, Pimlico"
"LINESTRING (-0.135635 51.488226,-0.139625 51.490962", "From St. George's Square, Pimlico to Gloucester Street, Pimlico"
"LINESTRING (-0.142207 51.485357,-0.139625 51.490962", "From Grosvenor Road, Pimlico to Gloucester Street, Pimlico"
"LINESTRING (-0.147624 51.49395,-0.139625 51.490962", "From Eccleston Place, Victoria to Gloucester Street, Pimlico"
"LINESTRING (-0.139625 51.490962,-0.139625 51.490962", "From Gloucester Street, Pimlico to Gloucester Street, Pimlico"
"LINESTRING (-0.13544 51.497829,-0.139625 51.490962", "From Butler Place, Westminster to Gloucester Street, Pimlico"
"LINESTRING (-0.112824 51.503791,-0.139625 51.490962", "From Waterloo Station 3, Waterloo to Gloucester Street, Pimlico"
"LINESTRING (-0.140947 51.49616,-0.139625 51.490962", "From Ashley Place, Victoria to Gloucester Street, Pimlico"
"LINESTRING (-0.131773 51.506633,-0.139625 51.490962", "From Waterloo Place, St. James's to Gloucester Street, Pimlico"
"LINESTRING (-0.174971 51.485121,-0.139625 51.490962", "From The Vale, Chelsea to Gloucester Street, Pimlico"
"LINESTRING (-0.139625 51.490962,-0.139625 51.490962", "From Gloucester Street, Pimlico to Gloucester Street, Pimlico"
"LINESTRING (-0.14177 51.479501,-0.139625 51.490962", "From Battersea Park Road, Nine Elms to Gloucester Street, Pimlico"
"LINESTRING (-0.149035 51.481121,-0.139625 51.490962", "From Sopwith Way, Battersea Park to Gloucester Street, Pimlico"
"LINESTRING (-0.157788 51.465123,-0.139625 51.490962", "From Sugden Road, Clapham to Gloucester Street, Pimlico"
"LINESTRING (-0.132845 51.489975,-0.139625 51.490962", "From Rampayne Street, Pimlico to Gloucester Street, Pimlico"
"LINESTRING (-0.104778 51.504044,-0.128585 51.516118", "From Southwark Station 2, Southwark to Earnshaw Street , Covent Garden"
"LINESTRING (-0.110699 51.501444,-0.128585 51.516118", "From Baylis Road, Waterloo to Earnshaw Street , Covent Garden"
"LINESTRING (-0.076793 51.513406,-0.128585 51.516118", "From Jewry Street, Aldgate to Earnshaw Street , Covent Garden"
"LINESTRING (-0.135025 51.518162,-0.128585 51.516118", "From Rathbone Street, Fitzrovia to Earnshaw Street , Covent Garden"
"LINESTRING (-0.113864 51.504027,-0.128585 51.516118", "From Waterloo Station 1, Waterloo to Earnshaw Street , Covent Garden"
"LINESTRING (-0.174554 51.499917,-0.128585 51.516118", "From Exhibition Road, Knightsbridge to Earnshaw Street , Covent Garden"
"LINESTRING (-0.085603 51.53095,-0.128585 51.516118", "From New North Road 1, Hoxton to Earnshaw Street , Covent Garden"
"LINESTRING (-0.115156 51.489479,-0.128585 51.516118", "From Sancroft Street, Vauxhall to Earnshaw Street , Covent Garden"
"LINESTRING (-0.133201 51.512515,-0.128585 51.516118", "From Wardour Street, Soho to Earnshaw Street , Covent Garden"
"LINESTRING (-0.091773 51.504627,-0.128585 51.516118", "From Hop Exchange, The Borough to Earnshaw Street , Covent Garden"
"LINESTRING (-0.074754 51.523648,-0.128585 51.516118", "From Bethnal Green Road, Shoreditch to Earnshaw Street , Covent Garden"
"LINESTRING (-0.149035 51.481121,-0.128585 51.516118", "From Sopwith Way, Battersea Park to Earnshaw Street , Covent Garden"
"LINESTRING (-0.153463 51.525367,-0.128585 51.516118", "From The Tennis Courts, The Regent's Park to Earnshaw Street , Covent Garden"
"LINESTRING (-0.122219 51.51477,-0.128585 51.516118", "From Drury Lane, Covent Garden to Earnshaw Street , Covent Garden"
"LINESTRING (-0.098341 51.505409,-0.128585 51.516118", "From Southwark Street, Bankside to Earnshaw Street , Covent Garden"
"LINESTRING (-0.138019 51.524438,-0.128585 51.516118", "From Warren Street Station, Euston to Earnshaw Street , Covent Garden"
"LINESTRING (-0.121328 51.517606,-0.128585 51.516118", "From Southampton Place, Holborn to Earnshaw Street , Covent Garden"
"LINESTRING (-0.103078 51.511934,-0.128585 51.516118", "From Blackfriars Station, St. Paul's to Earnshaw Street , Covent Garden"
"LINESTRING (-0.138019 51.524438,-0.128585 51.516118", "From Warren Street Station, Euston to Earnshaw Street , Covent Garden"
"LINESTRING (-0.074704 51.500845,-0.128585 51.516118", "From Tower Wharf, Bermondsey to Earnshaw Street , Covent Garden"
"LINESTRING (-0.133201 51.512515,-0.128585 51.516118", "From Wardour Street, Soho to Earnshaw Street , Covent Garden"
"LINESTRING (-0.079201 51.537277,-0.128585 51.516118", "From Hertford Road, De Beauvoir Town to Earnshaw Street , Covent Garden"
"LINESTRING (-0.051394 51.520893,-0.128585 51.516118", "From Cleveland Way, Stepney to Earnshaw Street , Covent Garden"
"LINESTRING (-0.076341 51.534464,-0.128585 51.516118", "From Whiston Road, Haggerston to Earnshaw Street , Covent Garden"
"LINESTRING (-0.132102 51.498125,-0.128585 51.516118", "From Abbey Orchard Street, Westminster to Earnshaw Street , Covent Garden"
"LINESTRING (-0.077121 51.511594,-0.128585 51.516118", "From Crosswall, Tower to Earnshaw Street , Covent Garden"
"LINESTRING (-0.133201 51.512515,-0.128585 51.516118", "From Wardour Street, Soho to Earnshaw Street , Covent Garden"
"LINESTRING (-0.098031 51.505224,-0.128585 51.516118", "From Lavington Street, Bankside to Earnshaw Street , Covent Garden"
"LINESTRING (-0.09734 51.520841,-0.128585 51.516118", "From Aldersgate Street, Barbican to Earnshaw Street , Covent Garden"
"LINESTRING (-0.116688 51.520596,-0.128585 51.516118", "From Theobald's Road , Holborn to Earnshaw Street , Covent Garden"
"LINESTRING (-0.163667 51.520331,-0.128585 51.516118", "From Seymour Place, Marylebone to Earnshaw Street , Covent Garden"
"LINESTRING (-0.075459 51.509506,-0.128585 51.516118", "From Tower Gardens , Tower to Earnshaw Street , Covent Garden"
"LINESTRING (-0.138853 51.541603,-0.128585 51.516118", "From Bonny Street, Camden Town to Earnshaw Street , Covent Garden"
"LINESTRING (-0.138212 51.481335,-0.142207 51.485357", "From Riverlight South, Nine Elms to Grosvenor Road, Pimlico"
"LINESTRING (-0.135635 51.488226,-0.142207 51.485357", "From St. George's Square, Pimlico to Grosvenor Road, Pimlico"
"LINESTRING (-0.147714 51.483507,-0.142207 51.485357", "From Battersea Power Station, Battersea Park to Grosvenor Road, Pimlico"
"LINESTRING (-0.159237 51.501855,-0.142207 51.485357", "From Seville Street, Knightsbridge to Grosvenor Road, Pimlico"
"LINESTRING (-0.166878 51.488023,-0.142207 51.485357", "From Flood Street, Chelsea to Grosvenor Road, Pimlico"
"LINESTRING (-0.217995 51.487285,-0.142207 51.485357", "From Charing Cross Hospital, Hammersmith to Grosvenor Road, Pimlico"
"LINESTRING (-0.15213 51.470475,-0.142207 51.485357", "From Stanley Grove, Battersea to Grosvenor Road, Pimlico"
"LINESTRING (-0.141334 51.492345,-0.142207 51.485357", "From Guildhouse Street, Victoria to Grosvenor Road, Pimlico"
"LINESTRING (-0.182435 51.478169,-0.142207 51.485357", "From Upcerne Road, West Chelsea to Grosvenor Road, Pimlico"
"LINESTRING (-0.078505 51.53095,-0.099994 51.522853", "From Falkirk Street, Hoxton to Berry Street, Clerkenwell"
"LINESTRING (-0.06111 51.518675,-0.099994 51.522853", "From Royal London Hospital, Whitechapel to Berry Street, Clerkenwell"
"LINESTRING (-0.120202 51.523346,-0.099994 51.522853", "From Guilford Street , Bloomsbury to Berry Street, Clerkenwell"
"LINESTRING (-0.093885 51.517008,-0.099994 51.522853", "From Wood Street, Guildhall to Berry Street, Clerkenwell"
"LINESTRING (-0.09294 51.51397,-0.099994 51.522853", "From Cheapside, Bank to Berry Street, Clerkenwell"
"LINESTRING (-0.097122 51.529423,-0.099994 51.522853", "From Macclesfield Rd, St Lukes to Berry Street, Clerkenwell"
"LINESTRING (-0.090847 51.525893,-0.099994 51.522853", "From Bath Street, St. Luke's to Berry Street, Clerkenwell"
"LINESTRING (-0.138853 51.541603,-0.099994 51.522853", "From Bonny Street, Camden Town to Berry Street, Clerkenwell"
"LINESTRING (-0.065076 51.52388,-0.099994 51.522853", "From Cheshire Street, Bethnal Green to Berry Street, Clerkenwell"
"LINESTRING (-0.07813 51.526377,-0.099994 51.522853", "From Shoreditch High Street, Shoreditch to Berry Street, Clerkenwell"
"LINESTRING (-0.091773 51.504627,-0.099994 51.522853", "From Hop Exchange, The Borough to Berry Street, Clerkenwell"
"LINESTRING (-0.116279 51.524564,-0.099994 51.522853", "From Wren Street, Holborn to Berry Street, Clerkenwell"
"LINESTRING (-0.090847 51.525893,-0.099994 51.522853", "From Bath Street, St. Luke's to Berry Street, Clerkenwell"
"LINESTRING (-0.0801 51.52959,-0.099994 51.522853", "From Hoxton Street, Hoxton to Berry Street, Clerkenwell"
"LINESTRING (-0.09315 51.53356,-0.099994 51.522853", "From Eagle Wharf Road, Hoxton to Berry Street, Clerkenwell"
"LINESTRING (-0.122219 51.51477,-0.099994 51.522853", "From Drury Lane, Covent Garden to Berry Street, Clerkenwell"
"LINESTRING (-0.101384 51.49652,-0.099994 51.522853", "From Ontario Street, Elephant & Castle to Berry Street, Clerkenwell"
"LINESTRING (-0.111014 51.493686,-0.099994 51.522853", "From Walnut Tree Walk, Vauxhall to Berry Street, Clerkenwell"
"LINESTRING (-0.111257 51.514274,-0.099994 51.522853", "From Chancery Lane, Holborn to Berry Street, Clerkenwell"
"LINESTRING (-0.063471 51.497995,-0.099994 51.522853", "From Bermondsey Station, Bermondsey to Berry Street, Clerkenwell"
"LINESTRING (-0.069543 51.525645,-0.099994 51.522853", "From Granby Street, Shoreditch to Berry Street, Clerkenwell"
"LINESTRING (-0.123179 51.506543,-0.099994 51.522853", "From Whitehall Place, Strand to Berry Street, Clerkenwell"
"LINESTRING (-0.084439 51.524696,-0.099994 51.522853", "From Leonard Circus , Shoreditch to Berry Street, Clerkenwell"
"LINESTRING (-0.099981 51.532661,-0.099994 51.522853", "From Graham Street, Angel to Berry Street, Clerkenwell"
"LINESTRING (-0.058826 51.54119,-0.099994 51.522853", "From London Fields, Hackney Central to Berry Street, Clerkenwell"
"LINESTRING (-0.15352 51.503117,-0.099994 51.522853", "From Hyde Park Corner, Hyde Park to Berry Street, Clerkenwell"
"LINESTRING (-0.116542 51.504636,-0.099994 51.522853", "From Jubilee Gardens, South Bank to Berry Street, Clerkenwell"
"LINESTRING (-0.077121 51.511594,-0.099994 51.522853", "From Crosswall, Tower to Berry Street, Clerkenwell"
"LINESTRING (-0.083159 51.500889,-0.099994 51.522853", "From Tyers Gate, Bermondsey to Berry Street, Clerkenwell"
"LINESTRING (-0.079248 51.524526,-0.099994 51.522853", "From New Inn Yard, Shoreditch to Berry Street, Clerkenwell"
"LINESTRING (-0.089659 51.52548,-0.099994 51.522853", "From Old Street Station, St. Luke's to Berry Street, Clerkenwell"
"LINESTRING (-0.088285 51.519069,-0.099994 51.522853", "From Moorfields, Moorgate to Berry Street, Clerkenwell"
"LINESTRING (-0.130504 51.526838,-0.099994 51.522853", "From Endsleigh Gardens, Euston to Berry Street, Clerkenwell"
"LINESTRING (-0.070133 51.515231,-0.099994 51.522853", "From Central House, Whitechapel to Berry Street, Clerkenwell"
"LINESTRING (-0.176645 51.518622,-0.167515 51.530529", "From North Wharf Road, Paddington to St. John's Wood Church, The Regent's Park"
"LINESTRING (-0.145211 51.520715,-0.167515 51.530529", "From Portland Place, Marylebone to St. John's Wood Church, The Regent's Park"
"LINESTRING (-0.118295 51.52728,-0.167515 51.530529", "From Ampton Street , Clerkenwell to St. John's Wood Church, The Regent's Park"
"LINESTRING (-0.151926 51.516814,-0.167515 51.530529", "From Hinde Street, Marylebone to St. John's Wood Church, The Regent's Park"
"LINESTRING (-0.112686 51.469217,-0.167515 51.530529", "From Wynne Road, Stockwell to St. John's Wood Church, The Regent's Park"
"LINESTRING (-0.123616 51.529943,-0.167515 51.530529", "From Belgrove Street , King's Cross to St. John's Wood Church, The Regent's Park"
"LINESTRING (-0.183486 51.529857,-0.167515 51.530529", "From Maida Vale, Maida Vale to St. John's Wood Church, The Regent's Park"
"LINESTRING (-0.158963 51.524517,-0.167515 51.530529", "From Park Road (Baker Street), The Regent's Park to St. John's Wood Church, The Regent's Park"
"LINESTRING (-0.140485 51.519181,-0.167515 51.530529", "From Foley Street, Fitzrovia to St. John's Wood Church, The Regent's Park"
"LINESTRING (-0.137598 51.497698,-0.167515 51.530529", "From Kings Gate House, Westminster to St. John's Wood Church, The Regent's Park"
"LINESTRING (-0.133952 51.536264,-0.167515 51.530529", "From Royal College Street, Camden Town to St. John's Wood Church, The Regent's Park"
"LINESTRING (-0.176268 51.524826,-0.167515 51.530529", "From Aberdeen Place, St. John's Wood to St. John's Wood Church, The Regent's Park"
"LINESTRING (-0.201005 51.51787,-0.170279 51.506451", "From Westbourne Park Road, Portobello to Triangle Car Park, Hyde Park"
"LINESTRING (-0.116688 51.520596,-0.170279 51.506451", "From Theobald's Road , Holborn to Triangle Car Park, Hyde Park"
"LINESTRING (-0.157275 51.510017,-0.170279 51.506451", "From Park Lane , Hyde Park to Triangle Car Park, Hyde Park"
"LINESTRING (-0.157275 51.510017,-0.170279 51.506451", "From Park Lane , Hyde Park to Triangle Car Park, Hyde Park"
"LINESTRING (-0.116688 51.520596,-0.170279 51.506451", "From Theobald's Road , Holborn to Triangle Car Park, Hyde Park"
"LINESTRING (-0.197609 51.483911,-0.170279 51.506451", "From Halford Road, West Kensington to Triangle Car Park, Hyde Park"
"LINESTRING (-0.191351 51.513489,-0.170279 51.506451", "From Princes Square, Bayswater to Triangle Car Park, Hyde Park"
"LINESTRING (-0.187402 51.51031,-0.170279 51.506451", "From Queensway, Kensington Gardens to Triangle Car Park, Hyde Park"
"LINESTRING (-0.116688 51.520596,-0.170279 51.506451", "From Theobald's Road , Holborn to Triangle Car Park, Hyde Park"
"LINESTRING (-0.187402 51.51031,-0.170279 51.506451", "From Queensway, Kensington Gardens to Triangle Car Park, Hyde Park"
"LINESTRING (-0.102208 51.526153,-0.170279 51.506451", "From Percival Street, Finsbury to Triangle Car Park, Hyde Park"
"LINESTRING (-0.170279 51.506451,-0.170279 51.506451", "From Triangle Car Park, Hyde Park to Triangle Car Park, Hyde Park"
"LINESTRING (-0.187402 51.51031,-0.170279 51.506451", "From Queensway, Kensington Gardens to Triangle Car Park, Hyde Park"
"LINESTRING (-0.166221 51.490714,-0.170279 51.506451", "From Chelsea Green, Chelsea to Triangle Car Park, Hyde Park"
"LINESTRING (-0.151359 51.522008,-0.170279 51.506451", "From Beaumont Street, Marylebone to Triangle Car Park, Hyde Park"
"LINESTRING (-0.187402 51.51031,-0.170279 51.506451", "From Queensway, Kensington Gardens to Triangle Car Park, Hyde Park"
"LINESTRING (-0.191496 51.503157,-0.170279 51.506451", "From Kensington Church Street, Kensington to Triangle Car Park, Hyde Park"
"LINESTRING (-0.103137 51.506692,-0.170279 51.506451", "From Poured Lines, Bankside to Triangle Car Park, Hyde Park"
"LINESTRING (-0.15352 51.503117,-0.170279 51.506451", "From Hyde Park Corner, Hyde Park to Triangle Car Park, Hyde Park"
"LINESTRING (-0.157275 51.510017,-0.170279 51.506451", "From Park Lane , Hyde Park to Triangle Car Park, Hyde Park"
"LINESTRING (-0.187402 51.51031,-0.170279 51.506451", "From Queensway, Kensington Gardens to Triangle Car Park, Hyde Park"
"LINESTRING (-0.138733 51.496753,-0.170279 51.506451", "From Howick Place, Westminster to Triangle Car Park, Hyde Park"
"LINESTRING (-0.187402 51.51031,-0.170279 51.506451", "From Queensway, Kensington Gardens to Triangle Car Park, Hyde Park"
"LINESTRING (-0.145211 51.520715,-0.170279 51.506451", "From Portland Place, Marylebone to Triangle Car Park, Hyde Park"
"LINESTRING (-0.08974 51.500823,-0.096191 51.498597", "From Empire Square, The Borough to Harper Road, The Borough"
"LINESTRING (-0.126994 51.470732,-0.096191 51.498597", "From Clarence Walk, Stockwell to Harper Road, The Borough"
"LINESTRING (-0.096191 51.498597,-0.096191 51.498597", "From Harper Road, The Borough to Harper Road, The Borough"
"LINESTRING (-0.114934 51.49288,-0.096191 51.498597", "From Lollard Street, Vauxhall to Harper Road, The Borough"
"LINESTRING (-0.085814 51.495061,-0.096191 51.498597", "From Bricklayers Arms, Borough to Harper Road, The Borough"
"LINESTRING (-0.096191 51.498597,-0.096191 51.498597", "From Harper Road, The Borough to Harper Road, The Borough"
"LINESTRING (-0.084439 51.524696,-0.096191 51.498597", "From Leonard Circus , Shoreditch to Harper Road, The Borough"
"LINESTRING (-0.098341 51.505409,-0.096191 51.498597", "From Southwark Street, Bankside to Harper Road, The Borough"
"LINESTRING (-0.109006 51.521661,-0.096191 51.498597", "From Hatton Wall, Holborn to Harper Road, The Borough"
"LINESTRING (-0.105596 51.505342,-0.096191 51.498597", "From Colombo Street, Southwark to Harper Road, The Borough"
"LINESTRING (-0.102996 51.486929,-0.096191 51.498597", "From Doddington Grove, Kennington to Harper Road, The Borough"
"LINESTRING (-0.091773 51.504627,-0.096191 51.498597", "From Hop Exchange, The Borough to Harper Road, The Borough"
"LINESTRING (-0.102996 51.486929,-0.096191 51.498597", "From Doddington Grove, Kennington to Harper Road, The Borough"
"LINESTRING (-0.041378 51.522507,-0.096191 51.498597", "From Queen Mary's, Mile End to Harper Road, The Borough"
"LINESTRING (-0.081608 51.497855,-0.096191 51.498597", "From Bermondsey Street, Bermondsey to Harper Road, The Borough"
"LINESTRING (-0.082989 51.510484,-0.096191 51.498597", "From Great Tower Street, Monument to Harper Road, The Borough"
"LINESTRING (-0.096191 51.498597,-0.096191 51.498597", "From Harper Road, The Borough to Harper Road, The Borough"
"LINESTRING (-0.200838 51.514311,-0.096191 51.498597", "From Turquoise Island, Notting Hill to Harper Road, The Borough"
"LINESTRING (-0.112824 51.503791,-0.096191 51.498597", "From Waterloo Station 3, Waterloo to Harper Road, The Borough"
"LINESTRING (-0.180791 51.46193,-0.162727 51.489932", "From Nantes Close, Wandsworth to Royal Avenue 1, Chelsea"
"LINESTRING (-0.173757 51.496471,-0.162727 51.489932", "From Exhibition Road Museums 1, South Kensington to Royal Avenue 1, Chelsea"
"LINESTRING (-0.182126 51.463489,-0.162727 51.489932", "From Usk Road, Clapham Junction to Royal Avenue 1, Chelsea"
"LINESTRING (-0.18119 51.485587,-0.162727 51.489932", "From Limerston Street, West Chelsea to Royal Avenue 1, Chelsea"
"LINESTRING (-0.179854 51.501715,-0.162727 51.489932", "From Queen's Gate, Kensington Gardens to Royal Avenue 1, Chelsea"
"LINESTRING (-0.191933 51.495866,-0.162727 51.489932", "From Lexham Gardens, Kensington to Royal Avenue 1, Chelsea"
"LINESTRING (-0.176267 51.472876,-0.162727 51.489932", "From Vicarage Crescent, Battersea to Royal Avenue 1, Chelsea"
"LINESTRING (-0.162727 51.489932,-0.162727 51.489932", "From Royal Avenue 1, Chelsea to Royal Avenue 1, Chelsea"
"LINESTRING (-0.179369 51.487196,-0.162727 51.489932", "From Drayton Gardens, West Chelsea to Royal Avenue 1, Chelsea"
"LINESTRING (-0.147478 51.492369,-0.162727 51.489932", "From Elizabeth Bridge, Victoria to Royal Avenue 1, Chelsea"
"LINESTRING (-0.122806 51.490435,-0.162727 51.489932", "From Albert Embankment, Vauxhall to Royal Avenue 1, Chelsea"
"LINESTRING (-0.214749 51.473036,-0.162727 51.489932", "From Bishop's Avenue, Fulham to Royal Avenue 1, Chelsea"
"LINESTRING (-0.147478 51.492369,-0.162727 51.489932", "From Elizabeth Bridge, Victoria to Royal Avenue 1, Chelsea"
"LINESTRING (-0.167919 51.484984,-0.162727 51.489932", "From Phene Street, Chelsea to Royal Avenue 1, Chelsea"
"LINESTRING (-0.123823 51.501513,-0.162727 51.489932", "From Westminster Pier, Westminster to Royal Avenue 1, Chelsea"
"LINESTRING (-0.19701 51.473763,-0.162727 51.489932", "From Irene Road, Parsons Green to Royal Avenue 1, Chelsea"
"LINESTRING (-0.172528 51.533043,-0.162727 51.489932", "From Wellington Road, St. John's Wood to Royal Avenue 1, Chelsea"
"LINESTRING (-0.17581 51.517335,-0.162727 51.489932", "From South Wharf Road, Paddington to Royal Avenue 1, Chelsea"
"LINESTRING (-0.215618 51.464786,-0.162727 51.489932", "From Felsham Road, Putney to Royal Avenue 1, Chelsea"
"LINESTRING (-0.19701 51.473763,-0.162727 51.489932", "From Irene Road, Parsons Green to Royal Avenue 1, Chelsea"
"LINESTRING (-0.229116 51.492084,-0.162727 51.489932", "From Bridge Avenue, Hammersmith to Royal Avenue 1, Chelsea"
"LINESTRING (-0.147624 51.49395,-0.162727 51.489932", "From Eccleston Place, Victoria to Royal Avenue 1, Chelsea"
"LINESTRING (-0.166878 51.488023,-0.162727 51.489932", "From Flood Street, Chelsea to Royal Avenue 1, Chelsea"
"LINESTRING (-0.173757 51.496471,-0.162727 51.489932", "From Exhibition Road Museums 1, South Kensington to Royal Avenue 1, Chelsea"
"LINESTRING (-0.19701 51.473763,-0.162727 51.489932", "From Irene Road, Parsons Green to Royal Avenue 1, Chelsea"
"LINESTRING (-0.087587 51.514441,-0.079249 51.518908", "From Bank of England Museum, Bank to Brushfield Street, Liverpool Street"
"LINESTRING (-0.06555 51.528681,-0.079249 51.518908", "From Durant Street, Bethnal Green to Brushfield Street, Liverpool Street"
"LINESTRING (-0.098807 51.506725,-0.079249 51.518908", "From Tate Modern, Bankside to Brushfield Street, Liverpool Street"
"LINESTRING (-0.09734 51.520841,-0.079249 51.518908", "From Aldersgate Street, Barbican to Brushfield Street, Liverpool Street"
"LINESTRING (-0.033085 51.532513,-0.079249 51.518908", "From Ford Road, Old Ford to Brushfield Street, Liverpool Street"
"LINESTRING (-0.067937 51.51793,-0.079249 51.518908", "From Old Montague Street, Whitechapel to Brushfield Street, Liverpool Street"
"LINESTRING (-0.079249 51.518908,-0.079249 51.518908", "From Brushfield Street, Liverpool Street to Brushfield Street, Liverpool Street"
"LINESTRING (-0.062546 51.535678,-0.079249 51.518908", "From Regent's Row , Haggerston to Brushfield Street, Liverpool Street"
"LINESTRING (-0.07962 51.503493,-0.079249 51.518908", "From Tooley Street, Bermondsey to Brushfield Street, Liverpool Street"
"LINESTRING (-0.076341 51.534464,-0.079249 51.518908", "From Whiston Road, Haggerston to Brushfield Street, Liverpool Street"
"LINESTRING (-0.123616 51.529943,-0.079249 51.518908", "From Belgrove Street , King's Cross to Brushfield Street, Liverpool Street"
"LINESTRING (-0.155442 51.474376,-0.079249 51.518908", "From Austin Road, Battersea Park to Brushfield Street, Liverpool Street"
"LINESTRING (-0.079201 51.537277,-0.079249 51.518908", "From Hertford Road, De Beauvoir Town to Brushfield Street, Liverpool Street"
"LINESTRING (-0.025492 51.530535,-0.079249 51.518908", "From Mostyn Grove, Bow to Brushfield Street, Liverpool Street"
"LINESTRING (-0.121394 51.493699,-0.079249 51.518908", "From Fire Brigade Pier, Vauxhall to Brushfield Street, Liverpool Street"
"LINESTRING (-0.071881 51.534776,-0.079249 51.518908", "From Thurtle Road, Haggerston to Brushfield Street, Liverpool Street"
"LINESTRING (-0.07962 51.503493,-0.079249 51.518908", "From Tooley Street, Bermondsey to Brushfield Street, Liverpool Street"
"LINESTRING (-0.074754 51.523648,-0.079249 51.518908", "From Bethnal Green Road, Shoreditch to Brushfield Street, Liverpool Street"
"LINESTRING (-0.127575 51.495805,-0.079249 51.518908", "From Smith Square, Westminster to Brushfield Street, Liverpool Street"
"LINESTRING (-0.089887 51.520858,-0.079249 51.518908", "From Bunhill Row, Moorgate to Brushfield Street, Liverpool Street"
"LINESTRING (-0.068856 51.521776,-0.079249 51.518908", "From Buxton Street 1, Shoreditch to Brushfield Street, Liverpool Street"
"LINESTRING (-0.123616 51.529943,-0.079249 51.518908", "From Belgrove Street , King's Cross to Brushfield Street, Liverpool Street"
"LINESTRING (-0.078869 51.521113,-0.079249 51.518908", "From Norton Folgate, Liverpool Street to Brushfield Street, Liverpool Street"
"LINESTRING (-0.114079 51.522264,-0.079249 51.518908", "From Northington Street , Holborn to Brushfield Street, Liverpool Street"
"LINESTRING (-0.079201 51.537277,-0.079249 51.518908", "From Hertford Road, De Beauvoir Town to Brushfield Street, Liverpool Street"
"LINESTRING (-0.127854 51.517727,-0.079249 51.518908", "From Great Russell Street, Bloomsbury to Brushfield Street, Liverpool Street"
"LINESTRING (-0.075578 51.52127,-0.079249 51.518908", "From Commercial Street, Shoreditch to Brushfield Street, Liverpool Street"
"LINESTRING (-0.12335 51.51746,-0.079249 51.518908", "From Bury Place, Holborn to Brushfield Street, Liverpool Street"
"LINESTRING (-0.102208 51.526153,-0.079249 51.518908", "From Percival Street, Finsbury to Brushfield Street, Liverpool Street"
"LINESTRING (-0.108068 51.527842,-0.079249 51.518908", "From Hardwick Street, Clerkenwell to Brushfield Street, Liverpool Street"
"LINESTRING (-0.060291 51.535716,-0.079249 51.518908", "From Ada Street, Hackney Central to Brushfield Street, Liverpool Street"
"LINESTRING (-0.093913 51.496791,-0.079249 51.518908", "From Dickens Square, Borough to Brushfield Street, Liverpool Street"
"LINESTRING (-0.112031 51.49914,-0.079249 51.518908", "From Lambeth North Station, Waterloo to Brushfield Street, Liverpool Street"
"LINESTRING (-0.093051 51.511246,-0.079249 51.518908", "From Queen Street 2, Bank to Brushfield Street, Liverpool Street"
"LINESTRING (-0.075459 51.509506,-0.079249 51.518908", "From Tower Gardens , Tower to Brushfield Street, Liverpool Street"
"LINESTRING (-0.066035 51.531864,-0.079249 51.518908", "From Goldsmith's Row, Haggerston to Brushfield Street, Liverpool Street"
"LINESTRING (-0.142844 51.506613,-0.079249 51.518908", "From Green Park Station, Mayfair to Brushfield Street, Liverpool Street"
"LINESTRING (-0.078505 51.53095,-0.079249 51.518908", "From Falkirk Street, Hoxton to Brushfield Street, Liverpool Street"
"LINESTRING (-0.066078 51.514924,-0.079249 51.518908", "From LMU Commercial Road, Whitechapel to Brushfield Street, Liverpool Street"
"LINESTRING (-0.066035 51.531864,-0.079249 51.518908", "From Goldsmith's Row, Haggerston to Brushfield Street, Liverpool Street"
"LINESTRING (-0.093421 51.529154,-0.079249 51.518908", "From Windsor Terrace, Hoxton to Brushfield Street, Liverpool Street"
"LINESTRING (-0.092754 51.505974,-0.079249 51.518908", "From Park Street, Bankside to Brushfield Street, Liverpool Street"
"LINESTRING (-0.071653 51.522617,-0.079249 51.518908", "From Brick Lane Market, Shoreditch to Brushfield Street, Liverpool Street"
"LINESTRING (-0.07962 51.503493,-0.079249 51.518908", "From Tooley Street, Bermondsey to Brushfield Street, Liverpool Street"
"LINESTRING (-0.042744 51.530326,-0.079249 51.518908", "From Twig Folly Bridge, Mile End to Brushfield Street, Liverpool Street"
"LINESTRING (-0.070329 51.539083,-0.079249 51.518908", "From Shoreditch Court, Haggerston to Brushfield Street, Liverpool Street"
"LINESTRING (-0.075578 51.52127,-0.079249 51.518908", "From Commercial Street, Shoreditch to Brushfield Street, Liverpool Street"
"LINESTRING (-0.082422 51.516154,-0.079249 51.518908", "From Wormwood Street, Liverpool Street to Brushfield Street, Liverpool Street"
"LINESTRING (-0.087587 51.514441,-0.079249 51.518908", "From Bank of England Museum, Bank to Brushfield Street, Liverpool Street"
"LINESTRING (-0.13225 51.528833,-0.079249 51.518908", "From Doric Way , Somers Town to Brushfield Street, Liverpool Street"
"LINESTRING (-0.078869 51.521113,-0.079249 51.518908", "From Norton Folgate, Liverpool Street to Brushfield Street, Liverpool Street"
"LINESTRING (-0.076341 51.534464,-0.079249 51.518908", "From Whiston Road, Haggerston to Brushfield Street, Liverpool Street"
"LINESTRING (-0.113426 51.503919,-0.079249 51.518908", "From Waterloo Station 2, Waterloo to Brushfield Street, Liverpool Street"
"LINESTRING (-0.038557 51.541515,-0.079249 51.518908", "From Gascoyne Road, Victoria Park to Brushfield Street, Liverpool Street"
"LINESTRING (-0.124469 51.485917,-0.079249 51.518908", "From Vauxhall Cross, Vauxhall to Brushfield Street, Liverpool Street"
"LINESTRING (-0.085814 51.495061,-0.079249 51.518908", "From Bricklayers Arms, Borough to Brushfield Street, Liverpool Street"
"LINESTRING (-0.081608 51.497855,-0.079249 51.518908", "From Bermondsey Street, Bermondsey to Brushfield Street, Liverpool Street"
"LINESTRING (-0.067937 51.51793,-0.079249 51.518908", "From Old Montague Street, Whitechapel to Brushfield Street, Liverpool Street"
"LINESTRING (-0.075885 51.536585,-0.079249 51.518908", "From Dunston Road , Haggerston to Brushfield Street, Liverpool Street"
"LINESTRING (-0.089782 51.53089,-0.079249 51.518908", "From Murray Grove , Hoxton to Brushfield Street, Liverpool Street"
"LINESTRING (-0.075578 51.52127,-0.079249 51.518908", "From Commercial Street, Shoreditch to Brushfield Street, Liverpool Street"
"LINESTRING (-0.038775 51.516,-0.079249 51.518908", "From Aston Street, Stepney to Brushfield Street, Liverpool Street"
"LINESTRING (-0.034903 51.518541,-0.079249 51.518908", "From Mile End Stadium, Mile End to Brushfield Street, Liverpool Street"
"LINESTRING (-0.137043 51.511897,-0.079249 51.518908", "From Golden Square, Soho to Brushfield Street, Liverpool Street"
"LINESTRING (-0.108068 51.527842,-0.079249 51.518908", "From Hardwick Street, Clerkenwell to Brushfield Street, Liverpool Street"
"LINESTRING (-0.066078 51.514924,-0.079249 51.518908", "From LMU Commercial Road, Whitechapel to Brushfield Street, Liverpool Street"
"LINESTRING (-0.038775 51.516,-0.079249 51.518908", "From Aston Street, Stepney to Brushfield Street, Liverpool Street"
"LINESTRING (-0.093913 51.496791,-0.079249 51.518908", "From Dickens Square, Borough to Brushfield Street, Liverpool Street"
"LINESTRING (-0.071653 51.522617,-0.079249 51.518908", "From Brick Lane Market, Shoreditch to Brushfield Street, Liverpool Street"
"LINESTRING (-0.104778 51.504044,-0.079249 51.518908", "From Southwark Station 2, Southwark to Brushfield Street, Liverpool Street"
"LINESTRING (-0.082989 51.510484,-0.079249 51.518908", "From Great Tower Street, Monument to Brushfield Street, Liverpool Street"
"LINESTRING (-0.086379 51.534042,-0.079249 51.518908", "From Shoreditch Park, Hoxton to Brushfield Street, Liverpool Street"
"LINESTRING (-0.093913 51.496791,-0.079249 51.518908", "From Dickens Square, Borough to Brushfield Street, Liverpool Street"
"LINESTRING (-0.07962 51.503493,-0.079249 51.518908", "From Tooley Street, Bermondsey to Brushfield Street, Liverpool Street"
"LINESTRING (-0.127554 51.493978,-0.079249 51.518908", "From Page Street, Westminster to Brushfield Street, Liverpool Street"
"LINESTRING (-0.06992 51.53385,-0.079249 51.518908", "From Queensbridge Road, Haggerston to Brushfield Street, Liverpool Street"
"LINESTRING (-0.071881 51.534776,-0.079249 51.518908", "From Thurtle Road, Haggerston to Brushfield Street, Liverpool Street"
"LINESTRING (-0.068856 51.521776,-0.079249 51.518908", "From Buxton Street 1, Shoreditch to Brushfield Street, Liverpool Street"
"LINESTRING (-0.032566 51.520597,-0.079249 51.518908", "From Mile End Park Leisure Centre, Mile End to Brushfield Street, Liverpool Street"
"LINESTRING (-0.079249 51.518908,-0.079249 51.518908", "From Brushfield Street, Liverpool Street to Brushfield Street, Liverpool Street"
"LINESTRING (-0.108028 51.518825,-0.079249 51.518908", "From Hatton Garden, Holborn to Brushfield Street, Liverpool Street"
"LINESTRING (-0.113864 51.504027,-0.079249 51.518908", "From Waterloo Station 1, Waterloo to Brushfield Street, Liverpool Street"
"LINESTRING (-0.128585 51.516118,-0.079249 51.518908", "From Earnshaw Street , Covent Garden to Brushfield Street, Liverpool Street"
"LINESTRING (-0.098807 51.506725,-0.079249 51.518908", "From Tate Modern, Bankside to Brushfield Street, Liverpool Street"
"LINESTRING (-0.085666 51.499075,-0.079249 51.518908", "From Long Lane , Bermondsey to Brushfield Street, Liverpool Street"
"LINESTRING (-0.10834 51.52352,-0.079249 51.518908", "From Farringdon Lane, Clerkenwell to Brushfield Street, Liverpool Street"
"LINESTRING (-0.067937 51.51793,-0.079249 51.518908", "From Old Montague Street, Whitechapel to Brushfield Street, Liverpool Street"
"LINESTRING (-0.078505 51.53095,-0.079249 51.518908", "From Falkirk Street, Hoxton to Brushfield Street, Liverpool Street"
"LINESTRING (-0.087587 51.514441,-0.079249 51.518908", "From Bank of England Museum, Bank to Brushfield Street, Liverpool Street"
"LINESTRING (-0.108068 51.527842,-0.079249 51.518908", "From Hardwick Street, Clerkenwell to Brushfield Street, Liverpool Street"
"LINESTRING (-0.033085 51.532513,-0.079249 51.518908", "From Ford Road, Old Ford to Brushfield Street, Liverpool Street"
"LINESTRING (-0.130504 51.526838,-0.079249 51.518908", "From Endsleigh Gardens, Euston to Brushfield Street, Liverpool Street"
"LINESTRING (-0.06415 51.51295,-0.079249 51.518908", "From Christian Street, Whitechapel to Brushfield Street, Liverpool Street"
"LINESTRING (-0.083159 51.500889,-0.079249 51.518908", "From Tyers Gate, Bermondsey to Brushfield Street, Liverpool Street"
"LINESTRING (-0.124469 51.485917,-0.079249 51.518908", "From Vauxhall Cross, Vauxhall to Brushfield Street, Liverpool Street"
"LINESTRING (-0.069543 51.525645,-0.079249 51.518908", "From Granby Street, Shoreditch to Brushfield Street, Liverpool Street"
"LINESTRING (-0.082989 51.510484,-0.079249 51.518908", "From Great Tower Street, Monument to Brushfield Street, Liverpool Street"
"LINESTRING (-0.068856 51.521776,-0.079249 51.518908", "From Buxton Street 1, Shoreditch to Brushfield Street, Liverpool Street"
"LINESTRING (-0.093051 51.511246,-0.079249 51.518908", "From Queen Street 2, Bank to Brushfield Street, Liverpool Street"
"LINESTRING (-0.069543 51.525645,-0.079249 51.518908", "From Granby Street, Shoreditch to Brushfield Street, Liverpool Street"
"LINESTRING (-0.075901 51.531091,-0.079249 51.518908", "From Hoxton Station, Hoxton to Brushfield Street, Liverpool Street"
"LINESTRING (-0.07962 51.503493,-0.079249 51.518908", "From Tooley Street, Bermondsey to Brushfield Street, Liverpool Street"
"LINESTRING (-0.065076 51.52388,-0.079249 51.518908", "From Cheshire Street, Bethnal Green to Brushfield Street, Liverpool Street"
"LINESTRING (-0.105344 51.515059,-0.079249 51.518908", "From St. Bride Street, Holborn to Brushfield Street, Liverpool Street"
"LINESTRING (-0.088285 51.519069,-0.079249 51.518908", "From Moorfields, Moorgate to Brushfield Street, Liverpool Street"
"LINESTRING (-0.075375 51.528187,-0.079249 51.518908", "From Columbia Road, Shoreditch to Brushfield Street, Liverpool Street"
"LINESTRING (-0.119047 51.509631,-0.079249 51.518908", "From Embankment (Savoy), Strand to Brushfield Street, Liverpool Street"
"LINESTRING (-0.112721 51.536392,-0.079249 51.518908", "From Charlotte Terrace, Angel to Brushfield Street, Liverpool Street"
"LINESTRING (-0.091773 51.504627,-0.116542 51.504636", "From Hop Exchange, The Borough to Jubilee Gardens, South Bank"
"LINESTRING (-0.126021 51.508103,-0.116542 51.504636", "From Craven Street, Strand to Jubilee Gardens, South Bank"
"LINESTRING (-0.126021 51.508103,-0.116542 51.504636", "From Craven Street, Strand to Jubilee Gardens, South Bank"
"LINESTRING (-0.069542 51.512363,-0.116542 51.504636", "From Leman Street, Aldgate to Jubilee Gardens, South Bank"
"LINESTRING (-0.116542 51.504636,-0.116542 51.504636", "From Jubilee Gardens, South Bank to Jubilee Gardens, South Bank"
"LINESTRING (-0.099981 51.532661,-0.116542 51.504636", "From Graham Street, Angel to Jubilee Gardens, South Bank"
"LINESTRING (-0.131773 51.506633,-0.116542 51.504636", "From Waterloo Place, St. James's to Jubilee Gardens, South Bank"
"LINESTRING (-0.104193 51.49605,-0.116542 51.504636", "From Gaywood  Street, Elephant & Castle to Jubilee Gardens, South Bank"
"LINESTRING (-0.126021 51.508103,-0.116542 51.504636", "From Craven Street, Strand to Jubilee Gardens, South Bank"
"LINESTRING (-0.111471 51.479601,-0.116542 51.504636", "From Cranmer Road, Stockwell to Jubilee Gardens, South Bank"
"LINESTRING (-0.125979 51.526357,-0.116542 51.504636", "From Cartwright Gardens , Bloomsbury to Jubilee Gardens, South Bank"
"LINESTRING (-0.131773 51.506633,-0.116542 51.504636", "From Waterloo Place, St. James's to Jubilee Gardens, South Bank"
"LINESTRING (-0.129698 51.500703,-0.116542 51.504636", "From Storey's Gate, Westminster to Jubilee Gardens, South Bank"
"LINESTRING (-0.141923 51.489856,-0.116542 51.504636", "From Warwick Square, Pimlico to Jubilee Gardens, South Bank"
"LINESTRING (-0.09734 51.520841,-0.116542 51.504636", "From Aldersgate Street, Barbican to Jubilee Gardens, South Bank"
"LINESTRING (-0.170983 51.486892,-0.116542 51.504636", "From Manresa Road, Chelsea to Jubilee Gardens, South Bank"
"LINESTRING (-0.116542 51.504636,-0.116542 51.504636", "From Jubilee Gardens, South Bank to Jubilee Gardens, South Bank"
"LINESTRING (-0.091938 51.492807,-0.116542 51.504636", "From Victory Place, Walworth to Jubilee Gardens, South Bank"
"LINESTRING (-0.124469 51.485917,-0.116542 51.504636", "From Vauxhall Cross, Vauxhall to Jubilee Gardens, South Bank"
"LINESTRING (-0.098497 51.503688,-0.116542 51.504636", "From Union Street, The Borough to Jubilee Gardens, South Bank"
"LINESTRING (-0.124749 51.509462,-0.116542 51.504636", "From William IV Street, Strand to Jubilee Gardens, South Bank"
"LINESTRING (-0.106823 51.508033,-0.116542 51.504636", "From Sea Containers, South Bank to Jubilee Gardens, South Bank"
"LINESTRING (-0.098497 51.503688,-0.116542 51.504636", "From Union Street, The Borough to Jubilee Gardens, South Bank"
"LINESTRING (-0.117974 51.494881,-0.116542 51.504636", "From Lambeth Road, Vauxhall to Jubilee Gardens, South Bank"
"LINESTRING (-0.141923 51.489856,-0.116542 51.504636", "From Warwick Square, Pimlico to Jubilee Gardens, South Bank"
"LINESTRING (-0.098807 51.506725,-0.116542 51.504636", "From Tate Modern, Bankside to Jubilee Gardens, South Bank"
"LINESTRING (-0.10454 51.505461,-0.116542 51.504636", "From Blackfriars Road, Southwark to Jubilee Gardens, South Bank"
"LINESTRING (-0.124469 51.485917,-0.116542 51.504636", "From Vauxhall Cross, Vauxhall to Jubilee Gardens, South Bank"
"LINESTRING (-0.123258 51.476149,-0.116542 51.504636", "From Teversham Lane, Stockwell to Jubilee Gardens, South Bank"
"LINESTRING (-0.129698 51.500703,-0.116542 51.504636", "From Storey's Gate, Westminster to Jubilee Gardens, South Bank"
"LINESTRING (-0.123702 51.506767,-0.116542 51.504636", "From Northumberland Avenue, Strand to Jubilee Gardens, South Bank"
"LINESTRING (-0.179854 51.501715,-0.116542 51.504636", "From Queen's Gate, Kensington Gardens to Jubilee Gardens, South Bank"
"LINESTRING (-0.096496 51.517821,-0.116542 51.504636", "From Museum of London, Barbican to Jubilee Gardens, South Bank"
"LINESTRING (-0.098497 51.503688,-0.116542 51.504636", "From Union Street, The Borough to Jubilee Gardens, South Bank"
"LINESTRING (-0.098497 51.503688,-0.116542 51.504636", "From Union Street, The Borough to Jubilee Gardens, South Bank"
"LINESTRING (-0.122492 51.486343,-0.116542 51.504636", "From Kennington Lane Rail Bridge, Vauxhall to Jubilee Gardens, South Bank"
"LINESTRING (-0.113864 51.504027,-0.116542 51.504636", "From Waterloo Station 1, Waterloo to Jubilee Gardens, South Bank"
"LINESTRING (-0.128377 51.523673,-0.116542 51.504636", "From Bedford Way, Bloomsbury to Jubilee Gardens, South Bank"
"LINESTRING (-0.113864 51.504027,-0.116542 51.504636", "From Waterloo Station 1, Waterloo to Jubilee Gardens, South Bank"
"LINESTRING (-0.100791 51.518218,-0.116542 51.504636", "From West Smithfield Rotunda, Farringdon to Jubilee Gardens, South Bank"
"LINESTRING (-0.069542 51.512363,-0.116542 51.504636", "From Leman Street, Aldgate to Jubilee Gardens, South Bank"
"LINESTRING (-0.111435 51.48894,-0.116542 51.504636", "From Kennington Cross, Kennington to Jubilee Gardens, South Bank"
"LINESTRING (-0.096518 51.491327,-0.116542 51.504636", "From Walworth Square, Walworth to Jubilee Gardens, South Bank"
"LINESTRING (-0.086379 51.534042,-0.086379 51.534042", "From Shoreditch Park, Hoxton to Shoreditch Park, Hoxton"
"LINESTRING (-0.123179 51.506543,-0.086379 51.534042", "From Whitehall Place, Strand to Shoreditch Park, Hoxton"
"LINESTRING (-0.051394 51.520893,-0.086379 51.534042", "From Cleveland Way, Stepney to Shoreditch Park, Hoxton"
"LINESTRING (-0.125078 51.534667,-0.086379 51.534042", "From Good's Way, King's Cross to Shoreditch Park, Hoxton"
"LINESTRING (-0.102757 51.536384,-0.086379 51.534042", "From Islington Green, Angel to Shoreditch Park, Hoxton"
"LINESTRING (-0.073438 51.51838,-0.086379 51.534042", "From Fashion Street, Whitechapel to Shoreditch Park, Hoxton"
"LINESTRING (-0.079249 51.518908,-0.086379 51.534042", "From Brushfield Street, Liverpool Street to Shoreditch Park, Hoxton"
"LINESTRING (-0.081608 51.497855,-0.086379 51.534042", "From Bermondsey Street, Bermondsey to Shoreditch Park, Hoxton"
"LINESTRING (-0.130504 51.526838,-0.086379 51.534042", "From Endsleigh Gardens, Euston to Shoreditch Park, Hoxton"
"LINESTRING (-0.079248 51.524526,-0.086379 51.534042", "From New Inn Yard, Shoreditch to Shoreditch Park, Hoxton"
"LINESTRING (-0.084439 51.524696,-0.086379 51.534042", "From Leonard Circus , Shoreditch to Shoreditch Park, Hoxton"
"LINESTRING (-0.085603 51.53095,-0.086379 51.534042", "From New North Road 1, Hoxton to Shoreditch Park, Hoxton"
"LINESTRING (-0.079249 51.518908,-0.086379 51.534042", "From Brushfield Street, Liverpool Street to Shoreditch Park, Hoxton"
"LINESTRING (-0.067937 51.51793,-0.086379 51.534042", "From Old Montague Street, Whitechapel to Shoreditch Park, Hoxton"
"LINESTRING (-0.074754 51.523648,-0.086379 51.534042", "From Bethnal Green Road, Shoreditch to Shoreditch Park, Hoxton"
"LINESTRING (-0.075855 51.517475,-0.086379 51.534042", "From Bell Lane, Liverpool Street to Shoreditch Park, Hoxton"
"LINESTRING (-0.079249 51.518908,-0.086379 51.534042", "From Brushfield Street, Liverpool Street to Shoreditch Park, Hoxton"
"LINESTRING (-0.09734 51.520841,-0.086379 51.534042", "From Aldersgate Street, Barbican to Shoreditch Park, Hoxton"
"LINESTRING (-0.075855 51.517475,-0.086379 51.534042", "From Bell Lane, Liverpool Street to Shoreditch Park, Hoxton"
"LINESTRING (-0.103604 51.517334,-0.086379 51.534042", "From Snow Hill, Farringdon to Shoreditch Park, Hoxton"
"LINESTRING (-0.090847 51.525893,-0.086379 51.534042", "From Bath Street, St. Luke's to Shoreditch Park, Hoxton"
"LINESTRING (-0.07813 51.526377,-0.086379 51.534042", "From Shoreditch High Street, Shoreditch to Shoreditch Park, Hoxton"
"LINESTRING (-0.074284 51.539328,-0.086379 51.534042", "From Haggerston Road, Haggerston to Shoreditch Park, Hoxton"
"LINESTRING (-0.102757 51.536384,-0.086379 51.534042", "From Islington Green, Angel to Shoreditch Park, Hoxton"
"LINESTRING (-0.083493 51.520955,-0.086379 51.534042", "From Pindar Street, Liverpool Street to Shoreditch Park, Hoxton"
"LINESTRING (-0.099981 51.532661,-0.086379 51.534042", "From Graham Street, Angel to Shoreditch Park, Hoxton"
"LINESTRING (-0.10997 51.529163,-0.086379 51.534042", "From River Street , Clerkenwell to Shoreditch Park, Hoxton"
"LINESTRING (-0.096317 51.526008,-0.086379 51.534042", "From Finsbury Leisure Centre, St. Luke's to Shoreditch Park, Hoxton"
"LINESTRING (-0.113426 51.503919,-0.106408 51.530515", "From Waterloo Station 2, Waterloo to Chadwell Street, Angel"
"LINESTRING (-0.117863 51.515208,-0.106408 51.530515", "From Sardinia Street, Holborn to Chadwell Street, Angel"
"LINESTRING (-0.096496 51.517821,-0.106408 51.530515", "From Museum of London, Barbican to Chadwell Street, Angel"
"LINESTRING (-0.148105 51.514759,-0.106408 51.530515", "From Marylebone Lane, Marylebone to Chadwell Street, Angel"
"LINESTRING (-0.112824 51.503791,-0.106408 51.530515", "From Waterloo Station 3, Waterloo to Chadwell Street, Angel"
"LINESTRING (-0.079201 51.537277,-0.106408 51.530515", "From Hertford Road, De Beauvoir Town to Chadwell Street, Angel"
"LINESTRING (-0.145211 51.520715,-0.106408 51.530515", "From Portland Place, Marylebone to Chadwell Street, Angel"
"LINESTRING (-0.096317 51.526008,-0.106408 51.530515", "From Finsbury Leisure Centre, St. Luke's to Chadwell Street, Angel"
"LINESTRING (-0.060291 51.535716,-0.106408 51.530515", "From Ada Street, Hackney Central to Chadwell Street, Angel"
"LINESTRING (-0.079201 51.537277,-0.106408 51.530515", "From Hertford Road, De Beauvoir Town to Chadwell Street, Angel"
"LINESTRING (-0.138231 51.525542,-0.106408 51.530515", "From Hampstead Road, Euston to Chadwell Street, Angel"
"LINESTRING (-0.109256 51.526443,-0.106408 51.530515", "From Tysoe Street, Clerkenwell to Chadwell Street, Angel"
"LINESTRING (-0.111778 51.515937,-0.106408 51.530515", "From Breams Buildings, Holborn to Chadwell Street, Angel"
"LINESTRING (-0.038986 51.512871,-0.106408 51.530515", "From Flamborough Street, Limehouse to Chadwell Street, Angel"
"LINESTRING (-0.106408 51.530515,-0.106408 51.530515", "From Chadwell Street, Angel to Chadwell Street, Angel"
"LINESTRING (-0.131213 51.513103,-0.106408 51.530515", "From Frith Street, Soho to Chadwell Street, Angel"
"LINESTRING (-0.104708 51.52326,-0.106408 51.530515", "From Clerkenwell Green, Clerkenwell to Chadwell Street, Angel"
"LINESTRING (-0.112721 51.536392,-0.106408 51.530515", "From Charlotte Terrace, Angel to Chadwell Street, Angel"
"LINESTRING (-0.174593 51.520205,-0.179592 51.525575", "From Paddington Green, Paddington to Clifton Road, Maida Vale"
"LINESTRING (-0.156285 51.535836,-0.179592 51.525575", "From London Zoo,  The Regent's Park to Clifton Road, Maida Vale"
"LINESTRING (-0.183846 51.523344,-0.179592 51.525575", "From Warwick Avenue Station, Maida Vale to Clifton Road, Maida Vale"
"LINESTRING (-0.158249 51.516892,-0.179592 51.525575", "From George Place Mews, Marylebone to Clifton Road, Maida Vale"
"LINESTRING (-0.164032 51.525194,-0.179592 51.525575", "From Rossmore Road, Marylebone to Clifton Road, Maida Vale"
"LINESTRING (-0.18697 51.51616,-0.179592 51.525575", "From Bishop's Bridge Road West, Bayswater to Clifton Road, Maida Vale"
"LINESTRING (-0.188098 51.517919,-0.179592 51.525575", "From Gloucester Terrace, Bayswater to Clifton Road, Maida Vale"
"LINESTRING (-0.188098 51.517919,-0.179592 51.525575", "From Gloucester Terrace, Bayswater to Clifton Road, Maida Vale"
"LINESTRING (-0.116688 51.520596,-0.179592 51.525575", "From Theobald's Road , Holborn to Clifton Road, Maida Vale"
"LINESTRING (-0.18697 51.51616,-0.179592 51.525575", "From Bishop's Bridge Road West, Bayswater to Clifton Road, Maida Vale"
"LINESTRING (-0.144466 51.528302,-0.179592 51.525575", "From Albany Street, The Regent's Park to Clifton Road, Maida Vale"
"LINESTRING (-0.154106 51.517703,-0.179592 51.525575", "From George Street, Marylebone to Clifton Road, Maida Vale"
"LINESTRING (-0.200838 51.514311,-0.179592 51.525575", "From Turquoise Island, Notting Hill to Clifton Road, Maida Vale"
"LINESTRING (-0.171103 51.518268,-0.179592 51.525575", "From St Mary's Hospital, Paddington to Clifton Road, Maida Vale"
"LINESTRING (-0.178732 51.493967,-0.116764 51.51362", "From Queen's Gate (Central), South Kensington to Houghton Street, Strand"
"LINESTRING (-0.148105 51.514759,-0.116764 51.51362", "From Marylebone Lane, Marylebone to Houghton Street, Strand"
"LINESTRING (-0.10834 51.52352,-0.116764 51.51362", "From Farringdon Lane, Clerkenwell to Houghton Street, Strand"
"LINESTRING (-0.112824 51.503791,-0.116764 51.51362", "From Waterloo Station 3, Waterloo to Houghton Street, Strand"
"LINESTRING (-0.13011 51.513527,-0.116764 51.51362", "From Moor Street, Soho to Houghton Street, Strand"
"LINESTRING (-0.114605 51.495656,-0.116764 51.51362", "From Sail Street, Vauxhall to Houghton Street, Strand"
"LINESTRING (-0.17306 51.505014,-0.116764 51.51362", "From Serpentine Car Park, Hyde Park to Houghton Street, Strand"
"LINESTRING (-0.098807 51.506725,-0.116764 51.51362", "From Tate Modern, Bankside to Houghton Street, Strand"
"LINESTRING (-0.131161 51.52505,-0.116764 51.51362", "From Taviton Street, Bloomsbury to Houghton Street, Strand"
"LINESTRING (-0.117069 51.53136,-0.116764 51.51362", "From Calshot Street , King's Cross to Houghton Street, Strand"
"LINESTRING (-0.079201 51.537277,-0.116764 51.51362", "From Hertford Road, De Beauvoir Town to Houghton Street, Strand"
"LINESTRING (-0.077121 51.511594,-0.116764 51.51362", "From Crosswall, Tower to Houghton Street, Strand"
"LINESTRING (-0.153933 51.494561,-0.116764 51.51362", "From Eaton Square (South), Belgravia to Houghton Street, Strand"
"LINESTRING (-0.138072 51.517344,-0.154907 51.522481", "From Wells Street, Fitzrovia to Westminster University, Marylebone"
"LINESTRING (-0.138019 51.524438,-0.154907 51.522481", "From Warren Street Station, Euston to Westminster University, Marylebone"
"LINESTRING (-0.102091 51.500693,-0.154907 51.522481", "From Webber Street , Southwark to Westminster University, Marylebone"
"LINESTRING (-0.179702 51.499428,-0.154907 51.522481", "From Imperial College, Knightsbridge to Westminster University, Marylebone"
"LINESTRING (-0.141327 51.520253,-0.154907 51.522481", "From Great Titchfield Street, Fitzrovia to Westminster University, Marylebone"
"LINESTRING (-0.15352 51.503117,-0.154907 51.522481", "From Hyde Park Corner, Hyde Park to Westminster University, Marylebone"
"LINESTRING (-0.127854 51.517727,-0.154907 51.522481", "From Great Russell Street, Bloomsbury to Westminster University, Marylebone"
"LINESTRING (-0.15352 51.503117,-0.154907 51.522481", "From Hyde Park Corner, Hyde Park to Westminster University, Marylebone"
"LINESTRING (-0.14326 51.541007,-0.154907 51.522481", "From Hawley Crescent, Camden Town to Westminster University, Marylebone"
"LINESTRING (-0.130504 51.526838,-0.154907 51.522481", "From Endsleigh Gardens, Euston to Westminster University, Marylebone"
"LINESTRING (-0.132053 51.518587,-0.154907 51.522481", "From Bayley Street , Bloomsbury to Westminster University, Marylebone"
"LINESTRING (-0.13011 51.513527,-0.154907 51.522481", "From Moor Street, Soho to Westminster University, Marylebone"
"LINESTRING (-0.126021 51.508103,-0.154907 51.522481", "From Craven Street, Strand to Westminster University, Marylebone"
"LINESTRING (-0.161113 51.522596,-0.154907 51.522481", "From Dorset Square, Marylebone to Westminster University, Marylebone"
"LINESTRING (-0.132053 51.518587,-0.154907 51.522481", "From Bayley Street , Bloomsbury to Westminster University, Marylebone"
"LINESTRING (-0.15352 51.503117,-0.178656 51.501432", "From Hyde Park Corner, Hyde Park to Kensington Gore, Knightsbridge"
"LINESTRING (-0.111257 51.514274,-0.178656 51.501432", "From Chancery Lane, Holborn to Kensington Gore, Knightsbridge"
"LINESTRING (-0.196422 51.509353,-0.178656 51.501432", "From Notting Hill Gate Station, Notting Hill to Kensington Gore, Knightsbridge"
"LINESTRING (-0.162418 51.490083,-0.178656 51.501432", "From Royal Avenue 2, Chelsea to Kensington Gore, Knightsbridge"
"LINESTRING (-0.196422 51.509353,-0.178656 51.501432", "From Notting Hill Gate Station, Notting Hill to Kensington Gore, Knightsbridge"
"LINESTRING (-0.165668 51.524561,-0.178656 51.501432", "From Broadley Terrace, Marylebone to Kensington Gore, Knightsbridge"
"LINESTRING (-0.165842 51.522029,-0.178656 51.501432", "From Bell Street , Marylebone to Kensington Gore, Knightsbridge"
"LINESTRING (-0.217515 51.500353,-0.178656 51.501432", "From Richmond Way, Shepherd's Bush to Kensington Gore, Knightsbridge"
"LINESTRING (-0.191351 51.513489,-0.178656 51.501432", "From Princes Square, Bayswater to Kensington Gore, Knightsbridge"
"LINESTRING (-0.157275 51.510017,-0.178656 51.501432", "From Park Lane , Hyde Park to Kensington Gore, Knightsbridge"
"LINESTRING (-0.196422 51.509353,-0.178656 51.501432", "From Notting Hill Gate Station, Notting Hill to Kensington Gore, Knightsbridge"
"LINESTRING (-0.15352 51.503117,-0.178656 51.501432", "From Hyde Park Corner, Hyde Park to Kensington Gore, Knightsbridge"
"LINESTRING (-0.13225 51.528833,-0.178656 51.501432", "From Doric Way , Somers Town to Kensington Gore, Knightsbridge"
"LINESTRING (-0.147804 51.461376,-0.153233 51.490959", "From Victoria Rise, Clapham Common to Bourne Street, Belgravia"
"LINESTRING (-0.08066 51.514225,-0.153233 51.490959", "From St. Mary Axe, Aldgate to Bourne Street, Belgravia"
"LINESTRING (-0.184806 51.457991,-0.153233 51.490959", "From Alma Road, Wandsworth to Bourne Street, Belgravia"
"LINESTRING (-0.191933 51.495866,-0.153233 51.490959", "From Lexham Gardens, Kensington to Bourne Street, Belgravia"
"LINESTRING (-0.119022 51.469202,-0.153233 51.490959", "From Sidney Road, Stockwell to Bourne Street, Belgravia"
"LINESTRING (-0.138364 51.492111,-0.153233 51.490959", "From Tachbrook Street, Victoria to Bourne Street, Belgravia"
"LINESTRING (-0.148059 51.472865,-0.153233 51.490959", "From Silverthorne Road, Battersea to Bourne Street, Belgravia"
"LINESTRING (-0.192369 51.491593,-0.153233 51.490959", "From Penywern Road, Earl's Court to Bourne Street, Belgravia"
"LINESTRING (-0.09885 51.515418,-0.153233 51.490959", "From Newgate Street , St. Paul's to Bourne Street, Belgravia"
"LINESTRING (-0.134621 51.507424,-0.153233 51.490959", "From St. James's Square, St. James's to Bourne Street, Belgravia"
"LINESTRING (-0.159237 51.501855,-0.153233 51.490959", "From Seville Street, Knightsbridge to Bourne Street, Belgravia"
"LINESTRING (-0.140741 51.488057,-0.153233 51.490959", "From Alderney Street, Pimlico to Bourne Street, Belgravia"
"LINESTRING (-0.138364 51.492111,-0.153233 51.490959", "From Tachbrook Street, Victoria to Bourne Street, Belgravia"
"LINESTRING (-0.132845 51.489975,-0.153233 51.490959", "From Rampayne Street, Pimlico to Bourne Street, Belgravia"
"LINESTRING (-0.139625 51.490962,-0.153233 51.490959", "From Gloucester Street, Pimlico to Bourne Street, Belgravia"
"LINESTRING (-0.140741 51.488057,-0.153233 51.490959", "From Alderney Street, Pimlico to Bourne Street, Belgravia"
"LINESTRING (-0.119022 51.469202,-0.153233 51.490959", "From Sidney Road, Stockwell to Bourne Street, Belgravia"
"LINESTRING (-0.153233 51.490959,-0.153233 51.490959", "From Bourne Street, Belgravia to Bourne Street, Belgravia"
"LINESTRING (-0.149551 51.477619,-0.153233 51.490959", "From Queen's Circus, Battersea Park to Bourne Street, Belgravia"
"LINESTRING (-0.167919 51.484984,-0.153233 51.490959", "From Phene Street, Chelsea to Bourne Street, Belgravia"
"LINESTRING (-0.151926 51.516814,-0.13558 51.513684", "From Hinde Street, Marylebone to Broadwick Street, Soho"
"LINESTRING (-0.07813 51.526377,-0.13558 51.513684", "From Shoreditch High Street, Shoreditch to Broadwick Street, Soho"
"LINESTRING (-0.113426 51.503919,-0.13558 51.513684", "From Waterloo Station 2, Waterloo to Broadwick Street, Soho"
"LINESTRING (-0.135777 51.51953,-0.13558 51.513684", "From Charlotte Street, Fitzrovia to Broadwick Street, Soho"
"LINESTRING (-0.169249 51.515953,-0.13558 51.513684", "From Southwick Street, Paddington to Broadwick Street, Soho"
"LINESTRING (-0.168917 51.497056,-0.13558 51.513684", "From Holy Trinity Brompton, Knightsbridge to Broadwick Street, Soho"
"LINESTRING (-0.132328 51.515631,-0.13558 51.513684", "From Soho Square , Soho to Broadwick Street, Soho"
"LINESTRING (-0.124749 51.509462,-0.13558 51.513684", "From William IV Street, Strand to Broadwick Street, Soho"
"LINESTRING (-0.149186 51.490491,-0.13558 51.513684", "From Ebury Bridge, Pimlico to Broadwick Street, Soho"
"LINESTRING (-0.09022 51.491484,-0.13558 51.513684", "From Rodney Road , Walworth to Broadwick Street, Soho"
"LINESTRING (-0.121723 51.510701,-0.13558 51.513684", "From Southampton Street, Strand to Broadwick Street, Soho"
"LINESTRING (-0.09294 51.51397,-0.13558 51.513684", "From Cheapside, Bank to Broadwick Street, Soho"
"LINESTRING (-0.113426 51.503919,-0.13558 51.513684", "From Waterloo Station 2, Waterloo to Broadwick Street, Soho"
"LINESTRING (-0.112686 51.469217,-0.13558 51.513684", "From Wynne Road, Stockwell to Broadwick Street, Soho"
"LINESTRING (-0.141728 51.539099,-0.13558 51.513684", "From Greenland Road, Camden Town to Broadwick Street, Soho"
"LINESTRING (-0.183289 51.496462,-0.13558 51.513684", "From Gloucester Road (Central), South Kensington to Broadwick Street, Soho"
"LINESTRING (-0.111014 51.493686,-0.13558 51.513684", "From Walnut Tree Walk, Vauxhall to Broadwick Street, Soho"
"LINESTRING (-0.142783 51.51196,-0.13558 51.513684", "From St. George Street, Mayfair to Broadwick Street, Soho"
"LINESTRING (-0.136792 51.533005,-0.13558 51.513684", "From Eversholt Street , Camden Town to Broadwick Street, Soho"
"LINESTRING (-0.121723 51.510701,-0.13558 51.513684", "From Southampton Street, Strand to Broadwick Street, Soho"
"LINESTRING (-0.133952 51.536264,-0.13558 51.513684", "From Royal College Street, Camden Town to Broadwick Street, Soho"
"LINESTRING (-0.142783 51.51196,-0.13558 51.513684", "From St. George Street, Mayfair to Broadwick Street, Soho"
"LINESTRING (-0.116279 51.524564,-0.13558 51.513684", "From Wren Street, Holborn to Broadwick Street, Soho"
"LINESTRING (-0.165842 51.522029,-0.13558 51.513684", "From Bell Street , Marylebone to Broadwick Street, Soho"
"LINESTRING (-0.141327 51.520253,-0.13558 51.513684", "From Great Titchfield Street, Fitzrovia to Broadwick Street, Soho"
"LINESTRING (-0.099981 51.532661,-0.13558 51.513684", "From Graham Street, Angel to Broadwick Street, Soho"
"LINESTRING (-0.141327 51.520253,-0.13558 51.513684", "From Great Titchfield Street, Fitzrovia to Broadwick Street, Soho"
"LINESTRING (-0.116688 51.520596,-0.13558 51.513684", "From Theobald's Road , Holborn to Broadwick Street, Soho"
"LINESTRING (-0.136052 51.527326,-0.13558 51.513684", "From Drummond Street , Euston to Broadwick Street, Soho"
"LINESTRING (-0.073955 51.526293,-0.13558 51.513684", "From Palissy Street, Shoreditch to Broadwick Street, Soho"
"LINESTRING (-0.17977 51.51348,-0.13558 51.513684", "From Devonshire Terrace, Bayswater to Broadwick Street, Soho"
"LINESTRING (-0.170279 51.506451,-0.191351 51.513489", "From Triangle Car Park, Hyde Park to Princes Square, Bayswater"
"LINESTRING (-0.183834 51.497924,-0.191351 51.513489", "From Gloucester Road (North), Kensington to Princes Square, Bayswater"
"LINESTRING (-0.147857 51.477966,-0.191351 51.513489", "From Gas Holders, Battersea Park to Princes Square, Bayswater"
"LINESTRING (-0.201554 51.512136,-0.191351 51.513489", "From Chepstow Villas, Notting Hill to Princes Square, Bayswater"
"LINESTRING (-0.1844 51.502042,-0.191351 51.513489", "From Palace Gate, Kensington Gardens to Princes Square, Bayswater"
"LINESTRING (-0.148105 51.514759,-0.191351 51.513489", "From Marylebone Lane, Marylebone to Princes Square, Bayswater"
"LINESTRING (-0.193068 51.500397,-0.191351 51.513489", "From Wright's Lane, Kensington to Princes Square, Bayswater"
"LINESTRING (-0.093913 51.496791,-0.103132 51.498744", "From Dickens Square, Borough to LSBU (Borough Road), Elephant & Castle"
"LINESTRING (-0.098031 51.505224,-0.103132 51.498744", "From Lavington Street, Bankside to LSBU (Borough Road), Elephant & Castle"
"LINESTRING (-0.09308 51.515735,-0.103132 51.498744", "From The Guildhall, Guildhall to LSBU (Borough Road), Elephant & Castle"
"LINESTRING (-0.083632 51.502153,-0.103132 51.498744", "From Snowsfields, London Bridge to LSBU (Borough Road), Elephant & Castle"
"LINESTRING (-0.105312 51.504043,-0.103132 51.498744", "From Southwark Station 1, Southwark to LSBU (Borough Road), Elephant & Castle"
"LINESTRING (-0.111435 51.48894,-0.103132 51.498744", "From Kennington Cross, Kennington to LSBU (Borough Road), Elephant & Castle"
"LINESTRING (-0.124642 51.481747,-0.103132 51.498744", "From South Lambeth Road, Vauxhall to LSBU (Borough Road), Elephant & Castle"
"LINESTRING (-0.175407 51.462305,-0.103132 51.498744", "From Plough Terrace, Clapham Junction to LSBU (Borough Road), Elephant & Castle"
"LINESTRING (-0.13544 51.497829,-0.103132 51.498744", "From Butler Place, Westminster to LSBU (Borough Road), Elephant & Castle"
"LINESTRING (-0.099828 51.493146,-0.103132 51.498744", "From Strata, Elephant & Castle to LSBU (Borough Road), Elephant & Castle"
"LINESTRING (-0.092762 51.500296,-0.103132 51.498744", "From Swan Street, The Borough to LSBU (Borough Road), Elephant & Castle"
"LINESTRING (-0.117661 51.482678,-0.103132 51.498744", "From Ashmole Estate, Oval to LSBU (Borough Road), Elephant & Castle"
"LINESTRING (-0.094524 51.500694,-0.103132 51.498744", "From Borough High Street, The Borough to LSBU (Borough Road), Elephant & Castle"
"LINESTRING (-0.0786 51.500647,-0.08066 51.514225", "From Tanner Street, Bermondsey to St. Mary Axe, Aldgate"
"LINESTRING (-0.074754 51.523648,-0.08066 51.514225", "From Bethnal Green Road, Shoreditch to St. Mary Axe, Aldgate"
"LINESTRING (-0.039264 51.521564,-0.08066 51.514225", "From Harford Street, Mile End to St. Mary Axe, Aldgate"
"LINESTRING (-0.130908 51.464995,-0.08066 51.514225", "From Gauden Road, Clapham to St. Mary Axe, Aldgate"
"LINESTRING (-0.093051 51.511246,-0.08066 51.514225", "From Queen Street 2, Bank to St. Mary Axe, Aldgate"
"LINESTRING (-0.11934 51.531066,-0.08066 51.514225", "From Northdown Street, King's Cross to St. Mary Axe, Aldgate"
"LINESTRING (-0.085666 51.499075,-0.08066 51.514225", "From Long Lane , Bermondsey to St. Mary Axe, Aldgate"
"LINESTRING (-0.081608 51.497855,-0.08066 51.514225", "From Bermondsey Street, Bermondsey to St. Mary Axe, Aldgate"
"LINESTRING (-0.057159 51.511088,-0.08066 51.514225", "From Shadwell Station, Shadwell to St. Mary Axe, Aldgate"
"LINESTRING (-0.081608 51.497855,-0.08066 51.514225", "From Bermondsey Street, Bermondsey to St. Mary Axe, Aldgate"
"LINESTRING (-0.043371 51.518369,-0.08066 51.514225", "From Rectory Square, Stepney to St. Mary Axe, Aldgate"
"LINESTRING (-0.081608 51.497855,-0.08066 51.514225", "From Bermondsey Street, Bermondsey to St. Mary Axe, Aldgate"
"LINESTRING (-0.039264 51.521564,-0.08066 51.514225", "From Harford Street, Mile End to St. Mary Axe, Aldgate"
"LINESTRING (-0.055656 51.514222,-0.08066 51.514225", "From Watney Market, Stepney to St. Mary Axe, Aldgate"
"LINESTRING (-0.06142 51.532091,-0.08066 51.514225", "From Pritchard's Road, Bethnal Green to St. Mary Axe, Aldgate"
"LINESTRING (-0.066035 51.531864,-0.08066 51.514225", "From Goldsmith's Row, Haggerston to St. Mary Axe, Aldgate"
"LINESTRING (-0.074754 51.523648,-0.08066 51.514225", "From Bethnal Green Road, Shoreditch to St. Mary Axe, Aldgate"
"LINESTRING (-0.112824 51.503791,-0.08066 51.514225", "From Waterloo Station 3, Waterloo to St. Mary Axe, Aldgate"
"LINESTRING (-0.180274 51.481805,-0.08066 51.514225", "From World's End Place, West Chelsea to St. Mary Axe, Aldgate"
"LINESTRING (-0.081608 51.497855,-0.08066 51.514225", "From Bermondsey Street, Bermondsey to St. Mary Axe, Aldgate"
"LINESTRING (-0.149569 51.50274,-0.08066 51.514225", "From Wellington Arch, Hyde Park to St. Mary Axe, Aldgate"
"LINESTRING (-0.087262 51.506304,-0.08066 51.514225", "From Duke Street Hill, London Bridge to St. Mary Axe, Aldgate"
"LINESTRING (-0.027581 51.526578,-0.08066 51.514225", "From Merchant Street, Bow to St. Mary Axe, Aldgate"
"LINESTRING (-0.08974 51.500823,-0.08066 51.514225", "From Empire Square, The Borough to St. Mary Axe, Aldgate"
"LINESTRING (-0.077121 51.511594,-0.08066 51.514225", "From Crosswall, Tower to St. Mary Axe, Aldgate"
"LINESTRING (-0.13225 51.528833,-0.109256 51.526443", "From Doric Way , Somers Town to Tysoe Street, Clerkenwell"
"LINESTRING (-0.134621 51.507424,-0.109256 51.526443", "From St. James's Square, St. James's to Tysoe Street, Clerkenwell"
"LINESTRING (-0.125441 51.541596,-0.109256 51.526443", "From York Way, Kings Cross to Tysoe Street, Clerkenwell"
"LINESTRING (-0.125441 51.541596,-0.109256 51.526443", "From York Way, Kings Cross to Tysoe Street, Clerkenwell"
"LINESTRING (-0.102208 51.526153,-0.109256 51.526443", "From Percival Street, Finsbury to Tysoe Street, Clerkenwell"
"LINESTRING (-0.132328 51.515631,-0.109256 51.526443", "From Soho Square , Soho to Tysoe Street, Clerkenwell"
"LINESTRING (-0.099981 51.532661,-0.109256 51.526443", "From Graham Street, Angel to Tysoe Street, Clerkenwell"
"LINESTRING (-0.124121 51.523418,-0.109256 51.526443", "From Russell Square Station, Bloomsbury to Tysoe Street, Clerkenwell"
"LINESTRING (-0.106408 51.530515,-0.109256 51.526443", "From Chadwell Street, Angel to Tysoe Street, Clerkenwell"
"LINESTRING (-0.08299 51.53213,-0.109256 51.526443", "From Pitfield Street Central, Hoxton to Tysoe Street, Clerkenwell"
"LINESTRING (-0.074431 51.519362,-0.109256 51.526443", "From Fournier Street, Whitechapel to Tysoe Street, Clerkenwell"
"LINESTRING (-0.109256 51.526443,-0.109256 51.526443", "From Tysoe Street, Clerkenwell to Tysoe Street, Clerkenwell"
"LINESTRING (-0.128279 51.5293,-0.109256 51.526443", "From Ossulston Street, Somers Town to Tysoe Street, Clerkenwell"
"LINESTRING (-0.108322 51.510981,-0.109256 51.526443", "From Temple Gardens, Temple to Tysoe Street, Clerkenwell"
"LINESTRING (-0.093903 51.530991,-0.109256 51.526443", "From Wenlock Road , Hoxton to Tysoe Street, Clerkenwell"
"LINESTRING (-0.099828 51.493146,-0.109256 51.526443", "From Strata, Elephant & Castle to Tysoe Street, Clerkenwell"
"LINESTRING (-0.088542 51.527025,-0.109256 51.526443", "From Baldwin Street, St. Luke's to Tysoe Street, Clerkenwell"
"LINESTRING (-0.08299 51.53213,-0.109256 51.526443", "From Pitfield Street Central, Hoxton to Tysoe Street, Clerkenwell"
"LINESTRING (-0.115781 51.464019,-0.109256 51.526443", "From Ferndale Road, Brixton to Tysoe Street, Clerkenwell"
"LINESTRING (-0.099489 51.524868,-0.109256 51.526443", "From Sadlers Sports Centre, Finsbury to Tysoe Street, Clerkenwell"
"LINESTRING (-0.119123 51.519435,-0.109256 51.526443", "From Red Lion Square, Holborn to Tysoe Street, Clerkenwell"
"LINESTRING (-0.109256 51.526443,-0.109256 51.526443", "From Tysoe Street, Clerkenwell to Tysoe Street, Clerkenwell"
"LINESTRING (-0.148105 51.514759,-0.109256 51.526443", "From Marylebone Lane, Marylebone to Tysoe Street, Clerkenwell"
"LINESTRING (-0.037366 51.534137,-0.109256 51.526443", "From Driffield Road, Old Ford to Tysoe Street, Clerkenwell"
"LINESTRING (-0.132328 51.515631,-0.109256 51.526443", "From Soho Square , Soho to Tysoe Street, Clerkenwell"
"LINESTRING (-0.079248 51.524526,-0.109256 51.526443", "From New Inn Yard, Shoreditch to Tysoe Street, Clerkenwell"
"LINESTRING (-0.132328 51.515631,-0.109256 51.526443", "From Soho Square , Soho to Tysoe Street, Clerkenwell"
"LINESTRING (-0.119123 51.519435,-0.109256 51.526443", "From Red Lion Square, Holborn to Tysoe Street, Clerkenwell"
"LINESTRING (-0.093903 51.530991,-0.109256 51.526443", "From Wenlock Road , Hoxton to Tysoe Street, Clerkenwell"
"LINESTRING (-0.088542 51.527025,-0.109256 51.526443", "From Baldwin Street, St. Luke's to Tysoe Street, Clerkenwell"
"LINESTRING (-0.144132 51.493204,-0.169249 51.515953", "From Belgrave Road, Victoria to Southwick Street, Paddington"
"LINESTRING (-0.15352 51.503117,-0.169249 51.515953", "From Hyde Park Corner, Hyde Park to Southwick Street, Paddington"
"LINESTRING (-0.138019 51.524438,-0.169249 51.515953", "From Warren Street Station, Euston to Southwick Street, Paddington"
"LINESTRING (-0.19024 51.515529,-0.169249 51.515953", "From Westbourne Grove, Bayswater to Southwick Street, Paddington"
"LINESTRING (-0.133201 51.512515,-0.169249 51.515953", "From Wardour Street, Soho to Southwick Street, Paddington"
"LINESTRING (-0.166304 51.525051,-0.169249 51.515953", "From Mallory Street, Marylebone to Southwick Street, Paddington"
"LINESTRING (-0.179077 51.495592,-0.169249 51.515953", "From Natural History Museum, South Kensington to Southwick Street, Paddington"
"LINESTRING (-0.174554 51.499917,-0.169249 51.515953", "From Exhibition Road, Knightsbridge to Southwick Street, Paddington"
"LINESTRING (-0.164207 51.517372,-0.169249 51.515953", "From Harrowby Street, Marylebone to Southwick Street, Paddington"
"LINESTRING (-0.18267 51.494185,-0.169249 51.515953", "From Gloucester Road Station, South Kensington to Southwick Street, Paddington"
"LINESTRING (-0.170279 51.506451,-0.169249 51.515953", "From Triangle Car Park, Hyde Park to Southwick Street, Paddington"
"LINESTRING (-0.225787 51.514767,-0.169249 51.515953", "From BBC White City, White City to Southwick Street, Paddington"
"LINESTRING (-0.133201 51.512515,-0.169249 51.515953", "From Wardour Street, Soho to Southwick Street, Paddington"
"LINESTRING (-0.157183 51.52026,-0.169249 51.515953", "From Crawford Street, Marylebone to Southwick Street, Paddington"
"LINESTRING (-0.173757 51.496471,-0.169249 51.515953", "From Exhibition Road Museums 1, South Kensington to Southwick Street, Paddington"
"LINESTRING (-0.157436 51.512276,-0.169249 51.515953", "From Green Street, Mayfair to Southwick Street, Paddington"
"LINESTRING (-0.188098 51.517919,-0.169249 51.515953", "From Gloucester Terrace, Bayswater to Southwick Street, Paddington"
"LINESTRING (-0.179702 51.499428,-0.169249 51.515953", "From Imperial College, Knightsbridge to Southwick Street, Paddington"
"LINESTRING (-0.174554 51.499917,-0.169249 51.515953", "From Exhibition Road, Knightsbridge to Southwick Street, Paddington"
"LINESTRING (-0.178656 51.501432,-0.169249 51.515953", "From Kensington Gore, Knightsbridge to Southwick Street, Paddington"
"LINESTRING (-0.179077 51.495592,-0.169249 51.515953", "From Natural History Museum, South Kensington to Southwick Street, Paddington"
"LINESTRING (-0.125972 51.49764,-0.169249 51.515953", "From Abingdon Green, Westminster to Southwick Street, Paddington"
"LINESTRING (-0.124121 51.523418,-0.169249 51.515953", "From Russell Square Station, Bloomsbury to Southwick Street, Paddington"
"LINESTRING (-0.175116 51.523353,-0.169249 51.515953", "From Frampton Street, Paddington to Southwick Street, Paddington"
"LINESTRING (-0.158264 51.514577,-0.169249 51.515953", "From Old Quebec Street, Marylebone to Southwick Street, Paddington"
"LINESTRING (-0.138733 51.496753,-0.169249 51.515953", "From Howick Place, Westminster to Southwick Street, Paddington"
"LINESTRING (-0.155525 51.516204,-0.180246 51.501026", "From Portman Square, Marylebone to Queen's Gate (North), Kensington"
"LINESTRING (-0.187402 51.51031,-0.180246 51.501026", "From Queensway, Kensington Gardens to Queen's Gate (North), Kensington"
"LINESTRING (-0.193487 51.513735,-0.180246 51.501026", "From Hereford Road, Bayswater to Queen's Gate (North), Kensington"
"LINESTRING (-0.170329 51.477684,-0.180246 51.501026", "From Westbridge Road, Battersea to Queen's Gate (North), Kensington"
"LINESTRING (-0.179702 51.499428,-0.180246 51.501026", "From Imperial College, Knightsbridge to Queen's Gate (North), Kensington"
"LINESTRING (-0.13214 51.519572,-0.180246 51.501026", "From Store Street, Bloomsbury to Queen's Gate (North), Kensington"
"LINESTRING (-0.213872 51.51687,-0.180246 51.501026", "From St. Mark's Road, North Kensington to Queen's Gate (North), Kensington"
"LINESTRING (-0.228188 51.494499,-0.180246 51.501026", "From Southerton Road, Hammersmith to Queen's Gate (North), Kensington"
"LINESTRING (-0.138364 51.492111,-0.132224 51.49206", "From Tachbrook Street, Victoria to Regency Street, Westminster"
"LINESTRING (-0.190393 51.490163,-0.132224 51.49206", "From Bramham Gardens, Earl's Court to Regency Street, Westminster"
"LINESTRING (-0.129697 51.509087,-0.132224 51.49206", "From St. Martin's Street, West End to Regency Street, Westminster"
"LINESTRING (-0.126874 51.47787,-0.132224 51.49206", "From Hartington Road, Stockwell to Regency Street, Westminster"
"LINESTRING (-0.113134 51.483145,-0.132224 51.49206", "From Kennington Oval, Oval to Regency Street, Westminster"
"LINESTRING (-0.105312 51.504043,-0.132224 51.49206", "From Southwark Station 1, Southwark to Regency Street, Westminster"
"LINESTRING (-0.179668 51.511654,-0.132224 51.49206", "From Lancaster Gate , Bayswater to Regency Street, Westminster"
"LINESTRING (-0.171103 51.518268,-0.132224 51.49206", "From St Mary's Hospital, Paddington to Regency Street, Westminster"
"LINESTRING (-0.211593 51.51323,-0.132224 51.49206", "From Clarendon Road, Avondale to Regency Street, Westminster"
"LINESTRING (-0.138364 51.492111,-0.132224 51.49206", "From Tachbrook Street, Victoria to Regency Street, Westminster"
"LINESTRING (-0.138364 51.492111,-0.132224 51.49206", "From Tachbrook Street, Victoria to Regency Street, Westminster"
"LINESTRING (-0.17977 51.51348,-0.132224 51.49206", "From Devonshire Terrace, Bayswater to Regency Street, Westminster"
"LINESTRING (-0.127854 51.517727,-0.132224 51.49206", "From Great Russell Street, Bloomsbury to Regency Street, Westminster"
"LINESTRING (-0.17306 51.505014,-0.132224 51.49206", "From Serpentine Car Park, Hyde Park to Regency Street, Westminster"
"LINESTRING (-0.103078 51.511934,-0.132224 51.49206", "From Blackfriars Station, St. Paul's to Regency Street, Westminster"
"LINESTRING (-0.09644 51.507385,-0.132224 51.49206", "From New Globe Walk, Bankside to Regency Street, Westminster"
"LINESTRING (-0.124642 51.481747,-0.132224 51.49206", "From South Lambeth Road, Vauxhall to Regency Street, Westminster"
"LINESTRING (-0.166878 51.488023,-0.132224 51.49206", "From Flood Street, Chelsea to Regency Street, Westminster"
"LINESTRING (-0.180389 51.46517,-0.132224 51.49206", "From Hibbert Street, Battersea to Regency Street, Westminster"
"LINESTRING (-0.11258 51.473874,-0.132224 51.49206", "From Normandy Road, Stockwell to Regency Street, Westminster"
"LINESTRING (-0.147714 51.483507,-0.144132 51.493204", "From Battersea Power Station, Battersea Park to Belgrave Road, Victoria"
"LINESTRING (-0.13011 51.513527,-0.144132 51.493204", "From Moor Street, Soho to Belgrave Road, Victoria"
"LINESTRING (-0.183165 51.474665,-0.144132 51.493204", "From Imperial Wharf Station, Sands End to Belgrave Road, Victoria"
"LINESTRING (-0.124642 51.481747,-0.144132 51.493204", "From South Lambeth Road, Vauxhall to Belgrave Road, Victoria"
"LINESTRING (-0.115375 51.460232,-0.144132 51.493204", "From Saltoun Road, Brixton to Belgrave Road, Victoria"
"LINESTRING (-0.187402 51.51031,-0.144132 51.493204", "From Queensway, Kensington Gardens to Belgrave Road, Victoria"
"LINESTRING (-0.135635 51.488226,-0.144132 51.493204", "From St. George's Square, Pimlico to Belgrave Road, Victoria"
"LINESTRING (-0.147714 51.483507,-0.144132 51.493204", "From Battersea Power Station, Battersea Park to Belgrave Road, Victoria"
"LINESTRING (-0.204764 51.519042,-0.144132 51.493204", "From All Saints' Road, Portobello to Belgrave Road, Victoria"
"LINESTRING (-0.138212 51.481335,-0.144132 51.493204", "From Riverlight South, Nine Elms to Belgrave Road, Victoria"
"LINESTRING (-0.124469 51.485917,-0.144132 51.493204", "From Vauxhall Cross, Vauxhall to Belgrave Road, Victoria"
"LINESTRING (-0.082422 51.516154,-0.144132 51.493204", "From Wormwood Street, Liverpool Street to Belgrave Road, Victoria"
"LINESTRING (-0.14177 51.479501,-0.144132 51.493204", "From Battersea Park Road, Nine Elms to Belgrave Road, Victoria"
"LINESTRING (-0.14177 51.479501,-0.144132 51.493204", "From Battersea Park Road, Nine Elms to Belgrave Road, Victoria"
"LINESTRING (-0.127554 51.493978,-0.144132 51.493204", "From Page Street, Westminster to Belgrave Road, Victoria"
"LINESTRING (-0.215895 51.476885,-0.144132 51.493204", "From Finlay Street, Fulham to Belgrave Road, Victoria"
"LINESTRING (-0.173757 51.496471,-0.144132 51.493204", "From Exhibition Road Museums 1, South Kensington to Belgrave Road, Victoria"
"LINESTRING (-0.135635 51.488226,-0.144132 51.493204", "From St. George's Square, Pimlico to Belgrave Road, Victoria"
"LINESTRING (-0.129925 51.493072,-0.144132 51.493204", "From Vincent Street, Pimlico to Belgrave Road, Victoria"
"LINESTRING (-0.135635 51.488226,-0.144132 51.493204", "From St. George's Square, Pimlico to Belgrave Road, Victoria"
"LINESTRING (-0.111014 51.493686,-0.144132 51.493204", "From Walnut Tree Walk, Vauxhall to Belgrave Road, Victoria"
"LINESTRING (-0.170329 51.477684,-0.144132 51.493204", "From Westbridge Road, Battersea to Belgrave Road, Victoria"
"LINESTRING (-0.139625 51.490962,-0.144132 51.493204", "From Gloucester Street, Pimlico to Belgrave Road, Victoria"
"LINESTRING (-0.114842 51.50621,-0.144132 51.493204", "From Belvedere Road 2, South Bank to Belgrave Road, Victoria"
"LINESTRING (-0.08974 51.500823,-0.08974 51.500823", "From Empire Square, The Borough to Empire Square, The Borough"
"LINESTRING (-0.089446 51.497382,-0.08974 51.500823", "From Great Dover Street, The Borough to Empire Square, The Borough"
"LINESTRING (-0.074704 51.500845,-0.08974 51.500823", "From Tower Wharf, Bermondsey to Empire Square, The Borough"
"LINESTRING (-0.099828 51.493146,-0.08974 51.500823", "From Strata, Elephant & Castle to Empire Square, The Borough"
"LINESTRING (-0.054162 51.536424,-0.08974 51.500823", "From Victoria Park Road, Hackney Central to Empire Square, The Borough"
"LINESTRING (-0.127575 51.495805,-0.08974 51.500823", "From Smith Square, Westminster to Empire Square, The Borough"
"LINESTRING (-0.08299 51.53213,-0.08974 51.500823", "From Pitfield Street Central, Hoxton to Empire Square, The Borough"
"LINESTRING (-0.075885 51.536585,-0.08974 51.500823", "From Dunston Road , Haggerston to Empire Square, The Borough"
"LINESTRING (-0.085814 51.495061,-0.08974 51.500823", "From Bricklayers Arms, Borough to Empire Square, The Borough"
"LINESTRING (-0.099828 51.493146,-0.08974 51.500823", "From Strata, Elephant & Castle to Empire Square, The Borough"
"LINESTRING (-0.106323 51.490757,-0.08974 51.500823", "From Cotton Garden Estate, Kennington to Empire Square, The Borough"
"LINESTRING (-0.085814 51.495061,-0.08974 51.500823", "From Bricklayers Arms, Borough to Empire Square, The Borough"
"LINESTRING (-0.110699 51.501444,-0.08974 51.500823", "From Baylis Road, Waterloo to Empire Square, The Borough"
"LINESTRING (-0.09022 51.491484,-0.08974 51.500823", "From Rodney Road , Walworth to Empire Square, The Borough"
"LINESTRING (-0.085666 51.499075,-0.08974 51.500823", "From Long Lane , Bermondsey to Empire Square, The Borough"
"LINESTRING (-0.096518 51.491327,-0.08974 51.500823", "From Walworth Square, Walworth to Empire Square, The Borough"
"LINESTRING (-0.121723 51.510701,-0.08974 51.500823", "From Southampton Street, Strand to Empire Square, The Borough"
"LINESTRING (-0.055656 51.514222,-0.08974 51.500823", "From Watney Market, Stepney to Empire Square, The Borough"
"LINESTRING (-0.074754 51.523648,-0.08974 51.500823", "From Bethnal Green Road, Shoreditch to Empire Square, The Borough"
"LINESTRING (-0.099828 51.493146,-0.08974 51.500823", "From Strata, Elephant & Castle to Empire Square, The Borough"
"LINESTRING (-0.112031 51.49914,-0.08974 51.500823", "From Lambeth North Station, Waterloo to Empire Square, The Borough"
"LINESTRING (-0.074704 51.500845,-0.08974 51.500823", "From Tower Wharf, Bermondsey to Empire Square, The Borough"
"LINESTRING (-0.096518 51.491327,-0.08974 51.500823", "From Walworth Square, Walworth to Empire Square, The Borough"
"LINESTRING (-0.081608 51.497855,-0.08974 51.500823", "From Bermondsey Street, Bermondsey to Empire Square, The Borough"
"LINESTRING (-0.085814 51.495061,-0.08974 51.500823", "From Bricklayers Arms, Borough to Empire Square, The Borough"
"LINESTRING (-0.08974 51.500823,-0.08974 51.500823", "From Empire Square, The Borough to Empire Square, The Borough"
"LINESTRING (-0.081608 51.497855,-0.08974 51.500823", "From Bermondsey Street, Bermondsey to Empire Square, The Borough"
"LINESTRING (-0.025296 51.527058,-0.08974 51.500823", "From Bow Road Station, Bow to Empire Square, The Borough"
"LINESTRING (-0.068981 51.498585,-0.08974 51.500823", "From George Row, Bermondsey to Empire Square, The Borough"
"LINESTRING (-0.099828 51.493146,-0.08974 51.500823", "From Strata, Elephant & Castle to Empire Square, The Borough"
"LINESTRING (-0.110699 51.501444,-0.08974 51.500823", "From Baylis Road, Waterloo to Empire Square, The Borough"
"LINESTRING (-0.081608 51.497855,-0.08974 51.500823", "From Bermondsey Street, Bermondsey to Empire Square, The Borough"
"LINESTRING (-0.08974 51.500823,-0.08974 51.500823", "From Empire Square, The Borough to Empire Square, The Borough"
"LINESTRING (-0.105312 51.504043,-0.08974 51.500823", "From Southwark Station 1, Southwark to Empire Square, The Borough"
"LINESTRING (-0.111435 51.48894,-0.08974 51.500823", "From Kennington Cross, Kennington to Empire Square, The Borough"
"LINESTRING (-0.096191 51.498597,-0.08974 51.500823", "From Harper Road, The Borough to Empire Square, The Borough"
"LINESTRING (-0.07962 51.503493,-0.08974 51.500823", "From Tooley Street, Bermondsey to Empire Square, The Borough"
"LINESTRING (-0.13544 51.497829,-0.08974 51.500823", "From Butler Place, Westminster to Empire Square, The Borough"
"LINESTRING (-0.08066 51.514225,-0.08974 51.500823", "From St. Mary Axe, Aldgate to Empire Square, The Borough"
"LINESTRING (-0.139956 51.493573,-0.122492 51.486343", "From Queen Mother Sports Centre, Victoria to Kennington Lane Rail Bridge, Vauxhall"
"LINESTRING (-0.123702 51.506767,-0.122492 51.486343", "From Northumberland Avenue, Strand to Kennington Lane Rail Bridge, Vauxhall"
"LINESTRING (-0.117974 51.494881,-0.122492 51.486343", "From Lambeth Road, Vauxhall to Kennington Lane Rail Bridge, Vauxhall"
"LINESTRING (-0.149004 51.485821,-0.122492 51.486343", "From Chelsea Bridge, Pimlico to Kennington Lane Rail Bridge, Vauxhall"
"LINESTRING (-0.119022 51.469202,-0.122492 51.486343", "From Sidney Road, Stockwell to Kennington Lane Rail Bridge, Vauxhall"
"LINESTRING (-0.138364 51.492111,-0.122492 51.486343", "From Tachbrook Street, Victoria to Kennington Lane Rail Bridge, Vauxhall"
"LINESTRING (-0.138089 51.484839,-0.122492 51.486343", "From Claverton Street, Pimlico to Kennington Lane Rail Bridge, Vauxhall"
"LINESTRING (-0.147624 51.49395,-0.122492 51.486343", "From Eccleston Place, Victoria to Kennington Lane Rail Bridge, Vauxhall"
"LINESTRING (-0.118256 51.47659,-0.122492 51.486343", "From Albert Square, Stockwell to Kennington Lane Rail Bridge, Vauxhall"
"LINESTRING (-0.110683 51.484788,-0.122492 51.486343", "From Kennington Road Post Office, Oval to Kennington Lane Rail Bridge, Vauxhall"
"LINESTRING (-0.111435 51.48894,-0.122492 51.486343", "From Kennington Cross, Kennington to Kennington Lane Rail Bridge, Vauxhall"
"LINESTRING (-0.132845 51.489975,-0.122492 51.486343", "From Rampayne Street, Pimlico to Kennington Lane Rail Bridge, Vauxhall"
"LINESTRING (-0.096518 51.491327,-0.122492 51.486343", "From Walworth Square, Walworth to Kennington Lane Rail Bridge, Vauxhall"
"LINESTRING (-0.13214 51.519572,-0.122492 51.486343", "From Store Street, Bloomsbury to Kennington Lane Rail Bridge, Vauxhall"
"LINESTRING (-0.119022 51.469202,-0.122492 51.486343", "From Sidney Road, Stockwell to Kennington Lane Rail Bridge, Vauxhall"
"LINESTRING (-0.14177 51.479501,-0.122492 51.486343", "From Battersea Park Road, Nine Elms to Kennington Lane Rail Bridge, Vauxhall"
"LINESTRING (-0.113134 51.483145,-0.122492 51.486343", "From Kennington Oval, Oval to Kennington Lane Rail Bridge, Vauxhall"
"LINESTRING (-0.116493 51.477839,-0.122492 51.486343", "From Caldwell Street, Stockwell to Kennington Lane Rail Bridge, Vauxhall"
"LINESTRING (-0.129697 51.509087,-0.122492 51.486343", "From St. Martin's Street, West End to Kennington Lane Rail Bridge, Vauxhall"
"LINESTRING (-0.119022 51.469202,-0.122492 51.486343", "From Sidney Road, Stockwell to Kennington Lane Rail Bridge, Vauxhall"
"LINESTRING (-0.149551 51.477619,-0.122492 51.486343", "From Queen's Circus, Battersea Park to Kennington Lane Rail Bridge, Vauxhall"
"LINESTRING (-0.121394 51.493699,-0.122492 51.486343", "From Fire Brigade Pier, Vauxhall to Kennington Lane Rail Bridge, Vauxhall"
"LINESTRING (-0.138212 51.481335,-0.122492 51.486343", "From Riverlight South, Nine Elms to Kennington Lane Rail Bridge, Vauxhall"
"LINESTRING (-0.117122 51.490994,-0.122492 51.486343", "From Black Prince Road, Vauxhall to Kennington Lane Rail Bridge, Vauxhall"
"LINESTRING (-0.119558 51.528279,-0.122492 51.486343", "From Cromer Street, Bloomsbury to Kennington Lane Rail Bridge, Vauxhall"
"LINESTRING (-0.184318 51.468819,-0.122492 51.486343", "From William Morris Way, Sands End to Kennington Lane Rail Bridge, Vauxhall"
"LINESTRING (-0.092921 51.494436,-0.122492 51.486343", "From New Kent Road, The Borough to Kennington Lane Rail Bridge, Vauxhall"
"LINESTRING (-0.134621 51.507424,-0.122492 51.486343", "From St. James's Square, St. James's to Kennington Lane Rail Bridge, Vauxhall"
"LINESTRING (-0.125972 51.49764,-0.122492 51.486343", "From Abingdon Green, Westminster to Kennington Lane Rail Bridge, Vauxhall"
"LINESTRING (-0.117495 51.498241,-0.122492 51.486343", "From Archbishop's Park, Waterloo to Kennington Lane Rail Bridge, Vauxhall"
"LINESTRING (-0.11258 51.473874,-0.122492 51.486343", "From Normandy Road, Stockwell to Kennington Lane Rail Bridge, Vauxhall"
"LINESTRING (-0.091938 51.492807,-0.122492 51.486343", "From Victory Place, Walworth to Kennington Lane Rail Bridge, Vauxhall"
"LINESTRING (-0.102996 51.486929,-0.122492 51.486343", "From Doddington Grove, Kennington to Kennington Lane Rail Bridge, Vauxhall"
"LINESTRING (-0.138089 51.484839,-0.122492 51.486343", "From Claverton Street, Pimlico to Kennington Lane Rail Bridge, Vauxhall"
"LINESTRING (-0.138364 51.492111,-0.122492 51.486343", "From Tachbrook Street, Victoria to Kennington Lane Rail Bridge, Vauxhall"
"LINESTRING (-0.117661 51.482678,-0.122492 51.486343", "From Ashmole Estate, Oval to Kennington Lane Rail Bridge, Vauxhall"
"LINESTRING (-0.101536 51.49217,-0.122492 51.486343", "From Hampton Street, Walworth to Kennington Lane Rail Bridge, Vauxhall"
"LINESTRING (-0.091938 51.492807,-0.122492 51.486343", "From Victory Place, Walworth to Kennington Lane Rail Bridge, Vauxhall"
"LINESTRING (-0.139956 51.493573,-0.122492 51.486343", "From Queen Mother Sports Centre, Victoria to Kennington Lane Rail Bridge, Vauxhall"
"LINESTRING (-0.151296 51.50923,-0.122492 51.486343", "From South Audley Street, Mayfair to Kennington Lane Rail Bridge, Vauxhall"
"LINESTRING (-0.110121 51.488105,-0.122492 51.486343", "From Cleaver Street, Kennington to Kennington Lane Rail Bridge, Vauxhall"
"LINESTRING (-0.138212 51.481335,-0.122492 51.486343", "From Riverlight South, Nine Elms to Kennington Lane Rail Bridge, Vauxhall"
"LINESTRING (-0.113134 51.483145,-0.122492 51.486343", "From Kennington Oval, Oval to Kennington Lane Rail Bridge, Vauxhall"
"LINESTRING (-0.127554 51.493978,-0.122492 51.486343", "From Page Street, Westminster to Kennington Lane Rail Bridge, Vauxhall"
"LINESTRING (-0.114842 51.50621,-0.122492 51.486343", "From Belvedere Road 2, South Bank to Kennington Lane Rail Bridge, Vauxhall"
"LINESTRING (-0.09644 51.507385,-0.122492 51.486343", "From New Globe Walk, Bankside to Kennington Lane Rail Bridge, Vauxhall"
"LINESTRING (-0.091938 51.492807,-0.122492 51.486343", "From Victory Place, Walworth to Kennington Lane Rail Bridge, Vauxhall"
"LINESTRING (-0.211593 51.51323,-0.122492 51.486343", "From Clarendon Road, Avondale to Kennington Lane Rail Bridge, Vauxhall"
"LINESTRING (-0.147857 51.477966,-0.122492 51.486343", "From Gas Holders, Battersea Park to Kennington Lane Rail Bridge, Vauxhall"
"LINESTRING (-0.17524 51.48902,-0.122492 51.486343", "From South Parade, Chelsea to Kennington Lane Rail Bridge, Vauxhall"
"LINESTRING (-0.094934 51.522954,-0.122492 51.486343", "From Roscoe Street, St. Luke's to Kennington Lane Rail Bridge, Vauxhall"
"LINESTRING (-0.196422 51.509353,-0.122492 51.486343", "From Notting Hill Gate Station, Notting Hill to Kennington Lane Rail Bridge, Vauxhall"
"LINESTRING (-0.123179 51.506543,-0.122492 51.486343", "From Whitehall Place, Strand to Kennington Lane Rail Bridge, Vauxhall"
"LINESTRING (-0.122492 51.486343,-0.122492 51.486343", "From Kennington Lane Rail Bridge, Vauxhall to Kennington Lane Rail Bridge, Vauxhall"
"LINESTRING (-0.110121 51.488105,-0.122492 51.486343", "From Cleaver Street, Kennington to Kennington Lane Rail Bridge, Vauxhall"
"LINESTRING (-0.138089 51.484839,-0.122492 51.486343", "From Claverton Street, Pimlico to Kennington Lane Rail Bridge, Vauxhall"
"LINESTRING (-0.114934 51.49288,-0.122492 51.486343", "From Lollard Street, Vauxhall to Kennington Lane Rail Bridge, Vauxhall"
"LINESTRING (-0.161113 51.522596,-0.122492 51.486343", "From Dorset Square, Marylebone to Kennington Lane Rail Bridge, Vauxhall"
"LINESTRING (-0.158963 51.524517,-0.156285 51.535836", "From Park Road (Baker Street), The Regent's Park to London Zoo,  The Regent's Park"
"LINESTRING (-0.142345 51.510662,-0.156285 51.535836", "From Clifford Street, Mayfair to London Zoo,  The Regent's Park"
"LINESTRING (-0.154701 51.520583,-0.156285 51.535836", "From Paddington Street, Marylebone to London Zoo,  The Regent's Park"
"LINESTRING (-0.132328 51.515631,-0.156285 51.535836", "From Soho Square , Soho to London Zoo,  The Regent's Park"
"LINESTRING (-0.160854 51.535892,-0.156285 51.535836", "From Prince Albert Road, The Regent's Park to London Zoo,  The Regent's Park"
"LINESTRING (-0.153463 51.525367,-0.156285 51.535836", "From The Tennis Courts, The Regent's Park to London Zoo,  The Regent's Park"
"LINESTRING (-0.158963 51.524517,-0.156285 51.535836", "From Park Road (Baker Street), The Regent's Park to London Zoo,  The Regent's Park"
"LINESTRING (-0.138019 51.524438,-0.156285 51.535836", "From Warren Street Station, Euston to London Zoo,  The Regent's Park"
"LINESTRING (-0.106237 51.507244,-0.110699 51.501444", "From Milroy Walk, South Bank to Baylis Road, Waterloo"
"LINESTRING (-0.101384 51.49652,-0.110699 51.501444", "From Ontario Street, Elephant & Castle to Baylis Road, Waterloo"
"LINESTRING (-0.088285 51.519069,-0.110699 51.501444", "From Moorfields, Moorgate to Baylis Road, Waterloo"
"LINESTRING (-0.100791 51.518218,-0.110699 51.501444", "From West Smithfield Rotunda, Farringdon to Baylis Road, Waterloo"
"LINESTRING (-0.0786 51.500647,-0.110699 51.501444", "From Tanner Street, Bermondsey to Baylis Road, Waterloo"
"LINESTRING (-0.114605 51.495656,-0.110699 51.501444", "From Sail Street, Vauxhall to Baylis Road, Waterloo"
"LINESTRING (-0.117974 51.494881,-0.110699 51.501444", "From Lambeth Road, Vauxhall to Baylis Road, Waterloo"
"LINESTRING (-0.102091 51.500693,-0.110699 51.501444", "From Webber Street , Southwark to Baylis Road, Waterloo"
"LINESTRING (-0.075459 51.509506,-0.110699 51.501444", "From Tower Gardens , Tower to Baylis Road, Waterloo"
"LINESTRING (-0.047548 51.528869,-0.110699 51.501444", "From Globe Town Market, Bethnal Green to Baylis Road, Waterloo"
"LINESTRING (-0.0786 51.500647,-0.110699 51.501444", "From Tanner Street, Bermondsey to Baylis Road, Waterloo"
"LINESTRING (-0.129697 51.509087,-0.110699 51.501444", "From St. Martin's Street, West End to Baylis Road, Waterloo"
"LINESTRING (-0.076793 51.513406,-0.110699 51.501444", "From Jewry Street, Aldgate to Baylis Road, Waterloo"
"LINESTRING (-0.085814 51.495061,-0.110699 51.501444", "From Bricklayers Arms, Borough to Baylis Road, Waterloo"
"LINESTRING (-0.093913 51.496791,-0.110699 51.501444", "From Dickens Square, Borough to Baylis Road, Waterloo"
"LINESTRING (-0.117774 51.513875,-0.110699 51.501444", "From Kingsway Southbound, Strand to Baylis Road, Waterloo"
"LINESTRING (-0.110121 51.488105,-0.110699 51.501444", "From Cleaver Street, Kennington to Baylis Road, Waterloo"
"LINESTRING (-0.082422 51.516154,-0.110699 51.501444", "From Wormwood Street, Liverpool Street to Baylis Road, Waterloo"
"LINESTRING (-0.111471 51.479601,-0.110699 51.501444", "From Cranmer Road, Stockwell to Baylis Road, Waterloo"
"LINESTRING (-0.100292 51.501732,-0.110699 51.501444", "From Great Suffolk Street, The Borough to Baylis Road, Waterloo"
"LINESTRING (-0.111435 51.48894,-0.110699 51.501444", "From Kennington Cross, Kennington to Baylis Road, Waterloo"
"LINESTRING (-0.121723 51.510701,-0.110699 51.501444", "From Southampton Street, Strand to Baylis Road, Waterloo"
"LINESTRING (-0.102091 51.500693,-0.110699 51.501444", "From Webber Street , Southwark to Baylis Road, Waterloo"
"LINESTRING (-0.098497 51.503688,-0.110699 51.501444", "From Union Street, The Borough to Baylis Road, Waterloo"
"LINESTRING (-0.094524 51.500694,-0.110699 51.501444", "From Borough High Street, The Borough to Baylis Road, Waterloo"
"LINESTRING (-0.094475 51.521747,-0.110699 51.501444", "From Golden Lane, Barbican to Baylis Road, Waterloo"
"LINESTRING (-0.138212 51.481335,-0.110699 51.501444", "From Riverlight South, Nine Elms to Baylis Road, Waterloo"
"LINESTRING (-0.131161 51.52505,-0.110699 51.501444", "From Taviton Street, Bloomsbury to Baylis Road, Waterloo"
"LINESTRING (-0.197574 51.499606,-0.110699 51.501444", "From Phillimore Gardens, Kensington to Baylis Road, Waterloo"
"LINESTRING (-0.124826 51.516226,-0.110699 51.501444", "From High Holborn , Covent Garden to Baylis Road, Waterloo"
"LINESTRING (-0.0786 51.500647,-0.110699 51.501444", "From Tanner Street, Bermondsey to Baylis Road, Waterloo"
"LINESTRING (-0.104193 51.49605,-0.110699 51.501444", "From Gaywood  Street, Elephant & Castle to Baylis Road, Waterloo"
"LINESTRING (-0.102996 51.486929,-0.110699 51.501444", "From Doddington Grove, Kennington to Baylis Road, Waterloo"
"LINESTRING (-0.102091 51.500693,-0.110699 51.501444", "From Webber Street , Southwark to Baylis Road, Waterloo"
"LINESTRING (-0.082422 51.516154,-0.110699 51.501444", "From Wormwood Street, Liverpool Street to Baylis Road, Waterloo"
"LINESTRING (-0.112686 51.469217,-0.110699 51.501444", "From Wynne Road, Stockwell to Baylis Road, Waterloo"
"LINESTRING (-0.093051 51.511246,-0.110699 51.501444", "From Queen Street 2, Bank to Baylis Road, Waterloo"
"LINESTRING (-0.119643 51.511756,-0.110699 51.501444", "From Wellington Street , Strand to Baylis Road, Waterloo"
"LINESTRING (-0.078869 51.521113,-0.110699 51.501444", "From Norton Folgate, Liverpool Street to Baylis Road, Waterloo"
"LINESTRING (-0.130504 51.526838,-0.110699 51.501444", "From Endsleigh Gardens, Euston to Baylis Road, Waterloo"
"LINESTRING (-0.10044 51.498898,-0.110699 51.501444", "From Borough Road, Elephant & Castle to Baylis Road, Waterloo"
"LINESTRING (-0.101384 51.49652,-0.110699 51.501444", "From Ontario Street, Elephant & Castle to Baylis Road, Waterloo"
"LINESTRING (-0.111435 51.48894,-0.110699 51.501444", "From Kennington Cross, Kennington to Baylis Road, Waterloo"
"LINESTRING (-0.132845 51.489975,-0.110699 51.501444", "From Rampayne Street, Pimlico to Baylis Road, Waterloo"
"LINESTRING (-0.128585 51.516118,-0.110699 51.501444", "From Earnshaw Street , Covent Garden to Baylis Road, Waterloo"
"LINESTRING (-0.093051 51.511246,-0.110699 51.501444", "From Queen Street 2, Bank to Baylis Road, Waterloo"
"LINESTRING (-0.102091 51.500693,-0.110699 51.501444", "From Webber Street , Southwark to Baylis Road, Waterloo"
"LINESTRING (-0.117122 51.490994,-0.110699 51.501444", "From Black Prince Road, Vauxhall to Baylis Road, Waterloo"
"LINESTRING (-0.091773 51.504627,-0.110699 51.501444", "From Hop Exchange, The Borough to Baylis Road, Waterloo"
"LINESTRING (-0.149569 51.50274,-0.110699 51.501444", "From Wellington Arch, Hyde Park to Baylis Road, Waterloo"
"LINESTRING (-0.197574 51.499606,-0.110699 51.501444", "From Phillimore Gardens, Kensington to Baylis Road, Waterloo"
"LINESTRING (-0.111014 51.493686,-0.110699 51.501444", "From Walnut Tree Walk, Vauxhall to Baylis Road, Waterloo"
"LINESTRING (-0.125972 51.49764,-0.110699 51.501444", "From Abingdon Green, Westminster to Baylis Road, Waterloo"
"LINESTRING (-0.098497 51.503688,-0.110699 51.501444", "From Union Street, The Borough to Baylis Road, Waterloo"
"LINESTRING (-0.121723 51.510701,-0.110699 51.501444", "From Southampton Street, Strand to Baylis Road, Waterloo"
"LINESTRING (-0.129697 51.509087,-0.110699 51.501444", "From St. Martin's Street, West End to Baylis Road, Waterloo"
"LINESTRING (-0.085814 51.495061,-0.110699 51.501444", "From Bricklayers Arms, Borough to Baylis Road, Waterloo"
"LINESTRING (-0.17021 51.474535,-0.110699 51.501444", "From Orbel Street, Battersea to Baylis Road, Waterloo"
"LINESTRING (-0.138733 51.496753,-0.110699 51.501444", "From Howick Place, Westminster to Baylis Road, Waterloo"
"LINESTRING (-0.102091 51.500693,-0.110699 51.501444", "From Webber Street , Southwark to Baylis Road, Waterloo"
"LINESTRING (-0.114686 51.506133,-0.110699 51.501444", "From Belvedere Road 1, South Bank to Baylis Road, Waterloo"
"LINESTRING (-0.111435 51.48894,-0.110699 51.501444", "From Kennington Cross, Kennington to Baylis Road, Waterloo"
"LINESTRING (-0.113134 51.483145,-0.110699 51.501444", "From Kennington Oval, Oval to Baylis Road, Waterloo"
"LINESTRING (-0.111014 51.493686,-0.110699 51.501444", "From Walnut Tree Walk, Vauxhall to Baylis Road, Waterloo"
"LINESTRING (-0.113001 51.50486,-0.110699 51.501444", "From Waterloo Road, South Bank to Baylis Road, Waterloo"
"LINESTRING (-0.131961 51.508446,-0.110699 51.501444", "From Charles II Street, West End to Baylis Road, Waterloo"
"LINESTRING (-0.110699 51.501444,-0.110699 51.501444", "From Baylis Road, Waterloo to Baylis Road, Waterloo"
"LINESTRING (-0.136792 51.533005,-0.110699 51.501444", "From Eversholt Street , Camden Town to Baylis Road, Waterloo"
"LINESTRING (-0.122299 51.530199,-0.110699 51.501444", "From Birkenhead Street, King's Cross to Baylis Road, Waterloo"
"LINESTRING (-0.108657 51.51795,-0.110699 51.501444", "From Holborn Circus, Holborn to Baylis Road, Waterloo"
"LINESTRING (-0.136928 51.493985,-0.110699 51.501444", "From Vincent Square, Westminster to Baylis Road, Waterloo"
"LINESTRING (-0.111014 51.493686,-0.110699 51.501444", "From Walnut Tree Walk, Vauxhall to Baylis Road, Waterloo"
"LINESTRING (-0.119643 51.511756,-0.110699 51.501444", "From Wellington Street , Strand to Baylis Road, Waterloo"
"LINESTRING (-0.117974 51.494881,-0.110699 51.501444", "From Lambeth Road, Vauxhall to Baylis Road, Waterloo"
"LINESTRING (-0.094524 51.500694,-0.114686 51.506133", "From Borough High Street, The Borough to Belvedere Road 1, South Bank"
"LINESTRING (-0.119123 51.519435,-0.114686 51.506133", "From Red Lion Square, Holborn to Belvedere Road 1, South Bank"
"LINESTRING (-0.126874 51.47787,-0.114686 51.506133", "From Hartington Road, Stockwell to Belvedere Road 1, South Bank"
"LINESTRING (-0.04915 51.498439,-0.114686 51.506133", "From Canada Water Station, Rotherhithe to Belvedere Road 1, South Bank"
"LINESTRING (-0.093051 51.511246,-0.114686 51.506133", "From Queen Street 2, Bank to Belvedere Road 1, South Bank"
"LINESTRING (-0.049591 51.53341,-0.114686 51.506133", "From Bonner Gate, Victoria Park to Belvedere Road 1, South Bank"
"LINESTRING (-0.094934 51.522954,-0.114686 51.506133", "From Roscoe Street, St. Luke's to Belvedere Road 1, South Bank"
"LINESTRING (-0.098031 51.505224,-0.114686 51.506133", "From Lavington Street, Bankside to Belvedere Road 1, South Bank"
"LINESTRING (-0.099994 51.522853,-0.114686 51.506133", "From Berry Street, Clerkenwell to Belvedere Road 1, South Bank"
"LINESTRING (-0.099141 51.512484,-0.114686 51.506133", "From Godliman Street, St. Paul's to Belvedere Road 1, South Bank"
"LINESTRING (-0.115156 51.489479,-0.114686 51.506133", "From Sancroft Street, Vauxhall to Belvedere Road 1, South Bank"
"LINESTRING (-0.129925 51.493072,-0.114686 51.506133", "From Vincent Street, Pimlico to Belvedere Road 1, South Bank"
"LINESTRING (-0.123258 51.476149,-0.114686 51.506133", "From Teversham Lane, Stockwell to Belvedere Road 1, South Bank"
"LINESTRING (-0.096518 51.491327,-0.114686 51.506133", "From Walworth Square, Walworth to Belvedere Road 1, South Bank"
"LINESTRING (-0.098497 51.503688,-0.114686 51.506133", "From Union Street, The Borough to Belvedere Road 1, South Bank"
"LINESTRING (-0.099141 51.512484,-0.114686 51.506133", "From Godliman Street, St. Paul's to Belvedere Road 1, South Bank"
"LINESTRING (-0.082422 51.516154,-0.114686 51.506133", "From Wormwood Street, Liverpool Street to Belvedere Road 1, South Bank"
"LINESTRING (-0.117863 51.515208,-0.114686 51.506133", "From Sardinia Street, Holborn to Belvedere Road 1, South Bank"
"LINESTRING (-0.098497 51.503688,-0.114686 51.506133", "From Union Street, The Borough to Belvedere Road 1, South Bank"
"LINESTRING (-0.116493 51.477839,-0.114686 51.506133", "From Caldwell Street, Stockwell to Belvedere Road 1, South Bank"
"LINESTRING (-0.141423 51.514499,-0.114686 51.506133", "From Little Argyll Street, West End to Belvedere Road 1, South Bank"
"LINESTRING (-0.087459 51.528673,-0.114686 51.506133", "From East Road, Hoxton to Belvedere Road 1, South Bank"
"LINESTRING (-0.17677 51.530889,-0.114686 51.506133", "From Grove End Road, St. John's Wood to Belvedere Road 1, South Bank"
"LINESTRING (-0.112031 51.49914,-0.114686 51.506133", "From Lambeth North Station, Waterloo to Belvedere Road 1, South Bank"
"LINESTRING (-0.134407 51.526236,-0.114686 51.506133", "From Euston Road, Euston to Belvedere Road 1, South Bank"
"LINESTRING (-0.149569 51.50274,-0.205284 51.496712", "From Wellington Arch, Hyde Park to Warwick Road, Olympia"
"LINESTRING (-0.2174 51.504038,-0.205284 51.496712", "From Woodstock Grove, Shepherd's Bush to Warwick Road, Olympia"
"LINESTRING (-0.215808 51.503802,-0.205284 51.496712", "From Hansard Mews, Holland Park to Warwick Road, Olympia"
"LINESTRING (-0.201554 51.512136,-0.205284 51.496712", "From Chepstow Villas, Notting Hill to Warwick Road, Olympia"
"LINESTRING (-0.224103 51.509158,-0.205284 51.496712", "From Westfield Ariel Way, White City to Warwick Road, Olympia"
"LINESTRING (-0.174971 51.485121,-0.205284 51.496712", "From The Vale, Chelsea to Warwick Road, Olympia"
"LINESTRING (-0.205284 51.496712,-0.205284 51.496712", "From Warwick Road, Olympia to Warwick Road, Olympia"
"LINESTRING (-0.199783 51.472817,-0.205284 51.496712", "From Parson's Green , Parson's Green to Warwick Road, Olympia"
"LINESTRING (-0.172078 51.482567,-0.205284 51.496712", "From Danvers Street, West Chelsea to Warwick Road, Olympia"
"LINESTRING (-0.148105 51.514759,-0.205284 51.496712", "From Marylebone Lane, Marylebone to Warwick Road, Olympia"
"LINESTRING (-0.123702 51.506767,-0.205284 51.496712", "From Northumberland Avenue, Strand to Warwick Road, Olympia"
"LINESTRING (-0.193068 51.500397,-0.205284 51.496712", "From Wright's Lane, Kensington to Warwick Road, Olympia"
"LINESTRING (-0.179135 51.516417,-0.205284 51.496712", "From Eastbourne Mews, Paddington to Warwick Road, Olympia"
"LINESTRING (-0.161113 51.522596,-0.205284 51.496712", "From Dorset Square, Marylebone to Warwick Road, Olympia"
"LINESTRING (-0.191462 51.501364,-0.205284 51.496712", "From Derry Street, Kensington to Warwick Road, Olympia"
"LINESTRING (-0.145393 51.542138,-0.205284 51.496712", "From Castlehaven Road, Camden Town to Warwick Road, Olympia"
"LINESTRING (-0.21985 51.493267,-0.205284 51.496712", "From Hammersmith Road, Hammersmith to Warwick Road, Olympia"
"LINESTRING (-0.191933 51.495866,-0.205284 51.496712", "From Lexham Gardens, Kensington to Warwick Road, Olympia"
"LINESTRING (-0.216104 51.50659,-0.205284 51.496712", "From Queensdale Road, Shepherd's Bush to Warwick Road, Olympia"
"LINESTRING (-0.201554 51.512136,-0.205284 51.496712", "From Chepstow Villas, Notting Hill to Warwick Road, Olympia"
"LINESTRING (-0.096191 51.498597,-0.205284 51.496712", "From Harper Road, The Borough to Warwick Road, Olympia"
"LINESTRING (-0.18498 51.501737,-0.205284 51.496712", "From De Vere Gardens, Kensington to Warwick Road, Olympia"
"LINESTRING (-0.158264 51.514577,-0.205284 51.496712", "From Old Quebec Street, Marylebone to Warwick Road, Olympia"
"LINESTRING (-0.192538 51.504723,-0.205284 51.496712", "From Vicarage Gate, Kensington to Warwick Road, Olympia"
"LINESTRING (-0.191462 51.501364,-0.205284 51.496712", "From Derry Street, Kensington to Warwick Road, Olympia"
"LINESTRING (-0.211358 51.510101,-0.205284 51.496712", "From Walmer Road, Avondale to Warwick Road, Olympia"
"LINESTRING (-0.173881 51.494412,-0.205284 51.496712", "From South Kensington Station, South Kensington to Warwick Road, Olympia"
"LINESTRING (-0.204666 51.509591,-0.205284 51.496712", "From Lansdowne Walk, Ladbroke Grove to Warwick Road, Olympia"
"LINESTRING (-0.19617 51.490853,-0.205284 51.496712", "From Trebovir Road, Earl's Court to Warwick Road, Olympia"
"LINESTRING (-0.191496 51.503157,-0.205284 51.496712", "From Kensington Church Street, Kensington to Warwick Road, Olympia"
"LINESTRING (-0.195455 51.500401,-0.205284 51.496712", "From Argyll Road, Kensington to Warwick Road, Olympia"
"LINESTRING (-0.195455 51.500401,-0.205284 51.496712", "From Argyll Road, Kensington to Warwick Road, Olympia"
"LINESTRING (-0.114079 51.522264,-0.092176 51.520044", "From Northington Street , Holborn to Barbican Centre, Barbican"
"LINESTRING (-0.122219 51.51477,-0.092176 51.520044", "From Drury Lane, Covent Garden to Barbican Centre, Barbican"
"LINESTRING (-0.169249 51.515953,-0.092176 51.520044", "From Southwick Street, Paddington to Barbican Centre, Barbican"
"LINESTRING (-0.112721 51.536392,-0.092176 51.520044", "From Charlotte Terrace, Angel to Barbican Centre, Barbican"
"LINESTRING (-0.081608 51.497855,-0.092176 51.520044", "From Bermondsey Street, Bermondsey to Barbican Centre, Barbican"
"LINESTRING (-0.057133 51.527607,-0.092176 51.520044", "From Hollybush Gardens, Bethnal Green to Barbican Centre, Barbican"
"LINESTRING (-0.099981 51.532661,-0.092176 51.520044", "From Graham Street, Angel to Barbican Centre, Barbican"
"LINESTRING (-0.120202 51.523346,-0.092176 51.520044", "From Guilford Street , Bloomsbury to Barbican Centre, Barbican"
"LINESTRING (-0.083353 51.529537,-0.092176 51.520044", "From Fanshaw Street, Hoxton to Barbican Centre, Barbican"
"LINESTRING (-0.138853 51.541603,-0.092176 51.520044", "From Bonny Street, Camden Town to Barbican Centre, Barbican"
"LINESTRING (-0.123179 51.506543,-0.092176 51.520044", "From Whitehall Place, Strand to Barbican Centre, Barbican"
"LINESTRING (-0.123179 51.506543,-0.092176 51.520044", "From Whitehall Place, Strand to Barbican Centre, Barbican"
"LINESTRING (-0.087262 51.506304,-0.092176 51.520044", "From Duke Street Hill, London Bridge to Barbican Centre, Barbican"
"LINESTRING (-0.079608 51.521668,-0.092176 51.520044", "From Worship Street, Shoreditch to Barbican Centre, Barbican"
"LINESTRING (-0.140485 51.519181,-0.092176 51.520044", "From Foley Street, Fitzrovia to Barbican Centre, Barbican"
"LINESTRING (-0.108657 51.51795,-0.092176 51.520044", "From Holborn Circus, Holborn to Barbican Centre, Barbican"
"LINESTRING (-0.09294 51.511553,-0.092176 51.520044", "From Queen Street 1, Bank to Barbican Centre, Barbican"
"LINESTRING (-0.092176 51.520044,-0.092176 51.520044", "From Barbican Centre, Barbican to Barbican Centre, Barbican"
"LINESTRING (-0.0985 51.51601,-0.092176 51.520044", "From King Edward Street, St Pauls to Barbican Centre, Barbican"
"LINESTRING (-0.079248 51.524526,-0.092176 51.520044", "From New Inn Yard, Shoreditch to Barbican Centre, Barbican"
"LINESTRING (-0.101026 51.528246,-0.092176 51.520044", "From Goswell Road (City Uni), Finsbury to Barbican Centre, Barbican"
"LINESTRING (-0.174411 51.511933,-0.092176 51.520044", "From Bayswater Road, Hyde Park to Barbican Centre, Barbican"
"LINESTRING (-0.108657 51.51795,-0.092176 51.520044", "From Holborn Circus, Holborn to Barbican Centre, Barbican"
"LINESTRING (-0.096518 51.491327,-0.092176 51.520044", "From Walworth Square, Walworth to Barbican Centre, Barbican"
"LINESTRING (-0.067937 51.51793,-0.092176 51.520044", "From Old Montague Street, Whitechapel to Barbican Centre, Barbican"
"LINESTRING (-0.113426 51.503919,-0.092176 51.520044", "From Waterloo Station 2, Waterloo to Barbican Centre, Barbican"
"LINESTRING (-0.089659 51.52548,-0.092176 51.520044", "From Old Street Station, St. Luke's to Barbican Centre, Barbican"
"LINESTRING (-0.114686 51.506133,-0.092176 51.520044", "From Belvedere Road 1, South Bank to Barbican Centre, Barbican"
"LINESTRING (-0.097122 51.529423,-0.084985 51.509301", "From Macclesfield Rd, St Lukes to Lower Thames Street, Monument"
"LINESTRING (-0.074704 51.500845,-0.084985 51.509301", "From Tower Wharf, Bermondsey to Lower Thames Street, Monument"
"LINESTRING (-0.117619 51.509943,-0.084985 51.509301", "From Somerset House, Strand to Lower Thames Street, Monument"
"LINESTRING (-0.117619 51.509943,-0.084985 51.509301", "From Somerset House, Strand to Lower Thames Street, Monument"
"LINESTRING (-0.0786 51.500647,-0.084985 51.509301", "From Tanner Street, Bermondsey to Lower Thames Street, Monument"
"LINESTRING (-0.06691 51.507131,-0.084985 51.509301", "From Nesham Street, Wapping to Lower Thames Street, Monument"
"LINESTRING (-0.117619 51.509943,-0.084985 51.509301", "From Somerset House, Strand to Lower Thames Street, Monument"
"LINESTRING (-0.075459 51.509506,-0.084985 51.509301", "From Tower Gardens , Tower to Lower Thames Street, Monument"
"LINESTRING (-0.119047 51.509631,-0.084985 51.509301", "From Embankment (Savoy), Strand to Lower Thames Street, Monument"
"LINESTRING (-0.053177 51.515975,-0.084985 51.509301", "From Jubilee Street, Stepney to Lower Thames Street, Monument"
"LINESTRING (-0.119047 51.509631,-0.084985 51.509301", "From Embankment (Savoy), Strand to Lower Thames Street, Monument"
"LINESTRING (-0.074704 51.500845,-0.084985 51.509301", "From Tower Wharf, Bermondsey to Lower Thames Street, Monument"
"LINESTRING (-0.188098 51.517919,-0.191496 51.503157", "From Gloucester Terrace, Bayswater to Kensington Church Street, Kensington"
"LINESTRING (-0.208888 51.5212,-0.191496 51.503157", "From Bevington Road West, North Kensington to Kensington Church Street, Kensington"
"LINESTRING (-0.163609 51.51809,-0.191496 51.503157", "From Shouldham Street, Marylebone to Kensington Church Street, Kensington"
"LINESTRING (-0.18697 51.51616,-0.191496 51.503157", "From Bishop's Bridge Road West, Bayswater to Kensington Church Street, Kensington"
"LINESTRING (-0.200742 51.502319,-0.191496 51.503157", "From Holland Park, Kensington to Kensington Church Street, Kensington"
"LINESTRING (-0.191496 51.503157,-0.191496 51.503157", "From Kensington Church Street, Kensington to Kensington Church Street, Kensington"
"LINESTRING (-0.205991 51.501391,-0.191496 51.503157", "From Abbotsbury Road, Holland Park to Kensington Church Street, Kensington"
"LINESTRING (-0.136052 51.527326,-0.191496 51.503157", "From Drummond Street , Euston to Kensington Church Street, Kensington"
"LINESTRING (-0.150817 51.505426,-0.191496 51.503157", "From Park Lane, Mayfair to Kensington Church Street, Kensington"
"LINESTRING (-0.191496 51.503157,-0.191496 51.503157", "From Kensington Church Street, Kensington to Kensington Church Street, Kensington"
"LINESTRING (-0.123179 51.506543,-0.191496 51.503157", "From Whitehall Place, Strand to Kensington Church Street, Kensington"
"LINESTRING (-0.196422 51.509353,-0.191496 51.503157", "From Notting Hill Gate Station, Notting Hill to Kensington Church Street, Kensington"
"LINESTRING (-0.236769 51.494223,-0.191496 51.503157", "From Ravenscourt Park Station, Hammersmith to Kensington Church Street, Kensington"
"LINESTRING (-0.202608 51.51632,-0.191496 51.503157", "From All Saints Church, Portobello to Kensington Church Street, Kensington"
"LINESTRING (-0.211593 51.51323,-0.191496 51.503157", "From Clarendon Road, Avondale to Kensington Church Street, Kensington"
"LINESTRING (-0.165164 51.514746,-0.191496 51.503157", "From Porchester Place, Paddington to Kensington Church Street, Kensington"
"LINESTRING (-0.193764 51.508605,-0.191496 51.503157", "From Palace Gardens Terrace, Notting Hill to Kensington Church Street, Kensington"
"LINESTRING (-0.191496 51.503157,-0.191496 51.503157", "From Kensington Church Street, Kensington to Kensington Church Street, Kensington"
"LINESTRING (-0.18119 51.490945,-0.191496 51.503157", "From Old Brompton Road, South Kensington to Kensington Church Street, Kensington"
"LINESTRING (-0.196422 51.509353,-0.191496 51.503157", "From Notting Hill Gate Station, Notting Hill to Kensington Church Street, Kensington"
"LINESTRING (-0.202038 51.48357,-0.191496 51.503157", "From Coomer Place, West Kensington to Kensington Church Street, Kensington"
"LINESTRING (-0.205991 51.501391,-0.191496 51.503157", "From Abbotsbury Road, Holland Park to Kensington Church Street, Kensington"
"LINESTRING (-0.193764 51.508605,-0.191496 51.503157", "From Palace Gardens Terrace, Notting Hill to Kensington Church Street, Kensington"
"LINESTRING (-0.188098 51.517919,-0.191496 51.503157", "From Gloucester Terrace, Bayswater to Kensington Church Street, Kensington"
"LINESTRING (-0.151926 51.516814,-0.191496 51.503157", "From Hinde Street, Marylebone to Kensington Church Street, Kensington"
"LINESTRING (-0.174971 51.485121,-0.191496 51.503157", "From The Vale, Chelsea to Kensington Church Street, Kensington"
"LINESTRING (-0.193764 51.508605,-0.191496 51.503157", "From Palace Gardens Terrace, Notting Hill to Kensington Church Street, Kensington"
"LINESTRING (-0.202038 51.48357,-0.191496 51.503157", "From Coomer Place, West Kensington to Kensington Church Street, Kensington"
"LINESTRING (-0.178732 51.493967,-0.191496 51.503157", "From Queen's Gate (Central), South Kensington to Kensington Church Street, Kensington"
"LINESTRING (-0.140485 51.519181,-0.191496 51.503157", "From Foley Street, Fitzrovia to Kensington Church Street, Kensington"
"LINESTRING (-0.202038 51.48357,-0.191496 51.503157", "From Coomer Place, West Kensington to Kensington Church Street, Kensington"
"LINESTRING (-0.193764 51.508605,-0.191496 51.503157", "From Palace Gardens Terrace, Notting Hill to Kensington Church Street, Kensington"
"LINESTRING (-0.158249 51.516892,-0.191496 51.503157", "From George Place Mews, Marylebone to Kensington Church Street, Kensington"
"LINESTRING (-0.191496 51.503157,-0.191496 51.503157", "From Kensington Church Street, Kensington to Kensington Church Street, Kensington"
"LINESTRING (-0.173881 51.494412,-0.191496 51.503157", "From South Kensington Station, South Kensington to Kensington Church Street, Kensington"
"LINESTRING (-0.131213 51.513103,-0.07962 51.503493", "From Frith Street, Soho to Tooley Street, Bermondsey"
"LINESTRING (-0.041378 51.522507,-0.07962 51.503493", "From Queen Mary's, Mile End to Tooley Street, Bermondsey"
"LINESTRING (-0.070542 51.505697,-0.07962 51.503493", "From St. Katharine's Way, Tower to Tooley Street, Bermondsey"
"LINESTRING (-0.16375 51.465064,-0.07962 51.503493", "From Dorothy Road, Clapham Junction to Tooley Street, Bermondsey"
"LINESTRING (-0.108657 51.51795,-0.07962 51.503493", "From Holborn Circus, Holborn to Tooley Street, Bermondsey"
"LINESTRING (-0.132845 51.489975,-0.07962 51.503493", "From Rampayne Street, Pimlico to Tooley Street, Bermondsey"
"LINESTRING (-0.09294 51.51397,-0.07962 51.503493", "From Cheapside, Bank to Tooley Street, Bermondsey"
"LINESTRING (-0.112031 51.49914,-0.07962 51.503493", "From Lambeth North Station, Waterloo to Tooley Street, Bermondsey"
"LINESTRING (-0.068981 51.498585,-0.07962 51.503493", "From George Row, Bermondsey to Tooley Street, Bermondsey"
"LINESTRING (-0.081608 51.497855,-0.07962 51.503493", "From Bermondsey Street, Bermondsey to Tooley Street, Bermondsey"
"LINESTRING (-0.103132 51.498744,-0.07962 51.503493", "From LSBU (Borough Road), Elephant & Castle to Tooley Street, Bermondsey"
"LINESTRING (-0.06415 51.51295,-0.07962 51.503493", "From Christian Street, Whitechapel to Tooley Street, Bermondsey"
"LINESTRING (-0.134621 51.507424,-0.07962 51.503493", "From St. James's Square, St. James's to Tooley Street, Bermondsey"
"LINESTRING (-0.09734 51.520841,-0.07962 51.503493", "From Aldersgate Street, Barbican to Tooley Street, Bermondsey"
"LINESTRING (-0.041378 51.522507,-0.07962 51.503493", "From Queen Mary's, Mile End to Tooley Street, Bermondsey"
"LINESTRING (-0.04915 51.498439,-0.07962 51.503493", "From Canada Water Station, Rotherhithe to Tooley Street, Bermondsey"
"LINESTRING (-0.136928 51.493985,-0.07962 51.503493", "From Vincent Square, Westminster to Tooley Street, Bermondsey"
"LINESTRING (-0.123823 51.501513,-0.07962 51.503493", "From Westminster Pier, Westminster to Tooley Street, Bermondsey"
"LINESTRING (-0.147714 51.483507,-0.07962 51.503493", "From Battersea Power Station, Battersea Park to Tooley Street, Bermondsey"
"LINESTRING (-0.069542 51.512363,-0.07962 51.503493", "From Leman Street, Aldgate to Tooley Street, Bermondsey"
"LINESTRING (-0.111014 51.493686,-0.07962 51.503493", "From Walnut Tree Walk, Vauxhall to Tooley Street, Bermondsey"
"LINESTRING (-0.065006 51.508622,-0.07962 51.503493", "From Pennington Street, Wapping to Tooley Street, Bermondsey"
"LINESTRING (-0.068161 51.509786,-0.07962 51.503493", "From Dock Street, Wapping to Tooley Street, Bermondsey"
"LINESTRING (-0.09294 51.511553,-0.07962 51.503493", "From Queen Street 1, Bank to Tooley Street, Bermondsey"
"LINESTRING (-0.081608 51.497855,-0.07962 51.503493", "From Bermondsey Street, Bermondsey to Tooley Street, Bermondsey"
"LINESTRING (-0.096191 51.498597,-0.07962 51.503493", "From Harper Road, The Borough to Tooley Street, Bermondsey"
"LINESTRING (-0.055846 51.499169,-0.07962 51.503493", "From Rotherhithe Roundabout, Rotherhithe to Tooley Street, Bermondsey"
"LINESTRING (-0.070542 51.505697,-0.07962 51.503493", "From St. Katharine's Way, Tower to Tooley Street, Bermondsey"
"LINESTRING (-0.06415 51.51295,-0.07962 51.503493", "From Christian Street, Whitechapel to Tooley Street, Bermondsey"
"LINESTRING (-0.135777 51.51953,-0.07962 51.503493", "From Charlotte Street, Fitzrovia to Tooley Street, Bermondsey"
"LINESTRING (-0.09644 51.507385,-0.07962 51.503493", "From New Globe Walk, Bankside to Tooley Street, Bermondsey"
"LINESTRING (-0.119643 51.511756,-0.07962 51.503493", "From Wellington Street , Strand to Tooley Street, Bermondsey"
"LINESTRING (-0.113001 51.50486,-0.07962 51.503493", "From Waterloo Road, South Bank to Tooley Street, Bermondsey"
"LINESTRING (-0.018703 51.528169,-0.07962 51.503493", "From Bow Church Station, Bow to Tooley Street, Bermondsey"
"LINESTRING (-0.119643 51.511756,-0.07962 51.503493", "From Wellington Street , Strand to Tooley Street, Bermondsey"
"LINESTRING (-0.123823 51.501513,-0.07962 51.503493", "From Westminster Pier, Westminster to Tooley Street, Bermondsey"
"LINESTRING (-0.068161 51.509786,-0.07962 51.503493", "From Dock Street, Wapping to Tooley Street, Bermondsey"
"LINESTRING (-0.084985 51.509301,-0.07962 51.503493", "From Lower Thames Street, Monument to Tooley Street, Bermondsey"
"LINESTRING (-0.06111 51.518675,-0.07962 51.503493", "From Royal London Hospital, Whitechapel to Tooley Street, Bermondsey"
"LINESTRING (-0.143613 51.523518,-0.07962 51.503493", "From Bolsover Street, Fitzrovia to Tooley Street, Bermondsey"
"LINESTRING (-0.058641 51.515256,-0.07962 51.503493", "From Philpot Street, Whitechapel to Tooley Street, Bermondsey"
"LINESTRING (-0.139221 51.461388,-0.07962 51.503493", "From Clapham Common Station, Clapham Common to Tooley Street, Bermondsey"
"LINESTRING (-0.118256 51.47659,-0.07962 51.503493", "From Albert Square, Stockwell to Tooley Street, Bermondsey"
"LINESTRING (-0.041378 51.522507,-0.07962 51.503493", "From Queen Mary's, Mile End to Tooley Street, Bermondsey"
"LINESTRING (-0.06415 51.51295,-0.07962 51.503493", "From Christian Street, Whitechapel to Tooley Street, Bermondsey"
"LINESTRING (-0.147714 51.483507,-0.07962 51.503493", "From Battersea Power Station, Battersea Park to Tooley Street, Bermondsey"
"LINESTRING (-0.10988 51.49775,-0.07962 51.503493", "From King Edward Walk, Waterloo to Tooley Street, Bermondsey"
"LINESTRING (-0.087587 51.514441,-0.07962 51.503493", "From Bank of England Museum, Bank to Tooley Street, Bermondsey"
"LINESTRING (-0.06555 51.528681,-0.07962 51.503493", "From Durant Street, Bethnal Green to Tooley Street, Bermondsey"
"LINESTRING (-0.077121 51.511594,-0.07962 51.503493", "From Crosswall, Tower to Tooley Street, Bermondsey"
"LINESTRING (-0.058681 51.506946,-0.07962 51.503493", "From Reardon Street, Wapping to Tooley Street, Bermondsey"
"LINESTRING (-0.058641 51.515256,-0.07962 51.503493", "From Philpot Street, Whitechapel to Tooley Street, Bermondsey"
"LINESTRING (-0.116628 51.500089,-0.07962 51.503493", "From Lambeth Palace Road, Waterloo to Tooley Street, Bermondsey"
"LINESTRING (-0.077121 51.511594,-0.07962 51.503493", "From Crosswall, Tower to Tooley Street, Bermondsey"
"LINESTRING (-0.06415 51.51295,-0.07962 51.503493", "From Christian Street, Whitechapel to Tooley Street, Bermondsey"
"LINESTRING (-0.070133 51.515231,-0.07962 51.503493", "From Central House, Whitechapel to Tooley Street, Bermondsey"
"LINESTRING (-0.057159 51.511088,-0.07962 51.503493", "From Shadwell Station, Shadwell to Tooley Street, Bermondsey"
"LINESTRING (-0.107913 51.498386,-0.07962 51.503493", "From Westminster Bridge Road, Elephant & Castle to Tooley Street, Bermondsey"
"LINESTRING (-0.113001 51.50486,-0.07962 51.503493", "From Waterloo Road, South Bank to Tooley Street, Bermondsey"
"LINESTRING (-0.106992 51.534504,-0.176645 51.518622", "From Liverpool Road (N1 Centre), Angel to North Wharf Road, Paddington"
"LINESTRING (-0.174593 51.520205,-0.176645 51.518622", "From Paddington Green, Paddington to North Wharf Road, Paddington"
"LINESTRING (-0.13558 51.513684,-0.176645 51.518622", "From Broadwick Street, Soho to North Wharf Road, Paddington"
"LINESTRING (-0.174653 51.527294,-0.176645 51.518622", "From St. John's Wood Road, St. John's Wood to North Wharf Road, Paddington"
"LINESTRING (-0.196422 51.509353,-0.176645 51.518622", "From Notting Hill Gate Station, Notting Hill to North Wharf Road, Paddington"
"LINESTRING (-0.162298 51.522511,-0.176645 51.518622", "From Boston Place, Marylebone to North Wharf Road, Paddington"
"LINESTRING (-0.183846 51.523344,-0.176645 51.518622", "From Warwick Avenue Station, Maida Vale to North Wharf Road, Paddington"
"LINESTRING (-0.196422 51.509353,-0.176645 51.518622", "From Notting Hill Gate Station, Notting Hill to North Wharf Road, Paddington"
"LINESTRING (-0.162298 51.522511,-0.176645 51.518622", "From Boston Place, Marylebone to North Wharf Road, Paddington"
"LINESTRING (-0.151359 51.522008,-0.176645 51.518622", "From Beaumont Street, Marylebone to North Wharf Road, Paddington"
"LINESTRING (-0.176645 51.518622,-0.176645 51.518622", "From North Wharf Road, Paddington to North Wharf Road, Paddington"
"LINESTRING (-0.183846 51.523344,-0.176645 51.518622", "From Warwick Avenue Station, Maida Vale to North Wharf Road, Paddington"
"LINESTRING (-0.13011 51.513527,-0.176645 51.518622", "From Moor Street, Soho to North Wharf Road, Paddington"
"LINESTRING (-0.156166 51.518913,-0.176645 51.518622", "From Baker Street, Marylebone to North Wharf Road, Paddington"
"LINESTRING (-0.176645 51.518622,-0.176645 51.518622", "From North Wharf Road, Paddington to North Wharf Road, Paddington"
"LINESTRING (-0.155525 51.516204,-0.176645 51.518622", "From Portman Square, Marylebone to North Wharf Road, Paddington"
"LINESTRING (-0.162418 51.490083,-0.162418 51.490083", "From Royal Avenue 2, Chelsea to Royal Avenue 2, Chelsea"
"LINESTRING (-0.155442 51.474376,-0.162418 51.490083", "From Austin Road, Battersea Park to Royal Avenue 2, Chelsea"
"LINESTRING (-0.142844 51.506613,-0.162418 51.490083", "From Green Park Station, Mayfair to Royal Avenue 2, Chelsea"
"LINESTRING (-0.174485 51.469161,-0.162418 51.490083", "From Fawcett Close, Battersea to Royal Avenue 2, Chelsea"
"LINESTRING (-0.170983 51.486892,-0.162418 51.490083", "From Manresa Road, Chelsea to Royal Avenue 2, Chelsea"
"LINESTRING (-0.142943 51.496863,-0.162418 51.490083", "From Allington Street, Victoria to Royal Avenue 2, Chelsea"
"LINESTRING (-0.113885 51.51165,-0.162418 51.490083", "From Arundel Street to Royal Avenue 2, Chelsea"
"LINESTRING (-0.129698 51.500703,-0.162418 51.490083", "From Storey's Gate, Westminster to Royal Avenue 2, Chelsea"
"LINESTRING (-0.162727 51.489932,-0.162418 51.490083", "From Royal Avenue 1, Chelsea to Royal Avenue 2, Chelsea"
"LINESTRING (-0.150817 51.505426,-0.162418 51.490083", "From Park Lane, Mayfair to Royal Avenue 2, Chelsea"
"LINESTRING (-0.115375 51.460232,-0.162418 51.490083", "From Saltoun Road, Brixton to Royal Avenue 2, Chelsea"
"LINESTRING (-0.194116 51.479932,-0.162418 51.490083", "From Fulham Broadway, Walham Green to Royal Avenue 2, Chelsea"
"LINESTRING (-0.132845 51.489975,-0.162418 51.490083", "From Rampayne Street, Pimlico to Royal Avenue 2, Chelsea"
"LINESTRING (-0.191803 51.473611,-0.162418 51.490083", "From Sandilands Road, Walham Green to Royal Avenue 2, Chelsea"
"LINESTRING (-0.162418 51.490083,-0.162418 51.490083", "From Royal Avenue 2, Chelsea to Royal Avenue 2, Chelsea"
"LINESTRING (-0.180274 51.481805,-0.162418 51.490083", "From World's End Place, West Chelsea to Royal Avenue 2, Chelsea"
"LINESTRING (-0.167919 51.484984,-0.162418 51.490083", "From Phene Street, Chelsea to Royal Avenue 2, Chelsea"
"LINESTRING (-0.14177 51.479501,-0.162418 51.490083", "From Battersea Park Road, Nine Elms to Royal Avenue 2, Chelsea"
"LINESTRING (-0.199783 51.472817,-0.162418 51.490083", "From Parson's Green , Parson's Green to Royal Avenue 2, Chelsea"
"LINESTRING (-0.205876 51.475698,-0.162418 51.490083", "From Chesilton Road, Fulham to Royal Avenue 2, Chelsea"
"LINESTRING (-0.18498 51.501737,-0.162418 51.490083", "From De Vere Gardens, Kensington to Royal Avenue 2, Chelsea"
"LINESTRING (-0.134621 51.507424,-0.162418 51.490083", "From St. James's Square, St. James's to Royal Avenue 2, Chelsea"
"LINESTRING (-0.183834 51.497924,-0.162418 51.490083", "From Gloucester Road (North), Kensington to Royal Avenue 2, Chelsea"
"LINESTRING (-0.123179 51.506543,-0.162418 51.490083", "From Whitehall Place, Strand to Royal Avenue 2, Chelsea"
"LINESTRING (-0.187404 51.487958,-0.162418 51.490083", "From Harcourt Terrace, West Brompton to Royal Avenue 2, Chelsea"
"LINESTRING (-0.18119 51.490945,-0.162418 51.490083", "From Old Brompton Road, South Kensington to Royal Avenue 2, Chelsea"
"LINESTRING (-0.124642 51.481747,-0.162418 51.490083", "From South Lambeth Road, Vauxhall to Royal Avenue 2, Chelsea"
"LINESTRING (-0.167919 51.484984,-0.162418 51.490083", "From Phene Street, Chelsea to Royal Avenue 2, Chelsea"
"LINESTRING (-0.132224 51.49206,-0.162418 51.490083", "From Regency Street, Westminster to Royal Avenue 2, Chelsea"
"LINESTRING (-0.179668 51.511654,-0.162418 51.490083", "From Lancaster Gate , Bayswater to Royal Avenue 2, Chelsea"
"LINESTRING (-0.132224 51.49206,-0.127575 51.495805", "From Regency Street, Westminster to Smith Square, Westminster"
"LINESTRING (-0.130458 51.494816,-0.127575 51.495805", "From Horseferry Road, Westminster to Smith Square, Westminster"
"LINESTRING (-0.082422 51.516154,-0.127575 51.495805", "From Wormwood Street, Liverpool Street to Smith Square, Westminster"
"LINESTRING (-0.114079 51.522264,-0.127575 51.495805", "From Northington Street , Holborn to Smith Square, Westminster"
"LINESTRING (-0.122806 51.490435,-0.127575 51.495805", "From Albert Embankment, Vauxhall to Smith Square, Westminster"
"LINESTRING (-0.103078 51.511934,-0.127575 51.495805", "From Blackfriars Station, St. Paul's to Smith Square, Westminster"
"LINESTRING (-0.161113 51.522596,-0.127575 51.495805", "From Dorset Square, Marylebone to Smith Square, Westminster"
"LINESTRING (-0.134621 51.507424,-0.127575 51.495805", "From St. James's Square, St. James's to Smith Square, Westminster"
"LINESTRING (-0.149004 51.485821,-0.127575 51.495805", "From Chelsea Bridge, Pimlico to Smith Square, Westminster"
"LINESTRING (-0.122492 51.486343,-0.127575 51.495805", "From Kennington Lane Rail Bridge, Vauxhall to Smith Square, Westminster"
"LINESTRING (-0.130699 51.50777,-0.127575 51.495805", "From Pall Mall East, West End to Smith Square, Westminster"
"LINESTRING (-0.123823 51.501513,-0.127575 51.495805", "From Westminster Pier, Westminster to Smith Square, Westminster"
"LINESTRING (-0.130908 51.464995,-0.127575 51.495805", "From Gauden Road, Clapham to Smith Square, Westminster"
"LINESTRING (-0.117495 51.498241,-0.127575 51.495805", "From Archbishop's Park, Waterloo to Smith Square, Westminster"
"LINESTRING (-0.082422 51.516154,-0.127575 51.495805", "From Wormwood Street, Liverpool Street to Smith Square, Westminster"
"LINESTRING (-0.108322 51.510981,-0.127575 51.495805", "From Temple Gardens, Temple to Smith Square, Westminster"
"LINESTRING (-0.18119 51.485587,-0.127575 51.495805", "From Limerston Street, West Chelsea to Smith Square, Westminster"
"LINESTRING (-0.140485 51.519181,-0.127575 51.495805", "From Foley Street, Fitzrovia to Smith Square, Westminster"
"LINESTRING (-0.129925 51.493072,-0.127575 51.495805", "From Vincent Street, Pimlico to Smith Square, Westminster"
"LINESTRING (-0.169249 51.515953,-0.127575 51.495805", "From Southwick Street, Paddington to Smith Square, Westminster"
"LINESTRING (-0.150817 51.505426,-0.127575 51.495805", "From Park Lane, Mayfair to Smith Square, Westminster"
"LINESTRING (-0.150817 51.505426,-0.127575 51.495805", "From Park Lane, Mayfair to Smith Square, Westminster"
"LINESTRING (-0.139956 51.493573,-0.127575 51.495805", "From Queen Mother Sports Centre, Victoria to Smith Square, Westminster"
"LINESTRING (-0.126021 51.508103,-0.127575 51.495805", "From Craven Street, Strand to Smith Square, Westminster"
"LINESTRING (-0.09022 51.491484,-0.127575 51.495805", "From Rodney Road , Walworth to Smith Square, Westminster"
"LINESTRING (-0.165101 51.493583,-0.127575 51.495805", "From Denyer Street, Knightsbridge to Smith Square, Westminster"
"LINESTRING (-0.130504 51.526838,-0.127575 51.495805", "From Endsleigh Gardens, Euston to Smith Square, Westminster"
"LINESTRING (-0.067937 51.51793,-0.06111 51.518675", "From Old Montague Street, Whitechapel to Royal London Hospital, Whitechapel"
"LINESTRING (-0.030556 51.523538,-0.06111 51.518675", "From Southern Grove, Bow to Royal London Hospital, Whitechapel"
"LINESTRING (-0.055894 51.528936,-0.06111 51.518675", "From York Hall, Bethnal Green to Royal London Hospital, Whitechapel"
"LINESTRING (-0.058681 51.506946,-0.06111 51.518675", "From Reardon Street, Wapping to Royal London Hospital, Whitechapel"
"LINESTRING (-0.015717 51.549369,-0.06111 51.518675", "From Lee Valley VeloPark, Queen Elizabeth Olympic Park to Royal London Hospital, Whitechapel"
"LINESTRING (-0.122219 51.51477,-0.06111 51.518675", "From Drury Lane, Covent Garden to Royal London Hospital, Whitechapel"
"LINESTRING (-0.033828 51.514115,-0.06111 51.518675", "From Salmon Lane, Limehouse to Royal London Hospital, Whitechapel"
"LINESTRING (-0.06111 51.518675,-0.06111 51.518675", "From Royal London Hospital, Whitechapel to Royal London Hospital, Whitechapel"
"LINESTRING (-0.094524 51.500694,-0.06111 51.518675", "From Borough High Street, The Borough to Royal London Hospital, Whitechapel"
"LINESTRING (-0.06142 51.532091,-0.06111 51.518675", "From Pritchard's Road, Bethnal Green to Royal London Hospital, Whitechapel"
"LINESTRING (-0.025296 51.527058,-0.06111 51.518675", "From Bow Road Station, Bow to Royal London Hospital, Whitechapel"
"LINESTRING (-0.041378 51.522507,-0.06111 51.518675", "From Queen Mary's, Mile End to Royal London Hospital, Whitechapel"
"LINESTRING (-0.075578 51.52127,-0.06111 51.518675", "From Commercial Street, Shoreditch to Royal London Hospital, Whitechapel"
"LINESTRING (-0.06142 51.532091,-0.06111 51.518675", "From Pritchard's Road, Bethnal Green to Royal London Hospital, Whitechapel"
"LINESTRING (-0.139956 51.493573,-0.06111 51.518675", "From Queen Mother Sports Centre, Victoria to Royal London Hospital, Whitechapel"
"LINESTRING (-0.08066 51.514225,-0.06111 51.518675", "From St. Mary Axe, Aldgate to Royal London Hospital, Whitechapel"
"LINESTRING (-0.120202 51.523346,-0.06111 51.518675", "From Guilford Street , Bloomsbury to Royal London Hospital, Whitechapel"
"LINESTRING (-0.047784 51.51328,-0.06111 51.518675", "From Albert Gardens, Stepney to Royal London Hospital, Whitechapel"
"LINESTRING (-0.041378 51.522507,-0.06111 51.518675", "From Queen Mary's, Mile End to Royal London Hospital, Whitechapel"
"LINESTRING (-0.00481 51.541793,-0.06111 51.518675", "From Stratford Station, Stratford to Royal London Hospital, Whitechapel"
"LINESTRING (-0.053177 51.515975,-0.06111 51.518675", "From Jubilee Street, Stepney to Royal London Hospital, Whitechapel"
"LINESTRING (-0.074189 51.502279,-0.06111 51.518675", "From Curlew Street, Shad Thames to Royal London Hospital, Whitechapel"
"LINESTRING (-0.069543 51.525645,-0.06111 51.518675", "From Granby Street, Shoreditch to Royal London Hospital, Whitechapel"
"LINESTRING (-0.088285 51.519069,-0.06111 51.518675", "From Moorfields, Moorgate to Royal London Hospital, Whitechapel"
"LINESTRING (-0.058641 51.515256,-0.06111 51.518675", "From Philpot Street, Whitechapel to Royal London Hospital, Whitechapel"
"LINESTRING (-0.043371 51.518369,-0.06111 51.518675", "From Rectory Square, Stepney to Royal London Hospital, Whitechapel"
"LINESTRING (-0.026768 51.520398,-0.06111 51.518675", "From Ackroyd Drive, Bow to Royal London Hospital, Whitechapel"
"LINESTRING (-0.041378 51.522507,-0.06111 51.518675", "From Queen Mary's, Mile End to Royal London Hospital, Whitechapel"
"LINESTRING (-0.058681 51.506946,-0.06111 51.518675", "From Reardon Street, Wapping to Royal London Hospital, Whitechapel"
"LINESTRING (-0.070133 51.515231,-0.06111 51.518675", "From Central House, Whitechapel to Royal London Hospital, Whitechapel"
"LINESTRING (-0.083632 51.502153,-0.06111 51.518675", "From Snowsfields, London Bridge to Royal London Hospital, Whitechapel"
"LINESTRING (-0.047784 51.51328,-0.06111 51.518675", "From Albert Gardens, Stepney to Royal London Hospital, Whitechapel"
"LINESTRING (-0.066078 51.514924,-0.06111 51.518675", "From LMU Commercial Road, Whitechapel to Royal London Hospital, Whitechapel"
"LINESTRING (-0.066078 51.514924,-0.06111 51.518675", "From LMU Commercial Road, Whitechapel to Royal London Hospital, Whitechapel"
"LINESTRING (-0.021345 51.519265,-0.06111 51.518675", "From Furze Green, Bow to Royal London Hospital, Whitechapel"
"LINESTRING (-0.013258 51.528828,-0.06111 51.518675", "From Bromley High Street, Bow to Royal London Hospital, Whitechapel"
"LINESTRING (-0.01051 51.54094,-0.06111 51.518675", "From Aquatic Centre, Queen Elizabeth Olympic Park to Royal London Hospital, Whitechapel"
"LINESTRING (-0.088285 51.519069,-0.06111 51.518675", "From Moorfields, Moorgate to Royal London Hospital, Whitechapel"
"LINESTRING (-0.030556 51.523538,-0.06111 51.518675", "From Southern Grove, Bow to Royal London Hospital, Whitechapel"
"LINESTRING (-0.104708 51.52326,-0.06111 51.518675", "From Clerkenwell Green, Clerkenwell to Royal London Hospital, Whitechapel"
"LINESTRING (-0.077121 51.511594,-0.06111 51.518675", "From Crosswall, Tower to Royal London Hospital, Whitechapel"
"LINESTRING (-0.051394 51.520893,-0.06111 51.518675", "From Cleveland Way, Stepney to Royal London Hospital, Whitechapel"
"LINESTRING (-0.114842 51.50621,-0.06111 51.518675", "From Belvedere Road 2, South Bank to Royal London Hospital, Whitechapel"
"LINESTRING (-0.062697 51.518154,-0.06111 51.518675", "From New Road 1 , Whitechapel to Royal London Hospital, Whitechapel"
"LINESTRING (-0.049067 51.51563,-0.06111 51.518675", "From Aylward Street, Stepney to Royal London Hospital, Whitechapel"
"LINESTRING (-0.06555 51.528681,-0.06111 51.518675", "From Durant Street, Bethnal Green to Royal London Hospital, Whitechapel"
"LINESTRING (-0.051394 51.520893,-0.06111 51.518675", "From Cleveland Way, Stepney to Royal London Hospital, Whitechapel"
"LINESTRING (-0.093913 51.496791,-0.06111 51.518675", "From Dickens Square, Borough to Royal London Hospital, Whitechapel"
"LINESTRING (-0.08299 51.53213,-0.06111 51.518675", "From Pitfield Street Central, Hoxton to Royal London Hospital, Whitechapel"
"LINESTRING (-0.051394 51.520893,-0.06111 51.518675", "From Cleveland Way, Stepney to Royal London Hospital, Whitechapel"
"LINESTRING (-0.021345 51.519265,-0.06111 51.518675", "From Furze Green, Bow to Royal London Hospital, Whitechapel"
"LINESTRING (-0.042744 51.530326,-0.06111 51.518675", "From Twig Folly Bridge, Mile End to Royal London Hospital, Whitechapel"
"LINESTRING (-0.097441 51.511961,-0.06111 51.518675", "From Queen Victoria Street, St. Paul's to Royal London Hospital, Whitechapel"
"LINESTRING (-0.09734 51.520841,-0.06111 51.518675", "From Aldersgate Street, Barbican to Royal London Hospital, Whitechapel"
"LINESTRING (-0.070133 51.515231,-0.06111 51.518675", "From Central House, Whitechapel to Royal London Hospital, Whitechapel"
"LINESTRING (-0.015578 51.52512,-0.06111 51.518675", "From Devons Road, Bow to Royal London Hospital, Whitechapel"
"LINESTRING (-0.068161 51.509786,-0.06111 51.518675", "From Dock Street, Wapping to Royal London Hospital, Whitechapel"
"LINESTRING (-0.041378 51.522507,-0.06111 51.518675", "From Queen Mary's, Mile End to Royal London Hospital, Whitechapel"
"LINESTRING (-0.068161 51.509786,-0.06111 51.518675", "From Dock Street, Wapping to Royal London Hospital, Whitechapel"
"LINESTRING (-0.089446 51.497382,-0.118478 51.514409", "From Great Dover Street, The Borough to Kingsway, Covent Garden"
"LINESTRING (-0.116628 51.500089,-0.118478 51.514409", "From Lambeth Palace Road, Waterloo to Kingsway, Covent Garden"
"LINESTRING (-0.082989 51.510484,-0.118478 51.514409", "From Great Tower Street, Monument to Kingsway, Covent Garden"
"LINESTRING (-0.097122 51.529423,-0.118478 51.514409", "From Macclesfield Rd, St Lukes to Kingsway, Covent Garden"
"LINESTRING (-0.126409 51.524,-0.118478 51.514409", "From Coram Street, Bloomsbury to Kingsway, Covent Garden"
"LINESTRING (-0.107987 51.517428,-0.112031 51.49914", "From New Fetter Lane, Holborn to Lambeth North Station, Waterloo"
"LINESTRING (-0.101384 51.49652,-0.112031 51.49914", "From Ontario Street, Elephant & Castle to Lambeth North Station, Waterloo"
"LINESTRING (-0.117122 51.490994,-0.112031 51.49914", "From Black Prince Road, Vauxhall to Lambeth North Station, Waterloo"
"LINESTRING (-0.081608 51.497855,-0.112031 51.49914", "From Bermondsey Street, Bermondsey to Lambeth North Station, Waterloo"
"LINESTRING (-0.092176 51.520044,-0.112031 51.49914", "From Barbican Centre, Barbican to Lambeth North Station, Waterloo"
"LINESTRING (-0.103137 51.506692,-0.112031 51.49914", "From Poured Lines, Bankside to Lambeth North Station, Waterloo"
"LINESTRING (-0.10988 51.49775,-0.112031 51.49914", "From King Edward Walk, Waterloo to Lambeth North Station, Waterloo"
"LINESTRING (-0.082989 51.510484,-0.112031 51.49914", "From Great Tower Street, Monument to Lambeth North Station, Waterloo"
"LINESTRING (-0.102091 51.500693,-0.112031 51.49914", "From Webber Street , Southwark to Lambeth North Station, Waterloo"
"LINESTRING (-0.09022 51.491484,-0.112031 51.49914", "From Rodney Road , Walworth to Lambeth North Station, Waterloo"
"LINESTRING (-0.08066 51.514225,-0.112031 51.49914", "From St. Mary Axe, Aldgate to Lambeth North Station, Waterloo"
"LINESTRING (-0.122492 51.486343,-0.112031 51.49914", "From Kennington Lane Rail Bridge, Vauxhall to Lambeth North Station, Waterloo"
"LINESTRING (-0.116493 51.477839,-0.112031 51.49914", "From Caldwell Street, Stockwell to Lambeth North Station, Waterloo"
"LINESTRING (-0.100791 51.518218,-0.112031 51.49914", "From West Smithfield Rotunda, Farringdon to Lambeth North Station, Waterloo"
"LINESTRING (-0.113864 51.504027,-0.112031 51.49914", "From Waterloo Station 1, Waterloo to Lambeth North Station, Waterloo"
"LINESTRING (-0.137598 51.497698,-0.112031 51.49914", "From Kings Gate House, Westminster to Lambeth North Station, Waterloo"
"LINESTRING (-0.08974 51.500823,-0.112031 51.49914", "From Empire Square, The Borough to Lambeth North Station, Waterloo"
"LINESTRING (-0.112031 51.49914,-0.112031 51.49914", "From Lambeth North Station, Waterloo to Lambeth North Station, Waterloo"
"LINESTRING (-0.111014 51.493686,-0.112031 51.49914", "From Walnut Tree Walk, Vauxhall to Lambeth North Station, Waterloo"
"LINESTRING (-0.113134 51.483145,-0.112031 51.49914", "From Kennington Oval, Oval to Lambeth North Station, Waterloo"
"LINESTRING (-0.134407 51.526236,-0.174653 51.527294", "From Euston Road, Euston to St. John's Wood Road, St. John's Wood"
"LINESTRING (-0.172528 51.533043,-0.174653 51.527294", "From Wellington Road, St. John's Wood to St. John's Wood Road, St. John's Wood"
"LINESTRING (-0.176268 51.524826,-0.174653 51.527294", "From Aberdeen Place, St. John's Wood to St. John's Wood Road, St. John's Wood"
"LINESTRING (-0.162298 51.522511,-0.174653 51.527294", "From Boston Place, Marylebone to St. John's Wood Road, St. John's Wood"
"LINESTRING (-0.109914 51.531666,-0.174653 51.527294", "From Claremont Square, Angel to St. John's Wood Road, St. John's Wood"
"LINESTRING (-0.144165 51.510736,-0.128377 51.523673", "From Bruton Street, Mayfair to Bedford Way, Bloomsbury"
"LINESTRING (-0.099994 51.522853,-0.128377 51.523673", "From Berry Street, Clerkenwell to Bedford Way, Bloomsbury"
"LINESTRING (-0.117122 51.490994,-0.128377 51.523673", "From Black Prince Road, Vauxhall to Bedford Way, Bloomsbury"
"LINESTRING (-0.083632 51.502153,-0.128377 51.523673", "From Snowsfields, London Bridge to Bedford Way, Bloomsbury"
"LINESTRING (-0.128377 51.523673,-0.128377 51.523673", "From Bedford Way, Bloomsbury to Bedford Way, Bloomsbury"
"LINESTRING (-0.18119 51.490945,-0.147478 51.492369", "From Old Brompton Road, South Kensington to Elizabeth Bridge, Victoria"
"LINESTRING (-0.127554 51.493978,-0.147478 51.492369", "From Page Street, Westminster to Elizabeth Bridge, Victoria"
"LINESTRING (-0.124678 51.51908,-0.147478 51.492369", "From British Museum, Bloomsbury to Elizabeth Bridge, Victoria"
"LINESTRING (-0.149035 51.481121,-0.147478 51.492369", "From Sopwith Way, Battersea Park to Elizabeth Bridge, Victoria"
"LINESTRING (-0.143495 51.509992,-0.147478 51.492369", "From Grafton Street, Mayfair to Elizabeth Bridge, Victoria"
"LINESTRING (-0.122502 51.523951,-0.147478 51.492369", "From Brunswick Square, Bloomsbury to Elizabeth Bridge, Victoria"
"LINESTRING (-0.173881 51.494412,-0.147478 51.492369", "From South Kensington Station, South Kensington to Elizabeth Bridge, Victoria"
"LINESTRING (-0.102996 51.486929,-0.147478 51.492369", "From Doddington Grove, Kennington to Elizabeth Bridge, Victoria"
"LINESTRING (-0.124678 51.51908,-0.147478 51.492369", "From British Museum, Bloomsbury to Elizabeth Bridge, Victoria"
"LINESTRING (-0.124678 51.51908,-0.147478 51.492369", "From British Museum, Bloomsbury to Elizabeth Bridge, Victoria"
"LINESTRING (-0.134621 51.507424,-0.147478 51.492369", "From St. James's Square, St. James's to Elizabeth Bridge, Victoria"
"LINESTRING (-0.056667 51.511542,-0.147478 51.492369", "From Watney Street, Shadwell to Elizabeth Bridge, Victoria"
"LINESTRING (-0.143495 51.509992,-0.147478 51.492369", "From Grafton Street, Mayfair to Elizabeth Bridge, Victoria"
"LINESTRING (-0.126021 51.508103,-0.147478 51.492369", "From Craven Street, Strand to Elizabeth Bridge, Victoria"
"LINESTRING (-0.214428 51.486062,-0.147478 51.492369", "From Greyhound Road, Hammersmith to Elizabeth Bridge, Victoria"
"LINESTRING (-0.143495 51.509992,-0.147478 51.492369", "From Grafton Street, Mayfair to Elizabeth Bridge, Victoria"
"LINESTRING (-0.194116 51.479932,-0.147478 51.492369", "From Fulham Broadway, Walham Green to Elizabeth Bridge, Victoria"
"LINESTRING (-0.164393 51.516517,-0.147478 51.492369", "From Nutford Place, Marylebone to Elizabeth Bridge, Victoria"
"LINESTRING (-0.127575 51.495805,-0.147478 51.492369", "From Smith Square, Westminster to Elizabeth Bridge, Victoria"
"LINESTRING (-0.141423 51.514499,-0.147478 51.492369", "From Little Argyll Street, West End to Elizabeth Bridge, Victoria"
"LINESTRING (-0.126021 51.508103,-0.147478 51.492369", "From Craven Street, Strand to Elizabeth Bridge, Victoria"
"LINESTRING (-0.173881 51.494412,-0.147478 51.492369", "From South Kensington Station, South Kensington to Elizabeth Bridge, Victoria"
"LINESTRING (-0.164393 51.516517,-0.147478 51.492369", "From Nutford Place, Marylebone to Elizabeth Bridge, Victoria"
"LINESTRING (-0.149035 51.481121,-0.147478 51.492369", "From Sopwith Way, Battersea Park to Elizabeth Bridge, Victoria"
"LINESTRING (-0.18267 51.494185,-0.147478 51.492369", "From Gloucester Road Station, South Kensington to Elizabeth Bridge, Victoria"
"LINESTRING (-0.148059 51.472865,-0.147478 51.492369", "From Silverthorne Road, Battersea to Elizabeth Bridge, Victoria"
"LINESTRING (-0.078869 51.521113,-0.147478 51.492369", "From Norton Folgate, Liverpool Street to Elizabeth Bridge, Victoria"
"LINESTRING (-0.147154 51.537349,-0.147478 51.492369", "From Gloucester Avenue, Camden Town to Elizabeth Bridge, Victoria"
"LINESTRING (-0.116542 51.504636,-0.147478 51.492369", "From Jubilee Gardens, South Bank to Elizabeth Bridge, Victoria"
"LINESTRING (-0.15213 51.470475,-0.147478 51.492369", "From Stanley Grove, Battersea to Elizabeth Bridge, Victoria"
"LINESTRING (-0.170703 51.470847,-0.147478 51.492369", "From Simpson Street, Clapham Junction to Elizabeth Bridge, Victoria"
"LINESTRING (-0.182435 51.478169,-0.147478 51.492369", "From Upcerne Road, West Chelsea to Elizabeth Bridge, Victoria"
"LINESTRING (-0.147714 51.483507,-0.147478 51.492369", "From Battersea Power Station, Battersea Park to Elizabeth Bridge, Victoria"
"LINESTRING (-0.138364 51.492111,-0.147478 51.492369", "From Tachbrook Street, Victoria to Elizabeth Bridge, Victoria"
"LINESTRING (-0.147154 51.537349,-0.147478 51.492369", "From Gloucester Avenue, Camden Town to Elizabeth Bridge, Victoria"
"LINESTRING (-0.143495 51.509992,-0.147478 51.492369", "From Grafton Street, Mayfair to Elizabeth Bridge, Victoria"
"LINESTRING (-0.197524 51.511084,-0.147478 51.492369", "From Pembridge Villas, Notting Hill to Elizabeth Bridge, Victoria"
"LINESTRING (-0.162418 51.490083,-0.147478 51.492369", "From Royal Avenue 2, Chelsea to Elizabeth Bridge, Victoria"
"LINESTRING (-0.141327 51.520253,-0.147478 51.492369", "From Great Titchfield Street, Fitzrovia to Elizabeth Bridge, Victoria"
"LINESTRING (-0.164393 51.516517,-0.147478 51.492369", "From Nutford Place, Marylebone to Elizabeth Bridge, Victoria"
"LINESTRING (-0.147714 51.483507,-0.147478 51.492369", "From Battersea Power Station, Battersea Park to Elizabeth Bridge, Victoria"
"LINESTRING (-0.147714 51.483507,-0.147478 51.492369", "From Battersea Power Station, Battersea Park to Elizabeth Bridge, Victoria"
"LINESTRING (-0.18498 51.501737,-0.151296 51.50923", "From De Vere Gardens, Kensington to South Audley Street, Mayfair"
"LINESTRING (-0.162418 51.490083,-0.151296 51.50923", "From Royal Avenue 2, Chelsea to South Audley Street, Mayfair"
"LINESTRING (-0.201554 51.512136,-0.151296 51.50923", "From Chepstow Villas, Notting Hill to South Audley Street, Mayfair"
"LINESTRING (-0.165164 51.514746,-0.151296 51.50923", "From Porchester Place, Paddington to South Audley Street, Mayfair"
"LINESTRING (-0.205876 51.475698,-0.151296 51.50923", "From Chesilton Road, Fulham to South Audley Street, Mayfair"
"LINESTRING (-0.183834 51.497924,-0.171103 51.518268", "From Gloucester Road (North), Kensington to St Mary's Hospital, Paddington"
"LINESTRING (-0.187404 51.487958,-0.171103 51.518268", "From Harcourt Terrace, West Brompton to St Mary's Hospital, Paddington"
"LINESTRING (-0.096317 51.526008,-0.171103 51.518268", "From Finsbury Leisure Centre, St. Luke's to St Mary's Hospital, Paddington"
"LINESTRING (-0.141423 51.514499,-0.171103 51.518268", "From Little Argyll Street, West End to St Mary's Hospital, Paddington"
"LINESTRING (-0.171103 51.518268,-0.171103 51.518268", "From St Mary's Hospital, Paddington to St Mary's Hospital, Paddington"
"LINESTRING (-0.112031 51.49914,-0.171103 51.518268", "From Lambeth North Station, Waterloo to St Mary's Hospital, Paddington"
"LINESTRING (-0.138072 51.517344,-0.171103 51.518268", "From Wells Street, Fitzrovia to St Mary's Hospital, Paddington"
"LINESTRING (-0.151926 51.516814,-0.171103 51.518268", "From Hinde Street, Marylebone to St Mary's Hospital, Paddington"
"LINESTRING (-0.147983 51.519167,-0.171103 51.518268", "From New Cavendish Street, Marylebone to St Mary's Hospital, Paddington"
"LINESTRING (-0.201005 51.51787,-0.171103 51.518268", "From Westbourne Park Road, Portobello to St Mary's Hospital, Paddington"
"LINESTRING (-0.129925 51.493072,-0.171103 51.518268", "From Vincent Street, Pimlico to St Mary's Hospital, Paddington"
"LINESTRING (-0.183716 51.517932,-0.171103 51.518268", "From Orsett Terrace, Bayswater to St Mary's Hospital, Paddington"
"LINESTRING (-0.10548 51.532199,-0.171103 51.518268", "From Torrens Street, Angel to St Mary's Hospital, Paddington"
"LINESTRING (-0.21186 51.483217,-0.171103 51.518268", "From Humbolt Road, Fulham to St Mary's Hospital, Paddington"
"LINESTRING (-0.144664 51.538071,-0.171103 51.518268", "From Parkway, Camden Town to St Mary's Hospital, Paddington"
"LINESTRING (-0.116688 51.520596,-0.171103 51.518268", "From Theobald's Road , Holborn to St Mary's Hospital, Paddington"
"LINESTRING (-0.161113 51.522596,-0.171103 51.518268", "From Dorset Square, Marylebone to St Mary's Hospital, Paddington"
"LINESTRING (-0.155442 51.474376,-0.171103 51.518268", "From Austin Road, Battersea Park to St Mary's Hospital, Paddington"
"LINESTRING (-0.183834 51.497924,-0.171103 51.518268", "From Gloucester Road (North), Kensington to St Mary's Hospital, Paddington"
"LINESTRING (-0.158264 51.514577,-0.171103 51.518268", "From Old Quebec Street, Marylebone to St Mary's Hospital, Paddington"
"LINESTRING (-0.161113 51.522596,-0.171103 51.518268", "From Dorset Square, Marylebone to St Mary's Hospital, Paddington"
"LINESTRING (-0.155525 51.516204,-0.171103 51.518268", "From Portman Square, Marylebone to St Mary's Hospital, Paddington"
"LINESTRING (-0.147203 51.515308,-0.171103 51.518268", "From Chapel Place, Marylebone to St Mary's Hospital, Paddington"
"LINESTRING (-0.158963 51.524517,-0.171103 51.518268", "From Park Road (Baker Street), The Regent's Park to St Mary's Hospital, Paddington"
"LINESTRING (-0.157183 51.52026,-0.171103 51.518268", "From Crawford Street, Marylebone to St Mary's Hospital, Paddington"
"LINESTRING (-0.183486 51.529857,-0.171103 51.518268", "From Maida Vale, Maida Vale to St Mary's Hospital, Paddington"
"LINESTRING (-0.174411 51.511933,-0.171103 51.518268", "From Bayswater Road, Hyde Park to St Mary's Hospital, Paddington"
"LINESTRING (-0.126409 51.524,-0.171103 51.518268", "From Coram Street, Bloomsbury to St Mary's Hospital, Paddington"
"LINESTRING (-0.145246 51.539957,-0.171103 51.518268", "From Arlington Road, Camden Town to St Mary's Hospital, Paddington"
"LINESTRING (-0.13225 51.528833,-0.171103 51.518268", "From Doric Way , Somers Town to St Mary's Hospital, Paddington"
"LINESTRING (-0.118272 51.516277,-0.138089 51.484839", "From Lincoln's Inn Fields, Holborn to Claverton Street, Pimlico"
"LINESTRING (-0.119643 51.511756,-0.138089 51.484839", "From Wellington Street , Strand to Claverton Street, Pimlico"
"LINESTRING (-0.194116 51.479932,-0.138089 51.484839", "From Fulham Broadway, Walham Green to Claverton Street, Pimlico"
"LINESTRING (-0.124469 51.485917,-0.138089 51.484839", "From Vauxhall Cross, Vauxhall to Claverton Street, Pimlico"
"LINESTRING (-0.099489 51.524868,-0.138089 51.484839", "From Sadlers Sports Centre, Finsbury to Claverton Street, Pimlico"
"LINESTRING (-0.182435 51.478169,-0.138089 51.484839", "From Upcerne Road, West Chelsea to Claverton Street, Pimlico"
"LINESTRING (-0.106823 51.508033,-0.138089 51.484839", "From Sea Containers, South Bank to Claverton Street, Pimlico"
"LINESTRING (-0.127575 51.495805,-0.138089 51.484839", "From Smith Square, Westminster to Claverton Street, Pimlico"
"LINESTRING (-0.148105 51.514759,-0.138089 51.484839", "From Marylebone Lane, Marylebone to Claverton Street, Pimlico"
"LINESTRING (-0.123823 51.501513,-0.138089 51.484839", "From Westminster Pier, Westminster to Claverton Street, Pimlico"
"LINESTRING (-0.126021 51.508103,-0.138089 51.484839", "From Craven Street, Strand to Claverton Street, Pimlico"
"LINESTRING (-0.124642 51.481747,-0.138089 51.484839", "From South Lambeth Road, Vauxhall to Claverton Street, Pimlico"
"LINESTRING (-0.127854 51.517727,-0.138089 51.484839", "From Great Russell Street, Bloomsbury to Claverton Street, Pimlico"
"LINESTRING (-0.170983 51.486892,-0.138089 51.484839", "From Manresa Road, Chelsea to Claverton Street, Pimlico"
"LINESTRING (-0.138019 51.524438,-0.138089 51.484839", "From Warren Street Station, Euston to Claverton Street, Pimlico"
"LINESTRING (-0.132328 51.515631,-0.138089 51.484839", "From Soho Square , Soho to Claverton Street, Pimlico"
"LINESTRING (-0.124826 51.516226,-0.138089 51.484839", "From High Holborn , Covent Garden to Claverton Street, Pimlico"
"LINESTRING (-0.179038 51.479573,-0.138089 51.484839", "From Lots Road, West Chelsea to Claverton Street, Pimlico"
"LINESTRING (-0.140947 51.49616,-0.138089 51.484839", "From Ashley Place, Victoria to Claverton Street, Pimlico"
"LINESTRING (-0.129361 51.488365,-0.138089 51.484839", "From Vauxhall Bridge , Pimlico to Claverton Street, Pimlico"
"LINESTRING (-0.170983 51.486892,-0.138089 51.484839", "From Manresa Road, Chelsea to Claverton Street, Pimlico"
"LINESTRING (-0.124642 51.481747,-0.138089 51.484839", "From South Lambeth Road, Vauxhall to Claverton Street, Pimlico"
"LINESTRING (-0.204815 51.484386,-0.138089 51.484839", "From Normand Park, West Kensington to Claverton Street, Pimlico"
"LINESTRING (-0.129361 51.488365,-0.138089 51.484839", "From Vauxhall Bridge , Pimlico to Claverton Street, Pimlico"
"LINESTRING (-0.147624 51.49395,-0.138089 51.484839", "From Eccleston Place, Victoria to Claverton Street, Pimlico"
"LINESTRING (-0.161113 51.522596,-0.165471 51.498884", "From Dorset Square, Marylebone to Montpelier Street, Knightsbridge"
"LINESTRING (-0.128279 51.5293,-0.165471 51.498884", "From Ossulston Street, Somers Town to Montpelier Street, Knightsbridge"
"LINESTRING (-0.18267 51.494185,-0.165471 51.498884", "From Gloucester Road Station, South Kensington to Montpelier Street, Knightsbridge"
"LINESTRING (-0.193487 51.513735,-0.165471 51.498884", "From Hereford Road, Bayswater to Montpelier Street, Knightsbridge"
"LINESTRING (-0.222293 51.501594,-0.165471 51.498884", "From Shepherd's Bush Road North, Shepherd's Bush to Montpelier Street, Knightsbridge"
"LINESTRING (-0.167894 51.493184,-0.165471 51.498884", "From Sloane Avenue, Knightsbridge to Montpelier Street, Knightsbridge"
"LINESTRING (-0.2174 51.504038,-0.165471 51.498884", "From Woodstock Grove, Shepherd's Bush to Montpelier Street, Knightsbridge"
"LINESTRING (-0.187842 51.509908,-0.165471 51.498884", "From Black Lion Gate, Kensington Gardens to Montpelier Street, Knightsbridge"
"LINESTRING (-0.174411 51.511933,-0.165471 51.498884", "From Bayswater Road, Hyde Park to Montpelier Street, Knightsbridge"
"LINESTRING (-0.026768 51.520398,-0.165471 51.498884", "From Ackroyd Drive, Bow to Montpelier Street, Knightsbridge"
"LINESTRING (-0.142844 51.506613,-0.165471 51.498884", "From Green Park Station, Mayfair to Montpelier Street, Knightsbridge"
"LINESTRING (-0.140947 51.49616,-0.165471 51.498884", "From Ashley Place, Victoria to Montpelier Street, Knightsbridge"
"LINESTRING (-0.170703 51.470847,-0.165471 51.498884", "From Simpson Street, Clapham Junction to Montpelier Street, Knightsbridge"
"LINESTRING (-0.142844 51.506613,-0.165471 51.498884", "From Green Park Station, Mayfair to Montpelier Street, Knightsbridge"
"LINESTRING (-0.112824 51.503791,-0.165471 51.498884", "From Waterloo Station 3, Waterloo to Montpelier Street, Knightsbridge"
"LINESTRING (-0.197574 51.499606,-0.165471 51.498884", "From Phillimore Gardens, Kensington to Montpelier Street, Knightsbridge"
"LINESTRING (-0.174554 51.499917,-0.165471 51.498884", "From Exhibition Road, Knightsbridge to Montpelier Street, Knightsbridge"
"LINESTRING (-0.148105 51.514759,-0.165471 51.498884", "From Marylebone Lane, Marylebone to Montpelier Street, Knightsbridge"
"LINESTRING (-0.135635 51.488226,-0.165471 51.498884", "From St. George's Square, Pimlico to Montpelier Street, Knightsbridge"
"LINESTRING (-0.18119 51.490945,-0.165471 51.498884", "From Old Brompton Road, South Kensington to Montpelier Street, Knightsbridge"
"LINESTRING (-0.150666 51.506864,-0.165471 51.498884", "From Stanhope Gate, Mayfair to Montpelier Street, Knightsbridge"
"LINESTRING (-0.130458 51.494816,-0.165471 51.498884", "From Horseferry Road, Westminster to Montpelier Street, Knightsbridge"
"LINESTRING (-0.126021 51.508103,-0.165471 51.498884", "From Craven Street, Strand to Montpelier Street, Knightsbridge"
"LINESTRING (-0.216573 51.466907,-0.165471 51.498884", "From Putney Pier, Wandsworth to Montpelier Street, Knightsbridge"
"LINESTRING (-0.190603 51.493631,-0.165471 51.498884", "From Knaresborough Place, Earl's Court to Montpelier Street, Knightsbridge"
"LINESTRING (-0.166221 51.490714,-0.165471 51.498884", "From Chelsea Green, Chelsea to Montpelier Street, Knightsbridge"
"LINESTRING (-0.169774 51.519968,-0.165471 51.498884", "From Edgware Road Station, Marylebone to Montpelier Street, Knightsbridge"
"LINESTRING (-0.142844 51.506613,-0.165471 51.498884", "From Green Park Station, Mayfair to Montpelier Street, Knightsbridge"
"LINESTRING (-0.102996 51.486929,-0.165471 51.498884", "From Doddington Grove, Kennington to Montpelier Street, Knightsbridge"
"LINESTRING (-0.172078 51.482567,-0.209494 51.498157", "From Danvers Street, West Chelsea to Kensington Olympia Station, Olympia"
"LINESTRING (-0.150905 51.496544,-0.209494 51.498157", "From Eaton Square, Belgravia to Kensington Olympia Station, Olympia"
"LINESTRING (-0.204815 51.484386,-0.209494 51.498157", "From Normand Park, West Kensington to Kensington Olympia Station, Olympia"
"LINESTRING (-0.191933 51.495866,-0.209494 51.498157", "From Lexham Gardens, Kensington to Kensington Olympia Station, Olympia"
"LINESTRING (-0.215808 51.503802,-0.209494 51.498157", "From Hansard Mews, Holland Park to Kensington Olympia Station, Olympia"
"LINESTRING (-0.215808 51.503802,-0.209494 51.498157", "From Hansard Mews, Holland Park to Kensington Olympia Station, Olympia"
"LINESTRING (-0.223852 51.483732,-0.209494 51.498157", "From Rainville Road, Hammersmith to Kensington Olympia Station, Olympia"
"LINESTRING (-0.2174 51.504038,-0.209494 51.498157", "From Woodstock Grove, Shepherd's Bush to Kensington Olympia Station, Olympia"
"LINESTRING (-0.17306 51.505014,-0.209494 51.498157", "From Serpentine Car Park, Hyde Park to Kensington Olympia Station, Olympia"
"LINESTRING (-0.195455 51.500401,-0.209494 51.498157", "From Argyll Road, Kensington to Kensington Olympia Station, Olympia"
"LINESTRING (-0.194392 51.501945,-0.209494 51.498157", "From Kensington Town Hall, Kensington to Kensington Olympia Station, Olympia"
"LINESTRING (-0.225787 51.514767,-0.209494 51.498157", "From BBC White City, White City to Kensington Olympia Station, Olympia"
"LINESTRING (-0.197245 51.497387,-0.209494 51.498157", "From Abingdon Villas, Kensington to Kensington Olympia Station, Olympia"
"LINESTRING (-0.193068 51.500397,-0.209494 51.498157", "From Wright's Lane, Kensington to Kensington Olympia Station, Olympia"
"LINESTRING (-0.197245 51.497387,-0.209494 51.498157", "From Abingdon Villas, Kensington to Kensington Olympia Station, Olympia"
"LINESTRING (-0.2174 51.504038,-0.209494 51.498157", "From Woodstock Grove, Shepherd's Bush to Kensington Olympia Station, Olympia"
"LINESTRING (-0.197574 51.499606,-0.209494 51.498157", "From Phillimore Gardens, Kensington to Kensington Olympia Station, Olympia"
"LINESTRING (-0.197245 51.497387,-0.209494 51.498157", "From Abingdon Villas, Kensington to Kensington Olympia Station, Olympia"
"LINESTRING (-0.147203 51.515308,-0.209494 51.498157", "From Chapel Place, Marylebone to Kensington Olympia Station, Olympia"
"LINESTRING (-0.172078 51.482567,-0.209494 51.498157", "From Danvers Street, West Chelsea to Kensington Olympia Station, Olympia"
"LINESTRING (-0.191933 51.495866,-0.209494 51.498157", "From Lexham Gardens, Kensington to Kensington Olympia Station, Olympia"
"LINESTRING (-0.2174 51.504038,-0.209494 51.498157", "From Woodstock Grove, Shepherd's Bush to Kensington Olympia Station, Olympia"
"LINESTRING (-0.158264 51.514577,-0.209494 51.498157", "From Old Quebec Street, Marylebone to Kensington Olympia Station, Olympia"
"LINESTRING (-0.185273 51.481765,-0.209494 51.498157", "From Hortensia Road, West Brompton to Kensington Olympia Station, Olympia"
"LINESTRING (-0.180246 51.501026,-0.209494 51.498157", "From Queen's Gate (North), Kensington to Kensington Olympia Station, Olympia"
"LINESTRING (-0.221791 51.49968,-0.209494 51.498157", "From Blythe Road West, Shepherd's Bush to Kensington Olympia Station, Olympia"
"LINESTRING (-0.127854 51.517727,-0.209494 51.498157", "From Great Russell Street, Bloomsbury to Kensington Olympia Station, Olympia"
"LINESTRING (-0.129925 51.493072,-0.135635 51.488226", "From Vincent Street, Pimlico to St. George's Square, Pimlico"
"LINESTRING (-0.142943 51.496863,-0.135635 51.488226", "From Allington Street, Victoria to St. George's Square, Pimlico"
"LINESTRING (-0.139625 51.490962,-0.135635 51.488226", "From Gloucester Street, Pimlico to St. George's Square, Pimlico"
"LINESTRING (-0.142943 51.496863,-0.135635 51.488226", "From Allington Street, Victoria to St. George's Square, Pimlico"
"LINESTRING (-0.139625 51.490962,-0.135635 51.488226", "From Gloucester Street, Pimlico to St. George's Square, Pimlico"
"LINESTRING (-0.205535 51.507481,-0.135635 51.488226", "From Lansdowne Road, Ladbroke Grove to St. George's Square, Pimlico"
"LINESTRING (-0.159322 51.461343,-0.135635 51.488226", "From Clapham Common North Side, Clapham Common to St. George's Square, Pimlico"
"LINESTRING (-0.087587 51.514441,-0.135635 51.488226", "From Bank of England Museum, Bank to St. George's Square, Pimlico"
"LINESTRING (-0.147478 51.492369,-0.135635 51.488226", "From Elizabeth Bridge, Victoria to St. George's Square, Pimlico"
"LINESTRING (-0.142943 51.496863,-0.135635 51.488226", "From Allington Street, Victoria to St. George's Square, Pimlico"
"LINESTRING (-0.127554 51.493978,-0.135635 51.488226", "From Page Street, Westminster to St. George's Square, Pimlico"
"LINESTRING (-0.138364 51.492111,-0.135635 51.488226", "From Tachbrook Street, Victoria to St. George's Square, Pimlico"
"LINESTRING (-0.117661 51.482678,-0.135635 51.488226", "From Ashmole Estate, Oval to St. George's Square, Pimlico"
"LINESTRING (-0.142943 51.496863,-0.135635 51.488226", "From Allington Street, Victoria to St. George's Square, Pimlico"
"LINESTRING (-0.154907 51.522481,-0.135635 51.488226", "From Westminster University, Marylebone to St. George's Square, Pimlico"
"LINESTRING (-0.147714 51.483507,-0.135635 51.488226", "From Battersea Power Station, Battersea Park to St. George's Square, Pimlico"
"LINESTRING (-0.132224 51.49206,-0.135635 51.488226", "From Regency Street, Westminster to St. George's Square, Pimlico"
"LINESTRING (-0.142943 51.496863,-0.135635 51.488226", "From Allington Street, Victoria to St. George's Square, Pimlico"
"LINESTRING (-0.142943 51.496863,-0.135635 51.488226", "From Allington Street, Victoria to St. George's Square, Pimlico"
"LINESTRING (-0.147624 51.49395,-0.135635 51.488226", "From Eccleston Place, Victoria to St. George's Square, Pimlico"
"LINESTRING (-0.101536 51.49217,-0.135635 51.488226", "From Hampton Street, Walworth to St. George's Square, Pimlico"
"LINESTRING (-0.142207 51.485357,-0.135635 51.488226", "From Grosvenor Road, Pimlico to St. George's Square, Pimlico"
"LINESTRING (-0.153645 51.512911,-0.135635 51.488226", "From North Audley Street, Mayfair to St. George's Square, Pimlico"
"LINESTRING (-0.159169 51.475153,-0.135635 51.488226", "From Prince of Wales Drive, Battersea Park to St. George's Square, Pimlico"
"LINESTRING (-0.179038 51.479573,-0.135635 51.488226", "From Lots Road, West Chelsea to St. George's Square, Pimlico"
"LINESTRING (-0.147714 51.483507,-0.135635 51.488226", "From Battersea Power Station, Battersea Park to St. George's Square, Pimlico"
"LINESTRING (-0.139625 51.490962,-0.135635 51.488226", "From Gloucester Street, Pimlico to St. George's Square, Pimlico"
"LINESTRING (-0.136928 51.493985,-0.135635 51.488226", "From Vincent Square, Westminster to St. George's Square, Pimlico"
"LINESTRING (-0.133972 51.472993,-0.135635 51.488226", "From Union Grove, Wandsworth Road to St. George's Square, Pimlico"
"LINESTRING (-0.183853 51.480898,-0.135635 51.488226", "From Thorndike Close, West Chelsea to St. George's Square, Pimlico"
"LINESTRING (-0.149004 51.485821,-0.135635 51.488226", "From Chelsea Bridge, Pimlico to St. George's Square, Pimlico"
"LINESTRING (-0.134621 51.507424,-0.135635 51.488226", "From St. James's Square, St. James's to St. George's Square, Pimlico"
"LINESTRING (-0.124749 51.509462,-0.135635 51.488226", "From William IV Street, Strand to St. George's Square, Pimlico"
"LINESTRING (-0.142943 51.496863,-0.135635 51.488226", "From Allington Street, Victoria to St. George's Square, Pimlico"
"LINESTRING (-0.079249 51.518908,-0.135635 51.488226", "From Brushfield Street, Liverpool Street to St. George's Square, Pimlico"
"LINESTRING (-0.135478 51.495827,-0.135635 51.488226", "From Rochester Row, Westminster to St. George's Square, Pimlico"
"LINESTRING (-0.134621 51.507424,-0.135635 51.488226", "From St. James's Square, St. James's to St. George's Square, Pimlico"
"LINESTRING (-0.107349 51.511891,-0.135635 51.488226", "From Tallis Street, Temple to St. George's Square, Pimlico"
"LINESTRING (-0.147624 51.49395,-0.135635 51.488226", "From Eccleston Place, Victoria to St. George's Square, Pimlico"
"LINESTRING (-0.138733 51.496753,-0.135635 51.488226", "From Howick Place, Westminster to St. George's Square, Pimlico"
"LINESTRING (-0.118256 51.47659,-0.092762 51.500296", "From Albert Square, Stockwell to Swan Street, The Borough"
"LINESTRING (-0.074431 51.519362,-0.092762 51.500296", "From Fournier Street, Whitechapel to Swan Street, The Borough"
"LINESTRING (-0.10454 51.505461,-0.092762 51.500296", "From Blackfriars Road, Southwark to Swan Street, The Borough"
"LINESTRING (-0.091938 51.492807,-0.092762 51.500296", "From Victory Place, Walworth to Swan Street, The Borough"
"LINESTRING (-0.091938 51.492807,-0.092762 51.500296", "From Victory Place, Walworth to Swan Street, The Borough"
"LINESTRING (-0.10454 51.505461,-0.092762 51.500296", "From Blackfriars Road, Southwark to Swan Street, The Borough"
"LINESTRING (-0.079608 51.521668,-0.092762 51.500296", "From Worship Street, Shoreditch to Swan Street, The Borough"
"LINESTRING (-0.110699 51.501444,-0.092762 51.500296", "From Baylis Road, Waterloo to Swan Street, The Borough"
"LINESTRING (-0.081608 51.497855,-0.092762 51.500296", "From Bermondsey Street, Bermondsey to Swan Street, The Borough"
"LINESTRING (-0.124469 51.485917,-0.092762 51.500296", "From Vauxhall Cross, Vauxhall to Swan Street, The Borough"
"LINESTRING (-0.085814 51.495061,-0.092762 51.500296", "From Bricklayers Arms, Borough to Swan Street, The Borough"
"LINESTRING (-0.085814 51.495061,-0.092762 51.500296", "From Bricklayers Arms, Borough to Swan Street, The Borough"
"LINESTRING (-0.105344 51.515059,-0.092762 51.500296", "From St. Bride Street, Holborn to Swan Street, The Borough"
"LINESTRING (-0.164786 51.477292,-0.092762 51.500296", "From Ethelburga Estate, Battersea Park to Swan Street, The Borough"
"LINESTRING (-0.09022 51.491484,-0.092762 51.500296", "From Rodney Road , Walworth to Swan Street, The Borough"
"LINESTRING (-0.063471 51.497995,-0.092762 51.500296", "From Bermondsey Station, Bermondsey to Swan Street, The Borough"
"LINESTRING (-0.091938 51.492807,-0.092762 51.500296", "From Victory Place, Walworth to Swan Street, The Borough"
"LINESTRING (-0.069543 51.525645,-0.092762 51.500296", "From Granby Street, Shoreditch to Swan Street, The Borough"
"LINESTRING (-0.096518 51.491327,-0.092762 51.500296", "From Walworth Square, Walworth to Swan Street, The Borough"
"LINESTRING (-0.083159 51.500889,-0.092762 51.500296", "From Tyers Gate, Bermondsey to Swan Street, The Borough"
"LINESTRING (-0.110699 51.501444,-0.092762 51.500296", "From Baylis Road, Waterloo to Swan Street, The Borough"
"LINESTRING (-0.092754 51.505974,-0.092762 51.500296", "From Park Street, Bankside to Swan Street, The Borough"
"LINESTRING (-0.069543 51.525645,-0.092762 51.500296", "From Granby Street, Shoreditch to Swan Street, The Borough"
"LINESTRING (-0.073537 51.514233,-0.092762 51.500296", "From Braham Street, Aldgate to Swan Street, The Borough"
"LINESTRING (-0.100186 51.505817,-0.092762 51.500296", "From Bankside Mix, Bankside to Swan Street, The Borough"
"LINESTRING (-0.122502 51.523951,-0.092762 51.500296", "From Brunswick Square, Bloomsbury to Swan Street, The Borough"
"LINESTRING (-0.074431 51.519362,-0.092762 51.500296", "From Fournier Street, Whitechapel to Swan Street, The Borough"
"LINESTRING (-0.063471 51.497995,-0.092762 51.500296", "From Bermondsey Station, Bermondsey to Swan Street, The Borough"
"LINESTRING (-0.112824 51.503791,-0.092762 51.500296", "From Waterloo Station 3, Waterloo to Swan Street, The Borough"
"LINESTRING (-0.099828 51.493146,-0.092762 51.500296", "From Strata, Elephant & Castle to Swan Street, The Borough"
"LINESTRING (-0.089446 51.497382,-0.092762 51.500296", "From Great Dover Street, The Borough to Swan Street, The Borough"
"LINESTRING (-0.159237 51.501855,-0.190603 51.493631", "From Seville Street, Knightsbridge to Knaresborough Place, Earl's Court"
"LINESTRING (-0.208888 51.5212,-0.190603 51.493631", "From Bevington Road West, North Kensington to Knaresborough Place, Earl's Court"
"LINESTRING (-0.190603 51.493631,-0.190603 51.493631", "From Knaresborough Place, Earl's Court to Knaresborough Place, Earl's Court"
"LINESTRING (-0.190603 51.493631,-0.190603 51.493631", "From Knaresborough Place, Earl's Court to Knaresborough Place, Earl's Court"
"LINESTRING (-0.222293 51.501594,-0.190603 51.493631", "From Shepherd's Bush Road North, Shepherd's Bush to Knaresborough Place, Earl's Court"
"LINESTRING (-0.187842 51.509908,-0.190603 51.493631", "From Black Lion Gate, Kensington Gardens to Knaresborough Place, Earl's Court"
"LINESTRING (-0.174347 51.476964,-0.190603 51.493631", "From Battersea Church Road, Battersea to Knaresborough Place, Earl's Court"
"LINESTRING (-0.187402 51.51031,-0.190603 51.493631", "From Queensway, Kensington Gardens to Knaresborough Place, Earl's Court"
"LINESTRING (-0.222456 51.488144,-0.190603 51.493631", "From Beryl Road, Hammersmith to Knaresborough Place, Earl's Court"
"LINESTRING (-0.105344 51.515059,-0.190603 51.493631", "From St. Bride Street, Holborn to Knaresborough Place, Earl's Court"
"LINESTRING (-0.149569 51.50274,-0.190603 51.493631", "From Wellington Arch, Hyde Park to Knaresborough Place, Earl's Court"
"LINESTRING (-0.187427 51.460864,-0.190603 51.493631", "From Wandsworth Town Station, Wandsworth to Knaresborough Place, Earl's Court"
"LINESTRING (-0.222293 51.501594,-0.190603 51.493631", "From Shepherd's Bush Road North, Shepherd's Bush to Knaresborough Place, Earl's Court"
"LINESTRING (-0.191496 51.503157,-0.190603 51.493631", "From Kensington Church Street, Kensington to Knaresborough Place, Earl's Court"
"LINESTRING (-0.190603 51.493631,-0.190603 51.493631", "From Knaresborough Place, Earl's Court to Knaresborough Place, Earl's Court"
"LINESTRING (-0.205876 51.475698,-0.190603 51.493631", "From Chesilton Road, Fulham to Knaresborough Place, Earl's Court"
"LINESTRING (-0.166878 51.488023,-0.190603 51.493631", "From Flood Street, Chelsea to Knaresborough Place, Earl's Court"
"LINESTRING (-0.166221 51.490714,-0.190603 51.493631", "From Chelsea Green, Chelsea to Knaresborough Place, Earl's Court"
"LINESTRING (-0.159237 51.501855,-0.190603 51.493631", "From Seville Street, Knightsbridge to Knaresborough Place, Earl's Court"
"LINESTRING (-0.190603 51.493631,-0.190603 51.493631", "From Knaresborough Place, Earl's Court to Knaresborough Place, Earl's Court"
"LINESTRING (-0.20782 51.473471,-0.190603 51.493631", "From Fulham Park Road, Fulham to Knaresborough Place, Earl's Court"
"LINESTRING (-0.187404 51.487958,-0.190603 51.493631", "From Harcourt Terrace, West Brompton to Knaresborough Place, Earl's Court"
"LINESTRING (-0.165471 51.498884,-0.190603 51.493631", "From Montpelier Street, Knightsbridge to Knaresborough Place, Earl's Court"
"LINESTRING (-0.103604 51.517334,-0.106 51.496127", "From Snow Hill, Farringdon to Geraldine Street, Elephant & Castle"
"LINESTRING (-0.117122 51.490994,-0.106 51.496127", "From Black Prince Road, Vauxhall to Geraldine Street, Elephant & Castle"
"LINESTRING (-0.110699 51.501444,-0.106 51.496127", "From Baylis Road, Waterloo to Geraldine Street, Elephant & Castle"
"LINESTRING (-0.117122 51.490994,-0.106 51.496127", "From Black Prince Road, Vauxhall to Geraldine Street, Elephant & Castle"
"LINESTRING (-0.111014 51.493686,-0.106 51.496127", "From Walnut Tree Walk, Vauxhall to Geraldine Street, Elephant & Castle"
"LINESTRING (-0.091773 51.504627,-0.106 51.496127", "From Hop Exchange, The Borough to Geraldine Street, Elephant & Castle"
"LINESTRING (-0.103604 51.517334,-0.106 51.496127", "From Snow Hill, Farringdon to Geraldine Street, Elephant & Castle"
"LINESTRING (-0.06691 51.507131,-0.074189 51.502279", "From Nesham Street, Wapping to Curlew Street, Shad Thames"
"LINESTRING (-0.04915 51.498439,-0.074189 51.502279", "From Canada Water Station, Rotherhithe to Curlew Street, Shad Thames"
"LINESTRING (-0.114842 51.50621,-0.074189 51.502279", "From Belvedere Road 2, South Bank to Curlew Street, Shad Thames"
"LINESTRING (-0.06111 51.518675,-0.074189 51.502279", "From Royal London Hospital, Whitechapel to Curlew Street, Shad Thames"
"LINESTRING (-0.053558 51.511066,-0.074189 51.502279", "From Sutton Street, Shadwell to Curlew Street, Shad Thames"
"LINESTRING (-0.091773 51.504627,-0.074189 51.502279", "From Hop Exchange, The Borough to Curlew Street, Shad Thames"
"LINESTRING (-0.090075 51.517842,-0.074189 51.502279", "From Fore Street, Guildhall to Curlew Street, Shad Thames"
"LINESTRING (-0.063471 51.497995,-0.074189 51.502279", "From Bermondsey Station, Bermondsey to Curlew Street, Shad Thames"
"LINESTRING (-0.121723 51.510701,-0.074189 51.502279", "From Southampton Street, Strand to Curlew Street, Shad Thames"
"LINESTRING (-0.058681 51.506946,-0.074189 51.502279", "From Reardon Street, Wapping to Curlew Street, Shad Thames"
"LINESTRING (-0.09315 51.53356,-0.074189 51.502279", "From Eagle Wharf Road, Hoxton to Curlew Street, Shad Thames"
"LINESTRING (-0.079249 51.518908,-0.074189 51.502279", "From Brushfield Street, Liverpool Street to Curlew Street, Shad Thames"
"LINESTRING (-0.063471 51.497995,-0.074189 51.502279", "From Bermondsey Station, Bermondsey to Curlew Street, Shad Thames"
"LINESTRING (-0.063471 51.497995,-0.074189 51.502279", "From Bermondsey Station, Bermondsey to Curlew Street, Shad Thames"
"LINESTRING (-0.08066 51.514225,-0.074189 51.502279", "From St. Mary Axe, Aldgate to Curlew Street, Shad Thames"
"LINESTRING (-0.083159 51.500889,-0.074189 51.502279", "From Tyers Gate, Bermondsey to Curlew Street, Shad Thames"
"LINESTRING (-0.082989 51.510484,-0.074189 51.502279", "From Great Tower Street, Monument to Curlew Street, Shad Thames"
"LINESTRING (-0.068981 51.498585,-0.074189 51.502279", "From George Row, Bermondsey to Curlew Street, Shad Thames"
"LINESTRING (-0.138212 51.481335,-0.074189 51.502279", "From Riverlight South, Nine Elms to Curlew Street, Shad Thames"
"LINESTRING (-0.085814 51.495061,-0.074189 51.502279", "From Bricklayers Arms, Borough to Curlew Street, Shad Thames"
"LINESTRING (-0.068981 51.498585,-0.074189 51.502279", "From George Row, Bermondsey to Curlew Street, Shad Thames"
"LINESTRING (-0.081608 51.497855,-0.074189 51.502279", "From Bermondsey Street, Bermondsey to Curlew Street, Shad Thames"
"LINESTRING (-0.09885 51.515418,-0.074189 51.502279", "From Newgate Street , St. Paul's to Curlew Street, Shad Thames"
"LINESTRING (-0.098497 51.503688,-0.074189 51.502279", "From Union Street, The Borough to Curlew Street, Shad Thames"
"LINESTRING (-0.123509 51.52625,-0.074189 51.502279", "From Tavistock Place, Bloomsbury to Curlew Street, Shad Thames"
"LINESTRING (-0.117495 51.498241,-0.074189 51.502279", "From Archbishop's Park, Waterloo to Curlew Street, Shad Thames"
"LINESTRING (-0.082989 51.510484,-0.074189 51.502279", "From Great Tower Street, Monument to Curlew Street, Shad Thames"
"LINESTRING (-0.081608 51.497855,-0.074189 51.502279", "From Bermondsey Street, Bermondsey to Curlew Street, Shad Thames"
"LINESTRING (-0.110683 51.484788,-0.074189 51.502279", "From Kennington Road Post Office, Oval to Curlew Street, Shad Thames"
"LINESTRING (-0.04915 51.498439,-0.074189 51.502279", "From Canada Water Station, Rotherhithe to Curlew Street, Shad Thames"
"LINESTRING (-0.077178 51.514449,-0.074189 51.502279", "From Houndsditch, Aldgate to Curlew Street, Shad Thames"
"LINESTRING (-0.138733 51.496753,-0.136928 51.493985", "From Howick Place, Westminster to Vincent Square, Westminster"
"LINESTRING (-0.13151 51.509639,-0.136928 51.493985", "From Panton Street, West End to Vincent Square, Westminster"
"LINESTRING (-0.166878 51.488023,-0.136928 51.493985", "From Flood Street, Chelsea to Vincent Square, Westminster"
"LINESTRING (-0.138364 51.492111,-0.136928 51.493985", "From Tachbrook Street, Victoria to Vincent Square, Westminster"
"LINESTRING (-0.110699 51.501444,-0.136928 51.493985", "From Baylis Road, Waterloo to Vincent Square, Westminster"
"LINESTRING (-0.131773 51.506633,-0.136928 51.493985", "From Waterloo Place, St. James's to Vincent Square, Westminster"
"LINESTRING (-0.156876 51.49313,-0.136928 51.493985", "From Sedding Street, Sloane Square to Vincent Square, Westminster"
"LINESTRING (-0.122492 51.486343,-0.136928 51.493985", "From Kennington Lane Rail Bridge, Vauxhall to Vincent Square, Westminster"
"LINESTRING (-0.170194 51.489716,-0.136928 51.493985", "From St. Luke's Church, Chelsea to Vincent Square, Westminster"
"LINESTRING (-0.20624 51.461999,-0.136928 51.493985", "From Putney Bridge Road, East Putney to Vincent Square, Westminster"
"LINESTRING (-0.111014 51.493686,-0.136928 51.493985", "From Walnut Tree Walk, Vauxhall to Vincent Square, Westminster"
"LINESTRING (-0.149186 51.490491,-0.136928 51.493985", "From Ebury Bridge, Pimlico to Vincent Square, Westminster"
"LINESTRING (-0.131773 51.506633,-0.136928 51.493985", "From Waterloo Place, St. James's to Vincent Square, Westminster"
"LINESTRING (-0.170279 51.506451,-0.17306 51.505014", "From Triangle Car Park, Hyde Park to Serpentine Car Park, Hyde Park"
"LINESTRING (-0.137043 51.511897,-0.17306 51.505014", "From Golden Square, Soho to Serpentine Car Park, Hyde Park"
"LINESTRING (-0.149569 51.50274,-0.17306 51.505014", "From Wellington Arch, Hyde Park to Serpentine Car Park, Hyde Park"
"LINESTRING (-0.145904 51.507069,-0.17306 51.505014", "From Curzon Street, Mayfair to Serpentine Car Park, Hyde Park"
"LINESTRING (-0.121328 51.517606,-0.17306 51.505014", "From Southampton Place, Holborn to Serpentine Car Park, Hyde Park"
"LINESTRING (-0.149569 51.50274,-0.17306 51.505014", "From Wellington Arch, Hyde Park to Serpentine Car Park, Hyde Park"
"LINESTRING (-0.126021 51.508103,-0.17306 51.505014", "From Craven Street, Strand to Serpentine Car Park, Hyde Park"
"LINESTRING (-0.174691 51.45787,-0.17306 51.505014", "From Spencer Park, Wandsworth Common to Serpentine Car Park, Hyde Park"
"LINESTRING (-0.190393 51.490163,-0.17306 51.505014", "From Bramham Gardens, Earl's Court to Serpentine Car Park, Hyde Park"
"LINESTRING (-0.191496 51.503157,-0.17306 51.505014", "From Kensington Church Street, Kensington to Serpentine Car Park, Hyde Park"
"LINESTRING (-0.164786 51.477292,-0.17306 51.505014", "From Ethelburga Estate, Battersea Park to Serpentine Car Park, Hyde Park"
"LINESTRING (-0.157275 51.510017,-0.17306 51.505014", "From Park Lane , Hyde Park to Serpentine Car Park, Hyde Park"
"LINESTRING (-0.17306 51.505014,-0.17306 51.505014", "From Serpentine Car Park, Hyde Park to Serpentine Car Park, Hyde Park"
"LINESTRING (-0.200804 51.520509,-0.17306 51.505014", "From The Metropolitan, Portobello to Serpentine Car Park, Hyde Park"
"LINESTRING (-0.170279 51.506451,-0.17306 51.505014", "From Triangle Car Park, Hyde Park to Serpentine Car Park, Hyde Park"
"LINESTRING (-0.149569 51.50274,-0.17306 51.505014", "From Wellington Arch, Hyde Park to Serpentine Car Park, Hyde Park"
"LINESTRING (-0.17306 51.505014,-0.17306 51.505014", "From Serpentine Car Park, Hyde Park to Serpentine Car Park, Hyde Park"
"LINESTRING (-0.17306 51.505014,-0.17306 51.505014", "From Serpentine Car Park, Hyde Park to Serpentine Car Park, Hyde Park"
"LINESTRING (-0.17306 51.505014,-0.17306 51.505014", "From Serpentine Car Park, Hyde Park to Serpentine Car Park, Hyde Park"
"LINESTRING (-0.18498 51.501737,-0.17306 51.505014", "From De Vere Gardens, Kensington to Serpentine Car Park, Hyde Park"
"LINESTRING (-0.157275 51.510017,-0.17306 51.505014", "From Park Lane , Hyde Park to Serpentine Car Park, Hyde Park"
"LINESTRING (-0.170279 51.506451,-0.17306 51.505014", "From Triangle Car Park, Hyde Park to Serpentine Car Park, Hyde Park"
"LINESTRING (-0.185296 51.495362,-0.17306 51.505014", "From Emperor's Gate, South Kensington to Serpentine Car Park, Hyde Park"
"LINESTRING (-0.157275 51.510017,-0.17306 51.505014", "From Park Lane , Hyde Park to Serpentine Car Park, Hyde Park"
"LINESTRING (-0.132224 51.49206,-0.17306 51.505014", "From Regency Street, Westminster to Serpentine Car Park, Hyde Park"
"LINESTRING (-0.17306 51.505014,-0.17306 51.505014", "From Serpentine Car Park, Hyde Park to Serpentine Car Park, Hyde Park"
"LINESTRING (-0.17306 51.505014,-0.17306 51.505014", "From Serpentine Car Park, Hyde Park to Serpentine Car Park, Hyde Park"
"LINESTRING (-0.154106 51.517703,-0.17306 51.505014", "From George Street, Marylebone to Serpentine Car Park, Hyde Park"
"LINESTRING (-0.205921 51.511624,-0.17306 51.505014", "From Ladbroke Grove Central, Ladbroke Grove to Serpentine Car Park, Hyde Park"
"LINESTRING (-0.15352 51.503117,-0.17306 51.505014", "From Hyde Park Corner, Hyde Park to Serpentine Car Park, Hyde Park"
"LINESTRING (-0.17306 51.505014,-0.17306 51.505014", "From Serpentine Car Park, Hyde Park to Serpentine Car Park, Hyde Park"
"LINESTRING (-0.197524 51.511084,-0.17306 51.505014", "From Pembridge Villas, Notting Hill to Serpentine Car Park, Hyde Park"
"LINESTRING (-0.135025 51.518162,-0.148105 51.514759", "From Rathbone Street, Fitzrovia to Marylebone Lane, Marylebone"
"LINESTRING (-0.138019 51.524438,-0.148105 51.514759", "From Warren Street Station, Euston to Marylebone Lane, Marylebone"
"LINESTRING (-0.169774 51.519968,-0.148105 51.514759", "From Edgware Road Station, Marylebone to Marylebone Lane, Marylebone"
"LINESTRING (-0.142844 51.506613,-0.148105 51.514759", "From Green Park Station, Mayfair to Marylebone Lane, Marylebone"
"LINESTRING (-0.130431 51.52168,-0.148105 51.514759", "From Malet Street, Bloomsbury to Marylebone Lane, Marylebone"
"LINESTRING (-0.200838 51.514311,-0.148105 51.514759", "From Turquoise Island, Notting Hill to Marylebone Lane, Marylebone"
"LINESTRING (-0.122806 51.490435,-0.148105 51.514759", "From Albert Embankment, Vauxhall to Marylebone Lane, Marylebone"
"LINESTRING (-0.195455 51.500401,-0.148105 51.514759", "From Argyll Road, Kensington to Marylebone Lane, Marylebone"
"LINESTRING (-0.174593 51.520205,-0.148105 51.514759", "From Paddington Green, Paddington to Marylebone Lane, Marylebone"
"LINESTRING (-0.197609 51.483911,-0.148105 51.514759", "From Halford Road, West Kensington to Marylebone Lane, Marylebone"
"LINESTRING (-0.106323 51.490757,-0.148105 51.514759", "From Cotton Garden Estate, Kennington to Marylebone Lane, Marylebone"
"LINESTRING (-0.077178 51.514449,-0.148105 51.514759", "From Houndsditch, Aldgate to Marylebone Lane, Marylebone"
"LINESTRING (-0.170279 51.506451,-0.148105 51.514759", "From Triangle Car Park, Hyde Park to Marylebone Lane, Marylebone"
"LINESTRING (-0.167919 51.484984,-0.148105 51.514759", "From Phene Street, Chelsea to Marylebone Lane, Marylebone"
"LINESTRING (-0.173715 51.491211,-0.148105 51.514759", "From Sumner Place, South Kensington to Marylebone Lane, Marylebone"
"LINESTRING (-0.077178 51.514449,-0.148105 51.514759", "From Houndsditch, Aldgate to Marylebone Lane, Marylebone"
"LINESTRING (-0.123179 51.506543,-0.148105 51.514759", "From Whitehall Place, Strand to Marylebone Lane, Marylebone"
"LINESTRING (-0.145211 51.520715,-0.148105 51.514759", "From Portland Place, Marylebone to Marylebone Lane, Marylebone"
"LINESTRING (-0.158249 51.516892,-0.148105 51.514759", "From George Place Mews, Marylebone to Marylebone Lane, Marylebone"
"LINESTRING (-0.11548 51.528915,-0.148105 51.514759", "From Great Percy Street, Clerkenwell to Marylebone Lane, Marylebone"
"LINESTRING (-0.077178 51.514449,-0.148105 51.514759", "From Houndsditch, Aldgate to Marylebone Lane, Marylebone"
"LINESTRING (-0.077178 51.514449,-0.148105 51.514759", "From Houndsditch, Aldgate to Marylebone Lane, Marylebone"
"LINESTRING (-0.141423 51.514499,-0.148105 51.514759", "From Little Argyll Street, West End to Marylebone Lane, Marylebone"
"LINESTRING (-0.162298 51.522511,-0.148105 51.514759", "From Boston Place, Marylebone to Marylebone Lane, Marylebone"
"LINESTRING (-0.077178 51.514449,-0.148105 51.514759", "From Houndsditch, Aldgate to Marylebone Lane, Marylebone"
"LINESTRING (-0.179135 51.516417,-0.148105 51.514759", "From Eastbourne Mews, Paddington to Marylebone Lane, Marylebone"
"LINESTRING (-0.136039 51.519914,-0.148105 51.514759", "From Scala Street, Fitzrovia to Marylebone Lane, Marylebone"
"LINESTRING (-0.15934 51.500241,-0.148105 51.514759", "From Harriet Street, Knightsbridge to Marylebone Lane, Marylebone"
"LINESTRING (-0.135777 51.51953,-0.148105 51.514759", "From Charlotte Street, Fitzrovia to Marylebone Lane, Marylebone"
"LINESTRING (-0.130431 51.52168,-0.148105 51.514759", "From Malet Street, Bloomsbury to Marylebone Lane, Marylebone"
"LINESTRING (-0.139174 51.533019,-0.148105 51.514759", "From Harrington Square 1, Camden Town to Marylebone Lane, Marylebone"
"LINESTRING (-0.187402 51.51031,-0.148105 51.514759", "From Queensway, Kensington Gardens to Marylebone Lane, Marylebone"
"LINESTRING (-0.184806 51.457991,-0.216573 51.466907", "From Alma Road, Wandsworth to Putney Pier, Wandsworth"
"LINESTRING (-0.141728 51.539099,-0.216573 51.466907", "From Greenland Road, Camden Town to Putney Pier, Wandsworth"
"LINESTRING (-0.208485 51.478939,-0.216573 51.466907", "From St. Peter's Terrace, Fulham to Putney Pier, Wandsworth"
"LINESTRING (-0.198735 51.46067,-0.216573 51.466907", "From Osiers Road, Wandsworth to Putney Pier, Wandsworth"
"LINESTRING (-0.17977 51.51348,-0.216573 51.466907", "From Devonshire Terrace, Bayswater to Putney Pier, Wandsworth"
"LINESTRING (-0.151296 51.50923,-0.216573 51.466907", "From South Audley Street, Mayfair to Putney Pier, Wandsworth"
"LINESTRING (-0.193254 51.476259,-0.216573 51.466907", "From Eel Brook Common, Walham Green to Putney Pier, Wandsworth"
"LINESTRING (-0.205876 51.475698,-0.216573 51.466907", "From Chesilton Road, Fulham to Putney Pier, Wandsworth"
"LINESTRING (-0.216305 51.483356,-0.216573 51.466907", "From Everington Street, Fulham to Putney Pier, Wandsworth"
"LINESTRING (-0.194116 51.479932,-0.216573 51.466907", "From Fulham Broadway, Walham Green to Putney Pier, Wandsworth"
"LINESTRING (-0.174971 51.485121,-0.216573 51.466907", "From The Vale, Chelsea to Putney Pier, Wandsworth"
"LINESTRING (-0.20624 51.461999,-0.216573 51.466907", "From Putney Bridge Road, East Putney to Putney Pier, Wandsworth"
"LINESTRING (-0.212607 51.460792,-0.216573 51.466907", "From Oxford Road, Putney to Putney Pier, Wandsworth"
"LINESTRING (-0.20782 51.473471,-0.216573 51.466907", "From Fulham Park Road, Fulham to Putney Pier, Wandsworth"
"LINESTRING (-0.145904 51.507069,-0.216573 51.466907", "From Curzon Street, Mayfair to Putney Pier, Wandsworth"
"LINESTRING (-0.20782 51.473471,-0.216573 51.466907", "From Fulham Park Road, Fulham to Putney Pier, Wandsworth"
"LINESTRING (-0.193254 51.476259,-0.216573 51.466907", "From Eel Brook Common, Walham Green to Putney Pier, Wandsworth"
"LINESTRING (-0.226606 51.488108,-0.216573 51.466907", "From Crisp Road, Hammersmith to Putney Pier, Wandsworth"
"LINESTRING (-0.229116 51.492084,-0.216573 51.466907", "From Bridge Avenue, Hammersmith to Putney Pier, Wandsworth"
"LINESTRING (-0.216526 51.460717,-0.216573 51.466907", "From Putney Rail Station, Putney to Putney Pier, Wandsworth"
"LINESTRING (-0.198735 51.46067,-0.216573 51.466907", "From Osiers Road, Wandsworth to Putney Pier, Wandsworth"
"LINESTRING (-0.164786 51.477292,-0.216573 51.466907", "From Ethelburga Estate, Battersea Park to Putney Pier, Wandsworth"
"LINESTRING (-0.216305 51.483356,-0.216573 51.466907", "From Everington Street, Fulham to Putney Pier, Wandsworth"
"LINESTRING (-0.2174 51.504038,-0.216573 51.466907", "From Woodstock Grove, Shepherd's Bush to Putney Pier, Wandsworth"
"LINESTRING (-0.158456 51.502953,-0.158456 51.502953", "From Albert Gate, Hyde Park to Albert Gate, Hyde Park"
"LINESTRING (-0.110683 51.484788,-0.158456 51.502953", "From Kennington Road Post Office, Oval to Albert Gate, Hyde Park"
"LINESTRING (-0.158456 51.502953,-0.158456 51.502953", "From Albert Gate, Hyde Park to Albert Gate, Hyde Park"
"LINESTRING (-0.151296 51.50923,-0.158456 51.502953", "From South Audley Street, Mayfair to Albert Gate, Hyde Park"
"LINESTRING (-0.174411 51.511933,-0.158456 51.502953", "From Bayswater Road, Hyde Park to Albert Gate, Hyde Park"
"LINESTRING (-0.158264 51.514577,-0.158456 51.502953", "From Old Quebec Street, Marylebone to Albert Gate, Hyde Park"
"LINESTRING (-0.17306 51.505014,-0.158456 51.502953", "From Serpentine Car Park, Hyde Park to Albert Gate, Hyde Park"
"LINESTRING (-0.116764 51.51362,-0.158456 51.502953", "From Houghton Street, Strand to Albert Gate, Hyde Park"
"LINESTRING (-0.208486 51.506465,-0.158456 51.502953", "From Princedale Road , Holland Park to Albert Gate, Hyde Park"
"LINESTRING (-0.118272 51.516277,-0.158456 51.502953", "From Lincoln's Inn Fields, Holborn to Albert Gate, Hyde Park"
"LINESTRING (-0.121723 51.510701,-0.158456 51.502953", "From Southampton Street, Strand to Albert Gate, Hyde Park"
"LINESTRING (-0.17306 51.505014,-0.158456 51.502953", "From Serpentine Car Park, Hyde Park to Albert Gate, Hyde Park"
"LINESTRING (-0.158456 51.502953,-0.158456 51.502953", "From Albert Gate, Hyde Park to Albert Gate, Hyde Park"
"LINESTRING (-0.187842 51.509908,-0.158456 51.502953", "From Black Lion Gate, Kensington Gardens to Albert Gate, Hyde Park"
"LINESTRING (-0.196422 51.509353,-0.158456 51.502953", "From Notting Hill Gate Station, Notting Hill to Albert Gate, Hyde Park"
"LINESTRING (-0.190393 51.490163,-0.158456 51.502953", "From Bramham Gardens, Earl's Court to Albert Gate, Hyde Park"
"LINESTRING (-0.176267 51.472876,-0.158456 51.502953", "From Vicarage Crescent, Battersea to Albert Gate, Hyde Park"
"LINESTRING (-0.211358 51.510101,-0.158456 51.502953", "From Walmer Road, Avondale to Albert Gate, Hyde Park"
"LINESTRING (-0.179854 51.501715,-0.158456 51.502953", "From Queen's Gate, Kensington Gardens to Albert Gate, Hyde Park"
"LINESTRING (-0.158456 51.502953,-0.158456 51.502953", "From Albert Gate, Hyde Park to Albert Gate, Hyde Park"
"LINESTRING (-0.228188 51.494499,-0.158456 51.502953", "From Southerton Road, Hammersmith to Albert Gate, Hyde Park"
"LINESTRING (-0.191351 51.513489,-0.158456 51.502953", "From Princes Square, Bayswater to Albert Gate, Hyde Park"
"LINESTRING (-0.168917 51.497056,-0.158456 51.502953", "From Holy Trinity Brompton, Knightsbridge to Albert Gate, Hyde Park"
"LINESTRING (-0.174411 51.511933,-0.158456 51.502953", "From Bayswater Road, Hyde Park to Albert Gate, Hyde Park"
"LINESTRING (-0.171681 51.522892,-0.158456 51.502953", "From Penfold Street, Marylebone to Albert Gate, Hyde Park"
"LINESTRING (-0.158456 51.502953,-0.158456 51.502953", "From Albert Gate, Hyde Park to Albert Gate, Hyde Park"
"LINESTRING (-0.139956 51.493573,-0.158456 51.502953", "From Queen Mother Sports Centre, Victoria to Albert Gate, Hyde Park"
"LINESTRING (-0.142783 51.51196,-0.158456 51.502953", "From St. George Street, Mayfair to Albert Gate, Hyde Park"
"LINESTRING (-0.15352 51.503117,-0.158456 51.502953", "From Hyde Park Corner, Hyde Park to Albert Gate, Hyde Park"
"LINESTRING (-0.141812 51.469259,-0.158456 51.502953", "From Wandsworth Rd, Isley Court, Wandsworth Road to Albert Gate, Hyde Park"
"LINESTRING (-0.15352 51.503117,-0.158456 51.502953", "From Hyde Park Corner, Hyde Park to Albert Gate, Hyde Park"
"LINESTRING (-0.144228 51.518117,-0.158456 51.502953", "From Broadcasting House, Marylebone to Albert Gate, Hyde Park"
"LINESTRING (-0.200742 51.502319,-0.158456 51.502953", "From Holland Park, Kensington to Albert Gate, Hyde Park"
"LINESTRING (-0.228188 51.494499,-0.158456 51.502953", "From Southerton Road, Hammersmith to Albert Gate, Hyde Park"
"LINESTRING (-0.179077 51.495592,-0.158456 51.502953", "From Natural History Museum, South Kensington to Albert Gate, Hyde Park"
"LINESTRING (-0.173029 51.464894,-0.158456 51.502953", "From Grant Road East, Clapham Junction to Albert Gate, Hyde Park"
"LINESTRING (-0.187842 51.509908,-0.158456 51.502953", "From Black Lion Gate, Kensington Gardens to Albert Gate, Hyde Park"
"LINESTRING (-0.14177 51.479501,-0.158456 51.502953", "From Battersea Park Road, Nine Elms to Albert Gate, Hyde Park"
"LINESTRING (-0.179668 51.511654,-0.158456 51.502953", "From Lancaster Gate , Bayswater to Albert Gate, Hyde Park"
"LINESTRING (-0.15352 51.503117,-0.158456 51.502953", "From Hyde Park Corner, Hyde Park to Albert Gate, Hyde Park"
"LINESTRING (-0.187842 51.509908,-0.158456 51.502953", "From Black Lion Gate, Kensington Gardens to Albert Gate, Hyde Park"
"LINESTRING (-0.214594 51.510928,-0.158456 51.502953", "From Sirdar Road, Avondale to Albert Gate, Hyde Park"
"LINESTRING (-0.197245 51.497387,-0.158456 51.502953", "From Abingdon Villas, Kensington to Albert Gate, Hyde Park"
"LINESTRING (-0.068981 51.498585,-0.158456 51.502953", "From George Row, Bermondsey to Albert Gate, Hyde Park"
"LINESTRING (-0.17977 51.51348,-0.158456 51.502953", "From Devonshire Terrace, Bayswater to Albert Gate, Hyde Park"
"LINESTRING (-0.151296 51.50923,-0.158456 51.502953", "From South Audley Street, Mayfair to Albert Gate, Hyde Park"
"LINESTRING (-0.18498 51.501737,-0.158456 51.502953", "From De Vere Gardens, Kensington to Albert Gate, Hyde Park"
"LINESTRING (-0.151296 51.50923,-0.158456 51.502953", "From South Audley Street, Mayfair to Albert Gate, Hyde Park"
"LINESTRING (-0.201554 51.512136,-0.158456 51.502953", "From Chepstow Villas, Notting Hill to Albert Gate, Hyde Park"
"LINESTRING (-0.215808 51.503802,-0.158456 51.502953", "From Hansard Mews, Holland Park to Albert Gate, Hyde Park"
"LINESTRING (-0.132224 51.49206,-0.135025 51.518162", "From Regency Street, Westminster to Rathbone Street, Fitzrovia"
"LINESTRING (-0.158264 51.514577,-0.135025 51.518162", "From Old Quebec Street, Marylebone to Rathbone Street, Fitzrovia"
"LINESTRING (-0.133201 51.512515,-0.135025 51.518162", "From Wardour Street, Soho to Rathbone Street, Fitzrovia"
"LINESTRING (-0.158105 51.494645,-0.135025 51.518162", "From Cadogan Place, Knightsbridge to Rathbone Street, Fitzrovia"
"LINESTRING (-0.123179 51.506543,-0.135025 51.518162", "From Whitehall Place, Strand to Rathbone Street, Fitzrovia"
"LINESTRING (-0.114842 51.50621,-0.135025 51.518162", "From Belvedere Road 2, South Bank to Rathbone Street, Fitzrovia"
"LINESTRING (-0.144466 51.528302,-0.135025 51.518162", "From Albany Street, The Regent's Park to Rathbone Street, Fitzrovia"
"LINESTRING (-0.174411 51.511933,-0.135025 51.518162", "From Bayswater Road, Hyde Park to Rathbone Street, Fitzrovia"
"LINESTRING (-0.091773 51.504627,-0.135025 51.518162", "From Hop Exchange, The Borough to Rathbone Street, Fitzrovia"
"LINESTRING (-0.147478 51.492369,-0.135025 51.518162", "From Elizabeth Bridge, Victoria to Rathbone Street, Fitzrovia"
"LINESTRING (-0.174411 51.511933,-0.135025 51.518162", "From Bayswater Road, Hyde Park to Rathbone Street, Fitzrovia"
"LINESTRING (-0.148105 51.514759,-0.135025 51.518162", "From Marylebone Lane, Marylebone to Rathbone Street, Fitzrovia"
"LINESTRING (-0.123179 51.506543,-0.135025 51.518162", "From Whitehall Place, Strand to Rathbone Street, Fitzrovia"
"LINESTRING (-0.143613 51.523518,-0.135025 51.518162", "From Bolsover Street, Fitzrovia to Rathbone Street, Fitzrovia"
"LINESTRING (-0.15785 51.471095,-0.135025 51.518162", "From Culvert Road, Battersea to Rathbone Street, Fitzrovia"
"LINESTRING (-0.075885 51.536585,-0.135025 51.518162", "From Dunston Road , Haggerston to Rathbone Street, Fitzrovia"
"LINESTRING (-0.179592 51.525575,-0.135025 51.518162", "From Clifton Road, Maida Vale to Rathbone Street, Fitzrovia"
"LINESTRING (-0.124642 51.481747,-0.135025 51.518162", "From South Lambeth Road, Vauxhall to Rathbone Street, Fitzrovia"
"LINESTRING (-0.0801 51.52959,-0.135025 51.518162", "From Hoxton Street, Hoxton to Rathbone Street, Fitzrovia"
"LINESTRING (-0.151359 51.522008,-0.135025 51.518162", "From Beaumont Street, Marylebone to Rathbone Street, Fitzrovia"
"LINESTRING (-0.154701 51.520583,-0.135025 51.518162", "From Paddington Street, Marylebone to Rathbone Street, Fitzrovia"
"LINESTRING (-0.100168 51.530344,-0.135025 51.518162", "From City Road, Angel to Rathbone Street, Fitzrovia"
"LINESTRING (-0.179702 51.499428,-0.187842 51.509908", "From Imperial College, Knightsbridge to Black Lion Gate, Kensington Gardens"
"LINESTRING (-0.187842 51.509908,-0.187842 51.509908", "From Black Lion Gate, Kensington Gardens to Black Lion Gate, Kensington Gardens"
"LINESTRING (-0.187402 51.51031,-0.187842 51.509908", "From Queensway, Kensington Gardens to Black Lion Gate, Kensington Gardens"
"LINESTRING (-0.147624 51.49395,-0.187842 51.509908", "From Eccleston Place, Victoria to Black Lion Gate, Kensington Gardens"
"LINESTRING (-0.157275 51.510017,-0.187842 51.509908", "From Park Lane , Hyde Park to Black Lion Gate, Kensington Gardens"
"LINESTRING (-0.187842 51.509908,-0.187842 51.509908", "From Black Lion Gate, Kensington Gardens to Black Lion Gate, Kensington Gardens"
"LINESTRING (-0.208888 51.5212,-0.187842 51.509908", "From Bevington Road West, North Kensington to Black Lion Gate, Kensington Gardens"
"LINESTRING (-0.147301 51.514105,-0.187842 51.509908", "From Woodstock Street, Mayfair to Black Lion Gate, Kensington Gardens"
"LINESTRING (-0.09294 51.511553,-0.187842 51.509908", "From Queen Street 1, Bank to Black Lion Gate, Kensington Gardens"
"LINESTRING (-0.187402 51.51031,-0.187842 51.509908", "From Queensway, Kensington Gardens to Black Lion Gate, Kensington Gardens"
"LINESTRING (-0.187842 51.509908,-0.187842 51.509908", "From Black Lion Gate, Kensington Gardens to Black Lion Gate, Kensington Gardens"
"LINESTRING (-0.222456 51.488144,-0.187842 51.509908", "From Beryl Road, Hammersmith to Black Lion Gate, Kensington Gardens"
"LINESTRING (-0.217995 51.487285,-0.187842 51.509908", "From Charing Cross Hospital, Hammersmith to Black Lion Gate, Kensington Gardens"
"LINESTRING (-0.183846 51.523344,-0.187842 51.509908", "From Warwick Avenue Station, Maida Vale to Black Lion Gate, Kensington Gardens"
"LINESTRING (-0.15352 51.503117,-0.187842 51.509908", "From Hyde Park Corner, Hyde Park to Black Lion Gate, Kensington Gardens"
"LINESTRING (-0.149035 51.481121,-0.187842 51.509908", "From Sopwith Way, Battersea Park to Black Lion Gate, Kensington Gardens"
"LINESTRING (-0.197574 51.499606,-0.187842 51.509908", "From Phillimore Gardens, Kensington to Black Lion Gate, Kensington Gardens"
"LINESTRING (-0.15352 51.503117,-0.187842 51.509908", "From Hyde Park Corner, Hyde Park to Black Lion Gate, Kensington Gardens"
"LINESTRING (-0.191803 51.473611,-0.187842 51.509908", "From Sandilands Road, Walham Green to Black Lion Gate, Kensington Gardens"
"LINESTRING (-0.150905 51.496544,-0.187842 51.509908", "From Eaton Square, Belgravia to Black Lion Gate, Kensington Gardens"
"LINESTRING (-0.17977 51.51348,-0.187842 51.509908", "From Devonshire Terrace, Bayswater to Black Lion Gate, Kensington Gardens"
"LINESTRING (-0.15352 51.503117,-0.187842 51.509908", "From Hyde Park Corner, Hyde Park to Black Lion Gate, Kensington Gardens"
"LINESTRING (-0.1844 51.502042,-0.187842 51.509908", "From Palace Gate, Kensington Gardens to Black Lion Gate, Kensington Gardens"
"LINESTRING (-0.190603 51.493631,-0.187842 51.509908", "From Knaresborough Place, Earl's Court to Black Lion Gate, Kensington Gardens"
"LINESTRING (-0.193764 51.508605,-0.187842 51.509908", "From Palace Gardens Terrace, Notting Hill to Black Lion Gate, Kensington Gardens"
"LINESTRING (-0.173881 51.494412,-0.187842 51.509908", "From South Kensington Station, South Kensington to Black Lion Gate, Kensington Gardens"
"LINESTRING (-0.187402 51.51031,-0.187842 51.509908", "From Queensway, Kensington Gardens to Black Lion Gate, Kensington Gardens"
"LINESTRING (-0.187842 51.509908,-0.187842 51.509908", "From Black Lion Gate, Kensington Gardens to Black Lion Gate, Kensington Gardens"
"LINESTRING (-0.205284 51.496712,-0.187842 51.509908", "From Warwick Road, Olympia to Black Lion Gate, Kensington Gardens"
"LINESTRING (-0.15934 51.500241,-0.187842 51.509908", "From Harriet Street, Knightsbridge to Black Lion Gate, Kensington Gardens"
"LINESTRING (-0.187842 51.509908,-0.187842 51.509908", "From Black Lion Gate, Kensington Gardens to Black Lion Gate, Kensington Gardens"
"LINESTRING (-0.15352 51.503117,-0.187842 51.509908", "From Hyde Park Corner, Hyde Park to Black Lion Gate, Kensington Gardens"
"LINESTRING (-0.197574 51.499606,-0.187842 51.509908", "From Phillimore Gardens, Kensington to Black Lion Gate, Kensington Gardens"
"LINESTRING (-0.15352 51.503117,-0.187842 51.509908", "From Hyde Park Corner, Hyde Park to Black Lion Gate, Kensington Gardens"
"LINESTRING (-0.191803 51.473611,-0.187842 51.509908", "From Sandilands Road, Walham Green to Black Lion Gate, Kensington Gardens"
"LINESTRING (-0.193487 51.513735,-0.187842 51.509908", "From Hereford Road, Bayswater to Black Lion Gate, Kensington Gardens"
"LINESTRING (-0.211593 51.51323,-0.187842 51.509908", "From Clarendon Road, Avondale to Black Lion Gate, Kensington Gardens"
"LINESTRING (-0.129698 51.500703,-0.187842 51.509908", "From Storey's Gate, Westminster to Black Lion Gate, Kensington Gardens"
"LINESTRING (-0.096518 51.491327,-0.085666 51.499075", "From Walworth Square, Walworth to Long Lane , Bermondsey"
"LINESTRING (-0.04915 51.498439,-0.085666 51.499075", "From Canada Water Station, Rotherhithe to Long Lane , Bermondsey"
"LINESTRING (-0.09294 51.511553,-0.085666 51.499075", "From Queen Street 1, Bank to Long Lane , Bermondsey"
"LINESTRING (-0.082422 51.516154,-0.085666 51.499075", "From Wormwood Street, Liverpool Street to Long Lane , Bermondsey"
"LINESTRING (-0.0786 51.500647,-0.085666 51.499075", "From Tanner Street, Bermondsey to Long Lane , Bermondsey"
"LINESTRING (-0.074431 51.519362,-0.085666 51.499075", "From Fournier Street, Whitechapel to Long Lane , Bermondsey"
"LINESTRING (-0.116542 51.504636,-0.085666 51.499075", "From Jubilee Gardens, South Bank to Long Lane , Bermondsey"
"LINESTRING (-0.083353 51.529537,-0.085666 51.499075", "From Fanshaw Street, Hoxton to Long Lane , Bermondsey"
"LINESTRING (-0.099489 51.524868,-0.085666 51.499075", "From Sadlers Sports Centre, Finsbury to Long Lane , Bermondsey"
"LINESTRING (-0.113134 51.483145,-0.085666 51.499075", "From Kennington Oval, Oval to Long Lane , Bermondsey"
"LINESTRING (-0.198735 51.46067,-0.085666 51.499075", "From Osiers Road, Wandsworth to Long Lane , Bermondsey"
"LINESTRING (-0.091938 51.492807,-0.085666 51.499075", "From Victory Place, Walworth to Long Lane , Bermondsey"
"LINESTRING (-0.091938 51.492807,-0.085666 51.499075", "From Victory Place, Walworth to Long Lane , Bermondsey"
"LINESTRING (-0.093051 51.511246,-0.085666 51.499075", "From Queen Street 2, Bank to Long Lane , Bermondsey"
"LINESTRING (-0.083353 51.529537,-0.085666 51.499075", "From Fanshaw Street, Hoxton to Long Lane , Bermondsey"
"LINESTRING (-0.099828 51.493146,-0.085666 51.499075", "From Strata, Elephant & Castle to Long Lane , Bermondsey"
"LINESTRING (-0.083353 51.529537,-0.085666 51.499075", "From Fanshaw Street, Hoxton to Long Lane , Bermondsey"
"LINESTRING (-0.116625 51.486965,-0.085666 51.499075", "From Vauxhall Street, Vauxhall to Long Lane , Bermondsey"
"LINESTRING (-0.116628 51.500089,-0.119047 51.509631", "From Lambeth Palace Road, Waterloo to Embankment (Savoy), Strand"
"LINESTRING (-0.134621 51.507424,-0.119047 51.509631", "From St. James's Square, St. James's to Embankment (Savoy), Strand"
"LINESTRING (-0.086685 51.517075,-0.119047 51.509631", "From Finsbury Circus, Liverpool Street to Embankment (Savoy), Strand"
"LINESTRING (-0.136039 51.519914,-0.119047 51.509631", "From Scala Street, Fitzrovia to Embankment (Savoy), Strand"
"LINESTRING (-0.192369 51.491593,-0.119047 51.509631", "From Penywern Road, Earl's Court to Embankment (Savoy), Strand"
"LINESTRING (-0.110699 51.501444,-0.119047 51.509631", "From Baylis Road, Waterloo to Embankment (Savoy), Strand"
"LINESTRING (-0.097441 51.511961,-0.119047 51.509631", "From Queen Victoria Street, St. Paul's to Embankment (Savoy), Strand"
"LINESTRING (-0.192369 51.491593,-0.119047 51.509631", "From Penywern Road, Earl's Court to Embankment (Savoy), Strand"
"LINESTRING (-0.169249 51.515953,-0.119047 51.509631", "From Southwick Street, Paddington to Embankment (Savoy), Strand"
"LINESTRING (-0.161765 51.487964,-0.119047 51.509631", "From Ormonde Gate, Chelsea to Embankment (Savoy), Strand"
"LINESTRING (-0.157788 51.465123,-0.119047 51.509631", "From Sugden Road, Clapham to Embankment (Savoy), Strand"
"LINESTRING (-0.104778 51.504044,-0.119047 51.509631", "From Southwark Station 2, Southwark to Embankment (Savoy), Strand"
"LINESTRING (-0.149569 51.50274,-0.119047 51.509631", "From Wellington Arch, Hyde Park to Embankment (Savoy), Strand"
"LINESTRING (-0.134621 51.507424,-0.119047 51.509631", "From St. James's Square, St. James's to Embankment (Savoy), Strand"
"LINESTRING (-0.070542 51.505697,-0.119047 51.509631", "From St. Katharine's Way, Tower to Embankment (Savoy), Strand"
"LINESTRING (-0.149569 51.50274,-0.119047 51.509631", "From Wellington Arch, Hyde Park to Embankment (Savoy), Strand"
"LINESTRING (-0.097441 51.511961,-0.119047 51.509631", "From Queen Victoria Street, St. Paul's to Embankment (Savoy), Strand"
"LINESTRING (-0.125674 51.491884,-0.119047 51.509631", "From Millbank Tower, Pimlico to Embankment (Savoy), Strand"
"LINESTRING (-0.149569 51.50274,-0.119047 51.509631", "From Wellington Arch, Hyde Park to Embankment (Savoy), Strand"
"LINESTRING (-0.110699 51.501444,-0.119047 51.509631", "From Baylis Road, Waterloo to Embankment (Savoy), Strand"
"LINESTRING (-0.102996 51.486929,-0.119047 51.509631", "From Doddington Grove, Kennington to Embankment (Savoy), Strand"
"LINESTRING (-0.125674 51.491884,-0.119047 51.509631", "From Millbank Tower, Pimlico to Embankment (Savoy), Strand"
"LINESTRING (-0.149551 51.477619,-0.117122 51.490994", "From Queen's Circus, Battersea Park to Black Prince Road, Vauxhall"
"LINESTRING (-0.139221 51.461388,-0.117122 51.490994", "From Clapham Common Station, Clapham Common to Black Prince Road, Vauxhall"
"LINESTRING (-0.113134 51.483145,-0.117122 51.490994", "From Kennington Oval, Oval to Black Prince Road, Vauxhall"
"LINESTRING (-0.104778 51.504044,-0.117122 51.490994", "From Southwark Station 2, Southwark to Black Prince Road, Vauxhall"
"LINESTRING (-0.138212 51.481335,-0.117122 51.490994", "From Riverlight South, Nine Elms to Black Prince Road, Vauxhall"
"LINESTRING (-0.131961 51.508446,-0.117122 51.490994", "From Charles II Street, West End to Black Prince Road, Vauxhall"
"LINESTRING (-0.110699 51.501444,-0.117122 51.490994", "From Baylis Road, Waterloo to Black Prince Road, Vauxhall"
"LINESTRING (-0.116493 51.477839,-0.117122 51.490994", "From Caldwell Street, Stockwell to Black Prince Road, Vauxhall"
"LINESTRING (-0.124642 51.481747,-0.117122 51.490994", "From South Lambeth Road, Vauxhall to Black Prince Road, Vauxhall"
"LINESTRING (-0.131773 51.506633,-0.117122 51.490994", "From Waterloo Place, St. James's to Black Prince Road, Vauxhall"
"LINESTRING (-0.122831 51.472509,-0.117122 51.490994", "From Binfield Road, Stockwell to Black Prince Road, Vauxhall"
"LINESTRING (-0.115156 51.489479,-0.117122 51.490994", "From Sancroft Street, Vauxhall to Black Prince Road, Vauxhall"
"LINESTRING (-0.04915 51.498439,-0.117122 51.490994", "From Canada Water Station, Rotherhithe to Black Prince Road, Vauxhall"
"LINESTRING (-0.122492 51.486343,-0.117122 51.490994", "From Kennington Lane Rail Bridge, Vauxhall to Black Prince Road, Vauxhall"
"LINESTRING (-0.116625 51.486965,-0.117122 51.490994", "From Vauxhall Street, Vauxhall to Black Prince Road, Vauxhall"
"LINESTRING (-0.122502 51.523951,-0.117122 51.490994", "From Brunswick Square, Bloomsbury to Black Prince Road, Vauxhall"
"LINESTRING (-0.106237 51.507244,-0.117122 51.490994", "From Milroy Walk, South Bank to Black Prince Road, Vauxhall"
"LINESTRING (-0.113134 51.483145,-0.117122 51.490994", "From Kennington Oval, Oval to Black Prince Road, Vauxhall"
"LINESTRING (-0.075578 51.52127,-0.117122 51.490994", "From Commercial Street, Shoreditch to Black Prince Road, Vauxhall"
"LINESTRING (-0.138089 51.484839,-0.117122 51.490994", "From Claverton Street, Pimlico to Black Prince Road, Vauxhall"
"LINESTRING (-0.175407 51.462305,-0.117122 51.490994", "From Plough Terrace, Clapham Junction to Black Prince Road, Vauxhall"
"LINESTRING (-0.117122 51.490994,-0.117122 51.490994", "From Black Prince Road, Vauxhall to Black Prince Road, Vauxhall"
"LINESTRING (-0.148059 51.472865,-0.117122 51.490994", "From Silverthorne Road, Battersea to Black Prince Road, Vauxhall"
"LINESTRING (-0.139956 51.493573,-0.117122 51.490994", "From Queen Mother Sports Centre, Victoria to Black Prince Road, Vauxhall"
"LINESTRING (-0.183846 51.523344,-0.117122 51.490994", "From Warwick Avenue Station, Maida Vale to Black Prince Road, Vauxhall"
"LINESTRING (-0.151359 51.522008,-0.117122 51.490994", "From Beaumont Street, Marylebone to Black Prince Road, Vauxhall"
"LINESTRING (-0.073438 51.51838,-0.117122 51.490994", "From Fashion Street, Whitechapel to Black Prince Road, Vauxhall"
"LINESTRING (-0.157788 51.465123,-0.117122 51.490994", "From Sugden Road, Clapham to Black Prince Road, Vauxhall"
"LINESTRING (-0.113936 51.500139,-0.117122 51.490994", "From Lower Marsh, Waterloo to Black Prince Road, Vauxhall"
"LINESTRING (-0.106323 51.490757,-0.117122 51.490994", "From Cotton Garden Estate, Kennington to Black Prince Road, Vauxhall"
"LINESTRING (-0.116542 51.504636,-0.117122 51.490994", "From Jubilee Gardens, South Bank to Black Prince Road, Vauxhall"
"LINESTRING (-0.147478 51.492369,-0.117122 51.490994", "From Elizabeth Bridge, Victoria to Black Prince Road, Vauxhall"
"LINESTRING (-0.116493 51.477839,-0.117122 51.490994", "From Caldwell Street, Stockwell to Black Prince Road, Vauxhall"
"LINESTRING (-0.091773 51.504627,-0.117122 51.490994", "From Hop Exchange, The Borough to Black Prince Road, Vauxhall"
"LINESTRING (-0.116542 51.504636,-0.117122 51.490994", "From Jubilee Gardens, South Bank to Black Prince Road, Vauxhall"
"LINESTRING (-0.129697 51.509087,-0.140485 51.519181", "From St. Martin's Street, West End to Foley Street, Fitzrovia"
"LINESTRING (-0.124826 51.516226,-0.140485 51.519181", "From High Holborn , Covent Garden to Foley Street, Fitzrovia"
"LINESTRING (-0.138072 51.517344,-0.140485 51.519181", "From Wells Street, Fitzrovia to Foley Street, Fitzrovia"
"LINESTRING (-0.147983 51.519167,-0.140485 51.519181", "From New Cavendish Street, Marylebone to Foley Street, Fitzrovia"
"LINESTRING (-0.138072 51.517344,-0.140485 51.519181", "From Wells Street, Fitzrovia to Foley Street, Fitzrovia"
"LINESTRING (-0.130431 51.52168,-0.140485 51.519181", "From Malet Street, Bloomsbury to Foley Street, Fitzrovia"
"LINESTRING (-0.136052 51.527326,-0.140485 51.519181", "From Drummond Street , Euston to Foley Street, Fitzrovia"
"LINESTRING (-0.112824 51.503791,-0.140485 51.519181", "From Waterloo Station 3, Waterloo to Foley Street, Fitzrovia"
"LINESTRING (-0.122219 51.51477,-0.140485 51.519181", "From Drury Lane, Covent Garden to Foley Street, Fitzrovia"
"LINESTRING (-0.164393 51.516517,-0.140485 51.519181", "From Nutford Place, Marylebone to Foley Street, Fitzrovia"
"LINESTRING (-0.116688 51.520596,-0.140485 51.519181", "From Theobald's Road , Holborn to Foley Street, Fitzrovia"
"LINESTRING (-0.109006 51.521661,-0.140485 51.519181", "From Hatton Wall, Holborn to Foley Street, Fitzrovia"
"LINESTRING (-0.151926 51.516814,-0.140485 51.519181", "From Hinde Street, Marylebone to Foley Street, Fitzrovia"
"LINESTRING (-0.15934 51.500241,-0.140485 51.519181", "From Harriet Street, Knightsbridge to Foley Street, Fitzrovia"
"LINESTRING (-0.140485 51.519181,-0.140485 51.519181", "From Foley Street, Fitzrovia to Foley Street, Fitzrovia"
"LINESTRING (-0.141423 51.514499,-0.140485 51.519181", "From Little Argyll Street, West End to Foley Street, Fitzrovia"
"LINESTRING (-0.131213 51.513103,-0.140485 51.519181", "From Frith Street, Soho to Foley Street, Fitzrovia"
"LINESTRING (-0.156876 51.49313,-0.140485 51.519181", "From Sedding Street, Sloane Square to Foley Street, Fitzrovia"
"LINESTRING (-0.099994 51.522853,-0.140485 51.519181", "From Berry Street, Clerkenwell to Foley Street, Fitzrovia"
"LINESTRING (-0.116688 51.520596,-0.140485 51.519181", "From Theobald's Road , Holborn to Foley Street, Fitzrovia"
"LINESTRING (-0.14296 51.497998,-0.140485 51.519181", "From Warwick Row, Westminster to Foley Street, Fitzrovia"
"LINESTRING (-0.13225 51.528833,-0.140485 51.519181", "From Doric Way , Somers Town to Foley Street, Fitzrovia"
"LINESTRING (-0.120909 51.516128,-0.140485 51.519181", "From Newton Street, Covent Garden to Foley Street, Fitzrovia"
"LINESTRING (-0.150481 51.51217,-0.140485 51.519181", "From Grosvenor Square, Mayfair to Foley Street, Fitzrovia"
"LINESTRING (-0.105312 51.504043,-0.140485 51.519181", "From Southwark Station 1, Southwark to Foley Street, Fitzrovia"
"LINESTRING (-0.147203 51.515308,-0.140485 51.519181", "From Chapel Place, Marylebone to Foley Street, Fitzrovia"
"LINESTRING (-0.134407 51.526236,-0.140485 51.519181", "From Euston Road, Euston to Foley Street, Fitzrovia"
"LINESTRING (-0.138072 51.517344,-0.140485 51.519181", "From Wells Street, Fitzrovia to Foley Street, Fitzrovia"
"LINESTRING (-0.129698 51.500703,-0.17677 51.530889", "From Storey's Gate, Westminster to Grove End Road, St. John's Wood"
"LINESTRING (-0.167515 51.530529,-0.17677 51.530889", "From St. John's Wood Church, The Regent's Park to Grove End Road, St. John's Wood"
"LINESTRING (-0.125078 51.534667,-0.17677 51.530889", "From Good's Way, King's Cross to Grove End Road, St. John's Wood"
"LINESTRING (-0.108657 51.51795,-0.17677 51.530889", "From Holborn Circus, Holborn to Grove End Road, St. John's Wood"
"LINESTRING (-0.149569 51.50274,-0.17677 51.530889", "From Wellington Arch, Hyde Park to Grove End Road, St. John's Wood"
"LINESTRING (-0.100791 51.518218,-0.17677 51.530889", "From West Smithfield Rotunda, Farringdon to Grove End Road, St. John's Wood"
"LINESTRING (-0.161113 51.522596,-0.17677 51.530889", "From Dorset Square, Marylebone to Grove End Road, St. John's Wood"
"LINESTRING (-0.163667 51.520331,-0.17677 51.530889", "From Seymour Place, Marylebone to Grove End Road, St. John's Wood"
"LINESTRING (-0.139174 51.533019,-0.17677 51.530889", "From Harrington Square 1, Camden Town to Grove End Road, St. John's Wood"
"LINESTRING (-0.165164 51.514746,-0.138072 51.517344", "From Porchester Place, Paddington to Wells Street, Fitzrovia"
"LINESTRING (-0.158264 51.514577,-0.138072 51.517344", "From Old Quebec Street, Marylebone to Wells Street, Fitzrovia"
"LINESTRING (-0.149035 51.481121,-0.138072 51.517344", "From Sopwith Way, Battersea Park to Wells Street, Fitzrovia"
"LINESTRING (-0.162298 51.522511,-0.138072 51.517344", "From Boston Place, Marylebone to Wells Street, Fitzrovia"
"LINESTRING (-0.209494 51.498157,-0.138072 51.517344", "From Kensington Olympia Station, Olympia to Wells Street, Fitzrovia"
"LINESTRING (-0.123616 51.529943,-0.138072 51.517344", "From Belgrove Street , King's Cross to Wells Street, Fitzrovia"
"LINESTRING (-0.147154 51.537349,-0.138072 51.517344", "From Gloucester Avenue, Camden Town to Wells Street, Fitzrovia"
"LINESTRING (-0.129925 51.493072,-0.138072 51.517344", "From Vincent Street, Pimlico to Wells Street, Fitzrovia"
"LINESTRING (-0.113936 51.500139,-0.138072 51.517344", "From Lower Marsh, Waterloo to Wells Street, Fitzrovia"
"LINESTRING (-0.166304 51.525051,-0.138072 51.517344", "From Mallory Street, Marylebone to Wells Street, Fitzrovia"
"LINESTRING (-0.193487 51.513735,-0.138072 51.517344", "From Hereford Road, Bayswater to Wells Street, Fitzrovia"
"LINESTRING (-0.120202 51.523346,-0.138072 51.517344", "From Guilford Street , Bloomsbury to Wells Street, Fitzrovia"
"LINESTRING (-0.084439 51.524696,-0.138072 51.517344", "From Leonard Circus , Shoreditch to Wells Street, Fitzrovia"
"LINESTRING (-0.124121 51.523418,-0.138072 51.517344", "From Russell Square Station, Bloomsbury to Wells Street, Fitzrovia"
"LINESTRING (-0.123616 51.529943,-0.138072 51.517344", "From Belgrove Street , King's Cross to Wells Street, Fitzrovia"
"LINESTRING (-0.163609 51.51809,-0.138072 51.517344", "From Shouldham Street, Marylebone to Wells Street, Fitzrovia"
"LINESTRING (-0.139016 51.520994,-0.138072 51.517344", "From Howland Street, Fitzrovia to Wells Street, Fitzrovia"
"LINESTRING (-0.17581 51.517335,-0.138072 51.517344", "From South Wharf Road, Paddington to Wells Street, Fitzrovia"
"LINESTRING (-0.148059 51.472865,-0.138072 51.517344", "From Silverthorne Road, Battersea to Wells Street, Fitzrovia"
"LINESTRING (-0.097122 51.529423,-0.138072 51.517344", "From Macclesfield Rd, St Lukes to Wells Street, Fitzrovia"
"LINESTRING (-0.084985 51.509301,-0.083159 51.500889", "From Lower Thames Street, Monument to Tyers Gate, Bermondsey"
"LINESTRING (-0.110683 51.484788,-0.083159 51.500889", "From Kennington Road Post Office, Oval to Tyers Gate, Bermondsey"
"LINESTRING (-0.017676 51.503083,-0.083159 51.500889", "From Upper Bank Street, Canary Wharf to Tyers Gate, Bermondsey"
"LINESTRING (-0.120909 51.516128,-0.083159 51.500889", "From Newton Street, Covent Garden to Tyers Gate, Bermondsey"
"LINESTRING (-0.122759 51.487807,-0.083159 51.500889", "From New Spring Gardens Walk, Vauxhall to Tyers Gate, Bermondsey"
"LINESTRING (-0.092921 51.494436,-0.083159 51.500889", "From New Kent Road, The Borough to Tyers Gate, Bermondsey"
"LINESTRING (-0.113426 51.503919,-0.083159 51.500889", "From Waterloo Station 2, Waterloo to Tyers Gate, Bermondsey"
"LINESTRING (-0.103078 51.511934,-0.083159 51.500889", "From Blackfriars Station, St. Paul's to Tyers Gate, Bermondsey"
"LINESTRING (-0.123823 51.501513,-0.083159 51.500889", "From Westminster Pier, Westminster to Tyers Gate, Bermondsey"
"LINESTRING (-0.081608 51.497855,-0.083159 51.500889", "From Bermondsey Street, Bermondsey to Tyers Gate, Bermondsey"
"LINESTRING (-0.142345 51.510662,-0.083159 51.500889", "From Clifford Street, Mayfair to Tyers Gate, Bermondsey"
"LINESTRING (-0.081608 51.497855,-0.083159 51.500889", "From Bermondsey Street, Bermondsey to Tyers Gate, Bermondsey"
"LINESTRING (-0.102091 51.500693,-0.083159 51.500889", "From Webber Street , Southwark to Tyers Gate, Bermondsey"
"LINESTRING (-0.110683 51.484788,-0.083159 51.500889", "From Kennington Road Post Office, Oval to Tyers Gate, Bermondsey"
"LINESTRING (-0.102091 51.500693,-0.083159 51.500889", "From Webber Street , Southwark to Tyers Gate, Bermondsey"
"LINESTRING (-0.082422 51.516154,-0.083159 51.500889", "From Wormwood Street, Liverpool Street to Tyers Gate, Bermondsey"
"LINESTRING (-0.068161 51.509786,-0.083159 51.500889", "From Dock Street, Wapping to Tyers Gate, Bermondsey"
"LINESTRING (-0.102091 51.500693,-0.083159 51.500889", "From Webber Street , Southwark to Tyers Gate, Bermondsey"
"LINESTRING (-0.09734 51.520841,-0.083159 51.500889", "From Aldersgate Street, Barbican to Tyers Gate, Bermondsey"
"LINESTRING (-0.083159 51.500889,-0.083159 51.500889", "From Tyers Gate, Bermondsey to Tyers Gate, Bermondsey"
"LINESTRING (-0.138019 51.524438,-0.153463 51.525367", "From Warren Street Station, Euston to The Tennis Courts, The Regent's Park"
"LINESTRING (-0.137424 51.498865,-0.153463 51.525367", "From Buckingham Gate, Westminster to The Tennis Courts, The Regent's Park"
"LINESTRING (-0.138853 51.541603,-0.153463 51.525367", "From Bonny Street, Camden Town to The Tennis Courts, The Regent's Park"
"LINESTRING (-0.144466 51.528302,-0.153463 51.525367", "From Albany Street, The Regent's Park to The Tennis Courts, The Regent's Park"
"LINESTRING (-0.128585 51.516118,-0.153463 51.525367", "From Earnshaw Street , Covent Garden to The Tennis Courts, The Regent's Park"
"LINESTRING (-0.153463 51.525367,-0.153463 51.525367", "From The Tennis Courts, The Regent's Park to The Tennis Courts, The Regent's Park"
"LINESTRING (-0.153463 51.525367,-0.153463 51.525367", "From The Tennis Courts, The Regent's Park to The Tennis Courts, The Regent's Park"
"LINESTRING (-0.153463 51.525367,-0.153463 51.525367", "From The Tennis Courts, The Regent's Park to The Tennis Courts, The Regent's Park"
"LINESTRING (-0.150181 51.536922,-0.153463 51.525367", "From London Zoo Car Park, The Regent's Park to The Tennis Courts, The Regent's Park"
"LINESTRING (-0.153463 51.525367,-0.153463 51.525367", "From The Tennis Courts, The Regent's Park to The Tennis Courts, The Regent's Park"
"LINESTRING (-0.153463 51.525367,-0.153463 51.525367", "From The Tennis Courts, The Regent's Park to The Tennis Courts, The Regent's Park"
"LINESTRING (-0.145211 51.520715,-0.153463 51.525367", "From Portland Place, Marylebone to The Tennis Courts, The Regent's Park"
"LINESTRING (-0.138853 51.541603,-0.153463 51.525367", "From Bonny Street, Camden Town to The Tennis Courts, The Regent's Park"
"LINESTRING (-0.153463 51.525367,-0.153463 51.525367", "From The Tennis Courts, The Regent's Park to The Tennis Courts, The Regent's Park"
"LINESTRING (-0.153463 51.525367,-0.153463 51.525367", "From The Tennis Courts, The Regent's Park to The Tennis Courts, The Regent's Park"
"LINESTRING (-0.141327 51.520253,-0.153463 51.525367", "From Great Titchfield Street, Fitzrovia to The Tennis Courts, The Regent's Park"
"LINESTRING (-0.138019 51.524438,-0.153463 51.525367", "From Warren Street Station, Euston to The Tennis Courts, The Regent's Park"
"LINESTRING (-0.153463 51.525367,-0.153463 51.525367", "From The Tennis Courts, The Regent's Park to The Tennis Courts, The Regent's Park"
"LINESTRING (-0.153463 51.525367,-0.153463 51.525367", "From The Tennis Courts, The Regent's Park to The Tennis Courts, The Regent's Park"
"LINESTRING (-0.153463 51.525367,-0.153463 51.525367", "From The Tennis Courts, The Regent's Park to The Tennis Courts, The Regent's Park"
"LINESTRING (-0.134621 51.507424,-0.14296 51.497998", "From St. James's Square, St. James's to Warwick Row, Westminster"
"LINESTRING (-0.18498 51.501737,-0.14296 51.497998", "From De Vere Gardens, Kensington to Warwick Row, Westminster"
"LINESTRING (-0.18697 51.51616,-0.14296 51.497998", "From Bishop's Bridge Road West, Bayswater to Warwick Row, Westminster"
"LINESTRING (-0.138089 51.484839,-0.14296 51.497998", "From Claverton Street, Pimlico to Warwick Row, Westminster"
"LINESTRING (-0.172078 51.482567,-0.14296 51.497998", "From Danvers Street, West Chelsea to Warwick Row, Westminster"
"LINESTRING (-0.169821 51.466633,-0.14296 51.497998", "From Falcon Road, Clapham Junction to Warwick Row, Westminster"
"LINESTRING (-0.20782 51.473471,-0.14296 51.497998", "From Fulham Park Road, Fulham to Warwick Row, Westminster"
"LINESTRING (-0.137598 51.497698,-0.14296 51.497998", "From Kings Gate House, Westminster to Warwick Row, Westminster"
"LINESTRING (-0.134621 51.507424,-0.14296 51.497998", "From St. James's Square, St. James's to Warwick Row, Westminster"
"LINESTRING (-0.103078 51.511934,-0.14296 51.497998", "From Blackfriars Station, St. Paul's to Warwick Row, Westminster"
"LINESTRING (-0.15352 51.503117,-0.14296 51.497998", "From Hyde Park Corner, Hyde Park to Warwick Row, Westminster"
"LINESTRING (-0.134621 51.507424,-0.14296 51.497998", "From St. James's Square, St. James's to Warwick Row, Westminster"
"LINESTRING (-0.124469 51.485917,-0.14296 51.497998", "From Vauxhall Cross, Vauxhall to Warwick Row, Westminster"
"LINESTRING (-0.193487 51.513735,-0.14296 51.497998", "From Hereford Road, Bayswater to Warwick Row, Westminster"
"LINESTRING (-0.179135 51.516417,-0.14296 51.497998", "From Eastbourne Mews, Paddington to Warwick Row, Westminster"
"LINESTRING (-0.113864 51.504027,-0.14296 51.497998", "From Waterloo Station 1, Waterloo to Warwick Row, Westminster"
"LINESTRING (-0.124749 51.509462,-0.14296 51.497998", "From William IV Street, Strand to Warwick Row, Westminster"
"LINESTRING (-0.134621 51.507424,-0.14296 51.497998", "From St. James's Square, St. James's to Warwick Row, Westminster"
"LINESTRING (-0.156166 51.518913,-0.14296 51.497998", "From Baker Street, Marylebone to Warwick Row, Westminster"
"LINESTRING (-0.116628 51.500089,-0.14296 51.497998", "From Lambeth Palace Road, Waterloo to Warwick Row, Westminster"
"LINESTRING (-0.144228 51.518117,-0.14296 51.497998", "From Broadcasting House, Marylebone to Warwick Row, Westminster"
"LINESTRING (-0.144165 51.510736,-0.14296 51.497998", "From Bruton Street, Mayfair to Warwick Row, Westminster"
"LINESTRING (-0.103137 51.506692,-0.14296 51.497998", "From Poured Lines, Bankside to Warwick Row, Westminster"
"LINESTRING (-0.201554 51.512136,-0.14296 51.497998", "From Chepstow Villas, Notting Hill to Warwick Row, Westminster"
"LINESTRING (-0.155442 51.474376,-0.14296 51.497998", "From Austin Road, Battersea Park to Warwick Row, Westminster"
"LINESTRING (-0.124678 51.51908,-0.14296 51.497998", "From British Museum, Bloomsbury to Warwick Row, Westminster"
"LINESTRING (-0.056667 51.511542,-0.14296 51.497998", "From Watney Street, Shadwell to Warwick Row, Westminster"
"LINESTRING (-0.161765 51.487964,-0.14296 51.497998", "From Ormonde Gate, Chelsea to Warwick Row, Westminster"
"LINESTRING (-0.123823 51.501513,-0.14296 51.497998", "From Westminster Pier, Westminster to Warwick Row, Westminster"
"LINESTRING (-0.149551 51.477619,-0.14296 51.497998", "From Queen's Circus, Battersea Park to Warwick Row, Westminster"
"LINESTRING (-0.183834 51.497924,-0.14296 51.497998", "From Gloucester Road (North), Kensington to Warwick Row, Westminster"
"LINESTRING (-0.125674 51.491884,-0.14296 51.497998", "From Millbank Tower, Pimlico to Warwick Row, Westminster"
"LINESTRING (-0.190393 51.490163,-0.14296 51.497998", "From Bramham Gardens, Earl's Court to Warwick Row, Westminster"
"LINESTRING (-0.173715 51.491211,-0.14296 51.497998", "From Sumner Place, South Kensington to Warwick Row, Westminster"
"LINESTRING (-0.118256 51.47659,-0.14296 51.497998", "From Albert Square, Stockwell to Warwick Row, Westminster"
"LINESTRING (-0.163347 51.474392,-0.14296 51.497998", "From Albert Bridge Road, Battersea Park to Warwick Row, Westminster"
"LINESTRING (-0.142844 51.506613,-0.14296 51.497998", "From Green Park Station, Mayfair to Warwick Row, Westminster"
"LINESTRING (-0.147203 51.515308,-0.14296 51.497998", "From Chapel Place, Marylebone to Warwick Row, Westminster"
"LINESTRING (-0.124826 51.516226,-0.14296 51.497998", "From High Holborn , Covent Garden to Warwick Row, Westminster"
"LINESTRING (-0.197245 51.497387,-0.14296 51.497998", "From Abingdon Villas, Kensington to Warwick Row, Westminster"
"LINESTRING (-0.17977 51.51348,-0.14296 51.497998", "From Devonshire Terrace, Bayswater to Warwick Row, Westminster"
"LINESTRING (-0.15352 51.503117,-0.14296 51.497998", "From Hyde Park Corner, Hyde Park to Warwick Row, Westminster"
"LINESTRING (-0.116628 51.500089,-0.14296 51.497998", "From Lambeth Palace Road, Waterloo to Warwick Row, Westminster"
"LINESTRING (-0.116628 51.500089,-0.14296 51.497998", "From Lambeth Palace Road, Waterloo to Warwick Row, Westminster"
"LINESTRING (-0.084439 51.524696,-0.093913 51.496791", "From Leonard Circus , Shoreditch to Dickens Square, Borough"
"LINESTRING (-0.087459 51.528673,-0.093913 51.496791", "From East Road, Hoxton to Dickens Square, Borough"
"LINESTRING (-0.058826 51.54119,-0.093913 51.496791", "From London Fields, Hackney Central to Dickens Square, Borough"
"LINESTRING (-0.092754 51.505974,-0.093913 51.496791", "From Park Street, Bankside to Dickens Square, Borough"
"LINESTRING (-0.08974 51.500823,-0.093913 51.496791", "From Empire Square, The Borough to Dickens Square, Borough"
"LINESTRING (-0.093913 51.496791,-0.093913 51.496791", "From Dickens Square, Borough to Dickens Square, Borough"
"LINESTRING (-0.101384 51.49652,-0.093913 51.496791", "From Ontario Street, Elephant & Castle to Dickens Square, Borough"
"LINESTRING (-0.113864 51.504027,-0.093913 51.496791", "From Waterloo Station 1, Waterloo to Dickens Square, Borough"
"LINESTRING (-0.167919 51.484984,-0.093913 51.496791", "From Phene Street, Chelsea to Dickens Square, Borough"
"LINESTRING (-0.104724 51.52836,-0.093913 51.496791", "From St. John Street, Finsbury to Dickens Square, Borough"
"LINESTRING (-0.092762 51.500296,-0.093913 51.496791", "From Swan Street, The Borough to Dickens Square, Borough"
"LINESTRING (-0.174347 51.476964,-0.093913 51.496791", "From Battersea Church Road, Battersea to Dickens Square, Borough"
"LINESTRING (-0.101384 51.49652,-0.093913 51.496791", "From Ontario Street, Elephant & Castle to Dickens Square, Borough"
"LINESTRING (-0.115533 51.504942,-0.093913 51.496791", "From Concert Hall Approach 2, South Bank to Dickens Square, Borough"
"LINESTRING (-0.083632 51.502153,-0.093913 51.496791", "From Snowsfields, London Bridge to Dickens Square, Borough"
"LINESTRING (-0.10454 51.505461,-0.093913 51.496791", "From Blackfriars Road, Southwark to Dickens Square, Borough"
"LINESTRING (-0.083493 51.520955,-0.088542 51.527025", "From Pindar Street, Liverpool Street to Baldwin Street, St. Luke's"
"LINESTRING (-0.101026 51.528246,-0.088542 51.527025", "From Goswell Road (City Uni), Finsbury to Baldwin Street, St. Luke's"
"LINESTRING (-0.073955 51.526293,-0.088542 51.527025", "From Palissy Street, Shoreditch to Baldwin Street, St. Luke's"
"LINESTRING (-0.063386 51.521905,-0.088542 51.527025", "From Selby Street, Whitechapel to Baldwin Street, St. Luke's"
"LINESTRING (-0.055312 51.52568,-0.088542 51.527025", "From Bethnal Green Garden, Bethnal Green to Baldwin Street, St. Luke's"
"LINESTRING (-0.074754 51.523648,-0.088542 51.527025", "From Bethnal Green Road, Shoreditch to Baldwin Street, St. Luke's"
"LINESTRING (-0.09315 51.53356,-0.088542 51.527025", "From Eagle Wharf Road, Hoxton to Baldwin Street, St. Luke's"
"LINESTRING (-0.065076 51.52388,-0.088542 51.527025", "From Cheshire Street, Bethnal Green to Baldwin Street, St. Luke's"
"LINESTRING (-0.13225 51.528833,-0.088542 51.527025", "From Doric Way , Somers Town to Baldwin Street, St. Luke's"
"LINESTRING (-0.131161 51.52505,-0.088542 51.527025", "From Taviton Street, Bloomsbury to Baldwin Street, St. Luke's"
"LINESTRING (-0.113426 51.503919,-0.088542 51.527025", "From Waterloo Station 2, Waterloo to Baldwin Street, St. Luke's"
"LINESTRING (-0.083353 51.529537,-0.088542 51.527025", "From Fanshaw Street, Hoxton to Baldwin Street, St. Luke's"
"LINESTRING (-0.096317 51.526008,-0.088542 51.527025", "From Finsbury Leisure Centre, St. Luke's to Baldwin Street, St. Luke's"
"LINESTRING (-0.055167 51.508447,-0.088542 51.527025", "From Garnet Street, Shadwell to Baldwin Street, St. Luke's"
"LINESTRING (-0.039264 51.521564,-0.088542 51.527025", "From Harford Street, Mile End to Baldwin Street, St. Luke's"
"LINESTRING (-0.108028 51.518825,-0.088542 51.527025", "From Hatton Garden, Holborn to Baldwin Street, St. Luke's"
"LINESTRING (-0.109025 51.534408,-0.088542 51.527025", "From Cloudesley Road, Angel to Baldwin Street, St. Luke's"
"LINESTRING (-0.07813 51.526377,-0.088542 51.527025", "From Shoreditch High Street, Shoreditch to Baldwin Street, St. Luke's"
"LINESTRING (-0.124678 51.51908,-0.088542 51.527025", "From British Museum, Bloomsbury to Baldwin Street, St. Luke's"
"LINESTRING (-0.154701 51.520583,-0.088542 51.527025", "From Paddington Street, Marylebone to Baldwin Street, St. Luke's"
"LINESTRING (-0.028941 51.542118,-0.088542 51.527025", "From Cadogan Close, Victoria Park to Baldwin Street, St. Luke's"
"LINESTRING (-0.093421 51.529154,-0.088542 51.527025", "From Windsor Terrace, Hoxton to Baldwin Street, St. Luke's"
"LINESTRING (-0.093421 51.529154,-0.088542 51.527025", "From Windsor Terrace, Hoxton to Baldwin Street, St. Luke's"
"LINESTRING (-0.08299 51.53213,-0.088542 51.527025", "From Pitfield Street Central, Hoxton to Baldwin Street, St. Luke's"
"LINESTRING (-0.135777 51.51953,-0.088542 51.527025", "From Charlotte Street, Fitzrovia to Baldwin Street, St. Luke's"
"LINESTRING (-0.11934 51.531066,-0.088542 51.527025", "From Northdown Street, King's Cross to Baldwin Street, St. Luke's"
"LINESTRING (-0.096496 51.517821,-0.088542 51.527025", "From Museum of London, Barbican to Baldwin Street, St. Luke's"
"LINESTRING (-0.093051 51.511246,-0.088542 51.527025", "From Queen Street 2, Bank to Baldwin Street, St. Luke's"
"LINESTRING (-0.074754 51.523648,-0.088542 51.527025", "From Bethnal Green Road, Shoreditch to Baldwin Street, St. Luke's"
"LINESTRING (-0.121328 51.517606,-0.088542 51.527025", "From Southampton Place, Holborn to Baldwin Street, St. Luke's"
"LINESTRING (-0.123179 51.506543,-0.088542 51.527025", "From Whitehall Place, Strand to Baldwin Street, St. Luke's"
"LINESTRING (-0.112721 51.536392,-0.088542 51.527025", "From Charlotte Terrace, Angel to Baldwin Street, St. Luke's"
"LINESTRING (-0.117122 51.490994,-0.139956 51.493573", "From Black Prince Road, Vauxhall to Queen Mother Sports Centre, Victoria"
"LINESTRING (-0.133201 51.512515,-0.139956 51.493573", "From Wardour Street, Soho to Queen Mother Sports Centre, Victoria"
"LINESTRING (-0.201554 51.512136,-0.139956 51.493573", "From Chepstow Villas, Notting Hill to Queen Mother Sports Centre, Victoria"
"LINESTRING (-0.156876 51.49313,-0.139956 51.493573", "From Sedding Street, Sloane Square to Queen Mother Sports Centre, Victoria"
"LINESTRING (-0.166878 51.488023,-0.139956 51.493573", "From Flood Street, Chelsea to Queen Mother Sports Centre, Victoria"
"LINESTRING (-0.15934 51.500241,-0.139956 51.493573", "From Harriet Street, Knightsbridge to Queen Mother Sports Centre, Victoria"
"LINESTRING (-0.14296 51.497998,-0.139956 51.493573", "From Warwick Row, Westminster to Queen Mother Sports Centre, Victoria"
"LINESTRING (-0.082422 51.516154,-0.139956 51.493573", "From Wormwood Street, Liverpool Street to Queen Mother Sports Centre, Victoria"
"LINESTRING (-0.102996 51.486929,-0.139956 51.493573", "From Doddington Grove, Kennington to Queen Mother Sports Centre, Victoria"
"LINESTRING (-0.170703 51.470847,-0.139956 51.493573", "From Simpson Street, Clapham Junction to Queen Mother Sports Centre, Victoria"
"LINESTRING (-0.122492 51.486343,-0.139956 51.493573", "From Kennington Lane Rail Bridge, Vauxhall to Queen Mother Sports Centre, Victoria"
"LINESTRING (-0.129925 51.493072,-0.139956 51.493573", "From Vincent Street, Pimlico to Queen Mother Sports Centre, Victoria"
"LINESTRING (-0.151926 51.516814,-0.139956 51.493573", "From Hinde Street, Marylebone to Queen Mother Sports Centre, Victoria"
"LINESTRING (-0.140947 51.49616,-0.139956 51.493573", "From Ashley Place, Victoria to Queen Mother Sports Centre, Victoria"
"LINESTRING (-0.137043 51.511897,-0.139956 51.493573", "From Golden Square, Soho to Queen Mother Sports Centre, Victoria"
"LINESTRING (-0.138212 51.481335,-0.139956 51.493573", "From Riverlight South, Nine Elms to Queen Mother Sports Centre, Victoria"
"LINESTRING (-0.132845 51.489975,-0.139956 51.493573", "From Rampayne Street, Pimlico to Queen Mother Sports Centre, Victoria"
"LINESTRING (-0.097122 51.529423,-0.139956 51.493573", "From Macclesfield Rd, St Lukes to Queen Mother Sports Centre, Victoria"
"LINESTRING (-0.138212 51.481335,-0.139956 51.493573", "From Riverlight South, Nine Elms to Queen Mother Sports Centre, Victoria"
"LINESTRING (-0.110699 51.501444,-0.139956 51.493573", "From Baylis Road, Waterloo to Queen Mother Sports Centre, Victoria"
"LINESTRING (-0.127575 51.495805,-0.139956 51.493573", "From Smith Square, Westminster to Queen Mother Sports Centre, Victoria"
"LINESTRING (-0.126874 51.47787,-0.139956 51.493573", "From Hartington Road, Stockwell to Queen Mother Sports Centre, Victoria"
"LINESTRING (-0.113134 51.483145,-0.139956 51.493573", "From Kennington Oval, Oval to Queen Mother Sports Centre, Victoria"
"LINESTRING (-0.135478 51.495827,-0.139956 51.493573", "From Rochester Row, Westminster to Queen Mother Sports Centre, Victoria"
"LINESTRING (-0.135478 51.495827,-0.139956 51.493573", "From Rochester Row, Westminster to Queen Mother Sports Centre, Victoria"
"LINESTRING (-0.193487 51.513735,-0.139956 51.493573", "From Hereford Road, Bayswater to Queen Mother Sports Centre, Victoria"
"LINESTRING (-0.148105 51.514759,-0.139956 51.493573", "From Marylebone Lane, Marylebone to Queen Mother Sports Centre, Victoria"
"LINESTRING (-0.082422 51.516154,-0.139956 51.493573", "From Wormwood Street, Liverpool Street to Queen Mother Sports Centre, Victoria"
"LINESTRING (-0.127575 51.495805,-0.139956 51.493573", "From Smith Square, Westminster to Queen Mother Sports Centre, Victoria"
"LINESTRING (-0.112824 51.503791,-0.139956 51.493573", "From Waterloo Station 3, Waterloo to Queen Mother Sports Centre, Victoria"
"LINESTRING (-0.111606 51.505569,-0.139956 51.493573", "From Stamford Street, South Bank to Queen Mother Sports Centre, Victoria"
"LINESTRING (-0.055846 51.499169,-0.081608 51.497855", "From Rotherhithe Roundabout, Rotherhithe to Bermondsey Street, Bermondsey"
"LINESTRING (-0.119643 51.511756,-0.081608 51.497855", "From Wellington Street , Strand to Bermondsey Street, Bermondsey"
"LINESTRING (-0.113179 51.466232,-0.081608 51.497855", "From St John's Crescent, Brixton to Bermondsey Street, Bermondsey"
"LINESTRING (-0.098497 51.503688,-0.081608 51.497855", "From Union Street, The Borough to Bermondsey Street, Bermondsey"
"LINESTRING (-0.074704 51.500845,-0.081608 51.497855", "From Tower Wharf, Bermondsey to Bermondsey Street, Bermondsey"
"LINESTRING (-0.117495 51.498241,-0.081608 51.497855", "From Archbishop's Park, Waterloo to Bermondsey Street, Bermondsey"
"LINESTRING (-0.10988 51.49775,-0.081608 51.497855", "From King Edward Walk, Waterloo to Bermondsey Street, Bermondsey"
"LINESTRING (-0.085814 51.495061,-0.081608 51.497855", "From Bricklayers Arms, Borough to Bermondsey Street, Bermondsey"
"LINESTRING (-0.090075 51.517842,-0.081608 51.497855", "From Fore Street, Guildhall to Bermondsey Street, Bermondsey"
"LINESTRING (-0.073438 51.51838,-0.081608 51.497855", "From Fashion Street, Whitechapel to Bermondsey Street, Bermondsey"
"LINESTRING (-0.083159 51.500889,-0.081608 51.497855", "From Tyers Gate, Bermondsey to Bermondsey Street, Bermondsey"
"LINESTRING (-0.057133 51.527607,-0.081608 51.497855", "From Hollybush Gardens, Bethnal Green to Bermondsey Street, Bermondsey"
"LINESTRING (-0.093051 51.511246,-0.081608 51.497855", "From Queen Street 2, Bank to Bermondsey Street, Bermondsey"
"LINESTRING (-0.078869 51.521113,-0.081608 51.497855", "From Norton Folgate, Liverpool Street to Bermondsey Street, Bermondsey"
"LINESTRING (-0.096518 51.491327,-0.081608 51.497855", "From Walworth Square, Walworth to Bermondsey Street, Bermondsey"
"LINESTRING (-0.085814 51.495061,-0.081608 51.497855", "From Bricklayers Arms, Borough to Bermondsey Street, Bermondsey"
"LINESTRING (-0.07962 51.503493,-0.081608 51.497855", "From Tooley Street, Bermondsey to Bermondsey Street, Bermondsey"
"LINESTRING (-0.163347 51.474392,-0.081608 51.497855", "From Albert Bridge Road, Battersea Park to Bermondsey Street, Bermondsey"
"LINESTRING (-0.07962 51.503493,-0.081608 51.497855", "From Tooley Street, Bermondsey to Bermondsey Street, Bermondsey"
"LINESTRING (-0.092921 51.494436,-0.081608 51.497855", "From New Kent Road, The Borough to Bermondsey Street, Bermondsey"
"LINESTRING (-0.08974 51.500823,-0.081608 51.497855", "From Empire Square, The Borough to Bermondsey Street, Bermondsey"
"LINESTRING (-0.08066 51.514225,-0.081608 51.497855", "From St. Mary Axe, Aldgate to Bermondsey Street, Bermondsey"
"LINESTRING (-0.066078 51.514924,-0.081608 51.497855", "From LMU Commercial Road, Whitechapel to Bermondsey Street, Bermondsey"
"LINESTRING (-0.079249 51.518908,-0.081608 51.497855", "From Brushfield Street, Liverpool Street to Bermondsey Street, Bermondsey"
"LINESTRING (-0.116493 51.477839,-0.081608 51.497855", "From Caldwell Street, Stockwell to Bermondsey Street, Bermondsey"
"LINESTRING (-0.08974 51.500823,-0.081608 51.497855", "From Empire Square, The Borough to Bermondsey Street, Bermondsey"
"LINESTRING (-0.09294 51.51397,-0.081608 51.497855", "From Cheapside, Bank to Bermondsey Street, Bermondsey"
"LINESTRING (-0.092176 51.520044,-0.081608 51.497855", "From Barbican Centre, Barbican to Bermondsey Street, Bermondsey"
"LINESTRING (-0.07962 51.503493,-0.081608 51.497855", "From Tooley Street, Bermondsey to Bermondsey Street, Bermondsey"
"LINESTRING (-0.13151 51.509639,-0.081608 51.497855", "From Panton Street, West End to Bermondsey Street, Bermondsey"
"LINESTRING (-0.121394 51.493699,-0.081608 51.497855", "From Fire Brigade Pier, Vauxhall to Bermondsey Street, Bermondsey"
"LINESTRING (-0.079201 51.537277,-0.081608 51.497855", "From Hertford Road, De Beauvoir Town to Bermondsey Street, Bermondsey"
"LINESTRING (-0.114686 51.506133,-0.081608 51.497855", "From Belvedere Road 1, South Bank to Bermondsey Street, Bermondsey"
"LINESTRING (-0.108068 51.527842,-0.081608 51.497855", "From Hardwick Street, Clerkenwell to Bermondsey Street, Bermondsey"
"LINESTRING (-0.08974 51.500823,-0.081608 51.497855", "From Empire Square, The Borough to Bermondsey Street, Bermondsey"
"LINESTRING (-0.08974 51.500823,-0.081608 51.497855", "From Empire Square, The Borough to Bermondsey Street, Bermondsey"
"LINESTRING (-0.08974 51.500823,-0.081608 51.497855", "From Empire Square, The Borough to Bermondsey Street, Bermondsey"
"LINESTRING (-0.098497 51.503688,-0.081608 51.497855", "From Union Street, The Borough to Bermondsey Street, Bermondsey"
"LINESTRING (-0.093051 51.511246,-0.081608 51.497855", "From Queen Street 2, Bank to Bermondsey Street, Bermondsey"
"LINESTRING (-0.092762 51.500296,-0.081608 51.497855", "From Swan Street, The Borough to Bermondsey Street, Bermondsey"
"LINESTRING (-0.102091 51.500693,-0.081608 51.497855", "From Webber Street , Southwark to Bermondsey Street, Bermondsey"
"LINESTRING (-0.110699 51.501444,-0.081608 51.497855", "From Baylis Road, Waterloo to Bermondsey Street, Bermondsey"
"LINESTRING (-0.120202 51.523346,-0.081608 51.497855", "From Guilford Street , Bloomsbury to Bermondsey Street, Bermondsey"
"LINESTRING (-0.132102 51.472918,-0.081608 51.497855", "From Courland Grove, Wandsworth Road to Bermondsey Street, Bermondsey"
"LINESTRING (-0.09644 51.507385,-0.081608 51.497855", "From New Globe Walk, Bankside to Bermondsey Street, Bermondsey"
"LINESTRING (-0.102996 51.486929,-0.081608 51.497855", "From Doddington Grove, Kennington to Bermondsey Street, Bermondsey"
"LINESTRING (-0.086685 51.517075,-0.081608 51.497855", "From Finsbury Circus, Liverpool Street to Bermondsey Street, Bermondsey"
"LINESTRING (-0.111014 51.493686,-0.081608 51.497855", "From Walnut Tree Walk, Vauxhall to Bermondsey Street, Bermondsey"
"LINESTRING (-0.082989 51.510484,-0.081608 51.497855", "From Great Tower Street, Monument to Bermondsey Street, Bermondsey"
"LINESTRING (-0.083159 51.500889,-0.081608 51.497855", "From Tyers Gate, Bermondsey to Bermondsey Street, Bermondsey"
"LINESTRING (-0.04915 51.498439,-0.081608 51.497855", "From Canada Water Station, Rotherhithe to Bermondsey Street, Bermondsey"
"LINESTRING (-0.081608 51.497855,-0.081608 51.497855", "From Bermondsey Street, Bermondsey to Bermondsey Street, Bermondsey"
"LINESTRING (-0.0786 51.500647,-0.081608 51.497855", "From Tanner Street, Bermondsey to Bermondsey Street, Bermondsey"
"LINESTRING (-0.124826 51.516226,-0.081608 51.497855", "From High Holborn , Covent Garden to Bermondsey Street, Bermondsey"
"LINESTRING (-0.113864 51.504027,-0.081608 51.497855", "From Waterloo Station 1, Waterloo to Bermondsey Street, Bermondsey"
"LINESTRING (-0.08066 51.514225,-0.081608 51.497855", "From St. Mary Axe, Aldgate to Bermondsey Street, Bermondsey"
"LINESTRING (-0.068981 51.498585,-0.081608 51.497855", "From George Row, Bermondsey to Bermondsey Street, Bermondsey"
"LINESTRING (-0.082989 51.510484,-0.081608 51.497855", "From Great Tower Street, Monument to Bermondsey Street, Bermondsey"
"LINESTRING (-0.093903 51.530991,-0.081608 51.497855", "From Wenlock Road , Hoxton to Bermondsey Street, Bermondsey"
"LINESTRING (-0.073438 51.51838,-0.081608 51.497855", "From Fashion Street, Whitechapel to Bermondsey Street, Bermondsey"
"LINESTRING (-0.105344 51.515059,-0.081608 51.497855", "From St. Bride Street, Holborn to Bermondsey Street, Bermondsey"
"LINESTRING (-0.100168 51.530344,-0.073955 51.526293", "From City Road, Angel to Palissy Street, Shoreditch"
"LINESTRING (-0.062546 51.535678,-0.073955 51.526293", "From Regent's Row , Haggerston to Palissy Street, Shoreditch"
"LINESTRING (-0.062546 51.535678,-0.073955 51.526293", "From Regent's Row , Haggerston to Palissy Street, Shoreditch"
"LINESTRING (-0.058826 51.54119,-0.073955 51.526293", "From London Fields, Hackney Central to Palissy Street, Shoreditch"
"LINESTRING (-0.058826 51.54119,-0.073955 51.526293", "From London Fields, Hackney Central to Palissy Street, Shoreditch"
"LINESTRING (-0.062546 51.535678,-0.073955 51.526293", "From Regent's Row , Haggerston to Palissy Street, Shoreditch"
"LINESTRING (-0.062546 51.535678,-0.073955 51.526293", "From Regent's Row , Haggerston to Palissy Street, Shoreditch"
"LINESTRING (-0.063386 51.521905,-0.073955 51.526293", "From Selby Street, Whitechapel to Palissy Street, Shoreditch"
"LINESTRING (-0.067937 51.51793,-0.073955 51.526293", "From Old Montague Street, Whitechapel to Palissy Street, Shoreditch"
"LINESTRING (-0.05438 51.520019,-0.073955 51.526293", "From Ansell House, Stepney to Palissy Street, Shoreditch"
"LINESTRING (-0.051394 51.520893,-0.073955 51.526293", "From Cleveland Way, Stepney to Palissy Street, Shoreditch"
"LINESTRING (-0.062546 51.535678,-0.073955 51.526293", "From Regent's Row , Haggerston to Palissy Street, Shoreditch"
"LINESTRING (-0.062546 51.535678,-0.073955 51.526293", "From Regent's Row , Haggerston to Palissy Street, Shoreditch"
"LINESTRING (-0.063386 51.521905,-0.073955 51.526293", "From Selby Street, Whitechapel to Palissy Street, Shoreditch"
"LINESTRING (-0.06555 51.528681,-0.073955 51.526293", "From Durant Street, Bethnal Green to Palissy Street, Shoreditch"
"LINESTRING (-0.073955 51.526293,-0.073955 51.526293", "From Palissy Street, Shoreditch to Palissy Street, Shoreditch"
"LINESTRING (-0.075578 51.52127,-0.073955 51.526293", "From Commercial Street, Shoreditch to Palissy Street, Shoreditch"
"LINESTRING (-0.049591 51.53341,-0.073955 51.526293", "From Bonner Gate, Victoria Park to Palissy Street, Shoreditch"
"LINESTRING (-0.069543 51.525645,-0.073955 51.526293", "From Granby Street, Shoreditch to Palissy Street, Shoreditch"
"LINESTRING (-0.088285 51.519069,-0.083067 51.523196", "From Moorfields, Moorgate to Clifton Street, Shoreditch"
"LINESTRING (-0.038986 51.512871,-0.083067 51.523196", "From Flamborough Street, Limehouse to Clifton Street, Shoreditch"
"LINESTRING (-0.118272 51.516277,-0.083067 51.523196", "From Lincoln's Inn Fields, Holborn to Clifton Street, Shoreditch"
"LINESTRING (-0.09315 51.53356,-0.083067 51.523196", "From Eagle Wharf Road, Hoxton to Clifton Street, Shoreditch"
"LINESTRING (-0.102757 51.536384,-0.083067 51.523196", "From Islington Green, Angel to Clifton Street, Shoreditch"
"LINESTRING (-0.096317 51.526008,-0.083067 51.523196", "From Finsbury Leisure Centre, St. Luke's to Clifton Street, Shoreditch"
"LINESTRING (-0.104708 51.52326,-0.083067 51.523196", "From Clerkenwell Green, Clerkenwell to Clifton Street, Shoreditch"
"LINESTRING (-0.09315 51.53356,-0.083067 51.523196", "From Eagle Wharf Road, Hoxton to Clifton Street, Shoreditch"
"LINESTRING (-0.069543 51.525645,-0.083067 51.523196", "From Granby Street, Shoreditch to Clifton Street, Shoreditch"
"LINESTRING (-0.114934 51.49288,-0.083067 51.523196", "From Lollard Street, Vauxhall to Clifton Street, Shoreditch"
"LINESTRING (-0.088285 51.519069,-0.083067 51.523196", "From Moorfields, Moorgate to Clifton Street, Shoreditch"
"LINESTRING (-0.085814 51.495061,-0.083067 51.523196", "From Bricklayers Arms, Borough to Clifton Street, Shoreditch"
"LINESTRING (-0.078869 51.521113,-0.083067 51.523196", "From Norton Folgate, Liverpool Street to Clifton Street, Shoreditch"
"LINESTRING (-0.049591 51.53341,-0.083067 51.523196", "From Bonner Gate, Victoria Park to Clifton Street, Shoreditch"
"LINESTRING (-0.107987 51.517428,-0.083067 51.523196", "From New Fetter Lane, Holborn to Clifton Street, Shoreditch"
"LINESTRING (-0.119643 51.511756,-0.101384 51.49652", "From Wellington Street , Strand to Ontario Street, Elephant & Castle"
"LINESTRING (-0.09294 51.51397,-0.101384 51.49652", "From Cheapside, Bank to Ontario Street, Elephant & Castle"
"LINESTRING (-0.090847 51.525893,-0.101384 51.49652", "From Bath Street, St. Luke's to Ontario Street, Elephant & Castle"
"LINESTRING (-0.09022 51.491484,-0.101384 51.49652", "From Rodney Road , Walworth to Ontario Street, Elephant & Castle"
"LINESTRING (-0.106237 51.507244,-0.101384 51.49652", "From Milroy Walk, South Bank to Ontario Street, Elephant & Castle"
"LINESTRING (-0.216573 51.466907,-0.101384 51.49652", "From Putney Pier, Wandsworth to Ontario Street, Elephant & Castle"
"LINESTRING (-0.110699 51.501444,-0.101384 51.49652", "From Baylis Road, Waterloo to Ontario Street, Elephant & Castle"
"LINESTRING (-0.162418 51.490083,-0.101384 51.49652", "From Royal Avenue 2, Chelsea to Ontario Street, Elephant & Castle"
"LINESTRING (-0.106323 51.490757,-0.101384 51.49652", "From Cotton Garden Estate, Kennington to Ontario Street, Elephant & Castle"
"LINESTRING (-0.102091 51.500693,-0.101384 51.49652", "From Webber Street , Southwark to Ontario Street, Elephant & Castle"
"LINESTRING (-0.106237 51.507244,-0.101384 51.49652", "From Milroy Walk, South Bank to Ontario Street, Elephant & Castle"
"LINESTRING (-0.087262 51.506304,-0.101384 51.49652", "From Duke Street Hill, London Bridge to Ontario Street, Elephant & Castle"
"LINESTRING (-0.085666 51.499075,-0.101384 51.49652", "From Long Lane , Bermondsey to Ontario Street, Elephant & Castle"
"LINESTRING (-0.070329 51.539083,-0.101384 51.49652", "From Shoreditch Court, Haggerston to Ontario Street, Elephant & Castle"
"LINESTRING (-0.111435 51.48894,-0.101384 51.49652", "From Kennington Cross, Kennington to Ontario Street, Elephant & Castle"
"LINESTRING (-0.093913 51.496791,-0.101384 51.49652", "From Dickens Square, Borough to Ontario Street, Elephant & Castle"
"LINESTRING (-0.101384 51.49652,-0.101384 51.49652", "From Ontario Street, Elephant & Castle to Ontario Street, Elephant & Castle"
"LINESTRING (-0.104708 51.52326,-0.101384 51.49652", "From Clerkenwell Green, Clerkenwell to Ontario Street, Elephant & Castle"
"LINESTRING (-0.149569 51.50274,-0.101384 51.49652", "From Wellington Arch, Hyde Park to Ontario Street, Elephant & Castle"
"LINESTRING (-0.165164 51.514746,-0.101384 51.49652", "From Porchester Place, Paddington to Ontario Street, Elephant & Castle"
"LINESTRING (-0.110121 51.488105,-0.101384 51.49652", "From Cleaver Street, Kennington to Ontario Street, Elephant & Castle"
"LINESTRING (-0.132224 51.49206,-0.129697 51.509087", "From Regency Street, Westminster to St. Martin's Street, West End"
"LINESTRING (-0.13011 51.513527,-0.129697 51.509087", "From Moor Street, Soho to St. Martin's Street, West End"
"LINESTRING (-0.13011 51.513527,-0.129697 51.509087", "From Moor Street, Soho to St. Martin's Street, West End"
"LINESTRING (-0.124469 51.485917,-0.129697 51.509087", "From Vauxhall Cross, Vauxhall to St. Martin's Street, West End"
"LINESTRING (-0.147301 51.514105,-0.129697 51.509087", "From Woodstock Street, Mayfair to St. Martin's Street, West End"
"LINESTRING (-0.122492 51.486343,-0.129697 51.509087", "From Kennington Lane Rail Bridge, Vauxhall to St. Martin's Street, West End"
"LINESTRING (-0.129925 51.493072,-0.129697 51.509087", "From Vincent Street, Pimlico to St. Martin's Street, West End"
"LINESTRING (-0.183289 51.496462,-0.129697 51.509087", "From Gloucester Road (Central), South Kensington to St. Martin's Street, West End"
"LINESTRING (-0.137043 51.511897,-0.129697 51.509087", "From Golden Square, Soho to St. Martin's Street, West End"
"LINESTRING (-0.145393 51.542138,-0.129697 51.509087", "From Castlehaven Road, Camden Town to St. Martin's Street, West End"
"LINESTRING (-0.137043 51.511897,-0.129697 51.509087", "From Golden Square, Soho to St. Martin's Street, West End"
"LINESTRING (-0.131773 51.506633,-0.129697 51.509087", "From Waterloo Place, St. James's to St. Martin's Street, West End"
"LINESTRING (-0.145393 51.542138,-0.129697 51.509087", "From Castlehaven Road, Camden Town to St. Martin's Street, West End"
"LINESTRING (-0.13011 51.513527,-0.129697 51.509087", "From Moor Street, Soho to St. Martin's Street, West End"
"LINESTRING (-0.139625 51.490962,-0.129697 51.509087", "From Gloucester Street, Pimlico to St. Martin's Street, West End"
"LINESTRING (-0.129925 51.493072,-0.129697 51.509087", "From Vincent Street, Pimlico to St. Martin's Street, West End"
"LINESTRING (-0.122492 51.486343,-0.129697 51.509087", "From Kennington Lane Rail Bridge, Vauxhall to St. Martin's Street, West End"
"LINESTRING (-0.106237 51.507244,-0.129697 51.509087", "From Milroy Walk, South Bank to St. Martin's Street, West End"
"LINESTRING (-0.167894 51.493184,-0.129697 51.509087", "From Sloane Avenue, Knightsbridge to St. Martin's Street, West End"
"LINESTRING (-0.158264 51.514577,-0.129697 51.509087", "From Old Quebec Street, Marylebone to St. Martin's Street, West End"
"LINESTRING (-0.145393 51.542138,-0.129697 51.509087", "From Castlehaven Road, Camden Town to St. Martin's Street, West End"
"LINESTRING (-0.145393 51.542138,-0.129697 51.509087", "From Castlehaven Road, Camden Town to St. Martin's Street, West End"
"LINESTRING (-0.124642 51.481747,-0.129697 51.509087", "From South Lambeth Road, Vauxhall to St. Martin's Street, West End"
"LINESTRING (-0.099981 51.532661,-0.099981 51.532661", "From Graham Street, Angel to Graham Street, Angel"
"LINESTRING (-0.09885 51.515418,-0.099981 51.532661", "From Newgate Street , St. Paul's to Graham Street, Angel"
"LINESTRING (-0.102757 51.536384,-0.099981 51.532661", "From Islington Green, Angel to Graham Street, Angel"
"LINESTRING (-0.085634 51.520962,-0.099981 51.532661", "From Finsbury Square , Moorgate to Graham Street, Angel"
"LINESTRING (-0.08249 51.53558,-0.099981 51.532661", "From Pitfield Street North,Hoxton to Graham Street, Angel"
"LINESTRING (-0.10454 51.505461,-0.099981 51.532661", "From Blackfriars Road, Southwark to Graham Street, Angel"
"LINESTRING (-0.116628 51.500089,-0.099981 51.532661", "From Lambeth Palace Road, Waterloo to Graham Street, Angel"
"LINESTRING (-0.099994 51.522853,-0.099981 51.532661", "From Berry Street, Clerkenwell to Graham Street, Angel"
"LINESTRING (-0.078505 51.53095,-0.099981 51.532661", "From Falkirk Street, Hoxton to Graham Street, Angel"
"LINESTRING (-0.11548 51.528915,-0.099981 51.532661", "From Great Percy Street, Clerkenwell to Graham Street, Angel"
"LINESTRING (-0.099489 51.524868,-0.099981 51.532661", "From Sadlers Sports Centre, Finsbury to Graham Street, Angel"
"LINESTRING (-0.147203 51.515308,-0.099981 51.532661", "From Chapel Place, Marylebone to Graham Street, Angel"
"LINESTRING (-0.060291 51.535716,-0.099981 51.532661", "From Ada Street, Hackney Central to Graham Street, Angel"
"LINESTRING (-0.093421 51.529154,-0.099981 51.532661", "From Windsor Terrace, Hoxton to Graham Street, Angel"
"LINESTRING (-0.083493 51.520955,-0.099981 51.532661", "From Pindar Street, Liverpool Street to Graham Street, Angel"
"LINESTRING (-0.090847 51.525893,-0.099981 51.532661", "From Bath Street, St. Luke's to Graham Street, Angel"
"LINESTRING (-0.09294 51.511553,-0.099981 51.532661", "From Queen Street 1, Bank to Graham Street, Angel"
"LINESTRING (-0.079608 51.521668,-0.099981 51.532661", "From Worship Street, Shoreditch to Graham Street, Angel"
"LINESTRING (-0.114605 51.495656,-0.099981 51.532661", "From Sail Street, Vauxhall to Graham Street, Angel"
"LINESTRING (-0.106992 51.534504,-0.099981 51.532661", "From Liverpool Road (N1 Centre), Angel to Graham Street, Angel"
"LINESTRING (-0.07813 51.526377,-0.099981 51.532661", "From Shoreditch High Street, Shoreditch to Graham Street, Angel"
"LINESTRING (-0.128279 51.5293,-0.099981 51.532661", "From Ossulston Street, Somers Town to Graham Street, Angel"
"LINESTRING (-0.111778 51.515937,-0.099981 51.532661", "From Breams Buildings, Holborn to Graham Street, Angel"
"LINESTRING (-0.079249 51.518908,-0.085603 51.53095", "From Brushfield Street, Liverpool Street to New North Road 1, Hoxton"
"LINESTRING (-0.093421 51.529154,-0.085603 51.53095", "From Windsor Terrace, Hoxton to New North Road 1, Hoxton"
"LINESTRING (-0.062546 51.535678,-0.085603 51.53095", "From Regent's Row , Haggerston to New North Road 1, Hoxton"
"LINESTRING (-0.106992 51.534504,-0.085603 51.53095", "From Liverpool Road (N1 Centre), Angel to New North Road 1, Hoxton"
"LINESTRING (-0.083353 51.529537,-0.085603 51.53095", "From Fanshaw Street, Hoxton to New North Road 1, Hoxton"
"LINESTRING (-0.062546 51.535678,-0.085603 51.53095", "From Regent's Row , Haggerston to New North Road 1, Hoxton"
"LINESTRING (-0.058826 51.54119,-0.085603 51.53095", "From London Fields, Hackney Central to New North Road 1, Hoxton"
"LINESTRING (-0.074431 51.519362,-0.085603 51.53095", "From Fournier Street, Whitechapel to New North Road 1, Hoxton"
"LINESTRING (-0.106992 51.534504,-0.085603 51.53095", "From Liverpool Road (N1 Centre), Angel to New North Road 1, Hoxton"
"LINESTRING (-0.100168 51.530344,-0.085603 51.53095", "From City Road, Angel to New North Road 1, Hoxton"
"LINESTRING (-0.074754 51.523648,-0.085603 51.53095", "From Bethnal Green Road, Shoreditch to New North Road 1, Hoxton"
"LINESTRING (-0.089887 51.520858,-0.085603 51.53095", "From Bunhill Row, Moorgate to New North Road 1, Hoxton"
"LINESTRING (-0.062546 51.535678,-0.086016 51.53114", "From Regent's Row , Haggerston to New North Road 2, Hoxton"
"LINESTRING (-0.065076 51.52388,-0.086016 51.53114", "From Cheshire Street, Bethnal Green to New North Road 2, Hoxton"
"LINESTRING (-0.07813 51.526377,-0.086016 51.53114", "From Shoreditch High Street, Shoreditch to New North Road 2, Hoxton"
"LINESTRING (-0.075375 51.528187,-0.086016 51.53114", "From Columbia Road, Shoreditch to New North Road 2, Hoxton"
"LINESTRING (-0.055656 51.514222,-0.086016 51.53114", "From Watney Market, Stepney to New North Road 2, Hoxton"
"LINESTRING (-0.066078 51.514924,-0.086016 51.53114", "From LMU Commercial Road, Whitechapel to New North Road 2, Hoxton"
"LINESTRING (-0.071653 51.522617,-0.086016 51.53114", "From Brick Lane Market, Shoreditch to New North Road 2, Hoxton"
"LINESTRING (-0.175116 51.523353,-0.160854 51.535892", "From Frampton Street, Paddington to Prince Albert Road, The Regent's Park"
"LINESTRING (-0.149004 51.485821,-0.160854 51.535892", "From Chelsea Bridge, Pimlico to Prince Albert Road, The Regent's Park"
"LINESTRING (-0.150666 51.506864,-0.160854 51.535892", "From Stanhope Gate, Mayfair to Prince Albert Road, The Regent's Park"
"LINESTRING (-0.089887 51.520858,-0.160854 51.535892", "From Bunhill Row, Moorgate to Prince Albert Road, The Regent's Park"
"LINESTRING (-0.128377 51.523673,-0.160854 51.535892", "From Bedford Way, Bloomsbury to Prince Albert Road, The Regent's Park"
"LINESTRING (-0.151926 51.516814,-0.160854 51.535892", "From Hinde Street, Marylebone to Prince Albert Road, The Regent's Park"
"LINESTRING (-0.127554 51.493978,-0.160854 51.535892", "From Page Street, Westminster to Prince Albert Road, The Regent's Park"
"LINESTRING (-0.138853 51.541603,-0.160854 51.535892", "From Bonny Street, Camden Town to Prince Albert Road, The Regent's Park"
"LINESTRING (-0.17219 51.526448,-0.160854 51.535892", "From Lisson Grove, St. John's Wood to Prince Albert Road, The Regent's Park"
"LINESTRING (-0.147154 51.537349,-0.160854 51.535892", "From Gloucester Avenue, Camden Town to Prince Albert Road, The Regent's Park"
"LINESTRING (-0.145211 51.520715,-0.160854 51.535892", "From Portland Place, Marylebone to Prince Albert Road, The Regent's Park"
"LINESTRING (-0.158963 51.524517,-0.160854 51.535892", "From Park Road (Baker Street), The Regent's Park to Prince Albert Road, The Regent's Park"
"LINESTRING (-0.142943 51.496863,-0.179135 51.516417", "From Allington Street, Victoria to Eastbourne Mews, Paddington"
"LINESTRING (-0.141423 51.514499,-0.179135 51.516417", "From Little Argyll Street, West End to Eastbourne Mews, Paddington"
"LINESTRING (-0.158105 51.494645,-0.179135 51.516417", "From Cadogan Place, Knightsbridge to Eastbourne Mews, Paddington"
"LINESTRING (-0.150905 51.496544,-0.179135 51.516417", "From Eaton Square, Belgravia to Eastbourne Mews, Paddington"
"LINESTRING (-0.148105 51.514759,-0.179135 51.516417", "From Marylebone Lane, Marylebone to Eastbourne Mews, Paddington"
"LINESTRING (-0.182435 51.478169,-0.179135 51.516417", "From Upcerne Road, West Chelsea to Eastbourne Mews, Paddington"
"LINESTRING (-0.151126 51.510919,-0.179135 51.516417", "From Millennium Hotel, Mayfair to Eastbourne Mews, Paddington"
"LINESTRING (-0.100292 51.501732,-0.179135 51.516417", "From Great Suffolk Street, The Borough to Eastbourne Mews, Paddington"
"LINESTRING (-0.174554 51.499917,-0.179135 51.516417", "From Exhibition Road, Knightsbridge to Eastbourne Mews, Paddington"
"LINESTRING (-0.191462 51.501364,-0.179135 51.516417", "From Derry Street, Kensington to Eastbourne Mews, Paddington"
"LINESTRING (-0.161113 51.522596,-0.179135 51.516417", "From Dorset Square, Marylebone to Eastbourne Mews, Paddington"
"LINESTRING (-0.127554 51.493978,-0.179135 51.516417", "From Page Street, Westminster to Eastbourne Mews, Paddington"
"LINESTRING (-0.171681 51.522892,-0.179135 51.516417", "From Penfold Street, Marylebone to Eastbourne Mews, Paddington"
"LINESTRING (-0.156876 51.49313,-0.179135 51.516417", "From Sedding Street, Sloane Square to Eastbourne Mews, Paddington"
"LINESTRING (-0.193764 51.508605,-0.179135 51.516417", "From Palace Gardens Terrace, Notting Hill to Eastbourne Mews, Paddington"
"LINESTRING (-0.171103 51.518268,-0.179135 51.516417", "From St Mary's Hospital, Paddington to Eastbourne Mews, Paddington"
"LINESTRING (-0.171103 51.518268,-0.179135 51.516417", "From St Mary's Hospital, Paddington to Eastbourne Mews, Paddington"
"LINESTRING (-0.18697 51.51616,-0.179135 51.516417", "From Bishop's Bridge Road West, Bayswater to Eastbourne Mews, Paddington"
"LINESTRING (-0.18697 51.51616,-0.179135 51.516417", "From Bishop's Bridge Road West, Bayswater to Eastbourne Mews, Paddington"
"LINESTRING (-0.153645 51.512911,-0.179135 51.516417", "From North Audley Street, Mayfair to Eastbourne Mews, Paddington"
"LINESTRING (-0.191462 51.501364,-0.179135 51.516417", "From Derry Street, Kensington to Eastbourne Mews, Paddington"
"LINESTRING (-0.204764 51.519042,-0.179135 51.516417", "From All Saints' Road, Portobello to Eastbourne Mews, Paddington"
"LINESTRING (-0.172528 51.533043,-0.179135 51.516417", "From Wellington Road, St. John's Wood to Eastbourne Mews, Paddington"
"LINESTRING (-0.131961 51.508446,-0.179135 51.516417", "From Charles II Street, West End to Eastbourne Mews, Paddington"
"LINESTRING (-0.19096 51.51244,-0.179135 51.516417", "From Ilchester Gardens, Bayswater to Eastbourne Mews, Paddington"
"LINESTRING (-0.18697 51.51616,-0.179135 51.516417", "From Bishop's Bridge Road West, Bayswater to Eastbourne Mews, Paddington"
"LINESTRING (-0.18697 51.51616,-0.179135 51.516417", "From Bishop's Bridge Road West, Bayswater to Eastbourne Mews, Paddington"
"LINESTRING (-0.207842 51.471079,-0.179135 51.516417", "From Elysium Place, Fulham to Eastbourne Mews, Paddington"
"LINESTRING (-0.141423 51.514499,-0.179135 51.516417", "From Little Argyll Street, West End to Eastbourne Mews, Paddington"
"LINESTRING (-0.158264 51.514577,-0.179135 51.516417", "From Old Quebec Street, Marylebone to Eastbourne Mews, Paddington"
"LINESTRING (-0.213872 51.51687,-0.179135 51.516417", "From St. Mark's Road, North Kensington to Eastbourne Mews, Paddington"
"LINESTRING (-0.117619 51.509943,-0.089887 51.520858", "From Somerset House, Strand to Bunhill Row, Moorgate"
"LINESTRING (-0.083159 51.500889,-0.089887 51.520858", "From Tyers Gate, Bermondsey to Bunhill Row, Moorgate"
"LINESTRING (-0.093421 51.529154,-0.089887 51.520858", "From Windsor Terrace, Hoxton to Bunhill Row, Moorgate"
"LINESTRING (-0.215895 51.476885,-0.089887 51.520858", "From Finlay Street, Fulham to Bunhill Row, Moorgate"
"LINESTRING (-0.104708 51.52326,-0.089887 51.520858", "From Clerkenwell Green, Clerkenwell to Bunhill Row, Moorgate"
"LINESTRING (-0.038775 51.516,-0.089887 51.520858", "From Aston Street, Stepney to Bunhill Row, Moorgate"
"LINESTRING (-0.124469 51.485917,-0.089887 51.520858", "From Vauxhall Cross, Vauxhall to Bunhill Row, Moorgate"
"LINESTRING (-0.075855 51.517475,-0.089887 51.520858", "From Bell Lane, Liverpool Street to Bunhill Row, Moorgate"
"LINESTRING (-0.09308 51.515735,-0.089887 51.520858", "From The Guildhall, Guildhall to Bunhill Row, Moorgate"
"LINESTRING (-0.058631 51.524583,-0.089887 51.520858", "From Finnis Street, Bethnal Green to Bunhill Row, Moorgate"
"LINESTRING (-0.108322 51.510981,-0.089887 51.520858", "From Temple Gardens, Temple to Bunhill Row, Moorgate"
"LINESTRING (-0.113885 51.51165,-0.089887 51.520858", "From Arundel Street to Bunhill Row, Moorgate"
"LINESTRING (-0.093421 51.529154,-0.089887 51.520858", "From Windsor Terrace, Hoxton to Bunhill Row, Moorgate"
"LINESTRING (-0.131213 51.513103,-0.089887 51.520858", "From Frith Street, Soho to Bunhill Row, Moorgate"
"LINESTRING (-0.042744 51.530326,-0.089887 51.520858", "From Twig Folly Bridge, Mile End to Bunhill Row, Moorgate"
"LINESTRING (-0.088285 51.519069,-0.089887 51.520858", "From Moorfields, Moorgate to Bunhill Row, Moorgate"
"LINESTRING (-0.102757 51.536384,-0.089887 51.520858", "From Islington Green, Angel to Bunhill Row, Moorgate"
"LINESTRING (-0.074754 51.523648,-0.089887 51.520858", "From Bethnal Green Road, Shoreditch to Bunhill Row, Moorgate"
"LINESTRING (-0.099981 51.532661,-0.089887 51.520858", "From Graham Street, Angel to Bunhill Row, Moorgate"
"LINESTRING (-0.086379 51.534042,-0.089887 51.520858", "From Shoreditch Park, Hoxton to Bunhill Row, Moorgate"
"LINESTRING (-0.108028 51.518825,-0.089887 51.520858", "From Hatton Garden, Holborn to Bunhill Row, Moorgate"
"LINESTRING (-0.074754 51.523648,-0.089887 51.520858", "From Bethnal Green Road, Shoreditch to Bunhill Row, Moorgate"
"LINESTRING (-0.071881 51.534776,-0.089887 51.520858", "From Thurtle Road, Haggerston to Bunhill Row, Moorgate"
"LINESTRING (-0.083159 51.500889,-0.089887 51.520858", "From Tyers Gate, Bermondsey to Bunhill Row, Moorgate"
"LINESTRING (-0.089659 51.52548,-0.089887 51.520858", "From Old Street Station, St. Luke's to Bunhill Row, Moorgate"
"LINESTRING (-0.066078 51.514924,-0.089887 51.520858", "From LMU Commercial Road, Whitechapel to Bunhill Row, Moorgate"
"LINESTRING (-0.102208 51.526153,-0.089887 51.520858", "From Percival Street, Finsbury to Bunhill Row, Moorgate"
"LINESTRING (-0.06555 51.528681,-0.089887 51.520858", "From Durant Street, Bethnal Green to Bunhill Row, Moorgate"
"LINESTRING (-0.099141 51.512484,-0.089887 51.520858", "From Godliman Street, St. Paul's to Bunhill Row, Moorgate"
"LINESTRING (-0.106408 51.530515,-0.089887 51.520858", "From Chadwell Street, Angel to Bunhill Row, Moorgate"
"LINESTRING (-0.083632 51.502153,-0.089887 51.520858", "From Snowsfields, London Bridge to Bunhill Row, Moorgate"
"LINESTRING (-0.069542 51.512363,-0.089887 51.520858", "From Leman Street, Aldgate to Bunhill Row, Moorgate"
"LINESTRING (-0.074754 51.523648,-0.089887 51.520858", "From Bethnal Green Road, Shoreditch to Bunhill Row, Moorgate"
"LINESTRING (-0.093903 51.530991,-0.089887 51.520858", "From Wenlock Road , Hoxton to Bunhill Row, Moorgate"
"LINESTRING (-0.047548 51.528869,-0.089887 51.520858", "From Globe Town Market, Bethnal Green to Bunhill Row, Moorgate"
"LINESTRING (-0.123823 51.501513,-0.089887 51.520858", "From Westminster Pier, Westminster to Bunhill Row, Moorgate"
"LINESTRING (-0.069542 51.512363,-0.089887 51.520858", "From Leman Street, Aldgate to Bunhill Row, Moorgate"
"LINESTRING (-0.090075 51.517842,-0.089887 51.520858", "From Fore Street, Guildhall to Bunhill Row, Moorgate"
"LINESTRING (-0.083353 51.529537,-0.089887 51.520858", "From Fanshaw Street, Hoxton to Bunhill Row, Moorgate"
"LINESTRING (-0.112721 51.536392,-0.089887 51.520858", "From Charlotte Terrace, Angel to Bunhill Row, Moorgate"
"LINESTRING (-0.079249 51.518908,-0.089887 51.520858", "From Brushfield Street, Liverpool Street to Bunhill Row, Moorgate"
"LINESTRING (-0.075855 51.517475,-0.089887 51.520858", "From Bell Lane, Liverpool Street to Bunhill Row, Moorgate"
"LINESTRING (-0.058826 51.54119,-0.089887 51.520858", "From London Fields, Hackney Central to Bunhill Row, Moorgate"
"LINESTRING (-0.090075 51.517842,-0.089887 51.520858", "From Fore Street, Guildhall to Bunhill Row, Moorgate"
"LINESTRING (-0.09315 51.53356,-0.089887 51.520858", "From Eagle Wharf Road, Hoxton to Bunhill Row, Moorgate"
"LINESTRING (-0.093421 51.529154,-0.089887 51.520858", "From Windsor Terrace, Hoxton to Bunhill Row, Moorgate"
"LINESTRING (-0.170194 51.489716,-0.194757 51.493343", "From St. Luke's Church, Chelsea to Nevern Place, Earl's Court"
"LINESTRING (-0.216305 51.483356,-0.194757 51.493343", "From Everington Street, Fulham to Nevern Place, Earl's Court"
"LINESTRING (-0.205876 51.475698,-0.194757 51.493343", "From Chesilton Road, Fulham to Nevern Place, Earl's Court"
"LINESTRING (-0.174554 51.499917,-0.194757 51.493343", "From Exhibition Road, Knightsbridge to Nevern Place, Earl's Court"
"LINESTRING (-0.223868 51.496664,-0.194757 51.493343", "From Little Brook Green, Brook Green to Nevern Place, Earl's Court"
"LINESTRING (-0.183165 51.474665,-0.194757 51.493343", "From Imperial Wharf Station, Sands End to Nevern Place, Earl's Court"
"LINESTRING (-0.2174 51.504038,-0.194757 51.493343", "From Woodstock Grove, Shepherd's Bush to Nevern Place, Earl's Court"
"LINESTRING (-0.199004 51.506584,-0.194757 51.493343", "From Campden Hill Road, Notting Hill to Nevern Place, Earl's Court"
"LINESTRING (-0.142783 51.51196,-0.194757 51.493343", "From St. George Street, Mayfair to Nevern Place, Earl's Court"
"LINESTRING (-0.133201 51.512515,-0.194757 51.493343", "From Wardour Street, Soho to Nevern Place, Earl's Court"
"LINESTRING (-0.191462 51.501364,-0.194757 51.493343", "From Derry Street, Kensington to Nevern Place, Earl's Court"
"LINESTRING (-0.209494 51.498157,-0.193764 51.508605", "From Kensington Olympia Station, Olympia to Palace Gardens Terrace, Notting Hill"
"LINESTRING (-0.17524 51.48902,-0.193764 51.508605", "From South Parade, Chelsea to Palace Gardens Terrace, Notting Hill"
"LINESTRING (-0.183716 51.517932,-0.193764 51.508605", "From Orsett Terrace, Bayswater to Palace Gardens Terrace, Notting Hill"
"LINESTRING (-0.125441 51.541596,-0.193764 51.508605", "From York Way, Kings Cross to Palace Gardens Terrace, Notting Hill"
"LINESTRING (-0.147449 51.509351,-0.193764 51.508605", "From Farm Street, Mayfair to Palace Gardens Terrace, Notting Hill"
"LINESTRING (-0.15823 51.46879,-0.193764 51.508605", "From Holden Street, Battersea to Palace Gardens Terrace, Notting Hill"
"LINESTRING (-0.130699 51.50777,-0.193764 51.508605", "From Pall Mall East, West End to Palace Gardens Terrace, Notting Hill"
"LINESTRING (-0.096496 51.517821,-0.193764 51.508605", "From Museum of London, Barbican to Palace Gardens Terrace, Notting Hill"
"LINESTRING (-0.142943 51.496863,-0.193764 51.508605", "From Allington Street, Victoria to Palace Gardens Terrace, Notting Hill"
"LINESTRING (-0.18498 51.501737,-0.193764 51.508605", "From De Vere Gardens, Kensington to Palace Gardens Terrace, Notting Hill"
"LINESTRING (-0.197574 51.499606,-0.193764 51.508605", "From Phillimore Gardens, Kensington to Palace Gardens Terrace, Notting Hill"
"LINESTRING (-0.142783 51.51196,-0.193764 51.508605", "From St. George Street, Mayfair to Palace Gardens Terrace, Notting Hill"
"LINESTRING (-0.209378 51.489591,-0.193764 51.508605", "From Vereker Road, West Kensington to Palace Gardens Terrace, Notting Hill"
"LINESTRING (-0.115375 51.460232,-0.193764 51.508605", "From Saltoun Road, Brixton to Palace Gardens Terrace, Notting Hill"
"LINESTRING (-0.193487 51.513735,-0.193764 51.508605", "From Hereford Road, Bayswater to Palace Gardens Terrace, Notting Hill"
"LINESTRING (-0.21985 51.493267,-0.193764 51.508605", "From Hammersmith Road, Hammersmith to Palace Gardens Terrace, Notting Hill"
"LINESTRING (-0.165471 51.498884,-0.193764 51.508605", "From Montpelier Street, Knightsbridge to Palace Gardens Terrace, Notting Hill"
"LINESTRING (-0.194392 51.501945,-0.193764 51.508605", "From Kensington Town Hall, Kensington to Palace Gardens Terrace, Notting Hill"
"LINESTRING (-0.174411 51.511933,-0.193764 51.508605", "From Bayswater Road, Hyde Park to Palace Gardens Terrace, Notting Hill"
"LINESTRING (-0.147449 51.509351,-0.193764 51.508605", "From Farm Street, Mayfair to Palace Gardens Terrace, Notting Hill"
"LINESTRING (-0.197574 51.499606,-0.193764 51.508605", "From Phillimore Gardens, Kensington to Palace Gardens Terrace, Notting Hill"
"LINESTRING (-0.205284 51.496712,-0.193764 51.508605", "From Warwick Road, Olympia to Palace Gardens Terrace, Notting Hill"
"LINESTRING (-0.192538 51.504723,-0.193764 51.508605", "From Vicarage Gate, Kensington to Palace Gardens Terrace, Notting Hill"
"LINESTRING (-0.179077 51.495592,-0.193764 51.508605", "From Natural History Museum, South Kensington to Palace Gardens Terrace, Notting Hill"
"LINESTRING (-0.191933 51.495866,-0.193764 51.508605", "From Lexham Gardens, Kensington to Palace Gardens Terrace, Notting Hill"
"LINESTRING (-0.202608 51.51632,-0.193764 51.508605", "From All Saints Church, Portobello to Palace Gardens Terrace, Notting Hill"
"LINESTRING (-0.103604 51.517334,-0.115851 51.505044", "From Snow Hill, Farringdon to Concert Hall Approach 1, South Bank"
"LINESTRING (-0.108068 51.527842,-0.115851 51.505044", "From Hardwick Street, Clerkenwell to Concert Hall Approach 1, South Bank"
"LINESTRING (-0.108322 51.510981,-0.115851 51.505044", "From Temple Gardens, Temple to Concert Hall Approach 1, South Bank"
"LINESTRING (-0.082422 51.516154,-0.115851 51.505044", "From Wormwood Street, Liverpool Street to Concert Hall Approach 1, South Bank"
"LINESTRING (-0.082422 51.516154,-0.115851 51.505044", "From Wormwood Street, Liverpool Street to Concert Hall Approach 1, South Bank"
"LINESTRING (-0.091773 51.504627,-0.115851 51.505044", "From Hop Exchange, The Borough to Concert Hall Approach 1, South Bank"
"LINESTRING (-0.099828 51.493146,-0.115851 51.505044", "From Strata, Elephant & Castle to Concert Hall Approach 1, South Bank"
"LINESTRING (-0.110121 51.488105,-0.115851 51.505044", "From Cleaver Street, Kennington to Concert Hall Approach 1, South Bank"
"LINESTRING (-0.123616 51.529943,-0.115851 51.505044", "From Belgrove Street , King's Cross to Concert Hall Approach 1, South Bank"
"LINESTRING (-0.082422 51.516154,-0.115851 51.505044", "From Wormwood Street, Liverpool Street to Concert Hall Approach 1, South Bank"
"LINESTRING (-0.047784 51.51328,-0.115851 51.505044", "From Albert Gardens, Stepney to Concert Hall Approach 1, South Bank"
"LINESTRING (-0.16716 51.47518,-0.120718 51.511968", "From Surrey Lane, Battersea to Tavistock Street, Covent Garden"
"LINESTRING (-0.111014 51.493686,-0.120718 51.511968", "From Walnut Tree Walk, Vauxhall to Tavistock Street, Covent Garden"
"LINESTRING (-0.088542 51.527025,-0.120718 51.511968", "From Baldwin Street, St. Luke's to Tavistock Street, Covent Garden"
"LINESTRING (-0.120909 51.516128,-0.120718 51.511968", "From Newton Street, Covent Garden to Tavistock Street, Covent Garden"
"LINESTRING (-0.110699 51.501444,-0.120718 51.511968", "From Baylis Road, Waterloo to Tavistock Street, Covent Garden"
"LINESTRING (-0.09885 51.515418,-0.115533 51.504942", "From Newgate Street , St. Paul's to Concert Hall Approach 2, South Bank"
"LINESTRING (-0.139016 51.520994,-0.115533 51.504942", "From Howland Street, Fitzrovia to Concert Hall Approach 2, South Bank"
"LINESTRING (-0.090075 51.517842,-0.115533 51.504942", "From Fore Street, Guildhall to Concert Hall Approach 2, South Bank"
"LINESTRING (-0.147624 51.49395,-0.115533 51.504942", "From Eccleston Place, Victoria to Concert Hall Approach 2, South Bank"
"LINESTRING (-0.062546 51.535678,-0.115533 51.504942", "From Regent's Row , Haggerston to Concert Hall Approach 2, South Bank"
"LINESTRING (-0.093051 51.511246,-0.115533 51.504942", "From Queen Street 2, Bank to Concert Hall Approach 2, South Bank"
"LINESTRING (-0.136123 51.482362,-0.115533 51.504942", "From Riverlight North, Nine Elms to Concert Hall Approach 2, South Bank"
"LINESTRING (-0.103078 51.511934,-0.115533 51.504942", "From Blackfriars Station, St. Paul's to Concert Hall Approach 2, South Bank"
"LINESTRING (-0.131961 51.508446,-0.115533 51.504942", "From Charles II Street, West End to Concert Hall Approach 2, South Bank"
"LINESTRING (-0.131961 51.508446,-0.115533 51.504942", "From Charles II Street, West End to Concert Hall Approach 2, South Bank"
"LINESTRING (-0.104193 51.49605,-0.115533 51.504942", "From Gaywood  Street, Elephant & Castle to Concert Hall Approach 2, South Bank"
"LINESTRING (-0.11934 51.531066,-0.115533 51.504942", "From Northdown Street, King's Cross to Concert Hall Approach 2, South Bank"
"LINESTRING (-0.103078 51.511934,-0.115533 51.504942", "From Blackfriars Station, St. Paul's to Concert Hall Approach 2, South Bank"
"LINESTRING (-0.083935 51.520009,-0.115533 51.504942", "From Sun Street, Liverpool Street to Concert Hall Approach 2, South Bank"
"LINESTRING (-0.099828 51.493146,-0.115533 51.504942", "From Strata, Elephant & Castle to Concert Hall Approach 2, South Bank"
"LINESTRING (-0.139625 51.490962,-0.197524 51.511084", "From Gloucester Street, Pimlico to Pembridge Villas, Notting Hill"
"LINESTRING (-0.202608 51.51632,-0.197524 51.511084", "From All Saints Church, Portobello to Pembridge Villas, Notting Hill"
"LINESTRING (-0.14177 51.479501,-0.197524 51.511084", "From Battersea Park Road, Nine Elms to Pembridge Villas, Notting Hill"
"LINESTRING (-0.208888 51.5212,-0.197524 51.511084", "From Bevington Road West, North Kensington to Pembridge Villas, Notting Hill"
"LINESTRING (-0.197524 51.511084,-0.197524 51.511084", "From Pembridge Villas, Notting Hill to Pembridge Villas, Notting Hill"
"LINESTRING (-0.200838 51.514311,-0.197524 51.511084", "From Turquoise Island, Notting Hill to Pembridge Villas, Notting Hill"
"LINESTRING (-0.17306 51.505014,-0.197524 51.511084", "From Serpentine Car Park, Hyde Park to Pembridge Villas, Notting Hill"
"LINESTRING (-0.222293 51.501594,-0.197524 51.511084", "From Shepherd's Bush Road North, Shepherd's Bush to Pembridge Villas, Notting Hill"
"LINESTRING (-0.185273 51.481765,-0.197524 51.511084", "From Hortensia Road, West Brompton to Pembridge Villas, Notting Hill"
"LINESTRING (-0.144165 51.510736,-0.197524 51.511084", "From Bruton Street, Mayfair to Pembridge Villas, Notting Hill"
"LINESTRING (-0.202608 51.51632,-0.197524 51.511084", "From All Saints Church, Portobello to Pembridge Villas, Notting Hill"
"LINESTRING (-0.202608 51.51632,-0.197524 51.511084", "From All Saints Church, Portobello to Pembridge Villas, Notting Hill"
"LINESTRING (-0.19096 51.51244,-0.197524 51.511084", "From Ilchester Gardens, Bayswater to Pembridge Villas, Notting Hill"
"LINESTRING (-0.197524 51.511084,-0.197524 51.511084", "From Pembridge Villas, Notting Hill to Pembridge Villas, Notting Hill"
"LINESTRING (-0.126874 51.47787,-0.119643 51.511756", "From Hartington Road, Stockwell to Wellington Street , Strand"
"LINESTRING (-0.129925 51.493072,-0.119643 51.511756", "From Vincent Street, Pimlico to Wellington Street , Strand"
"LINESTRING (-0.108657 51.51795,-0.119643 51.511756", "From Holborn Circus, Holborn to Wellington Street , Strand"
"LINESTRING (-0.082989 51.510484,-0.119643 51.511756", "From Great Tower Street, Monument to Wellington Street , Strand"
"LINESTRING (-0.137043 51.511897,-0.119643 51.511756", "From Golden Square, Soho to Wellington Street , Strand"
"LINESTRING (-0.0786 51.500647,-0.119643 51.511756", "From Tanner Street, Bermondsey to Wellington Street , Strand"
"LINESTRING (-0.102091 51.500693,-0.119643 51.511756", "From Webber Street , Southwark to Wellington Street , Strand"
"LINESTRING (-0.142844 51.506613,-0.119643 51.511756", "From Green Park Station, Mayfair to Wellington Street , Strand"
"LINESTRING (-0.142844 51.506613,-0.119643 51.511756", "From Green Park Station, Mayfair to Wellington Street , Strand"
"LINESTRING (-0.074754 51.523648,-0.119643 51.511756", "From Bethnal Green Road, Shoreditch to Wellington Street , Strand"
"LINESTRING (-0.085814 51.495061,-0.119643 51.511756", "From Bricklayers Arms, Borough to Wellington Street , Strand"
"LINESTRING (-0.149569 51.50274,-0.119643 51.511756", "From Wellington Arch, Hyde Park to Wellington Street , Strand"
"LINESTRING (-0.113134 51.483145,-0.119643 51.511756", "From Kennington Oval, Oval to Wellington Street , Strand"
"LINESTRING (-0.123258 51.476149,-0.119643 51.511756", "From Teversham Lane, Stockwell to Wellington Street , Strand"
"LINESTRING (-0.09644 51.507385,-0.119643 51.511756", "From New Globe Walk, Bankside to Wellington Street , Strand"
"LINESTRING (-0.099828 51.493146,-0.119643 51.511756", "From Strata, Elephant & Castle to Wellington Street , Strand"
"LINESTRING (-0.077121 51.511594,-0.119643 51.511756", "From Crosswall, Tower to Wellington Street , Strand"
"LINESTRING (-0.113426 51.503919,-0.119643 51.511756", "From Waterloo Station 2, Waterloo to Wellington Street , Strand"
"LINESTRING (-0.149035 51.481121,-0.119643 51.511756", "From Sopwith Way, Battersea Park to Wellington Street , Strand"
"LINESTRING (-0.165471 51.498884,-0.119643 51.511756", "From Montpelier Street, Knightsbridge to Wellington Street , Strand"
"LINESTRING (-0.082422 51.516154,-0.119643 51.511756", "From Wormwood Street, Liverpool Street to Wellington Street , Strand"
"LINESTRING (-0.098497 51.503688,-0.119643 51.511756", "From Union Street, The Borough to Wellington Street , Strand"
"LINESTRING (-0.113134 51.483145,-0.119643 51.511756", "From Kennington Oval, Oval to Wellington Street , Strand"
"LINESTRING (-0.096496 51.517821,-0.119643 51.511756", "From Museum of London, Barbican to Wellington Street , Strand"
"LINESTRING (-0.082989 51.510484,-0.119643 51.511756", "From Great Tower Street, Monument to Wellington Street , Strand"
"LINESTRING (-0.105344 51.515059,-0.119643 51.511756", "From St. Bride Street, Holborn to Wellington Street , Strand"
"LINESTRING (-0.113426 51.503919,-0.119643 51.511756", "From Waterloo Station 2, Waterloo to Wellington Street , Strand"
"LINESTRING (-0.142943 51.496863,-0.119643 51.511756", "From Allington Street, Victoria to Wellington Street , Strand"
"LINESTRING (-0.113001 51.50486,-0.119643 51.511756", "From Waterloo Road, South Bank to Wellington Street , Strand"
"LINESTRING (-0.115533 51.504942,-0.119643 51.511756", "From Concert Hall Approach 2, South Bank to Wellington Street , Strand"
"LINESTRING (-0.132102 51.498125,-0.119643 51.511756", "From Abbey Orchard Street, Westminster to Wellington Street , Strand"
"LINESTRING (-0.099828 51.493146,-0.119643 51.511756", "From Strata, Elephant & Castle to Wellington Street , Strand"
"LINESTRING (-0.139174 51.533019,-0.119643 51.511756", "From Harrington Square 1, Camden Town to Wellington Street , Strand"
"LINESTRING (-0.110683 51.484788,-0.119643 51.511756", "From Kennington Road Post Office, Oval to Wellington Street , Strand"
"LINESTRING (-0.096191 51.498597,-0.119643 51.511756", "From Harper Road, The Borough to Wellington Street , Strand"
"LINESTRING (-0.153933 51.494561,-0.119643 51.511756", "From Eaton Square (South), Belgravia to Wellington Street , Strand"
"LINESTRING (-0.135478 51.495827,-0.119643 51.511756", "From Rochester Row, Westminster to Wellington Street , Strand"
"LINESTRING (-0.164393 51.516517,-0.119643 51.511756", "From Nutford Place, Marylebone to Wellington Street , Strand"
"LINESTRING (-0.124678 51.51908,-0.119643 51.511756", "From British Museum, Bloomsbury to Wellington Street , Strand"
"LINESTRING (-0.112824 51.503791,-0.119643 51.511756", "From Waterloo Station 3, Waterloo to Wellington Street , Strand"
"LINESTRING (-0.116493 51.477839,-0.119643 51.511756", "From Caldwell Street, Stockwell to Wellington Street , Strand"
"LINESTRING (-0.137043 51.511897,-0.119643 51.511756", "From Golden Square, Soho to Wellington Street , Strand"
"LINESTRING (-0.110699 51.501444,-0.119643 51.511756", "From Baylis Road, Waterloo to Wellington Street , Strand"
"LINESTRING (-0.102996 51.486929,-0.119643 51.511756", "From Doddington Grove, Kennington to Wellington Street , Strand"
"LINESTRING (-0.04915 51.498439,-0.119643 51.511756", "From Canada Water Station, Rotherhithe to Wellington Street , Strand"
"LINESTRING (-0.111014 51.493686,-0.119643 51.511756", "From Walnut Tree Walk, Vauxhall to Wellington Street , Strand"
"LINESTRING (-0.106323 51.490757,-0.119643 51.511756", "From Cotton Garden Estate, Kennington to Wellington Street , Strand"
"LINESTRING (-0.124678 51.51908,-0.119643 51.511756", "From British Museum, Bloomsbury to Wellington Street , Strand"
"LINESTRING (-0.092762 51.500296,-0.119643 51.511756", "From Swan Street, The Borough to Wellington Street , Strand"
"LINESTRING (-0.112824 51.503791,-0.119643 51.511756", "From Waterloo Station 3, Waterloo to Wellington Street , Strand"
"LINESTRING (-0.124469 51.485917,-0.119643 51.511756", "From Vauxhall Cross, Vauxhall to Wellington Street , Strand"
"LINESTRING (-0.058641 51.515256,-0.119643 51.511756", "From Philpot Street, Whitechapel to Wellington Street , Strand"
"LINESTRING (-0.103137 51.506692,-0.119643 51.511756", "From Poured Lines, Bankside to Wellington Street , Strand"
"LINESTRING (-0.103132 51.498744,-0.119643 51.511756", "From LSBU (Borough Road), Elephant & Castle to Wellington Street , Strand"
"LINESTRING (-0.13011 51.513527,-0.119643 51.511756", "From Moor Street, Soho to Wellington Street , Strand"
"LINESTRING (-0.130504 51.526838,-0.119643 51.511756", "From Endsleigh Gardens, Euston to Wellington Street , Strand"
"LINESTRING (-0.069542 51.512363,-0.119643 51.511756", "From Leman Street, Aldgate to Wellington Street , Strand"
"LINESTRING (-0.117122 51.490994,-0.119643 51.511756", "From Black Prince Road, Vauxhall to Wellington Street , Strand"
"LINESTRING (-0.142783 51.51196,-0.119643 51.511756", "From St. George Street, Mayfair to Wellington Street , Strand"
"LINESTRING (-0.120202 51.523346,-0.111781 51.533319", "From Guilford Street , Bloomsbury to Risinghill Street, Angel"
"LINESTRING (-0.062697 51.518154,-0.111781 51.533319", "From New Road 1 , Whitechapel to Risinghill Street, Angel"
"LINESTRING (-0.202759 51.500743,-0.111781 51.533319", "From Ilchester Place, Kensington to Risinghill Street, Angel"
"LINESTRING (-0.118295 51.52728,-0.111781 51.533319", "From Ampton Street , Clerkenwell to Risinghill Street, Angel"
"LINESTRING (-0.153933 51.494561,-0.111781 51.533319", "From Eaton Square (South), Belgravia to Risinghill Street, Angel"
"LINESTRING (-0.058005 51.527152,-0.111781 51.533319", "From Pott Street, Bethnal Green to Risinghill Street, Angel"
"LINESTRING (-0.09315 51.53356,-0.111781 51.533319", "From Eagle Wharf Road, Hoxton to Risinghill Street, Angel"
"LINESTRING (-0.111781 51.533319,-0.111781 51.533319", "From Risinghill Street, Angel to Risinghill Street, Angel"
"LINESTRING (-0.147983 51.519167,-0.111781 51.533319", "From New Cavendish Street, Marylebone to Risinghill Street, Angel"
"LINESTRING (-0.111781 51.533319,-0.111781 51.533319", "From Risinghill Street, Angel to Risinghill Street, Angel"
"LINESTRING (-0.101026 51.528246,-0.111781 51.533319", "From Goswell Road (City Uni), Finsbury to Risinghill Street, Angel"
"LINESTRING (-0.13225 51.528833,-0.111781 51.533319", "From Doric Way , Somers Town to Risinghill Street, Angel"
"LINESTRING (-0.083353 51.529537,-0.087587 51.514441", "From Fanshaw Street, Hoxton to Bank of England Museum, Bank"
"LINESTRING (-0.083353 51.529537,-0.087587 51.514441", "From Fanshaw Street, Hoxton to Bank of England Museum, Bank"
"LINESTRING (-0.100791 51.518218,-0.087587 51.514441", "From West Smithfield Rotunda, Farringdon to Bank of England Museum, Bank"
"LINESTRING (-0.117122 51.490994,-0.087587 51.514441", "From Black Prince Road, Vauxhall to Bank of England Museum, Bank"
"LINESTRING (-0.06555 51.528681,-0.087587 51.514441", "From Durant Street, Bethnal Green to Bank of England Museum, Bank"
"LINESTRING (-0.09644 51.507385,-0.087587 51.514441", "From New Globe Walk, Bankside to Bank of England Museum, Bank"
"LINESTRING (-0.106408 51.530515,-0.087587 51.514441", "From Chadwell Street, Angel to Bank of England Museum, Bank"
"LINESTRING (-0.132845 51.489975,-0.087587 51.514441", "From Rampayne Street, Pimlico to Bank of England Museum, Bank"
"LINESTRING (-0.102208 51.526153,-0.087587 51.514441", "From Percival Street, Finsbury to Bank of England Museum, Bank"
"LINESTRING (-0.113426 51.503919,-0.087587 51.514441", "From Waterloo Station 2, Waterloo to Bank of England Museum, Bank"
"LINESTRING (-0.116493 51.477839,-0.087587 51.514441", "From Caldwell Street, Stockwell to Bank of England Museum, Bank"
"LINESTRING (-0.073537 51.514233,-0.087587 51.514441", "From Braham Street, Aldgate to Bank of England Museum, Bank"
"LINESTRING (-0.020157 51.499041,-0.087587 51.514441", "From Lightermans Road, Millwall to Bank of England Museum, Bank"
"LINESTRING (-0.123616 51.529943,-0.087587 51.514441", "From Belgrove Street , King's Cross to Bank of England Museum, Bank"
"LINESTRING (-0.087587 51.514441,-0.087587 51.514441", "From Bank of England Museum, Bank to Bank of England Museum, Bank"
"LINESTRING (-0.086379 51.534042,-0.087587 51.514441", "From Shoreditch Park, Hoxton to Bank of England Museum, Bank"
"LINESTRING (-0.085814 51.495061,-0.087587 51.514441", "From Bricklayers Arms, Borough to Bank of England Museum, Bank"
"LINESTRING (-0.113426 51.503919,-0.087587 51.514441", "From Waterloo Station 2, Waterloo to Bank of England Museum, Bank"
"LINESTRING (-0.062546 51.535678,-0.087587 51.514441", "From Regent's Row , Haggerston to Bank of England Museum, Bank"
"LINESTRING (-0.096496 51.517821,-0.087587 51.514441", "From Museum of London, Barbican to Bank of England Museum, Bank"
"LINESTRING (-0.118256 51.47659,-0.087587 51.514441", "From Albert Square, Stockwell to Bank of England Museum, Bank"
"LINESTRING (-0.113864 51.504027,-0.087587 51.514441", "From Waterloo Station 1, Waterloo to Bank of England Museum, Bank"
"LINESTRING (-0.102091 51.500693,-0.087587 51.514441", "From Webber Street , Southwark to Bank of England Museum, Bank"
"LINESTRING (-0.104947 51.516785,-0.087587 51.514441", "From Farringdon Street, Holborn to Bank of England Museum, Bank"
"LINESTRING (-0.138212 51.481335,-0.087587 51.514441", "From Riverlight South, Nine Elms to Bank of England Museum, Bank"
"LINESTRING (-0.112824 51.503791,-0.087587 51.514441", "From Waterloo Station 3, Waterloo to Bank of England Museum, Bank"
"LINESTRING (-0.109025 51.534408,-0.087587 51.514441", "From Cloudesley Road, Angel to Bank of England Museum, Bank"
"LINESTRING (-0.108657 51.51795,-0.087587 51.514441", "From Holborn Circus, Holborn to Bank of England Museum, Bank"
"LINESTRING (-0.127575 51.495805,-0.087587 51.514441", "From Smith Square, Westminster to Bank of England Museum, Bank"
"LINESTRING (-0.113426 51.503919,-0.087587 51.514441", "From Waterloo Station 2, Waterloo to Bank of England Museum, Bank"
"LINESTRING (-0.091773 51.504627,-0.087587 51.514441", "From Hop Exchange, The Borough to Bank of England Museum, Bank"
"LINESTRING (-0.073537 51.514233,-0.087587 51.514441", "From Braham Street, Aldgate to Bank of England Museum, Bank"
"LINESTRING (-0.078869 51.521113,-0.087587 51.514441", "From Norton Folgate, Liverpool Street to Bank of England Museum, Bank"
"LINESTRING (-0.073537 51.514233,-0.087587 51.514441", "From Braham Street, Aldgate to Bank of England Museum, Bank"
"LINESTRING (-0.112824 51.503791,-0.087587 51.514441", "From Waterloo Station 3, Waterloo to Bank of England Museum, Bank"
"LINESTRING (-0.068856 51.521776,-0.126021 51.508103", "From Buxton Street 1, Shoreditch to Craven Street, Strand"
"LINESTRING (-0.138089 51.484839,-0.126021 51.508103", "From Claverton Street, Pimlico to Craven Street, Strand"
"LINESTRING (-0.145211 51.520715,-0.126021 51.508103", "From Portland Place, Marylebone to Craven Street, Strand"
"LINESTRING (-0.102996 51.486929,-0.126021 51.508103", "From Doddington Grove, Kennington to Craven Street, Strand"
"LINESTRING (-0.121394 51.493699,-0.126021 51.508103", "From Fire Brigade Pier, Vauxhall to Craven Street, Strand"
"LINESTRING (-0.144165 51.510736,-0.126021 51.508103", "From Bruton Street, Mayfair to Craven Street, Strand"
"LINESTRING (-0.143495 51.509992,-0.126021 51.508103", "From Grafton Street, Mayfair to Craven Street, Strand"
"LINESTRING (-0.077178 51.514449,-0.126021 51.508103", "From Houndsditch, Aldgate to Craven Street, Strand"
"LINESTRING (-0.107987 51.517428,-0.126021 51.508103", "From New Fetter Lane, Holborn to Craven Street, Strand"
"LINESTRING (-0.17021 51.474535,-0.126021 51.508103", "From Orbel Street, Battersea to Craven Street, Strand"
"LINESTRING (-0.15352 51.503117,-0.126021 51.508103", "From Hyde Park Corner, Hyde Park to Craven Street, Strand"
"LINESTRING (-0.101536 51.49217,-0.126021 51.508103", "From Hampton Street, Walworth to Craven Street, Strand"
"LINESTRING (-0.136928 51.493985,-0.126021 51.508103", "From Vincent Square, Westminster to Craven Street, Strand"
"LINESTRING (-0.121394 51.493699,-0.126021 51.508103", "From Fire Brigade Pier, Vauxhall to Craven Street, Strand"
"LINESTRING (-0.121394 51.493699,-0.126021 51.508103", "From Fire Brigade Pier, Vauxhall to Craven Street, Strand"
"LINESTRING (-0.148105 51.514759,-0.126021 51.508103", "From Marylebone Lane, Marylebone to Craven Street, Strand"
"LINESTRING (-0.185296 51.495362,-0.126021 51.508103", "From Emperor's Gate, South Kensington to Craven Street, Strand"
"LINESTRING (-0.147624 51.49395,-0.126021 51.508103", "From Eccleston Place, Victoria to Craven Street, Strand"
"LINESTRING (-0.140947 51.49616,-0.126021 51.508103", "From Ashley Place, Victoria to Craven Street, Strand"
"LINESTRING (-0.191462 51.501364,-0.126021 51.508103", "From Derry Street, Kensington to Craven Street, Strand"
"LINESTRING (-0.143495 51.509992,-0.126021 51.508103", "From Grafton Street, Mayfair to Craven Street, Strand"
"LINESTRING (-0.142783 51.51196,-0.126021 51.508103", "From St. George Street, Mayfair to Craven Street, Strand"
"LINESTRING (-0.142783 51.51196,-0.126021 51.508103", "From St. George Street, Mayfair to Craven Street, Strand"
"LINESTRING (-0.077121 51.511594,-0.126021 51.508103", "From Crosswall, Tower to Craven Street, Strand"
"LINESTRING (-0.142783 51.51196,-0.126021 51.508103", "From St. George Street, Mayfair to Craven Street, Strand"
"LINESTRING (-0.21186 51.483217,-0.126021 51.508103", "From Humbolt Road, Fulham to Craven Street, Strand"
"LINESTRING (-0.167894 51.493184,-0.126021 51.508103", "From Sloane Avenue, Knightsbridge to Craven Street, Strand"
"LINESTRING (-0.101536 51.49217,-0.126021 51.508103", "From Hampton Street, Walworth to Craven Street, Strand"
"LINESTRING (-0.17021 51.474535,-0.126021 51.508103", "From Orbel Street, Battersea to Craven Street, Strand"
"LINESTRING (-0.077121 51.511594,-0.126021 51.508103", "From Crosswall, Tower to Craven Street, Strand"
"LINESTRING (-0.111014 51.493686,-0.126021 51.508103", "From Walnut Tree Walk, Vauxhall to Craven Street, Strand"
"LINESTRING (-0.113936 51.500139,-0.126021 51.508103", "From Lower Marsh, Waterloo to Craven Street, Strand"
"LINESTRING (-0.143495 51.509992,-0.126021 51.508103", "From Grafton Street, Mayfair to Craven Street, Strand"
"LINESTRING (-0.195455 51.500401,-0.126021 51.508103", "From Argyll Road, Kensington to Craven Street, Strand"
"LINESTRING (-0.127554 51.493978,-0.126021 51.508103", "From Page Street, Westminster to Craven Street, Strand"
"LINESTRING (-0.09294 51.511553,-0.126021 51.508103", "From Queen Street 1, Bank to Craven Street, Strand"
"LINESTRING (-0.142345 51.510662,-0.126021 51.508103", "From Clifford Street, Mayfair to Craven Street, Strand"
"LINESTRING (-0.120202 51.523346,-0.126021 51.508103", "From Guilford Street , Bloomsbury to Craven Street, Strand"
"LINESTRING (-0.055312 51.52568,-0.126021 51.508103", "From Bethnal Green Garden, Bethnal Green to Craven Street, Strand"
"LINESTRING (-0.141423 51.514499,-0.126021 51.508103", "From Little Argyll Street, West End to Craven Street, Strand"
"LINESTRING (-0.113936 51.500139,-0.126021 51.508103", "From Lower Marsh, Waterloo to Craven Street, Strand"
"LINESTRING (-0.117863 51.515208,-0.126021 51.508103", "From Sardinia Street, Holborn to Craven Street, Strand"
"LINESTRING (-0.135635 51.488226,-0.126021 51.508103", "From St. George's Square, Pimlico to Craven Street, Strand"
"LINESTRING (-0.165164 51.514746,-0.126021 51.508103", "From Porchester Place, Paddington to Craven Street, Strand"
"LINESTRING (-0.197574 51.499606,-0.126021 51.508103", "From Phillimore Gardens, Kensington to Craven Street, Strand"
"LINESTRING (-0.154106 51.517703,-0.126021 51.508103", "From George Street, Marylebone to Craven Street, Strand"
"LINESTRING (-0.158105 51.494645,-0.126021 51.508103", "From Cadogan Place, Knightsbridge to Craven Street, Strand"
"LINESTRING (-0.173715 51.491211,-0.126021 51.508103", "From Sumner Place, South Kensington to Craven Street, Strand"
"LINESTRING (-0.147203 51.515308,-0.126021 51.508103", "From Chapel Place, Marylebone to Craven Street, Strand"
"LINESTRING (-0.067937 51.51793,-0.126021 51.508103", "From Old Montague Street, Whitechapel to Craven Street, Strand"
"LINESTRING (-0.179135 51.516417,-0.126021 51.508103", "From Eastbourne Mews, Paddington to Craven Street, Strand"
"LINESTRING (-0.123179 51.506543,-0.126021 51.508103", "From Whitehall Place, Strand to Craven Street, Strand"
"LINESTRING (-0.183846 51.523344,-0.150181 51.536922", "From Warwick Avenue Station, Maida Vale to London Zoo Car Park, The Regent's Park"
"LINESTRING (-0.117863 51.515208,-0.150181 51.536922", "From Sardinia Street, Holborn to London Zoo Car Park, The Regent's Park"
"LINESTRING (-0.138072 51.517344,-0.150181 51.536922", "From Wells Street, Fitzrovia to London Zoo Car Park, The Regent's Park"
"LINESTRING (-0.183846 51.523344,-0.150181 51.536922", "From Warwick Avenue Station, Maida Vale to London Zoo Car Park, The Regent's Park"
"LINESTRING (-0.130431 51.52168,-0.150181 51.536922", "From Malet Street, Bloomsbury to London Zoo Car Park, The Regent's Park"
"LINESTRING (-0.191351 51.513489,-0.150181 51.536922", "From Princes Square, Bayswater to London Zoo Car Park, The Regent's Park"
"LINESTRING (-0.158963 51.524517,-0.150181 51.536922", "From Park Road (Baker Street), The Regent's Park to London Zoo Car Park, The Regent's Park"
"LINESTRING (-0.128377 51.523673,-0.150181 51.536922", "From Bedford Way, Bloomsbury to London Zoo Car Park, The Regent's Park"
"LINESTRING (-0.126409 51.524,-0.150181 51.536922", "From Coram Street, Bloomsbury to London Zoo Car Park, The Regent's Park"
"LINESTRING (-0.150181 51.536922,-0.150181 51.536922", "From London Zoo Car Park, The Regent's Park to London Zoo Car Park, The Regent's Park"
"LINESTRING (-0.183846 51.523344,-0.150181 51.536922", "From Warwick Avenue Station, Maida Vale to London Zoo Car Park, The Regent's Park"
"LINESTRING (-0.109025 51.534408,-0.101026 51.528246", "From Cloudesley Road, Angel to Goswell Road (City Uni), Finsbury"
"LINESTRING (-0.147203 51.515308,-0.101026 51.528246", "From Chapel Place, Marylebone to Goswell Road (City Uni), Finsbury"
"LINESTRING (-0.094934 51.522954,-0.101026 51.528246", "From Roscoe Street, St. Luke's to Goswell Road (City Uni), Finsbury"
"LINESTRING (-0.092176 51.520044,-0.101026 51.528246", "From Barbican Centre, Barbican to Goswell Road (City Uni), Finsbury"
"LINESTRING (-0.122219 51.51477,-0.101026 51.528246", "From Drury Lane, Covent Garden to Goswell Road (City Uni), Finsbury"
"LINESTRING (-0.067937 51.51793,-0.101026 51.528246", "From Old Montague Street, Whitechapel to Goswell Road (City Uni), Finsbury"
"LINESTRING (-0.089887 51.520858,-0.101026 51.528246", "From Bunhill Row, Moorgate to Goswell Road (City Uni), Finsbury"
"LINESTRING (-0.12335 51.51746,-0.101026 51.528246", "From Bury Place, Holborn to Goswell Road (City Uni), Finsbury"
"LINESTRING (-0.100791 51.518218,-0.101026 51.528246", "From West Smithfield Rotunda, Farringdon to Goswell Road (City Uni), Finsbury"
"LINESTRING (-0.070329 51.539083,-0.101026 51.528246", "From Shoreditch Court, Haggerston to Goswell Road (City Uni), Finsbury"
"LINESTRING (-0.179702 51.499428,-0.166878 51.488023", "From Imperial College, Knightsbridge to Flood Street, Chelsea"
"LINESTRING (-0.139956 51.493573,-0.166878 51.488023", "From Queen Mother Sports Centre, Victoria to Flood Street, Chelsea"
"LINESTRING (-0.147624 51.49395,-0.166878 51.488023", "From Eccleston Place, Victoria to Flood Street, Chelsea"
"LINESTRING (-0.19617 51.490853,-0.166878 51.488023", "From Trebovir Road, Earl's Court to Flood Street, Chelsea"
"LINESTRING (-0.161203 51.496886,-0.166878 51.488023", "From Pont Street, Knightsbridge to Flood Street, Chelsea"
"LINESTRING (-0.190603 51.493631,-0.166878 51.488023", "From Knaresborough Place, Earl's Court to Flood Street, Chelsea"
"LINESTRING (-0.191722 51.461083,-0.166878 51.488023", "From Smugglers Way, Wandsworth to Flood Street, Chelsea"
"LINESTRING (-0.167894 51.493184,-0.166878 51.488023", "From Sloane Avenue, Knightsbridge to Flood Street, Chelsea"
"LINESTRING (-0.167894 51.493184,-0.166878 51.488023", "From Sloane Avenue, Knightsbridge to Flood Street, Chelsea"
"LINESTRING (-0.16375 51.465064,-0.166878 51.488023", "From Dorothy Road, Clapham Junction to Flood Street, Chelsea"
"LINESTRING (-0.158105 51.494645,-0.166878 51.488023", "From Cadogan Place, Knightsbridge to Flood Street, Chelsea"
"LINESTRING (-0.161203 51.496886,-0.166878 51.488023", "From Pont Street, Knightsbridge to Flood Street, Chelsea"
"LINESTRING (-0.170703 51.470847,-0.166878 51.488023", "From Simpson Street, Clapham Junction to Flood Street, Chelsea"
"LINESTRING (-0.149186 51.490491,-0.166878 51.488023", "From Ebury Bridge, Pimlico to Flood Street, Chelsea"
"LINESTRING (-0.149551 51.477619,-0.166878 51.488023", "From Queen's Circus, Battersea Park to Flood Street, Chelsea"
"LINESTRING (-0.192165 51.457529,-0.166878 51.488023", "From Ram Street, Wandsworth to Flood Street, Chelsea"
"LINESTRING (-0.149186 51.490491,-0.166878 51.488023", "From Ebury Bridge, Pimlico to Flood Street, Chelsea"
"LINESTRING (-0.138364 51.492111,-0.166878 51.488023", "From Tachbrook Street, Victoria to Flood Street, Chelsea"
"LINESTRING (-0.172078 51.482567,-0.166878 51.488023", "From Danvers Street, West Chelsea to Flood Street, Chelsea"
"LINESTRING (-0.161203 51.496886,-0.166878 51.488023", "From Pont Street, Knightsbridge to Flood Street, Chelsea"
"LINESTRING (-0.123616 51.529943,-0.166878 51.488023", "From Belgrove Street , King's Cross to Flood Street, Chelsea"
"LINESTRING (-0.187404 51.487958,-0.166878 51.488023", "From Harcourt Terrace, West Brompton to Flood Street, Chelsea"
"LINESTRING (-0.174554 51.499917,-0.166878 51.488023", "From Exhibition Road, Knightsbridge to Flood Street, Chelsea"
"LINESTRING (-0.205876 51.475698,-0.166878 51.488023", "From Chesilton Road, Fulham to Flood Street, Chelsea"
"LINESTRING (-0.183165 51.474665,-0.166878 51.488023", "From Imperial Wharf Station, Sands End to Flood Street, Chelsea"
"LINESTRING (-0.156876 51.49313,-0.166878 51.488023", "From Sedding Street, Sloane Square to Flood Street, Chelsea"
"LINESTRING (-0.190393 51.490163,-0.166878 51.488023", "From Bramham Gardens, Earl's Court to Flood Street, Chelsea"
"LINESTRING (-0.14296 51.497998,-0.166878 51.488023", "From Warwick Row, Westminster to Flood Street, Chelsea"
"LINESTRING (-0.154701 51.520583,-0.166878 51.488023", "From Paddington Street, Marylebone to Flood Street, Chelsea"
"LINESTRING (-0.173757 51.496471,-0.166878 51.488023", "From Exhibition Road Museums 1, South Kensington to Flood Street, Chelsea"
"LINESTRING (-0.174971 51.485121,-0.166878 51.488023", "From The Vale, Chelsea to Flood Street, Chelsea"
"LINESTRING (-0.170329 51.477684,-0.166878 51.488023", "From Westbridge Road, Battersea to Flood Street, Chelsea"
"LINESTRING (-0.187404 51.487958,-0.166878 51.488023", "From Harcourt Terrace, West Brompton to Flood Street, Chelsea"
"LINESTRING (-0.16716 51.47518,-0.166878 51.488023", "From Surrey Lane, Battersea to Flood Street, Chelsea"
"LINESTRING (-0.157788 51.465123,-0.166878 51.488023", "From Sugden Road, Clapham to Flood Street, Chelsea"
"LINESTRING (-0.164786 51.477292,-0.166878 51.488023", "From Ethelburga Estate, Battersea Park to Flood Street, Chelsea"
"LINESTRING (-0.157788 51.465123,-0.166878 51.488023", "From Sugden Road, Clapham to Flood Street, Chelsea"
"LINESTRING (-0.134621 51.507424,-0.166878 51.488023", "From St. James's Square, St. James's to Flood Street, Chelsea"
"LINESTRING (-0.164786 51.477292,-0.166878 51.488023", "From Ethelburga Estate, Battersea Park to Flood Street, Chelsea"
"LINESTRING (-0.150908 51.47505,-0.166878 51.488023", "From Alfreda Street, Battersea Park to Flood Street, Chelsea"
"LINESTRING (-0.168917 51.497056,-0.166878 51.488023", "From Holy Trinity Brompton, Knightsbridge to Flood Street, Chelsea"
"LINESTRING (-0.167894 51.493184,-0.166878 51.488023", "From Sloane Avenue, Knightsbridge to Flood Street, Chelsea"
"LINESTRING (-0.149004 51.485821,-0.166878 51.488023", "From Chelsea Bridge, Pimlico to Flood Street, Chelsea"
"LINESTRING (-0.150908 51.47505,-0.166878 51.488023", "From Alfreda Street, Battersea Park to Flood Street, Chelsea"
"LINESTRING (-0.209378 51.489591,-0.166878 51.488023", "From Vereker Road, West Kensington to Flood Street, Chelsea"
"LINESTRING (-0.169821 51.466633,-0.166878 51.488023", "From Falcon Road, Clapham Junction to Flood Street, Chelsea"
"LINESTRING (-0.159169 51.475153,-0.166878 51.488023", "From Prince of Wales Drive, Battersea Park to Flood Street, Chelsea"
"LINESTRING (-0.166878 51.488023,-0.166878 51.488023", "From Flood Street, Chelsea to Flood Street, Chelsea"
"LINESTRING (-0.161203 51.496886,-0.166878 51.488023", "From Pont Street, Knightsbridge to Flood Street, Chelsea"
"LINESTRING (-0.140741 51.488057,-0.166878 51.488023", "From Alderney Street, Pimlico to Flood Street, Chelsea"
"LINESTRING (-0.156876 51.49313,-0.166878 51.488023", "From Sedding Street, Sloane Square to Flood Street, Chelsea"
"LINESTRING (-0.157788 51.465123,-0.166878 51.488023", "From Sugden Road, Clapham to Flood Street, Chelsea"
"LINESTRING (-0.147449 51.509351,-0.166878 51.488023", "From Farm Street, Mayfair to Flood Street, Chelsea"
"LINESTRING (-0.150481 51.51217,-0.166878 51.488023", "From Grosvenor Square, Mayfair to Flood Street, Chelsea"
"LINESTRING (-0.222456 51.488144,-0.166878 51.488023", "From Beryl Road, Hammersmith to Flood Street, Chelsea"
"LINESTRING (-0.165471 51.498884,-0.166878 51.488023", "From Montpelier Street, Knightsbridge to Flood Street, Chelsea"
"LINESTRING (-0.18119 51.485587,-0.113936 51.500139", "From Limerston Street, West Chelsea to Lower Marsh, Waterloo"
"LINESTRING (-0.099141 51.512484,-0.113936 51.500139", "From Godliman Street, St. Paul's to Lower Marsh, Waterloo"
"LINESTRING (-0.171103 51.518268,-0.113936 51.500139", "From St Mary's Hospital, Paddington to Lower Marsh, Waterloo"
"LINESTRING (-0.121394 51.493699,-0.113936 51.500139", "From Fire Brigade Pier, Vauxhall to Lower Marsh, Waterloo"
"LINESTRING (-0.114934 51.49288,-0.113936 51.500139", "From Lollard Street, Vauxhall to Lower Marsh, Waterloo"
"LINESTRING (-0.122806 51.490435,-0.113936 51.500139", "From Albert Embankment, Vauxhall to Lower Marsh, Waterloo"
"LINESTRING (-0.113936 51.500139,-0.113936 51.500139", "From Lower Marsh, Waterloo to Lower Marsh, Waterloo"
"LINESTRING (-0.138072 51.517344,-0.113936 51.500139", "From Wells Street, Fitzrovia to Lower Marsh, Waterloo"
"LINESTRING (-0.053558 51.511066,-0.113936 51.500139", "From Sutton Street, Shadwell to Lower Marsh, Waterloo"
"LINESTRING (-0.098807 51.506725,-0.113936 51.500139", "From Tate Modern, Bankside to Lower Marsh, Waterloo"
"LINESTRING (-0.106823 51.508033,-0.113936 51.500139", "From Sea Containers, South Bank to Lower Marsh, Waterloo"
"LINESTRING (-0.141423 51.514499,-0.113936 51.500139", "From Little Argyll Street, West End to Lower Marsh, Waterloo"
"LINESTRING (-0.10454 51.505461,-0.113936 51.500139", "From Blackfriars Road, Southwark to Lower Marsh, Waterloo"
"LINESTRING (-0.09644 51.507385,-0.113936 51.500139", "From New Globe Walk, Bankside to Lower Marsh, Waterloo"
"LINESTRING (-0.141423 51.514499,-0.113936 51.500139", "From Little Argyll Street, West End to Lower Marsh, Waterloo"
"LINESTRING (-0.138733 51.496753,-0.113936 51.500139", "From Howick Place, Westminster to Lower Marsh, Waterloo"
"LINESTRING (-0.197609 51.483911,-0.150481 51.51217", "From Halford Road, West Kensington to Grosvenor Square, Mayfair"
"LINESTRING (-0.196422 51.509353,-0.150481 51.51217", "From Notting Hill Gate Station, Notting Hill to Grosvenor Square, Mayfair"
"LINESTRING (-0.109256 51.526443,-0.150481 51.51217", "From Tysoe Street, Clerkenwell to Grosvenor Square, Mayfair"
"LINESTRING (-0.147203 51.515308,-0.150481 51.51217", "From Chapel Place, Marylebone to Grosvenor Square, Mayfair"
"LINESTRING (-0.169249 51.515953,-0.150481 51.51217", "From Southwick Street, Paddington to Grosvenor Square, Mayfair"
"LINESTRING (-0.192538 51.504723,-0.150481 51.51217", "From Vicarage Gate, Kensington to Grosvenor Square, Mayfair"
"LINESTRING (-0.137043 51.511897,-0.150481 51.51217", "From Golden Square, Soho to Grosvenor Square, Mayfair"
"LINESTRING (-0.190603 51.493631,-0.150481 51.51217", "From Knaresborough Place, Earl's Court to Grosvenor Square, Mayfair"
"LINESTRING (-0.129925 51.493072,-0.150481 51.51217", "From Vincent Street, Pimlico to Grosvenor Square, Mayfair"
"LINESTRING (-0.097122 51.529423,-0.150481 51.51217", "From Macclesfield Rd, St Lukes to Grosvenor Square, Mayfair"
"LINESTRING (-0.136123 51.482362,-0.150481 51.51217", "From Riverlight North, Nine Elms to Grosvenor Square, Mayfair"
"LINESTRING (-0.176267 51.472876,-0.150481 51.51217", "From Vicarage Crescent, Battersea to Grosvenor Square, Mayfair"
"LINESTRING (-0.113134 51.483145,-0.150481 51.51217", "From Kennington Oval, Oval to Grosvenor Square, Mayfair"
"LINESTRING (-0.142943 51.496863,-0.150481 51.51217", "From Allington Street, Victoria to Grosvenor Square, Mayfair"
"LINESTRING (-0.162298 51.522511,-0.150481 51.51217", "From Boston Place, Marylebone to Grosvenor Square, Mayfair"
"LINESTRING (-0.167894 51.493184,-0.150481 51.51217", "From Sloane Avenue, Knightsbridge to Grosvenor Square, Mayfair"
"LINESTRING (-0.109006 51.521661,-0.150481 51.51217", "From Hatton Wall, Holborn to Grosvenor Square, Mayfair"
"LINESTRING (-0.131961 51.508446,-0.150481 51.51217", "From Charles II Street, West End to Grosvenor Square, Mayfair"
"LINESTRING (-0.158963 51.524517,-0.150481 51.51217", "From Park Road (Baker Street), The Regent's Park to Grosvenor Square, Mayfair"
"LINESTRING (-0.183834 51.497924,-0.150481 51.51217", "From Gloucester Road (North), Kensington to Grosvenor Square, Mayfair"
"LINESTRING (-0.107987 51.517428,-0.150481 51.51217", "From New Fetter Lane, Holborn to Grosvenor Square, Mayfair"
"LINESTRING (-0.207842 51.471079,-0.150481 51.51217", "From Elysium Place, Fulham to Grosvenor Square, Mayfair"
"LINESTRING (-0.161765 51.487964,-0.150481 51.51217", "From Ormonde Gate, Chelsea to Grosvenor Square, Mayfair"
"LINESTRING (-0.158105 51.494645,-0.150481 51.51217", "From Cadogan Place, Knightsbridge to Grosvenor Square, Mayfair"
"LINESTRING (-0.158105 51.494645,-0.150481 51.51217", "From Cadogan Place, Knightsbridge to Grosvenor Square, Mayfair"
"LINESTRING (-0.194757 51.493343,-0.142783 51.51196", "From Nevern Place, Earl's Court to St. George Street, Mayfair"
"LINESTRING (-0.156876 51.49313,-0.142783 51.51196", "From Sedding Street, Sloane Square to St. George Street, Mayfair"
"LINESTRING (-0.142943 51.496863,-0.142783 51.51196", "From Allington Street, Victoria to St. George Street, Mayfair"
"LINESTRING (-0.205284 51.496712,-0.142783 51.51196", "From Warwick Road, Olympia to St. George Street, Mayfair"
"LINESTRING (-0.191496 51.503157,-0.142783 51.51196", "From Kensington Church Street, Kensington to St. George Street, Mayfair"
"LINESTRING (-0.165164 51.514746,-0.142783 51.51196", "From Porchester Place, Paddington to St. George Street, Mayfair"
"LINESTRING (-0.158456 51.502953,-0.142783 51.51196", "From Albert Gate, Hyde Park to St. George Street, Mayfair"
"LINESTRING (-0.162298 51.522511,-0.142783 51.51196", "From Boston Place, Marylebone to St. George Street, Mayfair"
"LINESTRING (-0.176267 51.472876,-0.142783 51.51196", "From Vicarage Crescent, Battersea to St. George Street, Mayfair"
"LINESTRING (-0.124469 51.485917,-0.142783 51.51196", "From Vauxhall Cross, Vauxhall to St. George Street, Mayfair"
"LINESTRING (-0.127854 51.517727,-0.142783 51.51196", "From Great Russell Street, Bloomsbury to St. George Street, Mayfair"
"LINESTRING (-0.134407 51.526236,-0.142783 51.51196", "From Euston Road, Euston to St. George Street, Mayfair"
"LINESTRING (-0.093051 51.511246,-0.142783 51.51196", "From Queen Street 2, Bank to St. George Street, Mayfair"
"LINESTRING (-0.114079 51.522264,-0.142783 51.51196", "From Northington Street , Holborn to St. George Street, Mayfair"
"LINESTRING (-0.103078 51.511934,-0.142783 51.51196", "From Blackfriars Station, St. Paul's to St. George Street, Mayfair"
"LINESTRING (-0.043371 51.518369,-0.142783 51.51196", "From Rectory Square, Stepney to St. George Street, Mayfair"
"LINESTRING (-0.153645 51.512911,-0.142783 51.51196", "From North Audley Street, Mayfair to St. George Street, Mayfair"
"LINESTRING (-0.112432 51.526599,-0.142783 51.51196", "From Margery Street, Clerkenwell to St. George Street, Mayfair"
"LINESTRING (-0.187402 51.51031,-0.142783 51.51196", "From Queensway, Kensington Gardens to St. George Street, Mayfair"
"LINESTRING (-0.146544 51.468669,-0.142783 51.51196", "From Heath Road, Battersea to St. George Street, Mayfair"
"LINESTRING (-0.202038 51.48357,-0.142783 51.51196", "From Coomer Place, West Kensington to St. George Street, Mayfair"
"LINESTRING (-0.158249 51.516892,-0.142783 51.51196", "From George Place Mews, Marylebone to St. George Street, Mayfair"
"LINESTRING (-0.17524 51.48902,-0.142783 51.51196", "From South Parade, Chelsea to St. George Street, Mayfair"
"LINESTRING (-0.15934 51.500241,-0.142783 51.51196", "From Harriet Street, Knightsbridge to St. George Street, Mayfair"
"LINESTRING (-0.149569 51.50274,-0.179854 51.501715", "From Wellington Arch, Hyde Park to Queen's Gate, Kensington Gardens"
"LINESTRING (-0.198286 51.493724,-0.179854 51.501715", "From West Cromwell Road, Earl's Court to Queen's Gate, Kensington Gardens"
"LINESTRING (-0.191462 51.501364,-0.179854 51.501715", "From Derry Street, Kensington to Queen's Gate, Kensington Gardens"
"LINESTRING (-0.121723 51.510701,-0.179854 51.501715", "From Southampton Street, Strand to Queen's Gate, Kensington Gardens"
"LINESTRING (-0.179854 51.501715,-0.179854 51.501715", "From Queen's Gate, Kensington Gardens to Queen's Gate, Kensington Gardens"
"LINESTRING (-0.205284 51.496712,-0.179854 51.501715", "From Warwick Road, Olympia to Queen's Gate, Kensington Gardens"
"LINESTRING (-0.153645 51.512911,-0.179854 51.501715", "From North Audley Street, Mayfair to Queen's Gate, Kensington Gardens"
"LINESTRING (-0.173693 51.495948,-0.179854 51.501715", "From Exhibition Road Museums 2, South Kensington to Queen's Gate, Kensington Gardens"
"LINESTRING (-0.173693 51.495948,-0.179854 51.501715", "From Exhibition Road Museums 2, South Kensington to Queen's Gate, Kensington Gardens"
"LINESTRING (-0.142844 51.506613,-0.179854 51.501715", "From Green Park Station, Mayfair to Queen's Gate, Kensington Gardens"
"LINESTRING (-0.214428 51.486062,-0.179854 51.501715", "From Greyhound Road, Hammersmith to Queen's Gate, Kensington Gardens"
"LINESTRING (-0.149569 51.50274,-0.179854 51.501715", "From Wellington Arch, Hyde Park to Queen's Gate, Kensington Gardens"
"LINESTRING (-0.142943 51.496863,-0.179854 51.501715", "From Allington Street, Victoria to Queen's Gate, Kensington Gardens"
"LINESTRING (-0.197609 51.483911,-0.179854 51.501715", "From Halford Road, West Kensington to Queen's Gate, Kensington Gardens"
"LINESTRING (-0.179854 51.501715,-0.179854 51.501715", "From Queen's Gate, Kensington Gardens to Queen's Gate, Kensington Gardens"
"LINESTRING (-0.206827 51.467601,-0.179854 51.501715", "From Ranelagh Gardens, Fulham to Queen's Gate, Kensington Gardens"
"LINESTRING (-0.158456 51.502953,-0.179854 51.501715", "From Albert Gate, Hyde Park to Queen's Gate, Kensington Gardens"
"LINESTRING (-0.183486 51.529857,-0.179854 51.501715", "From Maida Vale, Maida Vale to Queen's Gate, Kensington Gardens"
"LINESTRING (-0.197609 51.483911,-0.179854 51.501715", "From Halford Road, West Kensington to Queen's Gate, Kensington Gardens"
"LINESTRING (-0.179854 51.501715,-0.179854 51.501715", "From Queen's Gate, Kensington Gardens to Queen's Gate, Kensington Gardens"
"LINESTRING (-0.123823 51.501513,-0.179854 51.501715", "From Westminster Pier, Westminster to Queen's Gate, Kensington Gardens"
"LINESTRING (-0.193068 51.500397,-0.179854 51.501715", "From Wright's Lane, Kensington to Queen's Gate, Kensington Gardens"
"LINESTRING (-0.157275 51.510017,-0.179854 51.501715", "From Park Lane , Hyde Park to Queen's Gate, Kensington Gardens"
"LINESTRING (-0.149569 51.50274,-0.179854 51.501715", "From Wellington Arch, Hyde Park to Queen's Gate, Kensington Gardens"
"LINESTRING (-0.179854 51.501715,-0.179854 51.501715", "From Queen's Gate, Kensington Gardens to Queen's Gate, Kensington Gardens"
"LINESTRING (-0.077178 51.514449,-0.097122 51.529423", "From Houndsditch, Aldgate to Macclesfield Rd, St Lukes"
"LINESTRING (-0.088285 51.519069,-0.097122 51.529423", "From Moorfields, Moorgate to Macclesfield Rd, St Lukes"
"LINESTRING (-0.11548 51.528915,-0.097122 51.529423", "From Great Percy Street, Clerkenwell to Macclesfield Rd, St Lukes"
"LINESTRING (-0.093421 51.529154,-0.097122 51.529423", "From Windsor Terrace, Hoxton to Macclesfield Rd, St Lukes"
"LINESTRING (-0.104708 51.52326,-0.097122 51.529423", "From Clerkenwell Green, Clerkenwell to Macclesfield Rd, St Lukes"
"LINESTRING (-0.069543 51.525645,-0.097122 51.529423", "From Granby Street, Shoreditch to Macclesfield Rd, St Lukes"
"LINESTRING (-0.091773 51.504627,-0.097122 51.529423", "From Hop Exchange, The Borough to Macclesfield Rd, St Lukes"
"LINESTRING (-0.167029 51.460333,-0.097122 51.529423", "From Abyssinia Close, Clapham Junction to Macclesfield Rd, St Lukes"
"LINESTRING (-0.088285 51.519069,-0.097122 51.529423", "From Moorfields, Moorgate to Macclesfield Rd, St Lukes"
"LINESTRING (-0.083935 51.520009,-0.097122 51.529423", "From Sun Street, Liverpool Street to Macclesfield Rd, St Lukes"
"LINESTRING (-0.09734 51.520841,-0.097122 51.529423", "From Aldersgate Street, Barbican to Macclesfield Rd, St Lukes"
"LINESTRING (-0.070133 51.515231,-0.097122 51.529423", "From Central House, Whitechapel to Macclesfield Rd, St Lukes"
"LINESTRING (-0.147983 51.519167,-0.097122 51.529423", "From New Cavendish Street, Marylebone to Macclesfield Rd, St Lukes"
"LINESTRING (-0.087587 51.514441,-0.097122 51.529423", "From Bank of England Museum, Bank to Macclesfield Rd, St Lukes"
"LINESTRING (-0.105596 51.505342,-0.097122 51.529423", "From Colombo Street, Southwark to Macclesfield Rd, St Lukes"
"LINESTRING (-0.087587 51.514441,-0.097122 51.529423", "From Bank of England Museum, Bank to Macclesfield Rd, St Lukes"
"LINESTRING (-0.113426 51.503919,-0.097122 51.529423", "From Waterloo Station 2, Waterloo to Macclesfield Rd, St Lukes"
"LINESTRING (-0.079249 51.518908,-0.097122 51.529423", "From Brushfield Street, Liverpool Street to Macclesfield Rd, St Lukes"
"LINESTRING (-0.112721 51.536392,-0.097122 51.529423", "From Charlotte Terrace, Angel to Macclesfield Rd, St Lukes"
"LINESTRING (-0.106992 51.534504,-0.097122 51.529423", "From Liverpool Road (N1 Centre), Angel to Macclesfield Rd, St Lukes"
"LINESTRING (-0.10548 51.532199,-0.097122 51.529423", "From Torrens Street, Angel to Macclesfield Rd, St Lukes"
"LINESTRING (-0.106992 51.534504,-0.097122 51.529423", "From Liverpool Road (N1 Centre), Angel to Macclesfield Rd, St Lukes"
"LINESTRING (-0.123179 51.506543,-0.116625 51.486965", "From Whitehall Place, Strand to Vauxhall Street, Vauxhall"
"LINESTRING (-0.119022 51.469202,-0.116625 51.486965", "From Sidney Road, Stockwell to Vauxhall Street, Vauxhall"
"LINESTRING (-0.110683 51.484788,-0.116625 51.486965", "From Kennington Road Post Office, Oval to Vauxhall Street, Vauxhall"
"LINESTRING (-0.111435 51.48894,-0.116625 51.486965", "From Kennington Cross, Kennington to Vauxhall Street, Vauxhall"
"LINESTRING (-0.17524 51.48902,-0.116625 51.486965", "From South Parade, Chelsea to Vauxhall Street, Vauxhall"
"LINESTRING (-0.140741 51.488057,-0.116625 51.486965", "From Alderney Street, Pimlico to Vauxhall Street, Vauxhall"
"LINESTRING (-0.115375 51.460232,-0.116625 51.486965", "From Saltoun Road, Brixton to Vauxhall Street, Vauxhall"
"LINESTRING (-0.136123 51.482362,-0.116625 51.486965", "From Riverlight North, Nine Elms to Vauxhall Street, Vauxhall"
"LINESTRING (-0.111435 51.48894,-0.116625 51.486965", "From Kennington Cross, Kennington to Vauxhall Street, Vauxhall"
"LINESTRING (-0.114934 51.49288,-0.116625 51.486965", "From Lollard Street, Vauxhall to Vauxhall Street, Vauxhall"
"LINESTRING (-0.110683 51.484788,-0.116625 51.486965", "From Kennington Road Post Office, Oval to Vauxhall Street, Vauxhall"
"LINESTRING (-0.112031 51.49914,-0.116625 51.486965", "From Lambeth North Station, Waterloo to Vauxhall Street, Vauxhall"
"LINESTRING (-0.103137 51.506692,-0.116625 51.486965", "From Poured Lines, Bankside to Vauxhall Street, Vauxhall"
"LINESTRING (-0.117122 51.490994,-0.116625 51.486965", "From Black Prince Road, Vauxhall to Vauxhall Street, Vauxhall"
"LINESTRING (-0.157788 51.465123,-0.116625 51.486965", "From Sugden Road, Clapham to Vauxhall Street, Vauxhall"
"LINESTRING (-0.112031 51.49914,-0.116625 51.486965", "From Lambeth North Station, Waterloo to Vauxhall Street, Vauxhall"
"LINESTRING (-0.194116 51.479932,-0.116625 51.486965", "From Fulham Broadway, Walham Green to Vauxhall Street, Vauxhall"
"LINESTRING (-0.195777 51.479463,-0.116625 51.486965", "From Erin Close, Walham Green to Vauxhall Street, Vauxhall"
"LINESTRING (-0.135635 51.488226,-0.116625 51.486965", "From St. George's Square, Pimlico to Vauxhall Street, Vauxhall"
"LINESTRING (-0.136928 51.493985,-0.116625 51.486965", "From Vincent Square, Westminster to Vauxhall Street, Vauxhall"
"LINESTRING (-0.135635 51.488226,-0.116625 51.486965", "From St. George's Square, Pimlico to Vauxhall Street, Vauxhall"
"LINESTRING (-0.06111 51.518675,-0.116625 51.486965", "From Royal London Hospital, Whitechapel to Vauxhall Street, Vauxhall"
"LINESTRING (-0.116628 51.500089,-0.116625 51.486965", "From Lambeth Palace Road, Waterloo to Vauxhall Street, Vauxhall"
"LINESTRING (-0.147857 51.477966,-0.134234 51.494591", "From Gas Holders, Battersea Park to Greycoat Street , Westminster"
"LINESTRING (-0.098497 51.503688,-0.134234 51.494591", "From Union Street, The Borough to Greycoat Street , Westminster"
"LINESTRING (-0.171103 51.518268,-0.134234 51.494591", "From St Mary's Hospital, Paddington to Greycoat Street , Westminster"
"LINESTRING (-0.116628 51.500089,-0.134234 51.494591", "From Lambeth Palace Road, Waterloo to Greycoat Street , Westminster"
"LINESTRING (-0.09734 51.520841,-0.134234 51.494591", "From Aldersgate Street, Barbican to Greycoat Street , Westminster"
"LINESTRING (-0.193068 51.500397,-0.134234 51.494591", "From Wright's Lane, Kensington to Greycoat Street , Westminster"
"LINESTRING (-0.153233 51.490959,-0.134234 51.494591", "From Bourne Street, Belgravia to Greycoat Street , Westminster"
"LINESTRING (-0.151359 51.522008,-0.134234 51.494591", "From Beaumont Street, Marylebone to Greycoat Street , Westminster"
"LINESTRING (-0.122831 51.472509,-0.134234 51.494591", "From Binfield Road, Stockwell to Greycoat Street , Westminster"
"LINESTRING (-0.138733 51.496753,-0.134234 51.494591", "From Howick Place, Westminster to Greycoat Street , Westminster"
"LINESTRING (-0.216305 51.483356,-0.134234 51.494591", "From Everington Street, Fulham to Greycoat Street , Westminster"
"LINESTRING (-0.140741 51.488057,-0.134234 51.494591", "From Alderney Street, Pimlico to Greycoat Street , Westminster"
"LINESTRING (-0.140741 51.488057,-0.134234 51.494591", "From Alderney Street, Pimlico to Greycoat Street , Westminster"
"LINESTRING (-0.134621 51.507424,-0.123702 51.506767", "From St. James's Square, St. James's to Northumberland Avenue, Strand"
"LINESTRING (-0.141923 51.489856,-0.123702 51.506767", "From Warwick Square, Pimlico to Northumberland Avenue, Strand"
"LINESTRING (-0.133201 51.512515,-0.123702 51.506767", "From Wardour Street, Soho to Northumberland Avenue, Strand"
"LINESTRING (-0.122759 51.487807,-0.123702 51.506767", "From New Spring Gardens Walk, Vauxhall to Northumberland Avenue, Strand"
"LINESTRING (-0.165471 51.498884,-0.123702 51.506767", "From Montpelier Street, Knightsbridge to Northumberland Avenue, Strand"
"LINESTRING (-0.13151 51.509639,-0.123702 51.506767", "From Panton Street, West End to Northumberland Avenue, Strand"
"LINESTRING (-0.165471 51.498884,-0.123702 51.506767", "From Montpelier Street, Knightsbridge to Northumberland Avenue, Strand"
"LINESTRING (-0.13558 51.513684,-0.123702 51.506767", "From Broadwick Street, Soho to Northumberland Avenue, Strand"
"LINESTRING (-0.1844 51.502042,-0.123702 51.506767", "From Palace Gate, Kensington Gardens to Northumberland Avenue, Strand"
"LINESTRING (-0.124469 51.485917,-0.123702 51.506767", "From Vauxhall Cross, Vauxhall to Northumberland Avenue, Strand"
"LINESTRING (-0.131161 51.52505,-0.123702 51.506767", "From Taviton Street, Bloomsbury to Northumberland Avenue, Strand"
"LINESTRING (-0.149569 51.50274,-0.123702 51.506767", "From Wellington Arch, Hyde Park to Northumberland Avenue, Strand"
"LINESTRING (-0.126874 51.47787,-0.123702 51.506767", "From Hartington Road, Stockwell to Northumberland Avenue, Strand"
"LINESTRING (-0.132224 51.49206,-0.123702 51.506767", "From Regency Street, Westminster to Northumberland Avenue, Strand"
"LINESTRING (-0.10044 51.498898,-0.123702 51.506767", "From Borough Road, Elephant & Castle to Northumberland Avenue, Strand"
"LINESTRING (-0.142943 51.496863,-0.123702 51.506767", "From Allington Street, Victoria to Northumberland Avenue, Strand"
"LINESTRING (-0.102996 51.486929,-0.123702 51.506767", "From Doddington Grove, Kennington to Northumberland Avenue, Strand"
"LINESTRING (-0.116628 51.500089,-0.123702 51.506767", "From Lambeth Palace Road, Waterloo to Northumberland Avenue, Strand"
"LINESTRING (-0.150481 51.51217,-0.123702 51.506767", "From Grosvenor Square, Mayfair to Northumberland Avenue, Strand"
"LINESTRING (-0.15352 51.503117,-0.123702 51.506767", "From Hyde Park Corner, Hyde Park to Northumberland Avenue, Strand"
"LINESTRING (-0.202608 51.51632,-0.123702 51.506767", "From All Saints Church, Portobello to Northumberland Avenue, Strand"
"LINESTRING (-0.165471 51.498884,-0.123702 51.506767", "From Montpelier Street, Knightsbridge to Northumberland Avenue, Strand"
"LINESTRING (-0.15352 51.503117,-0.123702 51.506767", "From Hyde Park Corner, Hyde Park to Northumberland Avenue, Strand"
"LINESTRING (-0.123258 51.476149,-0.139221 51.461388", "From Teversham Lane, Stockwell to Clapham Common Station, Clapham Common"
"LINESTRING (-0.130908 51.464995,-0.139221 51.461388", "From Gauden Road, Clapham to Clapham Common Station, Clapham Common"
"LINESTRING (-0.159322 51.461343,-0.139221 51.461388", "From Clapham Common North Side, Clapham Common to Clapham Common Station, Clapham Common"
"LINESTRING (-0.157788 51.465123,-0.139221 51.461388", "From Sugden Road, Clapham to Clapham Common Station, Clapham Common"
"LINESTRING (-0.124642 51.481747,-0.139221 51.461388", "From South Lambeth Road, Vauxhall to Clapham Common Station, Clapham Common"
"LINESTRING (-0.149035 51.481121,-0.139221 51.461388", "From Sopwith Way, Battersea Park to Clapham Common Station, Clapham Common"
"LINESTRING (-0.159322 51.461343,-0.139221 51.461388", "From Clapham Common North Side, Clapham Common to Clapham Common Station, Clapham Common"
"LINESTRING (-0.13544 51.497829,-0.139221 51.461388", "From Butler Place, Westminster to Clapham Common Station, Clapham Common"
"LINESTRING (-0.170703 51.470847,-0.139221 51.461388", "From Simpson Street, Clapham Junction to Clapham Common Station, Clapham Common"
"LINESTRING (-0.124642 51.481747,-0.139221 51.461388", "From South Lambeth Road, Vauxhall to Clapham Common Station, Clapham Common"
"LINESTRING (-0.146544 51.468669,-0.139221 51.461388", "From Heath Road, Battersea to Clapham Common Station, Clapham Common"
"LINESTRING (-0.110121 51.488105,-0.139221 51.461388", "From Cleaver Street, Kennington to Clapham Common Station, Clapham Common"
"LINESTRING (-0.116493 51.477839,-0.139221 51.461388", "From Caldwell Street, Stockwell to Clapham Common Station, Clapham Common"
"LINESTRING (-0.20624 51.461999,-0.139221 51.461388", "From Putney Bridge Road, East Putney to Clapham Common Station, Clapham Common"
"LINESTRING (-0.115533 51.504942,-0.139221 51.461388", "From Concert Hall Approach 2, South Bank to Clapham Common Station, Clapham Common"
"LINESTRING (-0.130908 51.464995,-0.139221 51.461388", "From Gauden Road, Clapham to Clapham Common Station, Clapham Common"
"LINESTRING (-0.126874 51.47787,-0.139221 51.461388", "From Hartington Road, Stockwell to Clapham Common Station, Clapham Common"
"LINESTRING (-0.15213 51.470475,-0.139221 51.461388", "From Stanley Grove, Battersea to Clapham Common Station, Clapham Common"
"LINESTRING (-0.126874 51.47787,-0.139221 51.461388", "From Hartington Road, Stockwell to Clapham Common Station, Clapham Common"
"LINESTRING (-0.157788 51.465123,-0.139221 51.461388", "From Sugden Road, Clapham to Clapham Common Station, Clapham Common"
"LINESTRING (-0.115851 51.505044,-0.139221 51.461388", "From Concert Hall Approach 1, South Bank to Clapham Common Station, Clapham Common"
"LINESTRING (-0.16375 51.465064,-0.139221 51.461388", "From Dorothy Road, Clapham Junction to Clapham Common Station, Clapham Common"
"LINESTRING (-0.115375 51.460232,-0.139221 51.461388", "From Saltoun Road, Brixton to Clapham Common Station, Clapham Common"
"LINESTRING (-0.112686 51.469217,-0.139221 51.461388", "From Wynne Road, Stockwell to Clapham Common Station, Clapham Common"
"LINESTRING (-0.159322 51.461343,-0.139221 51.461388", "From Clapham Common North Side, Clapham Common to Clapham Common Station, Clapham Common"
"LINESTRING (-0.157788 51.465123,-0.139221 51.461388", "From Sugden Road, Clapham to Clapham Common Station, Clapham Common"
"LINESTRING (-0.16375 51.465064,-0.139221 51.461388", "From Dorothy Road, Clapham Junction to Clapham Common Station, Clapham Common"
"LINESTRING (-0.10527 51.515809,-0.139221 51.461388", "From Stonecutter Street, Holborn to Clapham Common Station, Clapham Common"
"LINESTRING (-0.146544 51.468669,-0.139221 51.461388", "From Heath Road, Battersea to Clapham Common Station, Clapham Common"
"LINESTRING (-0.126874 51.47787,-0.139221 51.461388", "From Hartington Road, Stockwell to Clapham Common Station, Clapham Common"
"LINESTRING (-0.149035 51.481121,-0.139221 51.461388", "From Sopwith Way, Battersea Park to Clapham Common Station, Clapham Common"
"LINESTRING (-0.115375 51.460232,-0.139221 51.461388", "From Saltoun Road, Brixton to Clapham Common Station, Clapham Common"
"LINESTRING (-0.147804 51.461376,-0.139221 51.461388", "From Victoria Rise, Clapham Common to Clapham Common Station, Clapham Common"
"LINESTRING (-0.123823 51.501513,-0.139221 51.461388", "From Westminster Pier, Westminster to Clapham Common Station, Clapham Common"
"LINESTRING (-0.190346 51.46822,-0.139221 51.461388", "From Stephendale Road, Sands End to Clapham Common Station, Clapham Common"
"LINESTRING (-0.148059 51.472865,-0.139221 51.461388", "From Silverthorne Road, Battersea to Clapham Common Station, Clapham Common"
"LINESTRING (-0.115781 51.464019,-0.139221 51.461388", "From Ferndale Road, Brixton to Clapham Common Station, Clapham Common"
"LINESTRING (-0.170703 51.470847,-0.139221 51.461388", "From Simpson Street, Clapham Junction to Clapham Common Station, Clapham Common"
"LINESTRING (-0.161765 51.487964,-0.139221 51.461388", "From Ormonde Gate, Chelsea to Clapham Common Station, Clapham Common"
"LINESTRING (-0.168292 51.462392,-0.139221 51.461388", "From St. John's Road, Clapham Junction to Clapham Common Station, Clapham Common"
"LINESTRING (-0.165297 51.461923,-0.139221 51.461388", "From Limburg Road, Clapham Junction to Clapham Common Station, Clapham Common"
"LINESTRING (-0.14177 51.479501,-0.139221 51.461388", "From Battersea Park Road, Nine Elms to Clapham Common Station, Clapham Common"
"LINESTRING (-0.165297 51.461923,-0.139221 51.461388", "From Limburg Road, Clapham Junction to Clapham Common Station, Clapham Common"
"LINESTRING (-0.102996 51.486929,-0.139221 51.461388", "From Doddington Grove, Kennington to Clapham Common Station, Clapham Common"
"LINESTRING (-0.149551 51.477619,-0.139221 51.461388", "From Queen's Circus, Battersea Park to Clapham Common Station, Clapham Common"
"LINESTRING (-0.139221 51.461388,-0.139221 51.461388", "From Clapham Common Station, Clapham Common to Clapham Common Station, Clapham Common"
"LINESTRING (-0.118256 51.47659,-0.139221 51.461388", "From Albert Square, Stockwell to Clapham Common Station, Clapham Common"
"LINESTRING (-0.110699 51.501444,-0.139221 51.461388", "From Baylis Road, Waterloo to Clapham Common Station, Clapham Common"
"LINESTRING (-0.159322 51.461343,-0.139221 51.461388", "From Clapham Common North Side, Clapham Common to Clapham Common Station, Clapham Common"
"LINESTRING (-0.119022 51.469202,-0.139221 51.461388", "From Sidney Road, Stockwell to Clapham Common Station, Clapham Common"
"LINESTRING (-0.147804 51.461376,-0.139221 51.461388", "From Victoria Rise, Clapham Common to Clapham Common Station, Clapham Common"
"LINESTRING (-0.114934 51.49288,-0.139221 51.461388", "From Lollard Street, Vauxhall to Clapham Common Station, Clapham Common"
"LINESTRING (-0.184806 51.457991,-0.139221 51.461388", "From Alma Road, Wandsworth to Clapham Common Station, Clapham Common"
"LINESTRING (-0.14177 51.479501,-0.139221 51.461388", "From Battersea Park Road, Nine Elms to Clapham Common Station, Clapham Common"
"LINESTRING (-0.081608 51.497855,-0.139221 51.461388", "From Bermondsey Street, Bermondsey to Clapham Common Station, Clapham Common"
"LINESTRING (-0.173029 51.464894,-0.139221 51.461388", "From Grant Road East, Clapham Junction to Clapham Common Station, Clapham Common"
"LINESTRING (-0.139221 51.461388,-0.139221 51.461388", "From Clapham Common Station, Clapham Common to Clapham Common Station, Clapham Common"
"LINESTRING (-0.164786 51.477292,-0.139221 51.461388", "From Ethelburga Estate, Battersea Park to Clapham Common Station, Clapham Common"
"LINESTRING (-0.124642 51.481747,-0.139221 51.461388", "From South Lambeth Road, Vauxhall to Clapham Common Station, Clapham Common"
"LINESTRING (-0.178656 51.501432,-0.173881 51.494412", "From Kensington Gore, Knightsbridge to South Kensington Station, South Kensington"
"LINESTRING (-0.179135 51.516417,-0.173881 51.494412", "From Eastbourne Mews, Paddington to South Kensington Station, South Kensington"
"LINESTRING (-0.184318 51.468819,-0.173881 51.494412", "From William Morris Way, Sands End to South Kensington Station, South Kensington"
"LINESTRING (-0.173757 51.496471,-0.173881 51.494412", "From Exhibition Road Museums 1, South Kensington to South Kensington Station, South Kensington"
"LINESTRING (-0.180274 51.481805,-0.173881 51.494412", "From World's End Place, West Chelsea to South Kensington Station, South Kensington"
"LINESTRING (-0.174554 51.499917,-0.173881 51.494412", "From Exhibition Road, Knightsbridge to South Kensington Station, South Kensington"
"LINESTRING (-0.153463 51.525367,-0.173881 51.494412", "From The Tennis Courts, The Regent's Park to South Kensington Station, South Kensington"
"LINESTRING (-0.17524 51.48902,-0.173881 51.494412", "From South Parade, Chelsea to South Kensington Station, South Kensington"
"LINESTRING (-0.18267 51.494185,-0.173881 51.494412", "From Gloucester Road Station, South Kensington to South Kensington Station, South Kensington"
"LINESTRING (-0.179135 51.516417,-0.173881 51.494412", "From Eastbourne Mews, Paddington to South Kensington Station, South Kensington"
"LINESTRING (-0.185296 51.495362,-0.173881 51.494412", "From Emperor's Gate, South Kensington to South Kensington Station, South Kensington"
"LINESTRING (-0.183118 51.515607,-0.173881 51.494412", "From Cleveland Gardens, Bayswater to South Kensington Station, South Kensington"
"LINESTRING (-0.147804 51.461376,-0.173881 51.494412", "From Victoria Rise, Clapham Common to South Kensington Station, South Kensington"
"LINESTRING (-0.140741 51.488057,-0.173881 51.494412", "From Alderney Street, Pimlico to South Kensington Station, South Kensington"
"LINESTRING (-0.187404 51.487958,-0.173881 51.494412", "From Harcourt Terrace, West Brompton to South Kensington Station, South Kensington"
"LINESTRING (-0.156876 51.49313,-0.173881 51.494412", "From Sedding Street, Sloane Square to South Kensington Station, South Kensington"
"LINESTRING (-0.174554 51.499917,-0.173881 51.494412", "From Exhibition Road, Knightsbridge to South Kensington Station, South Kensington"
"LINESTRING (-0.209973 51.481021,-0.173881 51.494412", "From Aintree Street, Fulham to South Kensington Station, South Kensington"
"LINESTRING (-0.165101 51.493583,-0.173881 51.494412", "From Denyer Street, Knightsbridge to South Kensington Station, South Kensington"
"LINESTRING (-0.165101 51.493583,-0.173881 51.494412", "From Denyer Street, Knightsbridge to South Kensington Station, South Kensington"
"LINESTRING (-0.180791 51.46193,-0.173881 51.494412", "From Nantes Close, Wandsworth to South Kensington Station, South Kensington"
"LINESTRING (-0.174554 51.499917,-0.173881 51.494412", "From Exhibition Road, Knightsbridge to South Kensington Station, South Kensington"
"LINESTRING (-0.183118 51.515607,-0.173881 51.494412", "From Cleveland Gardens, Bayswater to South Kensington Station, South Kensington"
"LINESTRING (-0.099141 51.512484,-0.173881 51.494412", "From Godliman Street, St. Paul's to South Kensington Station, South Kensington"
"LINESTRING (-0.179369 51.487196,-0.173881 51.494412", "From Drayton Gardens, West Chelsea to South Kensington Station, South Kensington"
"LINESTRING (-0.185296 51.495362,-0.173881 51.494412", "From Emperor's Gate, South Kensington to South Kensington Station, South Kensington"
"LINESTRING (-0.15352 51.503117,-0.173881 51.494412", "From Hyde Park Corner, Hyde Park to South Kensington Station, South Kensington"
"LINESTRING (-0.18119 51.485587,-0.173881 51.494412", "From Limerston Street, West Chelsea to South Kensington Station, South Kensington"
"LINESTRING (-0.179135 51.516417,-0.173881 51.494412", "From Eastbourne Mews, Paddington to South Kensington Station, South Kensington"
"LINESTRING (-0.196422 51.509353,-0.173881 51.494412", "From Notting Hill Gate Station, Notting Hill to South Kensington Station, South Kensington"
"LINESTRING (-0.179702 51.499428,-0.173881 51.494412", "From Imperial College, Knightsbridge to South Kensington Station, South Kensington"
"LINESTRING (-0.123179 51.506543,-0.173881 51.494412", "From Whitehall Place, Strand to South Kensington Station, South Kensington"
"LINESTRING (-0.192369 51.491593,-0.173881 51.494412", "From Penywern Road, Earl's Court to South Kensington Station, South Kensington"
"LINESTRING (-0.197245 51.497387,-0.173881 51.494412", "From Abingdon Villas, Kensington to South Kensington Station, South Kensington"
"LINESTRING (-0.167919 51.484984,-0.173881 51.494412", "From Phene Street, Chelsea to South Kensington Station, South Kensington"
"LINESTRING (-0.163347 51.474392,-0.173881 51.494412", "From Albert Bridge Road, Battersea Park to South Kensington Station, South Kensington"
"LINESTRING (-0.215087 51.490217,-0.173881 51.494412", "From Barons Court Station, West Kensington to South Kensington Station, South Kensington"
"LINESTRING (-0.190393 51.490163,-0.173881 51.494412", "From Bramham Gardens, Earl's Court to South Kensington Station, South Kensington"
"LINESTRING (-0.162418 51.490083,-0.173881 51.494412", "From Royal Avenue 2, Chelsea to South Kensington Station, South Kensington"
"LINESTRING (-0.165842 51.522029,-0.173881 51.494412", "From Bell Street , Marylebone to South Kensington Station, South Kensington"
"LINESTRING (-0.219346 51.482944,-0.173881 51.494412", "From Crabtree Lane, Fulham to South Kensington Station, South Kensington"
"LINESTRING (-0.170194 51.489716,-0.173881 51.494412", "From St. Luke's Church, Chelsea to South Kensington Station, South Kensington"
"LINESTRING (-0.126021 51.508103,-0.173881 51.494412", "From Craven Street, Strand to South Kensington Station, South Kensington"
"LINESTRING (-0.172078 51.482567,-0.173881 51.494412", "From Danvers Street, West Chelsea to South Kensington Station, South Kensington"
"LINESTRING (-0.116191 51.535467,-0.173881 51.494412", "From Carnegie Street, King's Cross to South Kensington Station, South Kensington"
"LINESTRING (-0.126994 51.470732,-0.173881 51.494412", "From Clarence Walk, Stockwell to South Kensington Station, South Kensington"
"LINESTRING (-0.201005 51.51787,-0.173881 51.494412", "From Westbourne Park Road, Portobello to South Kensington Station, South Kensington"
"LINESTRING (-0.216305 51.483356,-0.173881 51.494412", "From Everington Street, Fulham to South Kensington Station, South Kensington"
"LINESTRING (-0.170329 51.477684,-0.173881 51.494412", "From Westbridge Road, Battersea to South Kensington Station, South Kensington"
"LINESTRING (-0.191933 51.495866,-0.173881 51.494412", "From Lexham Gardens, Kensington to South Kensington Station, South Kensington"
"LINESTRING (-0.174971 51.485121,-0.173881 51.494412", "From The Vale, Chelsea to South Kensington Station, South Kensington"
"LINESTRING (-0.151926 51.516814,-0.173881 51.494412", "From Hinde Street, Marylebone to South Kensington Station, South Kensington"
"LINESTRING (-0.156876 51.49313,-0.173881 51.494412", "From Sedding Street, Sloane Square to South Kensington Station, South Kensington"
"LINESTRING (-0.190393 51.490163,-0.173881 51.494412", "From Bramham Gardens, Earl's Court to South Kensington Station, South Kensington"
"LINESTRING (-0.16716 51.47518,-0.173881 51.494412", "From Surrey Lane, Battersea to South Kensington Station, South Kensington"
"LINESTRING (-0.18119 51.490945,-0.173881 51.494412", "From Old Brompton Road, South Kensington to South Kensington Station, South Kensington"
"LINESTRING (-0.132053 51.518587,-0.139016 51.520994", "From Bayley Street , Bloomsbury to Howland Street, Fitzrovia"
"LINESTRING (-0.117661 51.482678,-0.139016 51.520994", "From Ashmole Estate, Oval to Howland Street, Fitzrovia"
"LINESTRING (-0.144466 51.528302,-0.139016 51.520994", "From Albany Street, The Regent's Park to Howland Street, Fitzrovia"
"LINESTRING (-0.153463 51.525367,-0.139016 51.520994", "From The Tennis Courts, The Regent's Park to Howland Street, Fitzrovia"
"LINESTRING (-0.104947 51.516785,-0.139016 51.520994", "From Farringdon Street, Holborn to Howland Street, Fitzrovia"
"LINESTRING (-0.116688 51.520596,-0.139016 51.520994", "From Theobald's Road , Holborn to Howland Street, Fitzrovia"
"LINESTRING (-0.123179 51.506543,-0.139016 51.520994", "From Whitehall Place, Strand to Howland Street, Fitzrovia"
"LINESTRING (-0.139174 51.533019,-0.139016 51.520994", "From Harrington Square 1, Camden Town to Howland Street, Fitzrovia"
"LINESTRING (-0.144466 51.528302,-0.139016 51.520994", "From Albany Street, The Regent's Park to Howland Street, Fitzrovia"
"LINESTRING (-0.144228 51.518117,-0.139016 51.520994", "From Broadcasting House, Marylebone to Howland Street, Fitzrovia"
"LINESTRING (-0.139174 51.533019,-0.139016 51.520994", "From Harrington Square 1, Camden Town to Howland Street, Fitzrovia"
"LINESTRING (-0.086685 51.517075,-0.139016 51.520994", "From Finsbury Circus, Liverpool Street to Howland Street, Fitzrovia"
"LINESTRING (-0.164207 51.517372,-0.139016 51.520994", "From Harrowby Street, Marylebone to Howland Street, Fitzrovia"
"LINESTRING (-0.126409 51.524,-0.139016 51.520994", "From Coram Street, Bloomsbury to Howland Street, Fitzrovia"
"LINESTRING (-0.138019 51.524438,-0.139016 51.520994", "From Warren Street Station, Euston to Howland Street, Fitzrovia"
"LINESTRING (-0.118295 51.52728,-0.139016 51.520994", "From Ampton Street , Clerkenwell to Howland Street, Fitzrovia"
"LINESTRING (-0.096317 51.526008,-0.139016 51.520994", "From Finsbury Leisure Centre, St. Luke's to Howland Street, Fitzrovia"
"LINESTRING (-0.133201 51.512515,-0.139016 51.520994", "From Wardour Street, Soho to Howland Street, Fitzrovia"
"LINESTRING (-0.11655 51.51824,-0.139016 51.520994", "From Red Lion Street, Holborn to Howland Street, Fitzrovia"
"LINESTRING (-0.139016 51.520994,-0.139016 51.520994", "From Howland Street, Fitzrovia to Howland Street, Fitzrovia"
"LINESTRING (-0.126409 51.524,-0.139016 51.520994", "From Coram Street, Bloomsbury to Howland Street, Fitzrovia"
"LINESTRING (-0.127854 51.517727,-0.139016 51.520994", "From Great Russell Street, Bloomsbury to Howland Street, Fitzrovia"
"LINESTRING (-0.163667 51.520331,-0.139016 51.520994", "From Seymour Place, Marylebone to Howland Street, Fitzrovia"
"LINESTRING (-0.04915 51.498439,-0.139016 51.520994", "From Canada Water Station, Rotherhithe to Howland Street, Fitzrovia"
"LINESTRING (-0.11934 51.531066,-0.139016 51.520994", "From Northdown Street, King's Cross to Howland Street, Fitzrovia"
"LINESTRING (-0.179702 51.499428,-0.139016 51.520994", "From Imperial College, Knightsbridge to Howland Street, Fitzrovia"
"LINESTRING (-0.135025 51.518162,-0.139016 51.520994", "From Rathbone Street, Fitzrovia to Howland Street, Fitzrovia"
"LINESTRING (-0.111014 51.493686,-0.124826 51.516226", "From Walnut Tree Walk, Vauxhall to High Holborn , Covent Garden"
"LINESTRING (-0.103132 51.498744,-0.124826 51.516226", "From LSBU (Borough Road), Elephant & Castle to High Holborn , Covent Garden"
"LINESTRING (-0.125674 51.491884,-0.124826 51.516226", "From Millbank Tower, Pimlico to High Holborn , Covent Garden"
"LINESTRING (-0.105596 51.505342,-0.124826 51.516226", "From Colombo Street, Southwark to High Holborn , Covent Garden"
"LINESTRING (-0.108657 51.51795,-0.124826 51.516226", "From Holborn Circus, Holborn to High Holborn , Covent Garden"
"LINESTRING (-0.140485 51.519181,-0.124826 51.516226", "From Foley Street, Fitzrovia to High Holborn , Covent Garden"
"LINESTRING (-0.13011 51.513527,-0.124826 51.516226", "From Moor Street, Soho to High Holborn , Covent Garden"
"LINESTRING (-0.074189 51.502279,-0.124826 51.516226", "From Curlew Street, Shad Thames to High Holborn , Covent Garden"
"LINESTRING (-0.145393 51.542138,-0.124826 51.516226", "From Castlehaven Road, Camden Town to High Holborn , Covent Garden"
"LINESTRING (-0.104778 51.504044,-0.124826 51.516226", "From Southwark Station 2, Southwark to High Holborn , Covent Garden"
"LINESTRING (-0.101026 51.528246,-0.124826 51.516226", "From Goswell Road (City Uni), Finsbury to High Holborn , Covent Garden"
"LINESTRING (-0.113426 51.503919,-0.124826 51.516226", "From Waterloo Station 2, Waterloo to High Holborn , Covent Garden"
"LINESTRING (-0.139174 51.533019,-0.124826 51.516226", "From Harrington Square 1, Camden Town to High Holborn , Covent Garden"
"LINESTRING (-0.147478 51.492369,-0.124826 51.516226", "From Elizabeth Bridge, Victoria to High Holborn , Covent Garden"
"LINESTRING (-0.116279 51.524564,-0.124826 51.516226", "From Wren Street, Holborn to High Holborn , Covent Garden"
"LINESTRING (-0.081608 51.497855,-0.124826 51.516226", "From Bermondsey Street, Bermondsey to High Holborn , Covent Garden"
"LINESTRING (-0.139016 51.520994,-0.124826 51.516226", "From Howland Street, Fitzrovia to High Holborn , Covent Garden"
"LINESTRING (-0.142943 51.496863,-0.124826 51.516226", "From Allington Street, Victoria to High Holborn , Covent Garden"
"LINESTRING (-0.09315 51.53356,-0.124826 51.516226", "From Eagle Wharf Road, Hoxton to High Holborn , Covent Garden"
"LINESTRING (-0.113864 51.504027,-0.124826 51.516226", "From Waterloo Station 1, Waterloo to High Holborn , Covent Garden"
"LINESTRING (-0.147478 51.492369,-0.124826 51.516226", "From Elizabeth Bridge, Victoria to High Holborn , Covent Garden"
"LINESTRING (-0.111606 51.505569,-0.124826 51.516226", "From Stamford Street, South Bank to High Holborn , Covent Garden"
"LINESTRING (-0.140485 51.519181,-0.124826 51.516226", "From Foley Street, Fitzrovia to High Holborn , Covent Garden"
"LINESTRING (-0.130458 51.494816,-0.124826 51.516226", "From Horseferry Road, Westminster to High Holborn , Covent Garden"
"LINESTRING (-0.134407 51.526236,-0.124826 51.516226", "From Euston Road, Euston to High Holborn , Covent Garden"
"LINESTRING (-0.086685 51.517075,-0.124826 51.516226", "From Finsbury Circus, Liverpool Street to High Holborn , Covent Garden"
"LINESTRING (-0.134621 51.507424,-0.124826 51.516226", "From St. James's Square, St. James's to High Holborn , Covent Garden"
"LINESTRING (-0.140485 51.519181,-0.124826 51.516226", "From Foley Street, Fitzrovia to High Holborn , Covent Garden"
"LINESTRING (-0.142943 51.496863,-0.124826 51.516226", "From Allington Street, Victoria to High Holborn , Covent Garden"
"LINESTRING (-0.17977 51.51348,-0.124826 51.516226", "From Devonshire Terrace, Bayswater to High Holborn , Covent Garden"
"LINESTRING (-0.081608 51.497855,-0.124826 51.516226", "From Bermondsey Street, Bermondsey to High Holborn , Covent Garden"
"LINESTRING (-0.145904 51.507069,-0.124826 51.516226", "From Curzon Street, Mayfair to High Holborn , Covent Garden"
"LINESTRING (-0.162298 51.522511,-0.124826 51.516226", "From Boston Place, Marylebone to High Holborn , Covent Garden"
"LINESTRING (-0.099828 51.493146,-0.124826 51.516226", "From Strata, Elephant & Castle to High Holborn , Covent Garden"
"LINESTRING (-0.075459 51.509506,-0.124826 51.516226", "From Tower Gardens , Tower to High Holborn , Covent Garden"
"LINESTRING (-0.127554 51.493978,-0.124826 51.516226", "From Page Street, Westminster to High Holborn , Covent Garden"
"LINESTRING (-0.075855 51.517475,-0.124826 51.516226", "From Bell Lane, Liverpool Street to High Holborn , Covent Garden"
"LINESTRING (-0.101536 51.49217,-0.124826 51.516226", "From Hampton Street, Walworth to High Holborn , Covent Garden"
"LINESTRING (-0.130504 51.526838,-0.124826 51.516226", "From Endsleigh Gardens, Euston to High Holborn , Covent Garden"
"LINESTRING (-0.111781 51.533319,-0.124826 51.516226", "From Risinghill Street, Angel to High Holborn , Covent Garden"
"LINESTRING (-0.123258 51.476149,-0.13544 51.497829", "From Teversham Lane, Stockwell to Butler Place, Westminster"
"LINESTRING (-0.139625 51.490962,-0.13544 51.497829", "From Gloucester Street, Pimlico to Butler Place, Westminster"
"LINESTRING (-0.157275 51.510017,-0.13544 51.497829", "From Park Lane , Hyde Park to Butler Place, Westminster"
"LINESTRING (-0.138364 51.492111,-0.13544 51.497829", "From Tachbrook Street, Victoria to Butler Place, Westminster"
"LINESTRING (-0.193764 51.508605,-0.13544 51.497829", "From Palace Gardens Terrace, Notting Hill to Butler Place, Westminster"
"LINESTRING (-0.171103 51.518268,-0.13544 51.497829", "From St Mary's Hospital, Paddington to Butler Place, Westminster"
"LINESTRING (-0.13544 51.497829,-0.13544 51.497829", "From Butler Place, Westminster to Butler Place, Westminster"
"LINESTRING (-0.158249 51.516892,-0.13544 51.497829", "From George Place Mews, Marylebone to Butler Place, Westminster"
"LINESTRING (-0.13544 51.497829,-0.13544 51.497829", "From Butler Place, Westminster to Butler Place, Westminster"
"LINESTRING (-0.139625 51.490962,-0.13544 51.497829", "From Gloucester Street, Pimlico to Butler Place, Westminster"
"LINESTRING (-0.139625 51.490962,-0.13544 51.497829", "From Gloucester Street, Pimlico to Butler Place, Westminster"
"LINESTRING (-0.08974 51.500823,-0.13544 51.497829", "From Empire Square, The Borough to Butler Place, Westminster"
"LINESTRING (-0.15934 51.500241,-0.13544 51.497829", "From Harriet Street, Knightsbridge to Butler Place, Westminster"
"LINESTRING (-0.147804 51.461376,-0.13544 51.497829", "From Victoria Rise, Clapham Common to Butler Place, Westminster"
"LINESTRING (-0.129925 51.493072,-0.13544 51.497829", "From Vincent Street, Pimlico to Butler Place, Westminster"
"LINESTRING (-0.091773 51.504627,-0.13544 51.497829", "From Hop Exchange, The Borough to Butler Place, Westminster"
"LINESTRING (-0.117661 51.482678,-0.13544 51.497829", "From Ashmole Estate, Oval to Butler Place, Westminster"
"LINESTRING (-0.157436 51.512276,-0.13544 51.497829", "From Green Street, Mayfair to Butler Place, Westminster"
"LINESTRING (-0.149569 51.50274,-0.13544 51.497829", "From Wellington Arch, Hyde Park to Butler Place, Westminster"
"LINESTRING (-0.175116 51.523353,-0.13544 51.497829", "From Frampton Street, Paddington to Butler Place, Westminster"
"LINESTRING (-0.132224 51.49206,-0.13544 51.497829", "From Regency Street, Westminster to Butler Place, Westminster"
"LINESTRING (-0.117661 51.482678,-0.13544 51.497829", "From Ashmole Estate, Oval to Butler Place, Westminster"
"LINESTRING (-0.053558 51.511066,-0.138733 51.496753", "From Sutton Street, Shadwell to Howick Place, Westminster"
"LINESTRING (-0.135635 51.488226,-0.138733 51.496753", "From St. George's Square, Pimlico to Howick Place, Westminster"
"LINESTRING (-0.124642 51.481747,-0.138733 51.496753", "From South Lambeth Road, Vauxhall to Howick Place, Westminster"
"LINESTRING (-0.116542 51.504636,-0.138733 51.496753", "From Jubilee Gardens, South Bank to Howick Place, Westminster"
"LINESTRING (-0.116628 51.500089,-0.138733 51.496753", "From Lambeth Palace Road, Waterloo to Howick Place, Westminster"
"LINESTRING (-0.127554 51.493978,-0.138733 51.496753", "From Page Street, Westminster to Howick Place, Westminster"
"LINESTRING (-0.14296 51.497998,-0.138733 51.496753", "From Warwick Row, Westminster to Howick Place, Westminster"
"LINESTRING (-0.132845 51.489975,-0.138733 51.496753", "From Rampayne Street, Pimlico to Howick Place, Westminster"
"LINESTRING (-0.132845 51.489975,-0.138733 51.496753", "From Rampayne Street, Pimlico to Howick Place, Westminster"
"LINESTRING (-0.144132 51.493204,-0.138733 51.496753", "From Belgrave Road, Victoria to Howick Place, Westminster"
"LINESTRING (-0.121394 51.493699,-0.138733 51.496753", "From Fire Brigade Pier, Vauxhall to Howick Place, Westminster"
"LINESTRING (-0.138364 51.492111,-0.138733 51.496753", "From Tachbrook Street, Victoria to Howick Place, Westminster"
"LINESTRING (-0.126874 51.47787,-0.138733 51.496753", "From Hartington Road, Stockwell to Howick Place, Westminster"
"LINESTRING (-0.110121 51.488105,-0.138733 51.496753", "From Cleaver Street, Kennington to Howick Place, Westminster"
"LINESTRING (-0.101536 51.49217,-0.138733 51.496753", "From Hampton Street, Walworth to Howick Place, Westminster"
"LINESTRING (-0.130699 51.50777,-0.138733 51.496753", "From Pall Mall East, West End to Howick Place, Westminster"
"LINESTRING (-0.123616 51.529943,-0.138733 51.496753", "From Belgrove Street , King's Cross to Howick Place, Westminster"
"LINESTRING (-0.139625 51.490962,-0.138733 51.496753", "From Gloucester Street, Pimlico to Howick Place, Westminster"
"LINESTRING (-0.115375 51.460232,-0.138733 51.496753", "From Saltoun Road, Brixton to Howick Place, Westminster"
"LINESTRING (-0.169774 51.519968,-0.138733 51.496753", "From Edgware Road Station, Marylebone to Howick Place, Westminster"
"LINESTRING (-0.129925 51.493072,-0.138733 51.496753", "From Vincent Street, Pimlico to Howick Place, Westminster"
"LINESTRING (-0.093051 51.511246,-0.138733 51.496753", "From Queen Street 2, Bank to Howick Place, Westminster"
"LINESTRING (-0.171103 51.518268,-0.138733 51.496753", "From St Mary's Hospital, Paddington to Howick Place, Westminster"
"LINESTRING (-0.136928 51.493985,-0.138733 51.496753", "From Vincent Square, Westminster to Howick Place, Westminster"
"LINESTRING (-0.140741 51.488057,-0.138733 51.496753", "From Alderney Street, Pimlico to Howick Place, Westminster"
"LINESTRING (-0.110699 51.501444,-0.138733 51.496753", "From Baylis Road, Waterloo to Howick Place, Westminster"
"LINESTRING (-0.147478 51.492369,-0.138733 51.496753", "From Elizabeth Bridge, Victoria to Howick Place, Westminster"
"LINESTRING (-0.117619 51.509943,-0.138733 51.496753", "From Somerset House, Strand to Howick Place, Westminster"
"LINESTRING (-0.121394 51.493699,-0.138733 51.496753", "From Fire Brigade Pier, Vauxhall to Howick Place, Westminster"
"LINESTRING (-0.124469 51.485917,-0.138733 51.496753", "From Vauxhall Cross, Vauxhall to Howick Place, Westminster"
"LINESTRING (-0.149004 51.485821,-0.138733 51.496753", "From Chelsea Bridge, Pimlico to Howick Place, Westminster"
"LINESTRING (-0.117974 51.494881,-0.138733 51.496753", "From Lambeth Road, Vauxhall to Howick Place, Westminster"
"LINESTRING (-0.142943 51.496863,-0.138733 51.496753", "From Allington Street, Victoria to Howick Place, Westminster"
"LINESTRING (-0.129361 51.488365,-0.138733 51.496753", "From Vauxhall Bridge , Pimlico to Howick Place, Westminster"
"LINESTRING (-0.111014 51.493686,-0.138733 51.496753", "From Walnut Tree Walk, Vauxhall to Howick Place, Westminster"
"LINESTRING (-0.111257 51.514274,-0.113426 51.503919", "From Chancery Lane, Holborn to Waterloo Station 2, Waterloo"
"LINESTRING (-0.079608 51.521668,-0.113426 51.503919", "From Worship Street, Shoreditch to Waterloo Station 2, Waterloo"
"LINESTRING (-0.152317 51.499412,-0.113426 51.503919", "From Belgrave Square, Belgravia to Waterloo Station 2, Waterloo"
"LINESTRING (-0.135025 51.518162,-0.113426 51.503919", "From Rathbone Street, Fitzrovia to Waterloo Station 2, Waterloo"
"LINESTRING (-0.147154 51.537349,-0.113426 51.503919", "From Gloucester Avenue, Camden Town to Waterloo Station 2, Waterloo"
"LINESTRING (-0.119643 51.511756,-0.113426 51.503919", "From Wellington Street , Strand to Waterloo Station 2, Waterloo"
"LINESTRING (-0.082422 51.516154,-0.113426 51.503919", "From Wormwood Street, Liverpool Street to Waterloo Station 2, Waterloo"
"LINESTRING (-0.087587 51.514441,-0.113426 51.503919", "From Bank of England Museum, Bank to Waterloo Station 2, Waterloo"
"LINESTRING (-0.141423 51.514499,-0.113426 51.503919", "From Little Argyll Street, West End to Waterloo Station 2, Waterloo"
"LINESTRING (-0.099141 51.512484,-0.113426 51.503919", "From Godliman Street, St. Paul's to Waterloo Station 2, Waterloo"
"LINESTRING (-0.133201 51.512515,-0.113426 51.503919", "From Wardour Street, Soho to Waterloo Station 2, Waterloo"
"LINESTRING (-0.13011 51.513527,-0.113426 51.503919", "From Moor Street, Soho to Waterloo Station 2, Waterloo"
"LINESTRING (-0.105344 51.515059,-0.113426 51.503919", "From St. Bride Street, Holborn to Waterloo Station 2, Waterloo"
"LINESTRING (-0.099141 51.512484,-0.113426 51.503919", "From Godliman Street, St. Paul's to Waterloo Station 2, Waterloo"
"LINESTRING (-0.128279 51.5293,-0.113426 51.503919", "From Ossulston Street, Somers Town to Waterloo Station 2, Waterloo"
"LINESTRING (-0.134621 51.507424,-0.113426 51.503919", "From St. James's Square, St. James's to Waterloo Station 2, Waterloo"
"LINESTRING (-0.091773 51.504627,-0.113426 51.503919", "From Hop Exchange, The Borough to Waterloo Station 2, Waterloo"
"LINESTRING (-0.13151 51.509639,-0.113426 51.503919", "From Panton Street, West End to Waterloo Station 2, Waterloo"
"LINESTRING (-0.119558 51.528279,-0.113426 51.503919", "From Cromer Street, Bloomsbury to Waterloo Station 2, Waterloo"
"LINESTRING (-0.099828 51.493146,-0.113426 51.503919", "From Strata, Elephant & Castle to Waterloo Station 2, Waterloo"
"LINESTRING (-0.081608 51.497855,-0.113426 51.503919", "From Bermondsey Street, Bermondsey to Waterloo Station 2, Waterloo"
"LINESTRING (-0.10527 51.515809,-0.113426 51.503919", "From Stonecutter Street, Holborn to Waterloo Station 2, Waterloo"
"LINESTRING (-0.09294 51.511553,-0.113426 51.503919", "From Queen Street 1, Bank to Waterloo Station 2, Waterloo"
"LINESTRING (-0.121723 51.510701,-0.113426 51.503919", "From Southampton Street, Strand to Waterloo Station 2, Waterloo"
"LINESTRING (-0.09022 51.491484,-0.113426 51.503919", "From Rodney Road , Walworth to Waterloo Station 2, Waterloo"
"LINESTRING (-0.116688 51.520596,-0.113426 51.503919", "From Theobald's Road , Holborn to Waterloo Station 2, Waterloo"
"LINESTRING (-0.122219 51.51477,-0.113426 51.503919", "From Drury Lane, Covent Garden to Waterloo Station 2, Waterloo"
"LINESTRING (-0.147154 51.537349,-0.113426 51.503919", "From Gloucester Avenue, Camden Town to Waterloo Station 2, Waterloo"
"LINESTRING (-0.13151 51.509639,-0.113426 51.503919", "From Panton Street, West End to Waterloo Station 2, Waterloo"
"LINESTRING (-0.0786 51.500647,-0.113426 51.503919", "From Tanner Street, Bermondsey to Waterloo Station 2, Waterloo"
"LINESTRING (-0.098497 51.503688,-0.113426 51.503919", "From Union Street, The Borough to Waterloo Station 2, Waterloo"
"LINESTRING (-0.116279 51.524564,-0.133952 51.536264", "From Wren Street, Holborn to Royal College Street, Camden Town"
"LINESTRING (-0.144466 51.528302,-0.133952 51.536264", "From Albany Street, The Regent's Park to Royal College Street, Camden Town"
"LINESTRING (-0.131161 51.52505,-0.133952 51.536264", "From Taviton Street, Bloomsbury to Royal College Street, Camden Town"
"LINESTRING (-0.116279 51.524564,-0.133952 51.536264", "From Wren Street, Holborn to Royal College Street, Camden Town"
"LINESTRING (-0.17677 51.530889,-0.133952 51.536264", "From Grove End Road, St. John's Wood to Royal College Street, Camden Town"
"LINESTRING (-0.122502 51.523951,-0.133952 51.536264", "From Brunswick Square, Bloomsbury to Royal College Street, Camden Town"
"LINESTRING (-0.114079 51.522264,-0.133952 51.536264", "From Northington Street , Holborn to Royal College Street, Camden Town"
"LINESTRING (-0.102757 51.536384,-0.133952 51.536264", "From Islington Green, Angel to Royal College Street, Camden Town"
"LINESTRING (-0.154701 51.520583,-0.133952 51.536264", "From Paddington Street, Marylebone to Royal College Street, Camden Town"
"LINESTRING (-0.131161 51.52505,-0.133952 51.536264", "From Taviton Street, Bloomsbury to Royal College Street, Camden Town"
"LINESTRING (-0.120202 51.523346,-0.133952 51.536264", "From Guilford Street , Bloomsbury to Royal College Street, Camden Town"
"LINESTRING (-0.125979 51.526357,-0.133952 51.536264", "From Cartwright Gardens , Bloomsbury to Royal College Street, Camden Town"
"LINESTRING (-0.125078 51.534667,-0.133952 51.536264", "From Good's Way, King's Cross to Royal College Street, Camden Town"
"LINESTRING (-0.129386 51.534123,-0.133952 51.536264", "From Pancras Road, King's Cross to Royal College Street, Camden Town"
"LINESTRING (-0.204764 51.519042,-0.133952 51.536264", "From All Saints' Road, Portobello to Royal College Street, Camden Town"
"LINESTRING (-0.117069 51.53136,-0.133952 51.536264", "From Calshot Street , King's Cross to Royal College Street, Camden Town"
"LINESTRING (-0.076793 51.513406,-0.13214 51.519572", "From Jewry Street, Aldgate to Store Street, Bloomsbury"
"LINESTRING (-0.122492 51.486343,-0.13214 51.519572", "From Kennington Lane Rail Bridge, Vauxhall to Store Street, Bloomsbury"
"LINESTRING (-0.124826 51.516226,-0.13214 51.519572", "From High Holborn , Covent Garden to Store Street, Bloomsbury"
"LINESTRING (-0.118677 51.5338,-0.13214 51.519572", "From Killick Street, King's Cross to Store Street, Bloomsbury"
"LINESTRING (-0.17581 51.517335,-0.13214 51.519572", "From South Wharf Road, Paddington to Store Street, Bloomsbury"
"LINESTRING (-0.087262 51.506304,-0.13214 51.519572", "From Duke Street Hill, London Bridge to Store Street, Bloomsbury"
"LINESTRING (-0.08974 51.500823,-0.13214 51.519572", "From Empire Square, The Borough to Store Street, Bloomsbury"
"LINESTRING (-0.213872 51.51687,-0.13214 51.519572", "From St. Mark's Road, North Kensington to Store Street, Bloomsbury"
"LINESTRING (-0.125674 51.491884,-0.13214 51.519572", "From Millbank Tower, Pimlico to Store Street, Bloomsbury"
"LINESTRING (-0.123509 51.52625,-0.13214 51.519572", "From Tavistock Place, Bloomsbury to Store Street, Bloomsbury"
"LINESTRING (-0.154701 51.520583,-0.13214 51.519572", "From Paddington Street, Marylebone to Store Street, Bloomsbury"
"LINESTRING (-0.113426 51.503919,-0.13214 51.519572", "From Waterloo Station 2, Waterloo to Store Street, Bloomsbury"
"LINESTRING (-0.055312 51.52568,-0.13214 51.519572", "From Bethnal Green Garden, Bethnal Green to Store Street, Bloomsbury"
"LINESTRING (-0.162298 51.522511,-0.13214 51.519572", "From Boston Place, Marylebone to Store Street, Bloomsbury"
"LINESTRING (-0.162298 51.522511,-0.13214 51.519572", "From Boston Place, Marylebone to Store Street, Bloomsbury"
"LINESTRING (-0.162298 51.522511,-0.13214 51.519572", "From Boston Place, Marylebone to Store Street, Bloomsbury"
"LINESTRING (-0.138535 51.538792,-0.13214 51.519572", "From St Martins Close, Camden Town to Store Street, Bloomsbury"
"LINESTRING (-0.106 51.496127,-0.13214 51.519572", "From Geraldine Street, Elephant & Castle to Store Street, Bloomsbury"
"LINESTRING (-0.116279 51.524564,-0.13214 51.519572", "From Wren Street, Holborn to Store Street, Bloomsbury"
"LINESTRING (-0.113426 51.503919,-0.13214 51.519572", "From Waterloo Station 2, Waterloo to Store Street, Bloomsbury"
"LINESTRING (-0.111257 51.514274,-0.13214 51.519572", "From Chancery Lane, Holborn to Store Street, Bloomsbury"
"LINESTRING (-0.055312 51.52568,-0.13214 51.519572", "From Bethnal Green Garden, Bethnal Green to Store Street, Bloomsbury"
"LINESTRING (-0.055167 51.508447,-0.13214 51.519572", "From Garnet Street, Shadwell to Store Street, Bloomsbury"
"LINESTRING (-0.128279 51.5293,-0.13214 51.519572", "From Ossulston Street, Somers Town to Store Street, Bloomsbury"
"LINESTRING (-0.130431 51.52168,-0.13214 51.519572", "From Malet Street, Bloomsbury to Store Street, Bloomsbury"
"LINESTRING (-0.102757 51.536384,-0.100168 51.530344", "From Islington Green, Angel to City Road, Angel"
"LINESTRING (-0.099994 51.522853,-0.100168 51.530344", "From Berry Street, Clerkenwell to City Road, Angel"
"LINESTRING (-0.093903 51.530991,-0.100168 51.530344", "From Wenlock Road , Hoxton to City Road, Angel"
"LINESTRING (-0.055312 51.52568,-0.100168 51.530344", "From Bethnal Green Garden, Bethnal Green to City Road, Angel"
"LINESTRING (-0.122203 51.534474,-0.100168 51.530344", "From Crinan Street, King's Cross to City Road, Angel"
"LINESTRING (-0.071881 51.534776,-0.100168 51.530344", "From Thurtle Road, Haggerston to City Road, Angel"
"LINESTRING (-0.075901 51.531091,-0.100168 51.530344", "From Hoxton Station, Hoxton to City Road, Angel"
"LINESTRING (-0.089659 51.52548,-0.100168 51.530344", "From Old Street Station, St. Luke's to City Road, Angel"
"LINESTRING (-0.093885 51.517008,-0.100168 51.530344", "From Wood Street, Guildhall to City Road, Angel"
"LINESTRING (-0.135777 51.51953,-0.100168 51.530344", "From Charlotte Street, Fitzrovia to City Road, Angel"
"LINESTRING (-0.083353 51.529537,-0.100168 51.530344", "From Fanshaw Street, Hoxton to City Road, Angel"
"LINESTRING (-0.216573 51.466907,-0.151126 51.510919", "From Putney Pier, Wandsworth to Millennium Hotel, Mayfair"
"LINESTRING (-0.183834 51.497924,-0.151126 51.510919", "From Gloucester Road (North), Kensington to Millennium Hotel, Mayfair"
"LINESTRING (-0.18119 51.485587,-0.151126 51.510919", "From Limerston Street, West Chelsea to Millennium Hotel, Mayfair"
"LINESTRING (-0.180389 51.46517,-0.151126 51.510919", "From Hibbert Street, Battersea to Millennium Hotel, Mayfair"
"LINESTRING (-0.191933 51.495866,-0.151126 51.510919", "From Lexham Gardens, Kensington to Millennium Hotel, Mayfair"
"LINESTRING (-0.117069 51.53136,-0.151126 51.510919", "From Calshot Street , King's Cross to Millennium Hotel, Mayfair"
"LINESTRING (-0.17021 51.474535,-0.151126 51.510919", "From Orbel Street, Battersea to Millennium Hotel, Mayfair"
"LINESTRING (-0.139625 51.490962,-0.151126 51.510919", "From Gloucester Street, Pimlico to Millennium Hotel, Mayfair"
"LINESTRING (-0.141327 51.520253,-0.151126 51.510919", "From Great Titchfield Street, Fitzrovia to Millennium Hotel, Mayfair"
"LINESTRING (-0.108657 51.51795,-0.164207 51.517372", "From Holborn Circus, Holborn to Harrowby Street, Marylebone"
"LINESTRING (-0.108657 51.51795,-0.164207 51.517372", "From Holborn Circus, Holborn to Harrowby Street, Marylebone"
"LINESTRING (-0.178732 51.493967,-0.164207 51.517372", "From Queen's Gate (Central), South Kensington to Harrowby Street, Marylebone"
"LINESTRING (-0.19024 51.515529,-0.164207 51.517372", "From Westbourne Grove, Bayswater to Harrowby Street, Marylebone"
"LINESTRING (-0.126409 51.524,-0.164207 51.517372", "From Coram Street, Bloomsbury to Harrowby Street, Marylebone"
"LINESTRING (-0.156166 51.518913,-0.164207 51.517372", "From Baker Street, Marylebone to Harrowby Street, Marylebone"
"LINESTRING (-0.18697 51.51616,-0.164207 51.517372", "From Bishop's Bridge Road West, Bayswater to Harrowby Street, Marylebone"
"LINESTRING (-0.104193 51.49605,-0.164207 51.517372", "From Gaywood  Street, Elephant & Castle to Harrowby Street, Marylebone"
"LINESTRING (-0.169249 51.515953,-0.164207 51.517372", "From Southwick Street, Paddington to Harrowby Street, Marylebone"
"LINESTRING (-0.139016 51.520994,-0.164207 51.517372", "From Howland Street, Fitzrovia to Harrowby Street, Marylebone"
"LINESTRING (-0.174593 51.520205,-0.164207 51.517372", "From Paddington Green, Paddington to Harrowby Street, Marylebone"
"LINESTRING (-0.124121 51.523418,-0.164207 51.517372", "From Russell Square Station, Bloomsbury to Harrowby Street, Marylebone"
"LINESTRING (-0.183846 51.523344,-0.164207 51.517372", "From Warwick Avenue Station, Maida Vale to Harrowby Street, Marylebone"
"LINESTRING (-0.208888 51.5212,-0.164207 51.517372", "From Bevington Road West, North Kensington to Harrowby Street, Marylebone"
"LINESTRING (-0.154701 51.520583,-0.164207 51.517372", "From Paddington Street, Marylebone to Harrowby Street, Marylebone"
"LINESTRING (-0.17219 51.526448,-0.164207 51.517372", "From Lisson Grove, St. John's Wood to Harrowby Street, Marylebone"
"LINESTRING (-0.132053 51.518587,-0.164207 51.517372", "From Bayley Street , Bloomsbury to Harrowby Street, Marylebone"
"LINESTRING (-0.162298 51.522511,-0.164207 51.517372", "From Boston Place, Marylebone to Harrowby Street, Marylebone"
"LINESTRING (-0.135025 51.518162,-0.164207 51.517372", "From Rathbone Street, Fitzrovia to Harrowby Street, Marylebone"
"LINESTRING (-0.100791 51.518218,-0.164207 51.517372", "From West Smithfield Rotunda, Farringdon to Harrowby Street, Marylebone"
"LINESTRING (-0.117619 51.509943,-0.15934 51.500241", "From Somerset House, Strand to Harriet Street, Knightsbridge"
"LINESTRING (-0.170703 51.470847,-0.15934 51.500241", "From Simpson Street, Clapham Junction to Harriet Street, Knightsbridge"
"LINESTRING (-0.167894 51.493184,-0.15934 51.500241", "From Sloane Avenue, Knightsbridge to Harriet Street, Knightsbridge"
"LINESTRING (-0.176645 51.518622,-0.15934 51.500241", "From North Wharf Road, Paddington to Harriet Street, Knightsbridge"
"LINESTRING (-0.169821 51.466633,-0.15934 51.500241", "From Falcon Road, Clapham Junction to Harriet Street, Knightsbridge"
"LINESTRING (-0.196422 51.509353,-0.15934 51.500241", "From Notting Hill Gate Station, Notting Hill to Harriet Street, Knightsbridge"
"LINESTRING (-0.163041 51.470538,-0.15934 51.500241", "From Sheepcote Lane, Battersea to Harriet Street, Knightsbridge"
"LINESTRING (-0.145904 51.507069,-0.15934 51.500241", "From Curzon Street, Mayfair to Harriet Street, Knightsbridge"
"LINESTRING (-0.191933 51.495866,-0.15934 51.500241", "From Lexham Gardens, Kensington to Harriet Street, Knightsbridge"
"LINESTRING (-0.166878 51.488023,-0.15934 51.500241", "From Flood Street, Chelsea to Harriet Street, Knightsbridge"
"LINESTRING (-0.199783 51.472817,-0.15934 51.500241", "From Parson's Green , Parson's Green to Harriet Street, Knightsbridge"
"LINESTRING (-0.187842 51.509908,-0.15934 51.500241", "From Black Lion Gate, Kensington Gardens to Harriet Street, Knightsbridge"
"LINESTRING (-0.163041 51.470538,-0.15934 51.500241", "From Sheepcote Lane, Battersea to Harriet Street, Knightsbridge"
"LINESTRING (-0.139956 51.493573,-0.15934 51.500241", "From Queen Mother Sports Centre, Victoria to Harriet Street, Knightsbridge"
"LINESTRING (-0.183716 51.517932,-0.15934 51.500241", "From Orsett Terrace, Bayswater to Harriet Street, Knightsbridge"
"LINESTRING (-0.162418 51.490083,-0.15934 51.500241", "From Royal Avenue 2, Chelsea to Harriet Street, Knightsbridge"
"LINESTRING (-0.174971 51.485121,-0.15934 51.500241", "From The Vale, Chelsea to Harriet Street, Knightsbridge"
"LINESTRING (-0.089446 51.497382,-0.15934 51.500241", "From Great Dover Street, The Borough to Harriet Street, Knightsbridge"
"LINESTRING (-0.122219 51.51477,-0.15934 51.500241", "From Drury Lane, Covent Garden to Harriet Street, Knightsbridge"
"LINESTRING (-0.194116 51.479932,-0.15934 51.500241", "From Fulham Broadway, Walham Green to Harriet Street, Knightsbridge"
"LINESTRING (-0.150481 51.51217,-0.15934 51.500241", "From Grosvenor Square, Mayfair to Harriet Street, Knightsbridge"
"LINESTRING (-0.147714 51.483507,-0.15934 51.500241", "From Battersea Power Station, Battersea Park to Harriet Street, Knightsbridge"
"LINESTRING (-0.187842 51.509908,-0.15934 51.500241", "From Black Lion Gate, Kensington Gardens to Harriet Street, Knightsbridge"
"LINESTRING (-0.134621 51.507424,-0.15934 51.500241", "From St. James's Square, St. James's to Harriet Street, Knightsbridge"
"LINESTRING (-0.163041 51.470538,-0.15934 51.500241", "From Sheepcote Lane, Battersea to Harriet Street, Knightsbridge"
"LINESTRING (-0.149035 51.481121,-0.15934 51.500241", "From Sopwith Way, Battersea Park to Harriet Street, Knightsbridge"
"LINESTRING (-0.196422 51.509353,-0.174593 51.520205", "From Notting Hill Gate Station, Notting Hill to Paddington Green, Paddington"
"LINESTRING (-0.200804 51.520509,-0.174593 51.520205", "From The Metropolitan, Portobello to Paddington Green, Paddington"
"LINESTRING (-0.139016 51.520994,-0.174593 51.520205", "From Howland Street, Fitzrovia to Paddington Green, Paddington"
"LINESTRING (-0.155525 51.516204,-0.174593 51.520205", "From Portman Square, Marylebone to Paddington Green, Paddington"
"LINESTRING (-0.140741 51.488057,-0.174593 51.520205", "From Alderney Street, Pimlico to Paddington Green, Paddington"
"LINESTRING (-0.195455 51.500401,-0.174593 51.520205", "From Argyll Road, Kensington to Paddington Green, Paddington"
"LINESTRING (-0.205535 51.507481,-0.174593 51.520205", "From Lansdowne Road, Ladbroke Grove to Paddington Green, Paddington"
"LINESTRING (-0.17581 51.517335,-0.174593 51.520205", "From South Wharf Road, Paddington to Paddington Green, Paddington"
"LINESTRING (-0.161113 51.522596,-0.174593 51.520205", "From Dorset Square, Marylebone to Paddington Green, Paddington"
"LINESTRING (-0.138019 51.524438,-0.174593 51.520205", "From Warren Street Station, Euston to Paddington Green, Paddington"
"LINESTRING (-0.108657 51.51795,-0.174593 51.520205", "From Holborn Circus, Holborn to Paddington Green, Paddington"
"LINESTRING (-0.155349 51.502757,-0.174593 51.520205", "From Knightsbridge, Hyde Park to Paddington Green, Paddington"
"LINESTRING (-0.110699 51.501444,-0.10988 51.49775", "From Baylis Road, Waterloo to King Edward Walk, Waterloo"
"LINESTRING (-0.110683 51.484788,-0.10988 51.49775", "From Kennington Road Post Office, Oval to King Edward Walk, Waterloo"
"LINESTRING (-0.111435 51.48894,-0.10988 51.49775", "From Kennington Cross, Kennington to King Edward Walk, Waterloo"
"LINESTRING (-0.132102 51.498125,-0.10988 51.49775", "From Abbey Orchard Street, Westminster to King Edward Walk, Waterloo"
"LINESTRING (-0.101384 51.49652,-0.10988 51.49775", "From Ontario Street, Elephant & Castle to King Edward Walk, Waterloo"
"LINESTRING (-0.140947 51.49616,-0.10988 51.49775", "From Ashley Place, Victoria to King Edward Walk, Waterloo"
"LINESTRING (-0.116688 51.520596,-0.10988 51.49775", "From Theobald's Road , Holborn to King Edward Walk, Waterloo"
"LINESTRING (-0.096191 51.498597,-0.10988 51.49775", "From Harper Road, The Borough to King Edward Walk, Waterloo"
"LINESTRING (-0.158105 51.494645,-0.10988 51.49775", "From Cadogan Place, Knightsbridge to King Edward Walk, Waterloo"
"LINESTRING (-0.115057 51.512582,-0.10988 51.49775", "From Strand, Strand to King Edward Walk, Waterloo"
"LINESTRING (-0.120903 51.488124,-0.10988 51.49775", "From Vauxhall Walk, Vauxhall to King Edward Walk, Waterloo"
"LINESTRING (-0.098807 51.506725,-0.10988 51.49775", "From Tate Modern, Bankside to King Edward Walk, Waterloo"
"LINESTRING (-0.19096 51.51244,-0.117863 51.515208", "From Ilchester Gardens, Bayswater to Sardinia Street, Holborn"
"LINESTRING (-0.123509 51.52625,-0.117863 51.515208", "From Tavistock Place, Bloomsbury to Sardinia Street, Holborn"
"LINESTRING (-0.087587 51.514441,-0.117863 51.515208", "From Bank of England Museum, Bank to Sardinia Street, Holborn"
"LINESTRING (-0.116628 51.500089,-0.117863 51.515208", "From Lambeth Palace Road, Waterloo to Sardinia Street, Holborn"
"LINESTRING (-0.123509 51.52625,-0.117863 51.515208", "From Tavistock Place, Bloomsbury to Sardinia Street, Holborn"
"LINESTRING (-0.144466 51.528302,-0.117863 51.515208", "From Albany Street, The Regent's Park to Sardinia Street, Holborn"
"LINESTRING (-0.116279 51.524564,-0.117863 51.515208", "From Wren Street, Holborn to Sardinia Street, Holborn"
"LINESTRING (-0.163609 51.51809,-0.117863 51.515208", "From Shouldham Street, Marylebone to Sardinia Street, Holborn"
"LINESTRING (-0.144165 51.510736,-0.117863 51.515208", "From Bruton Street, Mayfair to Sardinia Street, Holborn"
"LINESTRING (-0.111257 51.514274,-0.117863 51.515208", "From Chancery Lane, Holborn to Sardinia Street, Holborn"
"LINESTRING (-0.090847 51.525893,-0.117863 51.515208", "From Bath Street, St. Luke's to Sardinia Street, Holborn"
"LINESTRING (-0.119558 51.528279,-0.117863 51.515208", "From Cromer Street, Bloomsbury to Sardinia Street, Holborn"
"LINESTRING (-0.165164 51.514746,-0.117863 51.515208", "From Porchester Place, Paddington to Sardinia Street, Holborn"
"LINESTRING (-0.136052 51.527326,-0.117863 51.515208", "From Drummond Street , Euston to Sardinia Street, Holborn"
"LINESTRING (-0.086685 51.517075,-0.113864 51.504027", "From Finsbury Circus, Liverpool Street to Waterloo Station 1, Waterloo"
"LINESTRING (-0.124749 51.509462,-0.113864 51.504027", "From William IV Street, Strand to Waterloo Station 1, Waterloo"
"LINESTRING (-0.106323 51.490757,-0.113864 51.504027", "From Cotton Garden Estate, Kennington to Waterloo Station 1, Waterloo"
"LINESTRING (-0.087262 51.506304,-0.113864 51.504027", "From Duke Street Hill, London Bridge to Waterloo Station 1, Waterloo"
"LINESTRING (-0.163609 51.51809,-0.113864 51.504027", "From Shouldham Street, Marylebone to Waterloo Station 1, Waterloo"
"LINESTRING (-0.119558 51.528279,-0.113864 51.504027", "From Cromer Street, Bloomsbury to Waterloo Station 1, Waterloo"
"LINESTRING (-0.068981 51.498585,-0.113864 51.504027", "From George Row, Bermondsey to Waterloo Station 1, Waterloo"
"LINESTRING (-0.152317 51.499412,-0.113864 51.504027", "From Belgrave Square, Belgravia to Waterloo Station 1, Waterloo"
"LINESTRING (-0.082422 51.516154,-0.113864 51.504027", "From Wormwood Street, Liverpool Street to Waterloo Station 1, Waterloo"
"LINESTRING (-0.151296 51.50923,-0.113864 51.504027", "From South Audley Street, Mayfair to Waterloo Station 1, Waterloo"
"LINESTRING (-0.115057 51.512582,-0.113864 51.504027", "From Strand, Strand to Waterloo Station 1, Waterloo"
"LINESTRING (-0.105312 51.504043,-0.113864 51.504027", "From Southwark Station 1, Southwark to Waterloo Station 1, Waterloo"
"LINESTRING (-0.118272 51.516277,-0.113864 51.504027", "From Lincoln's Inn Fields, Holborn to Waterloo Station 1, Waterloo"
"LINESTRING (-0.138733 51.496753,-0.113864 51.504027", "From Howick Place, Westminster to Waterloo Station 1, Waterloo"
"LINESTRING (-0.098807 51.506725,-0.113864 51.504027", "From Tate Modern, Bankside to Waterloo Station 1, Waterloo"
"LINESTRING (-0.0801 51.52959,-0.113864 51.504027", "From Hoxton Street, Hoxton to Waterloo Station 1, Waterloo"
"LINESTRING (-0.127554 51.493978,-0.113864 51.504027", "From Page Street, Westminster to Waterloo Station 1, Waterloo"
"LINESTRING (-0.116764 51.51362,-0.113864 51.504027", "From Houghton Street, Strand to Waterloo Station 1, Waterloo"
"LINESTRING (-0.058826 51.54119,-0.113864 51.504027", "From London Fields, Hackney Central to Waterloo Station 1, Waterloo"
"LINESTRING (-0.15352 51.503117,-0.113864 51.504027", "From Hyde Park Corner, Hyde Park to Waterloo Station 1, Waterloo"
"LINESTRING (-0.118295 51.52728,-0.113864 51.504027", "From Ampton Street , Clerkenwell to Waterloo Station 1, Waterloo"
"LINESTRING (-0.081608 51.497855,-0.113864 51.504027", "From Bermondsey Street, Bermondsey to Waterloo Station 1, Waterloo"
"LINESTRING (-0.0786 51.500647,-0.113864 51.504027", "From Tanner Street, Bermondsey to Waterloo Station 1, Waterloo"
"LINESTRING (-0.085814 51.495061,-0.113864 51.504027", "From Bricklayers Arms, Borough to Waterloo Station 1, Waterloo"
"LINESTRING (-0.147154 51.537349,-0.113864 51.504027", "From Gloucester Avenue, Camden Town to Waterloo Station 1, Waterloo"
"LINESTRING (-0.150666 51.506864,-0.113864 51.504027", "From Stanhope Gate, Mayfair to Waterloo Station 1, Waterloo"
"LINESTRING (-0.109006 51.521661,-0.113864 51.504027", "From Hatton Wall, Holborn to Waterloo Station 1, Waterloo"
"LINESTRING (-0.167919 51.484984,-0.113864 51.504027", "From Phene Street, Chelsea to Waterloo Station 1, Waterloo"
"LINESTRING (-0.069542 51.512363,-0.113864 51.504027", "From Leman Street, Aldgate to Waterloo Station 1, Waterloo"
"LINESTRING (-0.093051 51.511246,-0.113864 51.504027", "From Queen Street 2, Bank to Waterloo Station 1, Waterloo"
"LINESTRING (-0.163609 51.51809,-0.113864 51.504027", "From Shouldham Street, Marylebone to Waterloo Station 1, Waterloo"
"LINESTRING (-0.089659 51.52548,-0.113864 51.504027", "From Old Street Station, St. Luke's to Waterloo Station 1, Waterloo"
"LINESTRING (-0.14296 51.497998,-0.113864 51.504027", "From Warwick Row, Westminster to Waterloo Station 1, Waterloo"
"LINESTRING (-0.082422 51.516154,-0.113864 51.504027", "From Wormwood Street, Liverpool Street to Waterloo Station 1, Waterloo"
"LINESTRING (-0.096191 51.498597,-0.113864 51.504027", "From Harper Road, The Borough to Waterloo Station 1, Waterloo"
"LINESTRING (-0.122219 51.51477,-0.113864 51.504027", "From Drury Lane, Covent Garden to Waterloo Station 1, Waterloo"
"LINESTRING (-0.116764 51.51362,-0.113864 51.504027", "From Houghton Street, Strand to Waterloo Station 1, Waterloo"
"LINESTRING (-0.124826 51.516226,-0.113864 51.504027", "From High Holborn , Covent Garden to Waterloo Station 1, Waterloo"
"LINESTRING (-0.087587 51.514441,-0.113864 51.504027", "From Bank of England Museum, Bank to Waterloo Station 1, Waterloo"
"LINESTRING (-0.135777 51.51953,-0.113864 51.504027", "From Charlotte Street, Fitzrovia to Waterloo Station 1, Waterloo"
"LINESTRING (-0.163609 51.51809,-0.113864 51.504027", "From Shouldham Street, Marylebone to Waterloo Station 1, Waterloo"
"LINESTRING (-0.098031 51.505224,-0.113864 51.504027", "From Lavington Street, Bankside to Waterloo Station 1, Waterloo"
"LINESTRING (-0.069542 51.512363,-0.113864 51.504027", "From Leman Street, Aldgate to Waterloo Station 1, Waterloo"
"LINESTRING (-0.111014 51.493686,-0.113864 51.504027", "From Walnut Tree Walk, Vauxhall to Waterloo Station 1, Waterloo"
"LINESTRING (-0.077178 51.514449,-0.113864 51.504027", "From Houndsditch, Aldgate to Waterloo Station 1, Waterloo"
"LINESTRING (-0.119643 51.511756,-0.113864 51.504027", "From Wellington Street , Strand to Waterloo Station 1, Waterloo"
"LINESTRING (-0.08974 51.500823,-0.113864 51.504027", "From Empire Square, The Borough to Waterloo Station 1, Waterloo"
"LINESTRING (-0.120909 51.516128,-0.113864 51.504027", "From Newton Street, Covent Garden to Waterloo Station 1, Waterloo"
"LINESTRING (-0.079608 51.521668,-0.113864 51.504027", "From Worship Street, Shoreditch to Waterloo Station 1, Waterloo"
"LINESTRING (-0.100168 51.530344,-0.113864 51.504027", "From City Road, Angel to Waterloo Station 1, Waterloo"
"LINESTRING (-0.09294 51.51397,-0.113864 51.504027", "From Cheapside, Bank to Waterloo Station 1, Waterloo"
"LINESTRING (-0.147154 51.537349,-0.113864 51.504027", "From Gloucester Avenue, Camden Town to Waterloo Station 1, Waterloo"
"LINESTRING (-0.092762 51.500296,-0.113864 51.504027", "From Swan Street, The Borough to Waterloo Station 1, Waterloo"
"LINESTRING (-0.124826 51.516226,-0.113864 51.504027", "From High Holborn , Covent Garden to Waterloo Station 1, Waterloo"
"LINESTRING (-0.127554 51.493978,-0.113864 51.504027", "From Page Street, Westminster to Waterloo Station 1, Waterloo"
"LINESTRING (-0.106408 51.530515,-0.113864 51.504027", "From Chadwell Street, Angel to Waterloo Station 1, Waterloo"
"LINESTRING (-0.147154 51.537349,-0.113864 51.504027", "From Gloucester Avenue, Camden Town to Waterloo Station 1, Waterloo"
"LINESTRING (-0.098497 51.503688,-0.113864 51.504027", "From Union Street, The Borough to Waterloo Station 1, Waterloo"
"LINESTRING (-0.085666 51.499075,-0.113864 51.504027", "From Long Lane , Bermondsey to Waterloo Station 1, Waterloo"
"LINESTRING (-0.13151 51.509639,-0.113864 51.504027", "From Panton Street, West End to Waterloo Station 1, Waterloo"
"LINESTRING (-0.10997 51.529163,-0.113864 51.504027", "From River Street , Clerkenwell to Waterloo Station 1, Waterloo"
"LINESTRING (-0.082989 51.510484,-0.113864 51.504027", "From Great Tower Street, Monument to Waterloo Station 1, Waterloo"
"LINESTRING (-0.096191 51.498597,-0.113864 51.504027", "From Harper Road, The Borough to Waterloo Station 1, Waterloo"
"LINESTRING (-0.142844 51.506613,-0.113864 51.504027", "From Green Park Station, Mayfair to Waterloo Station 1, Waterloo"
"LINESTRING (-0.098497 51.503688,-0.113864 51.504027", "From Union Street, The Borough to Waterloo Station 1, Waterloo"
"LINESTRING (-0.084605 51.521283,-0.113864 51.504027", "From Christopher Street, Liverpool Street to Waterloo Station 1, Waterloo"
"LINESTRING (-0.129925 51.493072,-0.113864 51.504027", "From Vincent Street, Pimlico to Waterloo Station 1, Waterloo"
"LINESTRING (-0.19024 51.515529,-0.194392 51.501945", "From Westbourne Grove, Bayswater to Kensington Town Hall, Kensington"
"LINESTRING (-0.195777 51.479463,-0.194392 51.501945", "From Erin Close, Walham Green to Kensington Town Hall, Kensington"
"LINESTRING (-0.18119 51.485587,-0.194392 51.501945", "From Limerston Street, West Chelsea to Kensington Town Hall, Kensington"
"LINESTRING (-0.151926 51.516814,-0.194392 51.501945", "From Hinde Street, Marylebone to Kensington Town Hall, Kensington"
"LINESTRING (-0.201554 51.512136,-0.194392 51.501945", "From Chepstow Villas, Notting Hill to Kensington Town Hall, Kensington"
"LINESTRING (-0.185296 51.495362,-0.194392 51.501945", "From Emperor's Gate, South Kensington to Kensington Town Hall, Kensington"
"LINESTRING (-0.131161 51.52505,-0.194392 51.501945", "From Taviton Street, Bloomsbury to Kensington Town Hall, Kensington"
"LINESTRING (-0.201554 51.512136,-0.194392 51.501945", "From Chepstow Villas, Notting Hill to Kensington Town Hall, Kensington"
"LINESTRING (-0.202038 51.48357,-0.194392 51.501945", "From Coomer Place, West Kensington to Kensington Town Hall, Kensington"
"LINESTRING (-0.209973 51.481021,-0.194392 51.501945", "From Aintree Street, Fulham to Kensington Town Hall, Kensington"
"LINESTRING (-0.087262 51.506304,-0.194392 51.501945", "From Duke Street Hill, London Bridge to Kensington Town Hall, Kensington"
"LINESTRING (-0.192538 51.504723,-0.194392 51.501945", "From Vicarage Gate, Kensington to Kensington Town Hall, Kensington"
"LINESTRING (-0.216016 51.509224,-0.194392 51.501945", "From Rifle Place, Avondale to Kensington Town Hall, Kensington"
"LINESTRING (-0.166878 51.488023,-0.194392 51.501945", "From Flood Street, Chelsea to Kensington Town Hall, Kensington"
"LINESTRING (-0.155442 51.474376,-0.125674 51.491884", "From Austin Road, Battersea Park to Millbank Tower, Pimlico"
"LINESTRING (-0.092762 51.500296,-0.125674 51.491884", "From Swan Street, The Borough to Millbank Tower, Pimlico"
"LINESTRING (-0.161765 51.487964,-0.125674 51.491884", "From Ormonde Gate, Chelsea to Millbank Tower, Pimlico"
"LINESTRING (-0.126021 51.508103,-0.125674 51.491884", "From Craven Street, Strand to Millbank Tower, Pimlico"
"LINESTRING (-0.182126 51.463489,-0.125674 51.491884", "From Usk Road, Clapham Junction to Millbank Tower, Pimlico"
"LINESTRING (-0.120202 51.523346,-0.125674 51.491884", "From Guilford Street , Bloomsbury to Millbank Tower, Pimlico"
"LINESTRING (-0.161765 51.487964,-0.125674 51.491884", "From Ormonde Gate, Chelsea to Millbank Tower, Pimlico"
"LINESTRING (-0.103604 51.517334,-0.125674 51.491884", "From Snow Hill, Farringdon to Millbank Tower, Pimlico"
"LINESTRING (-0.13151 51.509639,-0.125674 51.491884", "From Panton Street, West End to Millbank Tower, Pimlico"
"LINESTRING (-0.169821 51.466633,-0.125674 51.491884", "From Falcon Road, Clapham Junction to Millbank Tower, Pimlico"
"LINESTRING (-0.147804 51.461376,-0.125674 51.491884", "From Victoria Rise, Clapham Common to Millbank Tower, Pimlico"
"LINESTRING (-0.118295 51.52728,-0.125674 51.491884", "From Ampton Street , Clerkenwell to Millbank Tower, Pimlico"
"LINESTRING (-0.176267 51.472876,-0.125674 51.491884", "From Vicarage Crescent, Battersea to Millbank Tower, Pimlico"
"LINESTRING (-0.116493 51.477839,-0.125674 51.491884", "From Caldwell Street, Stockwell to Millbank Tower, Pimlico"
"LINESTRING (-0.120202 51.523346,-0.125674 51.491884", "From Guilford Street , Bloomsbury to Millbank Tower, Pimlico"
"LINESTRING (-0.141923 51.489856,-0.125674 51.491884", "From Warwick Square, Pimlico to Millbank Tower, Pimlico"
"LINESTRING (-0.149004 51.485821,-0.125674 51.491884", "From Chelsea Bridge, Pimlico to Millbank Tower, Pimlico"
"LINESTRING (-0.130699 51.50777,-0.125674 51.491884", "From Pall Mall East, West End to Millbank Tower, Pimlico"
"LINESTRING (-0.166878 51.488023,-0.125674 51.491884", "From Flood Street, Chelsea to Millbank Tower, Pimlico"
"LINESTRING (-0.106323 51.490757,-0.125674 51.491884", "From Cotton Garden Estate, Kennington to Millbank Tower, Pimlico"
"LINESTRING (-0.122831 51.472509,-0.125674 51.491884", "From Binfield Road, Stockwell to Millbank Tower, Pimlico"
"LINESTRING (-0.129697 51.509087,-0.125674 51.491884", "From St. Martin's Street, West End to Millbank Tower, Pimlico"
"LINESTRING (-0.070329 51.539083,-0.125674 51.491884", "From Shoreditch Court, Haggerston to Millbank Tower, Pimlico"
"LINESTRING (-0.149004 51.485821,-0.125674 51.491884", "From Chelsea Bridge, Pimlico to Millbank Tower, Pimlico"
"LINESTRING (-0.13544 51.497829,-0.125674 51.491884", "From Butler Place, Westminster to Millbank Tower, Pimlico"
"LINESTRING (-0.120202 51.523346,-0.125674 51.491884", "From Guilford Street , Bloomsbury to Millbank Tower, Pimlico"
"LINESTRING (-0.192165 51.457529,-0.125674 51.491884", "From Ram Street, Wandsworth to Millbank Tower, Pimlico"
"LINESTRING (-0.164786 51.477292,-0.125674 51.491884", "From Ethelburga Estate, Battersea Park to Millbank Tower, Pimlico"
"LINESTRING (-0.147624 51.49395,-0.125674 51.491884", "From Eccleston Place, Victoria to Millbank Tower, Pimlico"
"LINESTRING (-0.104778 51.504044,-0.125674 51.491884", "From Southwark Station 2, Southwark to Millbank Tower, Pimlico"
"LINESTRING (-0.170329 51.477684,-0.125674 51.491884", "From Westbridge Road, Battersea to Millbank Tower, Pimlico"
"LINESTRING (-0.114934 51.49288,-0.125674 51.491884", "From Lollard Street, Vauxhall to Millbank Tower, Pimlico"
"LINESTRING (-0.136123 51.482362,-0.125674 51.491884", "From Riverlight North, Nine Elms to Millbank Tower, Pimlico"
"LINESTRING (-0.122831 51.472509,-0.125674 51.491884", "From Binfield Road, Stockwell to Millbank Tower, Pimlico"
"LINESTRING (-0.117619 51.509943,-0.113656 51.505354", "From Somerset House, Strand to Waterloo Bridge, South Bank"
"LINESTRING (-0.117619 51.509943,-0.113656 51.505354", "From Somerset House, Strand to Waterloo Bridge, South Bank"
"LINESTRING (-0.119643 51.511756,-0.113656 51.505354", "From Wellington Street , Strand to Waterloo Bridge, South Bank"
"LINESTRING (-0.089659 51.52548,-0.113656 51.505354", "From Old Street Station, St. Luke's to Waterloo Bridge, South Bank"
"LINESTRING (-0.119643 51.511756,-0.113656 51.505354", "From Wellington Street , Strand to Waterloo Bridge, South Bank"
"LINESTRING (-0.147154 51.537349,-0.113656 51.505354", "From Gloucester Avenue, Camden Town to Waterloo Bridge, South Bank"
"LINESTRING (-0.120718 51.511968,-0.113656 51.505354", "From Tavistock Street, Covent Garden to Waterloo Bridge, South Bank"
"LINESTRING (-0.116279 51.524564,-0.113656 51.505354", "From Wren Street, Holborn to Waterloo Bridge, South Bank"
"LINESTRING (-0.09315 51.53356,-0.113656 51.505354", "From Eagle Wharf Road, Hoxton to Waterloo Bridge, South Bank"
"LINESTRING (-0.115057 51.512582,-0.113656 51.505354", "From Strand, Strand to Waterloo Bridge, South Bank"
"LINESTRING (-0.219346 51.482944,-0.179077 51.495592", "From Crabtree Lane, Fulham to Natural History Museum, South Kensington"
"LINESTRING (-0.19096 51.51244,-0.179077 51.495592", "From Ilchester Gardens, Bayswater to Natural History Museum, South Kensington"
"LINESTRING (-0.192538 51.504723,-0.179077 51.495592", "From Vicarage Gate, Kensington to Natural History Museum, South Kensington"
"LINESTRING (-0.209973 51.481021,-0.179077 51.495592", "From Aintree Street, Fulham to Natural History Museum, South Kensington"
"LINESTRING (-0.195777 51.479463,-0.179077 51.495592", "From Erin Close, Walham Green to Natural History Museum, South Kensington"
"LINESTRING (-0.192538 51.504723,-0.179077 51.495592", "From Vicarage Gate, Kensington to Natural History Museum, South Kensington"
"LINESTRING (-0.191496 51.503157,-0.179077 51.495592", "From Kensington Church Street, Kensington to Natural History Museum, South Kensington"
"LINESTRING (-0.179369 51.487196,-0.179077 51.495592", "From Drayton Gardens, West Chelsea to Natural History Museum, South Kensington"
"LINESTRING (-0.187842 51.509908,-0.179077 51.495592", "From Black Lion Gate, Kensington Gardens to Natural History Museum, South Kensington"
"LINESTRING (-0.190393 51.490163,-0.179077 51.495592", "From Bramham Gardens, Earl's Court to Natural History Museum, South Kensington"
"LINESTRING (-0.190393 51.490163,-0.179077 51.495592", "From Bramham Gardens, Earl's Court to Natural History Museum, South Kensington"
"LINESTRING (-0.216305 51.483356,-0.179077 51.495592", "From Everington Street, Fulham to Natural History Museum, South Kensington"
"LINESTRING (-0.219346 51.482944,-0.179077 51.495592", "From Crabtree Lane, Fulham to Natural History Museum, South Kensington"
"LINESTRING (-0.183165 51.474665,-0.179077 51.495592", "From Imperial Wharf Station, Sands End to Natural History Museum, South Kensington"
"LINESTRING (-0.198286 51.493724,-0.179077 51.495592", "From West Cromwell Road, Earl's Court to Natural History Museum, South Kensington"
"LINESTRING (-0.209121 51.491026,-0.179077 51.495592", "From Gwendwr Road, West Kensington to Natural History Museum, South Kensington"
"LINESTRING (-0.173715 51.491211,-0.179077 51.495592", "From Sumner Place, South Kensington to Natural History Museum, South Kensington"
"LINESTRING (-0.210941 51.504199,-0.179077 51.495592", "From Addison Road, Holland Park to Natural History Museum, South Kensington"
"LINESTRING (-0.174411 51.511933,-0.179077 51.495592", "From Bayswater Road, Hyde Park to Natural History Museum, South Kensington"
"LINESTRING (-0.194757 51.493343,-0.179077 51.495592", "From Nevern Place, Earl's Court to Natural History Museum, South Kensington"
"LINESTRING (-0.18119 51.490945,-0.179077 51.495592", "From Old Brompton Road, South Kensington to Natural History Museum, South Kensington"
"LINESTRING (-0.206029 51.49087,-0.179077 51.495592", "From West Kensington Station, West Kensington to Natural History Museum, South Kensington"
"LINESTRING (-0.216305 51.483356,-0.179077 51.495592", "From Everington Street, Fulham to Natural History Museum, South Kensington"
"LINESTRING (-0.174971 51.485121,-0.179077 51.495592", "From The Vale, Chelsea to Natural History Museum, South Kensington"
"LINESTRING (-0.201005 51.51787,-0.179077 51.495592", "From Westbourne Park Road, Portobello to Natural History Museum, South Kensington"
"LINESTRING (-0.174554 51.499917,-0.179077 51.495592", "From Exhibition Road, Knightsbridge to Natural History Museum, South Kensington"
"LINESTRING (-0.206029 51.49087,-0.179077 51.495592", "From West Kensington Station, West Kensington to Natural History Museum, South Kensington"
"LINESTRING (-0.209973 51.481021,-0.179077 51.495592", "From Aintree Street, Fulham to Natural History Museum, South Kensington"
"LINESTRING (-0.209973 51.481021,-0.179077 51.495592", "From Aintree Street, Fulham to Natural History Museum, South Kensington"
"LINESTRING (-0.164207 51.517372,-0.200838 51.514311", "From Harrowby Street, Marylebone to Turquoise Island, Notting Hill"
"LINESTRING (-0.166221 51.490714,-0.200838 51.514311", "From Chelsea Green, Chelsea to Turquoise Island, Notting Hill"
"LINESTRING (-0.183486 51.529857,-0.200838 51.514311", "From Maida Vale, Maida Vale to Turquoise Island, Notting Hill"
"LINESTRING (-0.215087 51.490217,-0.200838 51.514311", "From Barons Court Station, West Kensington to Turquoise Island, Notting Hill"
"LINESTRING (-0.213872 51.51687,-0.200838 51.514311", "From St. Mark's Road, North Kensington to Turquoise Island, Notting Hill"
"LINESTRING (-0.18697 51.51616,-0.200838 51.514311", "From Bishop's Bridge Road West, Bayswater to Turquoise Island, Notting Hill"
"LINESTRING (-0.18697 51.51616,-0.200838 51.514311", "From Bishop's Bridge Road West, Bayswater to Turquoise Island, Notting Hill"
"LINESTRING (-0.209494 51.498157,-0.200838 51.514311", "From Kensington Olympia Station, Olympia to Turquoise Island, Notting Hill"
"LINESTRING (-0.18377 51.5171,-0.200838 51.514311", "From Bishop's Bridge Road East, Bayswater to Turquoise Island, Notting Hill"
"LINESTRING (-0.200838 51.514311,-0.200838 51.514311", "From Turquoise Island, Notting Hill to Turquoise Island, Notting Hill"
"LINESTRING (-0.168917 51.497056,-0.200838 51.514311", "From Holy Trinity Brompton, Knightsbridge to Turquoise Island, Notting Hill"
"LINESTRING (-0.183716 51.517932,-0.200838 51.514311", "From Orsett Terrace, Bayswater to Turquoise Island, Notting Hill"
"LINESTRING (-0.209494 51.498157,-0.200838 51.514311", "From Kensington Olympia Station, Olympia to Turquoise Island, Notting Hill"
"LINESTRING (-0.221791 51.49968,-0.200838 51.514311", "From Blythe Road West, Shepherd's Bush to Turquoise Island, Notting Hill"
"LINESTRING (-0.217515 51.500353,-0.200838 51.514311", "From Richmond Way, Shepherd's Bush to Turquoise Island, Notting Hill"
"LINESTRING (-0.209494 51.498157,-0.200838 51.514311", "From Kensington Olympia Station, Olympia to Turquoise Island, Notting Hill"
"LINESTRING (-0.187404 51.487958,-0.200838 51.514311", "From Harcourt Terrace, West Brompton to Turquoise Island, Notting Hill"
"LINESTRING (-0.213872 51.51687,-0.200838 51.514311", "From St. Mark's Road, North Kensington to Turquoise Island, Notting Hill"
"LINESTRING (-0.204764 51.519042,-0.200838 51.514311", "From All Saints' Road, Portobello to Turquoise Island, Notting Hill"
"LINESTRING (-0.153645 51.512911,-0.200838 51.514311", "From North Audley Street, Mayfair to Turquoise Island, Notting Hill"
"LINESTRING (-0.138733 51.496753,-0.200838 51.514311", "From Howick Place, Westminster to Turquoise Island, Notting Hill"
"LINESTRING (-0.196422 51.509353,-0.200838 51.514311", "From Notting Hill Gate Station, Notting Hill to Turquoise Island, Notting Hill"
"LINESTRING (-0.147478 51.492369,-0.200838 51.514311", "From Elizabeth Bridge, Victoria to Turquoise Island, Notting Hill"
"LINESTRING (-0.19096 51.51244,-0.200838 51.514311", "From Ilchester Gardens, Bayswater to Turquoise Island, Notting Hill"
"LINESTRING (-0.17977 51.51348,-0.200838 51.514311", "From Devonshire Terrace, Bayswater to Turquoise Island, Notting Hill"
"LINESTRING (-0.191496 51.503157,-0.150666 51.506864", "From Kensington Church Street, Kensington to Stanhope Gate, Mayfair"
"LINESTRING (-0.156285 51.535836,-0.150666 51.506864", "From London Zoo,  The Regent's Park to Stanhope Gate, Mayfair"
"LINESTRING (-0.190603 51.493631,-0.150666 51.506864", "From Knaresborough Place, Earl's Court to Stanhope Gate, Mayfair"
"LINESTRING (-0.179135 51.516417,-0.150666 51.506864", "From Eastbourne Mews, Paddington to Stanhope Gate, Mayfair"
"LINESTRING (-0.170703 51.470847,-0.150666 51.506864", "From Simpson Street, Clapham Junction to Stanhope Gate, Mayfair"
"LINESTRING (-0.137043 51.511897,-0.150666 51.506864", "From Golden Square, Soho to Stanhope Gate, Mayfair"
"LINESTRING (-0.179668 51.511654,-0.150666 51.506864", "From Lancaster Gate , Bayswater to Stanhope Gate, Mayfair"
"LINESTRING (-0.193764 51.508605,-0.150666 51.506864", "From Palace Gardens Terrace, Notting Hill to Stanhope Gate, Mayfair"
"LINESTRING (-0.190603 51.493631,-0.150666 51.506864", "From Knaresborough Place, Earl's Court to Stanhope Gate, Mayfair"
"LINESTRING (-0.145904 51.507069,-0.150666 51.506864", "From Curzon Street, Mayfair to Stanhope Gate, Mayfair"
"LINESTRING (-0.194116 51.479932,-0.150666 51.506864", "From Fulham Broadway, Walham Green to Stanhope Gate, Mayfair"
"LINESTRING (-0.112824 51.503791,-0.135777 51.51953", "From Waterloo Station 3, Waterloo to Charlotte Street, Fitzrovia"
"LINESTRING (-0.183165 51.474665,-0.135777 51.51953", "From Imperial Wharf Station, Sands End to Charlotte Street, Fitzrovia"
"LINESTRING (-0.183846 51.523344,-0.135777 51.51953", "From Warwick Avenue Station, Maida Vale to Charlotte Street, Fitzrovia"
"LINESTRING (-0.088542 51.527025,-0.135777 51.51953", "From Baldwin Street, St. Luke's to Charlotte Street, Fitzrovia"
"LINESTRING (-0.12335 51.51746,-0.135777 51.51953", "From Bury Place, Holborn to Charlotte Street, Fitzrovia"
"LINESTRING (-0.075578 51.52127,-0.135777 51.51953", "From Commercial Street, Shoreditch to Charlotte Street, Fitzrovia"
"LINESTRING (-0.158963 51.524517,-0.135777 51.51953", "From Park Road (Baker Street), The Regent's Park to Charlotte Street, Fitzrovia"
"LINESTRING (-0.161113 51.522596,-0.135777 51.51953", "From Dorset Square, Marylebone to Charlotte Street, Fitzrovia"
"LINESTRING (-0.138019 51.524438,-0.135777 51.51953", "From Warren Street Station, Euston to Charlotte Street, Fitzrovia"
"LINESTRING (-0.197609 51.483911,-0.135777 51.51953", "From Halford Road, West Kensington to Charlotte Street, Fitzrovia"
"LINESTRING (-0.116279 51.524564,-0.135777 51.51953", "From Wren Street, Holborn to Charlotte Street, Fitzrovia"
"LINESTRING (-0.154106 51.517703,-0.135777 51.51953", "From George Street, Marylebone to Charlotte Street, Fitzrovia"
"LINESTRING (-0.169774 51.519968,-0.135777 51.51953", "From Edgware Road Station, Marylebone to Charlotte Street, Fitzrovia"
"LINESTRING (-0.171103 51.518268,-0.135777 51.51953", "From St Mary's Hospital, Paddington to Charlotte Street, Fitzrovia"
"LINESTRING (-0.123616 51.529943,-0.135777 51.51953", "From Belgrove Street , King's Cross to Charlotte Street, Fitzrovia"
"LINESTRING (-0.118295 51.52728,-0.135777 51.51953", "From Ampton Street , Clerkenwell to Charlotte Street, Fitzrovia"
"LINESTRING (-0.128585 51.516118,-0.135777 51.51953", "From Earnshaw Street , Covent Garden to Charlotte Street, Fitzrovia"
"LINESTRING (-0.183853 51.480898,-0.135777 51.51953", "From Thorndike Close, West Chelsea to Charlotte Street, Fitzrovia"
"LINESTRING (-0.166221 51.490714,-0.135777 51.51953", "From Chelsea Green, Chelsea to Charlotte Street, Fitzrovia"
"LINESTRING (-0.082989 51.510484,-0.135777 51.51953", "From Great Tower Street, Monument to Charlotte Street, Fitzrovia"
"LINESTRING (-0.135025 51.518162,-0.135777 51.51953", "From Rathbone Street, Fitzrovia to Charlotte Street, Fitzrovia"
"LINESTRING (-0.183853 51.480898,-0.135777 51.51953", "From Thorndike Close, West Chelsea to Charlotte Street, Fitzrovia"
"LINESTRING (-0.128279 51.5293,-0.135777 51.51953", "From Ossulston Street, Somers Town to Charlotte Street, Fitzrovia"
"LINESTRING (-0.147983 51.519167,-0.135777 51.51953", "From New Cavendish Street, Marylebone to Charlotte Street, Fitzrovia"
"LINESTRING (-0.151926 51.516814,-0.135777 51.51953", "From Hinde Street, Marylebone to Charlotte Street, Fitzrovia"
"LINESTRING (-0.170279 51.506451,-0.147449 51.509351", "From Triangle Car Park, Hyde Park to Farm Street, Mayfair"
"LINESTRING (-0.165297 51.461923,-0.147449 51.509351", "From Limburg Road, Clapham Junction to Farm Street, Mayfair"
"LINESTRING (-0.153645 51.512911,-0.147449 51.509351", "From North Audley Street, Mayfair to Farm Street, Mayfair"
"LINESTRING (-0.174411 51.511933,-0.147449 51.509351", "From Bayswater Road, Hyde Park to Farm Street, Mayfair"
"LINESTRING (-0.158105 51.494645,-0.147449 51.509351", "From Cadogan Place, Knightsbridge to Farm Street, Mayfair"
"LINESTRING (-0.158105 51.494645,-0.147449 51.509351", "From Cadogan Place, Knightsbridge to Farm Street, Mayfair"
"LINESTRING (-0.209494 51.498157,-0.147449 51.509351", "From Kensington Olympia Station, Olympia to Farm Street, Mayfair"
"LINESTRING (-0.193764 51.508605,-0.147449 51.509351", "From Palace Gardens Terrace, Notting Hill to Farm Street, Mayfair"
"LINESTRING (-0.147203 51.515308,-0.147449 51.509351", "From Chapel Place, Marylebone to Farm Street, Mayfair"
"LINESTRING (-0.180389 51.46517,-0.147449 51.509351", "From Hibbert Street, Battersea to Farm Street, Mayfair"
"LINESTRING (-0.1844 51.502042,-0.147449 51.509351", "From Palace Gate, Kensington Gardens to Farm Street, Mayfair"
"LINESTRING (-0.141923 51.489856,-0.147449 51.509351", "From Warwick Square, Pimlico to Farm Street, Mayfair"
"LINESTRING (-0.151126 51.510919,-0.147449 51.509351", "From Millennium Hotel, Mayfair to Farm Street, Mayfair"
"LINESTRING (-0.136123 51.482362,-0.147449 51.509351", "From Riverlight North, Nine Elms to Farm Street, Mayfair"
"LINESTRING (-0.179369 51.487196,-0.147449 51.509351", "From Drayton Gardens, West Chelsea to Farm Street, Mayfair"
"LINESTRING (-0.193764 51.508605,-0.147449 51.509351", "From Palace Gardens Terrace, Notting Hill to Farm Street, Mayfair"
"LINESTRING (-0.197574 51.499606,-0.147449 51.509351", "From Phillimore Gardens, Kensington to Farm Street, Mayfair"
"LINESTRING (-0.170279 51.506451,-0.147449 51.509351", "From Triangle Car Park, Hyde Park to Farm Street, Mayfair"
"LINESTRING (-0.167515 51.530529,-0.147449 51.509351", "From St. John's Wood Church, The Regent's Park to Farm Street, Mayfair"
"LINESTRING (-0.123179 51.506543,-0.131213 51.513103", "From Whitehall Place, Strand to Frith Street, Soho"
"LINESTRING (-0.099994 51.522853,-0.131213 51.513103", "From Berry Street, Clerkenwell to Frith Street, Soho"
"LINESTRING (-0.098807 51.506725,-0.131213 51.513103", "From Tate Modern, Bankside to Frith Street, Soho"
"LINESTRING (-0.144228 51.518117,-0.131213 51.513103", "From Broadcasting House, Marylebone to Frith Street, Soho"
"LINESTRING (-0.08066 51.514225,-0.131213 51.513103", "From St. Mary Axe, Aldgate to Frith Street, Soho"
"LINESTRING (-0.11655 51.51824,-0.131213 51.513103", "From Red Lion Street, Holborn to Frith Street, Soho"
"LINESTRING (-0.131213 51.513103,-0.131213 51.513103", "From Frith Street, Soho to Frith Street, Soho"
"LINESTRING (-0.10044 51.498898,-0.131213 51.513103", "From Borough Road, Elephant & Castle to Frith Street, Soho"
"LINESTRING (-0.139174 51.533019,-0.131213 51.513103", "From Harrington Square 1, Camden Town to Frith Street, Soho"
"LINESTRING (-0.131213 51.513103,-0.131213 51.513103", "From Frith Street, Soho to Frith Street, Soho"
"LINESTRING (-0.187402 51.51031,-0.131213 51.513103", "From Queensway, Kensington Gardens to Frith Street, Soho"
"LINESTRING (-0.129925 51.493072,-0.131213 51.513103", "From Vincent Street, Pimlico to Frith Street, Soho"
"LINESTRING (-0.07962 51.503493,-0.131213 51.513103", "From Tooley Street, Bermondsey to Frith Street, Soho"
"LINESTRING (-0.124826 51.516226,-0.131213 51.513103", "From High Holborn , Covent Garden to Frith Street, Soho"
"LINESTRING (-0.118677 51.5338,-0.131213 51.513103", "From Killick Street, King's Cross to Frith Street, Soho"
"LINESTRING (-0.21186 51.483217,-0.192404 51.496481", "From Humbolt Road, Fulham to Marloes Road, Kensington"
"LINESTRING (-0.168917 51.497056,-0.192404 51.496481", "From Holy Trinity Brompton, Knightsbridge to Marloes Road, Kensington"
"LINESTRING (-0.236769 51.494223,-0.192404 51.496481", "From Ravenscourt Park Station, Hammersmith to Marloes Road, Kensington"
"LINESTRING (-0.224303 51.506093,-0.192404 51.496481", "From Westfield Library Corner, Shepherd's Bush to Marloes Road, Kensington"
"LINESTRING (-0.19096 51.51244,-0.192404 51.496481", "From Ilchester Gardens, Bayswater to Marloes Road, Kensington"
"LINESTRING (-0.193764 51.508605,-0.192404 51.496481", "From Palace Gardens Terrace, Notting Hill to Marloes Road, Kensington"
"LINESTRING (-0.196422 51.509353,-0.192404 51.496481", "From Notting Hill Gate Station, Notting Hill to Marloes Road, Kensington"
"LINESTRING (-0.165471 51.498884,-0.192404 51.496481", "From Montpelier Street, Knightsbridge to Marloes Road, Kensington"
"LINESTRING (-0.197524 51.511084,-0.192404 51.496481", "From Pembridge Villas, Notting Hill to Marloes Road, Kensington"
"LINESTRING (-0.131161 51.52505,-0.13011 51.513527", "From Taviton Street, Bloomsbury to Moor Street, Soho"
"LINESTRING (-0.165297 51.461923,-0.13011 51.513527", "From Limburg Road, Clapham Junction to Moor Street, Soho"
"LINESTRING (-0.139174 51.533019,-0.13011 51.513527", "From Harrington Square 1, Camden Town to Moor Street, Soho"
"LINESTRING (-0.161113 51.522596,-0.13011 51.513527", "From Dorset Square, Marylebone to Moor Street, Soho"
"LINESTRING (-0.09315 51.53356,-0.13011 51.513527", "From Eagle Wharf Road, Hoxton to Moor Street, Soho"
"LINESTRING (-0.142844 51.506613,-0.13011 51.513527", "From Green Park Station, Mayfair to Moor Street, Soho"
"LINESTRING (-0.108657 51.51795,-0.13011 51.513527", "From Holborn Circus, Holborn to Moor Street, Soho"
"LINESTRING (-0.033828 51.514115,-0.13011 51.513527", "From Salmon Lane, Limehouse to Moor Street, Soho"
"LINESTRING (-0.099981 51.532661,-0.13011 51.513527", "From Graham Street, Angel to Moor Street, Soho"
"LINESTRING (-0.092762 51.500296,-0.13011 51.513527", "From Swan Street, The Borough to Moor Street, Soho"
"LINESTRING (-0.120973 51.530059,-0.13011 51.513527", "From St. Chad's Street, King's Cross to Moor Street, Soho"
"LINESTRING (-0.145211 51.520715,-0.13011 51.513527", "From Portland Place, Marylebone to Moor Street, Soho"
"LINESTRING (-0.125078 51.534667,-0.13011 51.513527", "From Good's Way, King's Cross to Moor Street, Soho"
"LINESTRING (-0.124642 51.481747,-0.13011 51.513527", "From South Lambeth Road, Vauxhall to Moor Street, Soho"
"LINESTRING (-0.09734 51.520841,-0.13011 51.513527", "From Aldersgate Street, Barbican to Moor Street, Soho"
"LINESTRING (-0.116688 51.520596,-0.13011 51.513527", "From Theobald's Road , Holborn to Moor Street, Soho"
"LINESTRING (-0.154701 51.520583,-0.13011 51.513527", "From Paddington Street, Marylebone to Moor Street, Soho"
"LINESTRING (-0.147983 51.519167,-0.13011 51.513527", "From New Cavendish Street, Marylebone to Moor Street, Soho"
"LINESTRING (-0.136052 51.527326,-0.13011 51.513527", "From Drummond Street , Euston to Moor Street, Soho"
"LINESTRING (-0.164393 51.516517,-0.13011 51.513527", "From Nutford Place, Marylebone to Moor Street, Soho"
"LINESTRING (-0.151359 51.522008,-0.13011 51.513527", "From Beaumont Street, Marylebone to Moor Street, Soho"
"LINESTRING (-0.09315 51.53356,-0.13011 51.513527", "From Eagle Wharf Road, Hoxton to Moor Street, Soho"
"LINESTRING (-0.133972 51.472993,-0.13011 51.513527", "From Union Grove, Wandsworth Road to Moor Street, Soho"
"LINESTRING (-0.13011 51.513527,-0.13011 51.513527", "From Moor Street, Soho to Moor Street, Soho"
"LINESTRING (-0.131161 51.52505,-0.13011 51.513527", "From Taviton Street, Bloomsbury to Moor Street, Soho"
"LINESTRING (-0.202608 51.51632,-0.13011 51.513527", "From All Saints Church, Portobello to Moor Street, Soho"
"LINESTRING (-0.074704 51.500845,-0.13011 51.513527", "From Tower Wharf, Bermondsey to Moor Street, Soho"
"LINESTRING (-0.151926 51.516814,-0.13011 51.513527", "From Hinde Street, Marylebone to Moor Street, Soho"
"LINESTRING (-0.202608 51.51632,-0.13011 51.513527", "From All Saints Church, Portobello to Moor Street, Soho"
"LINESTRING (-0.129698 51.500703,-0.13011 51.513527", "From Storey's Gate, Westminster to Moor Street, Soho"
"LINESTRING (-0.092176 51.520044,-0.13011 51.513527", "From Barbican Centre, Barbican to Moor Street, Soho"
"LINESTRING (-0.074754 51.523648,-0.13011 51.513527", "From Bethnal Green Road, Shoreditch to Moor Street, Soho"
"LINESTRING (-0.098031 51.505224,-0.13011 51.513527", "From Lavington Street, Bankside to Moor Street, Soho"
"LINESTRING (-0.092754 51.505974,-0.13011 51.513527", "From Park Street, Bankside to Moor Street, Soho"
"LINESTRING (-0.053558 51.511066,-0.13011 51.513527", "From Sutton Street, Shadwell to Moor Street, Soho"
"LINESTRING (-0.125078 51.534667,-0.13011 51.513527", "From Good's Way, King's Cross to Moor Street, Soho"
"LINESTRING (-0.116688 51.520596,-0.13011 51.513527", "From Theobald's Road , Holborn to Moor Street, Soho"
"LINESTRING (-0.147301 51.514105,-0.13011 51.513527", "From Woodstock Street, Mayfair to Moor Street, Soho"
"LINESTRING (-0.173715 51.491211,-0.13011 51.513527", "From Sumner Place, South Kensington to Moor Street, Soho"
"LINESTRING (-0.099828 51.493146,-0.13011 51.513527", "From Strata, Elephant & Castle to Moor Street, Soho"
"LINESTRING (-0.092176 51.520044,-0.13011 51.513527", "From Barbican Centre, Barbican to Moor Street, Soho"
"LINESTRING (-0.096496 51.517821,-0.13011 51.513527", "From Museum of London, Barbican to Moor Street, Soho"
"LINESTRING (-0.091773 51.504627,-0.13011 51.513527", "From Hop Exchange, The Borough to Moor Street, Soho"
"LINESTRING (-0.119643 51.511756,-0.13011 51.513527", "From Wellington Street , Strand to Moor Street, Soho"
"LINESTRING (-0.130504 51.526838,-0.13011 51.513527", "From Endsleigh Gardens, Euston to Moor Street, Soho"
"LINESTRING (-0.165297 51.461923,-0.13011 51.513527", "From Limburg Road, Clapham Junction to Moor Street, Soho"
"LINESTRING (-0.062546 51.535678,-0.13011 51.513527", "From Regent's Row , Haggerston to Moor Street, Soho"
"LINESTRING (-0.139174 51.533019,-0.13011 51.513527", "From Harrington Square 1, Camden Town to Moor Street, Soho"
"LINESTRING (-0.18119 51.490945,-0.13011 51.513527", "From Old Brompton Road, South Kensington to Moor Street, Soho"
"LINESTRING (-0.118677 51.5338,-0.13011 51.513527", "From Killick Street, King's Cross to Moor Street, Soho"
"LINESTRING (-0.085666 51.499075,-0.13011 51.513527", "From Long Lane , Bermondsey to Moor Street, Soho"
"LINESTRING (-0.089446 51.497382,-0.13011 51.513527", "From Great Dover Street, The Borough to Moor Street, Soho"
"LINESTRING (-0.138072 51.517344,-0.13011 51.513527", "From Wells Street, Fitzrovia to Moor Street, Soho"
"LINESTRING (-0.170703 51.470847,-0.13011 51.513527", "From Simpson Street, Clapham Junction to Moor Street, Soho"
"LINESTRING (-0.17021 51.474535,-0.13011 51.513527", "From Orbel Street, Battersea to Moor Street, Soho"
"LINESTRING (-0.121394 51.493699,-0.121394 51.493699", "From Fire Brigade Pier, Vauxhall to Fire Brigade Pier, Vauxhall"
"LINESTRING (-0.134621 51.507424,-0.121394 51.493699", "From St. James's Square, St. James's to Fire Brigade Pier, Vauxhall"
"LINESTRING (-0.118256 51.47659,-0.121394 51.493699", "From Albert Square, Stockwell to Fire Brigade Pier, Vauxhall"
"LINESTRING (-0.116625 51.486965,-0.121394 51.493699", "From Vauxhall Street, Vauxhall to Fire Brigade Pier, Vauxhall"
"LINESTRING (-0.112824 51.503791,-0.121394 51.493699", "From Waterloo Station 3, Waterloo to Fire Brigade Pier, Vauxhall"
"LINESTRING (-0.138733 51.496753,-0.121394 51.493699", "From Howick Place, Westminster to Fire Brigade Pier, Vauxhall"
"LINESTRING (-0.091773 51.504627,-0.121394 51.493699", "From Hop Exchange, The Borough to Fire Brigade Pier, Vauxhall"
"LINESTRING (-0.147714 51.483507,-0.121394 51.493699", "From Battersea Power Station, Battersea Park to Fire Brigade Pier, Vauxhall"
"LINESTRING (-0.172078 51.482567,-0.121394 51.493699", "From Danvers Street, West Chelsea to Fire Brigade Pier, Vauxhall"
"LINESTRING (-0.097441 51.511961,-0.121394 51.493699", "From Queen Victoria Street, St. Paul's to Fire Brigade Pier, Vauxhall"
"LINESTRING (-0.176267 51.472876,-0.121394 51.493699", "From Vicarage Crescent, Battersea to Fire Brigade Pier, Vauxhall"
"LINESTRING (-0.145211 51.520715,-0.121394 51.493699", "From Portland Place, Marylebone to Fire Brigade Pier, Vauxhall"
"LINESTRING (-0.1844 51.502042,-0.121394 51.493699", "From Palace Gate, Kensington Gardens to Fire Brigade Pier, Vauxhall"
"LINESTRING (-0.066078 51.514924,-0.121394 51.493699", "From LMU Commercial Road, Whitechapel to Fire Brigade Pier, Vauxhall"
"LINESTRING (-0.112824 51.503791,-0.121394 51.493699", "From Waterloo Station 3, Waterloo to Fire Brigade Pier, Vauxhall"
"LINESTRING (-0.126021 51.508103,-0.121394 51.493699", "From Craven Street, Strand to Fire Brigade Pier, Vauxhall"
"LINESTRING (-0.111435 51.48894,-0.121394 51.493699", "From Kennington Cross, Kennington to Fire Brigade Pier, Vauxhall"
"LINESTRING (-0.101026 51.528246,-0.121723 51.510701", "From Goswell Road (City Uni), Finsbury to Southampton Street, Strand"
"LINESTRING (-0.096496 51.517821,-0.121723 51.510701", "From Museum of London, Barbican to Southampton Street, Strand"
"LINESTRING (-0.120909 51.516128,-0.121723 51.510701", "From Newton Street, Covent Garden to Southampton Street, Strand"
"LINESTRING (-0.130458 51.494816,-0.121723 51.510701", "From Horseferry Road, Westminster to Southampton Street, Strand"
"LINESTRING (-0.106237 51.507244,-0.121723 51.510701", "From Milroy Walk, South Bank to Southampton Street, Strand"
"LINESTRING (-0.179668 51.511654,-0.121723 51.510701", "From Lancaster Gate , Bayswater to Southampton Street, Strand"
"LINESTRING (-0.113864 51.504027,-0.121723 51.510701", "From Waterloo Station 1, Waterloo to Southampton Street, Strand"
"LINESTRING (-0.120909 51.516128,-0.121723 51.510701", "From Newton Street, Covent Garden to Southampton Street, Strand"
"LINESTRING (-0.120909 51.516128,-0.121723 51.510701", "From Newton Street, Covent Garden to Southampton Street, Strand"
"LINESTRING (-0.115533 51.504942,-0.121723 51.510701", "From Concert Hall Approach 2, South Bank to Southampton Street, Strand"
"LINESTRING (-0.098807 51.506725,-0.121723 51.510701", "From Tate Modern, Bankside to Southampton Street, Strand"
"LINESTRING (-0.217515 51.500353,-0.121723 51.510701", "From Richmond Way, Shepherd's Bush to Southampton Street, Strand"
"LINESTRING (-0.06691 51.507131,-0.121723 51.510701", "From Nesham Street, Wapping to Southampton Street, Strand"
"LINESTRING (-0.113426 51.503919,-0.121723 51.510701", "From Waterloo Station 2, Waterloo to Southampton Street, Strand"
"LINESTRING (-0.097441 51.511961,-0.121723 51.510701", "From Queen Victoria Street, St. Paul's to Southampton Street, Strand"
"LINESTRING (-0.178656 51.501432,-0.121723 51.510701", "From Kensington Gore, Knightsbridge to Southampton Street, Strand"
"LINESTRING (-0.09294 51.51397,-0.121723 51.510701", "From Cheapside, Bank to Southampton Street, Strand"
"LINESTRING (-0.113426 51.503919,-0.121723 51.510701", "From Waterloo Station 2, Waterloo to Southampton Street, Strand"
"LINESTRING (-0.112824 51.503791,-0.121723 51.510701", "From Waterloo Station 3, Waterloo to Southampton Street, Strand"
"LINESTRING (-0.085666 51.499075,-0.121723 51.510701", "From Long Lane , Bermondsey to Southampton Street, Strand"
"LINESTRING (-0.09294 51.51397,-0.121723 51.510701", "From Cheapside, Bank to Southampton Street, Strand"
"LINESTRING (-0.125674 51.491884,-0.121723 51.510701", "From Millbank Tower, Pimlico to Southampton Street, Strand"
"LINESTRING (-0.11655 51.51824,-0.121723 51.510701", "From Red Lion Street, Holborn to Southampton Street, Strand"
"LINESTRING (-0.136123 51.482362,-0.121723 51.510701", "From Riverlight North, Nine Elms to Southampton Street, Strand"
"LINESTRING (-0.097441 51.511961,-0.121723 51.510701", "From Queen Victoria Street, St. Paul's to Southampton Street, Strand"
"LINESTRING (-0.117122 51.490994,-0.121723 51.510701", "From Black Prince Road, Vauxhall to Southampton Street, Strand"
"LINESTRING (-0.129698 51.500703,-0.121723 51.510701", "From Storey's Gate, Westminster to Southampton Street, Strand"
"LINESTRING (-0.103137 51.506692,-0.121723 51.510701", "From Poured Lines, Bankside to Southampton Street, Strand"
"LINESTRING (-0.174554 51.499917,-0.121723 51.510701", "From Exhibition Road, Knightsbridge to Southampton Street, Strand"
"LINESTRING (-0.049067 51.51563,-0.121723 51.510701", "From Aylward Street, Stepney to Southampton Street, Strand"
"LINESTRING (-0.125078 51.534667,-0.155757 51.51013", "From Good's Way, King's Cross to Upper Grosvenor Street, Mayfair"
"LINESTRING (-0.141423 51.514499,-0.155757 51.51013", "From Little Argyll Street, West End to Upper Grosvenor Street, Mayfair"
"LINESTRING (-0.19024 51.515529,-0.155757 51.51013", "From Westbourne Grove, Bayswater to Upper Grosvenor Street, Mayfair"
"LINESTRING (-0.141423 51.514499,-0.155757 51.51013", "From Little Argyll Street, West End to Upper Grosvenor Street, Mayfair"
"LINESTRING (-0.141423 51.514499,-0.155757 51.51013", "From Little Argyll Street, West End to Upper Grosvenor Street, Mayfair"
"LINESTRING (-0.125078 51.534667,-0.155757 51.51013", "From Good's Way, King's Cross to Upper Grosvenor Street, Mayfair"
"LINESTRING (-0.066035 51.531864,-0.068856 51.521776", "From Goldsmith's Row, Haggerston to Buxton Street 1, Shoreditch"
"LINESTRING (-0.079249 51.518908,-0.068856 51.521776", "From Brushfield Street, Liverpool Street to Buxton Street 1, Shoreditch"
"LINESTRING (-0.07813 51.526377,-0.068856 51.521776", "From Shoreditch High Street, Shoreditch to Buxton Street 1, Shoreditch"
"LINESTRING (-0.038986 51.512871,-0.068856 51.521776", "From Flamborough Street, Limehouse to Buxton Street 1, Shoreditch"
"LINESTRING (-0.123616 51.529943,-0.068856 51.521776", "From Belgrove Street , King's Cross to Buxton Street 1, Shoreditch"
"LINESTRING (-0.068856 51.521776,-0.068856 51.521776", "From Buxton Street 1, Shoreditch to Buxton Street 1, Shoreditch"
"LINESTRING (-0.094475 51.521747,-0.068856 51.521776", "From Golden Lane, Barbican to Buxton Street 1, Shoreditch"
"LINESTRING (-0.041378 51.522507,-0.068856 51.521776", "From Queen Mary's, Mile End to Buxton Street 1, Shoreditch"
"LINESTRING (-0.079249 51.518908,-0.068856 51.521776", "From Brushfield Street, Liverpool Street to Buxton Street 1, Shoreditch"
"LINESTRING (-0.115156 51.489479,-0.142345 51.510662", "From Sancroft Street, Vauxhall to Clifford Street, Mayfair"
"LINESTRING (-0.149035 51.481121,-0.142345 51.510662", "From Sopwith Way, Battersea Park to Clifford Street, Mayfair"
"LINESTRING (-0.17677 51.530889,-0.142345 51.510662", "From Grove End Road, St. John's Wood to Clifford Street, Mayfair"
"LINESTRING (-0.11655 51.51824,-0.142345 51.510662", "From Red Lion Street, Holborn to Clifford Street, Mayfair"
"LINESTRING (-0.114842 51.50621,-0.142345 51.510662", "From Belvedere Road 2, South Bank to Clifford Street, Mayfair"
"LINESTRING (-0.132224 51.49206,-0.142345 51.510662", "From Regency Street, Westminster to Clifford Street, Mayfair"
"LINESTRING (-0.191803 51.473611,-0.142345 51.510662", "From Sandilands Road, Walham Green to Clifford Street, Mayfair"
"LINESTRING (-0.205284 51.496712,-0.142345 51.510662", "From Warwick Road, Olympia to Clifford Street, Mayfair"
"LINESTRING (-0.155442 51.474376,-0.142345 51.510662", "From Austin Road, Battersea Park to Clifford Street, Mayfair"
"LINESTRING (-0.114842 51.50621,-0.142345 51.510662", "From Belvedere Road 2, South Bank to Clifford Street, Mayfair"
"LINESTRING (-0.139625 51.490962,-0.142345 51.510662", "From Gloucester Street, Pimlico to Clifford Street, Mayfair"
"LINESTRING (-0.083159 51.500889,-0.142345 51.510662", "From Tyers Gate, Bermondsey to Clifford Street, Mayfair"
"LINESTRING (-0.126021 51.508103,-0.142345 51.510662", "From Craven Street, Strand to Clifford Street, Mayfair"
"LINESTRING (-0.063531 51.504719,-0.142345 51.510662", "From Hermitage Court, Wapping to Clifford Street, Mayfair"
"LINESTRING (-0.147301 51.514105,-0.142345 51.510662", "From Woodstock Street, Mayfair to Clifford Street, Mayfair"
"LINESTRING (-0.121394 51.493699,-0.142345 51.510662", "From Fire Brigade Pier, Vauxhall to Clifford Street, Mayfair"
"LINESTRING (-0.099981 51.532661,-0.142345 51.510662", "From Graham Street, Angel to Clifford Street, Mayfair"
"LINESTRING (-0.17677 51.530889,-0.142345 51.510662", "From Grove End Road, St. John's Wood to Clifford Street, Mayfair"
"LINESTRING (-0.168074 51.5343,-0.142345 51.510662", "From Charlbert Street, St. John's Wood to Clifford Street, Mayfair"
"LINESTRING (-0.151926 51.516814,-0.142345 51.510662", "From Hinde Street, Marylebone to Clifford Street, Mayfair"
"LINESTRING (-0.130458 51.494816,-0.142345 51.510662", "From Horseferry Road, Westminster to Clifford Street, Mayfair"
"LINESTRING (-0.19024 51.515529,-0.142345 51.510662", "From Westbourne Grove, Bayswater to Clifford Street, Mayfair"
"LINESTRING (-0.169774 51.519968,-0.179702 51.499428", "From Edgware Road Station, Marylebone to Imperial College, Knightsbridge"
"LINESTRING (-0.191803 51.473611,-0.179702 51.499428", "From Sandilands Road, Walham Green to Imperial College, Knightsbridge"
"LINESTRING (-0.209378 51.489591,-0.179702 51.499428", "From Vereker Road, West Kensington to Imperial College, Knightsbridge"
"LINESTRING (-0.170279 51.506451,-0.179702 51.499428", "From Triangle Car Park, Hyde Park to Imperial College, Knightsbridge"
"LINESTRING (-0.183118 51.515607,-0.179702 51.499428", "From Cleveland Gardens, Bayswater to Imperial College, Knightsbridge"
"LINESTRING (-0.187842 51.509908,-0.179702 51.499428", "From Black Lion Gate, Kensington Gardens to Imperial College, Knightsbridge"
"LINESTRING (-0.202802 51.45682,-0.179702 51.499428", "From Mexfield Road, East Putney to Imperial College, Knightsbridge"
"LINESTRING (-0.211316 51.500088,-0.179702 51.499428", "From Russell Gardens, Olympia to Imperial College, Knightsbridge"
"LINESTRING (-0.217515 51.500353,-0.179702 51.499428", "From Richmond Way, Shepherd's Bush to Imperial College, Knightsbridge"
"LINESTRING (-0.20782 51.473471,-0.179702 51.499428", "From Fulham Park Road, Fulham to Imperial College, Knightsbridge"
"LINESTRING (-0.18119 51.490945,-0.179702 51.499428", "From Old Brompton Road, South Kensington to Imperial College, Knightsbridge"
"LINESTRING (-0.169821 51.466633,-0.179702 51.499428", "From Falcon Road, Clapham Junction to Imperial College, Knightsbridge"
"LINESTRING (-0.217515 51.500353,-0.179702 51.499428", "From Richmond Way, Shepherd's Bush to Imperial College, Knightsbridge"
"LINESTRING (-0.192369 51.491593,-0.179702 51.499428", "From Penywern Road, Earl's Court to Imperial College, Knightsbridge"
"LINESTRING (-0.236769 51.494223,-0.179702 51.499428", "From Ravenscourt Park Station, Hammersmith to Imperial College, Knightsbridge"
"LINESTRING (-0.15352 51.503117,-0.179702 51.499428", "From Hyde Park Corner, Hyde Park to Imperial College, Knightsbridge"
"LINESTRING (-0.174554 51.499917,-0.179702 51.499428", "From Exhibition Road, Knightsbridge to Imperial College, Knightsbridge"
"LINESTRING (-0.18267 51.494185,-0.179702 51.499428", "From Gloucester Road Station, South Kensington to Imperial College, Knightsbridge"
"LINESTRING (-0.147449 51.509351,-0.179702 51.499428", "From Farm Street, Mayfair to Imperial College, Knightsbridge"
"LINESTRING (-0.108322 51.510981,-0.179702 51.499428", "From Temple Gardens, Temple to Imperial College, Knightsbridge"
"LINESTRING (-0.169249 51.515953,-0.179702 51.499428", "From Southwick Street, Paddington to Imperial College, Knightsbridge"
"LINESTRING (-0.206029 51.49087,-0.179702 51.499428", "From West Kensington Station, West Kensington to Imperial College, Knightsbridge"
"LINESTRING (-0.217995 51.487285,-0.179702 51.499428", "From Charing Cross Hospital, Hammersmith to Imperial College, Knightsbridge"
"LINESTRING (-0.167919 51.484984,-0.179702 51.499428", "From Phene Street, Chelsea to Imperial College, Knightsbridge"
"LINESTRING (-0.217995 51.487285,-0.179702 51.499428", "From Charing Cross Hospital, Hammersmith to Imperial College, Knightsbridge"
"LINESTRING (-0.192369 51.491593,-0.179702 51.499428", "From Penywern Road, Earl's Court to Imperial College, Knightsbridge"
"LINESTRING (-0.217995 51.487285,-0.179702 51.499428", "From Charing Cross Hospital, Hammersmith to Imperial College, Knightsbridge"
"LINESTRING (-0.174971 51.485121,-0.179702 51.499428", "From The Vale, Chelsea to Imperial College, Knightsbridge"
"LINESTRING (-0.187404 51.487958,-0.179702 51.499428", "From Harcourt Terrace, West Brompton to Imperial College, Knightsbridge"
"LINESTRING (-0.179369 51.487196,-0.179702 51.499428", "From Drayton Gardens, West Chelsea to Imperial College, Knightsbridge"
"LINESTRING (-0.185273 51.481765,-0.179702 51.499428", "From Hortensia Road, West Brompton to Imperial College, Knightsbridge"
"LINESTRING (-0.174411 51.511933,-0.179702 51.499428", "From Bayswater Road, Hyde Park to Imperial College, Knightsbridge"
"LINESTRING (-0.173029 51.464894,-0.179702 51.499428", "From Grant Road East, Clapham Junction to Imperial College, Knightsbridge"
"LINESTRING (-0.192369 51.491593,-0.179702 51.499428", "From Penywern Road, Earl's Court to Imperial College, Knightsbridge"
"LINESTRING (-0.137235 51.473116,-0.179702 51.499428", "From Stewart's Road, Wandsworth Road to Imperial College, Knightsbridge"
"LINESTRING (-0.19024 51.515529,-0.179702 51.499428", "From Westbourne Grove, Bayswater to Imperial College, Knightsbridge"
"LINESTRING (-0.213872 51.51687,-0.179702 51.499428", "From St. Mark's Road, North Kensington to Imperial College, Knightsbridge"
"LINESTRING (-0.190603 51.493631,-0.179702 51.499428", "From Knaresborough Place, Earl's Court to Imperial College, Knightsbridge"
"LINESTRING (-0.174971 51.485121,-0.179702 51.499428", "From The Vale, Chelsea to Imperial College, Knightsbridge"
"LINESTRING (-0.236769 51.494223,-0.179702 51.499428", "From Ravenscourt Park Station, Hammersmith to Imperial College, Knightsbridge"
"LINESTRING (-0.209378 51.489591,-0.179702 51.499428", "From Vereker Road, West Kensington to Imperial College, Knightsbridge"
"LINESTRING (-0.209973 51.481021,-0.179702 51.499428", "From Aintree Street, Fulham to Imperial College, Knightsbridge"
"LINESTRING (-0.197574 51.499606,-0.179702 51.499428", "From Phillimore Gardens, Kensington to Imperial College, Knightsbridge"
"LINESTRING (-0.145904 51.507069,-0.179702 51.499428", "From Curzon Street, Mayfair to Imperial College, Knightsbridge"
"LINESTRING (-0.123616 51.529943,-0.103604 51.517334", "From Belgrove Street , King's Cross to Snow Hill, Farringdon"
"LINESTRING (-0.079608 51.521668,-0.103604 51.517334", "From Worship Street, Shoreditch to Snow Hill, Farringdon"
"LINESTRING (-0.087262 51.506304,-0.103604 51.517334", "From Duke Street Hill, London Bridge to Snow Hill, Farringdon"
"LINESTRING (-0.096317 51.526008,-0.103604 51.517334", "From Finsbury Leisure Centre, St. Luke's to Snow Hill, Farringdon"
"LINESTRING (-0.13225 51.528833,-0.103604 51.517334", "From Doric Way , Somers Town to Snow Hill, Farringdon"
"LINESTRING (-0.11934 51.531066,-0.103604 51.517334", "From Northdown Street, King's Cross to Snow Hill, Farringdon"
"LINESTRING (-0.138231 51.525542,-0.103604 51.517334", "From Hampstead Road, Euston to Snow Hill, Farringdon"
"LINESTRING (-0.087587 51.514441,-0.103604 51.517334", "From Bank of England Museum, Bank to Snow Hill, Farringdon"
"LINESTRING (-0.123616 51.529943,-0.103604 51.517334", "From Belgrove Street , King's Cross to Snow Hill, Farringdon"
"LINESTRING (-0.069542 51.512363,-0.103604 51.517334", "From Leman Street, Aldgate to Snow Hill, Farringdon"
"LINESTRING (-0.123616 51.529943,-0.103604 51.517334", "From Belgrove Street , King's Cross to Snow Hill, Farringdon"
"LINESTRING (-0.00699 51.508981,-0.103604 51.517334", "From Naval Row, Blackwall to Snow Hill, Farringdon"
"LINESTRING (-0.104724 51.52836,-0.103604 51.517334", "From St. John Street, Finsbury to Snow Hill, Farringdon"
"LINESTRING (-0.155525 51.516204,-0.176268 51.524826", "From Portman Square, Marylebone to Aberdeen Place, St. John's Wood"
"LINESTRING (-0.179668 51.511654,-0.176268 51.524826", "From Lancaster Gate , Bayswater to Aberdeen Place, St. John's Wood"
"LINESTRING (-0.218337 51.506256,-0.176268 51.524826", "From Westfield Southern Terrace ,Shepherd's Bush to Aberdeen Place, St. John's Wood"
"LINESTRING (-0.175116 51.523353,-0.176268 51.524826", "From Frampton Street, Paddington to Aberdeen Place, St. John's Wood"
"LINESTRING (-0.145246 51.539957,-0.176268 51.524826", "From Arlington Road, Camden Town to Aberdeen Place, St. John's Wood"
"LINESTRING (-0.141327 51.520253,-0.176268 51.524826", "From Great Titchfield Street, Fitzrovia to Aberdeen Place, St. John's Wood"
"LINESTRING (-0.167515 51.530529,-0.176268 51.524826", "From St. John's Wood Church, The Regent's Park to Aberdeen Place, St. John's Wood"
"LINESTRING (-0.138019 51.524438,-0.176268 51.524826", "From Warren Street Station, Euston to Aberdeen Place, St. John's Wood"
"LINESTRING (-0.183846 51.523344,-0.176268 51.524826", "From Warwick Avenue Station, Maida Vale to Aberdeen Place, St. John's Wood"
"LINESTRING (-0.155442 51.474376,-0.176268 51.524826", "From Austin Road, Battersea Park to Aberdeen Place, St. John's Wood"
"LINESTRING (-0.191462 51.501364,-0.176268 51.524826", "From Derry Street, Kensington to Aberdeen Place, St. John's Wood"
"LINESTRING (-0.211593 51.51323,-0.176268 51.524826", "From Clarendon Road, Avondale to Aberdeen Place, St. John's Wood"
"LINESTRING (-0.188098 51.517919,-0.176268 51.524826", "From Gloucester Terrace, Bayswater to Aberdeen Place, St. John's Wood"
"LINESTRING (-0.154701 51.520583,-0.176268 51.524826", "From Paddington Street, Marylebone to Aberdeen Place, St. John's Wood"
"LINESTRING (-0.157183 51.52026,-0.163609 51.51809", "From Crawford Street, Marylebone to Shouldham Street, Marylebone"
"LINESTRING (-0.174653 51.527294,-0.163609 51.51809", "From St. John's Wood Road, St. John's Wood to Shouldham Street, Marylebone"
"LINESTRING (-0.150481 51.51217,-0.163609 51.51809", "From Grosvenor Square, Mayfair to Shouldham Street, Marylebone"
"LINESTRING (-0.179592 51.525575,-0.163609 51.51809", "From Clifton Road, Maida Vale to Shouldham Street, Marylebone"
"LINESTRING (-0.111781 51.533319,-0.163609 51.51809", "From Risinghill Street, Angel to Shouldham Street, Marylebone"
"LINESTRING (-0.143613 51.523518,-0.163609 51.51809", "From Bolsover Street, Fitzrovia to Shouldham Street, Marylebone"
"LINESTRING (-0.135478 51.495827,-0.163609 51.51809", "From Rochester Row, Westminster to Shouldham Street, Marylebone"
"LINESTRING (-0.147983 51.519167,-0.163609 51.51809", "From New Cavendish Street, Marylebone to Shouldham Street, Marylebone"
"LINESTRING (-0.155525 51.516204,-0.163609 51.51809", "From Portman Square, Marylebone to Shouldham Street, Marylebone"
"LINESTRING (-0.147154 51.537349,-0.163609 51.51809", "From Gloucester Avenue, Camden Town to Shouldham Street, Marylebone"
"LINESTRING (-0.183716 51.517932,-0.163609 51.51809", "From Orsett Terrace, Bayswater to Shouldham Street, Marylebone"
"LINESTRING (-0.169249 51.515953,-0.163609 51.51809", "From Southwick Street, Paddington to Shouldham Street, Marylebone"
"LINESTRING (-0.190603 51.493631,-0.163609 51.51809", "From Knaresborough Place, Earl's Court to Shouldham Street, Marylebone"
"LINESTRING (-0.154701 51.520583,-0.163609 51.51809", "From Paddington Street, Marylebone to Shouldham Street, Marylebone"
"LINESTRING (-0.150481 51.51217,-0.163609 51.51809", "From Grosvenor Square, Mayfair to Shouldham Street, Marylebone"
"LINESTRING (-0.150481 51.51217,-0.163609 51.51809", "From Grosvenor Square, Mayfair to Shouldham Street, Marylebone"
"LINESTRING (-0.154106 51.517703,-0.163609 51.51809", "From George Street, Marylebone to Shouldham Street, Marylebone"
"LINESTRING (-0.17219 51.526448,-0.163609 51.51809", "From Lisson Grove, St. John's Wood to Shouldham Street, Marylebone"
"LINESTRING (-0.191496 51.503157,-0.163609 51.51809", "From Kensington Church Street, Kensington to Shouldham Street, Marylebone"
"LINESTRING (-0.151926 51.516814,-0.163609 51.51809", "From Hinde Street, Marylebone to Shouldham Street, Marylebone"
"LINESTRING (-0.154701 51.520583,-0.163609 51.51809", "From Paddington Street, Marylebone to Shouldham Street, Marylebone"
"LINESTRING (-0.158456 51.502953,-0.17977 51.51348", "From Albert Gate, Hyde Park to Devonshire Terrace, Bayswater"
"LINESTRING (-0.141423 51.514499,-0.17977 51.51348", "From Little Argyll Street, West End to Devonshire Terrace, Bayswater"
"LINESTRING (-0.14296 51.497998,-0.17977 51.51348", "From Warwick Row, Westminster to Devonshire Terrace, Bayswater"
"LINESTRING (-0.179135 51.516417,-0.17977 51.51348", "From Eastbourne Mews, Paddington to Devonshire Terrace, Bayswater"
"LINESTRING (-0.18697 51.51616,-0.17977 51.51348", "From Bishop's Bridge Road West, Bayswater to Devonshire Terrace, Bayswater"
"LINESTRING (-0.216573 51.466907,-0.17977 51.51348", "From Putney Pier, Wandsworth to Devonshire Terrace, Bayswater"
"LINESTRING (-0.157436 51.512276,-0.17977 51.51348", "From Green Street, Mayfair to Devonshire Terrace, Bayswater"
"LINESTRING (-0.18697 51.51616,-0.17977 51.51348", "From Bishop's Bridge Road West, Bayswater to Devonshire Terrace, Bayswater"
"LINESTRING (-0.141423 51.514499,-0.17977 51.51348", "From Little Argyll Street, West End to Devonshire Terrace, Bayswater"
"LINESTRING (-0.16862 51.53256,-0.17977 51.51348", "From Greenberry Street, St.John's Wood to Devonshire Terrace, Bayswater"
"LINESTRING (-0.084439 51.524696,-0.17977 51.51348", "From Leonard Circus , Shoreditch to Devonshire Terrace, Bayswater"
"LINESTRING (-0.154701 51.520583,-0.17977 51.51348", "From Paddington Street, Marylebone to Devonshire Terrace, Bayswater"
"LINESTRING (-0.147624 51.49395,-0.17977 51.51348", "From Eccleston Place, Victoria to Devonshire Terrace, Bayswater"
"LINESTRING (-0.163667 51.520331,-0.17977 51.51348", "From Seymour Place, Marylebone to Devonshire Terrace, Bayswater"
"LINESTRING (-0.165164 51.514746,-0.17977 51.51348", "From Porchester Place, Paddington to Devonshire Terrace, Bayswater"
"LINESTRING (-0.165842 51.522029,-0.17977 51.51348", "From Bell Street , Marylebone to Devonshire Terrace, Bayswater"
"LINESTRING (-0.192538 51.504723,-0.17977 51.51348", "From Vicarage Gate, Kensington to Devonshire Terrace, Bayswater"
"LINESTRING (-0.141327 51.520253,-0.17977 51.51348", "From Great Titchfield Street, Fitzrovia to Devonshire Terrace, Bayswater"
"LINESTRING (-0.18697 51.51616,-0.17977 51.51348", "From Bishop's Bridge Road West, Bayswater to Devonshire Terrace, Bayswater"
"LINESTRING (-0.164207 51.517372,-0.17977 51.51348", "From Harrowby Street, Marylebone to Devonshire Terrace, Bayswater"
"LINESTRING (-0.19096 51.51244,-0.17977 51.51348", "From Ilchester Gardens, Bayswater to Devonshire Terrace, Bayswater"
"LINESTRING (-0.165164 51.514746,-0.17977 51.51348", "From Porchester Place, Paddington to Devonshire Terrace, Bayswater"
"LINESTRING (-0.159237 51.501855,-0.17977 51.51348", "From Seville Street, Knightsbridge to Devonshire Terrace, Bayswater"
"LINESTRING (-0.145827 51.507326,-0.17977 51.51348", "From Clarges Street, Mayfair to Devonshire Terrace, Bayswater"
"LINESTRING (-0.142844 51.506613,-0.17977 51.51348", "From Green Park Station, Mayfair to Devonshire Terrace, Bayswater"
"LINESTRING (-0.215087 51.490217,-0.17977 51.51348", "From Barons Court Station, West Kensington to Devonshire Terrace, Bayswater"
"LINESTRING (-0.192369 51.491593,-0.200742 51.502319", "From Penywern Road, Earl's Court to Holland Park, Kensington"
"LINESTRING (-0.192369 51.491593,-0.200742 51.502319", "From Penywern Road, Earl's Court to Holland Park, Kensington"
"LINESTRING (-0.191496 51.503157,-0.200742 51.502319", "From Kensington Church Street, Kensington to Holland Park, Kensington"
"LINESTRING (-0.187404 51.487958,-0.200742 51.502319", "From Harcourt Terrace, West Brompton to Holland Park, Kensington"
"LINESTRING (-0.058005 51.527152,-0.071653 51.522617", "From Pott Street, Bethnal Green to Brick Lane Market, Shoreditch"
"LINESTRING (-0.070133 51.515231,-0.071653 51.522617", "From Central House, Whitechapel to Brick Lane Market, Shoreditch"
"LINESTRING (-0.079248 51.524526,-0.071653 51.522617", "From New Inn Yard, Shoreditch to Brick Lane Market, Shoreditch"
"LINESTRING (-0.132102 51.472918,-0.071653 51.522617", "From Courland Grove, Wandsworth Road to Brick Lane Market, Shoreditch"
"LINESTRING (-0.077121 51.511594,-0.071653 51.522617", "From Crosswall, Tower to Brick Lane Market, Shoreditch"
"LINESTRING (-0.025296 51.527058,-0.071653 51.522617", "From Bow Road Station, Bow to Brick Lane Market, Shoreditch"
"LINESTRING (-0.071653 51.522617,-0.071653 51.522617", "From Brick Lane Market, Shoreditch to Brick Lane Market, Shoreditch"
"LINESTRING (-0.033085 51.532513,-0.071653 51.522617", "From Ford Road, Old Ford to Brick Lane Market, Shoreditch"
"LINESTRING (-0.06142 51.532091,-0.071653 51.522617", "From Pritchard's Road, Bethnal Green to Brick Lane Market, Shoreditch"
"LINESTRING (-0.075375 51.528187,-0.071653 51.522617", "From Columbia Road, Shoreditch to Brick Lane Market, Shoreditch"
"LINESTRING (-0.089446 51.497382,-0.071653 51.522617", "From Great Dover Street, The Borough to Brick Lane Market, Shoreditch"
"LINESTRING (-0.058005 51.527152,-0.071653 51.522617", "From Pott Street, Bethnal Green to Brick Lane Market, Shoreditch"
"LINESTRING (-0.134621 51.507424,-0.071653 51.522617", "From St. James's Square, St. James's to Brick Lane Market, Shoreditch"
"LINESTRING (-0.049067 51.51563,-0.071653 51.522617", "From Aylward Street, Stepney to Brick Lane Market, Shoreditch"
"LINESTRING (-0.074431 51.519362,-0.071653 51.522617", "From Fournier Street, Whitechapel to Brick Lane Market, Shoreditch"
"LINESTRING (-0.057133 51.527607,-0.071653 51.522617", "From Hollybush Gardens, Bethnal Green to Brick Lane Market, Shoreditch"
"LINESTRING (-0.077121 51.511594,-0.071653 51.522617", "From Crosswall, Tower to Brick Lane Market, Shoreditch"
"LINESTRING (-0.13011 51.513527,-0.154106 51.517703", "From Moor Street, Soho to George Street, Marylebone"
"LINESTRING (-0.15213 51.470475,-0.154106 51.517703", "From Stanley Grove, Battersea to George Street, Marylebone"
"LINESTRING (-0.085814 51.495061,-0.154106 51.517703", "From Bricklayers Arms, Borough to George Street, Marylebone"
"LINESTRING (-0.147714 51.483507,-0.154106 51.517703", "From Battersea Power Station, Battersea Park to George Street, Marylebone"
"LINESTRING (-0.165668 51.524561,-0.154106 51.517703", "From Broadley Terrace, Marylebone to George Street, Marylebone"
"LINESTRING (-0.104298 51.526717,-0.154106 51.517703", "From Finsbury Library , Finsbury to George Street, Marylebone"
"LINESTRING (-0.135777 51.51953,-0.154106 51.517703", "From Charlotte Street, Fitzrovia to George Street, Marylebone"
"LINESTRING (-0.138019 51.524438,-0.154106 51.517703", "From Warren Street Station, Euston to George Street, Marylebone"
"LINESTRING (-0.154106 51.517703,-0.154106 51.517703", "From George Street, Marylebone to George Street, Marylebone"
"LINESTRING (-0.110889 51.495718,-0.154106 51.517703", "From Kennington Road  , Vauxhall to George Street, Marylebone"
"LINESTRING (-0.164207 51.517372,-0.154106 51.517703", "From Harrowby Street, Marylebone to George Street, Marylebone"
"LINESTRING (-0.124749 51.509462,-0.154106 51.517703", "From William IV Street, Strand to George Street, Marylebone"
"LINESTRING (-0.174653 51.527294,-0.154106 51.517703", "From St. John's Wood Road, St. John's Wood to George Street, Marylebone"
"LINESTRING (-0.179369 51.487196,-0.154106 51.517703", "From Drayton Gardens, West Chelsea to George Street, Marylebone"
"LINESTRING (-0.141327 51.520253,-0.154106 51.517703", "From Great Titchfield Street, Fitzrovia to George Street, Marylebone"
"LINESTRING (-0.167515 51.530529,-0.154106 51.517703", "From St. John's Wood Church, The Regent's Park to George Street, Marylebone"
"LINESTRING (-0.102757 51.536384,-0.154106 51.517703", "From Islington Green, Angel to George Street, Marylebone"
"LINESTRING (-0.075885 51.536585,-0.075375 51.528187", "From Dunston Road , Haggerston to Columbia Road, Shoreditch"
"LINESTRING (-0.109256 51.526443,-0.075375 51.528187", "From Tysoe Street, Clerkenwell to Columbia Road, Shoreditch"
"LINESTRING (-0.075885 51.536585,-0.075375 51.528187", "From Dunston Road , Haggerston to Columbia Road, Shoreditch"
"LINESTRING (-0.06111 51.518675,-0.075375 51.528187", "From Royal London Hospital, Whitechapel to Columbia Road, Shoreditch"
"LINESTRING (-0.083353 51.529537,-0.075375 51.528187", "From Fanshaw Street, Hoxton to Columbia Road, Shoreditch"
"LINESTRING (-0.028941 51.542118,-0.075375 51.528187", "From Cadogan Close, Victoria Park to Columbia Road, Shoreditch"
"LINESTRING (-0.075375 51.528187,-0.075375 51.528187", "From Columbia Road, Shoreditch to Columbia Road, Shoreditch"
"LINESTRING (-0.058005 51.527152,-0.075375 51.528187", "From Pott Street, Bethnal Green to Columbia Road, Shoreditch"
"LINESTRING (-0.066078 51.514924,-0.075375 51.528187", "From LMU Commercial Road, Whitechapel to Columbia Road, Shoreditch"
"LINESTRING (-0.132224 51.49206,-0.075375 51.528187", "From Regency Street, Westminster to Columbia Road, Shoreditch"
"LINESTRING (-0.071881 51.534776,-0.075375 51.528187", "From Thurtle Road, Haggerston to Columbia Road, Shoreditch"
"LINESTRING (-0.079249 51.518908,-0.075375 51.528187", "From Brushfield Street, Liverpool Street to Columbia Road, Shoreditch"
"LINESTRING (-0.017676 51.503083,-0.075375 51.528187", "From Upper Bank Street, Canary Wharf to Columbia Road, Shoreditch"
"LINESTRING (-0.089887 51.520858,-0.075375 51.528187", "From Bunhill Row, Moorgate to Columbia Road, Shoreditch"
"LINESTRING (-0.147983 51.519167,-0.075375 51.528187", "From New Cavendish Street, Marylebone to Columbia Road, Shoreditch"
"LINESTRING (-0.093421 51.529154,-0.075375 51.528187", "From Windsor Terrace, Hoxton to Columbia Road, Shoreditch"
"LINESTRING (-0.101026 51.528246,-0.075375 51.528187", "From Goswell Road (City Uni), Finsbury to Columbia Road, Shoreditch"
"LINESTRING (-0.055312 51.52568,-0.075375 51.528187", "From Bethnal Green Garden, Bethnal Green to Columbia Road, Shoreditch"
"LINESTRING (-0.124826 51.516226,-0.075375 51.528187", "From High Holborn , Covent Garden to Columbia Road, Shoreditch"
"LINESTRING (-0.083353 51.529537,-0.075375 51.528187", "From Fanshaw Street, Hoxton to Columbia Road, Shoreditch"
"LINESTRING (-0.075375 51.528187,-0.075375 51.528187", "From Columbia Road, Shoreditch to Columbia Road, Shoreditch"
"LINESTRING (-0.058005 51.527152,-0.075375 51.528187", "From Pott Street, Bethnal Green to Columbia Road, Shoreditch"
"LINESTRING (-0.058826 51.54119,-0.075375 51.528187", "From London Fields, Hackney Central to Columbia Road, Shoreditch"
"LINESTRING (-0.08299 51.53213,-0.075375 51.528187", "From Pitfield Street Central, Hoxton to Columbia Road, Shoreditch"
"LINESTRING (-0.075375 51.528187,-0.075375 51.528187", "From Columbia Road, Shoreditch to Columbia Road, Shoreditch"
"LINESTRING (-0.126021 51.508103,-0.075375 51.528187", "From Craven Street, Strand to Columbia Road, Shoreditch"
"LINESTRING (-0.054162 51.536424,-0.075375 51.528187", "From Victoria Park Road, Hackney Central to Columbia Road, Shoreditch"
"LINESTRING (-0.037366 51.534137,-0.075375 51.528187", "From Driffield Road, Old Ford to Columbia Road, Shoreditch"
"LINESTRING (-0.011889 51.538718,-0.075375 51.528187", "From Podium, Queen Elizabeth Olympic Park to Columbia Road, Shoreditch"
"LINESTRING (-0.092762 51.500296,-0.075375 51.528187", "From Swan Street, The Borough to Columbia Road, Shoreditch"
"LINESTRING (-0.069743 51.528222,-0.075375 51.528187", "From Wellington Row, Bethnal Green to Columbia Road, Shoreditch"
"LINESTRING (-0.122299 51.530199,-0.171681 51.522892", "From Birkenhead Street, King's Cross to Penfold Street, Marylebone"
"LINESTRING (-0.151359 51.522008,-0.171681 51.522892", "From Beaumont Street, Marylebone to Penfold Street, Marylebone"
"LINESTRING (-0.171681 51.522892,-0.171681 51.522892", "From Penfold Street, Marylebone to Penfold Street, Marylebone"
"LINESTRING (-0.141423 51.514499,-0.171681 51.522892", "From Little Argyll Street, West End to Penfold Street, Marylebone"
"LINESTRING (-0.16862 51.53256,-0.171681 51.522892", "From Greenberry Street, St.John's Wood to Penfold Street, Marylebone"
"LINESTRING (-0.169249 51.515953,-0.171681 51.522892", "From Southwick Street, Paddington to Penfold Street, Marylebone"
"LINESTRING (-0.147154 51.537349,-0.171681 51.522892", "From Gloucester Avenue, Camden Town to Penfold Street, Marylebone"
"LINESTRING (-0.163609 51.51809,-0.171681 51.522892", "From Shouldham Street, Marylebone to Penfold Street, Marylebone"
"LINESTRING (-0.163609 51.51809,-0.171681 51.522892", "From Shouldham Street, Marylebone to Penfold Street, Marylebone"
"LINESTRING (-0.134407 51.526236,-0.171681 51.522892", "From Euston Road, Euston to Penfold Street, Marylebone"
"LINESTRING (-0.165842 51.522029,-0.171681 51.522892", "From Bell Street , Marylebone to Penfold Street, Marylebone"
"LINESTRING (-0.163609 51.51809,-0.171681 51.522892", "From Shouldham Street, Marylebone to Penfold Street, Marylebone"
"LINESTRING (-0.137043 51.511897,-0.171681 51.522892", "From Golden Square, Soho to Penfold Street, Marylebone"
"LINESTRING (-0.167515 51.530529,-0.171681 51.522892", "From St. John's Wood Church, The Regent's Park to Penfold Street, Marylebone"
"LINESTRING (-0.166304 51.525051,-0.158249 51.516892", "From Mallory Street, Marylebone to George Place Mews, Marylebone"
"LINESTRING (-0.099489 51.524868,-0.158249 51.516892", "From Sadlers Sports Centre, Finsbury to George Place Mews, Marylebone"
"LINESTRING (-0.13225 51.528833,-0.158249 51.516892", "From Doric Way , Somers Town to George Place Mews, Marylebone"
"LINESTRING (-0.157275 51.510017,-0.158249 51.516892", "From Park Lane , Hyde Park to George Place Mews, Marylebone"
"LINESTRING (-0.149004 51.485821,-0.158249 51.516892", "From Chelsea Bridge, Pimlico to George Place Mews, Marylebone"
"LINESTRING (-0.142345 51.510662,-0.158249 51.516892", "From Clifford Street, Mayfair to George Place Mews, Marylebone"
"LINESTRING (-0.130431 51.52168,-0.158249 51.516892", "From Malet Street, Bloomsbury to George Place Mews, Marylebone"
"LINESTRING (-0.143613 51.523518,-0.158249 51.516892", "From Bolsover Street, Fitzrovia to George Place Mews, Marylebone"
"LINESTRING (-0.105344 51.515059,-0.158249 51.516892", "From St. Bride Street, Holborn to George Place Mews, Marylebone"
"LINESTRING (-0.141423 51.514499,-0.158249 51.516892", "From Little Argyll Street, West End to George Place Mews, Marylebone"
"LINESTRING (-0.154907 51.522481,-0.158249 51.516892", "From Westminster University, Marylebone to George Place Mews, Marylebone"
"LINESTRING (-0.200838 51.514311,-0.158249 51.516892", "From Turquoise Island, Notting Hill to George Place Mews, Marylebone"
"LINESTRING (-0.123616 51.529943,-0.158249 51.516892", "From Belgrove Street , King's Cross to George Place Mews, Marylebone"
"LINESTRING (-0.123823 51.501513,-0.158249 51.516892", "From Westminster Pier, Westminster to George Place Mews, Marylebone"
"LINESTRING (-0.156285 51.535836,-0.158249 51.516892", "From London Zoo,  The Regent's Park to George Place Mews, Marylebone"
"LINESTRING (-0.157275 51.510017,-0.158249 51.516892", "From Park Lane , Hyde Park to George Place Mews, Marylebone"
"LINESTRING (-0.158264 51.514577,-0.158249 51.516892", "From Old Quebec Street, Marylebone to George Place Mews, Marylebone"
"LINESTRING (-0.154701 51.520583,-0.158249 51.516892", "From Paddington Street, Marylebone to George Place Mews, Marylebone"
"LINESTRING (-0.205921 51.511624,-0.1844 51.502042", "From Ladbroke Grove Central, Ladbroke Grove to Palace Gate, Kensington Gardens"
"LINESTRING (-0.174411 51.511933,-0.1844 51.502042", "From Bayswater Road, Hyde Park to Palace Gate, Kensington Gardens"
"LINESTRING (-0.157275 51.510017,-0.1844 51.502042", "From Park Lane , Hyde Park to Palace Gate, Kensington Gardens"
"LINESTRING (-0.103078 51.511934,-0.1844 51.502042", "From Blackfriars Station, St. Paul's to Palace Gate, Kensington Gardens"
"LINESTRING (-0.183118 51.515607,-0.1844 51.502042", "From Cleveland Gardens, Bayswater to Palace Gate, Kensington Gardens"
"LINESTRING (-0.103078 51.511934,-0.1844 51.502042", "From Blackfriars Station, St. Paul's to Palace Gate, Kensington Gardens"
"LINESTRING (-0.1844 51.502042,-0.1844 51.502042", "From Palace Gate, Kensington Gardens to Palace Gate, Kensington Gardens"
"LINESTRING (-0.19096 51.51244,-0.1844 51.502042", "From Ilchester Gardens, Bayswater to Palace Gate, Kensington Gardens"
"LINESTRING (-0.194116 51.479932,-0.1844 51.502042", "From Fulham Broadway, Walham Green to Palace Gate, Kensington Gardens"
"LINESTRING (-0.173693 51.495948,-0.1844 51.502042", "From Exhibition Road Museums 2, South Kensington to Palace Gate, Kensington Gardens"
"LINESTRING (-0.174971 51.485121,-0.1844 51.502042", "From The Vale, Chelsea to Palace Gate, Kensington Gardens"
"LINESTRING (-0.1844 51.502042,-0.1844 51.502042", "From Palace Gate, Kensington Gardens to Palace Gate, Kensington Gardens"
"LINESTRING (-0.186753 51.491615,-0.1844 51.502042", "From Collingham Gardens, Earl's Court to Palace Gate, Kensington Gardens"
"LINESTRING (-0.165164 51.514746,-0.1844 51.502042", "From Porchester Place, Paddington to Palace Gate, Kensington Gardens"
"LINESTRING (-0.200804 51.520509,-0.1844 51.502042", "From The Metropolitan, Portobello to Palace Gate, Kensington Gardens"
"LINESTRING (-0.14296 51.497998,-0.1844 51.502042", "From Warwick Row, Westminster to Palace Gate, Kensington Gardens"
"LINESTRING (-0.194116 51.479932,-0.1844 51.502042", "From Fulham Broadway, Walham Green to Palace Gate, Kensington Gardens"
"LINESTRING (-0.157275 51.510017,-0.1844 51.502042", "From Park Lane , Hyde Park to Palace Gate, Kensington Gardens"
"LINESTRING (-0.176267 51.472876,-0.1844 51.502042", "From Vicarage Crescent, Battersea to Palace Gate, Kensington Gardens"
"LINESTRING (-0.198286 51.493724,-0.18267 51.494185", "From West Cromwell Road, Earl's Court to Gloucester Road Station, South Kensington"
"LINESTRING (-0.18267 51.494185,-0.18267 51.494185", "From Gloucester Road Station, South Kensington to Gloucester Road Station, South Kensington"
"LINESTRING (-0.116688 51.520596,-0.18267 51.494185", "From Theobald's Road , Holborn to Gloucester Road Station, South Kensington"
"LINESTRING (-0.205284 51.496712,-0.18267 51.494185", "From Warwick Road, Olympia to Gloucester Road Station, South Kensington"
"LINESTRING (-0.154106 51.517703,-0.18267 51.494185", "From George Street, Marylebone to Gloucester Road Station, South Kensington"
"LINESTRING (-0.165842 51.522029,-0.18267 51.494185", "From Bell Street , Marylebone to Gloucester Road Station, South Kensington"
"LINESTRING (-0.179369 51.487196,-0.18267 51.494185", "From Drayton Gardens, West Chelsea to Gloucester Road Station, South Kensington"
"LINESTRING (-0.197609 51.483911,-0.18267 51.494185", "From Halford Road, West Kensington to Gloucester Road Station, South Kensington"
"LINESTRING (-0.187404 51.487958,-0.18267 51.494185", "From Harcourt Terrace, West Brompton to Gloucester Road Station, South Kensington"
"LINESTRING (-0.187404 51.487958,-0.18267 51.494185", "From Harcourt Terrace, West Brompton to Gloucester Road Station, South Kensington"
"LINESTRING (-0.18119 51.490945,-0.18267 51.494185", "From Old Brompton Road, South Kensington to Gloucester Road Station, South Kensington"
"LINESTRING (-0.191462 51.501364,-0.18267 51.494185", "From Derry Street, Kensington to Gloucester Road Station, South Kensington"
"LINESTRING (-0.197245 51.497387,-0.18267 51.494185", "From Abingdon Villas, Kensington to Gloucester Road Station, South Kensington"
"LINESTRING (-0.141812 51.469259,-0.18267 51.494185", "From Wandsworth Rd, Isley Court, Wandsworth Road to Gloucester Road Station, South Kensington"
"LINESTRING (-0.17581 51.517335,-0.18267 51.494185", "From South Wharf Road, Paddington to Gloucester Road Station, South Kensington"
"LINESTRING (-0.186753 51.491615,-0.18267 51.494185", "From Collingham Gardens, Earl's Court to Gloucester Road Station, South Kensington"
"LINESTRING (-0.186753 51.491615,-0.18267 51.494185", "From Collingham Gardens, Earl's Court to Gloucester Road Station, South Kensington"
"LINESTRING (-0.150905 51.496544,-0.18267 51.494185", "From Eaton Square, Belgravia to Gloucester Road Station, South Kensington"
"LINESTRING (-0.199135 51.468418,-0.18267 51.494185", "From Broomhouse Lane, Parsons Green to Gloucester Road Station, South Kensington"
"LINESTRING (-0.18119 51.490945,-0.18267 51.494185", "From Old Brompton Road, South Kensington to Gloucester Road Station, South Kensington"
"LINESTRING (-0.190346 51.46822,-0.18267 51.494185", "From Stephendale Road, Sands End to Gloucester Road Station, South Kensington"
"LINESTRING (-0.199135 51.468418,-0.18267 51.494185", "From Broomhouse Lane, Parsons Green to Gloucester Road Station, South Kensington"
"LINESTRING (-0.174347 51.476964,-0.18267 51.494185", "From Battersea Church Road, Battersea to Gloucester Road Station, South Kensington"
"LINESTRING (-0.174971 51.485121,-0.18267 51.494185", "From The Vale, Chelsea to Gloucester Road Station, South Kensington"
"LINESTRING (-0.192369 51.491593,-0.18267 51.494185", "From Penywern Road, Earl's Court to Gloucester Road Station, South Kensington"
"LINESTRING (-0.198286 51.493724,-0.18267 51.494185", "From West Cromwell Road, Earl's Court to Gloucester Road Station, South Kensington"
"LINESTRING (-0.173715 51.491211,-0.18267 51.494185", "From Sumner Place, South Kensington to Gloucester Road Station, South Kensington"
"LINESTRING (-0.174971 51.485121,-0.18267 51.494185", "From The Vale, Chelsea to Gloucester Road Station, South Kensington"
"LINESTRING (-0.180274 51.481805,-0.18267 51.494185", "From World's End Place, West Chelsea to Gloucester Road Station, South Kensington"
"LINESTRING (-0.128585 51.516118,-0.18267 51.494185", "From Earnshaw Street , Covent Garden to Gloucester Road Station, South Kensington"
"LINESTRING (-0.17021 51.474535,-0.18267 51.494185", "From Orbel Street, Battersea to Gloucester Road Station, South Kensington"
"LINESTRING (-0.18267 51.494185,-0.18267 51.494185", "From Gloucester Road Station, South Kensington to Gloucester Road Station, South Kensington"
"LINESTRING (-0.142844 51.506613,-0.18267 51.494185", "From Green Park Station, Mayfair to Gloucester Road Station, South Kensington"
"LINESTRING (-0.221791 51.49968,-0.18267 51.494185", "From Blythe Road West, Shepherd's Bush to Gloucester Road Station, South Kensington"
"LINESTRING (-0.179369 51.487196,-0.18267 51.494185", "From Drayton Gardens, West Chelsea to Gloucester Road Station, South Kensington"
"LINESTRING (-0.197574 51.499606,-0.18267 51.494185", "From Phillimore Gardens, Kensington to Gloucester Road Station, South Kensington"
"LINESTRING (-0.150905 51.496544,-0.18267 51.494185", "From Eaton Square, Belgravia to Gloucester Road Station, South Kensington"
"LINESTRING (-0.174971 51.485121,-0.18267 51.494185", "From The Vale, Chelsea to Gloucester Road Station, South Kensington"
"LINESTRING (-0.179369 51.487196,-0.18267 51.494185", "From Drayton Gardens, West Chelsea to Gloucester Road Station, South Kensington"
"LINESTRING (-0.205876 51.475698,-0.18267 51.494185", "From Chesilton Road, Fulham to Gloucester Road Station, South Kensington"
"LINESTRING (-0.150905 51.496544,-0.18267 51.494185", "From Eaton Square, Belgravia to Gloucester Road Station, South Kensington"
"LINESTRING (-0.174347 51.476964,-0.18267 51.494185", "From Battersea Church Road, Battersea to Gloucester Road Station, South Kensington"
"LINESTRING (-0.147478 51.492369,-0.18267 51.494185", "From Elizabeth Bridge, Victoria to Gloucester Road Station, South Kensington"
"LINESTRING (-0.196422 51.509353,-0.18267 51.494185", "From Notting Hill Gate Station, Notting Hill to Gloucester Road Station, South Kensington"
"LINESTRING (-0.174554 51.499917,-0.18267 51.494185", "From Exhibition Road, Knightsbridge to Gloucester Road Station, South Kensington"
"LINESTRING (-0.087587 51.514441,-0.083935 51.520009", "From Bank of England Museum, Bank to Sun Street, Liverpool Street"
"LINESTRING (-0.111781 51.533319,-0.083935 51.520009", "From Risinghill Street, Angel to Sun Street, Liverpool Street"
"LINESTRING (-0.086016 51.53114,-0.083935 51.520009", "From New North Road 2, Hoxton to Sun Street, Liverpool Street"
"LINESTRING (-0.083935 51.520009,-0.083935 51.520009", "From Sun Street, Liverpool Street to Sun Street, Liverpool Street"
"LINESTRING (-0.090847 51.525893,-0.083935 51.520009", "From Bath Street, St. Luke's to Sun Street, Liverpool Street"
"LINESTRING (-0.122203 51.534474,-0.083935 51.520009", "From Crinan Street, King's Cross to Sun Street, Liverpool Street"
"LINESTRING (-0.087262 51.506304,-0.083935 51.520009", "From Duke Street Hill, London Bridge to Sun Street, Liverpool Street"
"LINESTRING (-0.088542 51.527025,-0.083935 51.520009", "From Baldwin Street, St. Luke's to Sun Street, Liverpool Street"
"LINESTRING (-0.100791 51.518218,-0.083935 51.520009", "From West Smithfield Rotunda, Farringdon to Sun Street, Liverpool Street"
"LINESTRING (-0.069743 51.528222,-0.083935 51.520009", "From Wellington Row, Bethnal Green to Sun Street, Liverpool Street"
"LINESTRING (-0.084439 51.524696,-0.083935 51.520009", "From Leonard Circus , Shoreditch to Sun Street, Liverpool Street"
"LINESTRING (-0.086379 51.534042,-0.083935 51.520009", "From Shoreditch Park, Hoxton to Sun Street, Liverpool Street"
"LINESTRING (-0.08249 51.53558,-0.083935 51.520009", "From Pitfield Street North,Hoxton to Sun Street, Liverpool Street"
"LINESTRING (-0.102208 51.526153,-0.083935 51.520009", "From Percival Street, Finsbury to Sun Street, Liverpool Street"
"LINESTRING (-0.126874 51.47787,-0.083935 51.520009", "From Hartington Road, Stockwell to Sun Street, Liverpool Street"
"LINESTRING (-0.09315 51.53356,-0.083935 51.520009", "From Eagle Wharf Road, Hoxton to Sun Street, Liverpool Street"
"LINESTRING (-0.147857 51.477966,-0.099828 51.493146", "From Gas Holders, Battersea Park to Strata, Elephant & Castle"
"LINESTRING (-0.111471 51.479601,-0.099828 51.493146", "From Cranmer Road, Stockwell to Strata, Elephant & Castle"
"LINESTRING (-0.102091 51.500693,-0.099828 51.493146", "From Webber Street , Southwark to Strata, Elephant & Castle"
"LINESTRING (-0.194757 51.493343,-0.099828 51.493146", "From Nevern Place, Earl's Court to Strata, Elephant & Castle"
"LINESTRING (-0.114934 51.49288,-0.099828 51.493146", "From Lollard Street, Vauxhall to Strata, Elephant & Castle"
"LINESTRING (-0.092762 51.500296,-0.099828 51.493146", "From Swan Street, The Borough to Strata, Elephant & Castle"
"LINESTRING (-0.124642 51.481747,-0.099828 51.493146", "From South Lambeth Road, Vauxhall to Strata, Elephant & Castle"
"LINESTRING (-0.09885 51.515418,-0.099828 51.493146", "From Newgate Street , St. Paul's to Strata, Elephant & Castle"
"LINESTRING (-0.131961 51.508446,-0.099828 51.493146", "From Charles II Street, West End to Strata, Elephant & Castle"
"LINESTRING (-0.104947 51.516785,-0.099828 51.493146", "From Farringdon Street, Holborn to Strata, Elephant & Castle"
"LINESTRING (-0.114934 51.49288,-0.099828 51.493146", "From Lollard Street, Vauxhall to Strata, Elephant & Castle"
"LINESTRING (-0.114934 51.49288,-0.099828 51.493146", "From Lollard Street, Vauxhall to Strata, Elephant & Castle"
"LINESTRING (-0.093913 51.496791,-0.099828 51.493146", "From Dickens Square, Borough to Strata, Elephant & Castle"
"LINESTRING (-0.200806 51.457059,-0.099828 51.493146", "From Santos Road, Wandsworth to Strata, Elephant & Castle"
"LINESTRING (-0.123702 51.506767,-0.099828 51.493146", "From Northumberland Avenue, Strand to Strata, Elephant & Castle"
"LINESTRING (-0.147857 51.477966,-0.099828 51.493146", "From Gas Holders, Battersea Park to Strata, Elephant & Castle"
"LINESTRING (-0.09022 51.491484,-0.099828 51.493146", "From Rodney Road , Walworth to Strata, Elephant & Castle"
"LINESTRING (-0.09022 51.491484,-0.099828 51.493146", "From Rodney Road , Walworth to Strata, Elephant & Castle"
"LINESTRING (-0.111471 51.479601,-0.099828 51.493146", "From Cranmer Road, Stockwell to Strata, Elephant & Castle"
"LINESTRING (-0.16716 51.47518,-0.099828 51.493146", "From Surrey Lane, Battersea to Strata, Elephant & Castle"
"LINESTRING (-0.083353 51.529537,-0.099828 51.493146", "From Fanshaw Street, Hoxton to Strata, Elephant & Castle"
"LINESTRING (-0.0786 51.500647,-0.099828 51.493146", "From Tanner Street, Bermondsey to Strata, Elephant & Castle"
"LINESTRING (-0.116625 51.486965,-0.099828 51.493146", "From Vauxhall Street, Vauxhall to Strata, Elephant & Castle"
"LINESTRING (-0.124826 51.516226,-0.099828 51.493146", "From High Holborn , Covent Garden to Strata, Elephant & Castle"
"LINESTRING (-0.08974 51.500823,-0.099828 51.493146", "From Empire Square, The Borough to Strata, Elephant & Castle"
"LINESTRING (-0.118478 51.514409,-0.099828 51.493146", "From Kingsway, Covent Garden to Strata, Elephant & Castle"
"LINESTRING (-0.130458 51.494816,-0.099828 51.493146", "From Horseferry Road, Westminster to Strata, Elephant & Castle"
"LINESTRING (-0.11258 51.473874,-0.099828 51.493146", "From Normandy Road, Stockwell to Strata, Elephant & Castle"
"LINESTRING (-0.118478 51.514409,-0.099828 51.493146", "From Kingsway, Covent Garden to Strata, Elephant & Castle"
"LINESTRING (-0.157788 51.465123,-0.099828 51.493146", "From Sugden Road, Clapham to Strata, Elephant & Castle"
"LINESTRING (-0.085814 51.495061,-0.099828 51.493146", "From Bricklayers Arms, Borough to Strata, Elephant & Castle"
"LINESTRING (-0.085666 51.499075,-0.099828 51.493146", "From Long Lane , Bermondsey to Strata, Elephant & Castle"
"LINESTRING (-0.110699 51.501444,-0.099828 51.493146", "From Baylis Road, Waterloo to Strata, Elephant & Castle"
"LINESTRING (-0.113426 51.503919,-0.099828 51.493146", "From Waterloo Station 2, Waterloo to Strata, Elephant & Castle"
"LINESTRING (-0.130458 51.494816,-0.099828 51.493146", "From Horseferry Road, Westminster to Strata, Elephant & Castle"
"LINESTRING (-0.113179 51.466232,-0.099828 51.493146", "From St John's Crescent, Brixton to Strata, Elephant & Castle"
"LINESTRING (-0.115533 51.504942,-0.099828 51.493146", "From Concert Hall Approach 2, South Bank to Strata, Elephant & Castle"
"LINESTRING (-0.114934 51.49288,-0.099828 51.493146", "From Lollard Street, Vauxhall to Strata, Elephant & Castle"
"LINESTRING (-0.122219 51.51477,-0.099828 51.493146", "From Drury Lane, Covent Garden to Strata, Elephant & Castle"
"LINESTRING (-0.119643 51.511756,-0.099828 51.493146", "From Wellington Street , Strand to Strata, Elephant & Castle"
"LINESTRING (-0.092762 51.500296,-0.099828 51.493146", "From Swan Street, The Borough to Strata, Elephant & Castle"
"LINESTRING (-0.138733 51.496753,-0.099828 51.493146", "From Howick Place, Westminster to Strata, Elephant & Castle"
"LINESTRING (-0.09294 51.51397,-0.099828 51.493146", "From Cheapside, Bank to Strata, Elephant & Castle"
"LINESTRING (-0.10044 51.498898,-0.099828 51.493146", "From Borough Road, Elephant & Castle to Strata, Elephant & Castle"
"LINESTRING (-0.070133 51.515231,-0.099828 51.493146", "From Central House, Whitechapel to Strata, Elephant & Castle"
"LINESTRING (-0.08974 51.500823,-0.099828 51.493146", "From Empire Square, The Borough to Strata, Elephant & Castle"
"LINESTRING (-0.119643 51.511756,-0.099828 51.493146", "From Wellington Street , Strand to Strata, Elephant & Castle"
"LINESTRING (-0.103132 51.498744,-0.099828 51.493146", "From LSBU (Borough Road), Elephant & Castle to Strata, Elephant & Castle"
"LINESTRING (-0.122219 51.51477,-0.099828 51.493146", "From Drury Lane, Covent Garden to Strata, Elephant & Castle"
"LINESTRING (-0.103137 51.506692,-0.099828 51.493146", "From Poured Lines, Bankside to Strata, Elephant & Castle"
"LINESTRING (-0.113426 51.503919,-0.099828 51.493146", "From Waterloo Station 2, Waterloo to Strata, Elephant & Castle"
"LINESTRING (-0.117974 51.494881,-0.099828 51.493146", "From Lambeth Road, Vauxhall to Strata, Elephant & Castle"
"LINESTRING (-0.08974 51.500823,-0.099828 51.493146", "From Empire Square, The Borough to Strata, Elephant & Castle"
"LINESTRING (-0.116628 51.500089,-0.099828 51.493146", "From Lambeth Palace Road, Waterloo to Strata, Elephant & Castle"
"LINESTRING (-0.09885 51.515418,-0.099828 51.493146", "From Newgate Street , St. Paul's to Strata, Elephant & Castle"
"LINESTRING (-0.113426 51.503919,-0.099828 51.493146", "From Waterloo Station 2, Waterloo to Strata, Elephant & Castle"
"LINESTRING (-0.091938 51.492807,-0.099828 51.493146", "From Victory Place, Walworth to Strata, Elephant & Castle"
"LINESTRING (-0.137043 51.511897,-0.169774 51.519968", "From Golden Square, Soho to Edgware Road Station, Marylebone"
"LINESTRING (-0.145211 51.520715,-0.169774 51.519968", "From Portland Place, Marylebone to Edgware Road Station, Marylebone"
"LINESTRING (-0.145211 51.520715,-0.169774 51.519968", "From Portland Place, Marylebone to Edgware Road Station, Marylebone"
"LINESTRING (-0.19096 51.51244,-0.169774 51.519968", "From Ilchester Gardens, Bayswater to Edgware Road Station, Marylebone"
"LINESTRING (-0.123616 51.529943,-0.169774 51.519968", "From Belgrove Street , King's Cross to Edgware Road Station, Marylebone"
"LINESTRING (-0.147983 51.519167,-0.169774 51.519968", "From New Cavendish Street, Marylebone to Edgware Road Station, Marylebone"
"LINESTRING (-0.171681 51.522892,-0.169774 51.519968", "From Penfold Street, Marylebone to Edgware Road Station, Marylebone"
"LINESTRING (-0.145211 51.520715,-0.169774 51.519968", "From Portland Place, Marylebone to Edgware Road Station, Marylebone"
"LINESTRING (-0.147983 51.519167,-0.169774 51.519968", "From New Cavendish Street, Marylebone to Edgware Road Station, Marylebone"
"LINESTRING (-0.138231 51.525542,-0.169774 51.519968", "From Hampstead Road, Euston to Edgware Road Station, Marylebone"
"LINESTRING (-0.169774 51.519968,-0.169774 51.519968", "From Edgware Road Station, Marylebone to Edgware Road Station, Marylebone"
"LINESTRING (-0.180246 51.501026,-0.169774 51.519968", "From Queen's Gate (North), Kensington to Edgware Road Station, Marylebone"
"LINESTRING (-0.06142 51.532091,-0.169774 51.519968", "From Pritchard's Road, Bethnal Green to Edgware Road Station, Marylebone"
"LINESTRING (-0.165471 51.498884,-0.169774 51.519968", "From Montpelier Street, Knightsbridge to Edgware Road Station, Marylebone"
"LINESTRING (-0.166304 51.525051,-0.169774 51.519968", "From Mallory Street, Marylebone to Edgware Road Station, Marylebone"
"LINESTRING (-0.17219 51.526448,-0.169774 51.519968", "From Lisson Grove, St. John's Wood to Edgware Road Station, Marylebone"
"LINESTRING (-0.164207 51.517372,-0.169774 51.519968", "From Harrowby Street, Marylebone to Edgware Road Station, Marylebone"
"LINESTRING (-0.157275 51.510017,-0.169774 51.519968", "From Park Lane , Hyde Park to Edgware Road Station, Marylebone"
"LINESTRING (-0.135777 51.51953,-0.169774 51.519968", "From Charlotte Street, Fitzrovia to Edgware Road Station, Marylebone"
"LINESTRING (-0.151926 51.516814,-0.169774 51.519968", "From Hinde Street, Marylebone to Edgware Road Station, Marylebone"
"LINESTRING (-0.132053 51.518587,-0.169774 51.519968", "From Bayley Street , Bloomsbury to Edgware Road Station, Marylebone"
"LINESTRING (-0.145211 51.520715,-0.169774 51.519968", "From Portland Place, Marylebone to Edgware Road Station, Marylebone"
"LINESTRING (-0.135777 51.51953,-0.169774 51.519968", "From Charlotte Street, Fitzrovia to Edgware Road Station, Marylebone"
"LINESTRING (-0.132328 51.515631,-0.169774 51.519968", "From Soho Square , Soho to Edgware Road Station, Marylebone"
"LINESTRING (-0.131161 51.52505,-0.169774 51.519968", "From Taviton Street, Bloomsbury to Edgware Road Station, Marylebone"
"LINESTRING (-0.158264 51.514577,-0.169774 51.519968", "From Old Quebec Street, Marylebone to Edgware Road Station, Marylebone"
"LINESTRING (-0.068981 51.498585,-0.055846 51.499169", "From George Row, Bermondsey to Rotherhithe Roundabout, Rotherhithe"
"LINESTRING (-0.085814 51.495061,-0.055846 51.499169", "From Bricklayers Arms, Borough to Rotherhithe Roundabout, Rotherhithe"
"LINESTRING (-0.081608 51.497855,-0.055846 51.499169", "From Bermondsey Street, Bermondsey to Rotherhithe Roundabout, Rotherhithe"
"LINESTRING (-0.068981 51.498585,-0.055846 51.499169", "From George Row, Bermondsey to Rotherhithe Roundabout, Rotherhithe"
"LINESTRING (-0.158456 51.502953,-0.055846 51.499169", "From Albert Gate, Hyde Park to Rotherhithe Roundabout, Rotherhithe"
"LINESTRING (-0.087587 51.514441,-0.055846 51.499169", "From Bank of England Museum, Bank to Rotherhithe Roundabout, Rotherhithe"
"LINESTRING (-0.069542 51.512363,-0.055846 51.499169", "From Leman Street, Aldgate to Rotherhithe Roundabout, Rotherhithe"
"LINESTRING (-0.07962 51.503493,-0.055846 51.499169", "From Tooley Street, Bermondsey to Rotherhithe Roundabout, Rotherhithe"
"LINESTRING (-0.081608 51.497855,-0.055846 51.499169", "From Bermondsey Street, Bermondsey to Rotherhithe Roundabout, Rotherhithe"
"LINESTRING (-0.074704 51.500845,-0.055846 51.499169", "From Tower Wharf, Bermondsey to Rotherhithe Roundabout, Rotherhithe"
"LINESTRING (-0.109006 51.521661,-0.055846 51.499169", "From Hatton Wall, Holborn to Rotherhithe Roundabout, Rotherhithe"
"LINESTRING (-0.105593 51.488852,-0.110121 51.488105", "From Kennington Station, Kennington to Cleaver Street, Kennington"
"LINESTRING (-0.069542 51.512363,-0.110121 51.488105", "From Leman Street, Aldgate to Cleaver Street, Kennington"
"LINESTRING (-0.122492 51.486343,-0.110121 51.488105", "From Kennington Lane Rail Bridge, Vauxhall to Cleaver Street, Kennington"
"LINESTRING (-0.120718 51.511968,-0.110121 51.488105", "From Tavistock Street, Covent Garden to Cleaver Street, Kennington"
"LINESTRING (-0.083632 51.502153,-0.110121 51.488105", "From Snowsfields, London Bridge to Cleaver Street, Kennington"
"LINESTRING (-0.122806 51.490435,-0.110121 51.488105", "From Albert Embankment, Vauxhall to Cleaver Street, Kennington"
"LINESTRING (-0.094524 51.500694,-0.110121 51.488105", "From Borough High Street, The Borough to Cleaver Street, Kennington"
"LINESTRING (-0.136123 51.482362,-0.110121 51.488105", "From Riverlight North, Nine Elms to Cleaver Street, Kennington"
"LINESTRING (-0.081608 51.497855,-0.110121 51.488105", "From Bermondsey Street, Bermondsey to Cleaver Street, Kennington"
"LINESTRING (-0.113179 51.466232,-0.110121 51.488105", "From St John's Crescent, Brixton to Cleaver Street, Kennington"
"LINESTRING (-0.091938 51.492807,-0.110121 51.488105", "From Victory Place, Walworth to Cleaver Street, Kennington"
"LINESTRING (-0.116542 51.504636,-0.110121 51.488105", "From Jubilee Gardens, South Bank to Cleaver Street, Kennington"
"LINESTRING (-0.17306 51.505014,-0.110121 51.488105", "From Serpentine Car Park, Hyde Park to Cleaver Street, Kennington"
"LINESTRING (-0.121394 51.493699,-0.110121 51.488105", "From Fire Brigade Pier, Vauxhall to Cleaver Street, Kennington"
"LINESTRING (-0.110699 51.501444,-0.110121 51.488105", "From Baylis Road, Waterloo to Cleaver Street, Kennington"
"LINESTRING (-0.172078 51.482567,-0.149004 51.485821", "From Danvers Street, West Chelsea to Chelsea Bridge, Pimlico"
"LINESTRING (-0.16375 51.465064,-0.149004 51.485821", "From Dorothy Road, Clapham Junction to Chelsea Bridge, Pimlico"
"LINESTRING (-0.139956 51.493573,-0.149004 51.485821", "From Queen Mother Sports Centre, Victoria to Chelsea Bridge, Pimlico"
"LINESTRING (-0.20782 51.473471,-0.149004 51.485821", "From Fulham Park Road, Fulham to Chelsea Bridge, Pimlico"
"LINESTRING (-0.157436 51.512276,-0.149004 51.485821", "From Green Street, Mayfair to Chelsea Bridge, Pimlico"
"LINESTRING (-0.138733 51.496753,-0.149004 51.485821", "From Howick Place, Westminster to Chelsea Bridge, Pimlico"
"LINESTRING (-0.225787 51.514767,-0.149004 51.485821", "From BBC White City, White City to Chelsea Bridge, Pimlico"
"LINESTRING (-0.147804 51.461376,-0.149004 51.485821", "From Victoria Rise, Clapham Common to Chelsea Bridge, Pimlico"
"LINESTRING (-0.123702 51.506767,-0.149004 51.485821", "From Northumberland Avenue, Strand to Chelsea Bridge, Pimlico"
"LINESTRING (-0.135635 51.488226,-0.149004 51.485821", "From St. George's Square, Pimlico to Chelsea Bridge, Pimlico"
"LINESTRING (-0.172078 51.482567,-0.149004 51.485821", "From Danvers Street, West Chelsea to Chelsea Bridge, Pimlico"
"LINESTRING (-0.162727 51.489932,-0.149004 51.485821", "From Royal Avenue 1, Chelsea to Chelsea Bridge, Pimlico"
"LINESTRING (-0.139221 51.461388,-0.149004 51.485821", "From Clapham Common Station, Clapham Common to Chelsea Bridge, Pimlico"
"LINESTRING (-0.157275 51.510017,-0.149004 51.485821", "From Park Lane , Hyde Park to Chelsea Bridge, Pimlico"
"LINESTRING (-0.195197 51.454752,-0.149004 51.485821", "From Neville Gill Close, Wandsworth to Chelsea Bridge, Pimlico"
"LINESTRING (-0.190603 51.493631,-0.149004 51.485821", "From Knaresborough Place, Earl's Court to Chelsea Bridge, Pimlico"
"LINESTRING (-0.187404 51.487958,-0.149004 51.485821", "From Harcourt Terrace, West Brompton to Chelsea Bridge, Pimlico"
"LINESTRING (-0.21186 51.483217,-0.149004 51.485821", "From Humbolt Road, Fulham to Chelsea Bridge, Pimlico"
"LINESTRING (-0.180791 51.46193,-0.149004 51.485821", "From Nantes Close, Wandsworth to Chelsea Bridge, Pimlico"
"LINESTRING (-0.132845 51.489975,-0.149004 51.485821", "From Rampayne Street, Pimlico to Chelsea Bridge, Pimlico"
"LINESTRING (-0.122219 51.51477,-0.149004 51.485821", "From Drury Lane, Covent Garden to Chelsea Bridge, Pimlico"
"LINESTRING (-0.150908 51.47505,-0.149004 51.485821", "From Alfreda Street, Battersea Park to Chelsea Bridge, Pimlico"
"LINESTRING (-0.180274 51.481805,-0.149004 51.485821", "From World's End Place, West Chelsea to Chelsea Bridge, Pimlico"
"LINESTRING (-0.187404 51.487958,-0.149004 51.485821", "From Harcourt Terrace, West Brompton to Chelsea Bridge, Pimlico"
"LINESTRING (-0.190603 51.493631,-0.149004 51.485821", "From Knaresborough Place, Earl's Court to Chelsea Bridge, Pimlico"
"LINESTRING (-0.108028 51.518825,-0.149004 51.485821", "From Hatton Garden, Holborn to Chelsea Bridge, Pimlico"
"LINESTRING (-0.18119 51.485587,-0.149004 51.485821", "From Limerston Street, West Chelsea to Chelsea Bridge, Pimlico"
"LINESTRING (-0.157275 51.510017,-0.149004 51.485821", "From Park Lane , Hyde Park to Chelsea Bridge, Pimlico"
"LINESTRING (-0.123702 51.506767,-0.149004 51.485821", "From Northumberland Avenue, Strand to Chelsea Bridge, Pimlico"
"LINESTRING (-0.187404 51.487958,-0.149004 51.485821", "From Harcourt Terrace, West Brompton to Chelsea Bridge, Pimlico"
"LINESTRING (-0.172078 51.482567,-0.149004 51.485821", "From Danvers Street, West Chelsea to Chelsea Bridge, Pimlico"
"LINESTRING (-0.174347 51.476964,-0.149004 51.485821", "From Battersea Church Road, Battersea to Chelsea Bridge, Pimlico"
"LINESTRING (-0.193254 51.476259,-0.149004 51.485821", "From Eel Brook Common, Walham Green to Chelsea Bridge, Pimlico"
"LINESTRING (-0.157275 51.510017,-0.149004 51.485821", "From Park Lane , Hyde Park to Chelsea Bridge, Pimlico"
"LINESTRING (-0.117661 51.482678,-0.105312 51.504043", "From Ashmole Estate, Oval to Southwark Station 1, Southwark"
"LINESTRING (-0.114605 51.495656,-0.105312 51.504043", "From Sail Street, Vauxhall to Southwark Station 1, Southwark"
"LINESTRING (-0.107987 51.517428,-0.105312 51.504043", "From New Fetter Lane, Holborn to Southwark Station 1, Southwark"
"LINESTRING (-0.068161 51.509786,-0.105312 51.504043", "From Dock Street, Wapping to Southwark Station 1, Southwark"
"LINESTRING (-0.112824 51.503791,-0.105312 51.504043", "From Waterloo Station 3, Waterloo to Southwark Station 1, Southwark"
"LINESTRING (-0.098497 51.503688,-0.105312 51.504043", "From Union Street, The Borough to Southwark Station 1, Southwark"
"LINESTRING (-0.105344 51.515059,-0.105312 51.504043", "From St. Bride Street, Holborn to Southwark Station 1, Southwark"
"LINESTRING (-0.10527 51.515809,-0.105312 51.504043", "From Stonecutter Street, Holborn to Southwark Station 1, Southwark"
"LINESTRING (-0.141423 51.514499,-0.105312 51.504043", "From Little Argyll Street, West End to Southwark Station 1, Southwark"
"LINESTRING (-0.113426 51.503919,-0.105312 51.504043", "From Waterloo Station 2, Waterloo to Southwark Station 1, Southwark"
"LINESTRING (-0.110699 51.501444,-0.105312 51.504043", "From Baylis Road, Waterloo to Southwark Station 1, Southwark"
"LINESTRING (-0.098497 51.503688,-0.105312 51.504043", "From Union Street, The Borough to Southwark Station 1, Southwark"
"LINESTRING (-0.107913 51.498386,-0.105312 51.504043", "From Westminster Bridge Road, Elephant & Castle to Southwark Station 1, Southwark"
"LINESTRING (-0.097122 51.529423,-0.105312 51.504043", "From Macclesfield Rd, St Lukes to Southwark Station 1, Southwark"
"LINESTRING (-0.18119 51.485587,-0.105312 51.504043", "From Limerston Street, West Chelsea to Southwark Station 1, Southwark"
"LINESTRING (-0.106408 51.530515,-0.105312 51.504043", "From Chadwell Street, Angel to Southwark Station 1, Southwark"
"LINESTRING (-0.127554 51.493978,-0.105312 51.504043", "From Page Street, Westminster to Southwark Station 1, Southwark"
"LINESTRING (-0.104298 51.526717,-0.105312 51.504043", "From Finsbury Library , Finsbury to Southwark Station 1, Southwark"
"LINESTRING (-0.101536 51.49217,-0.105312 51.504043", "From Hampton Street, Walworth to Southwark Station 1, Southwark"
"LINESTRING (-0.140485 51.519181,-0.105312 51.504043", "From Foley Street, Fitzrovia to Southwark Station 1, Southwark"
"LINESTRING (-0.106 51.496127,-0.105312 51.504043", "From Geraldine Street, Elephant & Castle to Southwark Station 1, Southwark"
"LINESTRING (-0.092176 51.520044,-0.104778 51.504044", "From Barbican Centre, Barbican to Southwark Station 2, Southwark"
"LINESTRING (-0.100292 51.501732,-0.104778 51.504044", "From Great Suffolk Street, The Borough to Southwark Station 2, Southwark"
"LINESTRING (-0.132224 51.49206,-0.104778 51.504044", "From Regency Street, Westminster to Southwark Station 2, Southwark"
"LINESTRING (-0.105344 51.515059,-0.104778 51.504044", "From St. Bride Street, Holborn to Southwark Station 2, Southwark"
"LINESTRING (-0.08066 51.514225,-0.104778 51.504044", "From St. Mary Axe, Aldgate to Southwark Station 2, Southwark"
"LINESTRING (-0.092176 51.520044,-0.104778 51.504044", "From Barbican Centre, Barbican to Southwark Station 2, Southwark"
"LINESTRING (-0.033828 51.514115,-0.104778 51.504044", "From Salmon Lane, Limehouse to Southwark Station 2, Southwark"
"LINESTRING (-0.082422 51.516154,-0.104778 51.504044", "From Wormwood Street, Liverpool Street to Southwark Station 2, Southwark"
"LINESTRING (-0.075459 51.509506,-0.104778 51.504044", "From Tower Gardens , Tower to Southwark Station 2, Southwark"
"LINESTRING (-0.085814 51.495061,-0.104778 51.504044", "From Bricklayers Arms, Borough to Southwark Station 2, Southwark"
"LINESTRING (-0.10044 51.498898,-0.104778 51.504044", "From Borough Road, Elephant & Castle to Southwark Station 2, Southwark"
"LINESTRING (-0.106237 51.507244,-0.104778 51.504044", "From Milroy Walk, South Bank to Southwark Station 2, Southwark"
"LINESTRING (-0.092176 51.520044,-0.104778 51.504044", "From Barbican Centre, Barbican to Southwark Station 2, Southwark"
"LINESTRING (-0.102091 51.500693,-0.104778 51.504044", "From Webber Street , Southwark to Southwark Station 2, Southwark"
"LINESTRING (-0.074704 51.500845,-0.104778 51.504044", "From Tower Wharf, Bermondsey to Southwark Station 2, Southwark"
"LINESTRING (-0.13011 51.513527,-0.104778 51.504044", "From Moor Street, Soho to Southwark Station 2, Southwark"
"LINESTRING (-0.109025 51.534408,-0.104778 51.504044", "From Cloudesley Road, Angel to Southwark Station 2, Southwark"
"LINESTRING (-0.117122 51.490994,-0.104778 51.504044", "From Black Prince Road, Vauxhall to Southwark Station 2, Southwark"
"LINESTRING (-0.10044 51.498898,-0.104778 51.504044", "From Borough Road, Elephant & Castle to Southwark Station 2, Southwark"
"LINESTRING (-0.205876 51.475698,-0.153933 51.494561", "From Chesilton Road, Fulham to Eaton Square (South), Belgravia"
"LINESTRING (-0.215895 51.476885,-0.153933 51.494561", "From Finlay Street, Fulham to Eaton Square (South), Belgravia"
"LINESTRING (-0.152317 51.499412,-0.153933 51.494561", "From Belgrave Square, Belgravia to Eaton Square (South), Belgravia"
"LINESTRING (-0.168917 51.497056,-0.153933 51.494561", "From Holy Trinity Brompton, Knightsbridge to Eaton Square (South), Belgravia"
"LINESTRING (-0.134621 51.507424,-0.153933 51.494561", "From St. James's Square, St. James's to Eaton Square (South), Belgravia"
"LINESTRING (-0.15934 51.500241,-0.153933 51.494561", "From Harriet Street, Knightsbridge to Eaton Square (South), Belgravia"
"LINESTRING (-0.193764 51.508605,-0.153933 51.494561", "From Palace Gardens Terrace, Notting Hill to Eaton Square (South), Belgravia"
"LINESTRING (-0.201968 51.475089,-0.153933 51.494561", "From Parsons Green Station, Parsons Green to Eaton Square (South), Belgravia"
"LINESTRING (-0.195777 51.479463,-0.153933 51.494561", "From Erin Close, Walham Green to Eaton Square (South), Belgravia"
"LINESTRING (-0.166878 51.488023,-0.153933 51.494561", "From Flood Street, Chelsea to Eaton Square (South), Belgravia"
"LINESTRING (-0.132224 51.49206,-0.153933 51.494561", "From Regency Street, Westminster to Eaton Square (South), Belgravia"
"LINESTRING (-0.162727 51.489932,-0.153933 51.494561", "From Royal Avenue 1, Chelsea to Eaton Square (South), Belgravia"
"LINESTRING (-0.139625 51.490962,-0.149186 51.490491", "From Gloucester Street, Pimlico to Ebury Bridge, Pimlico"
"LINESTRING (-0.142943 51.496863,-0.149186 51.490491", "From Allington Street, Victoria to Ebury Bridge, Pimlico"
"LINESTRING (-0.112686 51.469217,-0.149186 51.490491", "From Wynne Road, Stockwell to Ebury Bridge, Pimlico"
"LINESTRING (-0.172078 51.482567,-0.149186 51.490491", "From Danvers Street, West Chelsea to Ebury Bridge, Pimlico"
"LINESTRING (-0.167894 51.493184,-0.149186 51.490491", "From Sloane Avenue, Knightsbridge to Ebury Bridge, Pimlico"
"LINESTRING (-0.141334 51.492345,-0.149186 51.490491", "From Guildhouse Street, Victoria to Ebury Bridge, Pimlico"
"LINESTRING (-0.162727 51.489932,-0.149186 51.490491", "From Royal Avenue 1, Chelsea to Ebury Bridge, Pimlico"
"LINESTRING (-0.153933 51.494561,-0.149186 51.490491", "From Eaton Square (South), Belgravia to Ebury Bridge, Pimlico"
"LINESTRING (-0.140741 51.488057,-0.149186 51.490491", "From Alderney Street, Pimlico to Ebury Bridge, Pimlico"
"LINESTRING (-0.104708 51.52326,-0.149186 51.490491", "From Clerkenwell Green, Clerkenwell to Ebury Bridge, Pimlico"
"LINESTRING (-0.168292 51.462392,-0.149186 51.490491", "From St. John's Road, Clapham Junction to Ebury Bridge, Pimlico"
"LINESTRING (-0.135478 51.495827,-0.149186 51.490491", "From Rochester Row, Westminster to Ebury Bridge, Pimlico"
"LINESTRING (-0.133972 51.472993,-0.149186 51.490491", "From Union Grove, Wandsworth Road to Ebury Bridge, Pimlico"
"LINESTRING (-0.086685 51.517075,-0.149186 51.490491", "From Finsbury Circus, Liverpool Street to Ebury Bridge, Pimlico"
"LINESTRING (-0.205535 51.507481,-0.149186 51.490491", "From Lansdowne Road, Ladbroke Grove to Ebury Bridge, Pimlico"
"LINESTRING (-0.091773 51.504627,-0.149186 51.490491", "From Hop Exchange, The Borough to Ebury Bridge, Pimlico"
"LINESTRING (-0.142943 51.496863,-0.149186 51.490491", "From Allington Street, Victoria to Ebury Bridge, Pimlico"
"LINESTRING (-0.138364 51.492111,-0.129925 51.493072", "From Tachbrook Street, Victoria to Vincent Street, Pimlico"
"LINESTRING (-0.149035 51.481121,-0.129925 51.493072", "From Sopwith Way, Battersea Park to Vincent Street, Pimlico"
"LINESTRING (-0.136928 51.493985,-0.129925 51.493072", "From Vincent Square, Westminster to Vincent Street, Pimlico"
"LINESTRING (-0.138364 51.492111,-0.129925 51.493072", "From Tachbrook Street, Victoria to Vincent Street, Pimlico"
"LINESTRING (-0.139956 51.493573,-0.129925 51.493072", "From Queen Mother Sports Centre, Victoria to Vincent Street, Pimlico"
"LINESTRING (-0.142844 51.506613,-0.129925 51.493072", "From Green Park Station, Mayfair to Vincent Street, Pimlico"
"LINESTRING (-0.131213 51.513103,-0.129925 51.493072", "From Frith Street, Soho to Vincent Street, Pimlico"
"LINESTRING (-0.132845 51.489975,-0.129925 51.493072", "From Rampayne Street, Pimlico to Vincent Street, Pimlico"
"LINESTRING (-0.123179 51.506543,-0.129925 51.493072", "From Whitehall Place, Strand to Vincent Street, Pimlico"
"LINESTRING (-0.132224 51.49206,-0.129925 51.493072", "From Regency Street, Westminster to Vincent Street, Pimlico"
"LINESTRING (-0.141334 51.492345,-0.129925 51.493072", "From Guildhouse Street, Victoria to Vincent Street, Pimlico"
"LINESTRING (-0.129925 51.493072,-0.129925 51.493072", "From Vincent Street, Pimlico to Vincent Street, Pimlico"
"LINESTRING (-0.088285 51.519069,-0.129925 51.493072", "From Moorfields, Moorgate to Vincent Street, Pimlico"
"LINESTRING (-0.113936 51.500139,-0.129925 51.493072", "From Lower Marsh, Waterloo to Vincent Street, Pimlico"
"LINESTRING (-0.123179 51.506543,-0.129925 51.493072", "From Whitehall Place, Strand to Vincent Street, Pimlico"
"LINESTRING (-0.139956 51.493573,-0.129925 51.493072", "From Queen Mother Sports Centre, Victoria to Vincent Street, Pimlico"
"LINESTRING (-0.129925 51.493072,-0.129925 51.493072", "From Vincent Street, Pimlico to Vincent Street, Pimlico"
"LINESTRING (-0.132845 51.489975,-0.129925 51.493072", "From Rampayne Street, Pimlico to Vincent Street, Pimlico"
"LINESTRING (-0.140741 51.488057,-0.129925 51.493072", "From Alderney Street, Pimlico to Vincent Street, Pimlico"
"LINESTRING (-0.132845 51.489975,-0.129925 51.493072", "From Rampayne Street, Pimlico to Vincent Street, Pimlico"
"LINESTRING (-0.136123 51.482362,-0.129925 51.493072", "From Riverlight North, Nine Elms to Vincent Street, Pimlico"
"LINESTRING (-0.132845 51.489975,-0.129925 51.493072", "From Rampayne Street, Pimlico to Vincent Street, Pimlico"
"LINESTRING (-0.143495 51.509992,-0.129925 51.493072", "From Grafton Street, Mayfair to Vincent Street, Pimlico"
"LINESTRING (-0.123823 51.501513,-0.129925 51.493072", "From Westminster Pier, Westminster to Vincent Street, Pimlico"
"LINESTRING (-0.099489 51.524868,-0.09294 51.51397", "From Sadlers Sports Centre, Finsbury to Cheapside, Bank"
"LINESTRING (-0.058631 51.524583,-0.09294 51.51397", "From Finnis Street, Bethnal Green to Cheapside, Bank"
"LINESTRING (-0.088542 51.527025,-0.09294 51.51397", "From Baldwin Street, St. Luke's to Cheapside, Bank"
"LINESTRING (-0.084605 51.521283,-0.09294 51.51397", "From Christopher Street, Liverpool Street to Cheapside, Bank"
"LINESTRING (-0.074754 51.523648,-0.09294 51.51397", "From Bethnal Green Road, Shoreditch to Cheapside, Bank"
"LINESTRING (-0.025492 51.530535,-0.09294 51.51397", "From Mostyn Grove, Bow to Cheapside, Bank"
"LINESTRING (-0.083935 51.520009,-0.09294 51.51397", "From Sun Street, Liverpool Street to Cheapside, Bank"
"LINESTRING (-0.09294 51.51397,-0.09294 51.51397", "From Cheapside, Bank to Cheapside, Bank"
"LINESTRING (-0.084605 51.521283,-0.09294 51.51397", "From Christopher Street, Liverpool Street to Cheapside, Bank"
"LINESTRING (-0.088285 51.519069,-0.09294 51.51397", "From Moorfields, Moorgate to Cheapside, Bank"
"LINESTRING (-0.125972 51.49764,-0.09294 51.51397", "From Abingdon Green, Westminster to Cheapside, Bank"
"LINESTRING (-0.113864 51.504027,-0.09294 51.51397", "From Waterloo Station 1, Waterloo to Cheapside, Bank"
"LINESTRING (-0.114079 51.522264,-0.09294 51.51397", "From Northington Street , Holborn to Cheapside, Bank"
"LINESTRING (-0.09294 51.51397,-0.09294 51.51397", "From Cheapside, Bank to Cheapside, Bank"
"LINESTRING (-0.138853 51.541603,-0.09294 51.51397", "From Bonny Street, Camden Town to Cheapside, Bank"
"LINESTRING (-0.183165 51.474665,-0.09294 51.51397", "From Imperial Wharf Station, Sands End to Cheapside, Bank"
"LINESTRING (-0.058681 51.506946,-0.09294 51.51397", "From Reardon Street, Wapping to Cheapside, Bank"
"LINESTRING (-0.124469 51.485917,-0.09294 51.51397", "From Vauxhall Cross, Vauxhall to Cheapside, Bank"
"LINESTRING (-0.088285 51.519069,-0.09294 51.51397", "From Moorfields, Moorgate to Cheapside, Bank"
"LINESTRING (-0.099981 51.532661,-0.09294 51.51397", "From Graham Street, Angel to Cheapside, Bank"
"LINESTRING (-0.099828 51.493146,-0.09294 51.51397", "From Strata, Elephant & Castle to Cheapside, Bank"
"LINESTRING (-0.138733 51.496753,-0.09294 51.51397", "From Howick Place, Westminster to Cheapside, Bank"
"LINESTRING (-0.097441 51.511961,-0.09294 51.51397", "From Queen Victoria Street, St. Paul's to Cheapside, Bank"
"LINESTRING (-0.102757 51.536384,-0.09294 51.51397", "From Islington Green, Angel to Cheapside, Bank"
"LINESTRING (-0.090847 51.525893,-0.09294 51.51397", "From Bath Street, St. Luke's to Cheapside, Bank"
"LINESTRING (-0.105344 51.515059,-0.09294 51.51397", "From St. Bride Street, Holborn to Cheapside, Bank"
"LINESTRING (-0.083493 51.520955,-0.09294 51.51397", "From Pindar Street, Liverpool Street to Cheapside, Bank"
"LINESTRING (-0.100791 51.518218,-0.09294 51.51397", "From West Smithfield Rotunda, Farringdon to Cheapside, Bank"
"LINESTRING (-0.094475 51.521747,-0.09294 51.51397", "From Golden Lane, Barbican to Cheapside, Bank"
"LINESTRING (-0.10997 51.529163,-0.09294 51.51397", "From River Street , Clerkenwell to Cheapside, Bank"
"LINESTRING (-0.116688 51.520596,-0.09294 51.51397", "From Theobald's Road , Holborn to Cheapside, Bank"
"LINESTRING (-0.097122 51.529423,-0.09294 51.51397", "From Macclesfield Rd, St Lukes to Cheapside, Bank"
"LINESTRING (-0.09315 51.53356,-0.09294 51.51397", "From Eagle Wharf Road, Hoxton to Cheapside, Bank"
"LINESTRING (-0.105596 51.505342,-0.09294 51.51397", "From Colombo Street, Southwark to Cheapside, Bank"
"LINESTRING (-0.093885 51.517008,-0.09294 51.51397", "From Wood Street, Guildhall to Cheapside, Bank"
"LINESTRING (-0.096317 51.526008,-0.09294 51.51397", "From Finsbury Leisure Centre, St. Luke's to Cheapside, Bank"
"LINESTRING (-0.069543 51.525645,-0.09294 51.51397", "From Granby Street, Shoreditch to Cheapside, Bank"
"LINESTRING (-0.109025 51.534408,-0.09294 51.51397", "From Cloudesley Road, Angel to Cheapside, Bank"
"LINESTRING (-0.113864 51.504027,-0.09294 51.51397", "From Waterloo Station 1, Waterloo to Cheapside, Bank"
"LINESTRING (-0.116764 51.51362,-0.09294 51.51397", "From Houghton Street, Strand to Cheapside, Bank"
"LINESTRING (-0.074704 51.500845,-0.09294 51.51397", "From Tower Wharf, Bermondsey to Cheapside, Bank"
"LINESTRING (-0.162298 51.522511,-0.09294 51.51397", "From Boston Place, Marylebone to Cheapside, Bank"
"LINESTRING (-0.089782 51.53089,-0.09294 51.51397", "From Murray Grove , Hoxton to Cheapside, Bank"
"LINESTRING (-0.081608 51.497855,-0.09294 51.51397", "From Bermondsey Street, Bermondsey to Cheapside, Bank"
"LINESTRING (-0.088542 51.527025,-0.09294 51.51397", "From Baldwin Street, St. Luke's to Cheapside, Bank"
"LINESTRING (-0.00699 51.508981,-0.09294 51.51397", "From Naval Row, Blackwall to Cheapside, Bank"
"LINESTRING (-0.058681 51.506946,-0.09294 51.51397", "From Reardon Street, Wapping to Cheapside, Bank"
"LINESTRING (-0.08249 51.53558,-0.09294 51.51397", "From Pitfield Street North,Hoxton to Cheapside, Bank"
"LINESTRING (-0.113426 51.503919,-0.09294 51.51397", "From Waterloo Station 2, Waterloo to Cheapside, Bank"
"LINESTRING (-0.106323 51.490757,-0.09294 51.51397", "From Cotton Garden Estate, Kennington to Cheapside, Bank"
"LINESTRING (-0.101026 51.528246,-0.09294 51.51397", "From Goswell Road (City Uni), Finsbury to Cheapside, Bank"
"LINESTRING (-0.070133 51.515231,-0.09294 51.51397", "From Central House, Whitechapel to Cheapside, Bank"
"LINESTRING (-0.090847 51.525893,-0.09294 51.51397", "From Bath Street, St. Luke's to Cheapside, Bank"
"LINESTRING (-0.102757 51.536384,-0.09294 51.51397", "From Islington Green, Angel to Cheapside, Bank"
"LINESTRING (-0.069542 51.512363,-0.09294 51.51397", "From Leman Street, Aldgate to Cheapside, Bank"
"LINESTRING (-0.058631 51.524583,-0.09294 51.51397", "From Finnis Street, Bethnal Green to Cheapside, Bank"
"LINESTRING (-0.112824 51.503791,-0.09294 51.51397", "From Waterloo Station 3, Waterloo to Cheapside, Bank"
"LINESTRING (-0.113864 51.504027,-0.09294 51.51397", "From Waterloo Station 1, Waterloo to Cheapside, Bank"
"LINESTRING (-0.073537 51.514233,-0.09294 51.51397", "From Braham Street, Aldgate to Cheapside, Bank"
"LINESTRING (-0.06691 51.507131,-0.09294 51.51397", "From Nesham Street, Wapping to Cheapside, Bank"
"LINESTRING (-0.085666 51.499075,-0.09294 51.51397", "From Long Lane , Bermondsey to Cheapside, Bank"
"LINESTRING (-0.026262 51.536039,-0.09294 51.51397", "From Wendon Street, Old Ford to Cheapside, Bank"
"LINESTRING (-0.047548 51.528869,-0.09294 51.51397", "From Globe Town Market, Bethnal Green to Cheapside, Bank"
"LINESTRING (-0.069542 51.512363,-0.09294 51.51397", "From Leman Street, Aldgate to Cheapside, Bank"
"LINESTRING (-0.089887 51.520858,-0.09294 51.51397", "From Bunhill Row, Moorgate to Cheapside, Bank"
"LINESTRING (-0.120718 51.511968,-0.09294 51.51397", "From Tavistock Street, Covent Garden to Cheapside, Bank"
"LINESTRING (-0.104708 51.52326,-0.09294 51.51397", "From Clerkenwell Green, Clerkenwell to Cheapside, Bank"
"LINESTRING (-0.098031 51.505224,-0.09294 51.51397", "From Lavington Street, Bankside to Cheapside, Bank"
"LINESTRING (-0.139016 51.520994,-0.09294 51.51397", "From Howland Street, Fitzrovia to Cheapside, Bank"
"LINESTRING (-0.084439 51.524696,-0.09294 51.51397", "From Leonard Circus , Shoreditch to Cheapside, Bank"
"LINESTRING (-0.092176 51.520044,-0.09294 51.51397", "From Barbican Centre, Barbican to Cheapside, Bank"
"LINESTRING (-0.094475 51.521747,-0.09294 51.51397", "From Golden Lane, Barbican to Cheapside, Bank"
"LINESTRING (-0.0985 51.51601,-0.09294 51.51397", "From King Edward Street, St Pauls to Cheapside, Bank"
"LINESTRING (-0.191351 51.513489,-0.174554 51.499917", "From Princes Square, Bayswater to Exhibition Road, Knightsbridge"
"LINESTRING (-0.217995 51.487285,-0.174554 51.499917", "From Charing Cross Hospital, Hammersmith to Exhibition Road, Knightsbridge"
"LINESTRING (-0.19617 51.490853,-0.174554 51.499917", "From Trebovir Road, Earl's Court to Exhibition Road, Knightsbridge"
"LINESTRING (-0.171103 51.518268,-0.174554 51.499917", "From St Mary's Hospital, Paddington to Exhibition Road, Knightsbridge"
"LINESTRING (-0.150908 51.47505,-0.174554 51.499917", "From Alfreda Street, Battersea Park to Exhibition Road, Knightsbridge"
"LINESTRING (-0.191496 51.503157,-0.174554 51.499917", "From Kensington Church Street, Kensington to Exhibition Road, Knightsbridge"
"LINESTRING (-0.113001 51.50486,-0.174554 51.499917", "From Waterloo Road, South Bank to Exhibition Road, Knightsbridge"
"LINESTRING (-0.142844 51.506613,-0.174554 51.499917", "From Green Park Station, Mayfair to Exhibition Road, Knightsbridge"
"LINESTRING (-0.15352 51.503117,-0.174554 51.499917", "From Hyde Park Corner, Hyde Park to Exhibition Road, Knightsbridge"
"LINESTRING (-0.18498 51.501737,-0.174554 51.499917", "From De Vere Gardens, Kensington to Exhibition Road, Knightsbridge"
"LINESTRING (-0.223616 51.485743,-0.174554 51.499917", "From Manbre Road, Hammersmith to Exhibition Road, Knightsbridge"
"LINESTRING (-0.139174 51.533019,-0.174554 51.499917", "From Harrington Square 1, Camden Town to Exhibition Road, Knightsbridge"
"LINESTRING (-0.142844 51.506613,-0.174554 51.499917", "From Green Park Station, Mayfair to Exhibition Road, Knightsbridge"
"LINESTRING (-0.13151 51.509639,-0.174554 51.499917", "From Panton Street, West End to Exhibition Road, Knightsbridge"
"LINESTRING (-0.183846 51.523344,-0.174554 51.499917", "From Warwick Avenue Station, Maida Vale to Exhibition Road, Knightsbridge"
"LINESTRING (-0.205284 51.496712,-0.174554 51.499917", "From Warwick Road, Olympia to Exhibition Road, Knightsbridge"
"LINESTRING (-0.185296 51.495362,-0.174554 51.499917", "From Emperor's Gate, South Kensington to Exhibition Road, Knightsbridge"
"LINESTRING (-0.209378 51.489591,-0.174554 51.499917", "From Vereker Road, West Kensington to Exhibition Road, Knightsbridge"
"LINESTRING (-0.173881 51.494412,-0.174554 51.499917", "From South Kensington Station, South Kensington to Exhibition Road, Knightsbridge"
"LINESTRING (-0.124469 51.485917,-0.174554 51.499917", "From Vauxhall Cross, Vauxhall to Exhibition Road, Knightsbridge"
"LINESTRING (-0.19024 51.515529,-0.174554 51.499917", "From Westbourne Grove, Bayswater to Exhibition Road, Knightsbridge"
"LINESTRING (-0.187404 51.487958,-0.174554 51.499917", "From Harcourt Terrace, West Brompton to Exhibition Road, Knightsbridge"
"LINESTRING (-0.158456 51.502953,-0.174554 51.499917", "From Albert Gate, Hyde Park to Exhibition Road, Knightsbridge"
"LINESTRING (-0.174411 51.511933,-0.174554 51.499917", "From Bayswater Road, Hyde Park to Exhibition Road, Knightsbridge"
"LINESTRING (-0.142844 51.506613,-0.174554 51.499917", "From Green Park Station, Mayfair to Exhibition Road, Knightsbridge"
"LINESTRING (-0.134621 51.507424,-0.174554 51.499917", "From St. James's Square, St. James's to Exhibition Road, Knightsbridge"
"LINESTRING (-0.187842 51.509908,-0.174554 51.499917", "From Black Lion Gate, Kensington Gardens to Exhibition Road, Knightsbridge"
"LINESTRING (-0.187842 51.509908,-0.174554 51.499917", "From Black Lion Gate, Kensington Gardens to Exhibition Road, Knightsbridge"
"LINESTRING (-0.208485 51.478939,-0.174554 51.499917", "From St. Peter's Terrace, Fulham to Exhibition Road, Knightsbridge"
"LINESTRING (-0.174653 51.527294,-0.174554 51.499917", "From St. John's Wood Road, St. John's Wood to Exhibition Road, Knightsbridge"
"LINESTRING (-0.204815 51.484386,-0.174554 51.499917", "From Normand Park, West Kensington to Exhibition Road, Knightsbridge"
"LINESTRING (-0.085814 51.495061,-0.174554 51.499917", "From Bricklayers Arms, Borough to Exhibition Road, Knightsbridge"
"LINESTRING (-0.219346 51.482944,-0.174554 51.499917", "From Crabtree Lane, Fulham to Exhibition Road, Knightsbridge"
"LINESTRING (-0.141423 51.514499,-0.174554 51.499917", "From Little Argyll Street, West End to Exhibition Road, Knightsbridge"
"LINESTRING (-0.17581 51.517335,-0.174554 51.499917", "From South Wharf Road, Paddington to Exhibition Road, Knightsbridge"
"LINESTRING (-0.196422 51.509353,-0.174554 51.499917", "From Notting Hill Gate Station, Notting Hill to Exhibition Road, Knightsbridge"
"LINESTRING (-0.169249 51.515953,-0.174554 51.499917", "From Southwick Street, Paddington to Exhibition Road, Knightsbridge"
"LINESTRING (-0.183834 51.497924,-0.174554 51.499917", "From Gloucester Road (North), Kensington to Exhibition Road, Knightsbridge"
"LINESTRING (-0.236769 51.494223,-0.174554 51.499917", "From Ravenscourt Park Station, Hammersmith to Exhibition Road, Knightsbridge"
"LINESTRING (-0.179135 51.516417,-0.174554 51.499917", "From Eastbourne Mews, Paddington to Exhibition Road, Knightsbridge"
"LINESTRING (-0.197609 51.483911,-0.174554 51.499917", "From Halford Road, West Kensington to Exhibition Road, Knightsbridge"
"LINESTRING (-0.07962 51.503493,-0.174554 51.499917", "From Tooley Street, Bermondsey to Exhibition Road, Knightsbridge"
"LINESTRING (-0.170194 51.489716,-0.174554 51.499917", "From St. Luke's Church, Chelsea to Exhibition Road, Knightsbridge"
"LINESTRING (-0.141327 51.520253,-0.174554 51.499917", "From Great Titchfield Street, Fitzrovia to Exhibition Road, Knightsbridge"
"LINESTRING (-0.141423 51.514499,-0.174554 51.499917", "From Little Argyll Street, West End to Exhibition Road, Knightsbridge"
"LINESTRING (-0.187842 51.509908,-0.174554 51.499917", "From Black Lion Gate, Kensington Gardens to Exhibition Road, Knightsbridge"
"LINESTRING (-0.155442 51.474376,-0.174554 51.499917", "From Austin Road, Battersea Park to Exhibition Road, Knightsbridge"
"LINESTRING (-0.169249 51.515953,-0.174554 51.499917", "From Southwick Street, Paddington to Exhibition Road, Knightsbridge"
"LINESTRING (-0.169249 51.515953,-0.174554 51.499917", "From Southwick Street, Paddington to Exhibition Road, Knightsbridge"
"LINESTRING (-0.18697 51.51616,-0.174554 51.499917", "From Bishop's Bridge Road West, Bayswater to Exhibition Road, Knightsbridge"
"LINESTRING (-0.19617 51.490853,-0.174554 51.499917", "From Trebovir Road, Earl's Court to Exhibition Road, Knightsbridge"
"LINESTRING (-0.169774 51.519968,-0.174554 51.499917", "From Edgware Road Station, Marylebone to Exhibition Road, Knightsbridge"
"LINESTRING (-0.147478 51.492369,-0.174554 51.499917", "From Elizabeth Bridge, Victoria to Exhibition Road, Knightsbridge"
"LINESTRING (-0.166878 51.488023,-0.174554 51.499917", "From Flood Street, Chelsea to Exhibition Road, Knightsbridge"
"LINESTRING (-0.193487 51.513735,-0.174554 51.499917", "From Hereford Road, Bayswater to Exhibition Road, Knightsbridge"
"LINESTRING (-0.131161 51.52505,-0.174554 51.499917", "From Taviton Street, Bloomsbury to Exhibition Road, Knightsbridge"
"LINESTRING (-0.149569 51.50274,-0.174554 51.499917", "From Wellington Arch, Hyde Park to Exhibition Road, Knightsbridge"
"LINESTRING (-0.159169 51.475153,-0.174554 51.499917", "From Prince of Wales Drive, Battersea Park to Exhibition Road, Knightsbridge"
"LINESTRING (-0.205284 51.496712,-0.174554 51.499917", "From Warwick Road, Olympia to Exhibition Road, Knightsbridge"
"LINESTRING (-0.163667 51.520331,-0.174554 51.499917", "From Seymour Place, Marylebone to Exhibition Road, Knightsbridge"
"LINESTRING (-0.191722 51.461083,-0.174554 51.499917", "From Smugglers Way, Wandsworth to Exhibition Road, Knightsbridge"
"LINESTRING (-0.17581 51.517335,-0.174554 51.499917", "From South Wharf Road, Paddington to Exhibition Road, Knightsbridge"
"LINESTRING (-0.169249 51.515953,-0.174554 51.499917", "From Southwick Street, Paddington to Exhibition Road, Knightsbridge"
"LINESTRING (-0.13151 51.509639,-0.174554 51.499917", "From Panton Street, West End to Exhibition Road, Knightsbridge"
"LINESTRING (-0.18119 51.490945,-0.174554 51.499917", "From Old Brompton Road, South Kensington to Exhibition Road, Knightsbridge"
"LINESTRING (-0.209121 51.491026,-0.174554 51.499917", "From Gwendwr Road, West Kensington to Exhibition Road, Knightsbridge"
"LINESTRING (-0.163667 51.520331,-0.174554 51.499917", "From Seymour Place, Marylebone to Exhibition Road, Knightsbridge"
"LINESTRING (-0.169249 51.515953,-0.174554 51.499917", "From Southwick Street, Paddington to Exhibition Road, Knightsbridge"
"LINESTRING (-0.166878 51.488023,-0.174554 51.499917", "From Flood Street, Chelsea to Exhibition Road, Knightsbridge"
"LINESTRING (-0.19617 51.490853,-0.174554 51.499917", "From Trebovir Road, Earl's Court to Exhibition Road, Knightsbridge"
"LINESTRING (-0.158456 51.502953,-0.174554 51.499917", "From Albert Gate, Hyde Park to Exhibition Road, Knightsbridge"
"LINESTRING (-0.17977 51.51348,-0.174554 51.499917", "From Devonshire Terrace, Bayswater to Exhibition Road, Knightsbridge"
"LINESTRING (-0.158456 51.502953,-0.174554 51.499917", "From Albert Gate, Hyde Park to Exhibition Road, Knightsbridge"
"LINESTRING (-0.106323 51.490757,-0.17524 51.48902", "From Cotton Garden Estate, Kennington to South Parade, Chelsea"
"LINESTRING (-0.190393 51.490163,-0.17524 51.48902", "From Bramham Gardens, Earl's Court to South Parade, Chelsea"
"LINESTRING (-0.206827 51.467601,-0.17524 51.48902", "From Ranelagh Gardens, Fulham to South Parade, Chelsea"
"LINESTRING (-0.137043 51.511897,-0.17524 51.48902", "From Golden Square, Soho to South Parade, Chelsea"
"LINESTRING (-0.194116 51.479932,-0.17524 51.48902", "From Fulham Broadway, Walham Green to South Parade, Chelsea"
"LINESTRING (-0.205876 51.475698,-0.17524 51.48902", "From Chesilton Road, Fulham to South Parade, Chelsea"
"LINESTRING (-0.217995 51.487285,-0.17524 51.48902", "From Charing Cross Hospital, Hammersmith to South Parade, Chelsea"
"LINESTRING (-0.137043 51.511897,-0.17524 51.48902", "From Golden Square, Soho to South Parade, Chelsea"
"LINESTRING (-0.141423 51.514499,-0.17524 51.48902", "From Little Argyll Street, West End to South Parade, Chelsea"
"LINESTRING (-0.205876 51.475698,-0.17524 51.48902", "From Chesilton Road, Fulham to South Parade, Chelsea"
"LINESTRING (-0.166878 51.488023,-0.17524 51.48902", "From Flood Street, Chelsea to South Parade, Chelsea"
"LINESTRING (-0.169821 51.466633,-0.17524 51.48902", "From Falcon Road, Clapham Junction to South Parade, Chelsea"
"LINESTRING (-0.137043 51.511897,-0.17524 51.48902", "From Golden Square, Soho to South Parade, Chelsea"
"LINESTRING (-0.142844 51.506613,-0.17524 51.48902", "From Green Park Station, Mayfair to South Parade, Chelsea"
"LINESTRING (-0.200667 51.460951,-0.17524 51.48902", "From Northfields, Wandsworth to South Parade, Chelsea"
"LINESTRING (-0.193487 51.513735,-0.17524 51.48902", "From Hereford Road, Bayswater to South Parade, Chelsea"
"LINESTRING (-0.200804 51.520509,-0.17524 51.48902", "From The Metropolitan, Portobello to South Parade, Chelsea"
"LINESTRING (-0.159322 51.461343,-0.17524 51.48902", "From Clapham Common North Side, Clapham Common to South Parade, Chelsea"
"LINESTRING (-0.180274 51.481805,-0.17524 51.48902", "From World's End Place, West Chelsea to South Parade, Chelsea"
"LINESTRING (-0.182435 51.478169,-0.17524 51.48902", "From Upcerne Road, West Chelsea to South Parade, Chelsea"
"LINESTRING (-0.148059 51.472865,-0.17524 51.48902", "From Silverthorne Road, Battersea to South Parade, Chelsea"
"LINESTRING (-0.170983 51.486892,-0.17524 51.48902", "From Manresa Road, Chelsea to South Parade, Chelsea"
"LINESTRING (-0.150181 51.536922,-0.122203 51.534474", "From London Zoo Car Park, The Regent's Park to Crinan Street, King's Cross"
"LINESTRING (-0.124826 51.516226,-0.122203 51.534474", "From High Holborn , Covent Garden to Crinan Street, King's Cross"
"LINESTRING (-0.116628 51.500089,-0.122203 51.534474", "From Lambeth Palace Road, Waterloo to Crinan Street, King's Cross"
"LINESTRING (-0.14177 51.479501,-0.122203 51.534474", "From Battersea Park Road, Nine Elms to Crinan Street, King's Cross"
"LINESTRING (-0.083935 51.520009,-0.122203 51.534474", "From Sun Street, Liverpool Street to Crinan Street, King's Cross"
"LINESTRING (-0.150181 51.536922,-0.122203 51.534474", "From London Zoo Car Park, The Regent's Park to Crinan Street, King's Cross"
"LINESTRING (-0.112824 51.503791,-0.122203 51.534474", "From Waterloo Station 3, Waterloo to Crinan Street, King's Cross"
"LINESTRING (-0.09315 51.53356,-0.122203 51.534474", "From Eagle Wharf Road, Hoxton to Crinan Street, King's Cross"
"LINESTRING (-0.124469 51.485917,-0.122203 51.534474", "From Vauxhall Cross, Vauxhall to Crinan Street, King's Cross"
"LINESTRING (-0.17977 51.51348,-0.173757 51.496471", "From Devonshire Terrace, Bayswater to Exhibition Road Museums 1, South Kensington"
"LINESTRING (-0.173693 51.495948,-0.173757 51.496471", "From Exhibition Road Museums 2, South Kensington to Exhibition Road Museums 1, South Kensington"
"LINESTRING (-0.194757 51.493343,-0.173757 51.496471", "From Nevern Place, Earl's Court to Exhibition Road Museums 1, South Kensington"
"LINESTRING (-0.208888 51.5212,-0.173757 51.496471", "From Bevington Road West, North Kensington to Exhibition Road Museums 1, South Kensington"
"LINESTRING (-0.194757 51.493343,-0.173757 51.496471", "From Nevern Place, Earl's Court to Exhibition Road Museums 1, South Kensington"
"LINESTRING (-0.17977 51.51348,-0.173757 51.496471", "From Devonshire Terrace, Bayswater to Exhibition Road Museums 1, South Kensington"
"LINESTRING (-0.173693 51.495948,-0.173757 51.496471", "From Exhibition Road Museums 2, South Kensington to Exhibition Road Museums 1, South Kensington"
"LINESTRING (-0.15352 51.503117,-0.173757 51.496471", "From Hyde Park Corner, Hyde Park to Exhibition Road Museums 1, South Kensington"
"LINESTRING (-0.165101 51.493583,-0.173757 51.496471", "From Denyer Street, Knightsbridge to Exhibition Road Museums 1, South Kensington"
"LINESTRING (-0.15352 51.503117,-0.173757 51.496471", "From Hyde Park Corner, Hyde Park to Exhibition Road Museums 1, South Kensington"
"LINESTRING (-0.150908 51.47505,-0.173757 51.496471", "From Alfreda Street, Battersea Park to Exhibition Road Museums 1, South Kensington"
"LINESTRING (-0.149569 51.50274,-0.173757 51.496471", "From Wellington Arch, Hyde Park to Exhibition Road Museums 1, South Kensington"
"LINESTRING (-0.15352 51.503117,-0.173757 51.496471", "From Hyde Park Corner, Hyde Park to Exhibition Road Museums 1, South Kensington"
"LINESTRING (-0.173693 51.495948,-0.173757 51.496471", "From Exhibition Road Museums 2, South Kensington to Exhibition Road Museums 1, South Kensington"
"LINESTRING (-0.172528 51.533043,-0.173757 51.496471", "From Wellington Road, St. John's Wood to Exhibition Road Museums 1, South Kensington"
"LINESTRING (-0.215808 51.503802,-0.173757 51.496471", "From Hansard Mews, Holland Park to Exhibition Road Museums 1, South Kensington"
"LINESTRING (-0.210941 51.504199,-0.173757 51.496471", "From Addison Road, Holland Park to Exhibition Road Museums 1, South Kensington"
"LINESTRING (-0.149569 51.50274,-0.173757 51.496471", "From Wellington Arch, Hyde Park to Exhibition Road Museums 1, South Kensington"
"LINESTRING (-0.164786 51.477292,-0.173757 51.496471", "From Ethelburga Estate, Battersea Park to Exhibition Road Museums 1, South Kensington"
"LINESTRING (-0.142783 51.51196,-0.173757 51.496471", "From St. George Street, Mayfair to Exhibition Road Museums 1, South Kensington"
"LINESTRING (-0.099489 51.524868,-0.173757 51.496471", "From Sadlers Sports Centre, Finsbury to Exhibition Road Museums 1, South Kensington"
"LINESTRING (-0.17021 51.474535,-0.173757 51.496471", "From Orbel Street, Battersea to Exhibition Road Museums 1, South Kensington"
"LINESTRING (-0.183846 51.523344,-0.173757 51.496471", "From Warwick Avenue Station, Maida Vale to Exhibition Road Museums 1, South Kensington"
"LINESTRING (-0.163609 51.51809,-0.173757 51.496471", "From Shouldham Street, Marylebone to Exhibition Road Museums 1, South Kensington"
"LINESTRING (-0.195455 51.500401,-0.173757 51.496471", "From Argyll Road, Kensington to Exhibition Road Museums 1, South Kensington"
"LINESTRING (-0.15352 51.503117,-0.173757 51.496471", "From Hyde Park Corner, Hyde Park to Exhibition Road Museums 1, South Kensington"
"LINESTRING (-0.15352 51.503117,-0.173757 51.496471", "From Hyde Park Corner, Hyde Park to Exhibition Road Museums 1, South Kensington"
"LINESTRING (-0.206029 51.49087,-0.173757 51.496471", "From West Kensington Station, West Kensington to Exhibition Road Museums 1, South Kensington"
"LINESTRING (-0.174411 51.511933,-0.173757 51.496471", "From Bayswater Road, Hyde Park to Exhibition Road Museums 1, South Kensington"
"LINESTRING (-0.162418 51.490083,-0.173757 51.496471", "From Royal Avenue 2, Chelsea to Exhibition Road Museums 1, South Kensington"
"LINESTRING (-0.187842 51.509908,-0.173757 51.496471", "From Black Lion Gate, Kensington Gardens to Exhibition Road Museums 1, South Kensington"
"LINESTRING (-0.173693 51.495948,-0.173757 51.496471", "From Exhibition Road Museums 2, South Kensington to Exhibition Road Museums 1, South Kensington"
"LINESTRING (-0.183118 51.515607,-0.173757 51.496471", "From Cleveland Gardens, Bayswater to Exhibition Road Museums 1, South Kensington"
"LINESTRING (-0.179702 51.499428,-0.173757 51.496471", "From Imperial College, Knightsbridge to Exhibition Road Museums 1, South Kensington"
"LINESTRING (-0.159237 51.501855,-0.173757 51.496471", "From Seville Street, Knightsbridge to Exhibition Road Museums 1, South Kensington"
"LINESTRING (-0.183834 51.497924,-0.173757 51.496471", "From Gloucester Road (North), Kensington to Exhibition Road Museums 1, South Kensington"
"LINESTRING (-0.153645 51.512911,-0.173757 51.496471", "From North Audley Street, Mayfair to Exhibition Road Museums 1, South Kensington"
"LINESTRING (-0.162418 51.490083,-0.173757 51.496471", "From Royal Avenue 2, Chelsea to Exhibition Road Museums 1, South Kensington"
"LINESTRING (-0.142783 51.51196,-0.173757 51.496471", "From St. George Street, Mayfair to Exhibition Road Museums 1, South Kensington"
"LINESTRING (-0.193068 51.500397,-0.173757 51.496471", "From Wright's Lane, Kensington to Exhibition Road Museums 1, South Kensington"
"LINESTRING (-0.106992 51.534504,-0.116279 51.524564", "From Liverpool Road (N1 Centre), Angel to Wren Street, Holborn"
"LINESTRING (-0.099141 51.512484,-0.116279 51.524564", "From Godliman Street, St. Paul's to Wren Street, Holborn"
"LINESTRING (-0.187402 51.51031,-0.116279 51.524564", "From Queensway, Kensington Gardens to Wren Street, Holborn"
"LINESTRING (-0.099994 51.522853,-0.116279 51.524564", "From Berry Street, Clerkenwell to Wren Street, Holborn"
"LINESTRING (-0.101026 51.528246,-0.116279 51.524564", "From Goswell Road (City Uni), Finsbury to Wren Street, Holborn"
"LINESTRING (-0.124749 51.509462,-0.116279 51.524564", "From William IV Street, Strand to Wren Street, Holborn"
"LINESTRING (-0.126409 51.524,-0.116279 51.524564", "From Coram Street, Bloomsbury to Wren Street, Holborn"
"LINESTRING (-0.132053 51.518587,-0.116279 51.524564", "From Bayley Street , Bloomsbury to Wren Street, Holborn"
"LINESTRING (-0.123823 51.501513,-0.116279 51.524564", "From Westminster Pier, Westminster to Wren Street, Holborn"
"LINESTRING (-0.105312 51.504043,-0.116279 51.524564", "From Southwark Station 1, Southwark to Wren Street, Holborn"
"LINESTRING (-0.124121 51.523418,-0.116279 51.524564", "From Russell Square Station, Bloomsbury to Wren Street, Holborn"
"LINESTRING (-0.124826 51.516226,-0.116279 51.524564", "From High Holborn , Covent Garden to Wren Street, Holborn"
"LINESTRING (-0.113001 51.50486,-0.116279 51.524564", "From Waterloo Road, South Bank to Wren Street, Holborn"
"LINESTRING (-0.124121 51.523418,-0.116279 51.524564", "From Russell Square Station, Bloomsbury to Wren Street, Holborn"
"LINESTRING (-0.144083 51.525595,-0.116279 51.524564", "From Longford Street, The Regent's Park to Wren Street, Holborn"
"LINESTRING (-0.079608 51.521668,-0.116279 51.524564", "From Worship Street, Shoreditch to Wren Street, Holborn"
"LINESTRING (-0.103078 51.511934,-0.116279 51.524564", "From Blackfriars Station, St. Paul's to Wren Street, Holborn"
"LINESTRING (-0.091773 51.504627,-0.116279 51.524564", "From Hop Exchange, The Borough to Wren Street, Holborn"
"LINESTRING (-0.109025 51.534408,-0.116279 51.524564", "From Cloudesley Road, Angel to Wren Street, Holborn"
"LINESTRING (-0.087262 51.506304,-0.116279 51.524564", "From Duke Street Hill, London Bridge to Wren Street, Holborn"
"LINESTRING (-0.091773 51.504627,-0.116279 51.524564", "From Hop Exchange, The Borough to Wren Street, Holborn"
"LINESTRING (-0.099141 51.512484,-0.116279 51.524564", "From Godliman Street, St. Paul's to Wren Street, Holborn"
"LINESTRING (-0.109006 51.521661,-0.116279 51.524564", "From Hatton Wall, Holborn to Wren Street, Holborn"
"LINESTRING (-0.089782 51.53089,-0.116279 51.524564", "From Murray Grove , Hoxton to Wren Street, Holborn"
"LINESTRING (-0.113001 51.50486,-0.116279 51.524564", "From Waterloo Road, South Bank to Wren Street, Holborn"
"LINESTRING (-0.131161 51.52505,-0.116279 51.524564", "From Taviton Street, Bloomsbury to Wren Street, Holborn"
"LINESTRING (-0.130431 51.52168,-0.116279 51.524564", "From Malet Street, Bloomsbury to Wren Street, Holborn"
"LINESTRING (-0.106408 51.530515,-0.116279 51.524564", "From Chadwell Street, Angel to Wren Street, Holborn"
"LINESTRING (-0.17021 51.474535,-0.105593 51.488852", "From Orbel Street, Battersea to Kennington Station, Kennington"
"LINESTRING (-0.157788 51.465123,-0.105593 51.488852", "From Sugden Road, Clapham to Kennington Station, Kennington"
"LINESTRING (-0.102091 51.500693,-0.105593 51.488852", "From Webber Street , Southwark to Kennington Station, Kennington"
"LINESTRING (-0.101536 51.49217,-0.105593 51.488852", "From Hampton Street, Walworth to Kennington Station, Kennington"
"LINESTRING (-0.102996 51.486929,-0.105593 51.488852", "From Doddington Grove, Kennington to Kennington Station, Kennington"
"LINESTRING (-0.105596 51.505342,-0.105593 51.488852", "From Colombo Street, Southwark to Kennington Station, Kennington"
"LINESTRING (-0.112031 51.49914,-0.105593 51.488852", "From Lambeth North Station, Waterloo to Kennington Station, Kennington"
"LINESTRING (-0.111471 51.479601,-0.105593 51.488852", "From Cranmer Road, Stockwell to Kennington Station, Kennington"
"LINESTRING (-0.12367 51.471433,-0.105593 51.488852", "From Clapham Road, Lingham Street, Stockwell to Kennington Station, Kennington"
"LINESTRING (-0.10834 51.52352,-0.105593 51.488852", "From Farringdon Lane, Clerkenwell to Kennington Station, Kennington"
"LINESTRING (-0.105593 51.488852,-0.105593 51.488852", "From Kennington Station, Kennington to Kennington Station, Kennington"
"LINESTRING (-0.170329 51.477684,-0.105593 51.488852", "From Westbridge Road, Battersea to Kennington Station, Kennington"
"LINESTRING (-0.130458 51.494816,-0.105593 51.488852", "From Horseferry Road, Westminster to Kennington Station, Kennington"
"LINESTRING (-0.152248 51.467185,-0.105593 51.488852", "From Ashley Crescent, Battersea to Kennington Station, Kennington"
"LINESTRING (-0.117974 51.494881,-0.105593 51.488852", "From Lambeth Road, Vauxhall to Kennington Station, Kennington"
"LINESTRING (-0.116625 51.486965,-0.105593 51.488852", "From Vauxhall Street, Vauxhall to Kennington Station, Kennington"
"LINESTRING (-0.113134 51.483145,-0.105593 51.488852", "From Kennington Oval, Oval to Kennington Station, Kennington"
"LINESTRING (-0.112031 51.49914,-0.105593 51.488852", "From Lambeth North Station, Waterloo to Kennington Station, Kennington"
"LINESTRING (-0.113864 51.504027,-0.105593 51.488852", "From Waterloo Station 1, Waterloo to Kennington Station, Kennington"
"LINESTRING (-0.18119 51.485587,-0.105593 51.488852", "From Limerston Street, West Chelsea to Kennington Station, Kennington"
"LINESTRING (-0.180389 51.46517,-0.105593 51.488852", "From Hibbert Street, Battersea to Kennington Station, Kennington"
"LINESTRING (-0.124642 51.481747,-0.105593 51.488852", "From South Lambeth Road, Vauxhall to Kennington Station, Kennington"
"LINESTRING (-0.081608 51.497855,-0.105593 51.488852", "From Bermondsey Street, Bermondsey to Kennington Station, Kennington"
"LINESTRING (-0.179135 51.516417,-0.11655 51.51824", "From Eastbourne Mews, Paddington to Red Lion Street, Holborn"
"LINESTRING (-0.090075 51.517842,-0.11655 51.51824", "From Fore Street, Guildhall to Red Lion Street, Holborn"
"LINESTRING (-0.106237 51.507244,-0.11655 51.51824", "From Milroy Walk, South Bank to Red Lion Street, Holborn"
"LINESTRING (-0.120202 51.523346,-0.11655 51.51824", "From Guilford Street , Bloomsbury to Red Lion Street, Holborn"
"LINESTRING (-0.066078 51.514924,-0.11655 51.51824", "From LMU Commercial Road, Whitechapel to Red Lion Street, Holborn"
"LINESTRING (-0.119643 51.511756,-0.11655 51.51824", "From Wellington Street , Strand to Red Lion Street, Holborn"
"LINESTRING (-0.125979 51.526357,-0.11655 51.51824", "From Cartwright Gardens , Bloomsbury to Red Lion Street, Holborn"
"LINESTRING (-0.139174 51.533019,-0.11655 51.51824", "From Harrington Square 1, Camden Town to Red Lion Street, Holborn"
"LINESTRING (-0.109006 51.521661,-0.11655 51.51824", "From Hatton Wall, Holborn to Red Lion Street, Holborn"
"LINESTRING (-0.11548 51.528915,-0.11655 51.51824", "From Great Percy Street, Clerkenwell to Red Lion Street, Holborn"
"LINESTRING (-0.179668 51.511654,-0.11655 51.51824", "From Lancaster Gate , Bayswater to Red Lion Street, Holborn"
"LINESTRING (-0.104724 51.52836,-0.11655 51.51824", "From St. John Street, Finsbury to Red Lion Street, Holborn"
"LINESTRING (-0.089446 51.497382,-0.11655 51.51824", "From Great Dover Street, The Borough to Red Lion Street, Holborn"
"LINESTRING (-0.141728 51.539099,-0.11655 51.51824", "From Greenland Road, Camden Town to Red Lion Street, Holborn"
"LINESTRING (-0.179592 51.525575,-0.11655 51.51824", "From Clifton Road, Maida Vale to Red Lion Street, Holborn"
"LINESTRING (-0.13225 51.528833,-0.11655 51.51824", "From Doric Way , Somers Town to Red Lion Street, Holborn"
"LINESTRING (-0.112824 51.503791,-0.11655 51.51824", "From Waterloo Station 3, Waterloo to Red Lion Street, Holborn"
"LINESTRING (-0.113864 51.504027,-0.11655 51.51824", "From Waterloo Station 1, Waterloo to Red Lion Street, Holborn"
"LINESTRING (-0.089782 51.53089,-0.11655 51.51824", "From Murray Grove , Hoxton to Red Lion Street, Holborn"
"LINESTRING (-0.104708 51.52326,-0.11655 51.51824", "From Clerkenwell Green, Clerkenwell to Red Lion Street, Holborn"
"LINESTRING (-0.118677 51.5338,-0.11655 51.51824", "From Killick Street, King's Cross to Red Lion Street, Holborn"
"LINESTRING (-0.123616 51.529943,-0.11655 51.51824", "From Belgrove Street , King's Cross to Red Lion Street, Holborn"
"LINESTRING (-0.122219 51.51477,-0.11655 51.51824", "From Drury Lane, Covent Garden to Red Lion Street, Holborn"
"LINESTRING (-0.118295 51.52728,-0.11655 51.51824", "From Ampton Street , Clerkenwell to Red Lion Street, Holborn"
"LINESTRING (-0.066078 51.514924,-0.11655 51.51824", "From LMU Commercial Road, Whitechapel to Red Lion Street, Holborn"
"LINESTRING (-0.116279 51.524564,-0.11655 51.51824", "From Wren Street, Holborn to Red Lion Street, Holborn"
"LINESTRING (-0.143495 51.509992,-0.11655 51.51824", "From Grafton Street, Mayfair to Red Lion Street, Holborn"
"LINESTRING (-0.037471 51.528224,-0.11655 51.51824", "From Antill Road, Mile End to Red Lion Street, Holborn"
"LINESTRING (-0.132845 51.489975,-0.11655 51.51824", "From Rampayne Street, Pimlico to Red Lion Street, Holborn"
"LINESTRING (-0.122219 51.51477,-0.11655 51.51824", "From Drury Lane, Covent Garden to Red Lion Street, Holborn"
"LINESTRING (-0.058005 51.527152,-0.120903 51.488124", "From Pott Street, Bethnal Green to Vauxhall Walk, Vauxhall"
"LINESTRING (-0.099828 51.493146,-0.120903 51.488124", "From Strata, Elephant & Castle to Vauxhall Walk, Vauxhall"
"LINESTRING (-0.119022 51.469202,-0.120903 51.488124", "From Sidney Road, Stockwell to Vauxhall Walk, Vauxhall"
"LINESTRING (-0.182126 51.463489,-0.120903 51.488124", "From Usk Road, Clapham Junction to Vauxhall Walk, Vauxhall"
"LINESTRING (-0.167919 51.484984,-0.120903 51.488124", "From Phene Street, Chelsea to Vauxhall Walk, Vauxhall"
"LINESTRING (-0.091773 51.504627,-0.120903 51.488124", "From Hop Exchange, The Borough to Vauxhall Walk, Vauxhall"
"LINESTRING (-0.114605 51.495656,-0.120903 51.488124", "From Sail Street, Vauxhall to Vauxhall Walk, Vauxhall"
"LINESTRING (-0.114934 51.49288,-0.120903 51.488124", "From Lollard Street, Vauxhall to Vauxhall Walk, Vauxhall"
"LINESTRING (-0.10988 51.49775,-0.120903 51.488124", "From King Edward Walk, Waterloo to Vauxhall Walk, Vauxhall"
"LINESTRING (-0.027772 51.505703,-0.120903 51.488124", "From Westferry Circus, Canary Wharf to Vauxhall Walk, Vauxhall"
"LINESTRING (-0.123616 51.529943,-0.120903 51.488124", "From Belgrove Street , King's Cross to Vauxhall Walk, Vauxhall"
"LINESTRING (-0.111014 51.493686,-0.120903 51.488124", "From Walnut Tree Walk, Vauxhall to Vauxhall Walk, Vauxhall"
"LINESTRING (-0.133201 51.512515,-0.120903 51.488124", "From Wardour Street, Soho to Vauxhall Walk, Vauxhall"
"LINESTRING (-0.110699 51.501444,-0.120903 51.488124", "From Baylis Road, Waterloo to Vauxhall Walk, Vauxhall"
"LINESTRING (-0.127854 51.517727,-0.118677 51.5338", "From Great Russell Street, Bloomsbury to Killick Street, King's Cross"
"LINESTRING (-0.130431 51.52168,-0.118677 51.5338", "From Malet Street, Bloomsbury to Killick Street, King's Cross"
"LINESTRING (-0.13011 51.513527,-0.118677 51.5338", "From Moor Street, Soho to Killick Street, King's Cross"
"LINESTRING (-0.132053 51.518587,-0.118677 51.5338", "From Bayley Street , Bloomsbury to Killick Street, King's Cross"
"LINESTRING (-0.158963 51.524517,-0.118677 51.5338", "From Park Road (Baker Street), The Regent's Park to Killick Street, King's Cross"
"LINESTRING (-0.132053 51.518587,-0.118677 51.5338", "From Bayley Street , Bloomsbury to Killick Street, King's Cross"
"LINESTRING (-0.18119 51.485587,-0.113134 51.483145", "From Limerston Street, West Chelsea to Kennington Oval, Oval"
"LINESTRING (-0.094524 51.500694,-0.113134 51.483145", "From Borough High Street, The Borough to Kennington Oval, Oval"
"LINESTRING (-0.123179 51.506543,-0.113134 51.483145", "From Whitehall Place, Strand to Kennington Oval, Oval"
"LINESTRING (-0.123823 51.501513,-0.113134 51.483145", "From Westminster Pier, Westminster to Kennington Oval, Oval"
"LINESTRING (-0.110699 51.501444,-0.113134 51.483145", "From Baylis Road, Waterloo to Kennington Oval, Oval"
"LINESTRING (-0.147449 51.509351,-0.113134 51.483145", "From Farm Street, Mayfair to Kennington Oval, Oval"
"LINESTRING (-0.120903 51.488124,-0.113134 51.483145", "From Vauxhall Walk, Vauxhall to Kennington Oval, Oval"
"LINESTRING (-0.116628 51.500089,-0.113134 51.483145", "From Lambeth Palace Road, Waterloo to Kennington Oval, Oval"
"LINESTRING (-0.110699 51.501444,-0.113134 51.483145", "From Baylis Road, Waterloo to Kennington Oval, Oval"
"LINESTRING (-0.116625 51.486965,-0.113134 51.483145", "From Vauxhall Street, Vauxhall to Kennington Oval, Oval"
"LINESTRING (-0.122492 51.486343,-0.113134 51.483145", "From Kennington Lane Rail Bridge, Vauxhall to Kennington Oval, Oval"
"LINESTRING (-0.111014 51.493686,-0.113134 51.483145", "From Walnut Tree Walk, Vauxhall to Kennington Oval, Oval"
"LINESTRING (-0.11258 51.473874,-0.113134 51.483145", "From Normandy Road, Stockwell to Kennington Oval, Oval"
"LINESTRING (-0.106323 51.490757,-0.113134 51.483145", "From Cotton Garden Estate, Kennington to Kennington Oval, Oval"
"LINESTRING (-0.13011 51.513527,-0.113134 51.483145", "From Moor Street, Soho to Kennington Oval, Oval"
"LINESTRING (-0.119643 51.511756,-0.113134 51.483145", "From Wellington Street , Strand to Kennington Oval, Oval"
"LINESTRING (-0.124642 51.481747,-0.113134 51.483145", "From South Lambeth Road, Vauxhall to Kennington Oval, Oval"
"LINESTRING (-0.112686 51.469217,-0.113134 51.483145", "From Wynne Road, Stockwell to Kennington Oval, Oval"
"LINESTRING (-0.099828 51.493146,-0.113134 51.483145", "From Strata, Elephant & Castle to Kennington Oval, Oval"
"LINESTRING (-0.096191 51.498597,-0.113134 51.483145", "From Harper Road, The Borough to Kennington Oval, Oval"
"LINESTRING (-0.116625 51.486965,-0.113134 51.483145", "From Vauxhall Street, Vauxhall to Kennington Oval, Oval"
"LINESTRING (-0.135478 51.495827,-0.114605 51.495656", "From Rochester Row, Westminster to Sail Street, Vauxhall"
"LINESTRING (-0.099828 51.493146,-0.114605 51.495656", "From Strata, Elephant & Castle to Sail Street, Vauxhall"
"LINESTRING (-0.120202 51.523346,-0.114605 51.495656", "From Guilford Street , Bloomsbury to Sail Street, Vauxhall"
"LINESTRING (-0.113936 51.500139,-0.114605 51.495656", "From Lower Marsh, Waterloo to Sail Street, Vauxhall"
"LINESTRING (-0.102091 51.500693,-0.114605 51.495656", "From Webber Street , Southwark to Sail Street, Vauxhall"
"LINESTRING (-0.148059 51.472865,-0.114605 51.495656", "From Silverthorne Road, Battersea to Sail Street, Vauxhall"
"LINESTRING (-0.125674 51.491884,-0.114605 51.495656", "From Millbank Tower, Pimlico to Sail Street, Vauxhall"
"LINESTRING (-0.105312 51.504043,-0.114605 51.495656", "From Southwark Station 1, Southwark to Sail Street, Vauxhall"
"LINESTRING (-0.113864 51.504027,-0.114605 51.495656", "From Waterloo Station 1, Waterloo to Sail Street, Vauxhall"
"LINESTRING (-0.215618 51.464786,-0.114605 51.495656", "From Felsham Road, Putney to Sail Street, Vauxhall"
"LINESTRING (-0.113936 51.500139,-0.114605 51.495656", "From Lower Marsh, Waterloo to Sail Street, Vauxhall"
"LINESTRING (-0.137424 51.498865,-0.114605 51.495656", "From Buckingham Gate, Westminster to Sail Street, Vauxhall"
"LINESTRING (-0.12367 51.471433,-0.114605 51.495656", "From Clapham Road, Lingham Street, Stockwell to Sail Street, Vauxhall"
"LINESTRING (-0.204666 51.509591,-0.211358 51.510101", "From Lansdowne Walk, Ladbroke Grove to Walmer Road, Avondale"
"LINESTRING (-0.208486 51.506465,-0.211358 51.510101", "From Princedale Road , Holland Park to Walmer Road, Avondale"
"LINESTRING (-0.205535 51.507481,-0.211358 51.510101", "From Lansdowne Road, Ladbroke Grove to Walmer Road, Avondale"
"LINESTRING (-0.202608 51.51632,-0.211358 51.510101", "From All Saints Church, Portobello to Walmer Road, Avondale"
"LINESTRING (-0.209494 51.498157,-0.211358 51.510101", "From Kensington Olympia Station, Olympia to Walmer Road, Avondale"
"LINESTRING (-0.191933 51.495866,-0.211358 51.510101", "From Lexham Gardens, Kensington to Walmer Road, Avondale"
"LINESTRING (-0.214594 51.510928,-0.211358 51.510101", "From Sirdar Road, Avondale to Walmer Road, Avondale"
"LINESTRING (-0.151926 51.516814,-0.211358 51.510101", "From Hinde Street, Marylebone to Walmer Road, Avondale"
"LINESTRING (-0.200804 51.520509,-0.211358 51.510101", "From The Metropolitan, Portobello to Walmer Road, Avondale"
"LINESTRING (-0.214594 51.510928,-0.211358 51.510101", "From Sirdar Road, Avondale to Walmer Road, Avondale"
"LINESTRING (-0.214428 51.486062,-0.211358 51.510101", "From Greyhound Road, Hammersmith to Walmer Road, Avondale"
"LINESTRING (-0.209378 51.489591,-0.211358 51.510101", "From Vereker Road, West Kensington to Walmer Road, Avondale"
"LINESTRING (-0.105344 51.515059,-0.058641 51.515256", "From St. Bride Street, Holborn to Philpot Street, Whitechapel"
"LINESTRING (-0.085603 51.53095,-0.058641 51.515256", "From New North Road 1, Hoxton to Philpot Street, Whitechapel"
"LINESTRING (-0.079249 51.518908,-0.058641 51.515256", "From Brushfield Street, Liverpool Street to Philpot Street, Whitechapel"
"LINESTRING (-0.058681 51.506946,-0.058641 51.515256", "From Reardon Street, Wapping to Philpot Street, Whitechapel"
"LINESTRING (-0.047784 51.51328,-0.058641 51.515256", "From Albert Gardens, Stepney to Philpot Street, Whitechapel"
"LINESTRING (-0.058641 51.515256,-0.058641 51.515256", "From Philpot Street, Whitechapel to Philpot Street, Whitechapel"
"LINESTRING (-0.069543 51.525645,-0.058641 51.515256", "From Granby Street, Shoreditch to Philpot Street, Whitechapel"
"LINESTRING (-0.092754 51.505974,-0.058641 51.515256", "From Park Street, Bankside to Philpot Street, Whitechapel"
"LINESTRING (-0.063386 51.521905,-0.058641 51.515256", "From Selby Street, Whitechapel to Philpot Street, Whitechapel"
"LINESTRING (-0.073438 51.51838,-0.058641 51.515256", "From Fashion Street, Whitechapel to Philpot Street, Whitechapel"
"LINESTRING (-0.07962 51.503493,-0.058641 51.515256", "From Tooley Street, Bermondsey to Philpot Street, Whitechapel"
"LINESTRING (-0.057544 51.504749,-0.058641 51.515256", "From Wapping Lane, Wapping to Philpot Street, Whitechapel"
"LINESTRING (-0.07962 51.503493,-0.058641 51.515256", "From Tooley Street, Bermondsey to Philpot Street, Whitechapel"
"LINESTRING (-0.073438 51.51838,-0.058641 51.515256", "From Fashion Street, Whitechapel to Philpot Street, Whitechapel"
"LINESTRING (-0.075855 51.517475,-0.058641 51.515256", "From Bell Lane, Liverpool Street to Philpot Street, Whitechapel"
"LINESTRING (-0.076793 51.513406,-0.058641 51.515256", "From Jewry Street, Aldgate to Philpot Street, Whitechapel"
"LINESTRING (-0.082422 51.516154,-0.058641 51.515256", "From Wormwood Street, Liverpool Street to Philpot Street, Whitechapel"
"LINESTRING (-0.066078 51.514924,-0.058641 51.515256", "From LMU Commercial Road, Whitechapel to Philpot Street, Whitechapel"
"LINESTRING (-0.066078 51.514924,-0.058641 51.515256", "From LMU Commercial Road, Whitechapel to Philpot Street, Whitechapel"
"LINESTRING (-0.074754 51.523648,-0.058641 51.515256", "From Bethnal Green Road, Shoreditch to Philpot Street, Whitechapel"
"LINESTRING (-0.106992 51.534504,-0.055312 51.52568", "From Liverpool Road (N1 Centre), Angel to Bethnal Green Garden, Bethnal Green"
"LINESTRING (-0.036017 51.525941,-0.055312 51.52568", "From Clinton Road, Mile End to Bethnal Green Garden, Bethnal Green"
"LINESTRING (-0.054162 51.536424,-0.055312 51.52568", "From Victoria Park Road, Hackney Central to Bethnal Green Garden, Bethnal Green"
"LINESTRING (-0.056667 51.511542,-0.055312 51.52568", "From Watney Street, Shadwell to Bethnal Green Garden, Bethnal Green"
"LINESTRING (-0.047784 51.51328,-0.055312 51.52568", "From Albert Gardens, Stepney to Bethnal Green Garden, Bethnal Green"
"LINESTRING (-0.094934 51.522954,-0.055312 51.52568", "From Roscoe Street, St. Luke's to Bethnal Green Garden, Bethnal Green"
"LINESTRING (-0.122203 51.534474,-0.055312 51.52568", "From Crinan Street, King's Cross to Bethnal Green Garden, Bethnal Green"
"LINESTRING (-0.101026 51.528246,-0.055312 51.52568", "From Goswell Road (City Uni), Finsbury to Bethnal Green Garden, Bethnal Green"
"LINESTRING (-0.132053 51.518587,-0.055312 51.52568", "From Bayley Street , Bloomsbury to Bethnal Green Garden, Bethnal Green"
"LINESTRING (-0.053177 51.515975,-0.055312 51.52568", "From Jubilee Street, Stepney to Bethnal Green Garden, Bethnal Green"
"LINESTRING (-0.062546 51.535678,-0.055312 51.52568", "From Regent's Row , Haggerston to Bethnal Green Garden, Bethnal Green"
"LINESTRING (-0.074431 51.519362,-0.055312 51.52568", "From Fournier Street, Whitechapel to Bethnal Green Garden, Bethnal Green"
"LINESTRING (-0.13214 51.519572,-0.055312 51.52568", "From Store Street, Bloomsbury to Bethnal Green Garden, Bethnal Green"
"LINESTRING (-0.054883 51.522561,-0.055312 51.52568", "From Cephas Street, Bethnal Green to Bethnal Green Garden, Bethnal Green"
"LINESTRING (-0.055312 51.52568,-0.055312 51.52568", "From Bethnal Green Garden, Bethnal Green to Bethnal Green Garden, Bethnal Green"
"LINESTRING (-0.063386 51.521905,-0.055312 51.52568", "From Selby Street, Whitechapel to Bethnal Green Garden, Bethnal Green"
"LINESTRING (-0.037366 51.534137,-0.055312 51.52568", "From Driffield Road, Old Ford to Bethnal Green Garden, Bethnal Green"
"LINESTRING (-0.051394 51.520893,-0.055312 51.52568", "From Cleveland Way, Stepney to Bethnal Green Garden, Bethnal Green"
"LINESTRING (-0.056667 51.511542,-0.055312 51.52568", "From Watney Street, Shadwell to Bethnal Green Garden, Bethnal Green"
"LINESTRING (-0.099489 51.524868,-0.055312 51.52568", "From Sadlers Sports Centre, Finsbury to Bethnal Green Garden, Bethnal Green"
"LINESTRING (-0.124749 51.509462,-0.055312 51.52568", "From William IV Street, Strand to Bethnal Green Garden, Bethnal Green"
"LINESTRING (-0.029138 51.516196,-0.065076 51.52388", "From Burdett Road, Mile End to Cheshire Street, Bethnal Green"
"LINESTRING (-0.079249 51.518908,-0.065076 51.52388", "From Brushfield Street, Liverpool Street to Cheshire Street, Bethnal Green"
"LINESTRING (-0.090075 51.517842,-0.065076 51.52388", "From Fore Street, Guildhall to Cheshire Street, Bethnal Green"
"LINESTRING (-0.089659 51.52548,-0.065076 51.52388", "From Old Street Station, St. Luke's to Cheshire Street, Bethnal Green"
"LINESTRING (-0.06142 51.532091,-0.065076 51.52388", "From Pritchard's Road, Bethnal Green to Cheshire Street, Bethnal Green"
"LINESTRING (-0.047784 51.51328,-0.065076 51.52388", "From Albert Gardens, Stepney to Cheshire Street, Bethnal Green"
"LINESTRING (-0.057159 51.511088,-0.065076 51.52388", "From Shadwell Station, Shadwell to Cheshire Street, Bethnal Green"
"LINESTRING (-0.06992 51.53385,-0.065076 51.52388", "From Queensbridge Road, Haggerston to Cheshire Street, Bethnal Green"
"LINESTRING (-0.086379 51.534042,-0.065076 51.52388", "From Shoreditch Park, Hoxton to Cheshire Street, Bethnal Green"
"LINESTRING (-0.087262 51.506304,-0.065076 51.52388", "From Duke Street Hill, London Bridge to Cheshire Street, Bethnal Green"
"LINESTRING (-0.084605 51.521283,-0.065076 51.52388", "From Christopher Street, Liverpool Street to Cheshire Street, Bethnal Green"
"LINESTRING (-0.08249 51.53558,-0.065076 51.52388", "From Pitfield Street North,Hoxton to Cheshire Street, Bethnal Green"
"LINESTRING (-0.055312 51.52568,-0.065076 51.52388", "From Bethnal Green Garden, Bethnal Green to Cheshire Street, Bethnal Green"
"LINESTRING (-0.058005 51.527152,-0.065076 51.52388", "From Pott Street, Bethnal Green to Cheshire Street, Bethnal Green"
"LINESTRING (-0.058005 51.527152,-0.065076 51.52388", "From Pott Street, Bethnal Green to Cheshire Street, Bethnal Green"
"LINESTRING (-0.08299 51.53213,-0.065076 51.52388", "From Pitfield Street Central, Hoxton to Cheshire Street, Bethnal Green"
"LINESTRING (-0.018703 51.528169,-0.065076 51.52388", "From Bow Church Station, Bow to Cheshire Street, Bethnal Green"
"LINESTRING (-0.058826 51.54119,-0.065076 51.52388", "From London Fields, Hackney Central to Cheshire Street, Bethnal Green"
"LINESTRING (-0.068856 51.521776,-0.065076 51.52388", "From Buxton Street 1, Shoreditch to Cheshire Street, Bethnal Green"
"LINESTRING (-0.029138 51.516196,-0.065076 51.52388", "From Burdett Road, Mile End to Cheshire Street, Bethnal Green"
"LINESTRING (-0.012413 51.508896,-0.065076 51.52388", "From Newby Place, Poplar to Cheshire Street, Bethnal Green"
"LINESTRING (-0.011889 51.538718,-0.065076 51.52388", "From Podium, Queen Elizabeth Olympic Park to Cheshire Street, Bethnal Green"
"LINESTRING (-0.028155 51.533283,-0.065076 51.52388", "From Hewison Street, Old Ford to Cheshire Street, Bethnal Green"
"LINESTRING (-0.083353 51.529537,-0.065076 51.52388", "From Fanshaw Street, Hoxton to Cheshire Street, Bethnal Green"
"LINESTRING (-0.051394 51.520893,-0.065076 51.52388", "From Cleveland Way, Stepney to Cheshire Street, Bethnal Green"
"LINESTRING (-0.082422 51.516154,-0.065076 51.52388", "From Wormwood Street, Liverpool Street to Cheshire Street, Bethnal Green"
"LINESTRING (-0.09315 51.53356,-0.065076 51.52388", "From Eagle Wharf Road, Hoxton to Cheshire Street, Bethnal Green"
"LINESTRING (-0.116688 51.520596,-0.065076 51.52388", "From Theobald's Road , Holborn to Cheshire Street, Bethnal Green"
"LINESTRING (-0.106823 51.508033,-0.065076 51.52388", "From Sea Containers, South Bank to Cheshire Street, Bethnal Green"
"LINESTRING (-0.047784 51.51328,-0.065076 51.52388", "From Albert Gardens, Stepney to Cheshire Street, Bethnal Green"
"LINESTRING (-0.011889 51.538718,-0.065076 51.52388", "From Podium, Queen Elizabeth Olympic Park to Cheshire Street, Bethnal Green"
"LINESTRING (-0.033085 51.532513,-0.065076 51.52388", "From Ford Road, Old Ford to Cheshire Street, Bethnal Green"
"LINESTRING (-0.104708 51.52326,-0.065076 51.52388", "From Clerkenwell Green, Clerkenwell to Cheshire Street, Bethnal Green"
"LINESTRING (-0.074431 51.519362,-0.065076 51.52388", "From Fournier Street, Whitechapel to Cheshire Street, Bethnal Green"
"LINESTRING (-0.063386 51.521905,-0.055894 51.528936", "From Selby Street, Whitechapel to York Hall, Bethnal Green"
"LINESTRING (-0.054162 51.536424,-0.055894 51.528936", "From Victoria Park Road, Hackney Central to York Hall, Bethnal Green"
"LINESTRING (-0.026262 51.536039,-0.055894 51.528936", "From Wendon Street, Old Ford to York Hall, Bethnal Green"
"LINESTRING (-0.074284 51.539328,-0.055894 51.528936", "From Haggerston Road, Haggerston to York Hall, Bethnal Green"
"LINESTRING (-0.06142 51.532091,-0.055894 51.528936", "From Pritchard's Road, Bethnal Green to York Hall, Bethnal Green"
"LINESTRING (-0.060291 51.535716,-0.055894 51.528936", "From Ada Street, Hackney Central to York Hall, Bethnal Green"
"LINESTRING (-0.026262 51.536039,-0.055894 51.528936", "From Wendon Street, Old Ford to York Hall, Bethnal Green"
"LINESTRING (-0.059091 51.528692,-0.055894 51.528936", "From Clarkson Street, Bethnal Green to York Hall, Bethnal Green"
"LINESTRING (-0.058005 51.527152,-0.055894 51.528936", "From Pott Street, Bethnal Green to York Hall, Bethnal Green"
"LINESTRING (-0.063386 51.521905,-0.055894 51.528936", "From Selby Street, Whitechapel to York Hall, Bethnal Green"
"LINESTRING (-0.039264 51.521564,-0.055894 51.528936", "From Harford Street, Mile End to York Hall, Bethnal Green"
"LINESTRING (-0.074754 51.523648,-0.055894 51.528936", "From Bethnal Green Road, Shoreditch to York Hall, Bethnal Green"
"LINESTRING (-0.049591 51.53341,-0.055894 51.528936", "From Bonner Gate, Victoria Park to York Hall, Bethnal Green"
"LINESTRING (-0.063386 51.521905,-0.055894 51.528936", "From Selby Street, Whitechapel to York Hall, Bethnal Green"
"LINESTRING (-0.075885 51.536585,-0.055894 51.528936", "From Dunston Road , Haggerston to York Hall, Bethnal Green"
"LINESTRING (-0.070133 51.515231,-0.055894 51.528936", "From Central House, Whitechapel to York Hall, Bethnal Green"
"LINESTRING (-0.054883 51.522561,-0.055894 51.528936", "From Cephas Street, Bethnal Green to York Hall, Bethnal Green"
"LINESTRING (-0.042744 51.530326,-0.055894 51.528936", "From Twig Folly Bridge, Mile End to York Hall, Bethnal Green"
"LINESTRING (-0.042744 51.530326,-0.055894 51.528936", "From Twig Folly Bridge, Mile End to York Hall, Bethnal Green"
"LINESTRING (-0.03338 51.535179,-0.055894 51.528936", "From Gunmakers Lane, Old Ford to York Hall, Bethnal Green"
"LINESTRING (-0.026262 51.536039,-0.055894 51.528936", "From Wendon Street, Old Ford to York Hall, Bethnal Green"
"LINESTRING (-0.076793 51.513406,-0.055894 51.528936", "From Jewry Street, Aldgate to York Hall, Bethnal Green"
"LINESTRING (-0.062697 51.518154,-0.055894 51.528936", "From New Road 1 , Whitechapel to York Hall, Bethnal Green"
"LINESTRING (-0.054162 51.536424,-0.055894 51.528936", "From Victoria Park Road, Hackney Central to York Hall, Bethnal Green"
"LINESTRING (-0.055656 51.514222,-0.055894 51.528936", "From Watney Market, Stepney to York Hall, Bethnal Green"
"LINESTRING (-0.109006 51.521661,-0.055894 51.528936", "From Hatton Wall, Holborn to York Hall, Bethnal Green"
"LINESTRING (-0.038986 51.512871,-0.055894 51.528936", "From Flamborough Street, Limehouse to York Hall, Bethnal Green"
"LINESTRING (-0.026262 51.536039,-0.055894 51.528936", "From Wendon Street, Old Ford to York Hall, Bethnal Green"
"LINESTRING (-0.049591 51.53341,-0.055894 51.528936", "From Bonner Gate, Victoria Park to York Hall, Bethnal Green"
"LINESTRING (-0.058826 51.54119,-0.055894 51.528936", "From London Fields, Hackney Central to York Hall, Bethnal Green"
"LINESTRING (-0.070329 51.539083,-0.055894 51.528936", "From Shoreditch Court, Haggerston to York Hall, Bethnal Green"
"LINESTRING (-0.038986 51.512871,-0.055894 51.528936", "From Flamborough Street, Limehouse to York Hall, Bethnal Green"
"LINESTRING (-0.04667 51.521889,-0.055894 51.528936", "From Stepney Green Station, Stepney to York Hall, Bethnal Green"
"LINESTRING (-0.020157 51.499041,-0.007542 51.493381", "From Lightermans Road, Millwall to Jubilee Crescent, Cubitt Town"
"LINESTRING (-0.020157 51.499041,-0.007542 51.493381", "From Lightermans Road, Millwall to Jubilee Crescent, Cubitt Town"
"LINESTRING (-0.02296 51.50623,-0.007542 51.493381", "From Fisherman's Walk West, Canary Wharf to Jubilee Crescent, Cubitt Town"
"LINESTRING (-0.020068 51.50357,-0.007542 51.493381", "From Jubilee Plaza, Canary Wharf to Jubilee Crescent, Cubitt Town"
"LINESTRING (-0.002275 51.509474,-0.007542 51.493381", "From East India DLR, Blackwall to Jubilee Crescent, Cubitt Town"
"LINESTRING (-0.020068 51.50357,-0.02296 51.50623", "From Jubilee Plaza, Canary Wharf to Fisherman's Walk West, Canary Wharf"
"LINESTRING (-0.057544 51.504749,-0.02296 51.50623", "From Wapping Lane, Wapping to Fisherman's Walk West, Canary Wharf"
"LINESTRING (-0.023565 51.515427,-0.02296 51.50623", "From Stainsby Road , Poplar to Fisherman's Walk West, Canary Wharf"
"LINESTRING (-0.017676 51.503083,-0.02296 51.50623", "From Upper Bank Street, Canary Wharf to Fisherman's Walk West, Canary Wharf"
"LINESTRING (-0.117619 51.509943,-0.02296 51.50623", "From Somerset House, Strand to Fisherman's Walk West, Canary Wharf"
"LINESTRING (-0.104298 51.526717,-0.02296 51.50623", "From Finsbury Library , Finsbury to Fisherman's Walk West, Canary Wharf"
"LINESTRING (-0.055167 51.508447,-0.02296 51.50623", "From Garnet Street, Shadwell to Fisherman's Walk West, Canary Wharf"
"LINESTRING (-0.08249 51.53558,-0.02296 51.50623", "From Pitfield Street North,Hoxton to Fisherman's Walk West, Canary Wharf"
"LINESTRING (-0.058681 51.506946,-0.02296 51.50623", "From Reardon Street, Wapping to Fisherman's Walk West, Canary Wharf"
"LINESTRING (-0.047218 51.526041,-0.02296 51.50623", "From Bancroft Road, Bethnal Green to Fisherman's Walk West, Canary Wharf"
"LINESTRING (-0.06142 51.532091,-0.02296 51.50623", "From Pritchard's Road, Bethnal Green to Fisherman's Walk West, Canary Wharf"
"LINESTRING (-0.012413 51.508896,-0.02296 51.50623", "From Newby Place, Poplar to Fisherman's Walk West, Canary Wharf"
"LINESTRING (-0.08249 51.53558,-0.02296 51.50623", "From Pitfield Street North,Hoxton to Fisherman's Walk West, Canary Wharf"
"LINESTRING (-0.047548 51.528869,-0.02296 51.50623", "From Globe Town Market, Bethnal Green to Fisherman's Walk West, Canary Wharf"
"LINESTRING (-0.0786 51.500647,-0.02296 51.50623", "From Tanner Street, Bermondsey to Fisherman's Walk West, Canary Wharf"
"LINESTRING (-0.021345 51.519265,-0.02296 51.50623", "From Furze Green, Bow to Fisherman's Walk West, Canary Wharf"
"LINESTRING (-0.029138 51.516196,-0.057159 51.511088", "From Burdett Road, Mile End to Shadwell Station, Shadwell"
"LINESTRING (-0.07962 51.503493,-0.057159 51.511088", "From Tooley Street, Bermondsey to Shadwell Station, Shadwell"
"LINESTRING (-0.076793 51.513406,-0.057159 51.511088", "From Jewry Street, Aldgate to Shadwell Station, Shadwell"
"LINESTRING (-0.062697 51.518154,-0.057159 51.511088", "From New Road 1 , Whitechapel to Shadwell Station, Shadwell"
"LINESTRING (-0.043371 51.518369,-0.057159 51.511088", "From Rectory Square, Stepney to Shadwell Station, Shadwell"
"LINESTRING (-0.062697 51.518154,-0.057159 51.511088", "From New Road 1 , Whitechapel to Shadwell Station, Shadwell"
"LINESTRING (-0.053558 51.511066,-0.057159 51.511088", "From Sutton Street, Shadwell to Shadwell Station, Shadwell"
"LINESTRING (-0.117495 51.498241,-0.057159 51.511088", "From Archbishop's Park, Waterloo to Shadwell Station, Shadwell"
"LINESTRING (-0.06691 51.507131,-0.057159 51.511088", "From Nesham Street, Wapping to Shadwell Station, Shadwell"
"LINESTRING (-0.113936 51.500139,-0.057159 51.511088", "From Lower Marsh, Waterloo to Shadwell Station, Shadwell"
"LINESTRING (-0.066078 51.514924,-0.057159 51.511088", "From LMU Commercial Road, Whitechapel to Shadwell Station, Shadwell"
"LINESTRING (-0.091773 51.504627,-0.057159 51.511088", "From Hop Exchange, The Borough to Shadwell Station, Shadwell"
"LINESTRING (-0.051394 51.520893,-0.057159 51.511088", "From Cleveland Way, Stepney to Shadwell Station, Shadwell"
"LINESTRING (-0.06415 51.51295,-0.057159 51.511088", "From Christian Street, Whitechapel to Shadwell Station, Shadwell"
"LINESTRING (-0.142943 51.496863,-0.057159 51.511088", "From Allington Street, Victoria to Shadwell Station, Shadwell"
"LINESTRING (-0.114686 51.506133,-0.057159 51.511088", "From Belvedere Road 1, South Bank to Shadwell Station, Shadwell"
"LINESTRING (-0.041378 51.522507,-0.057159 51.511088", "From Queen Mary's, Mile End to Shadwell Station, Shadwell"
"LINESTRING (-0.06111 51.518675,-0.053177 51.515975", "From Royal London Hospital, Whitechapel to Jubilee Street, Stepney"
"LINESTRING (-0.087262 51.506304,-0.053177 51.515975", "From Duke Street Hill, London Bridge to Jubilee Street, Stepney"
"LINESTRING (-0.034903 51.518541,-0.053177 51.515975", "From Mile End Stadium, Mile End to Jubilee Street, Stepney"
"LINESTRING (-0.020068 51.50357,-0.053177 51.515975", "From Jubilee Plaza, Canary Wharf to Jubilee Street, Stepney"
"LINESTRING (-0.057159 51.511088,-0.053177 51.515975", "From Shadwell Station, Shadwell to Jubilee Street, Stepney"
"LINESTRING (-0.034903 51.518541,-0.053177 51.515975", "From Mile End Stadium, Mile End to Jubilee Street, Stepney"
"LINESTRING (-0.056667 51.511542,-0.053177 51.515975", "From Watney Street, Shadwell to Jubilee Street, Stepney"
"LINESTRING (-0.033828 51.514115,-0.053177 51.515975", "From Salmon Lane, Limehouse to Jubilee Street, Stepney"
"LINESTRING (-0.073537 51.514233,-0.053177 51.515975", "From Braham Street, Aldgate to Jubilee Street, Stepney"
"LINESTRING (-0.049591 51.53341,-0.053177 51.515975", "From Bonner Gate, Victoria Park to Jubilee Street, Stepney"
"LINESTRING (-0.034903 51.518541,-0.053177 51.515975", "From Mile End Stadium, Mile End to Jubilee Street, Stepney"
"LINESTRING (-0.053177 51.515975,-0.053177 51.515975", "From Jubilee Street, Stepney to Jubilee Street, Stepney"
"LINESTRING (-0.056667 51.511542,-0.053177 51.515975", "From Watney Street, Shadwell to Jubilee Street, Stepney"
"LINESTRING (-0.08497 51.50964,-0.053177 51.515975", "From Monument Street, Monument to Jubilee Street, Stepney"
"LINESTRING (-0.05438 51.520019,-0.053177 51.515975", "From Ansell House, Stepney to Jubilee Street, Stepney"
"LINESTRING (-0.047548 51.528869,-0.053177 51.515975", "From Globe Town Market, Bethnal Green to Jubilee Street, Stepney"
"LINESTRING (-0.091773 51.504627,-0.053177 51.515975", "From Hop Exchange, The Borough to Jubilee Street, Stepney"
"LINESTRING (-0.067937 51.51793,-0.053177 51.515975", "From Old Montague Street, Whitechapel to Jubilee Street, Stepney"
"LINESTRING (-0.053177 51.515975,-0.053177 51.515975", "From Jubilee Street, Stepney to Jubilee Street, Stepney"
"LINESTRING (-0.057544 51.504749,-0.063531 51.504719", "From Wapping Lane, Wapping to Hermitage Court, Wapping"
"LINESTRING (-0.119047 51.509631,-0.063531 51.504719", "From Embankment (Savoy), Strand to Hermitage Court, Wapping"
"LINESTRING (-0.074189 51.502279,-0.063531 51.504719", "From Curlew Street, Shad Thames to Hermitage Court, Wapping"
"LINESTRING (-0.073537 51.514233,-0.063531 51.504719", "From Braham Street, Aldgate to Hermitage Court, Wapping"
"LINESTRING (-0.057159 51.511088,-0.063531 51.504719", "From Shadwell Station, Shadwell to Hermitage Court, Wapping"
"LINESTRING (-0.068161 51.509786,-0.063531 51.504719", "From Dock Street, Wapping to Hermitage Court, Wapping"
"LINESTRING (-0.074431 51.519362,-0.063531 51.504719", "From Fournier Street, Whitechapel to Hermitage Court, Wapping"
"LINESTRING (-0.142345 51.510662,-0.063531 51.504719", "From Clifford Street, Mayfair to Hermitage Court, Wapping"
"LINESTRING (-0.057159 51.511088,-0.063531 51.504719", "From Shadwell Station, Shadwell to Hermitage Court, Wapping"
"LINESTRING (-0.047784 51.51328,-0.063531 51.504719", "From Albert Gardens, Stepney to Hermitage Court, Wapping"
"LINESTRING (-0.068981 51.498585,-0.063531 51.504719", "From George Row, Bermondsey to Hermitage Court, Wapping"
"LINESTRING (-0.057544 51.504749,-0.063531 51.504719", "From Wapping Lane, Wapping to Hermitage Court, Wapping"
"LINESTRING (-0.053558 51.511066,-0.063531 51.504719", "From Sutton Street, Shadwell to Hermitage Court, Wapping"
"LINESTRING (-0.120202 51.523346,-0.063531 51.504719", "From Guilford Street , Bloomsbury to Hermitage Court, Wapping"
"LINESTRING (-0.079248 51.524526,-0.063531 51.504719", "From New Inn Yard, Shoreditch to Hermitage Court, Wapping"
"LINESTRING (-0.056667 51.511542,-0.063531 51.504719", "From Watney Street, Shadwell to Hermitage Court, Wapping"
"LINESTRING (-0.069542 51.512363,-0.063531 51.504719", "From Leman Street, Aldgate to Hermitage Court, Wapping"
"LINESTRING (-0.070542 51.505697,-0.063531 51.504719", "From St. Katharine's Way, Tower to Hermitage Court, Wapping"
"LINESTRING (-0.056667 51.511542,-0.063531 51.504719", "From Watney Street, Shadwell to Hermitage Court, Wapping"
"LINESTRING (-0.082989 51.510484,-0.063531 51.504719", "From Great Tower Street, Monument to Hermitage Court, Wapping"
"LINESTRING (-0.073537 51.514233,-0.070542 51.505697", "From Braham Street, Aldgate to St. Katharine's Way, Tower"
"LINESTRING (-0.083632 51.502153,-0.070542 51.505697", "From Snowsfields, London Bridge to St. Katharine's Way, Tower"
"LINESTRING (-0.18119 51.485587,-0.070542 51.505697", "From Limerston Street, West Chelsea to St. Katharine's Way, Tower"
"LINESTRING (-0.124749 51.509462,-0.070542 51.505697", "From William IV Street, Strand to St. Katharine's Way, Tower"
"LINESTRING (-0.063531 51.504719,-0.070542 51.505697", "From Hermitage Court, Wapping to St. Katharine's Way, Tower"
"LINESTRING (-0.06691 51.507131,-0.070542 51.505697", "From Nesham Street, Wapping to St. Katharine's Way, Tower"
"LINESTRING (-0.056667 51.511542,-0.070542 51.505697", "From Watney Street, Shadwell to St. Katharine's Way, Tower"
"LINESTRING (-0.027772 51.505703,-0.070542 51.505697", "From Westferry Circus, Canary Wharf to St. Katharine's Way, Tower"
"LINESTRING (-0.057544 51.504749,-0.070542 51.505697", "From Wapping Lane, Wapping to St. Katharine's Way, Tower"
"LINESTRING (-0.01646 51.505772,-0.070542 51.505697", "From Import Dock, Canary Wharf to St. Katharine's Way, Tower"
"LINESTRING (-0.119047 51.509631,-0.070542 51.505697", "From Embankment (Savoy), Strand to St. Katharine's Way, Tower"
"LINESTRING (-0.005659 51.513548,-0.070542 51.505697", "From Aberfeldy Street, Poplar to St. Katharine's Way, Tower"
"LINESTRING (-0.070542 51.505697,-0.070542 51.505697", "From St. Katharine's Way, Tower to St. Katharine's Way, Tower"
"LINESTRING (-0.055167 51.508447,-0.070542 51.505697", "From Garnet Street, Shadwell to St. Katharine's Way, Tower"
"LINESTRING (-0.09294 51.51397,-0.055167 51.508447", "From Cheapside, Bank to Garnet Street, Shadwell"
"LINESTRING (-0.022793 51.497304,-0.055167 51.508447", "From Alpha Grove, Millwall to Garnet Street, Shadwell"
"LINESTRING (-0.033828 51.514115,-0.055167 51.508447", "From Salmon Lane, Limehouse to Garnet Street, Shadwell"
"LINESTRING (-0.082422 51.516154,-0.055167 51.508447", "From Wormwood Street, Liverpool Street to Garnet Street, Shadwell"
"LINESTRING (-0.06691 51.507131,-0.055167 51.508447", "From Nesham Street, Wapping to Garnet Street, Shadwell"
"LINESTRING (-0.06691 51.507131,-0.055167 51.508447", "From Nesham Street, Wapping to Garnet Street, Shadwell"
"LINESTRING (-0.017676 51.503083,-0.055167 51.508447", "From Upper Bank Street, Canary Wharf to Garnet Street, Shadwell"
"LINESTRING (-0.008428 51.503143,-0.055167 51.508447", "From Lancaster Drive, Blackwall to Garnet Street, Shadwell"
"LINESTRING (-0.02296 51.50623,-0.055167 51.508447", "From Fisherman's Walk West, Canary Wharf to Garnet Street, Shadwell"
"LINESTRING (-0.075459 51.509506,-0.055167 51.508447", "From Tower Gardens , Tower to Garnet Street, Shadwell"
"LINESTRING (-0.027772 51.505703,-0.055167 51.508447", "From Westferry Circus, Canary Wharf to Garnet Street, Shadwell"
"LINESTRING (-0.063386 51.521905,-0.055167 51.508447", "From Selby Street, Whitechapel to Garnet Street, Shadwell"
"LINESTRING (-0.009001 51.487129,-0.055167 51.508447", "From Saunders Ness Road, Cubitt Town to Garnet Street, Shadwell"
"LINESTRING (-0.132053 51.518587,-0.055167 51.508447", "From Bayley Street , Bloomsbury to Garnet Street, Shadwell"
"LINESTRING (-0.08497 51.50964,-0.055167 51.508447", "From Monument Street, Monument to Garnet Street, Shadwell"
"LINESTRING (-0.082989 51.510484,-0.055167 51.508447", "From Great Tower Street, Monument to Garnet Street, Shadwell"
"LINESTRING (-0.06691 51.507131,-0.055167 51.508447", "From Nesham Street, Wapping to Garnet Street, Shadwell"
"LINESTRING (-0.103078 51.511934,-0.055167 51.508447", "From Blackfriars Station, St. Paul's to Garnet Street, Shadwell"
"LINESTRING (-0.055167 51.508447,-0.055167 51.508447", "From Garnet Street, Shadwell to Garnet Street, Shadwell"
"LINESTRING (-0.06691 51.507131,-0.055167 51.508447", "From Nesham Street, Wapping to Garnet Street, Shadwell"
"LINESTRING (-0.073537 51.514233,-0.055167 51.508447", "From Braham Street, Aldgate to Garnet Street, Shadwell"
"LINESTRING (-0.047784 51.51328,-0.055167 51.508447", "From Albert Gardens, Stepney to Garnet Street, Shadwell"
"LINESTRING (-0.014409 51.49447,-0.021582 51.487679", "From East Ferry Road, Cubitt Town to Napier Avenue, Millwall"
"LINESTRING (-0.074704 51.500845,-0.021582 51.487679", "From Tower Wharf, Bermondsey to Napier Avenue, Millwall"
"LINESTRING (-0.020157 51.499041,-0.021582 51.487679", "From Lightermans Road, Millwall to Napier Avenue, Millwall"
"LINESTRING (-0.026768 51.520398,-0.021582 51.487679", "From Ackroyd Drive, Bow to Napier Avenue, Millwall"
"LINESTRING (-0.014438 51.5112,-0.014409 51.49447", "From Chrisp Street Market, Poplar to East Ferry Road, Cubitt Town"
"LINESTRING (-0.020068 51.50357,-0.014409 51.49447", "From Jubilee Plaza, Canary Wharf to East Ferry Road, Cubitt Town"
"LINESTRING (-0.020068 51.50357,-0.014409 51.49447", "From Jubilee Plaza, Canary Wharf to East Ferry Road, Cubitt Town"
"LINESTRING (-0.009001 51.487129,-0.014409 51.49447", "From Saunders Ness Road, Cubitt Town to East Ferry Road, Cubitt Town"
"LINESTRING (-0.009205 51.489096,-0.014409 51.49447", "From Stebondale Street, Cubitt Town to East Ferry Road, Cubitt Town"
"LINESTRING (-0.053558 51.511066,-0.014409 51.49447", "From Sutton Street, Shadwell to East Ferry Road, Cubitt Town"
"LINESTRING (-0.018716 51.49109,-0.014409 51.49447", "From Spindrift Avenue, Millwall to East Ferry Road, Cubitt Town"
"LINESTRING (-0.002275 51.509474,-0.014409 51.49447", "From East India DLR, Blackwall to East Ferry Road, Cubitt Town"
"LINESTRING (-0.019355 51.496137,-0.014409 51.49447", "From Millharbour, Millwall to East Ferry Road, Cubitt Town"
"LINESTRING (-0.020068 51.50357,-0.014409 51.49447", "From Jubilee Plaza, Canary Wharf to East Ferry Road, Cubitt Town"
"LINESTRING (-0.002275 51.509474,-0.014409 51.49447", "From East India DLR, Blackwall to East Ferry Road, Cubitt Town"
"LINESTRING (-0.018716 51.49109,-0.014409 51.49447", "From Spindrift Avenue, Millwall to East Ferry Road, Cubitt Town"
"LINESTRING (-0.018716 51.49109,-0.014409 51.49447", "From Spindrift Avenue, Millwall to East Ferry Road, Cubitt Town"
"LINESTRING (-0.018716 51.49109,-0.014409 51.49447", "From Spindrift Avenue, Millwall to East Ferry Road, Cubitt Town"
"LINESTRING (-0.147301 51.514105,-0.144664 51.538071", "From Woodstock Street, Mayfair to Parkway, Camden Town"
"LINESTRING (-0.167515 51.530529,-0.144664 51.538071", "From St. John's Wood Church, The Regent's Park to Parkway, Camden Town"
"LINESTRING (-0.168074 51.5343,-0.144664 51.538071", "From Charlbert Street, St. John's Wood to Parkway, Camden Town"
"LINESTRING (-0.170194 51.489716,-0.144664 51.538071", "From St. Luke's Church, Chelsea to Parkway, Camden Town"
"LINESTRING (-0.158264 51.514577,-0.144664 51.538071", "From Old Quebec Street, Marylebone to Parkway, Camden Town"
"LINESTRING (-0.1844 51.502042,-0.144664 51.538071", "From Palace Gate, Kensington Gardens to Parkway, Camden Town"
"LINESTRING (-0.101536 51.49217,-0.144664 51.538071", "From Hampton Street, Walworth to Parkway, Camden Town"
"LINESTRING (-0.156166 51.518913,-0.144664 51.538071", "From Baker Street, Marylebone to Parkway, Camden Town"
"LINESTRING (-0.168074 51.5343,-0.144664 51.538071", "From Charlbert Street, St. John's Wood to Parkway, Camden Town"
"LINESTRING (-0.208888 51.5212,-0.145393 51.542138", "From Bevington Road West, North Kensington to Castlehaven Road, Camden Town"
"LINESTRING (-0.131861 51.527068,-0.145393 51.542138", "From Euston Square Gardens, Euston to Castlehaven Road, Camden Town"
"LINESTRING (-0.138853 51.541603,-0.145393 51.542138", "From Bonny Street, Camden Town to Castlehaven Road, Camden Town"
"LINESTRING (-0.133952 51.536264,-0.145393 51.542138", "From Royal College Street, Camden Town to Castlehaven Road, Camden Town"
"LINESTRING (-0.145393 51.542138,-0.145393 51.542138", "From Castlehaven Road, Camden Town to Castlehaven Road, Camden Town"
"LINESTRING (-0.145393 51.542138,-0.145393 51.542138", "From Castlehaven Road, Camden Town to Castlehaven Road, Camden Town"
"LINESTRING (-0.172528 51.533043,-0.145393 51.542138", "From Wellington Road, St. John's Wood to Castlehaven Road, Camden Town"
"LINESTRING (-0.145393 51.542138,-0.145393 51.542138", "From Castlehaven Road, Camden Town to Castlehaven Road, Camden Town"
"LINESTRING (-0.192165 51.457529,-0.145393 51.542138", "From Ram Street, Wandsworth to Castlehaven Road, Camden Town"
"LINESTRING (-0.120202 51.523346,-0.145393 51.542138", "From Guilford Street , Bloomsbury to Castlehaven Road, Camden Town"
"LINESTRING (-0.076793 51.513406,-0.145393 51.542138", "From Jewry Street, Aldgate to Castlehaven Road, Camden Town"
"LINESTRING (-0.124121 51.523418,-0.145393 51.542138", "From Russell Square Station, Bloomsbury to Castlehaven Road, Camden Town"
"LINESTRING (-0.125078 51.534667,-0.145393 51.542138", "From Good's Way, King's Cross to Castlehaven Road, Camden Town"
"LINESTRING (-0.145246 51.539957,-0.145393 51.542138", "From Arlington Road, Camden Town to Castlehaven Road, Camden Town"
"LINESTRING (-0.133952 51.536264,-0.145393 51.542138", "From Royal College Street, Camden Town to Castlehaven Road, Camden Town"
"LINESTRING (-0.138535 51.538792,-0.145393 51.542138", "From St Martins Close, Camden Town to Castlehaven Road, Camden Town"
"LINESTRING (-0.079201 51.537277,-0.145393 51.542138", "From Hertford Road, De Beauvoir Town to Castlehaven Road, Camden Town"
"LINESTRING (-0.21819 51.511486,-0.145393 51.542138", "From Evesham Street, Avondale to Castlehaven Road, Camden Town"
"LINESTRING (-0.141728 51.539099,-0.145393 51.542138", "From Greenland Road, Camden Town to Castlehaven Road, Camden Town"
"LINESTRING (-0.145393 51.542138,-0.145393 51.542138", "From Castlehaven Road, Camden Town to Castlehaven Road, Camden Town"
"LINESTRING (-0.076793 51.513406,-0.145393 51.542138", "From Jewry Street, Aldgate to Castlehaven Road, Camden Town"
"LINESTRING (-0.133952 51.536264,-0.145393 51.542138", "From Royal College Street, Camden Town to Castlehaven Road, Camden Town"
"LINESTRING (-0.116191 51.535467,-0.145393 51.542138", "From Carnegie Street, King's Cross to Castlehaven Road, Camden Town"
"LINESTRING (-0.108322 51.510981,-0.057544 51.504749", "From Temple Gardens, Temple to Wapping Lane, Wapping"
"LINESTRING (-0.018703 51.528169,-0.057544 51.504749", "From Bow Church Station, Bow to Wapping Lane, Wapping"
"LINESTRING (-0.063531 51.504719,-0.057544 51.504749", "From Hermitage Court, Wapping to Wapping Lane, Wapping"
"LINESTRING (-0.09308 51.515735,-0.057544 51.504749", "From The Guildhall, Guildhall to Wapping Lane, Wapping"
"LINESTRING (-0.063531 51.504719,-0.057544 51.504749", "From Hermitage Court, Wapping to Wapping Lane, Wapping"
"LINESTRING (-0.027772 51.505703,-0.057544 51.504749", "From Westferry Circus, Canary Wharf to Wapping Lane, Wapping"
"LINESTRING (-0.078869 51.521113,-0.057544 51.504749", "From Norton Folgate, Liverpool Street to Wapping Lane, Wapping"
"LINESTRING (-0.09294 51.511553,-0.057544 51.504749", "From Queen Street 1, Bank to Wapping Lane, Wapping"
"LINESTRING (-0.027772 51.505703,-0.057544 51.504749", "From Westferry Circus, Canary Wharf to Wapping Lane, Wapping"
"LINESTRING (-0.06691 51.507131,-0.057544 51.504749", "From Nesham Street, Wapping to Wapping Lane, Wapping"
"LINESTRING (-0.055167 51.508447,-0.057544 51.504749", "From Garnet Street, Shadwell to Wapping Lane, Wapping"
"LINESTRING (-0.06691 51.507131,-0.057544 51.504749", "From Nesham Street, Wapping to Wapping Lane, Wapping"
"LINESTRING (-0.056667 51.511542,-0.057544 51.504749", "From Watney Street, Shadwell to Wapping Lane, Wapping"
"LINESTRING (-0.119047 51.509631,-0.057544 51.504749", "From Embankment (Savoy), Strand to Wapping Lane, Wapping"
"LINESTRING (-0.06691 51.507131,-0.057544 51.504749", "From Nesham Street, Wapping to Wapping Lane, Wapping"
"LINESTRING (-0.02296 51.50623,-0.057544 51.504749", "From Fisherman's Walk West, Canary Wharf to Wapping Lane, Wapping"
"LINESTRING (-0.06691 51.507131,-0.057544 51.504749", "From Nesham Street, Wapping to Wapping Lane, Wapping"
"LINESTRING (-0.100168 51.530344,-0.057544 51.504749", "From City Road, Angel to Wapping Lane, Wapping"
"LINESTRING (-0.06691 51.507131,-0.057544 51.504749", "From Nesham Street, Wapping to Wapping Lane, Wapping"
"LINESTRING (-0.066078 51.514924,-0.057544 51.504749", "From LMU Commercial Road, Whitechapel to Wapping Lane, Wapping"
"LINESTRING (-0.06691 51.507131,-0.057544 51.504749", "From Nesham Street, Wapping to Wapping Lane, Wapping"
"LINESTRING (-0.075459 51.509506,-0.057544 51.504749", "From Tower Gardens , Tower to Wapping Lane, Wapping"
"LINESTRING (-0.06691 51.507131,-0.057544 51.504749", "From Nesham Street, Wapping to Wapping Lane, Wapping"
"LINESTRING (-0.079249 51.518908,-0.057544 51.504749", "From Brushfield Street, Liverpool Street to Wapping Lane, Wapping"
"LINESTRING (-0.037471 51.528224,-0.057544 51.504749", "From Antill Road, Mile End to Wapping Lane, Wapping"
"LINESTRING (-0.058681 51.506946,-0.057544 51.504749", "From Reardon Street, Wapping to Wapping Lane, Wapping"
"LINESTRING (-0.058641 51.515256,-0.057544 51.504749", "From Philpot Street, Whitechapel to Wapping Lane, Wapping"
"LINESTRING (-0.027772 51.505703,-0.057544 51.504749", "From Westferry Circus, Canary Wharf to Wapping Lane, Wapping"
"LINESTRING (-0.062697 51.518154,-0.057544 51.504749", "From New Road 1 , Whitechapel to Wapping Lane, Wapping"
"LINESTRING (-0.09294 51.51397,-0.057544 51.504749", "From Cheapside, Bank to Wapping Lane, Wapping"
"LINESTRING (-0.055167 51.508447,-0.057544 51.504749", "From Garnet Street, Shadwell to Wapping Lane, Wapping"
"LINESTRING (-0.07962 51.503493,-0.057544 51.504749", "From Tooley Street, Bermondsey to Wapping Lane, Wapping"
"LINESTRING (-0.075459 51.509506,-0.057544 51.504749", "From Tower Gardens , Tower to Wapping Lane, Wapping"
"LINESTRING (-0.069543 51.525645,-0.03338 51.535179", "From Granby Street, Shoreditch to Gunmakers Lane, Old Ford"
"LINESTRING (-0.047548 51.528869,-0.03338 51.535179", "From Globe Town Market, Bethnal Green to Gunmakers Lane, Old Ford"
"LINESTRING (-0.123616 51.529943,-0.03338 51.535179", "From Belgrove Street , King's Cross to Gunmakers Lane, Old Ford"
"LINESTRING (-0.074754 51.523648,-0.03338 51.535179", "From Bethnal Green Road, Shoreditch to Gunmakers Lane, Old Ford"
"LINESTRING (-0.070133 51.515231,-0.03338 51.535179", "From Central House, Whitechapel to Gunmakers Lane, Old Ford"
"LINESTRING (-0.03338 51.535179,-0.03338 51.535179", "From Gunmakers Lane, Old Ford to Gunmakers Lane, Old Ford"
"LINESTRING (-0.074754 51.523648,-0.03338 51.535179", "From Bethnal Green Road, Shoreditch to Gunmakers Lane, Old Ford"
"LINESTRING (-0.09315 51.53356,-0.03338 51.535179", "From Eagle Wharf Road, Hoxton to Gunmakers Lane, Old Ford"
"LINESTRING (-0.111257 51.514274,-0.03338 51.535179", "From Chancery Lane, Holborn to Gunmakers Lane, Old Ford"
"LINESTRING (-0.092921 51.494436,-0.03338 51.535179", "From New Kent Road, The Borough to Gunmakers Lane, Old Ford"
"LINESTRING (-0.032267 51.525501,-0.03338 51.535179", "From Maplin Street, Mile End to Gunmakers Lane, Old Ford"
"LINESTRING (-0.027581 51.526578,-0.03338 51.535179", "From Merchant Street, Bow to Gunmakers Lane, Old Ford"
"LINESTRING (-0.027581 51.526578,-0.03338 51.535179", "From Merchant Street, Bow to Gunmakers Lane, Old Ford"
"LINESTRING (-0.015578 51.52512,-0.03338 51.535179", "From Devons Road, Bow to Gunmakers Lane, Old Ford"
"LINESTRING (-0.066078 51.514924,-0.029138 51.516196", "From LMU Commercial Road, Whitechapel to Burdett Road, Mile End"
"LINESTRING (-0.051394 51.520893,-0.029138 51.516196", "From Cleveland Way, Stepney to Burdett Road, Mile End"
"LINESTRING (-0.02163 51.540311,-0.029138 51.516196", "From Monier Road, Hackney Wick to Burdett Road, Mile End"
"LINESTRING (-0.068161 51.509786,-0.029138 51.516196", "From Dock Street, Wapping to Burdett Road, Mile End"
"LINESTRING (-0.063386 51.521905,-0.029138 51.516196", "From Selby Street, Whitechapel to Burdett Road, Mile End"
"LINESTRING (-0.036017 51.525941,-0.029138 51.516196", "From Clinton Road, Mile End to Burdett Road, Mile End"
"LINESTRING (-0.04667 51.521889,-0.029138 51.516196", "From Stepney Green Station, Stepney to Burdett Road, Mile End"
"LINESTRING (-0.070542 51.505697,-0.029138 51.516196", "From St. Katharine's Way, Tower to Burdett Road, Mile End"
"LINESTRING (-0.06415 51.51295,-0.029138 51.516196", "From Christian Street, Whitechapel to Burdett Road, Mile End"
"LINESTRING (-0.014438 51.5112,-0.029138 51.516196", "From Chrisp Street Market, Poplar to Burdett Road, Mile End"
"LINESTRING (-0.066078 51.514924,-0.029138 51.516196", "From LMU Commercial Road, Whitechapel to Burdett Road, Mile End"
"LINESTRING (-0.062697 51.518154,-0.029138 51.516196", "From New Road 1 , Whitechapel to Burdett Road, Mile End"
"LINESTRING (-0.063386 51.521905,-0.029138 51.516196", "From Selby Street, Whitechapel to Burdett Road, Mile End"
"LINESTRING (-0.042744 51.530326,-0.029138 51.516196", "From Twig Folly Bridge, Mile End to Burdett Road, Mile End"
"LINESTRING (-0.096518 51.491327,-0.029138 51.516196", "From Walworth Square, Walworth to Burdett Road, Mile End"
"LINESTRING (-0.051394 51.520893,-0.029138 51.516196", "From Cleveland Way, Stepney to Burdett Road, Mile End"
"LINESTRING (-0.027581 51.526578,-0.029138 51.516196", "From Merchant Street, Bow to Burdett Road, Mile End"
"LINESTRING (-0.030556 51.523538,-0.029138 51.516196", "From Southern Grove, Bow to Burdett Road, Mile End"
"LINESTRING (-0.062697 51.518154,-0.029138 51.516196", "From New Road 1 , Whitechapel to Burdett Road, Mile End"
"LINESTRING (-0.02296 51.50623,-0.029138 51.516196", "From Fisherman's Walk West, Canary Wharf to Burdett Road, Mile End"
"LINESTRING (-0.058826 51.54119,-0.029138 51.516196", "From London Fields, Hackney Central to Burdett Road, Mile End"
"LINESTRING (-0.023565 51.515427,-0.029138 51.516196", "From Stainsby Road , Poplar to Burdett Road, Mile End"
"LINESTRING (-0.038986 51.512871,-0.038775 51.516", "From Flamborough Street, Limehouse to Aston Street, Stepney"
"LINESTRING (-0.038775 51.516,-0.038775 51.516", "From Aston Street, Stepney to Aston Street, Stepney"
"LINESTRING (-0.079249 51.518908,-0.038775 51.516", "From Brushfield Street, Liverpool Street to Aston Street, Stepney"
"LINESTRING (-0.051394 51.520893,-0.038775 51.516", "From Cleveland Way, Stepney to Aston Street, Stepney"
"LINESTRING (-0.074284 51.539328,-0.038775 51.516", "From Haggerston Road, Haggerston to Aston Street, Stepney"
"LINESTRING (-0.01646 51.505772,-0.038775 51.516", "From Import Dock, Canary Wharf to Aston Street, Stepney"
"LINESTRING (-0.04667 51.521889,-0.038775 51.516", "From Stepney Green Station, Stepney to Aston Street, Stepney"
"LINESTRING (-0.038986 51.512871,-0.038775 51.516", "From Flamborough Street, Limehouse to Aston Street, Stepney"
"LINESTRING (-0.079249 51.518908,-0.038775 51.516", "From Brushfield Street, Liverpool Street to Aston Street, Stepney"
"LINESTRING (-0.055656 51.514222,-0.038775 51.516", "From Watney Market, Stepney to Aston Street, Stepney"
"LINESTRING (-0.062697 51.518154,-0.038775 51.516", "From New Road 1 , Whitechapel to Aston Street, Stepney"
"LINESTRING (-0.089887 51.520858,-0.038775 51.516", "From Bunhill Row, Moorgate to Aston Street, Stepney"
"LINESTRING (-0.038775 51.516,-0.038775 51.516", "From Aston Street, Stepney to Aston Street, Stepney"
"LINESTRING (-0.038986 51.512871,-0.038775 51.516", "From Flamborough Street, Limehouse to Aston Street, Stepney"
"LINESTRING (-0.063386 51.521905,-0.038775 51.516", "From Selby Street, Whitechapel to Aston Street, Stepney"
"LINESTRING (-0.038775 51.516,-0.038775 51.516", "From Aston Street, Stepney to Aston Street, Stepney"
"LINESTRING (-0.038986 51.512871,-0.038775 51.516", "From Flamborough Street, Limehouse to Aston Street, Stepney"
"LINESTRING (-0.169774 51.519968,-0.138853 51.541603", "From Edgware Road Station, Marylebone to Bonny Street, Camden Town"
"LINESTRING (-0.076793 51.513406,-0.138853 51.541603", "From Jewry Street, Aldgate to Bonny Street, Camden Town"
"LINESTRING (-0.145246 51.539957,-0.138853 51.541603", "From Arlington Road, Camden Town to Bonny Street, Camden Town"
"LINESTRING (-0.123509 51.52625,-0.138853 51.541603", "From Tavistock Place, Bloomsbury to Bonny Street, Camden Town"
"LINESTRING (-0.130431 51.52168,-0.138853 51.541603", "From Malet Street, Bloomsbury to Bonny Street, Camden Town"
"LINESTRING (-0.087587 51.514441,-0.138853 51.541603", "From Bank of England Museum, Bank to Bonny Street, Camden Town"
"LINESTRING (-0.132328 51.515631,-0.138853 51.541603", "From Soho Square , Soho to Bonny Street, Camden Town"
"LINESTRING (-0.147154 51.537349,-0.138853 51.541603", "From Gloucester Avenue, Camden Town to Bonny Street, Camden Town"
"LINESTRING (-0.075901 51.531091,-0.138853 51.541603", "From Hoxton Station, Hoxton to Bonny Street, Camden Town"
"LINESTRING (-0.107349 51.511891,-0.138853 51.541603", "From Tallis Street, Temple to Bonny Street, Camden Town"
"LINESTRING (-0.160854 51.535892,-0.138853 51.541603", "From Prince Albert Road, The Regent's Park to Bonny Street, Camden Town"
"LINESTRING (-0.111781 51.533319,-0.138853 51.541603", "From Risinghill Street, Angel to Bonny Street, Camden Town"
"LINESTRING (-0.058826 51.54119,-0.138853 51.541603", "From London Fields, Hackney Central to Bonny Street, Camden Town"
"LINESTRING (-0.133952 51.536264,-0.138853 51.541603", "From Royal College Street, Camden Town to Bonny Street, Camden Town"
"LINESTRING (-0.112721 51.536392,-0.138853 51.541603", "From Charlotte Terrace, Angel to Bonny Street, Camden Town"
"LINESTRING (-0.145393 51.542138,-0.138853 51.541603", "From Castlehaven Road, Camden Town to Bonny Street, Camden Town"
"LINESTRING (-0.114842 51.50621,-0.138853 51.541603", "From Belvedere Road 2, South Bank to Bonny Street, Camden Town"
"LINESTRING (-0.141728 51.539099,-0.138853 51.541603", "From Greenland Road, Camden Town to Bonny Street, Camden Town"
"LINESTRING (-0.124807 51.53724,-0.138853 51.541603", "From Handyside Street, King's Cross to Bonny Street, Camden Town"
"LINESTRING (-0.145246 51.539957,-0.138853 51.541603", "From Arlington Road, Camden Town to Bonny Street, Camden Town"
"LINESTRING (-0.128585 51.516118,-0.138853 51.541603", "From Earnshaw Street , Covent Garden to Bonny Street, Camden Town"
"LINESTRING (-0.138853 51.541603,-0.138853 51.541603", "From Bonny Street, Camden Town to Bonny Street, Camden Town"
"LINESTRING (-0.131161 51.52505,-0.138853 51.541603", "From Taviton Street, Bloomsbury to Bonny Street, Camden Town"
"LINESTRING (-0.129386 51.534123,-0.138853 51.541603", "From Pancras Road, King's Cross to Bonny Street, Camden Town"
"LINESTRING (-0.147449 51.509351,-0.138853 51.541603", "From Farm Street, Mayfair to Bonny Street, Camden Town"
"LINESTRING (-0.122502 51.523951,-0.138853 51.541603", "From Brunswick Square, Bloomsbury to Bonny Street, Camden Town"
"LINESTRING (-0.124678 51.51908,-0.138853 51.541603", "From British Museum, Bloomsbury to Bonny Street, Camden Town"
"LINESTRING (-0.147449 51.509351,-0.138853 51.541603", "From Farm Street, Mayfair to Bonny Street, Camden Town"
"LINESTRING (-0.132328 51.515631,-0.138853 51.541603", "From Soho Square , Soho to Bonny Street, Camden Town"
"LINESTRING (-0.062546 51.535678,-0.071881 51.534776", "From Regent's Row , Haggerston to Thurtle Road, Haggerston"
"LINESTRING (-0.089659 51.52548,-0.071881 51.534776", "From Old Street Station, St. Luke's to Thurtle Road, Haggerston"
"LINESTRING (-0.058826 51.54119,-0.071881 51.534776", "From London Fields, Hackney Central to Thurtle Road, Haggerston"
"LINESTRING (-0.102757 51.536384,-0.071881 51.534776", "From Islington Green, Angel to Thurtle Road, Haggerston"
"LINESTRING (-0.009935 51.546326,-0.071881 51.534776", "From East Village, Queen Elizabeth Olympic Park to Thurtle Road, Haggerston"
"LINESTRING (-0.063386 51.521905,-0.071881 51.534776", "From Selby Street, Whitechapel to Thurtle Road, Haggerston"
"LINESTRING (-0.057133 51.527607,-0.071881 51.534776", "From Hollybush Gardens, Bethnal Green to Thurtle Road, Haggerston"
"LINESTRING (-0.079249 51.518908,-0.071881 51.534776", "From Brushfield Street, Liverpool Street to Thurtle Road, Haggerston"
"LINESTRING (-0.049067 51.51563,-0.052099 51.51417", "From Aylward Street, Stepney to St. Mary & St. Michael Church, Stepney"
"LINESTRING (-0.04667 51.521889,-0.052099 51.51417", "From Stepney Green Station, Stepney to St. Mary & St. Michael Church, Stepney"
"LINESTRING (-0.053177 51.515975,-0.052099 51.51417", "From Jubilee Street, Stepney to St. Mary & St. Michael Church, Stepney"
"LINESTRING (-0.091773 51.504627,-0.052099 51.51417", "From Hop Exchange, The Borough to St. Mary & St. Michael Church, Stepney"
"LINESTRING (-0.056667 51.511542,-0.052099 51.51417", "From Watney Street, Shadwell to St. Mary & St. Michael Church, Stepney"
"LINESTRING (-0.068981 51.498585,-0.052099 51.51417", "From George Row, Bermondsey to St. Mary & St. Michael Church, Stepney"
"LINESTRING (-0.076793 51.513406,-0.052099 51.51417", "From Jewry Street, Aldgate to St. Mary & St. Michael Church, Stepney"
"LINESTRING (-0.07023 51.536654,-0.052099 51.51417", "From Belford House, Haggerston to St. Mary & St. Michael Church, Stepney"
"LINESTRING (-0.075459 51.509506,-0.052099 51.51417", "From Tower Gardens , Tower to St. Mary & St. Michael Church, Stepney"
"LINESTRING (-0.054883 51.522561,-0.052099 51.51417", "From Cephas Street, Bethnal Green to St. Mary & St. Michael Church, Stepney"
"LINESTRING (-0.06111 51.518675,-0.052099 51.51417", "From Royal London Hospital, Whitechapel to St. Mary & St. Michael Church, Stepney"
"LINESTRING (-0.058826 51.54119,-0.08249 51.53558", "From London Fields, Hackney Central to Pitfield Street North,Hoxton"
"LINESTRING (-0.145211 51.520715,-0.08249 51.53558", "From Portland Place, Marylebone to Pitfield Street North,Hoxton"
"LINESTRING (-0.06555 51.528681,-0.08249 51.53558", "From Durant Street, Bethnal Green to Pitfield Street North,Hoxton"
"LINESTRING (-0.054162 51.536424,-0.08249 51.53558", "From Victoria Park Road, Hackney Central to Pitfield Street North,Hoxton"
"LINESTRING (-0.102757 51.536384,-0.08249 51.53558", "From Islington Green, Angel to Pitfield Street North,Hoxton"
"LINESTRING (-0.104724 51.52836,-0.08249 51.53558", "From St. John Street, Finsbury to Pitfield Street North,Hoxton"
"LINESTRING (-0.037471 51.528224,-0.08249 51.53558", "From Antill Road, Mile End to Pitfield Street North,Hoxton"
"LINESTRING (-0.083067 51.523196,-0.08249 51.53558", "From Clifton Street, Shoreditch to Pitfield Street North,Hoxton"
"LINESTRING (-0.093421 51.529154,-0.08249 51.53558", "From Windsor Terrace, Hoxton to Pitfield Street North,Hoxton"
"LINESTRING (-0.086379 51.534042,-0.08249 51.53558", "From Shoreditch Park, Hoxton to Pitfield Street North,Hoxton"
"LINESTRING (-0.104708 51.52326,-0.08249 51.53558", "From Clerkenwell Green, Clerkenwell to Pitfield Street North,Hoxton"
"LINESTRING (-0.123823 51.501513,-0.08249 51.53558", "From Westminster Pier, Westminster to Pitfield Street North,Hoxton"
"LINESTRING (-0.075375 51.528187,-0.08249 51.53558", "From Columbia Road, Shoreditch to Pitfield Street North,Hoxton"
"LINESTRING (-0.093903 51.530991,-0.08249 51.53558", "From Wenlock Road , Hoxton to Pitfield Street North,Hoxton"
"LINESTRING (-0.06142 51.532091,-0.08249 51.53558", "From Pritchard's Road, Bethnal Green to Pitfield Street North,Hoxton"
"LINESTRING (-0.086379 51.534042,-0.08249 51.53558", "From Shoreditch Park, Hoxton to Pitfield Street North,Hoxton"
"LINESTRING (-0.062546 51.535678,-0.08249 51.53558", "From Regent's Row , Haggerston to Pitfield Street North,Hoxton"
"LINESTRING (-0.033085 51.532513,-0.08249 51.53558", "From Ford Road, Old Ford to Pitfield Street North,Hoxton"
"LINESTRING (-0.078505 51.53095,-0.08249 51.53558", "From Falkirk Street, Hoxton to Pitfield Street North,Hoxton"
"LINESTRING (-0.037366 51.534137,-0.08249 51.53558", "From Driffield Road, Old Ford to Pitfield Street North,Hoxton"
"LINESTRING (-0.083935 51.520009,-0.08249 51.53558", "From Sun Street, Liverpool Street to Pitfield Street North,Hoxton"
"LINESTRING (-0.091773 51.504627,-0.08249 51.53558", "From Hop Exchange, The Borough to Pitfield Street North,Hoxton"
"LINESTRING (-0.113864 51.504027,-0.08249 51.53558", "From Waterloo Station 1, Waterloo to Pitfield Street North,Hoxton"
"LINESTRING (-0.060291 51.535716,-0.08249 51.53558", "From Ada Street, Hackney Central to Pitfield Street North,Hoxton"
"LINESTRING (-0.097441 51.511961,-0.08249 51.53558", "From Queen Victoria Street, St. Paul's to Pitfield Street North,Hoxton"
"LINESTRING (-0.071653 51.522617,-0.08249 51.53558", "From Brick Lane Market, Shoreditch to Pitfield Street North,Hoxton"
"LINESTRING (-0.038557 51.541515,-0.08249 51.53558", "From Gascoyne Road, Victoria Park to Pitfield Street North,Hoxton"
"LINESTRING (-0.08249 51.53558,-0.08249 51.53558", "From Pitfield Street North,Hoxton to Pitfield Street North,Hoxton"
"LINESTRING (-0.079249 51.518908,-0.08249 51.53558", "From Brushfield Street, Liverpool Street to Pitfield Street North,Hoxton"
"LINESTRING (-0.089659 51.52548,-0.08249 51.53558", "From Old Street Station, St. Luke's to Pitfield Street North,Hoxton"
"LINESTRING (-0.065076 51.52388,-0.08249 51.53558", "From Cheshire Street, Bethnal Green to Pitfield Street North,Hoxton"
"LINESTRING (-0.085634 51.520962,-0.08249 51.53558", "From Finsbury Square , Moorgate to Pitfield Street North,Hoxton"
"LINESTRING (-0.06142 51.532091,-0.08249 51.53558", "From Pritchard's Road, Bethnal Green to Pitfield Street North,Hoxton"
"LINESTRING (-0.102757 51.536384,-0.08249 51.53558", "From Islington Green, Angel to Pitfield Street North,Hoxton"
"LINESTRING (-0.174971 51.485121,-0.08249 51.53558", "From The Vale, Chelsea to Pitfield Street North,Hoxton"
"LINESTRING (-0.096317 51.526008,-0.08249 51.53558", "From Finsbury Leisure Centre, St. Luke's to Pitfield Street North,Hoxton"
"LINESTRING (-0.060291 51.535716,-0.08249 51.53558", "From Ada Street, Hackney Central to Pitfield Street North,Hoxton"
"LINESTRING (-0.112824 51.503791,-0.08249 51.53558", "From Waterloo Station 3, Waterloo to Pitfield Street North,Hoxton"
"LINESTRING (-0.109025 51.534408,-0.08249 51.53558", "From Cloudesley Road, Angel to Pitfield Street North,Hoxton"
"LINESTRING (-0.065076 51.52388,-0.08249 51.53558", "From Cheshire Street, Bethnal Green to Pitfield Street North,Hoxton"
"LINESTRING (-0.033085 51.532513,-0.08249 51.53558", "From Ford Road, Old Ford to Pitfield Street North,Hoxton"
"LINESTRING (-0.0801 51.52959,-0.08249 51.53558", "From Hoxton Street, Hoxton to Pitfield Street North,Hoxton"
"LINESTRING (-0.065076 51.52388,-0.08249 51.53558", "From Cheshire Street, Bethnal Green to Pitfield Street North,Hoxton"
"LINESTRING (-0.08497 51.50964,-0.08249 51.53558", "From Monument Street, Monument to Pitfield Street North,Hoxton"
"LINESTRING (-0.085634 51.520962,-0.08249 51.53558", "From Finsbury Square , Moorgate to Pitfield Street North,Hoxton"
"LINESTRING (-0.062546 51.535678,-0.08249 51.53558", "From Regent's Row , Haggerston to Pitfield Street North,Hoxton"
"LINESTRING (-0.078505 51.53095,-0.08249 51.53558", "From Falkirk Street, Hoxton to Pitfield Street North,Hoxton"
"LINESTRING (-0.074284 51.539328,-0.08249 51.53558", "From Haggerston Road, Haggerston to Pitfield Street North,Hoxton"
"LINESTRING (-0.099489 51.524868,-0.08249 51.53558", "From Sadlers Sports Centre, Finsbury to Pitfield Street North,Hoxton"
"LINESTRING (-0.09315 51.53356,-0.076341 51.534464", "From Eagle Wharf Road, Hoxton to Whiston Road, Haggerston"
"LINESTRING (-0.071881 51.534776,-0.076341 51.534464", "From Thurtle Road, Haggerston to Whiston Road, Haggerston"
"LINESTRING (-0.077178 51.514449,-0.076341 51.534464", "From Houndsditch, Aldgate to Whiston Road, Haggerston"
"LINESTRING (-0.125078 51.534667,-0.076341 51.534464", "From Good's Way, King's Cross to Whiston Road, Haggerston"
"LINESTRING (-0.093903 51.530991,-0.076341 51.534464", "From Wenlock Road , Hoxton to Whiston Road, Haggerston"
"LINESTRING (-0.077178 51.514449,-0.076341 51.534464", "From Houndsditch, Aldgate to Whiston Road, Haggerston"
"LINESTRING (-0.058826 51.54119,-0.076341 51.534464", "From London Fields, Hackney Central to Whiston Road, Haggerston"
"LINESTRING (-0.079249 51.518908,-0.076341 51.534464", "From Brushfield Street, Liverpool Street to Whiston Road, Haggerston"
"LINESTRING (-0.089887 51.520858,-0.076341 51.534464", "From Bunhill Row, Moorgate to Whiston Road, Haggerston"
"LINESTRING (-0.089887 51.520858,-0.076341 51.534464", "From Bunhill Row, Moorgate to Whiston Road, Haggerston"
"LINESTRING (-0.029138 51.516196,-0.030556 51.523538", "From Burdett Road, Mile End to Southern Grove, Bow"
"LINESTRING (-0.04667 51.521889,-0.030556 51.523538", "From Stepney Green Station, Stepney to Southern Grove, Bow"
"LINESTRING (-0.087262 51.506304,-0.030556 51.523538", "From Duke Street Hill, London Bridge to Southern Grove, Bow"
"LINESTRING (-0.00481 51.541793,-0.030556 51.523538", "From Stratford Station, Stratford to Southern Grove, Bow"
"LINESTRING (-0.04667 51.521889,-0.030556 51.523538", "From Stepney Green Station, Stepney to Southern Grove, Bow"
"LINESTRING (-0.027772 51.505703,-0.030556 51.523538", "From Westferry Circus, Canary Wharf to Southern Grove, Bow"
"LINESTRING (-0.032566 51.520597,-0.030556 51.523538", "From Mile End Park Leisure Centre, Mile End to Southern Grove, Bow"
"LINESTRING (-0.018703 51.528169,-0.022694 51.521564", "From Bow Church Station, Bow to Cantrell Road, Bow"
"LINESTRING (-0.015578 51.52512,-0.022694 51.521564", "From Devons Road, Bow to Cantrell Road, Bow"
"LINESTRING (-0.025296 51.527058,-0.022694 51.521564", "From Bow Road Station, Bow to Cantrell Road, Bow"
"LINESTRING (-0.015578 51.52512,-0.022694 51.521564", "From Devons Road, Bow to Cantrell Road, Bow"
"LINESTRING (-0.052099 51.51417,-0.022694 51.521564", "From St. Mary & St. Michael Church, Stepney to Cantrell Road, Bow"
"LINESTRING (-0.022694 51.521564,-0.022694 51.521564", "From Cantrell Road, Bow to Cantrell Road, Bow"
"LINESTRING (-0.077121 51.511594,-0.022694 51.521564", "From Crosswall, Tower to Cantrell Road, Bow"
"LINESTRING (-0.025296 51.527058,-0.025492 51.530535", "From Bow Road Station, Bow to Mostyn Grove, Bow"
"LINESTRING (-0.032566 51.520597,-0.025492 51.530535", "From Mile End Park Leisure Centre, Mile End to Mostyn Grove, Bow"
"LINESTRING (-0.079249 51.518908,-0.025492 51.530535", "From Brushfield Street, Liverpool Street to Mostyn Grove, Bow"
"LINESTRING (-0.025296 51.527058,-0.025492 51.530535", "From Bow Road Station, Bow to Mostyn Grove, Bow"
"LINESTRING (-0.014691 51.546805,-0.025492 51.530535", "From Timber Lodge, Queen Elizabeth Olympic Park to Mostyn Grove, Bow"
"LINESTRING (-0.025492 51.530535,-0.025492 51.530535", "From Mostyn Grove, Bow to Mostyn Grove, Bow"
"LINESTRING (-0.085814 51.495061,-0.025492 51.530535", "From Bricklayers Arms, Borough to Mostyn Grove, Bow"
"LINESTRING (-0.049591 51.53341,-0.025492 51.530535", "From Bonner Gate, Victoria Park to Mostyn Grove, Bow"
"LINESTRING (-0.074754 51.523648,-0.025492 51.530535", "From Bethnal Green Road, Shoreditch to Mostyn Grove, Bow"
"LINESTRING (-0.082989 51.510484,-0.025492 51.530535", "From Great Tower Street, Monument to Mostyn Grove, Bow"
"LINESTRING (-0.066035 51.531864,-0.025492 51.530535", "From Goldsmith's Row, Haggerston to Mostyn Grove, Bow"
"LINESTRING (-0.078505 51.53095,-0.028155 51.533283", "From Falkirk Street, Hoxton to Hewison Street, Old Ford"
"LINESTRING (-0.037366 51.534137,-0.028155 51.533283", "From Driffield Road, Old Ford to Hewison Street, Old Ford"
"LINESTRING (-0.01051 51.54094,-0.028155 51.533283", "From Aquatic Centre, Queen Elizabeth Olympic Park to Hewison Street, Old Ford"
"LINESTRING (-0.025296 51.527058,-0.028155 51.533283", "From Bow Road Station, Bow to Hewison Street, Old Ford"
"LINESTRING (-0.038557 51.541515,-0.028155 51.533283", "From Gascoyne Road, Victoria Park to Hewison Street, Old Ford"
"LINESTRING (-0.036017 51.525941,-0.028155 51.533283", "From Clinton Road, Mile End to Hewison Street, Old Ford"
"LINESTRING (-0.025296 51.527058,-0.028155 51.533283", "From Bow Road Station, Bow to Hewison Street, Old Ford"
"LINESTRING (-0.018703 51.528169,-0.028155 51.533283", "From Bow Church Station, Bow to Hewison Street, Old Ford"
"LINESTRING (-0.026262 51.536039,-0.028155 51.533283", "From Wendon Street, Old Ford to Hewison Street, Old Ford"
"LINESTRING (-0.025296 51.527058,-0.028155 51.533283", "From Bow Road Station, Bow to Hewison Street, Old Ford"
"LINESTRING (-0.033085 51.532513,-0.028155 51.533283", "From Ford Road, Old Ford to Hewison Street, Old Ford"
"LINESTRING (-0.049591 51.53341,-0.028155 51.533283", "From Bonner Gate, Victoria Park to Hewison Street, Old Ford"
"LINESTRING (-0.032267 51.525501,-0.028155 51.533283", "From Maplin Street, Mile End to Hewison Street, Old Ford"
"LINESTRING (-0.032267 51.525501,-0.028155 51.533283", "From Maplin Street, Mile End to Hewison Street, Old Ford"
"LINESTRING (-0.049591 51.53341,-0.028155 51.533283", "From Bonner Gate, Victoria Park to Hewison Street, Old Ford"
"LINESTRING (-0.025296 51.527058,-0.028155 51.533283", "From Bow Road Station, Bow to Hewison Street, Old Ford"
"LINESTRING (-0.051394 51.520893,-0.027616 51.529452", "From Cleveland Way, Stepney to Malmesbury Road, Bow"
"LINESTRING (-0.049067 51.51563,-0.027616 51.529452", "From Aylward Street, Stepney to Malmesbury Road, Bow"
"LINESTRING (-0.049067 51.51563,-0.027616 51.529452", "From Aylward Street, Stepney to Malmesbury Road, Bow"
"LINESTRING (-0.009205 51.489096,-0.019355 51.496137", "From Stebondale Street, Cubitt Town to Millharbour, Millwall"
"LINESTRING (-0.093051 51.511246,-0.019355 51.496137", "From Queen Street 2, Bank to Millharbour, Millwall"
"LINESTRING (-0.055167 51.508447,-0.019355 51.496137", "From Garnet Street, Shadwell to Millharbour, Millwall"
"LINESTRING (-0.055656 51.514222,-0.019355 51.496137", "From Watney Market, Stepney to Millharbour, Millwall"
"LINESTRING (-0.053558 51.511066,-0.019355 51.496137", "From Sutton Street, Shadwell to Millharbour, Millwall"
"LINESTRING (-0.014582 51.490645,-0.019355 51.496137", "From Mudchute DLR, Cubitt Town to Millharbour, Millwall"
"LINESTRING (-0.047784 51.51328,-0.019355 51.496137", "From Albert Gardens, Stepney to Millharbour, Millwall"
"LINESTRING (-0.055167 51.508447,-0.019355 51.496137", "From Garnet Street, Shadwell to Millharbour, Millwall"
"LINESTRING (-0.051394 51.520893,-0.038557 51.541515", "From Cleveland Way, Stepney to Gascoyne Road, Victoria Park"
"LINESTRING (-0.028941 51.542118,-0.038557 51.541515", "From Cadogan Close, Victoria Park to Gascoyne Road, Victoria Park"
"LINESTRING (-0.079249 51.518908,-0.038557 51.541515", "From Brushfield Street, Liverpool Street to Gascoyne Road, Victoria Park"
"LINESTRING (-0.07023 51.536654,-0.038557 51.541515", "From Belford House, Haggerston to Gascoyne Road, Victoria Park"
"LINESTRING (-0.051394 51.520893,-0.038557 51.541515", "From Cleveland Way, Stepney to Gascoyne Road, Victoria Park"
"LINESTRING (-0.104724 51.52836,-0.038557 51.541515", "From St. John Street, Finsbury to Gascoyne Road, Victoria Park"
"LINESTRING (-0.115057 51.512582,-0.038557 51.541515", "From Strand, Strand to Gascoyne Road, Victoria Park"
"LINESTRING (-0.020542 51.544909,-0.038557 51.541515", "From Copper Box Arena, Queen Elizabeth Olympic Park to Gascoyne Road, Victoria Park"
"LINESTRING (-0.057133 51.527607,-0.038557 51.541515", "From Hollybush Gardens, Bethnal Green to Gascoyne Road, Victoria Park"
"LINESTRING (-0.01051 51.54094,-0.038557 51.541515", "From Aquatic Centre, Queen Elizabeth Olympic Park to Gascoyne Road, Victoria Park"
"LINESTRING (-0.08249 51.53558,-0.038557 51.541515", "From Pitfield Street North,Hoxton to Gascoyne Road, Victoria Park"
"LINESTRING (-0.042744 51.530326,-0.038557 51.541515", "From Twig Folly Bridge, Mile End to Gascoyne Road, Victoria Park"
"LINESTRING (-0.025492 51.530535,-0.038557 51.541515", "From Mostyn Grove, Bow to Gascoyne Road, Victoria Park"
"LINESTRING (-0.01051 51.54094,-0.038557 51.541515", "From Aquatic Centre, Queen Elizabeth Olympic Park to Gascoyne Road, Victoria Park"
"LINESTRING (-0.018703 51.528169,-0.038557 51.541515", "From Bow Church Station, Bow to Gascoyne Road, Victoria Park"
"LINESTRING (-0.01051 51.54094,-0.038557 51.541515", "From Aquatic Centre, Queen Elizabeth Olympic Park to Gascoyne Road, Victoria Park"
"LINESTRING (-0.028155 51.533283,-0.038557 51.541515", "From Hewison Street, Old Ford to Gascoyne Road, Victoria Park"
"LINESTRING (-0.077178 51.514449,-0.020157 51.499041", "From Houndsditch, Aldgate to Lightermans Road, Millwall"
"LINESTRING (-0.01051 51.54094,-0.020157 51.499041", "From Aquatic Centre, Queen Elizabeth Olympic Park to Lightermans Road, Millwall"
"LINESTRING (-0.020157 51.499041,-0.020157 51.499041", "From Lightermans Road, Millwall to Lightermans Road, Millwall"
"LINESTRING (-0.093051 51.511246,-0.020157 51.499041", "From Queen Street 2, Bank to Lightermans Road, Millwall"
"LINESTRING (-0.068981 51.498585,-0.020157 51.499041", "From George Row, Bermondsey to Lightermans Road, Millwall"
"LINESTRING (-0.020157 51.499041,-0.020157 51.499041", "From Lightermans Road, Millwall to Lightermans Road, Millwall"
"LINESTRING (-0.027772 51.505703,-0.020157 51.499041", "From Westferry Circus, Canary Wharf to Lightermans Road, Millwall"
"LINESTRING (-0.021582 51.487679,-0.020157 51.499041", "From Napier Avenue, Millwall to Lightermans Road, Millwall"
"LINESTRING (-0.053558 51.511066,-0.020157 51.499041", "From Sutton Street, Shadwell to Lightermans Road, Millwall"
"LINESTRING (-0.033828 51.514115,-0.020157 51.499041", "From Salmon Lane, Limehouse to Lightermans Road, Millwall"
"LINESTRING (-0.167029 51.460333,-0.020157 51.499041", "From Abyssinia Close, Clapham Junction to Lightermans Road, Millwall"
"LINESTRING (-0.025996 51.509303,-0.020157 51.499041", "From Westferry DLR, Limehouse to Lightermans Road, Millwall"
"LINESTRING (-0.082989 51.510484,-0.020157 51.499041", "From Great Tower Street, Monument to Lightermans Road, Millwall"
"LINESTRING (-0.020068 51.50357,-0.020157 51.499041", "From Jubilee Plaza, Canary Wharf to Lightermans Road, Millwall"
"LINESTRING (-0.093051 51.511246,-0.020157 51.499041", "From Queen Street 2, Bank to Lightermans Road, Millwall"
"LINESTRING (-0.055656 51.514222,-0.020157 51.499041", "From Watney Market, Stepney to Lightermans Road, Millwall"
"LINESTRING (-0.07962 51.503493,-0.020157 51.499041", "From Tooley Street, Bermondsey to Lightermans Road, Millwall"
"LINESTRING (-0.014409 51.49447,-0.009205 51.489096", "From East Ferry Road, Cubitt Town to Stebondale Street, Cubitt Town"
"LINESTRING (-0.019355 51.496137,-0.009205 51.489096", "From Millharbour, Millwall to Stebondale Street, Cubitt Town"
"LINESTRING (-0.019355 51.496137,-0.009205 51.489096", "From Millharbour, Millwall to Stebondale Street, Cubitt Town"
"LINESTRING (-0.014409 51.49447,-0.018716 51.49109", "From East Ferry Road, Cubitt Town to Spindrift Avenue, Millwall"
"LINESTRING (-0.065006 51.508622,-0.018716 51.49109", "From Pennington Street, Wapping to Spindrift Avenue, Millwall"
"LINESTRING (-0.020068 51.50357,-0.018716 51.49109", "From Jubilee Plaza, Canary Wharf to Spindrift Avenue, Millwall"
"LINESTRING (-0.025996 51.509303,-0.018716 51.49109", "From Westferry DLR, Limehouse to Spindrift Avenue, Millwall"
"LINESTRING (-0.014409 51.49447,-0.018716 51.49109", "From East Ferry Road, Cubitt Town to Spindrift Avenue, Millwall"
"LINESTRING (-0.014409 51.49447,-0.018716 51.49109", "From East Ferry Road, Cubitt Town to Spindrift Avenue, Millwall"
"LINESTRING (-0.036017 51.525941,-0.018716 51.49109", "From Clinton Road, Mile End to Spindrift Avenue, Millwall"
"LINESTRING (-0.067937 51.51793,-0.018716 51.49109", "From Old Montague Street, Whitechapel to Spindrift Avenue, Millwall"
"LINESTRING (-0.020157 51.499041,-0.018716 51.49109", "From Lightermans Road, Millwall to Spindrift Avenue, Millwall"
"LINESTRING (-0.014409 51.49447,-0.018716 51.49109", "From East Ferry Road, Cubitt Town to Spindrift Avenue, Millwall"
"LINESTRING (-0.027772 51.505703,-0.018716 51.49109", "From Westferry Circus, Canary Wharf to Spindrift Avenue, Millwall"
"LINESTRING (-0.05438 51.520019,-0.04667 51.521889", "From Ansell House, Stepney to Stepney Green Station, Stepney"
"LINESTRING (-0.062697 51.518154,-0.04667 51.521889", "From New Road 1 , Whitechapel to Stepney Green Station, Stepney"
"LINESTRING (-0.036017 51.525941,-0.04667 51.521889", "From Clinton Road, Mile End to Stepney Green Station, Stepney"
"LINESTRING (-0.037471 51.528224,-0.04667 51.521889", "From Antill Road, Mile End to Stepney Green Station, Stepney"
"LINESTRING (-0.025996 51.509303,-0.04667 51.521889", "From Westferry DLR, Limehouse to Stepney Green Station, Stepney"
"LINESTRING (-0.074431 51.519362,-0.04667 51.521889", "From Fournier Street, Whitechapel to Stepney Green Station, Stepney"
"LINESTRING (-0.018703 51.528169,-0.04667 51.521889", "From Bow Church Station, Bow to Stepney Green Station, Stepney"
"LINESTRING (-0.098807 51.506725,-0.04667 51.521889", "From Tate Modern, Bankside to Stepney Green Station, Stepney"
"LINESTRING (-0.073537 51.514233,-0.04667 51.521889", "From Braham Street, Aldgate to Stepney Green Station, Stepney"
"LINESTRING (-0.049591 51.53341,-0.04667 51.521889", "From Bonner Gate, Victoria Park to Stepney Green Station, Stepney"
"LINESTRING (-0.086685 51.517075,-0.04667 51.521889", "From Finsbury Circus, Liverpool Street to Stepney Green Station, Stepney"
"LINESTRING (-0.067937 51.51793,-0.04667 51.521889", "From Old Montague Street, Whitechapel to Stepney Green Station, Stepney"
"LINESTRING (-0.038986 51.512871,-0.04667 51.521889", "From Flamborough Street, Limehouse to Stepney Green Station, Stepney"
"LINESTRING (-0.0786 51.500647,-0.04667 51.521889", "From Tanner Street, Bermondsey to Stepney Green Station, Stepney"
"LINESTRING (-0.04667 51.521889,-0.04667 51.521889", "From Stepney Green Station, Stepney to Stepney Green Station, Stepney"
"LINESTRING (-0.030556 51.523538,-0.04667 51.521889", "From Southern Grove, Bow to Stepney Green Station, Stepney"
"LINESTRING (-0.04667 51.521889,-0.04667 51.521889", "From Stepney Green Station, Stepney to Stepney Green Station, Stepney"
"LINESTRING (-0.062546 51.535678,-0.04667 51.521889", "From Regent's Row , Haggerston to Stepney Green Station, Stepney"
"LINESTRING (-0.049591 51.53341,-0.04667 51.521889", "From Bonner Gate, Victoria Park to Stepney Green Station, Stepney"
"LINESTRING (-0.087262 51.506304,-0.04667 51.521889", "From Duke Street Hill, London Bridge to Stepney Green Station, Stepney"
"LINESTRING (-0.058631 51.524583,-0.04667 51.521889", "From Finnis Street, Bethnal Green to Stepney Green Station, Stepney"
"LINESTRING (-0.06111 51.518675,-0.04667 51.521889", "From Royal London Hospital, Whitechapel to Stepney Green Station, Stepney"
"LINESTRING (-0.07023 51.536654,-0.04667 51.521889", "From Belford House, Haggerston to Stepney Green Station, Stepney"
"LINESTRING (-0.039264 51.521564,-0.04667 51.521889", "From Harford Street, Mile End to Stepney Green Station, Stepney"
"LINESTRING (-0.089782 51.53089,-0.04667 51.521889", "From Murray Grove , Hoxton to Stepney Green Station, Stepney"
"LINESTRING (-0.074431 51.519362,-0.04667 51.521889", "From Fournier Street, Whitechapel to Stepney Green Station, Stepney"
"LINESTRING (-0.018703 51.528169,-0.04667 51.521889", "From Bow Church Station, Bow to Stepney Green Station, Stepney"
"LINESTRING (-0.07023 51.536654,-0.04667 51.521889", "From Belford House, Haggerston to Stepney Green Station, Stepney"
"LINESTRING (-0.029138 51.516196,-0.04667 51.521889", "From Burdett Road, Mile End to Stepney Green Station, Stepney"
"LINESTRING (-0.055894 51.528936,-0.04667 51.521889", "From York Hall, Bethnal Green to Stepney Green Station, Stepney"
"LINESTRING (-0.039264 51.521564,-0.04667 51.521889", "From Harford Street, Mile End to Stepney Green Station, Stepney"
"LINESTRING (-0.037366 51.534137,-0.04667 51.521889", "From Driffield Road, Old Ford to Stepney Green Station, Stepney"
"LINESTRING (-0.088285 51.519069,-0.04667 51.521889", "From Moorfields, Moorgate to Stepney Green Station, Stepney"
"LINESTRING (-0.051394 51.520893,-0.04667 51.521889", "From Cleveland Way, Stepney to Stepney Green Station, Stepney"
"LINESTRING (-0.047548 51.528869,-0.04667 51.521889", "From Globe Town Market, Bethnal Green to Stepney Green Station, Stepney"
"LINESTRING (-0.09294 51.511553,-0.04667 51.521889", "From Queen Street 1, Bank to Stepney Green Station, Stepney"
"LINESTRING (-0.034903 51.518541,-0.04667 51.521889", "From Mile End Stadium, Mile End to Stepney Green Station, Stepney"
"LINESTRING (-0.051394 51.520893,-0.04667 51.521889", "From Cleveland Way, Stepney to Stepney Green Station, Stepney"
"LINESTRING (-0.06111 51.518675,-0.04667 51.521889", "From Royal London Hospital, Whitechapel to Stepney Green Station, Stepney"
"LINESTRING (-0.106323 51.490757,-0.04667 51.521889", "From Cotton Garden Estate, Kennington to Stepney Green Station, Stepney"
"LINESTRING (-0.042744 51.530326,-0.04667 51.521889", "From Twig Folly Bridge, Mile End to Stepney Green Station, Stepney"
"LINESTRING (-0.047548 51.528869,-0.04667 51.521889", "From Globe Town Market, Bethnal Green to Stepney Green Station, Stepney"
"LINESTRING (-0.076793 51.513406,-0.04667 51.521889", "From Jewry Street, Aldgate to Stepney Green Station, Stepney"
"LINESTRING (-0.062546 51.535678,-0.04667 51.521889", "From Regent's Row , Haggerston to Stepney Green Station, Stepney"
"LINESTRING (-0.132102 51.498125,-0.04667 51.521889", "From Abbey Orchard Street, Westminster to Stepney Green Station, Stepney"
"LINESTRING (-0.069743 51.528222,-0.04667 51.521889", "From Wellington Row, Bethnal Green to Stepney Green Station, Stepney"
"LINESTRING (-0.047548 51.528869,-0.04667 51.521889", "From Globe Town Market, Bethnal Green to Stepney Green Station, Stepney"
"LINESTRING (-0.047548 51.528869,-0.04667 51.521889", "From Globe Town Market, Bethnal Green to Stepney Green Station, Stepney"
"LINESTRING (-0.120202 51.523346,-0.04667 51.521889", "From Guilford Street , Bloomsbury to Stepney Green Station, Stepney"
"LINESTRING (-0.052099 51.51417,-0.04667 51.521889", "From St. Mary & St. Michael Church, Stepney to Stepney Green Station, Stepney"
"LINESTRING (-0.053558 51.511066,-0.04667 51.521889", "From Sutton Street, Shadwell to Stepney Green Station, Stepney"
"LINESTRING (-0.030556 51.523538,-0.04667 51.521889", "From Southern Grove, Bow to Stepney Green Station, Stepney"
"LINESTRING (-0.032267 51.525501,-0.04667 51.521889", "From Maplin Street, Mile End to Stepney Green Station, Stepney"
"LINESTRING (-0.101536 51.49217,-0.04667 51.521889", "From Hampton Street, Walworth to Stepney Green Station, Stepney"
"LINESTRING (-0.047548 51.528869,-0.04667 51.521889", "From Globe Town Market, Bethnal Green to Stepney Green Station, Stepney"
"LINESTRING (-0.049591 51.53341,-0.058005 51.527152", "From Bonner Gate, Victoria Park to Pott Street, Bethnal Green"
"LINESTRING (-0.020157 51.499041,-0.058005 51.527152", "From Lightermans Road, Millwall to Pott Street, Bethnal Green"
"LINESTRING (-0.076793 51.513406,-0.058005 51.527152", "From Jewry Street, Aldgate to Pott Street, Bethnal Green"
"LINESTRING (-0.074754 51.523648,-0.058005 51.527152", "From Bethnal Green Road, Shoreditch to Pott Street, Bethnal Green"
"LINESTRING (-0.049591 51.53341,-0.058005 51.527152", "From Bonner Gate, Victoria Park to Pott Street, Bethnal Green"
"LINESTRING (-0.074754 51.523648,-0.058005 51.527152", "From Bethnal Green Road, Shoreditch to Pott Street, Bethnal Green"
"LINESTRING (-0.047218 51.526041,-0.058005 51.527152", "From Bancroft Road, Bethnal Green to Pott Street, Bethnal Green"
"LINESTRING (-0.053177 51.515975,-0.058005 51.527152", "From Jubilee Street, Stepney to Pott Street, Bethnal Green"
"LINESTRING (-0.06111 51.518675,-0.058005 51.527152", "From Royal London Hospital, Whitechapel to Pott Street, Bethnal Green"
"LINESTRING (-0.051394 51.520893,-0.058005 51.527152", "From Cleveland Way, Stepney to Pott Street, Bethnal Green"
"LINESTRING (-0.047548 51.528869,-0.058005 51.527152", "From Globe Town Market, Bethnal Green to Pott Street, Bethnal Green"
"LINESTRING (-0.06111 51.518675,-0.058005 51.527152", "From Royal London Hospital, Whitechapel to Pott Street, Bethnal Green"
"LINESTRING (-0.066035 51.531864,-0.058005 51.527152", "From Goldsmith's Row, Haggerston to Pott Street, Bethnal Green"
"LINESTRING (-0.069743 51.528222,-0.058005 51.527152", "From Wellington Row, Bethnal Green to Pott Street, Bethnal Green"
"LINESTRING (-0.071881 51.534776,-0.058005 51.527152", "From Thurtle Road, Haggerston to Pott Street, Bethnal Green"
"LINESTRING (-0.069743 51.528222,-0.058005 51.527152", "From Wellington Row, Bethnal Green to Pott Street, Bethnal Green"
"LINESTRING (-0.075901 51.531091,-0.058005 51.527152", "From Hoxton Station, Hoxton to Pott Street, Bethnal Green"
"LINESTRING (-0.06142 51.532091,-0.058005 51.527152", "From Pritchard's Road, Bethnal Green to Pott Street, Bethnal Green"
"LINESTRING (-0.063386 51.521905,-0.058005 51.527152", "From Selby Street, Whitechapel to Pott Street, Bethnal Green"
"LINESTRING (-0.094934 51.522954,-0.058005 51.527152", "From Roscoe Street, St. Luke's to Pott Street, Bethnal Green"
"LINESTRING (-0.026768 51.520398,-0.058005 51.527152", "From Ackroyd Drive, Bow to Pott Street, Bethnal Green"
"LINESTRING (-0.074754 51.523648,-0.058005 51.527152", "From Bethnal Green Road, Shoreditch to Pott Street, Bethnal Green"
"LINESTRING (-0.075901 51.531091,-0.058005 51.527152", "From Hoxton Station, Hoxton to Pott Street, Bethnal Green"
"LINESTRING (-0.037366 51.534137,-0.058005 51.527152", "From Driffield Road, Old Ford to Pott Street, Bethnal Green"
"LINESTRING (-0.028155 51.533283,-0.058005 51.527152", "From Hewison Street, Old Ford to Pott Street, Bethnal Green"
"LINESTRING (-0.055656 51.514222,-0.058005 51.527152", "From Watney Market, Stepney to Pott Street, Bethnal Green"
"LINESTRING (-0.028941 51.542118,-0.058005 51.527152", "From Cadogan Close, Victoria Park to Pott Street, Bethnal Green"
"LINESTRING (-0.054883 51.522561,-0.058005 51.527152", "From Cephas Street, Bethnal Green to Pott Street, Bethnal Green"
"LINESTRING (-0.069543 51.525645,-0.058005 51.527152", "From Granby Street, Shoreditch to Pott Street, Bethnal Green"
"LINESTRING (-0.047548 51.528869,-0.058005 51.527152", "From Globe Town Market, Bethnal Green to Pott Street, Bethnal Green"
"LINESTRING (-0.034903 51.518541,-0.058005 51.527152", "From Mile End Stadium, Mile End to Pott Street, Bethnal Green"
"LINESTRING (-0.051394 51.520893,-0.058005 51.527152", "From Cleveland Way, Stepney to Pott Street, Bethnal Green"
"LINESTRING (-0.079249 51.518908,-0.058005 51.527152", "From Brushfield Street, Liverpool Street to Pott Street, Bethnal Green"
"LINESTRING (-0.043371 51.518369,-0.038986 51.512871", "From Rectory Square, Stepney to Flamborough Street, Limehouse"
"LINESTRING (-0.058631 51.524583,-0.038986 51.512871", "From Finnis Street, Bethnal Green to Flamborough Street, Limehouse"
"LINESTRING (-0.023565 51.515427,-0.038986 51.512871", "From Stainsby Road , Poplar to Flamborough Street, Limehouse"
"LINESTRING (-0.05438 51.520019,-0.038986 51.512871", "From Ansell House, Stepney to Flamborough Street, Limehouse"
"LINESTRING (-0.055167 51.508447,-0.038986 51.512871", "From Garnet Street, Shadwell to Flamborough Street, Limehouse"
"LINESTRING (-0.027772 51.505703,-0.038986 51.512871", "From Westferry Circus, Canary Wharf to Flamborough Street, Limehouse"
"LINESTRING (-0.057133 51.527607,-0.038986 51.512871", "From Hollybush Gardens, Bethnal Green to Flamborough Street, Limehouse"
"LINESTRING (-0.0786 51.500647,-0.038986 51.512871", "From Tanner Street, Bermondsey to Flamborough Street, Limehouse"
"LINESTRING (-0.079608 51.521668,-0.038986 51.512871", "From Worship Street, Shoreditch to Flamborough Street, Limehouse"
"LINESTRING (-0.053558 51.511066,-0.038986 51.512871", "From Sutton Street, Shadwell to Flamborough Street, Limehouse"
"LINESTRING (-0.04667 51.521889,-0.038986 51.512871", "From Stepney Green Station, Stepney to Flamborough Street, Limehouse"
"LINESTRING (-0.033085 51.532513,-0.038986 51.512871", "From Ford Road, Old Ford to Flamborough Street, Limehouse"
"LINESTRING (-0.11934 51.531066,-0.038986 51.512871", "From Northdown Street, King's Cross to Flamborough Street, Limehouse"
"LINESTRING (-0.025296 51.527058,-0.038986 51.512871", "From Bow Road Station, Bow to Flamborough Street, Limehouse"
"LINESTRING (-0.02163 51.540311,-0.038986 51.512871", "From Monier Road, Hackney Wick to Flamborough Street, Limehouse"
"LINESTRING (-0.021345 51.519265,-0.038986 51.512871", "From Furze Green, Bow to Flamborough Street, Limehouse"
"LINESTRING (-0.108322 51.510981,-0.038986 51.512871", "From Temple Gardens, Temple to Flamborough Street, Limehouse"
"LINESTRING (-0.05438 51.520019,-0.038986 51.512871", "From Ansell House, Stepney to Flamborough Street, Limehouse"
"LINESTRING (-0.043371 51.518369,-0.038986 51.512871", "From Rectory Square, Stepney to Flamborough Street, Limehouse"
"LINESTRING (-0.068856 51.521776,-0.038986 51.512871", "From Buxton Street 1, Shoreditch to Flamborough Street, Limehouse"
"LINESTRING (-0.125674 51.491884,-0.038986 51.512871", "From Millbank Tower, Pimlico to Flamborough Street, Limehouse"
"LINESTRING (-0.023565 51.515427,-0.038986 51.512871", "From Stainsby Road , Poplar to Flamborough Street, Limehouse"
"LINESTRING (-0.023565 51.515427,-0.038986 51.512871", "From Stainsby Road , Poplar to Flamborough Street, Limehouse"
"LINESTRING (-0.023565 51.515427,-0.038986 51.512871", "From Stainsby Road , Poplar to Flamborough Street, Limehouse"
"LINESTRING (-0.038986 51.512871,-0.038986 51.512871", "From Flamborough Street, Limehouse to Flamborough Street, Limehouse"
"LINESTRING (-0.068161 51.509786,-0.038986 51.512871", "From Dock Street, Wapping to Flamborough Street, Limehouse"
"LINESTRING (-0.062546 51.535678,-0.038986 51.512871", "From Regent's Row , Haggerston to Flamborough Street, Limehouse"
"LINESTRING (-0.058826 51.54119,-0.038986 51.512871", "From London Fields, Hackney Central to Flamborough Street, Limehouse"
"LINESTRING (-0.029138 51.516196,-0.038986 51.512871", "From Burdett Road, Mile End to Flamborough Street, Limehouse"
"LINESTRING (-0.049591 51.53341,-0.038986 51.512871", "From Bonner Gate, Victoria Park to Flamborough Street, Limehouse"
"LINESTRING (-0.141423 51.514499,-0.038986 51.512871", "From Little Argyll Street, West End to Flamborough Street, Limehouse"
"LINESTRING (-0.074754 51.523648,-0.038986 51.512871", "From Bethnal Green Road, Shoreditch to Flamborough Street, Limehouse"
"LINESTRING (-0.087459 51.528673,-0.038986 51.512871", "From East Road, Hoxton to Flamborough Street, Limehouse"
"LINESTRING (-0.034903 51.518541,-0.038986 51.512871", "From Mile End Stadium, Mile End to Flamborough Street, Limehouse"
"LINESTRING (-0.116191 51.535467,-0.038986 51.512871", "From Carnegie Street, King's Cross to Flamborough Street, Limehouse"
"LINESTRING (-0.051394 51.520893,-0.038986 51.512871", "From Cleveland Way, Stepney to Flamborough Street, Limehouse"
"LINESTRING (-0.098031 51.505224,-0.038986 51.512871", "From Lavington Street, Bankside to Flamborough Street, Limehouse"
"LINESTRING (-0.039264 51.521564,-0.038986 51.512871", "From Harford Street, Mile End to Flamborough Street, Limehouse"
"LINESTRING (-0.043371 51.518369,-0.038986 51.512871", "From Rectory Square, Stepney to Flamborough Street, Limehouse"
"LINESTRING (-0.055312 51.52568,-0.038986 51.512871", "From Bethnal Green Garden, Bethnal Green to Flamborough Street, Limehouse"
"LINESTRING (-0.084439 51.524696,-0.038986 51.512871", "From Leonard Circus , Shoreditch to Flamborough Street, Limehouse"
"LINESTRING (-0.073438 51.51838,-0.038986 51.512871", "From Fashion Street, Whitechapel to Flamborough Street, Limehouse"
"LINESTRING (-0.134621 51.507424,-0.009001 51.487129", "From St. James's Square, St. James's to Saunders Ness Road, Cubitt Town"
"LINESTRING (-0.02296 51.50623,-0.009001 51.487129", "From Fisherman's Walk West, Canary Wharf to Saunders Ness Road, Cubitt Town"
"LINESTRING (-0.145827 51.507326,-0.009001 51.487129", "From Clarges Street, Mayfair to Saunders Ness Road, Cubitt Town"
"LINESTRING (-0.057544 51.504749,-0.009001 51.487129", "From Wapping Lane, Wapping to Saunders Ness Road, Cubitt Town"
"LINESTRING (-0.074189 51.502279,-0.009001 51.487129", "From Curlew Street, Shad Thames to Saunders Ness Road, Cubitt Town"
"LINESTRING (-0.053558 51.511066,-0.009001 51.487129", "From Sutton Street, Shadwell to Saunders Ness Road, Cubitt Town"
"LINESTRING (-0.008428 51.503143,-0.009001 51.487129", "From Lancaster Drive, Blackwall to Saunders Ness Road, Cubitt Town"
"LINESTRING (-0.038986 51.512871,-0.009001 51.487129", "From Flamborough Street, Limehouse to Saunders Ness Road, Cubitt Town"
"LINESTRING (-0.020068 51.50357,-0.009001 51.487129", "From Jubilee Plaza, Canary Wharf to Saunders Ness Road, Cubitt Town"
"LINESTRING (-0.0786 51.500647,-0.009001 51.487129", "From Tanner Street, Bermondsey to Saunders Ness Road, Cubitt Town"
"LINESTRING (-0.014409 51.49447,-0.009001 51.487129", "From East Ferry Road, Cubitt Town to Saunders Ness Road, Cubitt Town"
"LINESTRING (-0.0786 51.500647,-0.009001 51.487129", "From Tanner Street, Bermondsey to Saunders Ness Road, Cubitt Town"
"LINESTRING (-0.008428 51.503143,-0.009001 51.487129", "From Lancaster Drive, Blackwall to Saunders Ness Road, Cubitt Town"
"LINESTRING (-0.152248 51.467185,-0.173693 51.495948", "From Ashley Crescent, Battersea to Exhibition Road Museums 2, South Kensington"
"LINESTRING (-0.173693 51.495948,-0.173693 51.495948", "From Exhibition Road Museums 2, South Kensington to Exhibition Road Museums 2, South Kensington"
"LINESTRING (-0.18119 51.485587,-0.173693 51.495948", "From Limerston Street, West Chelsea to Exhibition Road Museums 2, South Kensington"
"LINESTRING (-0.173693 51.495948,-0.173693 51.495948", "From Exhibition Road Museums 2, South Kensington to Exhibition Road Museums 2, South Kensington"
"LINESTRING (-0.126994 51.470732,-0.173693 51.495948", "From Clarence Walk, Stockwell to Exhibition Road Museums 2, South Kensington"
"LINESTRING (-0.130908 51.464995,-0.173693 51.495948", "From Gauden Road, Clapham to Exhibition Road Museums 2, South Kensington"
"LINESTRING (-0.173029 51.464894,-0.173693 51.495948", "From Grant Road East, Clapham Junction to Exhibition Road Museums 2, South Kensington"
"LINESTRING (-0.226606 51.488108,-0.173693 51.495948", "From Crisp Road, Hammersmith to Exhibition Road Museums 2, South Kensington"
"LINESTRING (-0.174347 51.476964,-0.173693 51.495948", "From Battersea Church Road, Battersea to Exhibition Road Museums 2, South Kensington"
"LINESTRING (-0.173693 51.495948,-0.173693 51.495948", "From Exhibition Road Museums 2, South Kensington to Exhibition Road Museums 2, South Kensington"
"LINESTRING (-0.157436 51.512276,-0.173693 51.495948", "From Green Street, Mayfair to Exhibition Road Museums 2, South Kensington"
"LINESTRING (-0.180246 51.501026,-0.173693 51.495948", "From Queen's Gate (North), Kensington to Exhibition Road Museums 2, South Kensington"
"LINESTRING (-0.18119 51.485587,-0.173693 51.495948", "From Limerston Street, West Chelsea to Exhibition Road Museums 2, South Kensington"
"LINESTRING (-0.173693 51.495948,-0.173693 51.495948", "From Exhibition Road Museums 2, South Kensington to Exhibition Road Museums 2, South Kensington"
"LINESTRING (-0.192369 51.491593,-0.173693 51.495948", "From Penywern Road, Earl's Court to Exhibition Road Museums 2, South Kensington"
"LINESTRING (-0.18119 51.485587,-0.173693 51.495948", "From Limerston Street, West Chelsea to Exhibition Road Museums 2, South Kensington"
"LINESTRING (-0.17306 51.505014,-0.173693 51.495948", "From Serpentine Car Park, Hyde Park to Exhibition Road Museums 2, South Kensington"
"LINESTRING (-0.173693 51.495948,-0.173693 51.495948", "From Exhibition Road Museums 2, South Kensington to Exhibition Road Museums 2, South Kensington"
"LINESTRING (-0.198286 51.493724,-0.173693 51.495948", "From West Cromwell Road, Earl's Court to Exhibition Road Museums 2, South Kensington"
"LINESTRING (-0.209973 51.481021,-0.173693 51.495948", "From Aintree Street, Fulham to Exhibition Road Museums 2, South Kensington"
"LINESTRING (-0.149035 51.481121,-0.173693 51.495948", "From Sopwith Way, Battersea Park to Exhibition Road Museums 2, South Kensington"
"LINESTRING (-0.12367 51.471433,-0.173693 51.495948", "From Clapham Road, Lingham Street, Stockwell to Exhibition Road Museums 2, South Kensington"
"LINESTRING (-0.173029 51.464894,-0.173693 51.495948", "From Grant Road East, Clapham Junction to Exhibition Road Museums 2, South Kensington"
"LINESTRING (-0.174411 51.511933,-0.173693 51.495948", "From Bayswater Road, Hyde Park to Exhibition Road Museums 2, South Kensington"
"LINESTRING (-0.162418 51.490083,-0.173693 51.495948", "From Royal Avenue 2, Chelsea to Exhibition Road Museums 2, South Kensington"
"LINESTRING (-0.174411 51.511933,-0.173693 51.495948", "From Bayswater Road, Hyde Park to Exhibition Road Museums 2, South Kensington"
"LINESTRING (-0.136123 51.482362,-0.173693 51.495948", "From Riverlight North, Nine Elms to Exhibition Road Museums 2, South Kensington"
"LINESTRING (-0.202608 51.51632,-0.173693 51.495948", "From All Saints Church, Portobello to Exhibition Road Museums 2, South Kensington"
"LINESTRING (-0.174411 51.511933,-0.173693 51.495948", "From Bayswater Road, Hyde Park to Exhibition Road Museums 2, South Kensington"
"LINESTRING (-0.172528 51.533043,-0.173693 51.495948", "From Wellington Road, St. John's Wood to Exhibition Road Museums 2, South Kensington"
"LINESTRING (-0.174411 51.511933,-0.173693 51.495948", "From Bayswater Road, Hyde Park to Exhibition Road Museums 2, South Kensington"
"LINESTRING (-0.18119 51.485587,-0.173693 51.495948", "From Limerston Street, West Chelsea to Exhibition Road Museums 2, South Kensington"
"LINESTRING (-0.047784 51.51328,-0.047784 51.51328", "From Albert Gardens, Stepney to Albert Gardens, Stepney"
"LINESTRING (-0.075855 51.517475,-0.047784 51.51328", "From Bell Lane, Liverpool Street to Albert Gardens, Stepney"
"LINESTRING (-0.063531 51.504719,-0.047784 51.51328", "From Hermitage Court, Wapping to Albert Gardens, Stepney"
"LINESTRING (-0.093903 51.530991,-0.047784 51.51328", "From Wenlock Road , Hoxton to Albert Gardens, Stepney"
"LINESTRING (-0.082989 51.510484,-0.047784 51.51328", "From Great Tower Street, Monument to Albert Gardens, Stepney"
"LINESTRING (-0.118478 51.514409,-0.047784 51.51328", "From Kingsway, Covent Garden to Albert Gardens, Stepney"
"LINESTRING (-0.056667 51.511542,-0.047784 51.51328", "From Watney Street, Shadwell to Albert Gardens, Stepney"
"LINESTRING (-0.056667 51.511542,-0.047784 51.51328", "From Watney Street, Shadwell to Albert Gardens, Stepney"
"LINESTRING (-0.056667 51.511542,-0.047784 51.51328", "From Watney Street, Shadwell to Albert Gardens, Stepney"
"LINESTRING (-0.012413 51.508896,-0.047784 51.51328", "From Newby Place, Poplar to Albert Gardens, Stepney"
"LINESTRING (-0.056667 51.511542,-0.047784 51.51328", "From Watney Street, Shadwell to Albert Gardens, Stepney"
"LINESTRING (-0.022793 51.497304,-0.047784 51.51328", "From Alpha Grove, Millwall to Albert Gardens, Stepney"
"LINESTRING (-0.051394 51.520893,-0.047784 51.51328", "From Cleveland Way, Stepney to Albert Gardens, Stepney"
"LINESTRING (-0.047784 51.51328,-0.047784 51.51328", "From Albert Gardens, Stepney to Albert Gardens, Stepney"
"LINESTRING (-0.055894 51.528936,-0.047784 51.51328", "From York Hall, Bethnal Green to Albert Gardens, Stepney"
"LINESTRING (-0.108322 51.510981,-0.047784 51.51328", "From Temple Gardens, Temple to Albert Gardens, Stepney"
"LINESTRING (-0.107987 51.517428,-0.047784 51.51328", "From New Fetter Lane, Holborn to Albert Gardens, Stepney"
"LINESTRING (-0.05438 51.520019,-0.047784 51.51328", "From Ansell House, Stepney to Albert Gardens, Stepney"
"LINESTRING (-0.043371 51.518369,-0.047784 51.51328", "From Rectory Square, Stepney to Albert Gardens, Stepney"
"LINESTRING (-0.056667 51.511542,-0.047784 51.51328", "From Watney Street, Shadwell to Albert Gardens, Stepney"
"LINESTRING (-0.0786 51.500647,-0.047784 51.51328", "From Tanner Street, Bermondsey to Albert Gardens, Stepney"
"LINESTRING (-0.065076 51.52388,-0.047784 51.51328", "From Cheshire Street, Bethnal Green to Albert Gardens, Stepney"
"LINESTRING (-0.025626 51.511811,-0.047784 51.51328", "From Canton Street, Poplar to Albert Gardens, Stepney"
"LINESTRING (-0.06797 51.504904,-0.047784 51.51328", "From Wapping High Street, Wapping to Albert Gardens, Stepney"
"LINESTRING (-0.01646 51.505772,-0.047784 51.51328", "From Import Dock, Canary Wharf to Albert Gardens, Stepney"
"LINESTRING (-0.053558 51.511066,-0.047784 51.51328", "From Sutton Street, Shadwell to Albert Gardens, Stepney"
"LINESTRING (-0.056667 51.511542,-0.047784 51.51328", "From Watney Street, Shadwell to Albert Gardens, Stepney"
"LINESTRING (-0.020068 51.50357,-0.047784 51.51328", "From Jubilee Plaza, Canary Wharf to Albert Gardens, Stepney"
"LINESTRING (-0.020068 51.50357,-0.047784 51.51328", "From Jubilee Plaza, Canary Wharf to Albert Gardens, Stepney"
"LINESTRING (-0.103078 51.511934,-0.047784 51.51328", "From Blackfriars Station, St. Paul's to Albert Gardens, Stepney"
"LINESTRING (-0.056667 51.511542,-0.047784 51.51328", "From Watney Street, Shadwell to Albert Gardens, Stepney"
"LINESTRING (-0.020068 51.50357,-0.047784 51.51328", "From Jubilee Plaza, Canary Wharf to Albert Gardens, Stepney"
"LINESTRING (-0.05438 51.520019,-0.013258 51.528828", "From Ansell House, Stepney to Bromley High Street, Bow"
"LINESTRING (-0.075885 51.536585,-0.013258 51.528828", "From Dunston Road , Haggerston to Bromley High Street, Bow"
"LINESTRING (-0.051394 51.520893,-0.013258 51.528828", "From Cleveland Way, Stepney to Bromley High Street, Bow"
"LINESTRING (-0.026262 51.536039,-0.013258 51.528828", "From Wendon Street, Old Ford to Bromley High Street, Bow"
"LINESTRING (-0.01051 51.54094,-0.013258 51.528828", "From Aquatic Centre, Queen Elizabeth Olympic Park to Bromley High Street, Bow"
"LINESTRING (-0.011662 51.518811,-0.013258 51.528828", "From Teviot Street, Poplar to Bromley High Street, Bow"
"LINESTRING (-0.027581 51.526578,-0.013258 51.528828", "From Merchant Street, Bow to Bromley High Street, Bow"
"LINESTRING (-0.05438 51.520019,-0.013258 51.528828", "From Ansell House, Stepney to Bromley High Street, Bow"
"LINESTRING (-0.00699 51.508981,-0.013258 51.528828", "From Naval Row, Blackwall to Bromley High Street, Bow"
"LINESTRING (-0.041378 51.522507,-0.013258 51.528828", "From Queen Mary's, Mile End to Bromley High Street, Bow"
"LINESTRING (-0.011662 51.518811,-0.013258 51.528828", "From Teviot Street, Poplar to Bromley High Street, Bow"
"LINESTRING (-0.066035 51.531864,-0.013258 51.528828", "From Goldsmith's Row, Haggerston to Bromley High Street, Bow"
"LINESTRING (-0.043371 51.518369,-0.013258 51.528828", "From Rectory Square, Stepney to Bromley High Street, Bow"
"LINESTRING (-0.013258 51.528828,-0.013258 51.528828", "From Bromley High Street, Bow to Bromley High Street, Bow"
"LINESTRING (-0.032566 51.520597,-0.013258 51.528828", "From Mile End Park Leisure Centre, Mile End to Bromley High Street, Bow"
"LINESTRING (-0.011662 51.518811,-0.013258 51.528828", "From Teviot Street, Poplar to Bromley High Street, Bow"
"LINESTRING (-0.011662 51.518811,-0.013258 51.528828", "From Teviot Street, Poplar to Bromley High Street, Bow"
"LINESTRING (-0.041378 51.522507,-0.013258 51.528828", "From Queen Mary's, Mile End to Bromley High Street, Bow"
"LINESTRING (-0.053558 51.511066,-0.013258 51.528828", "From Sutton Street, Shadwell to Bromley High Street, Bow"
"LINESTRING (-0.112824 51.503791,-0.069543 51.525645", "From Waterloo Station 3, Waterloo to Granby Street, Shoreditch"
"LINESTRING (-0.0985 51.51601,-0.069543 51.525645", "From King Edward Street, St Pauls to Granby Street, Shoreditch"
"LINESTRING (-0.112753 51.51501,-0.069543 51.525645", "From Carey Street, Holborn to Granby Street, Shoreditch"
"LINESTRING (-0.079249 51.518908,-0.069543 51.525645", "From Brushfield Street, Liverpool Street to Granby Street, Shoreditch"
"LINESTRING (-0.049591 51.53341,-0.069543 51.525645", "From Bonner Gate, Victoria Park to Granby Street, Shoreditch"
"LINESTRING (-0.093051 51.511246,-0.069543 51.525645", "From Queen Street 2, Bank to Granby Street, Shoreditch"
"LINESTRING (-0.055894 51.528936,-0.069543 51.525645", "From York Hall, Bethnal Green to Granby Street, Shoreditch"
"LINESTRING (-0.069743 51.528222,-0.069543 51.525645", "From Wellington Row, Bethnal Green to Granby Street, Shoreditch"
"LINESTRING (-0.06415 51.51295,-0.069543 51.525645", "From Christian Street, Whitechapel to Granby Street, Shoreditch"
"LINESTRING (-0.057133 51.527607,-0.069543 51.525645", "From Hollybush Gardens, Bethnal Green to Granby Street, Shoreditch"
"LINESTRING (-0.100791 51.518218,-0.069543 51.525645", "From West Smithfield Rotunda, Farringdon to Granby Street, Shoreditch"
"LINESTRING (-0.047548 51.528869,-0.069543 51.525645", "From Globe Town Market, Bethnal Green to Granby Street, Shoreditch"
"LINESTRING (-0.192369 51.491593,-0.069543 51.525645", "From Penywern Road, Earl's Court to Granby Street, Shoreditch"
"LINESTRING (-0.093903 51.530991,-0.069543 51.525645", "From Wenlock Road , Hoxton to Granby Street, Shoreditch"
"LINESTRING (-0.041378 51.522507,-0.069543 51.525645", "From Queen Mary's, Mile End to Granby Street, Shoreditch"
"LINESTRING (-0.074754 51.523648,-0.069543 51.525645", "From Bethnal Green Road, Shoreditch to Granby Street, Shoreditch"
"LINESTRING (-0.043371 51.518369,-0.069543 51.525645", "From Rectory Square, Stepney to Granby Street, Shoreditch"
"LINESTRING (-0.058005 51.527152,-0.069543 51.525645", "From Pott Street, Bethnal Green to Granby Street, Shoreditch"
"LINESTRING (-0.057133 51.527607,-0.069543 51.525645", "From Hollybush Gardens, Bethnal Green to Granby Street, Shoreditch"
"LINESTRING (-0.089659 51.52548,-0.069543 51.525645", "From Old Street Station, St. Luke's to Granby Street, Shoreditch"
"LINESTRING (-0.062697 51.518154,-0.069543 51.525645", "From New Road 1 , Whitechapel to Granby Street, Shoreditch"
"LINESTRING (-0.07023 51.536654,-0.069543 51.525645", "From Belford House, Haggerston to Granby Street, Shoreditch"
"LINESTRING (-0.079249 51.518908,-0.069543 51.525645", "From Brushfield Street, Liverpool Street to Granby Street, Shoreditch"
"LINESTRING (-0.018703 51.528169,-0.069543 51.525645", "From Bow Church Station, Bow to Granby Street, Shoreditch"
"LINESTRING (-0.100791 51.518218,-0.069543 51.525645", "From West Smithfield Rotunda, Farringdon to Granby Street, Shoreditch"
"LINESTRING (-0.083353 51.529537,-0.069543 51.525645", "From Fanshaw Street, Hoxton to Granby Street, Shoreditch"
"LINESTRING (-0.082422 51.516154,-0.069543 51.525645", "From Wormwood Street, Liverpool Street to Granby Street, Shoreditch"
"LINESTRING (-0.059091 51.528692,-0.069543 51.525645", "From Clarkson Street, Bethnal Green to Granby Street, Shoreditch"
"LINESTRING (-0.05438 51.520019,-0.069543 51.525645", "From Ansell House, Stepney to Granby Street, Shoreditch"
"LINESTRING (-0.047548 51.528869,-0.069543 51.525645", "From Globe Town Market, Bethnal Green to Granby Street, Shoreditch"
"LINESTRING (-0.083353 51.529537,-0.069543 51.525645", "From Fanshaw Street, Hoxton to Granby Street, Shoreditch"
"LINESTRING (-0.047548 51.528869,-0.069543 51.525645", "From Globe Town Market, Bethnal Green to Granby Street, Shoreditch"
"LINESTRING (-0.07813 51.526377,-0.069543 51.525645", "From Shoreditch High Street, Shoreditch to Granby Street, Shoreditch"
"LINESTRING (-0.073955 51.526293,-0.069543 51.525645", "From Palissy Street, Shoreditch to Granby Street, Shoreditch"
"LINESTRING (-0.089659 51.52548,-0.069543 51.525645", "From Old Street Station, St. Luke's to Granby Street, Shoreditch"
"LINESTRING (-0.025492 51.530535,-0.069543 51.525645", "From Mostyn Grove, Bow to Granby Street, Shoreditch"
"LINESTRING (-0.10548 51.532199,-0.069543 51.525645", "From Torrens Street, Angel to Granby Street, Shoreditch"
"LINESTRING (-0.079249 51.518908,-0.069543 51.525645", "From Brushfield Street, Liverpool Street to Granby Street, Shoreditch"
"LINESTRING (-0.099994 51.522853,-0.069543 51.525645", "From Berry Street, Clerkenwell to Granby Street, Shoreditch"
"LINESTRING (-0.042744 51.530326,-0.069543 51.525645", "From Twig Folly Bridge, Mile End to Granby Street, Shoreditch"
"LINESTRING (-0.103078 51.511934,-0.069543 51.525645", "From Blackfriars Station, St. Paul's to Granby Street, Shoreditch"
"LINESTRING (-0.111781 51.533319,-0.069543 51.525645", "From Risinghill Street, Angel to Granby Street, Shoreditch"
"LINESTRING (-0.083353 51.529537,-0.069543 51.525645", "From Fanshaw Street, Hoxton to Granby Street, Shoreditch"
"LINESTRING (-0.06142 51.532091,-0.069543 51.525645", "From Pritchard's Road, Bethnal Green to Granby Street, Shoreditch"
"LINESTRING (-0.06992 51.53385,-0.069543 51.525645", "From Queensbridge Road, Haggerston to Granby Street, Shoreditch"
"LINESTRING (-0.079201 51.537277,-0.025626 51.511811", "From Hertford Road, De Beauvoir Town to Canton Street, Poplar"
"LINESTRING (-0.021345 51.519265,-0.025626 51.511811", "From Furze Green, Bow to Canton Street, Poplar"
"LINESTRING (-0.005659 51.513548,-0.025626 51.511811", "From Aberfeldy Street, Poplar to Canton Street, Poplar"
"LINESTRING (-0.06415 51.51295,-0.025626 51.511811", "From Christian Street, Whitechapel to Canton Street, Poplar"
"LINESTRING (-0.005659 51.513548,-0.025626 51.511811", "From Aberfeldy Street, Poplar to Canton Street, Poplar"
"LINESTRING (-0.065006 51.508622,-0.025626 51.511811", "From Pennington Street, Wapping to Canton Street, Poplar"
"LINESTRING (-0.089887 51.520858,-0.025626 51.511811", "From Bunhill Row, Moorgate to Canton Street, Poplar"
"LINESTRING (-0.076341 51.534464,-0.025626 51.511811", "From Whiston Road, Haggerston to Canton Street, Poplar"
"LINESTRING (-0.054883 51.522561,-0.025626 51.511811", "From Cephas Street, Bethnal Green to Canton Street, Poplar"
"LINESTRING (-0.023565 51.515427,-0.025626 51.511811", "From Stainsby Road , Poplar to Canton Street, Poplar"
"LINESTRING (-0.025996 51.509303,-0.025626 51.511811", "From Westferry DLR, Limehouse to Canton Street, Poplar"
"LINESTRING (-0.070542 51.505697,-0.025626 51.511811", "From St. Katharine's Way, Tower to Canton Street, Poplar"
"LINESTRING (-0.02296 51.50623,-0.025626 51.511811", "From Fisherman's Walk West, Canary Wharf to Canton Street, Poplar"
"LINESTRING (-0.08497 51.50964,-0.058681 51.506946", "From Monument Street, Monument to Reardon Street, Wapping"
"LINESTRING (-0.057544 51.504749,-0.058681 51.506946", "From Wapping Lane, Wapping to Reardon Street, Wapping"
"LINESTRING (-0.057159 51.511088,-0.058681 51.506946", "From Shadwell Station, Shadwell to Reardon Street, Wapping"
"LINESTRING (-0.058641 51.515256,-0.058681 51.506946", "From Philpot Street, Whitechapel to Reardon Street, Wapping"
"LINESTRING (-0.02296 51.50623,-0.058681 51.506946", "From Fisherman's Walk West, Canary Wharf to Reardon Street, Wapping"
"LINESTRING (-0.078869 51.521113,-0.058681 51.506946", "From Norton Folgate, Liverpool Street to Reardon Street, Wapping"
"LINESTRING (-0.06415 51.51295,-0.058681 51.506946", "From Christian Street, Whitechapel to Reardon Street, Wapping"
"LINESTRING (-0.0786 51.500647,-0.058681 51.506946", "From Tanner Street, Bermondsey to Reardon Street, Wapping"
"LINESTRING (-0.06111 51.518675,-0.058681 51.506946", "From Royal London Hospital, Whitechapel to Reardon Street, Wapping"
"LINESTRING (-0.055167 51.508447,-0.058681 51.506946", "From Garnet Street, Shadwell to Reardon Street, Wapping"
"LINESTRING (-0.157436 51.512276,-0.058681 51.506946", "From Green Street, Mayfair to Reardon Street, Wapping"
"LINESTRING (-0.059091 51.528692,-0.058681 51.506946", "From Clarkson Street, Bethnal Green to Reardon Street, Wapping"
"LINESTRING (-0.082989 51.510484,-0.058681 51.506946", "From Great Tower Street, Monument to Reardon Street, Wapping"
"LINESTRING (-0.06797 51.504904,-0.058681 51.506946", "From Wapping High Street, Wapping to Reardon Street, Wapping"
"LINESTRING (-0.034903 51.518541,-0.058681 51.506946", "From Mile End Stadium, Mile End to Reardon Street, Wapping"
"LINESTRING (-0.116688 51.520596,-0.058681 51.506946", "From Theobald's Road , Holborn to Reardon Street, Wapping"
"LINESTRING (-0.06111 51.518675,-0.058681 51.506946", "From Royal London Hospital, Whitechapel to Reardon Street, Wapping"
"LINESTRING (-0.09294 51.511553,-0.058681 51.506946", "From Queen Street 1, Bank to Reardon Street, Wapping"
"LINESTRING (-0.06415 51.51295,-0.058681 51.506946", "From Christian Street, Whitechapel to Reardon Street, Wapping"
"LINESTRING (-0.07962 51.503493,-0.058681 51.506946", "From Tooley Street, Bermondsey to Reardon Street, Wapping"
"LINESTRING (-0.123823 51.501513,-0.058681 51.506946", "From Westminster Pier, Westminster to Reardon Street, Wapping"
"LINESTRING (-0.051394 51.520893,-0.058681 51.506946", "From Cleveland Way, Stepney to Reardon Street, Wapping"
"LINESTRING (-0.057544 51.504749,-0.058681 51.506946", "From Wapping Lane, Wapping to Reardon Street, Wapping"
"LINESTRING (-0.075459 51.509506,-0.058681 51.506946", "From Tower Gardens , Tower to Reardon Street, Wapping"
"LINESTRING (-0.06415 51.51295,-0.058681 51.506946", "From Christian Street, Whitechapel to Reardon Street, Wapping"
"LINESTRING (-0.135777 51.51953,-0.06415 51.51295", "From Charlotte Street, Fitzrovia to Christian Street, Whitechapel"
"LINESTRING (-0.092762 51.500296,-0.06415 51.51295", "From Swan Street, The Borough to Christian Street, Whitechapel"
"LINESTRING (-0.083632 51.502153,-0.06415 51.51295", "From Snowsfields, London Bridge to Christian Street, Whitechapel"
"LINESTRING (-0.06691 51.507131,-0.06415 51.51295", "From Nesham Street, Wapping to Christian Street, Whitechapel"
"LINESTRING (-0.110699 51.501444,-0.06415 51.51295", "From Baylis Road, Waterloo to Christian Street, Whitechapel"
"LINESTRING (-0.067937 51.51793,-0.06415 51.51295", "From Old Montague Street, Whitechapel to Christian Street, Whitechapel"
"LINESTRING (-0.089446 51.497382,-0.06415 51.51295", "From Great Dover Street, The Borough to Christian Street, Whitechapel"
"LINESTRING (-0.025626 51.511811,-0.06415 51.51295", "From Canton Street, Poplar to Christian Street, Whitechapel"
"LINESTRING (-0.096317 51.526008,-0.06415 51.51295", "From Finsbury Leisure Centre, St. Luke's to Christian Street, Whitechapel"
"LINESTRING (-0.069543 51.525645,-0.06415 51.51295", "From Granby Street, Shoreditch to Christian Street, Whitechapel"
"LINESTRING (-0.079249 51.518908,-0.06415 51.51295", "From Brushfield Street, Liverpool Street to Christian Street, Whitechapel"
"LINESTRING (-0.117774 51.513875,-0.06415 51.51295", "From Kingsway Southbound, Strand to Christian Street, Whitechapel"
"LINESTRING (-0.056667 51.511542,-0.06415 51.51295", "From Watney Street, Shadwell to Christian Street, Whitechapel"
"LINESTRING (-0.062697 51.518154,-0.06415 51.51295", "From New Road 1 , Whitechapel to Christian Street, Whitechapel"
"LINESTRING (-0.029138 51.516196,-0.06415 51.51295", "From Burdett Road, Mile End to Christian Street, Whitechapel"
"LINESTRING (-0.098497 51.503688,-0.06415 51.51295", "From Union Street, The Borough to Christian Street, Whitechapel"
"LINESTRING (-0.057544 51.504749,-0.06415 51.51295", "From Wapping Lane, Wapping to Christian Street, Whitechapel"
"LINESTRING (-0.075855 51.517475,-0.06415 51.51295", "From Bell Lane, Liverpool Street to Christian Street, Whitechapel"
"LINESTRING (-0.057544 51.504749,-0.06415 51.51295", "From Wapping Lane, Wapping to Christian Street, Whitechapel"
"LINESTRING (-0.037366 51.534137,-0.06415 51.51295", "From Driffield Road, Old Ford to Christian Street, Whitechapel"
"LINESTRING (-0.083632 51.502153,-0.06415 51.51295", "From Snowsfields, London Bridge to Christian Street, Whitechapel"
"LINESTRING (-0.06111 51.518675,-0.06415 51.51295", "From Royal London Hospital, Whitechapel to Christian Street, Whitechapel"
"LINESTRING (-0.06111 51.518675,-0.06415 51.51295", "From Royal London Hospital, Whitechapel to Christian Street, Whitechapel"
"LINESTRING (-0.058681 51.506946,-0.06415 51.51295", "From Reardon Street, Wapping to Christian Street, Whitechapel"
"LINESTRING (-0.056667 51.511542,-0.06415 51.51295", "From Watney Street, Shadwell to Christian Street, Whitechapel"
"LINESTRING (-0.021345 51.519265,-0.065006 51.508622", "From Furze Green, Bow to Pennington Street, Wapping"
"LINESTRING (-0.103078 51.511934,-0.065006 51.508622", "From Blackfriars Station, St. Paul's to Pennington Street, Wapping"
"LINESTRING (-0.065006 51.508622,-0.065006 51.508622", "From Pennington Street, Wapping to Pennington Street, Wapping"
"LINESTRING (-0.078505 51.53095,-0.065006 51.508622", "From Falkirk Street, Hoxton to Pennington Street, Wapping"
"LINESTRING (-0.0786 51.500647,-0.065006 51.508622", "From Tanner Street, Bermondsey to Pennington Street, Wapping"
"LINESTRING (-0.083632 51.502153,-0.065006 51.508622", "From Snowsfields, London Bridge to Pennington Street, Wapping"
"LINESTRING (-0.082989 51.510484,-0.065006 51.508622", "From Great Tower Street, Monument to Pennington Street, Wapping"
"LINESTRING (-0.018716 51.49109,-0.065006 51.508622", "From Spindrift Avenue, Millwall to Pennington Street, Wapping"
"LINESTRING (-0.07813 51.526377,-0.065006 51.508622", "From Shoreditch High Street, Shoreditch to Pennington Street, Wapping"
"LINESTRING (-0.07962 51.503493,-0.041378 51.522507", "From Tooley Street, Bermondsey to Queen Mary's, Mile End"
"LINESTRING (-0.06111 51.518675,-0.041378 51.522507", "From Royal London Hospital, Whitechapel to Queen Mary's, Mile End"
"LINESTRING (-0.079249 51.518908,-0.041378 51.522507", "From Brushfield Street, Liverpool Street to Queen Mary's, Mile End"
"LINESTRING (-0.04667 51.521889,-0.041378 51.522507", "From Stepney Green Station, Stepney to Queen Mary's, Mile End"
"LINESTRING (-0.05438 51.520019,-0.041378 51.522507", "From Ansell House, Stepney to Queen Mary's, Mile End"
"LINESTRING (-0.032267 51.525501,-0.041378 51.522507", "From Maplin Street, Mile End to Queen Mary's, Mile End"
"LINESTRING (-0.04667 51.521889,-0.041378 51.522507", "From Stepney Green Station, Stepney to Queen Mary's, Mile End"
"LINESTRING (-0.055312 51.52568,-0.041378 51.522507", "From Bethnal Green Garden, Bethnal Green to Queen Mary's, Mile End"
"LINESTRING (-0.018703 51.528169,-0.041378 51.522507", "From Bow Church Station, Bow to Queen Mary's, Mile End"
"LINESTRING (-0.102757 51.536384,-0.041378 51.522507", "From Islington Green, Angel to Queen Mary's, Mile End"
"LINESTRING (-0.025296 51.527058,-0.041378 51.522507", "From Bow Road Station, Bow to Queen Mary's, Mile End"
"LINESTRING (-0.07962 51.503493,-0.041378 51.522507", "From Tooley Street, Bermondsey to Queen Mary's, Mile End"
"LINESTRING (-0.047548 51.528869,-0.041378 51.522507", "From Globe Town Market, Bethnal Green to Queen Mary's, Mile End"
"LINESTRING (-0.049067 51.51563,-0.041378 51.522507", "From Aylward Street, Stepney to Queen Mary's, Mile End"
"LINESTRING (-0.054883 51.522561,-0.041378 51.522507", "From Cephas Street, Bethnal Green to Queen Mary's, Mile End"
"LINESTRING (-0.042744 51.530326,-0.041378 51.522507", "From Twig Folly Bridge, Mile End to Queen Mary's, Mile End"
"LINESTRING (-0.062697 51.518154,-0.041378 51.522507", "From New Road 1 , Whitechapel to Queen Mary's, Mile End"
"LINESTRING (-0.04667 51.521889,-0.041378 51.522507", "From Stepney Green Station, Stepney to Queen Mary's, Mile End"
"LINESTRING (-0.01051 51.54094,-0.041378 51.522507", "From Aquatic Centre, Queen Elizabeth Olympic Park to Queen Mary's, Mile End"
"LINESTRING (-0.00481 51.541793,-0.041378 51.522507", "From Stratford Station, Stratford to Queen Mary's, Mile End"
"LINESTRING (-0.096191 51.498597,-0.041378 51.522507", "From Harper Road, The Borough to Queen Mary's, Mile End"
"LINESTRING (-0.067937 51.51793,-0.041378 51.522507", "From Old Montague Street, Whitechapel to Queen Mary's, Mile End"
"LINESTRING (-0.058631 51.524583,-0.041378 51.522507", "From Finnis Street, Bethnal Green to Queen Mary's, Mile End"
"LINESTRING (-0.115533 51.504942,-0.041378 51.522507", "From Concert Hall Approach 2, South Bank to Queen Mary's, Mile End"
"LINESTRING (-0.01051 51.54094,-0.041378 51.522507", "From Aquatic Centre, Queen Elizabeth Olympic Park to Queen Mary's, Mile End"
"LINESTRING (-0.022694 51.521564,-0.041378 51.522507", "From Cantrell Road, Bow to Queen Mary's, Mile End"
"LINESTRING (-0.058631 51.524583,-0.041378 51.522507", "From Finnis Street, Bethnal Green to Queen Mary's, Mile End"
"LINESTRING (-0.05438 51.520019,-0.041378 51.522507", "From Ansell House, Stepney to Queen Mary's, Mile End"
"LINESTRING (-0.066078 51.514924,-0.041378 51.522507", "From LMU Commercial Road, Whitechapel to Queen Mary's, Mile End"
"LINESTRING (-0.021345 51.519265,-0.041378 51.522507", "From Furze Green, Bow to Queen Mary's, Mile End"
"LINESTRING (-0.020068 51.50357,-0.041378 51.522507", "From Jubilee Plaza, Canary Wharf to Queen Mary's, Mile End"
"LINESTRING (-0.030556 51.523538,-0.041378 51.522507", "From Southern Grove, Bow to Queen Mary's, Mile End"
"LINESTRING (-0.032566 51.520597,-0.032267 51.525501", "From Mile End Park Leisure Centre, Mile End to Maplin Street, Mile End"
"LINESTRING (-0.021345 51.519265,-0.032267 51.525501", "From Furze Green, Bow to Maplin Street, Mile End"
"LINESTRING (-0.025626 51.511811,-0.032267 51.525501", "From Canton Street, Poplar to Maplin Street, Mile End"
"LINESTRING (-0.018703 51.528169,-0.032267 51.525501", "From Bow Church Station, Bow to Maplin Street, Mile End"
"LINESTRING (-0.021345 51.519265,-0.032267 51.525501", "From Furze Green, Bow to Maplin Street, Mile End"
"LINESTRING (-0.034903 51.518541,-0.032267 51.525501", "From Mile End Stadium, Mile End to Maplin Street, Mile End"
"LINESTRING (-0.09885 51.515418,-0.032267 51.525501", "From Newgate Street , St. Paul's to Maplin Street, Mile End"
"LINESTRING (-0.030556 51.523538,-0.032267 51.525501", "From Southern Grove, Bow to Maplin Street, Mile End"
"LINESTRING (-0.026768 51.520398,-0.032267 51.525501", "From Ackroyd Drive, Bow to Maplin Street, Mile End"
"LINESTRING (-0.026768 51.520398,-0.032267 51.525501", "From Ackroyd Drive, Bow to Maplin Street, Mile End"
"LINESTRING (-0.026262 51.536039,-0.032267 51.525501", "From Wendon Street, Old Ford to Maplin Street, Mile End"
"LINESTRING (-0.025296 51.527058,-0.032267 51.525501", "From Bow Road Station, Bow to Maplin Street, Mile End"
"LINESTRING (-0.034903 51.518541,-0.032267 51.525501", "From Mile End Stadium, Mile End to Maplin Street, Mile End"
"LINESTRING (-0.037471 51.528224,-0.032267 51.525501", "From Antill Road, Mile End to Maplin Street, Mile End"
"LINESTRING (-0.093051 51.511246,-0.032267 51.525501", "From Queen Street 2, Bank to Maplin Street, Mile End"
"LINESTRING (-0.022694 51.521564,-0.032267 51.525501", "From Cantrell Road, Bow to Maplin Street, Mile End"
"LINESTRING (-0.058631 51.524583,-0.032267 51.525501", "From Finnis Street, Bethnal Green to Maplin Street, Mile End"
"LINESTRING (-0.117619 51.509943,-0.032267 51.525501", "From Somerset House, Strand to Maplin Street, Mile End"
"LINESTRING (-0.028155 51.533283,-0.032267 51.525501", "From Hewison Street, Old Ford to Maplin Street, Mile End"
"LINESTRING (-0.021345 51.519265,-0.032267 51.525501", "From Furze Green, Bow to Maplin Street, Mile End"
"LINESTRING (-0.042744 51.530326,-0.032267 51.525501", "From Twig Folly Bridge, Mile End to Maplin Street, Mile End"
"LINESTRING (-0.014691 51.546805,-0.032267 51.525501", "From Timber Lodge, Queen Elizabeth Olympic Park to Maplin Street, Mile End"
"LINESTRING (-0.025626 51.511811,-0.032267 51.525501", "From Canton Street, Poplar to Maplin Street, Mile End"
"LINESTRING (-0.026768 51.520398,-0.032267 51.525501", "From Ackroyd Drive, Bow to Maplin Street, Mile End"
"LINESTRING (-0.025626 51.511811,-0.032267 51.525501", "From Canton Street, Poplar to Maplin Street, Mile End"
"LINESTRING (-0.037471 51.528224,-0.032267 51.525501", "From Antill Road, Mile End to Maplin Street, Mile End"
"LINESTRING (-0.021345 51.519265,-0.032267 51.525501", "From Furze Green, Bow to Maplin Street, Mile End"
"LINESTRING (-0.034903 51.518541,-0.032267 51.525501", "From Mile End Stadium, Mile End to Maplin Street, Mile End"
"LINESTRING (-0.034903 51.518541,-0.032267 51.525501", "From Mile End Stadium, Mile End to Maplin Street, Mile End"
"LINESTRING (-0.037366 51.534137,-0.032267 51.525501", "From Driffield Road, Old Ford to Maplin Street, Mile End"
"LINESTRING (-0.034903 51.518541,-0.032267 51.525501", "From Mile End Stadium, Mile End to Maplin Street, Mile End"
"LINESTRING (-0.032267 51.525501,-0.032267 51.525501", "From Maplin Street, Mile End to Maplin Street, Mile End"
"LINESTRING (-0.026768 51.520398,-0.032267 51.525501", "From Ackroyd Drive, Bow to Maplin Street, Mile End"
"LINESTRING (-0.021345 51.519265,-0.032267 51.525501", "From Furze Green, Bow to Maplin Street, Mile End"
"LINESTRING (-0.05438 51.520019,-0.032267 51.525501", "From Ansell House, Stepney to Maplin Street, Mile End"
"LINESTRING (-0.026768 51.520398,-0.032267 51.525501", "From Ackroyd Drive, Bow to Maplin Street, Mile End"
"LINESTRING (-0.033085 51.532513,-0.032267 51.525501", "From Ford Road, Old Ford to Maplin Street, Mile End"
"LINESTRING (-0.027772 51.505703,-0.016251 51.50196", "From Westferry Circus, Canary Wharf to South Quay East, Canary Wharf"
"LINESTRING (-0.016251 51.50196,-0.016251 51.50196", "From South Quay East, Canary Wharf to South Quay East, Canary Wharf"
"LINESTRING (-0.018703 51.528169,-0.018703 51.528169", "From Bow Church Station, Bow to Bow Church Station, Bow"
"LINESTRING (-0.015717 51.549369,-0.018703 51.528169", "From Lee Valley VeloPark, Queen Elizabeth Olympic Park to Bow Church Station, Bow"
"LINESTRING (-0.011889 51.538718,-0.018703 51.528169", "From Podium, Queen Elizabeth Olympic Park to Bow Church Station, Bow"
"LINESTRING (-0.051394 51.520893,-0.018703 51.528169", "From Cleveland Way, Stepney to Bow Church Station, Bow"
"LINESTRING (-0.04667 51.521889,-0.018703 51.528169", "From Stepney Green Station, Stepney to Bow Church Station, Bow"
"LINESTRING (-0.04667 51.521889,-0.018703 51.528169", "From Stepney Green Station, Stepney to Bow Church Station, Bow"
"LINESTRING (-0.065076 51.52388,-0.018703 51.528169", "From Cheshire Street, Bethnal Green to Bow Church Station, Bow"
"LINESTRING (-0.01051 51.54094,-0.018703 51.528169", "From Aquatic Centre, Queen Elizabeth Olympic Park to Bow Church Station, Bow"
"LINESTRING (-0.018703 51.528169,-0.018703 51.528169", "From Bow Church Station, Bow to Bow Church Station, Bow"
"LINESTRING (-0.026262 51.536039,-0.018703 51.528169", "From Wendon Street, Old Ford to Bow Church Station, Bow"
"LINESTRING (-0.027581 51.526578,-0.018703 51.528169", "From Merchant Street, Bow to Bow Church Station, Bow"
"LINESTRING (-0.062697 51.518154,-0.018703 51.528169", "From New Road 1 , Whitechapel to Bow Church Station, Bow"
"LINESTRING (-0.042744 51.530326,-0.018703 51.528169", "From Twig Folly Bridge, Mile End to Bow Church Station, Bow"
"LINESTRING (-0.051394 51.520893,-0.018703 51.528169", "From Cleveland Way, Stepney to Bow Church Station, Bow"
"LINESTRING (-0.028155 51.533283,-0.018703 51.528169", "From Hewison Street, Old Ford to Bow Church Station, Bow"
"LINESTRING (-0.028155 51.533283,-0.018703 51.528169", "From Hewison Street, Old Ford to Bow Church Station, Bow"
"LINESTRING (-0.018703 51.528169,-0.018703 51.528169", "From Bow Church Station, Bow to Bow Church Station, Bow"
"LINESTRING (-0.01051 51.54094,-0.018703 51.528169", "From Aquatic Centre, Queen Elizabeth Olympic Park to Bow Church Station, Bow"
"LINESTRING (-0.062697 51.518154,-0.018703 51.528169", "From New Road 1 , Whitechapel to Bow Church Station, Bow"
"LINESTRING (-0.051394 51.520893,-0.018703 51.528169", "From Cleveland Way, Stepney to Bow Church Station, Bow"
"LINESTRING (-0.022606 51.548731,-0.018703 51.528169", "From Here East North, Queen Elizabeth Olympic Park to Bow Church Station, Bow"
"LINESTRING (-0.025296 51.527058,-0.018703 51.528169", "From Bow Road Station, Bow to Bow Church Station, Bow"
"LINESTRING (-0.051394 51.520893,-0.018703 51.528169", "From Cleveland Way, Stepney to Bow Church Station, Bow"
"LINESTRING (-0.032566 51.520597,-0.018703 51.528169", "From Mile End Park Leisure Centre, Mile End to Bow Church Station, Bow"
"LINESTRING (-0.01051 51.54094,-0.018703 51.528169", "From Aquatic Centre, Queen Elizabeth Olympic Park to Bow Church Station, Bow"
"LINESTRING (-0.01051 51.54094,-0.018703 51.528169", "From Aquatic Centre, Queen Elizabeth Olympic Park to Bow Church Station, Bow"
"LINESTRING (-0.069743 51.528222,-0.018703 51.528169", "From Wellington Row, Bethnal Green to Bow Church Station, Bow"
"LINESTRING (-0.041378 51.522507,-0.018703 51.528169", "From Queen Mary's, Mile End to Bow Church Station, Bow"
"LINESTRING (-0.039264 51.521564,-0.018703 51.528169", "From Harford Street, Mile End to Bow Church Station, Bow"
"LINESTRING (-0.12335 51.51746,-0.018703 51.528169", "From Bury Place, Holborn to Bow Church Station, Bow"
"LINESTRING (-0.062697 51.518154,-0.018703 51.528169", "From New Road 1 , Whitechapel to Bow Church Station, Bow"
"LINESTRING (-0.00699 51.508981,-0.015578 51.52512", "From Naval Row, Blackwall to Devons Road, Bow"
"LINESTRING (-0.030556 51.523538,-0.015578 51.52512", "From Southern Grove, Bow to Devons Road, Bow"
"LINESTRING (-0.022694 51.521564,-0.015578 51.52512", "From Cantrell Road, Bow to Devons Road, Bow"
"LINESTRING (-0.121328 51.517606,-0.015578 51.52512", "From Southampton Place, Holborn to Devons Road, Bow"
"LINESTRING (-0.08974 51.500823,-0.015578 51.52512", "From Empire Square, The Borough to Devons Road, Bow"
"LINESTRING (-0.073537 51.514233,-0.015578 51.52512", "From Braham Street, Aldgate to Devons Road, Bow"
"LINESTRING (-0.05438 51.520019,-0.015578 51.52512", "From Ansell House, Stepney to Devons Road, Bow"
"LINESTRING (-0.030556 51.523538,-0.015578 51.52512", "From Southern Grove, Bow to Devons Road, Bow"
"LINESTRING (-0.05438 51.520019,-0.015578 51.52512", "From Ansell House, Stepney to Devons Road, Bow"
"LINESTRING (-0.038775 51.516,-0.015578 51.52512", "From Aston Street, Stepney to Devons Road, Bow"
"LINESTRING (-0.054883 51.522561,-0.015578 51.52512", "From Cephas Street, Bethnal Green to Devons Road, Bow"
"LINESTRING (-0.033085 51.532513,-0.027581 51.526578", "From Ford Road, Old Ford to Merchant Street, Bow"
"LINESTRING (-0.058005 51.527152,-0.027581 51.526578", "From Pott Street, Bethnal Green to Merchant Street, Bow"
"LINESTRING (-0.032267 51.525501,-0.027581 51.526578", "From Maplin Street, Mile End to Merchant Street, Bow"
"LINESTRING (-0.033085 51.532513,-0.027581 51.526578", "From Ford Road, Old Ford to Merchant Street, Bow"
"LINESTRING (-0.029138 51.516196,-0.027581 51.526578", "From Burdett Road, Mile End to Merchant Street, Bow"
"LINESTRING (-0.05438 51.520019,-0.027581 51.526578", "From Ansell House, Stepney to Merchant Street, Bow"
"LINESTRING (-0.027581 51.526578,-0.027581 51.526578", "From Merchant Street, Bow to Merchant Street, Bow"
"LINESTRING (-0.03338 51.535179,-0.027581 51.526578", "From Gunmakers Lane, Old Ford to Merchant Street, Bow"
"LINESTRING (-0.038986 51.512871,-0.027581 51.526578", "From Flamborough Street, Limehouse to Merchant Street, Bow"
"LINESTRING (-0.034903 51.518541,-0.027581 51.526578", "From Mile End Stadium, Mile End to Merchant Street, Bow"
"LINESTRING (-0.062546 51.535678,-0.027581 51.526578", "From Regent's Row , Haggerston to Merchant Street, Bow"
"LINESTRING (-0.013258 51.528828,-0.027581 51.526578", "From Bromley High Street, Bow to Merchant Street, Bow"
"LINESTRING (-0.027581 51.526578,-0.027581 51.526578", "From Merchant Street, Bow to Merchant Street, Bow"
"LINESTRING (-0.009935 51.546326,-0.027581 51.526578", "From East Village, Queen Elizabeth Olympic Park to Merchant Street, Bow"
"LINESTRING (-0.082422 51.516154,-0.027581 51.526578", "From Wormwood Street, Liverpool Street to Merchant Street, Bow"
"LINESTRING (-0.037366 51.534137,-0.027581 51.526578", "From Driffield Road, Old Ford to Merchant Street, Bow"
"LINESTRING (-0.07813 51.526377,-0.027581 51.526578", "From Shoreditch High Street, Shoreditch to Merchant Street, Bow"
"LINESTRING (-0.082422 51.516154,-0.027581 51.526578", "From Wormwood Street, Liverpool Street to Merchant Street, Bow"
"LINESTRING (-0.025296 51.527058,-0.027581 51.526578", "From Bow Road Station, Bow to Merchant Street, Bow"
"LINESTRING (-0.09315 51.53356,-0.025296 51.527058", "From Eagle Wharf Road, Hoxton to Bow Road Station, Bow"
"LINESTRING (-0.04667 51.521889,-0.025296 51.527058", "From Stepney Green Station, Stepney to Bow Road Station, Bow"
"LINESTRING (-0.025492 51.530535,-0.025296 51.527058", "From Mostyn Grove, Bow to Bow Road Station, Bow"
"LINESTRING (-0.028155 51.533283,-0.025296 51.527058", "From Hewison Street, Old Ford to Bow Road Station, Bow"
"LINESTRING (-0.025296 51.527058,-0.025296 51.527058", "From Bow Road Station, Bow to Bow Road Station, Bow"
"LINESTRING (-0.051394 51.520893,-0.025296 51.527058", "From Cleveland Way, Stepney to Bow Road Station, Bow"
"LINESTRING (-0.028155 51.533283,-0.025296 51.527058", "From Hewison Street, Old Ford to Bow Road Station, Bow"
"LINESTRING (-0.074431 51.519362,-0.025296 51.527058", "From Fournier Street, Whitechapel to Bow Road Station, Bow"
"LINESTRING (-0.079249 51.518908,-0.025296 51.527058", "From Brushfield Street, Liverpool Street to Bow Road Station, Bow"
"LINESTRING (-0.054162 51.536424,-0.025296 51.527058", "From Victoria Park Road, Hackney Central to Bow Road Station, Bow"
"LINESTRING (-0.025996 51.509303,-0.025296 51.527058", "From Westferry DLR, Limehouse to Bow Road Station, Bow"
"LINESTRING (-0.042744 51.530326,-0.025296 51.527058", "From Twig Folly Bridge, Mile End to Bow Road Station, Bow"
"LINESTRING (-0.009935 51.546326,-0.025296 51.527058", "From East Village, Queen Elizabeth Olympic Park to Bow Road Station, Bow"
"LINESTRING (-0.028155 51.533283,-0.025296 51.527058", "From Hewison Street, Old Ford to Bow Road Station, Bow"
"LINESTRING (-0.062697 51.518154,-0.025296 51.527058", "From New Road 1 , Whitechapel to Bow Road Station, Bow"
"LINESTRING (-0.018703 51.528169,-0.025296 51.527058", "From Bow Church Station, Bow to Bow Road Station, Bow"
"LINESTRING (-0.00481 51.541793,-0.025296 51.527058", "From Stratford Station, Stratford to Bow Road Station, Bow"
"LINESTRING (-0.021345 51.519265,-0.025296 51.527058", "From Furze Green, Bow to Bow Road Station, Bow"
"LINESTRING (-0.054162 51.536424,-0.025296 51.527058", "From Victoria Park Road, Hackney Central to Bow Road Station, Bow"
"LINESTRING (-0.053177 51.515975,-0.025296 51.527058", "From Jubilee Street, Stepney to Bow Road Station, Bow"
"LINESTRING (-0.058826 51.54119,-0.025296 51.527058", "From London Fields, Hackney Central to Bow Road Station, Bow"
"LINESTRING (-0.028155 51.533283,-0.025296 51.527058", "From Hewison Street, Old Ford to Bow Road Station, Bow"
"LINESTRING (-0.026262 51.536039,-0.025296 51.527058", "From Wendon Street, Old Ford to Bow Road Station, Bow"
"LINESTRING (-0.030556 51.523538,-0.021345 51.519265", "From Southern Grove, Bow to Furze Green, Bow"
"LINESTRING (-0.134407 51.526236,-0.021345 51.519265", "From Euston Road, Euston to Furze Green, Bow"
"LINESTRING (-0.032267 51.525501,-0.021345 51.519265", "From Maplin Street, Mile End to Furze Green, Bow"
"LINESTRING (-0.05438 51.520019,-0.021345 51.519265", "From Ansell House, Stepney to Furze Green, Bow"
"LINESTRING (-0.041378 51.522507,-0.021345 51.519265", "From Queen Mary's, Mile End to Furze Green, Bow"
"LINESTRING (-0.034903 51.518541,-0.021345 51.519265", "From Mile End Stadium, Mile End to Furze Green, Bow"
"LINESTRING (-0.08066 51.514225,-0.021345 51.519265", "From St. Mary Axe, Aldgate to Furze Green, Bow"
"LINESTRING (-0.096317 51.526008,-0.021345 51.519265", "From Finsbury Leisure Centre, St. Luke's to Furze Green, Bow"
"LINESTRING (-0.09734 51.520841,-0.021345 51.519265", "From Aldersgate Street, Barbican to Furze Green, Bow"
"LINESTRING (-0.047548 51.528869,-0.021345 51.519265", "From Globe Town Market, Bethnal Green to Furze Green, Bow"
"LINESTRING (-0.032267 51.525501,-0.021345 51.519265", "From Maplin Street, Mile End to Furze Green, Bow"
"LINESTRING (-0.079248 51.524526,-0.021345 51.519265", "From New Inn Yard, Shoreditch to Furze Green, Bow"
"LINESTRING (-0.020157 51.499041,-0.021345 51.519265", "From Lightermans Road, Millwall to Furze Green, Bow"
"LINESTRING (-0.032267 51.525501,-0.021345 51.519265", "From Maplin Street, Mile End to Furze Green, Bow"
"LINESTRING (-0.077121 51.511594,-0.021345 51.519265", "From Crosswall, Tower to Furze Green, Bow"
"LINESTRING (-0.01646 51.505772,-0.021345 51.519265", "From Import Dock, Canary Wharf to Furze Green, Bow"
"LINESTRING (-0.036017 51.525941,-0.021345 51.519265", "From Clinton Road, Mile End to Furze Green, Bow"
"LINESTRING (-0.05438 51.520019,-0.021345 51.519265", "From Ansell House, Stepney to Furze Green, Bow"
"LINESTRING (-0.05438 51.520019,-0.021345 51.519265", "From Ansell House, Stepney to Furze Green, Bow"
"LINESTRING (-0.025626 51.511811,-0.021345 51.519265", "From Canton Street, Poplar to Furze Green, Bow"
"LINESTRING (-0.014691 51.546805,-0.021345 51.519265", "From Timber Lodge, Queen Elizabeth Olympic Park to Furze Green, Bow"
"LINESTRING (-0.047548 51.528869,-0.021345 51.519265", "From Globe Town Market, Bethnal Green to Furze Green, Bow"
"LINESTRING (-0.00481 51.541793,-0.05438 51.520019", "From Stratford Station, Stratford to Ansell House, Stepney"
"LINESTRING (-0.098031 51.505224,-0.05438 51.520019", "From Lavington Street, Bankside to Ansell House, Stepney"
"LINESTRING (-0.096317 51.526008,-0.05438 51.520019", "From Finsbury Leisure Centre, St. Luke's to Ansell House, Stepney"
"LINESTRING (-0.00481 51.541793,-0.05438 51.520019", "From Stratford Station, Stratford to Ansell House, Stepney"
"LINESTRING (-0.071653 51.522617,-0.05438 51.520019", "From Brick Lane Market, Shoreditch to Ansell House, Stepney"
"LINESTRING (-0.113001 51.50486,-0.05438 51.520019", "From Waterloo Road, South Bank to Ansell House, Stepney"
"LINESTRING (-0.014438 51.5112,-0.05438 51.520019", "From Chrisp Street Market, Poplar to Ansell House, Stepney"
"LINESTRING (-0.041378 51.522507,-0.05438 51.520019", "From Queen Mary's, Mile End to Ansell House, Stepney"
"LINESTRING (-0.021345 51.519265,-0.05438 51.520019", "From Furze Green, Bow to Ansell House, Stepney"
"LINESTRING (-0.047784 51.51328,-0.05438 51.520019", "From Albert Gardens, Stepney to Ansell House, Stepney"
"LINESTRING (-0.041378 51.522507,-0.05438 51.520019", "From Queen Mary's, Mile End to Ansell House, Stepney"
"LINESTRING (-0.093051 51.511246,-0.05438 51.520019", "From Queen Street 2, Bank to Ansell House, Stepney"
"LINESTRING (-0.049067 51.51563,-0.05438 51.520019", "From Aylward Street, Stepney to Ansell House, Stepney"
"LINESTRING (-0.034903 51.518541,-0.05438 51.520019", "From Mile End Stadium, Mile End to Ansell House, Stepney"
"LINESTRING (-0.025296 51.527058,-0.05438 51.520019", "From Bow Road Station, Bow to Ansell House, Stepney"
"LINESTRING (-0.04667 51.521889,-0.05438 51.520019", "From Stepney Green Station, Stepney to Ansell House, Stepney"
"LINESTRING (-0.038557 51.541515,-0.05438 51.520019", "From Gascoyne Road, Victoria Park to Ansell House, Stepney"
"LINESTRING (-0.002275 51.509474,-0.05438 51.520019", "From East India DLR, Blackwall to Ansell House, Stepney"
"LINESTRING (-0.04667 51.521889,-0.05438 51.520019", "From Stepney Green Station, Stepney to Ansell House, Stepney"
"LINESTRING (-0.021345 51.519265,-0.05438 51.520019", "From Furze Green, Bow to Ansell House, Stepney"
"LINESTRING (-0.066035 51.531864,-0.05438 51.520019", "From Goldsmith's Row, Haggerston to Ansell House, Stepney"
"LINESTRING (-0.049591 51.53341,-0.05438 51.520019", "From Bonner Gate, Victoria Park to Ansell House, Stepney"
"LINESTRING (-0.032566 51.520597,-0.05438 51.520019", "From Mile End Park Leisure Centre, Mile End to Ansell House, Stepney"
"LINESTRING (-0.033828 51.514115,-0.05438 51.520019", "From Salmon Lane, Limehouse to Ansell House, Stepney"
"LINESTRING (-0.027581 51.526578,-0.05438 51.520019", "From Merchant Street, Bow to Ansell House, Stepney"
"LINESTRING (-0.108657 51.51795,-0.05438 51.520019", "From Holborn Circus, Holborn to Ansell House, Stepney"
"LINESTRING (-0.102996 51.486929,-0.05438 51.520019", "From Doddington Grove, Kennington to Ansell House, Stepney"
"LINESTRING (-0.04667 51.521889,-0.05438 51.520019", "From Stepney Green Station, Stepney to Ansell House, Stepney"
"LINESTRING (-0.06111 51.518675,-0.05438 51.520019", "From Royal London Hospital, Whitechapel to Ansell House, Stepney"
"LINESTRING (-0.038775 51.516,-0.05438 51.520019", "From Aston Street, Stepney to Ansell House, Stepney"
"LINESTRING (-0.053558 51.511066,-0.05438 51.520019", "From Sutton Street, Shadwell to Ansell House, Stepney"
"LINESTRING (-0.032267 51.525501,-0.05438 51.520019", "From Maplin Street, Mile End to Ansell House, Stepney"
"LINESTRING (-0.055894 51.528936,-0.05438 51.520019", "From York Hall, Bethnal Green to Ansell House, Stepney"
"LINESTRING (-0.069743 51.528222,-0.05438 51.520019", "From Wellington Row, Bethnal Green to Ansell House, Stepney"
"LINESTRING (-0.058641 51.515256,-0.05438 51.520019", "From Philpot Street, Whitechapel to Ansell House, Stepney"
"LINESTRING (-0.025296 51.527058,-0.05438 51.520019", "From Bow Road Station, Bow to Ansell House, Stepney"
"LINESTRING (-0.015578 51.52512,-0.054883 51.522561", "From Devons Road, Bow to Cephas Street, Bethnal Green"
"LINESTRING (-0.056667 51.511542,-0.054883 51.522561", "From Watney Street, Shadwell to Cephas Street, Bethnal Green"
"LINESTRING (-0.055312 51.52568,-0.054883 51.522561", "From Bethnal Green Garden, Bethnal Green to Cephas Street, Bethnal Green"
"LINESTRING (-0.069543 51.525645,-0.054883 51.522561", "From Granby Street, Shoreditch to Cephas Street, Bethnal Green"
"LINESTRING (-0.047218 51.526041,-0.054883 51.522561", "From Bancroft Road, Bethnal Green to Cephas Street, Bethnal Green"
"LINESTRING (-0.060291 51.535716,-0.054883 51.522561", "From Ada Street, Hackney Central to Cephas Street, Bethnal Green"
"LINESTRING (-0.065076 51.52388,-0.054883 51.522561", "From Cheshire Street, Bethnal Green to Cephas Street, Bethnal Green"
"LINESTRING (-0.082989 51.510484,-0.054883 51.522561", "From Great Tower Street, Monument to Cephas Street, Bethnal Green"
"LINESTRING (-0.093903 51.530991,-0.054883 51.522561", "From Wenlock Road , Hoxton to Cephas Street, Bethnal Green"
"LINESTRING (-0.054162 51.536424,-0.054883 51.522561", "From Victoria Park Road, Hackney Central to Cephas Street, Bethnal Green"
"LINESTRING (-0.049067 51.51563,-0.054883 51.522561", "From Aylward Street, Stepney to Cephas Street, Bethnal Green"
"LINESTRING (-0.092921 51.494436,-0.054883 51.522561", "From New Kent Road, The Borough to Cephas Street, Bethnal Green"
"LINESTRING (-0.057133 51.527607,-0.054883 51.522561", "From Hollybush Gardens, Bethnal Green to Cephas Street, Bethnal Green"
"LINESTRING (-0.055894 51.528936,-0.054883 51.522561", "From York Hall, Bethnal Green to Cephas Street, Bethnal Green"
"LINESTRING (-0.058005 51.527152,-0.054883 51.522561", "From Pott Street, Bethnal Green to Cephas Street, Bethnal Green"
"LINESTRING (-0.06555 51.528681,-0.054883 51.522561", "From Durant Street, Bethnal Green to Cephas Street, Bethnal Green"
"LINESTRING (-0.071653 51.522617,-0.054883 51.522561", "From Brick Lane Market, Shoreditch to Cephas Street, Bethnal Green"
"LINESTRING (-0.054162 51.536424,-0.054883 51.522561", "From Victoria Park Road, Hackney Central to Cephas Street, Bethnal Green"
"LINESTRING (-0.042744 51.530326,-0.054883 51.522561", "From Twig Folly Bridge, Mile End to Cephas Street, Bethnal Green"
"LINESTRING (-0.053558 51.511066,-0.054883 51.522561", "From Sutton Street, Shadwell to Cephas Street, Bethnal Green"
"LINESTRING (-0.018703 51.528169,-0.054883 51.522561", "From Bow Church Station, Bow to Cephas Street, Bethnal Green"
"LINESTRING (-0.074431 51.519362,-0.049591 51.53341", "From Fournier Street, Whitechapel to Bonner Gate, Victoria Park"
"LINESTRING (-0.066035 51.531864,-0.049591 51.53341", "From Goldsmith's Row, Haggerston to Bonner Gate, Victoria Park"
"LINESTRING (-0.058005 51.527152,-0.049591 51.53341", "From Pott Street, Bethnal Green to Bonner Gate, Victoria Park"
"LINESTRING (-0.058005 51.527152,-0.049591 51.53341", "From Pott Street, Bethnal Green to Bonner Gate, Victoria Park"
"LINESTRING (-0.058005 51.527152,-0.049591 51.53341", "From Pott Street, Bethnal Green to Bonner Gate, Victoria Park"
"LINESTRING (-0.049591 51.53341,-0.049591 51.53341", "From Bonner Gate, Victoria Park to Bonner Gate, Victoria Park"
"LINESTRING (-0.065076 51.52388,-0.049591 51.53341", "From Cheshire Street, Bethnal Green to Bonner Gate, Victoria Park"
"LINESTRING (-0.06142 51.532091,-0.049591 51.53341", "From Pritchard's Road, Bethnal Green to Bonner Gate, Victoria Park"
"LINESTRING (-0.049591 51.53341,-0.049591 51.53341", "From Bonner Gate, Victoria Park to Bonner Gate, Victoria Park"
"LINESTRING (-0.038986 51.512871,-0.049591 51.53341", "From Flamborough Street, Limehouse to Bonner Gate, Victoria Park"
"LINESTRING (-0.058826 51.54119,-0.049591 51.53341", "From London Fields, Hackney Central to Bonner Gate, Victoria Park"
"LINESTRING (-0.074284 51.539328,-0.049591 51.53341", "From Haggerston Road, Haggerston to Bonner Gate, Victoria Park"
"LINESTRING (-0.062697 51.518154,-0.049591 51.53341", "From New Road 1 , Whitechapel to Bonner Gate, Victoria Park"
"LINESTRING (-0.033828 51.514115,-0.049591 51.53341", "From Salmon Lane, Limehouse to Bonner Gate, Victoria Park"
"LINESTRING (-0.06142 51.532091,-0.049591 51.53341", "From Pritchard's Road, Bethnal Green to Bonner Gate, Victoria Park"
"LINESTRING (-0.075375 51.528187,-0.049591 51.53341", "From Columbia Road, Shoreditch to Bonner Gate, Victoria Park"
"LINESTRING (-0.074284 51.539328,-0.049591 51.53341", "From Haggerston Road, Haggerston to Bonner Gate, Victoria Park"
"LINESTRING (-0.074284 51.539328,-0.049591 51.53341", "From Haggerston Road, Haggerston to Bonner Gate, Victoria Park"
"LINESTRING (-0.071653 51.522617,-0.049591 51.53341", "From Brick Lane Market, Shoreditch to Bonner Gate, Victoria Park"
"LINESTRING (-0.014438 51.5112,-0.049591 51.53341", "From Chrisp Street Market, Poplar to Bonner Gate, Victoria Park"
"LINESTRING (-0.009935 51.546326,-0.049591 51.53341", "From East Village, Queen Elizabeth Olympic Park to Bonner Gate, Victoria Park"
"LINESTRING (-0.062546 51.535678,-0.049591 51.53341", "From Regent's Row , Haggerston to Bonner Gate, Victoria Park"
"LINESTRING (-0.075578 51.52127,-0.049591 51.53341", "From Commercial Street, Shoreditch to Bonner Gate, Victoria Park"
"LINESTRING (-0.051394 51.520893,-0.049591 51.53341", "From Cleveland Way, Stepney to Bonner Gate, Victoria Park"
"LINESTRING (-0.083493 51.520955,-0.049591 51.53341", "From Pindar Street, Liverpool Street to Bonner Gate, Victoria Park"
"LINESTRING (-0.067937 51.51793,-0.051394 51.520893", "From Old Montague Street, Whitechapel to Cleveland Way, Stepney"
"LINESTRING (-0.039264 51.521564,-0.051394 51.520893", "From Harford Street, Mile End to Cleveland Way, Stepney"
"LINESTRING (-0.039264 51.521564,-0.051394 51.520893", "From Harford Street, Mile End to Cleveland Way, Stepney"
"LINESTRING (-0.036017 51.525941,-0.051394 51.520893", "From Clinton Road, Mile End to Cleveland Way, Stepney"
"LINESTRING (-0.05438 51.520019,-0.051394 51.520893", "From Ansell House, Stepney to Cleveland Way, Stepney"
"LINESTRING (-0.042744 51.530326,-0.051394 51.520893", "From Twig Folly Bridge, Mile End to Cleveland Way, Stepney"
"LINESTRING (-0.047784 51.51328,-0.051394 51.520893", "From Albert Gardens, Stepney to Cleveland Way, Stepney"
"LINESTRING (-0.071653 51.522617,-0.051394 51.520893", "From Brick Lane Market, Shoreditch to Cleveland Way, Stepney"
"LINESTRING (-0.047548 51.528869,-0.051394 51.520893", "From Globe Town Market, Bethnal Green to Cleveland Way, Stepney"
"LINESTRING (-0.02163 51.540311,-0.051394 51.520893", "From Monier Road, Hackney Wick to Cleveland Way, Stepney"
"LINESTRING (-0.067937 51.51793,-0.051394 51.520893", "From Old Montague Street, Whitechapel to Cleveland Way, Stepney"
"LINESTRING (-0.06992 51.53385,-0.051394 51.520893", "From Queensbridge Road, Haggerston to Cleveland Way, Stepney"
"LINESTRING (-0.073438 51.51838,-0.051394 51.520893", "From Fashion Street, Whitechapel to Cleveland Way, Stepney"
"LINESTRING (-0.06111 51.518675,-0.051394 51.520893", "From Royal London Hospital, Whitechapel to Cleveland Way, Stepney"
"LINESTRING (-0.013258 51.528828,-0.051394 51.520893", "From Bromley High Street, Bow to Cleveland Way, Stepney"
"LINESTRING (-0.06111 51.518675,-0.051394 51.520893", "From Royal London Hospital, Whitechapel to Cleveland Way, Stepney"
"LINESTRING (-0.069542 51.512363,-0.051394 51.520893", "From Leman Street, Aldgate to Cleveland Way, Stepney"
"LINESTRING (-0.020068 51.50357,-0.051394 51.520893", "From Jubilee Plaza, Canary Wharf to Cleveland Way, Stepney"
"LINESTRING (-0.058681 51.506946,-0.051394 51.520893", "From Reardon Street, Wapping to Cleveland Way, Stepney"
"LINESTRING (-0.056667 51.511542,-0.051394 51.520893", "From Watney Street, Shadwell to Cleveland Way, Stepney"
"LINESTRING (-0.047784 51.51328,-0.051394 51.520893", "From Albert Gardens, Stepney to Cleveland Way, Stepney"
"LINESTRING (-0.047548 51.528869,-0.051394 51.520893", "From Globe Town Market, Bethnal Green to Cleveland Way, Stepney"
"LINESTRING (-0.027616 51.529452,-0.051394 51.520893", "From Malmesbury Road, Bow to Cleveland Way, Stepney"
"LINESTRING (-0.082989 51.510484,-0.051394 51.520893", "From Great Tower Street, Monument to Cleveland Way, Stepney"
"LINESTRING (-0.032267 51.525501,-0.051394 51.520893", "From Maplin Street, Mile End to Cleveland Way, Stepney"
"LINESTRING (-0.023565 51.515427,-0.051394 51.520893", "From Stainsby Road , Poplar to Cleveland Way, Stepney"
"LINESTRING (-0.062697 51.518154,-0.051394 51.520893", "From New Road 1 , Whitechapel to Cleveland Way, Stepney"
"LINESTRING (-0.06111 51.518675,-0.051394 51.520893", "From Royal London Hospital, Whitechapel to Cleveland Way, Stepney"
"LINESTRING (-0.06111 51.518675,-0.051394 51.520893", "From Royal London Hospital, Whitechapel to Cleveland Way, Stepney"
"LINESTRING (-0.047218 51.526041,-0.051394 51.520893", "From Bancroft Road, Bethnal Green to Cleveland Way, Stepney"
"LINESTRING (-0.02163 51.540311,-0.051394 51.520893", "From Monier Road, Hackney Wick to Cleveland Way, Stepney"
"LINESTRING (-0.053558 51.511066,-0.051394 51.520893", "From Sutton Street, Shadwell to Cleveland Way, Stepney"
"LINESTRING (-0.076793 51.513406,-0.051394 51.520893", "From Jewry Street, Aldgate to Cleveland Way, Stepney"
"LINESTRING (-0.055894 51.528936,-0.051394 51.520893", "From York Hall, Bethnal Green to Cleveland Way, Stepney"
"LINESTRING (-0.058005 51.527152,-0.051394 51.520893", "From Pott Street, Bethnal Green to Cleveland Way, Stepney"
"LINESTRING (-0.079248 51.524526,-0.051394 51.520893", "From New Inn Yard, Shoreditch to Cleveland Way, Stepney"
"LINESTRING (-0.076793 51.513406,-0.051394 51.520893", "From Jewry Street, Aldgate to Cleveland Way, Stepney"
"LINESTRING (-0.018703 51.528169,-0.051394 51.520893", "From Bow Church Station, Bow to Cleveland Way, Stepney"
"LINESTRING (-0.059091 51.528692,-0.051394 51.520893", "From Clarkson Street, Bethnal Green to Cleveland Way, Stepney"
"LINESTRING (-0.121723 51.510701,-0.051394 51.520893", "From Southampton Street, Strand to Cleveland Way, Stepney"
"LINESTRING (-0.038557 51.541515,-0.051394 51.520893", "From Gascoyne Road, Victoria Park to Cleveland Way, Stepney"
"LINESTRING (-0.063386 51.521905,-0.051394 51.520893", "From Selby Street, Whitechapel to Cleveland Way, Stepney"
"LINESTRING (-0.065076 51.52388,-0.051394 51.520893", "From Cheshire Street, Bethnal Green to Cleveland Way, Stepney"
"LINESTRING (-0.070329 51.539083,-0.051394 51.520893", "From Shoreditch Court, Haggerston to Cleveland Way, Stepney"
"LINESTRING (-0.058826 51.54119,-0.051394 51.520893", "From London Fields, Hackney Central to Cleveland Way, Stepney"
"LINESTRING (-0.055312 51.52568,-0.051394 51.520893", "From Bethnal Green Garden, Bethnal Green to Cleveland Way, Stepney"
"LINESTRING (-0.038986 51.512871,-0.051394 51.520893", "From Flamborough Street, Limehouse to Cleveland Way, Stepney"
"LINESTRING (-0.055894 51.528936,-0.051394 51.520893", "From York Hall, Bethnal Green to Cleveland Way, Stepney"
"LINESTRING (-0.033085 51.532513,-0.051394 51.520893", "From Ford Road, Old Ford to Cleveland Way, Stepney"
"LINESTRING (-0.032267 51.525501,-0.051394 51.520893", "From Maplin Street, Mile End to Cleveland Way, Stepney"
"LINESTRING (-0.032267 51.525501,-0.051394 51.520893", "From Maplin Street, Mile End to Cleveland Way, Stepney"
"LINESTRING (-0.047548 51.528869,-0.051394 51.520893", "From Globe Town Market, Bethnal Green to Cleveland Way, Stepney"
"LINESTRING (-0.069743 51.528222,-0.051394 51.520893", "From Wellington Row, Bethnal Green to Cleveland Way, Stepney"
"LINESTRING (-0.049067 51.51563,-0.051394 51.520893", "From Aylward Street, Stepney to Cleveland Way, Stepney"
"LINESTRING (-0.089659 51.52548,-0.051394 51.520893", "From Old Street Station, St. Luke's to Cleveland Way, Stepney"
"LINESTRING (-0.086379 51.534042,-0.051394 51.520893", "From Shoreditch Park, Hoxton to Cleveland Way, Stepney"
"LINESTRING (-0.071653 51.522617,-0.051394 51.520893", "From Brick Lane Market, Shoreditch to Cleveland Way, Stepney"
"LINESTRING (-0.08066 51.514225,-0.051394 51.520893", "From St. Mary Axe, Aldgate to Cleveland Way, Stepney"
"LINESTRING (-0.047784 51.51328,-0.051394 51.520893", "From Albert Gardens, Stepney to Cleveland Way, Stepney"
"LINESTRING (-0.068856 51.521776,-0.051394 51.520893", "From Buxton Street 1, Shoreditch to Cleveland Way, Stepney"
"LINESTRING (-0.075459 51.509506,-0.051394 51.520893", "From Tower Gardens , Tower to Cleveland Way, Stepney"
"LINESTRING (-0.058826 51.54119,-0.051394 51.520893", "From London Fields, Hackney Central to Cleveland Way, Stepney"
"LINESTRING (-0.075459 51.509506,-0.051394 51.520893", "From Tower Gardens , Tower to Cleveland Way, Stepney"
"LINESTRING (-0.029138 51.516196,-0.051394 51.520893", "From Burdett Road, Mile End to Cleveland Way, Stepney"
"LINESTRING (-0.055312 51.52568,-0.051394 51.520893", "From Bethnal Green Garden, Bethnal Green to Cleveland Way, Stepney"
"LINESTRING (-0.062697 51.518154,-0.051394 51.520893", "From New Road 1 , Whitechapel to Cleveland Way, Stepney"
"LINESTRING (-0.047784 51.51328,-0.051394 51.520893", "From Albert Gardens, Stepney to Cleveland Way, Stepney"
"LINESTRING (-0.036017 51.525941,-0.051394 51.520893", "From Clinton Road, Mile End to Cleveland Way, Stepney"
"LINESTRING (-0.07813 51.526377,-0.009506 51.496454", "From Shoreditch High Street, Shoreditch to St. John's Park, Cubitt Town"
"LINESTRING (-0.014582 51.490645,-0.009506 51.496454", "From Mudchute DLR, Cubitt Town to St. John's Park, Cubitt Town"
"LINESTRING (-0.007542 51.493381,-0.009506 51.496454", "From Jubilee Crescent, Cubitt Town to St. John's Park, Cubitt Town"
"LINESTRING (-0.017676 51.503083,-0.009506 51.496454", "From Upper Bank Street, Canary Wharf to St. John's Park, Cubitt Town"
"LINESTRING (-0.07813 51.526377,-0.009506 51.496454", "From Shoreditch High Street, Shoreditch to St. John's Park, Cubitt Town"
"LINESTRING (-0.017676 51.503083,-0.009506 51.496454", "From Upper Bank Street, Canary Wharf to St. John's Park, Cubitt Town"
"LINESTRING (-0.07813 51.526377,-0.009506 51.496454", "From Shoreditch High Street, Shoreditch to St. John's Park, Cubitt Town"
"LINESTRING (-0.01646 51.505772,-0.026768 51.520398", "From Import Dock, Canary Wharf to Ackroyd Drive, Bow"
"LINESTRING (-0.01646 51.505772,-0.026768 51.520398", "From Import Dock, Canary Wharf to Ackroyd Drive, Bow"
"LINESTRING (-0.058005 51.527152,-0.026768 51.520398", "From Pott Street, Bethnal Green to Ackroyd Drive, Bow"
"LINESTRING (-0.074754 51.523648,-0.026768 51.520398", "From Bethnal Green Road, Shoreditch to Ackroyd Drive, Bow"
"LINESTRING (-0.01646 51.505772,-0.026768 51.520398", "From Import Dock, Canary Wharf to Ackroyd Drive, Bow"
"LINESTRING (-0.04667 51.521889,-0.026768 51.520398", "From Stepney Green Station, Stepney to Ackroyd Drive, Bow"
"LINESTRING (-0.032267 51.525501,-0.026768 51.520398", "From Maplin Street, Mile End to Ackroyd Drive, Bow"
"LINESTRING (-0.026768 51.520398,-0.026768 51.520398", "From Ackroyd Drive, Bow to Ackroyd Drive, Bow"
"LINESTRING (-0.01646 51.505772,-0.026768 51.520398", "From Import Dock, Canary Wharf to Ackroyd Drive, Bow"
"LINESTRING (-0.032267 51.525501,-0.026768 51.520398", "From Maplin Street, Mile End to Ackroyd Drive, Bow"
"LINESTRING (-0.01646 51.505772,-0.026768 51.520398", "From Import Dock, Canary Wharf to Ackroyd Drive, Bow"
"LINESTRING (-0.026768 51.520398,-0.026768 51.520398", "From Ackroyd Drive, Bow to Ackroyd Drive, Bow"
"LINESTRING (-0.09294 51.511553,-0.026768 51.520398", "From Queen Street 1, Bank to Ackroyd Drive, Bow"
"LINESTRING (-0.074754 51.523648,-0.026768 51.520398", "From Bethnal Green Road, Shoreditch to Ackroyd Drive, Bow"
"LINESTRING (-0.038986 51.512871,-0.026768 51.520398", "From Flamborough Street, Limehouse to Ackroyd Drive, Bow"
"LINESTRING (-0.074754 51.523648,-0.026768 51.520398", "From Bethnal Green Road, Shoreditch to Ackroyd Drive, Bow"
"LINESTRING (-0.032267 51.525501,-0.026768 51.520398", "From Maplin Street, Mile End to Ackroyd Drive, Bow"
"LINESTRING (-0.032267 51.525501,-0.026768 51.520398", "From Maplin Street, Mile End to Ackroyd Drive, Bow"
"LINESTRING (-0.091773 51.504627,-0.075855 51.517475", "From Hop Exchange, The Borough to Bell Lane, Liverpool Street"
"LINESTRING (-0.077178 51.514449,-0.075855 51.517475", "From Houndsditch, Aldgate to Bell Lane, Liverpool Street"
"LINESTRING (-0.071653 51.522617,-0.075855 51.517475", "From Brick Lane Market, Shoreditch to Bell Lane, Liverpool Street"
"LINESTRING (-0.075855 51.517475,-0.075855 51.517475", "From Bell Lane, Liverpool Street to Bell Lane, Liverpool Street"
"LINESTRING (-0.075855 51.517475,-0.075855 51.517475", "From Bell Lane, Liverpool Street to Bell Lane, Liverpool Street"
"LINESTRING (-0.058641 51.515256,-0.075855 51.517475", "From Philpot Street, Whitechapel to Bell Lane, Liverpool Street"
"LINESTRING (-0.075855 51.517475,-0.075855 51.517475", "From Bell Lane, Liverpool Street to Bell Lane, Liverpool Street"
"LINESTRING (-0.041378 51.522507,-0.075855 51.517475", "From Queen Mary's, Mile End to Bell Lane, Liverpool Street"
"LINESTRING (-0.08497 51.50964,-0.075855 51.517475", "From Monument Street, Monument to Bell Lane, Liverpool Street"
"LINESTRING (-0.086685 51.517075,-0.075855 51.517475", "From Finsbury Circus, Liverpool Street to Bell Lane, Liverpool Street"
"LINESTRING (-0.07813 51.526377,-0.075855 51.517475", "From Shoreditch High Street, Shoreditch to Bell Lane, Liverpool Street"
"LINESTRING (-0.089887 51.520858,-0.075855 51.517475", "From Bunhill Row, Moorgate to Bell Lane, Liverpool Street"
"LINESTRING (-0.074431 51.519362,-0.075855 51.517475", "From Fournier Street, Whitechapel to Bell Lane, Liverpool Street"
"LINESTRING (-0.086685 51.517075,-0.075855 51.517475", "From Finsbury Circus, Liverpool Street to Bell Lane, Liverpool Street"
"LINESTRING (-0.086685 51.517075,-0.075855 51.517475", "From Finsbury Circus, Liverpool Street to Bell Lane, Liverpool Street"
"LINESTRING (-0.070133 51.515231,-0.075855 51.517475", "From Central House, Whitechapel to Bell Lane, Liverpool Street"
"LINESTRING (-0.12335 51.51746,-0.075855 51.517475", "From Bury Place, Holborn to Bell Lane, Liverpool Street"
"LINESTRING (-0.062697 51.518154,-0.075855 51.517475", "From New Road 1 , Whitechapel to Bell Lane, Liverpool Street"
"LINESTRING (-0.066035 51.531864,-0.075855 51.517475", "From Goldsmith's Row, Haggerston to Bell Lane, Liverpool Street"
"LINESTRING (-0.071653 51.522617,-0.075855 51.517475", "From Brick Lane Market, Shoreditch to Bell Lane, Liverpool Street"
"LINESTRING (-0.057133 51.527607,-0.075855 51.517475", "From Hollybush Gardens, Bethnal Green to Bell Lane, Liverpool Street"
"LINESTRING (-0.063531 51.504719,-0.075855 51.517475", "From Hermitage Court, Wapping to Bell Lane, Liverpool Street"
"LINESTRING (-0.117863 51.515208,-0.075855 51.517475", "From Sardinia Street, Holborn to Bell Lane, Liverpool Street"
"LINESTRING (-0.066035 51.531864,-0.075855 51.517475", "From Goldsmith's Row, Haggerston to Bell Lane, Liverpool Street"
"LINESTRING (-0.08974 51.500823,-0.075855 51.517475", "From Empire Square, The Borough to Bell Lane, Liverpool Street"
"LINESTRING (-0.0801 51.52959,-0.059091 51.528692", "From Hoxton Street, Hoxton to Clarkson Street, Bethnal Green"
"LINESTRING (-0.029138 51.516196,-0.059091 51.528692", "From Burdett Road, Mile End to Clarkson Street, Bethnal Green"
"LINESTRING (-0.09734 51.520841,-0.059091 51.528692", "From Aldersgate Street, Barbican to Clarkson Street, Bethnal Green"
"LINESTRING (-0.0801 51.52959,-0.059091 51.528692", "From Hoxton Street, Hoxton to Clarkson Street, Bethnal Green"
"LINESTRING (-0.088285 51.519069,-0.059091 51.528692", "From Moorfields, Moorgate to Clarkson Street, Bethnal Green"
"LINESTRING (-0.025296 51.527058,-0.059091 51.528692", "From Bow Road Station, Bow to Clarkson Street, Bethnal Green"
"LINESTRING (-0.062697 51.518154,-0.059091 51.528692", "From New Road 1 , Whitechapel to Clarkson Street, Bethnal Green"
"LINESTRING (-0.09734 51.520841,-0.059091 51.528692", "From Aldersgate Street, Barbican to Clarkson Street, Bethnal Green"
"LINESTRING (-0.069743 51.528222,-0.059091 51.528692", "From Wellington Row, Bethnal Green to Clarkson Street, Bethnal Green"
"LINESTRING (-0.062697 51.518154,-0.059091 51.528692", "From New Road 1 , Whitechapel to Clarkson Street, Bethnal Green"
"LINESTRING (-0.071653 51.522617,-0.059091 51.528692", "From Brick Lane Market, Shoreditch to Clarkson Street, Bethnal Green"
"LINESTRING (-0.058826 51.54119,-0.059091 51.528692", "From London Fields, Hackney Central to Clarkson Street, Bethnal Green"
"LINESTRING (-0.042744 51.530326,-0.059091 51.528692", "From Twig Folly Bridge, Mile End to Clarkson Street, Bethnal Green"
"LINESTRING (-0.059091 51.528692,-0.059091 51.528692", "From Clarkson Street, Bethnal Green to Clarkson Street, Bethnal Green"
"LINESTRING (-0.065006 51.508622,-0.074431 51.519362", "From Pennington Street, Wapping to Fournier Street, Whitechapel"
"LINESTRING (-0.027581 51.526578,-0.074431 51.519362", "From Merchant Street, Bow to Fournier Street, Whitechapel"
"LINESTRING (-0.058631 51.524583,-0.074431 51.519362", "From Finnis Street, Bethnal Green to Fournier Street, Whitechapel"
"LINESTRING (-0.067937 51.51793,-0.074431 51.519362", "From Old Montague Street, Whitechapel to Fournier Street, Whitechapel"
"LINESTRING (-0.122806 51.490435,-0.074431 51.519362", "From Albert Embankment, Vauxhall to Fournier Street, Whitechapel"
"LINESTRING (-0.058826 51.54119,-0.074431 51.519362", "From London Fields, Hackney Central to Fournier Street, Whitechapel"
"LINESTRING (-0.058681 51.506946,-0.074431 51.519362", "From Reardon Street, Wapping to Fournier Street, Whitechapel"
"LINESTRING (-0.104708 51.52326,-0.074431 51.519362", "From Clerkenwell Green, Clerkenwell to Fournier Street, Whitechapel"
"LINESTRING (-0.025626 51.511811,-0.074431 51.519362", "From Canton Street, Poplar to Fournier Street, Whitechapel"
"LINESTRING (-0.102757 51.536384,-0.074431 51.519362", "From Islington Green, Angel to Fournier Street, Whitechapel"
"LINESTRING (-0.073537 51.514233,-0.074431 51.519362", "From Braham Street, Aldgate to Fournier Street, Whitechapel"
"LINESTRING (-0.008428 51.503143,-0.074431 51.519362", "From Lancaster Drive, Blackwall to Fournier Street, Whitechapel"
"LINESTRING (-0.069543 51.525645,-0.074431 51.519362", "From Granby Street, Shoreditch to Fournier Street, Whitechapel"
"LINESTRING (-0.117122 51.490994,-0.074431 51.519362", "From Black Prince Road, Vauxhall to Fournier Street, Whitechapel"
"LINESTRING (-0.054162 51.536424,-0.074431 51.519362", "From Victoria Park Road, Hackney Central to Fournier Street, Whitechapel"
"LINESTRING (-0.074754 51.523648,-0.074431 51.519362", "From Bethnal Green Road, Shoreditch to Fournier Street, Whitechapel"
"LINESTRING (-0.029138 51.516196,-0.074431 51.519362", "From Burdett Road, Mile End to Fournier Street, Whitechapel"
"LINESTRING (-0.065006 51.508622,-0.074431 51.519362", "From Pennington Street, Wapping to Fournier Street, Whitechapel"
"LINESTRING (-0.120903 51.488124,-0.074431 51.519362", "From Vauxhall Walk, Vauxhall to Fournier Street, Whitechapel"
"LINESTRING (-0.074754 51.523648,-0.074431 51.519362", "From Bethnal Green Road, Shoreditch to Fournier Street, Whitechapel"
"LINESTRING (-0.107913 51.498386,-0.074431 51.519362", "From Westminster Bridge Road, Elephant & Castle to Fournier Street, Whitechapel"
"LINESTRING (-0.055894 51.528936,-0.074431 51.519362", "From York Hall, Bethnal Green to Fournier Street, Whitechapel"
"LINESTRING (-0.097441 51.511961,-0.074431 51.519362", "From Queen Victoria Street, St. Paul's to Fournier Street, Whitechapel"
"LINESTRING (-0.089887 51.520858,-0.074431 51.519362", "From Bunhill Row, Moorgate to Fournier Street, Whitechapel"
"LINESTRING (-0.07813 51.526377,-0.074431 51.519362", "From Shoreditch High Street, Shoreditch to Fournier Street, Whitechapel"
"LINESTRING (-0.049067 51.51563,-0.074431 51.519362", "From Aylward Street, Stepney to Fournier Street, Whitechapel"
"LINESTRING (-0.106323 51.490757,-0.074431 51.519362", "From Cotton Garden Estate, Kennington to Fournier Street, Whitechapel"
"LINESTRING (-0.056667 51.511542,-0.074431 51.519362", "From Watney Street, Shadwell to Fournier Street, Whitechapel"
"LINESTRING (-0.084439 51.524696,-0.074431 51.519362", "From Leonard Circus , Shoreditch to Fournier Street, Whitechapel"
"LINESTRING (-0.074189 51.502279,-0.074431 51.519362", "From Curlew Street, Shad Thames to Fournier Street, Whitechapel"
"LINESTRING (-0.054162 51.536424,-0.074431 51.519362", "From Victoria Park Road, Hackney Central to Fournier Street, Whitechapel"
"LINESTRING (-0.066078 51.514924,-0.074431 51.519362", "From LMU Commercial Road, Whitechapel to Fournier Street, Whitechapel"
"LINESTRING (-0.167515 51.530529,-0.074431 51.519362", "From St. John's Wood Church, The Regent's Park to Fournier Street, Whitechapel"
"LINESTRING (-0.105344 51.515059,-0.074431 51.519362", "From St. Bride Street, Holborn to Fournier Street, Whitechapel"
"LINESTRING (-0.057544 51.504749,-0.074431 51.519362", "From Wapping Lane, Wapping to Fournier Street, Whitechapel"
"LINESTRING (-0.104298 51.526717,-0.090075 51.517842", "From Finsbury Library , Finsbury to Fore Street, Guildhall"
"LINESTRING (-0.09315 51.53356,-0.090075 51.517842", "From Eagle Wharf Road, Hoxton to Fore Street, Guildhall"
"LINESTRING (-0.13011 51.513527,-0.090075 51.517842", "From Moor Street, Soho to Fore Street, Guildhall"
"LINESTRING (-0.065076 51.52388,-0.090075 51.517842", "From Cheshire Street, Bethnal Green to Fore Street, Guildhall"
"LINESTRING (-0.079201 51.537277,-0.090075 51.517842", "From Hertford Road, De Beauvoir Town to Fore Street, Guildhall"
"LINESTRING (-0.096317 51.526008,-0.090075 51.517842", "From Finsbury Leisure Centre, St. Luke's to Fore Street, Guildhall"
"LINESTRING (-0.06691 51.507131,-0.090075 51.517842", "From Nesham Street, Wapping to Fore Street, Guildhall"
"LINESTRING (-0.10044 51.498898,-0.090075 51.517842", "From Borough Road, Elephant & Castle to Fore Street, Guildhall"
"LINESTRING (-0.104724 51.52836,-0.090075 51.517842", "From St. John Street, Finsbury to Fore Street, Guildhall"
"LINESTRING (-0.112824 51.503791,-0.090075 51.517842", "From Waterloo Station 3, Waterloo to Fore Street, Guildhall"
"LINESTRING (-0.097122 51.529423,-0.090075 51.517842", "From Macclesfield Rd, St Lukes to Fore Street, Guildhall"
"LINESTRING (-0.104708 51.52326,-0.090075 51.517842", "From Clerkenwell Green, Clerkenwell to Fore Street, Guildhall"
"LINESTRING (-0.082422 51.516154,-0.090075 51.517842", "From Wormwood Street, Liverpool Street to Fore Street, Guildhall"
"LINESTRING (-0.074754 51.523648,-0.090075 51.517842", "From Bethnal Green Road, Shoreditch to Fore Street, Guildhall"
"LINESTRING (-0.074189 51.502279,-0.090075 51.517842", "From Curlew Street, Shad Thames to Fore Street, Guildhall"
"LINESTRING (-0.081608 51.497855,-0.090075 51.517842", "From Bermondsey Street, Bermondsey to Fore Street, Guildhall"
"LINESTRING (-0.04667 51.521889,-0.090075 51.517842", "From Stepney Green Station, Stepney to Fore Street, Guildhall"
"LINESTRING (-0.027772 51.505703,-0.025996 51.509303", "From Westferry Circus, Canary Wharf to Westferry DLR, Limehouse"
"LINESTRING (-0.022793 51.497304,-0.025996 51.509303", "From Alpha Grove, Millwall to Westferry DLR, Limehouse"
"LINESTRING (-0.041378 51.522507,-0.025996 51.509303", "From Queen Mary's, Mile End to Westferry DLR, Limehouse"
"LINESTRING (-0.017676 51.503083,-0.025996 51.509303", "From Upper Bank Street, Canary Wharf to Westferry DLR, Limehouse"
"LINESTRING (-0.083632 51.502153,-0.025996 51.509303", "From Snowsfields, London Bridge to Westferry DLR, Limehouse"
"LINESTRING (-0.093051 51.511246,-0.025996 51.509303", "From Queen Street 2, Bank to Westferry DLR, Limehouse"
"LINESTRING (-0.014438 51.5112,-0.025996 51.509303", "From Chrisp Street Market, Poplar to Westferry DLR, Limehouse"
"LINESTRING (-0.002275 51.509474,-0.025996 51.509303", "From East India DLR, Blackwall to Westferry DLR, Limehouse"
"LINESTRING (-0.023565 51.515427,-0.025996 51.509303", "From Stainsby Road , Poplar to Westferry DLR, Limehouse"
"LINESTRING (-0.012413 51.508896,-0.025996 51.509303", "From Newby Place, Poplar to Westferry DLR, Limehouse"
"LINESTRING (-0.017676 51.503083,-0.025996 51.509303", "From Upper Bank Street, Canary Wharf to Westferry DLR, Limehouse"
"LINESTRING (-0.023565 51.515427,-0.025996 51.509303", "From Stainsby Road , Poplar to Westferry DLR, Limehouse"
"LINESTRING (-0.023565 51.515427,-0.025996 51.509303", "From Stainsby Road , Poplar to Westferry DLR, Limehouse"
"LINESTRING (-0.02296 51.50623,-0.025996 51.509303", "From Fisherman's Walk West, Canary Wharf to Westferry DLR, Limehouse"
"LINESTRING (-0.012413 51.508896,-0.025996 51.509303", "From Newby Place, Poplar to Westferry DLR, Limehouse"
"LINESTRING (-0.068161 51.509786,-0.025996 51.509303", "From Dock Street, Wapping to Westferry DLR, Limehouse"
"LINESTRING (-0.00699 51.508981,-0.025996 51.509303", "From Naval Row, Blackwall to Westferry DLR, Limehouse"
"LINESTRING (-0.02296 51.50623,-0.025996 51.509303", "From Fisherman's Walk West, Canary Wharf to Westferry DLR, Limehouse"
"LINESTRING (-0.00699 51.508981,-0.025996 51.509303", "From Naval Row, Blackwall to Westferry DLR, Limehouse"
"LINESTRING (-0.023565 51.515427,-0.025996 51.509303", "From Stainsby Road , Poplar to Westferry DLR, Limehouse"
"LINESTRING (-0.017676 51.503083,-0.025996 51.509303", "From Upper Bank Street, Canary Wharf to Westferry DLR, Limehouse"
"LINESTRING (-0.017676 51.503083,-0.025996 51.509303", "From Upper Bank Street, Canary Wharf to Westferry DLR, Limehouse"
"LINESTRING (-0.023565 51.515427,-0.025996 51.509303", "From Stainsby Road , Poplar to Westferry DLR, Limehouse"
"LINESTRING (-0.034903 51.518541,-0.025996 51.509303", "From Mile End Stadium, Mile End to Westferry DLR, Limehouse"
"LINESTRING (-0.017676 51.503083,-0.025996 51.509303", "From Upper Bank Street, Canary Wharf to Westferry DLR, Limehouse"
"LINESTRING (-0.017676 51.503083,-0.025996 51.509303", "From Upper Bank Street, Canary Wharf to Westferry DLR, Limehouse"
"LINESTRING (-0.062697 51.518154,-0.025996 51.509303", "From New Road 1 , Whitechapel to Westferry DLR, Limehouse"
"LINESTRING (-0.082989 51.510484,-0.025996 51.509303", "From Great Tower Street, Monument to Westferry DLR, Limehouse"
"LINESTRING (-0.029138 51.516196,-0.025996 51.509303", "From Burdett Road, Mile End to Westferry DLR, Limehouse"
"LINESTRING (-0.057544 51.504749,-0.025996 51.509303", "From Wapping Lane, Wapping to Westferry DLR, Limehouse"
"LINESTRING (-0.023565 51.515427,-0.025996 51.509303", "From Stainsby Road , Poplar to Westferry DLR, Limehouse"
"LINESTRING (-0.082989 51.510484,-0.025996 51.509303", "From Great Tower Street, Monument to Westferry DLR, Limehouse"
"LINESTRING (-0.037366 51.534137,-0.025996 51.509303", "From Driffield Road, Old Ford to Westferry DLR, Limehouse"
"LINESTRING (-0.023565 51.515427,-0.025996 51.509303", "From Stainsby Road , Poplar to Westferry DLR, Limehouse"
"LINESTRING (-0.082989 51.510484,-0.025996 51.509303", "From Great Tower Street, Monument to Westferry DLR, Limehouse"
"LINESTRING (-0.017676 51.503083,-0.025996 51.509303", "From Upper Bank Street, Canary Wharf to Westferry DLR, Limehouse"
"LINESTRING (-0.070542 51.505697,-0.025996 51.509303", "From St. Katharine's Way, Tower to Westferry DLR, Limehouse"
"LINESTRING (-0.114686 51.506133,-0.025996 51.509303", "From Belvedere Road 1, South Bank to Westferry DLR, Limehouse"
"LINESTRING (-0.022793 51.497304,-0.025996 51.509303", "From Alpha Grove, Millwall to Westferry DLR, Limehouse"
"LINESTRING (-0.018703 51.528169,-0.025996 51.509303", "From Bow Church Station, Bow to Westferry DLR, Limehouse"
"LINESTRING (-0.014438 51.5112,-0.025996 51.509303", "From Chrisp Street Market, Poplar to Westferry DLR, Limehouse"
"LINESTRING (-0.051394 51.520893,-0.053558 51.511066", "From Cleveland Way, Stepney to Sutton Street, Shadwell"
"LINESTRING (-0.055656 51.514222,-0.053558 51.511066", "From Watney Market, Stepney to Sutton Street, Shadwell"
"LINESTRING (-0.119047 51.509631,-0.053558 51.511066", "From Embankment (Savoy), Strand to Sutton Street, Shadwell"
"LINESTRING (-0.06111 51.518675,-0.053558 51.511066", "From Royal London Hospital, Whitechapel to Sutton Street, Shadwell"
"LINESTRING (-0.025996 51.509303,-0.053558 51.511066", "From Westferry DLR, Limehouse to Sutton Street, Shadwell"
"LINESTRING (-0.043371 51.518369,-0.053558 51.511066", "From Rectory Square, Stepney to Sutton Street, Shadwell"
"LINESTRING (-0.09885 51.515418,-0.053558 51.511066", "From Newgate Street , St. Paul's to Sutton Street, Shadwell"
"LINESTRING (-0.107349 51.511891,-0.053558 51.511066", "From Tallis Street, Temple to Sutton Street, Shadwell"
"LINESTRING (-0.027772 51.505703,-0.053558 51.511066", "From Westferry Circus, Canary Wharf to Sutton Street, Shadwell"
"LINESTRING (-0.063386 51.521905,-0.053558 51.511066", "From Selby Street, Whitechapel to Sutton Street, Shadwell"
"LINESTRING (-0.019355 51.496137,-0.053558 51.511066", "From Millharbour, Millwall to Sutton Street, Shadwell"
"LINESTRING (-0.019355 51.496137,-0.053558 51.511066", "From Millharbour, Millwall to Sutton Street, Shadwell"
"LINESTRING (-0.105312 51.504043,-0.053558 51.511066", "From Southwark Station 1, Southwark to Sutton Street, Shadwell"
"LINESTRING (-0.108657 51.51795,-0.053558 51.511066", "From Holborn Circus, Holborn to Sutton Street, Shadwell"
"LINESTRING (-0.122492 51.486343,-0.053558 51.511066", "From Kennington Lane Rail Bridge, Vauxhall to Sutton Street, Shadwell"
"LINESTRING (-0.047784 51.51328,-0.053558 51.511066", "From Albert Gardens, Stepney to Sutton Street, Shadwell"
"LINESTRING (-0.117619 51.509943,-0.053558 51.511066", "From Somerset House, Strand to Sutton Street, Shadwell"
"LINESTRING (-0.037471 51.528224,-0.053558 51.511066", "From Antill Road, Mile End to Sutton Street, Shadwell"
"LINESTRING (-0.020157 51.499041,-0.053558 51.511066", "From Lightermans Road, Millwall to Sutton Street, Shadwell"
"LINESTRING (-0.04667 51.521889,-0.053558 51.511066", "From Stepney Green Station, Stepney to Sutton Street, Shadwell"
"LINESTRING (-0.081608 51.497855,-0.053558 51.511066", "From Bermondsey Street, Bermondsey to Sutton Street, Shadwell"
"LINESTRING (-0.10834 51.52352,-0.053558 51.511066", "From Farringdon Lane, Clerkenwell to Sutton Street, Shadwell"
"LINESTRING (-0.124749 51.509462,-0.053558 51.511066", "From William IV Street, Strand to Sutton Street, Shadwell"
"LINESTRING (-0.047784 51.51328,-0.053558 51.511066", "From Albert Gardens, Stepney to Sutton Street, Shadwell"
"LINESTRING (-0.019355 51.496137,-0.053558 51.511066", "From Millharbour, Millwall to Sutton Street, Shadwell"
"LINESTRING (-0.005659 51.513548,-0.053558 51.511066", "From Aberfeldy Street, Poplar to Sutton Street, Shadwell"
"LINESTRING (-0.06691 51.507131,-0.053558 51.511066", "From Nesham Street, Wapping to Sutton Street, Shadwell"
"LINESTRING (-0.005659 51.513548,-0.053558 51.511066", "From Aberfeldy Street, Poplar to Sutton Street, Shadwell"
"LINESTRING (-0.075855 51.517475,-0.06142 51.532091", "From Bell Lane, Liverpool Street to Pritchard's Road, Bethnal Green"
"LINESTRING (-0.009935 51.546326,-0.06142 51.532091", "From East Village, Queen Elizabeth Olympic Park to Pritchard's Road, Bethnal Green"
"LINESTRING (-0.091401 51.518093,-0.06142 51.532091", "From Fore Street Avenue, Guildhall to Pritchard's Road, Bethnal Green"
"LINESTRING (-0.06142 51.532091,-0.06142 51.532091", "From Pritchard's Road, Bethnal Green to Pritchard's Road, Bethnal Green"
"LINESTRING (-0.033085 51.532513,-0.06142 51.532091", "From Ford Road, Old Ford to Pritchard's Road, Bethnal Green"
"LINESTRING (-0.058005 51.527152,-0.06142 51.532091", "From Pott Street, Bethnal Green to Pritchard's Road, Bethnal Green"
"LINESTRING (-0.067937 51.51793,-0.06142 51.532091", "From Old Montague Street, Whitechapel to Pritchard's Road, Bethnal Green"
"LINESTRING (-0.070133 51.515231,-0.06142 51.532091", "From Central House, Whitechapel to Pritchard's Road, Bethnal Green"
"LINESTRING (-0.102208 51.526153,-0.06142 51.532091", "From Percival Street, Finsbury to Pritchard's Road, Bethnal Green"
"LINESTRING (-0.026768 51.520398,-0.06142 51.532091", "From Ackroyd Drive, Bow to Pritchard's Road, Bethnal Green"
"LINESTRING (-0.057133 51.527607,-0.06142 51.532091", "From Hollybush Gardens, Bethnal Green to Pritchard's Road, Bethnal Green"
"LINESTRING (-0.069743 51.528222,-0.06142 51.532091", "From Wellington Row, Bethnal Green to Pritchard's Road, Bethnal Green"
"LINESTRING (-0.075375 51.528187,-0.06142 51.532091", "From Columbia Road, Shoreditch to Pritchard's Road, Bethnal Green"
"LINESTRING (-0.113864 51.504027,-0.06142 51.532091", "From Waterloo Station 1, Waterloo to Pritchard's Road, Bethnal Green"
"LINESTRING (-0.074284 51.539328,-0.06142 51.532091", "From Haggerston Road, Haggerston to Pritchard's Road, Bethnal Green"
"LINESTRING (-0.01051 51.54094,-0.06142 51.532091", "From Aquatic Centre, Queen Elizabeth Olympic Park to Pritchard's Road, Bethnal Green"
"LINESTRING (-0.082989 51.510484,-0.06142 51.532091", "From Great Tower Street, Monument to Pritchard's Road, Bethnal Green"
"LINESTRING (-0.070329 51.539083,-0.06142 51.532091", "From Shoreditch Court, Haggerston to Pritchard's Road, Bethnal Green"
"LINESTRING (-0.176645 51.518622,-0.06142 51.532091", "From North Wharf Road, Paddington to Pritchard's Road, Bethnal Green"
"LINESTRING (-0.026262 51.536039,-0.06142 51.532091", "From Wendon Street, Old Ford to Pritchard's Road, Bethnal Green"
"LINESTRING (-0.01051 51.54094,-0.06142 51.532091", "From Aquatic Centre, Queen Elizabeth Olympic Park to Pritchard's Road, Bethnal Green"
"LINESTRING (-0.051394 51.520893,-0.06142 51.532091", "From Cleveland Way, Stepney to Pritchard's Road, Bethnal Green"
"LINESTRING (-0.06992 51.53385,-0.06142 51.532091", "From Queensbridge Road, Haggerston to Pritchard's Road, Bethnal Green"
"LINESTRING (-0.037366 51.534137,-0.06142 51.532091", "From Driffield Road, Old Ford to Pritchard's Road, Bethnal Green"
"LINESTRING (-0.055894 51.528936,-0.06142 51.532091", "From York Hall, Bethnal Green to Pritchard's Road, Bethnal Green"
"LINESTRING (-0.049591 51.53341,-0.06142 51.532091", "From Bonner Gate, Victoria Park to Pritchard's Road, Bethnal Green"
"LINESTRING (-0.075901 51.531091,-0.06142 51.532091", "From Hoxton Station, Hoxton to Pritchard's Road, Bethnal Green"
"LINESTRING (-0.06142 51.532091,-0.06142 51.532091", "From Pritchard's Road, Bethnal Green to Pritchard's Road, Bethnal Green"
"LINESTRING (-0.075885 51.536585,-0.06142 51.532091", "From Dunston Road , Haggerston to Pritchard's Road, Bethnal Green"
"LINESTRING (-0.09315 51.53356,-0.06142 51.532091", "From Eagle Wharf Road, Hoxton to Pritchard's Road, Bethnal Green"
"LINESTRING (-0.06142 51.532091,-0.06142 51.532091", "From Pritchard's Road, Bethnal Green to Pritchard's Road, Bethnal Green"
"LINESTRING (-0.075855 51.517475,-0.06142 51.532091", "From Bell Lane, Liverpool Street to Pritchard's Road, Bethnal Green"
"LINESTRING (-0.128585 51.516118,-0.06142 51.532091", "From Earnshaw Street , Covent Garden to Pritchard's Road, Bethnal Green"
"LINESTRING (-0.073955 51.526293,-0.06142 51.532091", "From Palissy Street, Shoreditch to Pritchard's Road, Bethnal Green"
"LINESTRING (-0.069543 51.525645,-0.06142 51.532091", "From Granby Street, Shoreditch to Pritchard's Road, Bethnal Green"
"LINESTRING (-0.088285 51.519069,-0.06142 51.532091", "From Moorfields, Moorgate to Pritchard's Road, Bethnal Green"
"LINESTRING (-0.084439 51.524696,-0.06142 51.532091", "From Leonard Circus , Shoreditch to Pritchard's Road, Bethnal Green"
"LINESTRING (-0.122299 51.530199,-0.06142 51.532091", "From Birkenhead Street, King's Cross to Pritchard's Road, Bethnal Green"
"LINESTRING (-0.075855 51.517475,-0.06142 51.532091", "From Bell Lane, Liverpool Street to Pritchard's Road, Bethnal Green"
"LINESTRING (-0.09294 51.51397,-0.06142 51.532091", "From Cheapside, Bank to Pritchard's Road, Bethnal Green"
"LINESTRING (-0.038986 51.512871,-0.06142 51.532091", "From Flamborough Street, Limehouse to Pritchard's Road, Bethnal Green"
"LINESTRING (-0.091401 51.518093,-0.06142 51.532091", "From Fore Street Avenue, Guildhall to Pritchard's Road, Bethnal Green"
"LINESTRING (-0.075855 51.517475,-0.06142 51.532091", "From Bell Lane, Liverpool Street to Pritchard's Road, Bethnal Green"
"LINESTRING (-0.06142 51.532091,-0.06142 51.532091", "From Pritchard's Road, Bethnal Green to Pritchard's Road, Bethnal Green"
"LINESTRING (-0.065076 51.52388,-0.06142 51.532091", "From Cheshire Street, Bethnal Green to Pritchard's Road, Bethnal Green"
"LINESTRING (-0.066078 51.514924,-0.06142 51.532091", "From LMU Commercial Road, Whitechapel to Pritchard's Road, Bethnal Green"
"LINESTRING (-0.06555 51.528681,-0.06142 51.532091", "From Durant Street, Bethnal Green to Pritchard's Road, Bethnal Green"
"LINESTRING (-0.014438 51.5112,-0.055656 51.514222", "From Chrisp Street Market, Poplar to Watney Market, Stepney"
"LINESTRING (-0.056667 51.511542,-0.055656 51.514222", "From Watney Street, Shadwell to Watney Market, Stepney"
"LINESTRING (-0.054883 51.522561,-0.055656 51.514222", "From Cephas Street, Bethnal Green to Watney Market, Stepney"
"LINESTRING (-0.06111 51.518675,-0.055656 51.514222", "From Royal London Hospital, Whitechapel to Watney Market, Stepney"
"LINESTRING (-0.070133 51.515231,-0.055656 51.514222", "From Central House, Whitechapel to Watney Market, Stepney"
"LINESTRING (-0.112721 51.536392,-0.055656 51.514222", "From Charlotte Terrace, Angel to Watney Market, Stepney"
"LINESTRING (-0.00699 51.508981,-0.055656 51.514222", "From Naval Row, Blackwall to Watney Market, Stepney"
"LINESTRING (-0.074431 51.519362,-0.055656 51.514222", "From Fournier Street, Whitechapel to Watney Market, Stepney"
"LINESTRING (-0.082422 51.516154,-0.055656 51.514222", "From Wormwood Street, Liverpool Street to Watney Market, Stepney"
"LINESTRING (-0.070133 51.515231,-0.055656 51.514222", "From Central House, Whitechapel to Watney Market, Stepney"
"LINESTRING (-0.029138 51.516196,-0.055656 51.514222", "From Burdett Road, Mile End to Watney Market, Stepney"
"LINESTRING (-0.077178 51.514449,-0.055656 51.514222", "From Houndsditch, Aldgate to Watney Market, Stepney"
"LINESTRING (-0.062546 51.535678,-0.055656 51.514222", "From Regent's Row , Haggerston to Watney Market, Stepney"
"LINESTRING (-0.051394 51.520893,-0.055656 51.514222", "From Cleveland Way, Stepney to Watney Market, Stepney"
"LINESTRING (-0.058641 51.515256,-0.055656 51.514222", "From Philpot Street, Whitechapel to Watney Market, Stepney"
"LINESTRING (-0.117619 51.509943,-0.055656 51.514222", "From Somerset House, Strand to Watney Market, Stepney"
"LINESTRING (-0.049067 51.51563,-0.055656 51.514222", "From Aylward Street, Stepney to Watney Market, Stepney"
"LINESTRING (-0.058681 51.506946,-0.055656 51.514222", "From Reardon Street, Wapping to Watney Market, Stepney"
"LINESTRING (-0.038775 51.516,-0.055656 51.514222", "From Aston Street, Stepney to Watney Market, Stepney"
"LINESTRING (-0.159237 51.501855,-0.155525 51.516204", "From Seville Street, Knightsbridge to Portman Square, Marylebone"
"LINESTRING (-0.145904 51.507069,-0.155525 51.516204", "From Curzon Street, Mayfair to Portman Square, Marylebone"
"LINESTRING (-0.192538 51.504723,-0.155525 51.516204", "From Vicarage Gate, Kensington to Portman Square, Marylebone"
"LINESTRING (-0.138019 51.524438,-0.155525 51.516204", "From Warren Street Station, Euston to Portman Square, Marylebone"
"LINESTRING (-0.180246 51.501026,-0.155525 51.516204", "From Queen's Gate (North), Kensington to Portman Square, Marylebone"
"LINESTRING (-0.149569 51.50274,-0.155525 51.516204", "From Wellington Arch, Hyde Park to Portman Square, Marylebone"
"LINESTRING (-0.159237 51.501855,-0.155525 51.516204", "From Seville Street, Knightsbridge to Portman Square, Marylebone"
"LINESTRING (-0.150817 51.505426,-0.155525 51.516204", "From Park Lane, Mayfair to Portman Square, Marylebone"
"LINESTRING (-0.115057 51.512582,-0.155525 51.516204", "From Strand, Strand to Portman Square, Marylebone"
"LINESTRING (-0.187404 51.487958,-0.155525 51.516204", "From Harcourt Terrace, West Brompton to Portman Square, Marylebone"
"LINESTRING (-0.171103 51.518268,-0.155525 51.516204", "From St Mary's Hospital, Paddington to Portman Square, Marylebone"
"LINESTRING (-0.179592 51.525575,-0.155525 51.516204", "From Clifton Road, Maida Vale to Portman Square, Marylebone"
"LINESTRING (-0.122219 51.51477,-0.155525 51.516204", "From Drury Lane, Covent Garden to Portman Square, Marylebone"
"LINESTRING (-0.151926 51.516814,-0.155525 51.516204", "From Hinde Street, Marylebone to Portman Square, Marylebone"
"LINESTRING (-0.154907 51.522481,-0.155525 51.516204", "From Westminster University, Marylebone to Portman Square, Marylebone"
"LINESTRING (-0.149569 51.50274,-0.155525 51.516204", "From Wellington Arch, Hyde Park to Portman Square, Marylebone"
"LINESTRING (-0.217515 51.500353,-0.155525 51.516204", "From Richmond Way, Shepherd's Bush to Portman Square, Marylebone"
"LINESTRING (-0.201005 51.51787,-0.155525 51.516204", "From Westbourne Park Road, Portobello to Portman Square, Marylebone"
"LINESTRING (-0.200838 51.514311,-0.155525 51.516204", "From Turquoise Island, Notting Hill to Portman Square, Marylebone"
"LINESTRING (-0.147203 51.515308,-0.155525 51.516204", "From Chapel Place, Marylebone to Portman Square, Marylebone"
"LINESTRING (-0.168074 51.5343,-0.155525 51.516204", "From Charlbert Street, St. John's Wood to Portman Square, Marylebone"
"LINESTRING (-0.141923 51.489856,-0.155525 51.516204", "From Warwick Square, Pimlico to Portman Square, Marylebone"
"LINESTRING (-0.141923 51.489856,-0.155525 51.516204", "From Warwick Square, Pimlico to Portman Square, Marylebone"
"LINESTRING (-0.154907 51.522481,-0.155525 51.516204", "From Westminster University, Marylebone to Portman Square, Marylebone"
"LINESTRING (-0.179592 51.525575,-0.155525 51.516204", "From Clifton Road, Maida Vale to Portman Square, Marylebone"
"LINESTRING (-0.154701 51.520583,-0.155525 51.516204", "From Paddington Street, Marylebone to Portman Square, Marylebone"
"LINESTRING (-0.157788 51.465123,-0.155525 51.516204", "From Sugden Road, Clapham to Portman Square, Marylebone"
"LINESTRING (-0.151359 51.522008,-0.155525 51.516204", "From Beaumont Street, Marylebone to Portman Square, Marylebone"
"LINESTRING (-0.188098 51.517919,-0.155525 51.516204", "From Gloucester Terrace, Bayswater to Portman Square, Marylebone"
"LINESTRING (-0.208486 51.506465,-0.211316 51.500088", "From Princedale Road , Holland Park to Russell Gardens, Olympia"
"LINESTRING (-0.213872 51.51687,-0.211316 51.500088", "From St. Mark's Road, North Kensington to Russell Gardens, Olympia"
"LINESTRING (-0.183289 51.496462,-0.211316 51.500088", "From Gloucester Road (Central), South Kensington to Russell Gardens, Olympia"
"LINESTRING (-0.215804 51.494347,-0.211316 51.500088", "From Brook Green South, Brook Green to Russell Gardens, Olympia"
"LINESTRING (-0.218337 51.506256,-0.211316 51.500088", "From Westfield Southern Terrace ,Shepherd's Bush to Russell Gardens, Olympia"
"LINESTRING (-0.21985 51.493267,-0.211316 51.500088", "From Hammersmith Road, Hammersmith to Russell Gardens, Olympia"
"LINESTRING (-0.2174 51.504038,-0.211316 51.500088", "From Woodstock Grove, Shepherd's Bush to Russell Gardens, Olympia"
"LINESTRING (-0.215804 51.494347,-0.211316 51.500088", "From Brook Green South, Brook Green to Russell Gardens, Olympia"
"LINESTRING (-0.191462 51.501364,-0.211316 51.500088", "From Derry Street, Kensington to Russell Gardens, Olympia"
"LINESTRING (-0.215808 51.503802,-0.211316 51.500088", "From Hansard Mews, Holland Park to Russell Gardens, Olympia"
"LINESTRING (-0.215804 51.494347,-0.211316 51.500088", "From Brook Green South, Brook Green to Russell Gardens, Olympia"
"LINESTRING (-0.211316 51.500088,-0.211316 51.500088", "From Russell Gardens, Olympia to Russell Gardens, Olympia"
"LINESTRING (-0.218337 51.506256,-0.211316 51.500088", "From Westfield Southern Terrace ,Shepherd's Bush to Russell Gardens, Olympia"
"LINESTRING (-0.2174 51.504038,-0.211316 51.500088", "From Woodstock Grove, Shepherd's Bush to Russell Gardens, Olympia"
"LINESTRING (-0.205535 51.507481,-0.211316 51.500088", "From Lansdowne Road, Ladbroke Grove to Russell Gardens, Olympia"
"LINESTRING (-0.218337 51.506256,-0.211316 51.500088", "From Westfield Southern Terrace ,Shepherd's Bush to Russell Gardens, Olympia"
"LINESTRING (-0.013475 51.51549,-0.014438 51.5112", "From Langdon Park, Poplar to Chrisp Street Market, Poplar"
"LINESTRING (-0.029138 51.516196,-0.014438 51.5112", "From Burdett Road, Mile End to Chrisp Street Market, Poplar"
"LINESTRING (-0.032267 51.525501,-0.014438 51.5112", "From Maplin Street, Mile End to Chrisp Street Market, Poplar"
"LINESTRING (-0.013475 51.51549,-0.014438 51.5112", "From Langdon Park, Poplar to Chrisp Street Market, Poplar"
"LINESTRING (-0.025996 51.509303,-0.014438 51.5112", "From Westferry DLR, Limehouse to Chrisp Street Market, Poplar"
"LINESTRING (-0.01646 51.505772,-0.014438 51.5112", "From Import Dock, Canary Wharf to Chrisp Street Market, Poplar"
"LINESTRING (-0.012413 51.508896,-0.014438 51.5112", "From Newby Place, Poplar to Chrisp Street Market, Poplar"
"LINESTRING (-0.036017 51.525941,-0.014438 51.5112", "From Clinton Road, Mile End to Chrisp Street Market, Poplar"
"LINESTRING (-0.027581 51.526578,-0.014438 51.5112", "From Merchant Street, Bow to Chrisp Street Market, Poplar"
"LINESTRING (-0.009152 51.499286,-0.014438 51.5112", "From Preston's Road, Cubitt Town to Chrisp Street Market, Poplar"
"LINESTRING (-0.05438 51.520019,-0.014438 51.5112", "From Ansell House, Stepney to Chrisp Street Market, Poplar"
"LINESTRING (-0.075459 51.509506,-0.014438 51.5112", "From Tower Gardens , Tower to Chrisp Street Market, Poplar"
"LINESTRING (-0.025996 51.509303,-0.014438 51.5112", "From Westferry DLR, Limehouse to Chrisp Street Market, Poplar"
"LINESTRING (-0.09885 51.515418,-0.014438 51.5112", "From Newgate Street , St. Paul's to Chrisp Street Market, Poplar"
"LINESTRING (-0.01646 51.505772,-0.014438 51.5112", "From Import Dock, Canary Wharf to Chrisp Street Market, Poplar"
"LINESTRING (-0.005659 51.513548,-0.014438 51.5112", "From Aberfeldy Street, Poplar to Chrisp Street Market, Poplar"
"LINESTRING (-0.053558 51.511066,-0.014438 51.5112", "From Sutton Street, Shadwell to Chrisp Street Market, Poplar"
"LINESTRING (-0.014409 51.49447,-0.014438 51.5112", "From East Ferry Road, Cubitt Town to Chrisp Street Market, Poplar"
"LINESTRING (-0.025996 51.509303,-0.014438 51.5112", "From Westferry DLR, Limehouse to Chrisp Street Market, Poplar"
"LINESTRING (-0.054883 51.522561,-0.014438 51.5112", "From Cephas Street, Bethnal Green to Chrisp Street Market, Poplar"
"LINESTRING (-0.068161 51.509786,-0.014438 51.5112", "From Dock Street, Wapping to Chrisp Street Market, Poplar"
"LINESTRING (-0.009001 51.487129,-0.014438 51.5112", "From Saunders Ness Road, Cubitt Town to Chrisp Street Market, Poplar"
"LINESTRING (-0.047784 51.51328,-0.014438 51.5112", "From Albert Gardens, Stepney to Chrisp Street Market, Poplar"
"LINESTRING (-0.047548 51.528869,-0.033085 51.532513", "From Globe Town Market, Bethnal Green to Ford Road, Old Ford"
"LINESTRING (-0.027581 51.526578,-0.033085 51.532513", "From Merchant Street, Bow to Ford Road, Old Ford"
"LINESTRING (-0.07813 51.526377,-0.033085 51.532513", "From Shoreditch High Street, Shoreditch to Ford Road, Old Ford"
"LINESTRING (-0.028155 51.533283,-0.033085 51.532513", "From Hewison Street, Old Ford to Ford Road, Old Ford"
"LINESTRING (-0.03338 51.535179,-0.033085 51.532513", "From Gunmakers Lane, Old Ford to Ford Road, Old Ford"
"LINESTRING (-0.071653 51.522617,-0.033085 51.532513", "From Brick Lane Market, Shoreditch to Ford Road, Old Ford"
"LINESTRING (-0.047548 51.528869,-0.033085 51.532513", "From Globe Town Market, Bethnal Green to Ford Road, Old Ford"
"LINESTRING (-0.036017 51.525941,-0.033085 51.532513", "From Clinton Road, Mile End to Ford Road, Old Ford"
"LINESTRING (-0.04667 51.521889,-0.033085 51.532513", "From Stepney Green Station, Stepney to Ford Road, Old Ford"
"LINESTRING (-0.054162 51.536424,-0.033085 51.532513", "From Victoria Park Road, Hackney Central to Ford Road, Old Ford"
"LINESTRING (-0.047548 51.528869,-0.033085 51.532513", "From Globe Town Market, Bethnal Green to Ford Road, Old Ford"
"LINESTRING (-0.054162 51.536424,-0.033085 51.532513", "From Victoria Park Road, Hackney Central to Ford Road, Old Ford"
"LINESTRING (-0.069543 51.525645,-0.033085 51.532513", "From Granby Street, Shoreditch to Ford Road, Old Ford"
"LINESTRING (-0.06142 51.532091,-0.033085 51.532513", "From Pritchard's Road, Bethnal Green to Ford Road, Old Ford"
"LINESTRING (-0.022606 51.548731,-0.033085 51.532513", "From Here East North, Queen Elizabeth Olympic Park to Ford Road, Old Ford"
"LINESTRING (-0.079249 51.518908,-0.033085 51.532513", "From Brushfield Street, Liverpool Street to Ford Road, Old Ford"
"LINESTRING (-0.047218 51.526041,-0.037471 51.528224", "From Bancroft Road, Bethnal Green to Antill Road, Mile End"
"LINESTRING (-0.032267 51.525501,-0.037471 51.528224", "From Maplin Street, Mile End to Antill Road, Mile End"
"LINESTRING (-0.020068 51.50357,-0.037471 51.528224", "From Jubilee Plaza, Canary Wharf to Antill Road, Mile End"
"LINESTRING (-0.032566 51.520597,-0.037471 51.528224", "From Mile End Park Leisure Centre, Mile End to Antill Road, Mile End"
"LINESTRING (-0.032566 51.520597,-0.037471 51.528224", "From Mile End Park Leisure Centre, Mile End to Antill Road, Mile End"
"LINESTRING (-0.055312 51.52568,-0.037471 51.528224", "From Bethnal Green Garden, Bethnal Green to Antill Road, Mile End"
"LINESTRING (-0.057544 51.504749,-0.037471 51.528224", "From Wapping Lane, Wapping to Antill Road, Mile End"
"LINESTRING (-0.013475 51.51549,-0.011662 51.518811", "From Langdon Park, Poplar to Teviot Street, Poplar"
"LINESTRING (-0.01051 51.54094,-0.011662 51.518811", "From Aquatic Centre, Queen Elizabeth Olympic Park to Teviot Street, Poplar"
"LINESTRING (-0.071881 51.534776,-0.011662 51.518811", "From Thurtle Road, Haggerston to Teviot Street, Poplar"
"LINESTRING (-0.013475 51.51549,-0.011662 51.518811", "From Langdon Park, Poplar to Teviot Street, Poplar"
"LINESTRING (-0.013475 51.51549,-0.011662 51.518811", "From Langdon Park, Poplar to Teviot Street, Poplar"
"LINESTRING (-0.012413 51.508896,-0.047218 51.526041", "From Newby Place, Poplar to Bancroft Road, Bethnal Green"
"LINESTRING (-0.062697 51.518154,-0.047218 51.526041", "From New Road 1 , Whitechapel to Bancroft Road, Bethnal Green"
"LINESTRING (-0.034903 51.518541,-0.047218 51.526041", "From Mile End Stadium, Mile End to Bancroft Road, Bethnal Green"
"LINESTRING (-0.041378 51.522507,-0.047218 51.526041", "From Queen Mary's, Mile End to Bancroft Road, Bethnal Green"
"LINESTRING (-0.037471 51.528224,-0.047218 51.526041", "From Antill Road, Mile End to Bancroft Road, Bethnal Green"
"LINESTRING (-0.01051 51.54094,-0.037366 51.534137", "From Aquatic Centre, Queen Elizabeth Olympic Park to Driffield Road, Old Ford"
"LINESTRING (-0.076341 51.534464,-0.037366 51.534137", "From Whiston Road, Haggerston to Driffield Road, Old Ford"
"LINESTRING (-0.025996 51.509303,-0.037366 51.534137", "From Westferry DLR, Limehouse to Driffield Road, Old Ford"
"LINESTRING (-0.025296 51.527058,-0.037366 51.534137", "From Bow Road Station, Bow to Driffield Road, Old Ford"
"LINESTRING (-0.02163 51.540311,-0.037366 51.534137", "From Monier Road, Hackney Wick to Driffield Road, Old Ford"
"LINESTRING (-0.09294 51.51397,-0.037366 51.534137", "From Cheapside, Bank to Driffield Road, Old Ford"
"LINESTRING (-0.055894 51.528936,-0.037366 51.534137", "From York Hall, Bethnal Green to Driffield Road, Old Ford"
"LINESTRING (-0.02163 51.540311,-0.037366 51.534137", "From Monier Road, Hackney Wick to Driffield Road, Old Ford"
"LINESTRING (-0.036017 51.525941,-0.037366 51.534137", "From Clinton Road, Mile End to Driffield Road, Old Ford"
"LINESTRING (-0.116191 51.535467,-0.037366 51.534137", "From Carnegie Street, King's Cross to Driffield Road, Old Ford"
"LINESTRING (-0.076341 51.534464,-0.037366 51.534137", "From Whiston Road, Haggerston to Driffield Road, Old Ford"
"LINESTRING (-0.037366 51.534137,-0.037366 51.534137", "From Driffield Road, Old Ford to Driffield Road, Old Ford"
"LINESTRING (-0.01051 51.54094,-0.037366 51.534137", "From Aquatic Centre, Queen Elizabeth Olympic Park to Driffield Road, Old Ford"
"LINESTRING (-0.01051 51.54094,-0.037366 51.534137", "From Aquatic Centre, Queen Elizabeth Olympic Park to Driffield Road, Old Ford"
"LINESTRING (-0.034903 51.518541,-0.037366 51.534137", "From Mile End Stadium, Mile End to Driffield Road, Old Ford"
"LINESTRING (-0.10997 51.529163,-0.037366 51.534137", "From River Street , Clerkenwell to Driffield Road, Old Ford"
"LINESTRING (-0.06142 51.532091,-0.037366 51.534137", "From Pritchard's Road, Bethnal Green to Driffield Road, Old Ford"
"LINESTRING (-0.00481 51.541793,-0.037366 51.534137", "From Stratford Station, Stratford to Driffield Road, Old Ford"
"LINESTRING (-0.093421 51.529154,-0.037366 51.534137", "From Windsor Terrace, Hoxton to Driffield Road, Old Ford"
"LINESTRING (-0.07813 51.526377,-0.037366 51.534137", "From Shoreditch High Street, Shoreditch to Driffield Road, Old Ford"
"LINESTRING (-0.047548 51.528869,-0.037366 51.534137", "From Globe Town Market, Bethnal Green to Driffield Road, Old Ford"
"LINESTRING (-0.062546 51.535678,-0.037366 51.534137", "From Regent's Row , Haggerston to Driffield Road, Old Ford"
"LINESTRING (-0.027772 51.505703,-0.037366 51.534137", "From Westferry Circus, Canary Wharf to Driffield Road, Old Ford"
"LINESTRING (-0.020597 51.546532,-0.037366 51.534137", "From Here East South, Queen Elizabeth Olympic Park to Driffield Road, Old Ford"
"LINESTRING (-0.09734 51.520841,-0.037366 51.534137", "From Aldersgate Street, Barbican to Driffield Road, Old Ford"
"LINESTRING (-0.01051 51.54094,-0.037366 51.534137", "From Aquatic Centre, Queen Elizabeth Olympic Park to Driffield Road, Old Ford"
"LINESTRING (-0.028941 51.542118,-0.037366 51.534137", "From Cadogan Close, Victoria Park to Driffield Road, Old Ford"
"LINESTRING (-0.037366 51.534137,-0.036017 51.525941", "From Driffield Road, Old Ford to Clinton Road, Mile End"
"LINESTRING (-0.037366 51.534137,-0.036017 51.525941", "From Driffield Road, Old Ford to Clinton Road, Mile End"
"LINESTRING (-0.103078 51.511934,-0.036017 51.525941", "From Blackfriars Station, St. Paul's to Clinton Road, Mile End"
"LINESTRING (-0.051394 51.520893,-0.036017 51.525941", "From Cleveland Way, Stepney to Clinton Road, Mile End"
"LINESTRING (-0.037366 51.534137,-0.036017 51.525941", "From Driffield Road, Old Ford to Clinton Road, Mile End"
"LINESTRING (-0.032566 51.520597,-0.036017 51.525941", "From Mile End Park Leisure Centre, Mile End to Clinton Road, Mile End"
"LINESTRING (-0.05438 51.520019,-0.036017 51.525941", "From Ansell House, Stepney to Clinton Road, Mile End"
"LINESTRING (-0.058826 51.54119,-0.036017 51.525941", "From London Fields, Hackney Central to Clinton Road, Mile End"
"LINESTRING (-0.009935 51.546326,-0.036017 51.525941", "From East Village, Queen Elizabeth Olympic Park to Clinton Road, Mile End"
"LINESTRING (-0.018703 51.528169,-0.036017 51.525941", "From Bow Church Station, Bow to Clinton Road, Mile End"
"LINESTRING (-0.028155 51.533283,-0.036017 51.525941", "From Hewison Street, Old Ford to Clinton Road, Mile End"
"LINESTRING (-0.062697 51.518154,-0.036017 51.525941", "From New Road 1 , Whitechapel to Clinton Road, Mile End"
"LINESTRING (-0.021596 51.502661,-0.036017 51.525941", "From Heron Quays DLR, Canary Wharf to Clinton Road, Mile End"
"LINESTRING (-0.025626 51.511811,-0.036017 51.525941", "From Canton Street, Poplar to Clinton Road, Mile End"
"LINESTRING (-0.108322 51.510981,-0.036017 51.525941", "From Temple Gardens, Temple to Clinton Road, Mile End"
"LINESTRING (-0.021345 51.519265,-0.013475 51.51549", "From Furze Green, Bow to Langdon Park, Poplar"
"LINESTRING (-0.030556 51.523538,-0.013475 51.51549", "From Southern Grove, Bow to Langdon Park, Poplar"
"LINESTRING (-0.021345 51.519265,-0.013475 51.51549", "From Furze Green, Bow to Langdon Park, Poplar"
"LINESTRING (-0.075459 51.509506,-0.013475 51.51549", "From Tower Gardens , Tower to Langdon Park, Poplar"
"LINESTRING (-0.021345 51.519265,-0.013475 51.51549", "From Furze Green, Bow to Langdon Park, Poplar"
"LINESTRING (-0.013475 51.51549,-0.013475 51.51549", "From Langdon Park, Poplar to Langdon Park, Poplar"
"LINESTRING (-0.013475 51.51549,-0.013475 51.51549", "From Langdon Park, Poplar to Langdon Park, Poplar"
"LINESTRING (-0.027772 51.505703,-0.013475 51.51549", "From Westferry Circus, Canary Wharf to Langdon Park, Poplar"
"LINESTRING (-0.038986 51.512871,-0.013475 51.51549", "From Flamborough Street, Limehouse to Langdon Park, Poplar"
"LINESTRING (-0.020068 51.50357,-0.013475 51.51549", "From Jubilee Plaza, Canary Wharf to Langdon Park, Poplar"
"LINESTRING (-0.030556 51.523538,-0.013475 51.51549", "From Southern Grove, Bow to Langdon Park, Poplar"
"LINESTRING (-0.158264 51.514577,-0.179668 51.511654", "From Old Quebec Street, Marylebone to Lancaster Gate , Bayswater"
"LINESTRING (-0.158105 51.494645,-0.179668 51.511654", "From Cadogan Place, Knightsbridge to Lancaster Gate , Bayswater"
"LINESTRING (-0.027772 51.505703,-0.179668 51.511654", "From Westferry Circus, Canary Wharf to Lancaster Gate , Bayswater"
"LINESTRING (-0.18697 51.51616,-0.179668 51.511654", "From Bishop's Bridge Road West, Bayswater to Lancaster Gate , Bayswater"
"LINESTRING (-0.191462 51.501364,-0.179668 51.511654", "From Derry Street, Kensington to Lancaster Gate , Bayswater"
"LINESTRING (-0.195455 51.500401,-0.179668 51.511654", "From Argyll Road, Kensington to Lancaster Gate , Bayswater"
"LINESTRING (-0.145393 51.542138,-0.179668 51.511654", "From Castlehaven Road, Camden Town to Lancaster Gate , Bayswater"
"LINESTRING (-0.176268 51.524826,-0.179668 51.511654", "From Aberdeen Place, St. John's Wood to Lancaster Gate , Bayswater"
"LINESTRING (-0.116628 51.500089,-0.179668 51.511654", "From Lambeth Palace Road, Waterloo to Lancaster Gate , Bayswater"
"LINESTRING (-0.15352 51.503117,-0.179668 51.511654", "From Hyde Park Corner, Hyde Park to Lancaster Gate , Bayswater"
"LINESTRING (-0.215808 51.503802,-0.179668 51.511654", "From Hansard Mews, Holland Park to Lancaster Gate , Bayswater"
"LINESTRING (-0.15934 51.500241,-0.179668 51.511654", "From Harriet Street, Knightsbridge to Lancaster Gate , Bayswater"
"LINESTRING (-0.19024 51.515529,-0.179668 51.511654", "From Westbourne Grove, Bayswater to Lancaster Gate , Bayswater"
"LINESTRING (-0.18697 51.51616,-0.179668 51.511654", "From Bishop's Bridge Road West, Bayswater to Lancaster Gate , Bayswater"
"LINESTRING (-0.158105 51.494645,-0.179668 51.511654", "From Cadogan Place, Knightsbridge to Lancaster Gate , Bayswater"
"LINESTRING (-0.196422 51.509353,-0.179668 51.511654", "From Notting Hill Gate Station, Notting Hill to Lancaster Gate , Bayswater"
"LINESTRING (-0.197245 51.497387,-0.179668 51.511654", "From Abingdon Villas, Kensington to Lancaster Gate , Bayswater"
"LINESTRING (-0.17977 51.51348,-0.179668 51.511654", "From Devonshire Terrace, Bayswater to Lancaster Gate , Bayswater"
"LINESTRING (-0.13558 51.513684,-0.179668 51.511654", "From Broadwick Street, Soho to Lancaster Gate , Bayswater"
"LINESTRING (-0.173693 51.495948,-0.179668 51.511654", "From Exhibition Road Museums 2, South Kensington to Lancaster Gate , Bayswater"
"LINESTRING (-0.156166 51.518913,-0.179668 51.511654", "From Baker Street, Marylebone to Lancaster Gate , Bayswater"
"LINESTRING (-0.132328 51.515631,-0.179668 51.511654", "From Soho Square , Soho to Lancaster Gate , Bayswater"
"LINESTRING (-0.173693 51.495948,-0.179668 51.511654", "From Exhibition Road Museums 2, South Kensington to Lancaster Gate , Bayswater"
"LINESTRING (-0.013258 51.528828,-0.008428 51.503143", "From Bromley High Street, Bow to Lancaster Drive, Blackwall"
"LINESTRING (-0.075578 51.52127,-0.008428 51.503143", "From Commercial Street, Shoreditch to Lancaster Drive, Blackwall"
"LINESTRING (-0.00699 51.508981,-0.008428 51.503143", "From Naval Row, Blackwall to Lancaster Drive, Blackwall"
"LINESTRING (-0.027772 51.505703,-0.008428 51.503143", "From Westferry Circus, Canary Wharf to Lancaster Drive, Blackwall"
"LINESTRING (-0.053558 51.511066,-0.008428 51.503143", "From Sutton Street, Shadwell to Lancaster Drive, Blackwall"
"LINESTRING (-0.025492 51.530535,-0.008428 51.503143", "From Mostyn Grove, Bow to Lancaster Drive, Blackwall"
"LINESTRING (-0.025492 51.530535,-0.008428 51.503143", "From Mostyn Grove, Bow to Lancaster Drive, Blackwall"
"LINESTRING (-0.008428 51.503143,-0.008428 51.503143", "From Lancaster Drive, Blackwall to Lancaster Drive, Blackwall"
"LINESTRING (-0.017676 51.503083,-0.008428 51.503143", "From Upper Bank Street, Canary Wharf to Lancaster Drive, Blackwall"
"LINESTRING (-0.055167 51.508447,-0.008428 51.503143", "From Garnet Street, Shadwell to Lancaster Drive, Blackwall"
"LINESTRING (-0.017676 51.503083,-0.008428 51.503143", "From Upper Bank Street, Canary Wharf to Lancaster Drive, Blackwall"
"LINESTRING (-0.02296 51.50623,-0.008428 51.503143", "From Fisherman's Walk West, Canary Wharf to Lancaster Drive, Blackwall"
"LINESTRING (-0.210941 51.504199,-0.215808 51.503802", "From Addison Road, Holland Park to Hansard Mews, Holland Park"
"LINESTRING (-0.179854 51.501715,-0.215808 51.503802", "From Queen's Gate, Kensington Gardens to Hansard Mews, Holland Park"
"LINESTRING (-0.173693 51.495948,-0.215808 51.503802", "From Exhibition Road Museums 2, South Kensington to Hansard Mews, Holland Park"
"LINESTRING (-0.205284 51.496712,-0.215808 51.503802", "From Warwick Road, Olympia to Hansard Mews, Holland Park"
"LINESTRING (-0.215808 51.503802,-0.215808 51.503802", "From Hansard Mews, Holland Park to Hansard Mews, Holland Park"
"LINESTRING (-0.209494 51.498157,-0.215808 51.503802", "From Kensington Olympia Station, Olympia to Hansard Mews, Holland Park"
"LINESTRING (-0.187842 51.509908,-0.215808 51.503802", "From Black Lion Gate, Kensington Gardens to Hansard Mews, Holland Park"
"LINESTRING (-0.215808 51.503802,-0.215808 51.503802", "From Hansard Mews, Holland Park to Hansard Mews, Holland Park"
"LINESTRING (-0.180246 51.501026,-0.215808 51.503802", "From Queen's Gate (North), Kensington to Hansard Mews, Holland Park"
"LINESTRING (-0.216305 51.483356,-0.215808 51.503802", "From Everington Street, Fulham to Hansard Mews, Holland Park"
"LINESTRING (-0.18267 51.494185,-0.215808 51.503802", "From Gloucester Road Station, South Kensington to Hansard Mews, Holland Park"
"LINESTRING (-0.205991 51.501391,-0.215808 51.503802", "From Abbotsbury Road, Holland Park to Hansard Mews, Holland Park"
"LINESTRING (-0.109006 51.521661,-0.145827 51.507326", "From Hatton Wall, Holborn to Clarges Street, Mayfair"
"LINESTRING (-0.17977 51.51348,-0.145827 51.507326", "From Devonshire Terrace, Bayswater to Clarges Street, Mayfair"
"LINESTRING (-0.161113 51.522596,-0.145827 51.507326", "From Dorset Square, Marylebone to Clarges Street, Mayfair"
"LINESTRING (-0.037366 51.534137,-0.145827 51.507326", "From Driffield Road, Old Ford to Clarges Street, Mayfair"
"LINESTRING (-0.150481 51.51217,-0.145827 51.507326", "From Grosvenor Square, Mayfair to Clarges Street, Mayfair"
"LINESTRING (-0.193068 51.500397,-0.145827 51.507326", "From Wright's Lane, Kensington to Clarges Street, Mayfair"
"LINESTRING (-0.173881 51.494412,-0.145827 51.507326", "From South Kensington Station, South Kensington to Clarges Street, Mayfair"
"LINESTRING (-0.179702 51.499428,-0.145827 51.507326", "From Imperial College, Knightsbridge to Clarges Street, Mayfair"
"LINESTRING (-0.133201 51.512515,-0.145827 51.507326", "From Wardour Street, Soho to Clarges Street, Mayfair"
"LINESTRING (-0.151359 51.522008,-0.145827 51.507326", "From Beaumont Street, Marylebone to Clarges Street, Mayfair"
"LINESTRING (-0.11655 51.51824,-0.170983 51.486892", "From Red Lion Street, Holborn to Manresa Road, Chelsea"
"LINESTRING (-0.178433 51.492479,-0.170983 51.486892", "From Queen's Gate (South), South Kensington to Manresa Road, Chelsea"
"LINESTRING (-0.197245 51.497387,-0.170983 51.486892", "From Abingdon Villas, Kensington to Manresa Road, Chelsea"
"LINESTRING (-0.216573 51.466907,-0.170983 51.486892", "From Putney Pier, Wandsworth to Manresa Road, Chelsea"
"LINESTRING (-0.211468 51.462312,-0.170983 51.486892", "From Esmond Street, Putney to Manresa Road, Chelsea"
"LINESTRING (-0.162727 51.489932,-0.170983 51.486892", "From Royal Avenue 1, Chelsea to Manresa Road, Chelsea"
"LINESTRING (-0.18267 51.494185,-0.170983 51.486892", "From Gloucester Road Station, South Kensington to Manresa Road, Chelsea"
"LINESTRING (-0.173757 51.496471,-0.170983 51.486892", "From Exhibition Road Museums 1, South Kensington to Manresa Road, Chelsea"
"LINESTRING (-0.19617 51.490853,-0.170983 51.486892", "From Trebovir Road, Earl's Court to Manresa Road, Chelsea"
"LINESTRING (-0.178732 51.493967,-0.170983 51.486892", "From Queen's Gate (Central), South Kensington to Manresa Road, Chelsea"
"LINESTRING (-0.139221 51.461388,-0.170983 51.486892", "From Clapham Common Station, Clapham Common to Manresa Road, Chelsea"
"LINESTRING (-0.192369 51.491593,-0.170983 51.486892", "From Penywern Road, Earl's Court to Manresa Road, Chelsea"
"LINESTRING (-0.174971 51.485121,-0.170983 51.486892", "From The Vale, Chelsea to Manresa Road, Chelsea"
"LINESTRING (-0.205535 51.507481,-0.170983 51.486892", "From Lansdowne Road, Ladbroke Grove to Manresa Road, Chelsea"
"LINESTRING (-0.168292 51.462392,-0.170983 51.486892", "From St. John's Road, Clapham Junction to Manresa Road, Chelsea"
"LINESTRING (-0.117122 51.490994,-0.170983 51.486892", "From Black Prince Road, Vauxhall to Manresa Road, Chelsea"
"LINESTRING (-0.155442 51.474376,-0.170983 51.486892", "From Austin Road, Battersea Park to Manresa Road, Chelsea"
"LINESTRING (-0.187427 51.460864,-0.170983 51.486892", "From Wandsworth Town Station, Wandsworth to Manresa Road, Chelsea"
"LINESTRING (-0.180274 51.481805,-0.170983 51.486892", "From World's End Place, West Chelsea to Manresa Road, Chelsea"
"LINESTRING (-0.15785 51.471095,-0.170983 51.486892", "From Culvert Road, Battersea to Manresa Road, Chelsea"
"LINESTRING (-0.174971 51.485121,-0.170983 51.486892", "From The Vale, Chelsea to Manresa Road, Chelsea"
"LINESTRING (-0.201554 51.512136,-0.170983 51.486892", "From Chepstow Villas, Notting Hill to Manresa Road, Chelsea"
"LINESTRING (-0.140741 51.488057,-0.170983 51.486892", "From Alderney Street, Pimlico to Manresa Road, Chelsea"
"LINESTRING (-0.178732 51.493967,-0.170983 51.486892", "From Queen's Gate (Central), South Kensington to Manresa Road, Chelsea"
"LINESTRING (-0.148059 51.472865,-0.170983 51.486892", "From Silverthorne Road, Battersea to Manresa Road, Chelsea"
"LINESTRING (-0.012413 51.508896,-0.012413 51.508896", "From Newby Place, Poplar to Newby Place, Poplar"
"LINESTRING (-0.022694 51.521564,-0.012413 51.508896", "From Cantrell Road, Bow to Newby Place, Poplar"
"LINESTRING (-0.06142 51.532091,-0.012413 51.508896", "From Pritchard's Road, Bethnal Green to Newby Place, Poplar"
"LINESTRING (-0.089782 51.53089,-0.012413 51.508896", "From Murray Grove , Hoxton to Newby Place, Poplar"
"LINESTRING (-0.065076 51.52388,-0.012413 51.508896", "From Cheshire Street, Bethnal Green to Newby Place, Poplar"
"LINESTRING (-0.06142 51.532091,-0.012413 51.508896", "From Pritchard's Road, Bethnal Green to Newby Place, Poplar"
"LINESTRING (-0.06142 51.532091,-0.012413 51.508896", "From Pritchard's Road, Bethnal Green to Newby Place, Poplar"
"LINESTRING (-0.017676 51.503083,-0.012413 51.508896", "From Upper Bank Street, Canary Wharf to Newby Place, Poplar"
"LINESTRING (-0.02296 51.50623,-0.012413 51.508896", "From Fisherman's Walk West, Canary Wharf to Newby Place, Poplar"
"LINESTRING (-0.06142 51.532091,-0.012413 51.508896", "From Pritchard's Road, Bethnal Green to Newby Place, Poplar"
"LINESTRING (-0.075459 51.509506,-0.012413 51.508896", "From Tower Gardens , Tower to Newby Place, Poplar"
"LINESTRING (-0.012413 51.508896,-0.012413 51.508896", "From Newby Place, Poplar to Newby Place, Poplar"
"LINESTRING (-0.047784 51.51328,-0.012413 51.508896", "From Albert Gardens, Stepney to Newby Place, Poplar"
"LINESTRING (-0.041378 51.522507,-0.042744 51.530326", "From Queen Mary's, Mile End to Twig Folly Bridge, Mile End"
"LINESTRING (-0.025296 51.527058,-0.042744 51.530326", "From Bow Road Station, Bow to Twig Folly Bridge, Mile End"
"LINESTRING (-0.026262 51.536039,-0.042744 51.530326", "From Wendon Street, Old Ford to Twig Folly Bridge, Mile End"
"LINESTRING (-0.079201 51.537277,-0.042744 51.530326", "From Hertford Road, De Beauvoir Town to Twig Folly Bridge, Mile End"
"LINESTRING (-0.055312 51.52568,-0.042744 51.530326", "From Bethnal Green Garden, Bethnal Green to Twig Folly Bridge, Mile End"
"LINESTRING (-0.074754 51.523648,-0.042744 51.530326", "From Bethnal Green Road, Shoreditch to Twig Folly Bridge, Mile End"
"LINESTRING (-0.102757 51.536384,-0.042744 51.530326", "From Islington Green, Angel to Twig Folly Bridge, Mile End"
"LINESTRING (-0.075885 51.536585,-0.042744 51.530326", "From Dunston Road , Haggerston to Twig Folly Bridge, Mile End"
"LINESTRING (-0.069543 51.525645,-0.042744 51.530326", "From Granby Street, Shoreditch to Twig Folly Bridge, Mile End"
"LINESTRING (-0.079201 51.537277,-0.042744 51.530326", "From Hertford Road, De Beauvoir Town to Twig Folly Bridge, Mile End"
"LINESTRING (-0.054162 51.536424,-0.042744 51.530326", "From Victoria Park Road, Hackney Central to Twig Folly Bridge, Mile End"
"LINESTRING (-0.022606 51.548731,-0.042744 51.530326", "From Here East North, Queen Elizabeth Olympic Park to Twig Folly Bridge, Mile End"
"LINESTRING (-0.042744 51.530326,-0.042744 51.530326", "From Twig Folly Bridge, Mile End to Twig Folly Bridge, Mile End"
"LINESTRING (-0.069543 51.525645,-0.042744 51.530326", "From Granby Street, Shoreditch to Twig Folly Bridge, Mile End"
"LINESTRING (-0.114842 51.50621,-0.042744 51.530326", "From Belvedere Road 2, South Bank to Twig Folly Bridge, Mile End"
"LINESTRING (-0.042744 51.530326,-0.042744 51.530326", "From Twig Folly Bridge, Mile End to Twig Folly Bridge, Mile End"
"LINESTRING (-0.074754 51.523648,-0.042744 51.530326", "From Bethnal Green Road, Shoreditch to Twig Folly Bridge, Mile End"
"LINESTRING (-0.079608 51.521668,-0.042744 51.530326", "From Worship Street, Shoreditch to Twig Folly Bridge, Mile End"
"LINESTRING (-0.020068 51.50357,-0.020068 51.50357", "From Jubilee Plaza, Canary Wharf to Jubilee Plaza, Canary Wharf"
"LINESTRING (-0.020068 51.50357,-0.020068 51.50357", "From Jubilee Plaza, Canary Wharf to Jubilee Plaza, Canary Wharf"
"LINESTRING (-0.002275 51.509474,-0.020068 51.50357", "From East India DLR, Blackwall to Jubilee Plaza, Canary Wharf"
"LINESTRING (-0.007542 51.493381,-0.020068 51.50357", "From Jubilee Crescent, Cubitt Town to Jubilee Plaza, Canary Wharf"
"LINESTRING (-0.037471 51.528224,-0.020068 51.50357", "From Antill Road, Mile End to Jubilee Plaza, Canary Wharf"
"LINESTRING (-0.073537 51.514233,-0.020068 51.50357", "From Braham Street, Aldgate to Jubilee Plaza, Canary Wharf"
"LINESTRING (-0.020068 51.50357,-0.020068 51.50357", "From Jubilee Plaza, Canary Wharf to Jubilee Plaza, Canary Wharf"
"LINESTRING (-0.020068 51.50357,-0.020068 51.50357", "From Jubilee Plaza, Canary Wharf to Jubilee Plaza, Canary Wharf"
"LINESTRING (-0.01051 51.54094,-0.020068 51.50357", "From Aquatic Centre, Queen Elizabeth Olympic Park to Jubilee Plaza, Canary Wharf"
"LINESTRING (-0.01051 51.54094,-0.020068 51.50357", "From Aquatic Centre, Queen Elizabeth Olympic Park to Jubilee Plaza, Canary Wharf"
"LINESTRING (-0.002275 51.509474,-0.020068 51.50357", "From East India DLR, Blackwall to Jubilee Plaza, Canary Wharf"
"LINESTRING (-0.002275 51.509474,-0.020068 51.50357", "From East India DLR, Blackwall to Jubilee Plaza, Canary Wharf"
"LINESTRING (-0.020068 51.50357,-0.020068 51.50357", "From Jubilee Plaza, Canary Wharf to Jubilee Plaza, Canary Wharf"
"LINESTRING (-0.01051 51.54094,-0.020068 51.50357", "From Aquatic Centre, Queen Elizabeth Olympic Park to Jubilee Plaza, Canary Wharf"
"LINESTRING (-0.020068 51.50357,-0.020068 51.50357", "From Jubilee Plaza, Canary Wharf to Jubilee Plaza, Canary Wharf"
"LINESTRING (-0.020068 51.50357,-0.020068 51.50357", "From Jubilee Plaza, Canary Wharf to Jubilee Plaza, Canary Wharf"
"LINESTRING (-0.018716 51.49109,-0.020068 51.50357", "From Spindrift Avenue, Millwall to Jubilee Plaza, Canary Wharf"
"LINESTRING (-0.020068 51.50357,-0.020068 51.50357", "From Jubilee Plaza, Canary Wharf to Jubilee Plaza, Canary Wharf"
"LINESTRING (-0.009001 51.487129,-0.020068 51.50357", "From Saunders Ness Road, Cubitt Town to Jubilee Plaza, Canary Wharf"
"LINESTRING (-0.017676 51.503083,-0.020068 51.50357", "From Upper Bank Street, Canary Wharf to Jubilee Plaza, Canary Wharf"
"LINESTRING (-0.013475 51.51549,-0.020068 51.50357", "From Langdon Park, Poplar to Jubilee Plaza, Canary Wharf"
"LINESTRING (-0.002275 51.509474,-0.020068 51.50357", "From East India DLR, Blackwall to Jubilee Plaza, Canary Wharf"
"LINESTRING (-0.029138 51.516196,-0.020068 51.50357", "From Burdett Road, Mile End to Jubilee Plaza, Canary Wharf"
"LINESTRING (-0.017676 51.503083,-0.020068 51.50357", "From Upper Bank Street, Canary Wharf to Jubilee Plaza, Canary Wharf"
"LINESTRING (-0.020068 51.50357,-0.020068 51.50357", "From Jubilee Plaza, Canary Wharf to Jubilee Plaza, Canary Wharf"
"LINESTRING (-0.055167 51.508447,-0.020068 51.50357", "From Garnet Street, Shadwell to Jubilee Plaza, Canary Wharf"
"LINESTRING (-0.075375 51.528187,-0.020068 51.50357", "From Columbia Road, Shoreditch to Jubilee Plaza, Canary Wharf"
"LINESTRING (-0.100791 51.518218,-0.020068 51.50357", "From West Smithfield Rotunda, Farringdon to Jubilee Plaza, Canary Wharf"
"LINESTRING (-0.020068 51.50357,-0.020068 51.50357", "From Jubilee Plaza, Canary Wharf to Jubilee Plaza, Canary Wharf"
"LINESTRING (-0.022793 51.497304,-0.020068 51.50357", "From Alpha Grove, Millwall to Jubilee Plaza, Canary Wharf"
"LINESTRING (-0.060291 51.535716,-0.069743 51.528222", "From Ada Street, Hackney Central to Wellington Row, Bethnal Green"
"LINESTRING (-0.079249 51.518908,-0.069743 51.528222", "From Brushfield Street, Liverpool Street to Wellington Row, Bethnal Green"
"LINESTRING (-0.103078 51.511934,-0.069743 51.528222", "From Blackfriars Station, St. Paul's to Wellington Row, Bethnal Green"
"LINESTRING (-0.028155 51.533283,-0.069743 51.528222", "From Hewison Street, Old Ford to Wellington Row, Bethnal Green"
"LINESTRING (-0.060291 51.535716,-0.069743 51.528222", "From Ada Street, Hackney Central to Wellington Row, Bethnal Green"
"LINESTRING (-0.10548 51.532199,-0.069743 51.528222", "From Torrens Street, Angel to Wellington Row, Bethnal Green"
"LINESTRING (-0.057133 51.527607,-0.069743 51.528222", "From Hollybush Gardens, Bethnal Green to Wellington Row, Bethnal Green"
"LINESTRING (-0.066078 51.514924,-0.069743 51.528222", "From LMU Commercial Road, Whitechapel to Wellington Row, Bethnal Green"
"LINESTRING (-0.071653 51.522617,-0.069743 51.528222", "From Brick Lane Market, Shoreditch to Wellington Row, Bethnal Green"
"LINESTRING (-0.059091 51.528692,-0.069743 51.528222", "From Clarkson Street, Bethnal Green to Wellington Row, Bethnal Green"
"LINESTRING (-0.047218 51.526041,-0.069743 51.528222", "From Bancroft Road, Bethnal Green to Wellington Row, Bethnal Green"
"LINESTRING (-0.074754 51.523648,-0.069743 51.528222", "From Bethnal Green Road, Shoreditch to Wellington Row, Bethnal Green"
"LINESTRING (-0.062546 51.535678,-0.069743 51.528222", "From Regent's Row , Haggerston to Wellington Row, Bethnal Green"
"LINESTRING (-0.13011 51.513527,-0.069743 51.528222", "From Moor Street, Soho to Wellington Row, Bethnal Green"
"LINESTRING (-0.112432 51.526599,-0.069743 51.528222", "From Margery Street, Clerkenwell to Wellington Row, Bethnal Green"
"LINESTRING (-0.079248 51.524526,-0.069743 51.528222", "From New Inn Yard, Shoreditch to Wellington Row, Bethnal Green"
"LINESTRING (-0.09022 51.491484,-0.069743 51.528222", "From Rodney Road , Walworth to Wellington Row, Bethnal Green"
"LINESTRING (-0.083353 51.529537,-0.069743 51.528222", "From Fanshaw Street, Hoxton to Wellington Row, Bethnal Green"
"LINESTRING (-0.06111 51.518675,-0.069743 51.528222", "From Royal London Hospital, Whitechapel to Wellington Row, Bethnal Green"
"LINESTRING (-0.066035 51.531864,-0.069743 51.528222", "From Goldsmith's Row, Haggerston to Wellington Row, Bethnal Green"
"LINESTRING (-0.026262 51.536039,-0.069743 51.528222", "From Wendon Street, Old Ford to Wellington Row, Bethnal Green"
"LINESTRING (-0.069543 51.525645,-0.069743 51.528222", "From Granby Street, Shoreditch to Wellington Row, Bethnal Green"
"LINESTRING (-0.067937 51.51793,-0.069743 51.528222", "From Old Montague Street, Whitechapel to Wellington Row, Bethnal Green"
"LINESTRING (-0.073955 51.526293,-0.069743 51.528222", "From Palissy Street, Shoreditch to Wellington Row, Bethnal Green"
"LINESTRING (-0.074754 51.523648,-0.069743 51.528222", "From Bethnal Green Road, Shoreditch to Wellington Row, Bethnal Green"
"LINESTRING (-0.066078 51.514924,-0.069743 51.528222", "From LMU Commercial Road, Whitechapel to Wellington Row, Bethnal Green"
"LINESTRING (-0.083935 51.520009,-0.069743 51.528222", "From Sun Street, Liverpool Street to Wellington Row, Bethnal Green"
"LINESTRING (-0.100791 51.518218,-0.069743 51.528222", "From West Smithfield Rotunda, Farringdon to Wellington Row, Bethnal Green"
"LINESTRING (-0.018703 51.528169,-0.069743 51.528222", "From Bow Church Station, Bow to Wellington Row, Bethnal Green"
"LINESTRING (-0.058005 51.527152,-0.069743 51.528222", "From Pott Street, Bethnal Green to Wellington Row, Bethnal Green"
"LINESTRING (-0.060291 51.535716,-0.069743 51.528222", "From Ada Street, Hackney Central to Wellington Row, Bethnal Green"
"LINESTRING (-0.02163 51.540311,-0.066035 51.531864", "From Monier Road, Hackney Wick to Goldsmith's Row, Haggerston"
"LINESTRING (-0.08299 51.53213,-0.066035 51.531864", "From Pitfield Street Central, Hoxton to Goldsmith's Row, Haggerston"
"LINESTRING (-0.075855 51.517475,-0.066035 51.531864", "From Bell Lane, Liverpool Street to Goldsmith's Row, Haggerston"
"LINESTRING (-0.013258 51.528828,-0.066035 51.531864", "From Bromley High Street, Bow to Goldsmith's Row, Haggerston"
"LINESTRING (-0.125078 51.534667,-0.066035 51.531864", "From Good's Way, King's Cross to Goldsmith's Row, Haggerston"
"LINESTRING (-0.06142 51.532091,-0.066035 51.531864", "From Pritchard's Road, Bethnal Green to Goldsmith's Row, Haggerston"
"LINESTRING (-0.033828 51.514115,-0.066035 51.531864", "From Salmon Lane, Limehouse to Goldsmith's Row, Haggerston"
"LINESTRING (-0.060291 51.535716,-0.066035 51.531864", "From Ada Street, Hackney Central to Goldsmith's Row, Haggerston"
"LINESTRING (-0.047548 51.528869,-0.066035 51.531864", "From Globe Town Market, Bethnal Green to Goldsmith's Row, Haggerston"
"LINESTRING (-0.058005 51.527152,-0.066035 51.531864", "From Pott Street, Bethnal Green to Goldsmith's Row, Haggerston"
"LINESTRING (-0.08249 51.53558,-0.066035 51.531864", "From Pitfield Street North,Hoxton to Goldsmith's Row, Haggerston"
"LINESTRING (-0.07813 51.526377,-0.066035 51.531864", "From Shoreditch High Street, Shoreditch to Goldsmith's Row, Haggerston"
"LINESTRING (-0.058005 51.527152,-0.066035 51.531864", "From Pott Street, Bethnal Green to Goldsmith's Row, Haggerston"
"LINESTRING (-0.075855 51.517475,-0.066035 51.531864", "From Bell Lane, Liverpool Street to Goldsmith's Row, Haggerston"
"LINESTRING (-0.01051 51.54094,-0.066035 51.531864", "From Aquatic Centre, Queen Elizabeth Olympic Park to Goldsmith's Row, Haggerston"
"LINESTRING (-0.084439 51.524696,-0.066035 51.531864", "From Leonard Circus , Shoreditch to Goldsmith's Row, Haggerston"
"LINESTRING (-0.058826 51.54119,-0.066035 51.531864", "From London Fields, Hackney Central to Goldsmith's Row, Haggerston"
"LINESTRING (-0.074431 51.519362,-0.066035 51.531864", "From Fournier Street, Whitechapel to Goldsmith's Row, Haggerston"
"LINESTRING (-0.049591 51.53341,-0.066035 51.531864", "From Bonner Gate, Victoria Park to Goldsmith's Row, Haggerston"
"LINESTRING (-0.079249 51.518908,-0.066035 51.531864", "From Brushfield Street, Liverpool Street to Goldsmith's Row, Haggerston"
"LINESTRING (-0.113426 51.503919,-0.066035 51.531864", "From Waterloo Station 2, Waterloo to Goldsmith's Row, Haggerston"
"LINESTRING (-0.058631 51.524583,-0.066035 51.531864", "From Finnis Street, Bethnal Green to Goldsmith's Row, Haggerston"
"LINESTRING (-0.089659 51.52548,-0.066035 51.531864", "From Old Street Station, St. Luke's to Goldsmith's Row, Haggerston"
"LINESTRING (-0.073537 51.514233,-0.066035 51.531864", "From Braham Street, Aldgate to Goldsmith's Row, Haggerston"
"LINESTRING (-0.058826 51.54119,-0.066035 51.531864", "From London Fields, Hackney Central to Goldsmith's Row, Haggerston"
"LINESTRING (-0.073955 51.526293,-0.066035 51.531864", "From Palissy Street, Shoreditch to Goldsmith's Row, Haggerston"
"LINESTRING (-0.074431 51.519362,-0.066035 51.531864", "From Fournier Street, Whitechapel to Goldsmith's Row, Haggerston"
"LINESTRING (-0.100791 51.518218,-0.066035 51.531864", "From West Smithfield Rotunda, Farringdon to Goldsmith's Row, Haggerston"
"LINESTRING (-0.141423 51.514499,-0.147154 51.537349", "From Little Argyll Street, West End to Gloucester Avenue, Camden Town"
"LINESTRING (-0.159237 51.501855,-0.147154 51.537349", "From Seville Street, Knightsbridge to Gloucester Avenue, Camden Town"
"LINESTRING (-0.113001 51.50486,-0.147154 51.537349", "From Waterloo Road, South Bank to Gloucester Avenue, Camden Town"
"LINESTRING (-0.129386 51.534123,-0.147154 51.537349", "From Pancras Road, King's Cross to Gloucester Avenue, Camden Town"
"LINESTRING (-0.163609 51.51809,-0.147154 51.537349", "From Shouldham Street, Marylebone to Gloucester Avenue, Camden Town"
"LINESTRING (-0.165668 51.524561,-0.147154 51.537349", "From Broadley Terrace, Marylebone to Gloucester Avenue, Camden Town"
"LINESTRING (-0.151926 51.516814,-0.147154 51.537349", "From Hinde Street, Marylebone to Gloucester Avenue, Camden Town"
"LINESTRING (-0.138019 51.524438,-0.147154 51.537349", "From Warren Street Station, Euston to Gloucester Avenue, Camden Town"
"LINESTRING (-0.159237 51.501855,-0.147154 51.537349", "From Seville Street, Knightsbridge to Gloucester Avenue, Camden Town"
"LINESTRING (-0.147154 51.537349,-0.147154 51.537349", "From Gloucester Avenue, Camden Town to Gloucester Avenue, Camden Town"
"LINESTRING (-0.164032 51.525194,-0.147154 51.537349", "From Rossmore Road, Marylebone to Gloucester Avenue, Camden Town"
"LINESTRING (-0.147154 51.537349,-0.147154 51.537349", "From Gloucester Avenue, Camden Town to Gloucester Avenue, Camden Town"
"LINESTRING (-0.113001 51.50486,-0.147154 51.537349", "From Waterloo Road, South Bank to Gloucester Avenue, Camden Town"
"LINESTRING (-0.145393 51.542138,-0.147154 51.537349", "From Castlehaven Road, Camden Town to Gloucester Avenue, Camden Town"
"LINESTRING (-0.147154 51.537349,-0.147154 51.537349", "From Gloucester Avenue, Camden Town to Gloucester Avenue, Camden Town"
"LINESTRING (-0.113001 51.50486,-0.147154 51.537349", "From Waterloo Road, South Bank to Gloucester Avenue, Camden Town"
"LINESTRING (-0.147154 51.537349,-0.147154 51.537349", "From Gloucester Avenue, Camden Town to Gloucester Avenue, Camden Town"
"LINESTRING (-0.176268 51.524826,-0.147154 51.537349", "From Aberdeen Place, St. John's Wood to Gloucester Avenue, Camden Town"
"LINESTRING (-0.147154 51.537349,-0.147154 51.537349", "From Gloucester Avenue, Camden Town to Gloucester Avenue, Camden Town"
"LINESTRING (-0.176268 51.524826,-0.147154 51.537349", "From Aberdeen Place, St. John's Wood to Gloucester Avenue, Camden Town"
"LINESTRING (-0.144228 51.518117,-0.147154 51.537349", "From Broadcasting House, Marylebone to Gloucester Avenue, Camden Town"
"LINESTRING (-0.113001 51.50486,-0.147154 51.537349", "From Waterloo Road, South Bank to Gloucester Avenue, Camden Town"
"LINESTRING (-0.113001 51.50486,-0.147154 51.537349", "From Waterloo Road, South Bank to Gloucester Avenue, Camden Town"
"LINESTRING (-0.147154 51.537349,-0.147154 51.537349", "From Gloucester Avenue, Camden Town to Gloucester Avenue, Camden Town"
"LINESTRING (-0.073537 51.514233,-0.06992 51.53385", "From Braham Street, Aldgate to Queensbridge Road, Haggerston"
"LINESTRING (-0.138019 51.524438,-0.06992 51.53385", "From Warren Street Station, Euston to Queensbridge Road, Haggerston"
"LINESTRING (-0.075885 51.536585,-0.06992 51.53385", "From Dunston Road , Haggerston to Queensbridge Road, Haggerston"
"LINESTRING (-0.0801 51.52959,-0.06992 51.53385", "From Hoxton Street, Hoxton to Queensbridge Road, Haggerston"
"LINESTRING (-0.058826 51.54119,-0.06992 51.53385", "From London Fields, Hackney Central to Queensbridge Road, Haggerston"
"LINESTRING (-0.073438 51.51838,-0.06992 51.53385", "From Fashion Street, Whitechapel to Queensbridge Road, Haggerston"
"LINESTRING (-0.074284 51.539328,-0.06992 51.53385", "From Haggerston Road, Haggerston to Queensbridge Road, Haggerston"
"LINESTRING (-0.075885 51.536585,-0.06992 51.53385", "From Dunston Road , Haggerston to Queensbridge Road, Haggerston"
"LINESTRING (-0.083353 51.529537,-0.06992 51.53385", "From Fanshaw Street, Hoxton to Queensbridge Road, Haggerston"
"LINESTRING (-0.01051 51.54094,-0.06992 51.53385", "From Aquatic Centre, Queen Elizabeth Olympic Park to Queensbridge Road, Haggerston"
"LINESTRING (-0.075578 51.52127,-0.06992 51.53385", "From Commercial Street, Shoreditch to Queensbridge Road, Haggerston"
"LINESTRING (-0.058826 51.54119,-0.06992 51.53385", "From London Fields, Hackney Central to Queensbridge Road, Haggerston"
"LINESTRING (-0.06555 51.528681,-0.06992 51.53385", "From Durant Street, Bethnal Green to Queensbridge Road, Haggerston"
"LINESTRING (-0.075885 51.536585,-0.06992 51.53385", "From Dunston Road , Haggerston to Queensbridge Road, Haggerston"
"LINESTRING (-0.079608 51.521668,-0.06992 51.53385", "From Worship Street, Shoreditch to Queensbridge Road, Haggerston"
"LINESTRING (-0.073438 51.51838,-0.06992 51.53385", "From Fashion Street, Whitechapel to Queensbridge Road, Haggerston"
"LINESTRING (-0.098031 51.505224,-0.06992 51.53385", "From Lavington Street, Bankside to Queensbridge Road, Haggerston"
"LINESTRING (-0.06142 51.532091,-0.06992 51.53385", "From Pritchard's Road, Bethnal Green to Queensbridge Road, Haggerston"
"LINESTRING (-0.06555 51.528681,-0.06992 51.53385", "From Durant Street, Bethnal Green to Queensbridge Road, Haggerston"
"LINESTRING (-0.069543 51.525645,-0.06992 51.53385", "From Granby Street, Shoreditch to Queensbridge Road, Haggerston"
"LINESTRING (-0.06415 51.51295,-0.067937 51.51793", "From Christian Street, Whitechapel to Old Montague Street, Whitechapel"
"LINESTRING (-0.075375 51.528187,-0.067937 51.51793", "From Columbia Road, Shoreditch to Old Montague Street, Whitechapel"
"LINESTRING (-0.092176 51.520044,-0.067937 51.51793", "From Barbican Centre, Barbican to Old Montague Street, Whitechapel"
"LINESTRING (-0.06691 51.507131,-0.067937 51.51793", "From Nesham Street, Wapping to Old Montague Street, Whitechapel"
"LINESTRING (-0.087262 51.506304,-0.067937 51.51793", "From Duke Street Hill, London Bridge to Old Montague Street, Whitechapel"
"LINESTRING (-0.025996 51.509303,-0.067937 51.51793", "From Westferry DLR, Limehouse to Old Montague Street, Whitechapel"
"LINESTRING (-0.088542 51.527025,-0.067937 51.51793", "From Baldwin Street, St. Luke's to Old Montague Street, Whitechapel"
"LINESTRING (-0.107987 51.517428,-0.067937 51.51793", "From New Fetter Lane, Holborn to Old Montague Street, Whitechapel"
"LINESTRING (-0.06111 51.518675,-0.067937 51.51793", "From Royal London Hospital, Whitechapel to Old Montague Street, Whitechapel"
"LINESTRING (-0.07813 51.526377,-0.067937 51.51793", "From Shoreditch High Street, Shoreditch to Old Montague Street, Whitechapel"
"LINESTRING (-0.07962 51.503493,-0.067937 51.51793", "From Tooley Street, Bermondsey to Old Montague Street, Whitechapel"
"LINESTRING (-0.126021 51.508103,-0.067937 51.51793", "From Craven Street, Strand to Old Montague Street, Whitechapel"
"LINESTRING (-0.117619 51.509943,-0.067937 51.51793", "From Somerset House, Strand to Old Montague Street, Whitechapel"
"LINESTRING (-0.065076 51.52388,-0.067937 51.51793", "From Cheshire Street, Bethnal Green to Old Montague Street, Whitechapel"
"LINESTRING (-0.085814 51.495061,-0.067937 51.51793", "From Bricklayers Arms, Borough to Old Montague Street, Whitechapel"
"LINESTRING (-0.057159 51.511088,-0.067937 51.51793", "From Shadwell Station, Shadwell to Old Montague Street, Whitechapel"
"LINESTRING (-0.067937 51.51793,-0.067937 51.51793", "From Old Montague Street, Whitechapel to Old Montague Street, Whitechapel"
"LINESTRING (-0.029138 51.516196,-0.067937 51.51793", "From Burdett Road, Mile End to Old Montague Street, Whitechapel"
"LINESTRING (-0.074431 51.519362,-0.067937 51.51793", "From Fournier Street, Whitechapel to Old Montague Street, Whitechapel"
"LINESTRING (-0.091773 51.504627,-0.067937 51.51793", "From Hop Exchange, The Borough to Old Montague Street, Whitechapel"
"LINESTRING (-0.065076 51.52388,-0.067937 51.51793", "From Cheshire Street, Bethnal Green to Old Montague Street, Whitechapel"
"LINESTRING (-0.074754 51.523648,-0.067937 51.51793", "From Bethnal Green Road, Shoreditch to Old Montague Street, Whitechapel"
"LINESTRING (-0.079249 51.518908,-0.067937 51.51793", "From Brushfield Street, Liverpool Street to Old Montague Street, Whitechapel"
"LINESTRING (-0.04667 51.521889,-0.067937 51.51793", "From Stepney Green Station, Stepney to Old Montague Street, Whitechapel"
"LINESTRING (-0.117619 51.509943,-0.067937 51.51793", "From Somerset House, Strand to Old Montague Street, Whitechapel"
"LINESTRING (-0.051394 51.520893,-0.067937 51.51793", "From Cleveland Way, Stepney to Old Montague Street, Whitechapel"
"LINESTRING (-0.043371 51.518369,-0.067937 51.51793", "From Rectory Square, Stepney to Old Montague Street, Whitechapel"
"LINESTRING (-0.089659 51.52548,-0.067937 51.51793", "From Old Street Station, St. Luke's to Old Montague Street, Whitechapel"
"LINESTRING (-0.086685 51.517075,-0.067937 51.51793", "From Finsbury Circus, Liverpool Street to Old Montague Street, Whitechapel"
"LINESTRING (-0.070542 51.505697,-0.00699 51.508981", "From St. Katharine's Way, Tower to Naval Row, Blackwall"
"LINESTRING (-0.011662 51.518811,-0.00699 51.508981", "From Teviot Street, Poplar to Naval Row, Blackwall"
"LINESTRING (-0.08497 51.50964,-0.00699 51.508981", "From Monument Street, Monument to Naval Row, Blackwall"
"LINESTRING (-0.011662 51.518811,-0.00699 51.508981", "From Teviot Street, Poplar to Naval Row, Blackwall"
"LINESTRING (-0.008428 51.503143,-0.00699 51.508981", "From Lancaster Drive, Blackwall to Naval Row, Blackwall"
"LINESTRING (-0.011889 51.538718,-0.00699 51.508981", "From Podium, Queen Elizabeth Olympic Park to Naval Row, Blackwall"
"LINESTRING (-0.173693 51.495948,-0.00699 51.508981", "From Exhibition Road Museums 2, South Kensington to Naval Row, Blackwall"
"LINESTRING (-0.06797 51.504904,-0.00699 51.508981", "From Wapping High Street, Wapping to Naval Row, Blackwall"
"LINESTRING (-0.013258 51.528828,-0.00699 51.508981", "From Bromley High Street, Bow to Naval Row, Blackwall"
"LINESTRING (-0.070542 51.505697,-0.00699 51.508981", "From St. Katharine's Way, Tower to Naval Row, Blackwall"
"LINESTRING (-0.005659 51.513548,-0.00699 51.508981", "From Aberfeldy Street, Poplar to Naval Row, Blackwall"
"LINESTRING (-0.0985 51.51601,-0.00699 51.508981", "From King Edward Street, St Pauls to Naval Row, Blackwall"
"LINESTRING (-0.015578 51.52512,-0.00699 51.508981", "From Devons Road, Bow to Naval Row, Blackwall"
"LINESTRING (-0.008428 51.503143,-0.00699 51.508981", "From Lancaster Drive, Blackwall to Naval Row, Blackwall"
"LINESTRING (-0.013475 51.51549,-0.00699 51.508981", "From Langdon Park, Poplar to Naval Row, Blackwall"
"LINESTRING (-0.132328 51.515631,-0.075901 51.531091", "From Soho Square , Soho to Hoxton Station, Hoxton"
"LINESTRING (-0.087459 51.528673,-0.075901 51.531091", "From East Road, Hoxton to Hoxton Station, Hoxton"
"LINESTRING (-0.054883 51.522561,-0.075901 51.531091", "From Cephas Street, Bethnal Green to Hoxton Station, Hoxton"
"LINESTRING (-0.08299 51.53213,-0.075901 51.531091", "From Pitfield Street Central, Hoxton to Hoxton Station, Hoxton"
"LINESTRING (-0.026768 51.520398,-0.075901 51.531091", "From Ackroyd Drive, Bow to Hoxton Station, Hoxton"
"LINESTRING (-0.08249 51.53558,-0.075901 51.531091", "From Pitfield Street North,Hoxton to Hoxton Station, Hoxton"
"LINESTRING (-0.036017 51.525941,-0.075901 51.531091", "From Clinton Road, Mile End to Hoxton Station, Hoxton"
"LINESTRING (-0.058826 51.54119,-0.075901 51.531091", "From London Fields, Hackney Central to Hoxton Station, Hoxton"
"LINESTRING (-0.038775 51.516,-0.075901 51.531091", "From Aston Street, Stepney to Hoxton Station, Hoxton"
"LINESTRING (-0.082422 51.516154,-0.075901 51.531091", "From Wormwood Street, Liverpool Street to Hoxton Station, Hoxton"
"LINESTRING (-0.086016 51.53114,-0.075901 51.531091", "From New North Road 2, Hoxton to Hoxton Station, Hoxton"
"LINESTRING (-0.06555 51.528681,-0.075901 51.531091", "From Durant Street, Bethnal Green to Hoxton Station, Hoxton"
"LINESTRING (-0.10548 51.532199,-0.075901 51.531091", "From Torrens Street, Angel to Hoxton Station, Hoxton"
"LINESTRING (-0.074754 51.523648,-0.075901 51.531091", "From Bethnal Green Road, Shoreditch to Hoxton Station, Hoxton"
"LINESTRING (-0.066035 51.531864,-0.075901 51.531091", "From Goldsmith's Row, Haggerston to Hoxton Station, Hoxton"
"LINESTRING (-0.092762 51.500296,-0.075901 51.531091", "From Swan Street, The Borough to Hoxton Station, Hoxton"
"LINESTRING (-0.070329 51.539083,-0.075901 51.531091", "From Shoreditch Court, Haggerston to Hoxton Station, Hoxton"
"LINESTRING (-0.062546 51.535678,-0.075901 51.531091", "From Regent's Row , Haggerston to Hoxton Station, Hoxton"
"LINESTRING (-0.076341 51.534464,-0.075901 51.531091", "From Whiston Road, Haggerston to Hoxton Station, Hoxton"
"LINESTRING (-0.0801 51.52959,-0.075901 51.531091", "From Hoxton Street, Hoxton to Hoxton Station, Hoxton"
"LINESTRING (-0.02163 51.540311,-0.075901 51.531091", "From Monier Road, Hackney Wick to Hoxton Station, Hoxton"
"LINESTRING (-0.106992 51.534504,-0.075901 51.531091", "From Liverpool Road (N1 Centre), Angel to Hoxton Station, Hoxton"
"LINESTRING (-0.058826 51.54119,-0.075901 51.531091", "From London Fields, Hackney Central to Hoxton Station, Hoxton"
"LINESTRING (-0.138019 51.524438,-0.144466 51.528302", "From Warren Street Station, Euston to Albany Street, The Regent's Park"
"LINESTRING (-0.138019 51.524438,-0.144466 51.528302", "From Warren Street Station, Euston to Albany Street, The Regent's Park"
"LINESTRING (-0.139016 51.520994,-0.144466 51.528302", "From Howland Street, Fitzrovia to Albany Street, The Regent's Park"
"LINESTRING (-0.144466 51.528302,-0.144466 51.528302", "From Albany Street, The Regent's Park to Albany Street, The Regent's Park"
"LINESTRING (-0.179592 51.525575,-0.144466 51.528302", "From Clifton Road, Maida Vale to Albany Street, The Regent's Park"
"LINESTRING (-0.141423 51.514499,-0.144466 51.528302", "From Little Argyll Street, West End to Albany Street, The Regent's Park"
"LINESTRING (-0.163667 51.520331,-0.144466 51.528302", "From Seymour Place, Marylebone to Albany Street, The Regent's Park"
"LINESTRING (-0.133952 51.536264,-0.144466 51.528302", "From Royal College Street, Camden Town to Albany Street, The Regent's Park"
"LINESTRING (-0.143613 51.523518,-0.144466 51.528302", "From Bolsover Street, Fitzrovia to Albany Street, The Regent's Park"
"LINESTRING (-0.144466 51.528302,-0.144466 51.528302", "From Albany Street, The Regent's Park to Albany Street, The Regent's Park"
"LINESTRING (-0.141728 51.539099,-0.144466 51.528302", "From Greenland Road, Camden Town to Albany Street, The Regent's Park"
"LINESTRING (-0.144083 51.525595,-0.144466 51.528302", "From Longford Street, The Regent's Park to Albany Street, The Regent's Park"
"LINESTRING (-0.138231 51.525542,-0.144466 51.528302", "From Hampstead Road, Euston to Albany Street, The Regent's Park"
"LINESTRING (-0.132053 51.518587,-0.144466 51.528302", "From Bayley Street , Bloomsbury to Albany Street, The Regent's Park"
"LINESTRING (-0.143613 51.523518,-0.144466 51.528302", "From Bolsover Street, Fitzrovia to Albany Street, The Regent's Park"
"LINESTRING (-0.104708 51.52326,-0.144466 51.528302", "From Clerkenwell Green, Clerkenwell to Albany Street, The Regent's Park"
"LINESTRING (-0.116764 51.51362,-0.144466 51.528302", "From Houghton Street, Strand to Albany Street, The Regent's Park"
"LINESTRING (-0.144228 51.518117,-0.144466 51.528302", "From Broadcasting House, Marylebone to Albany Street, The Regent's Park"
"LINESTRING (-0.141327 51.520253,-0.144466 51.528302", "From Great Titchfield Street, Fitzrovia to Albany Street, The Regent's Park"
"LINESTRING (-0.138019 51.524438,-0.144466 51.528302", "From Warren Street Station, Euston to Albany Street, The Regent's Park"
"LINESTRING (-0.174347 51.476964,-0.144466 51.528302", "From Battersea Church Road, Battersea to Albany Street, The Regent's Park"
"LINESTRING (-0.138019 51.524438,-0.144466 51.528302", "From Warren Street Station, Euston to Albany Street, The Regent's Park"
"LINESTRING (-0.169249 51.515953,-0.142844 51.506613", "From Southwick Street, Paddington to Green Park Station, Mayfair"
"LINESTRING (-0.087587 51.514441,-0.142844 51.506613", "From Bank of England Museum, Bank to Green Park Station, Mayfair"
"LINESTRING (-0.020068 51.50357,-0.142844 51.506613", "From Jubilee Plaza, Canary Wharf to Green Park Station, Mayfair"
"LINESTRING (-0.082422 51.516154,-0.142844 51.506613", "From Wormwood Street, Liverpool Street to Green Park Station, Mayfair"
"LINESTRING (-0.173757 51.496471,-0.142844 51.506613", "From Exhibition Road Museums 1, South Kensington to Green Park Station, Mayfair"
"LINESTRING (-0.111471 51.479601,-0.142844 51.506613", "From Cranmer Road, Stockwell to Green Park Station, Mayfair"
"LINESTRING (-0.192404 51.496481,-0.142844 51.506613", "From Marloes Road, Kensington to Green Park Station, Mayfair"
"LINESTRING (-0.149569 51.50274,-0.142844 51.506613", "From Wellington Arch, Hyde Park to Green Park Station, Mayfair"
"LINESTRING (-0.123823 51.501513,-0.142844 51.506613", "From Westminster Pier, Westminster to Green Park Station, Mayfair"
"LINESTRING (-0.147478 51.492369,-0.142844 51.506613", "From Elizabeth Bridge, Victoria to Green Park Station, Mayfair"
"LINESTRING (-0.134234 51.494591,-0.142844 51.506613", "From Greycoat Street , Westminster to Green Park Station, Mayfair"
"LINESTRING (-0.097441 51.511961,-0.142844 51.506613", "From Queen Victoria Street, St. Paul's to Green Park Station, Mayfair"
"LINESTRING (-0.179854 51.501715,-0.142844 51.506613", "From Queen's Gate, Kensington Gardens to Green Park Station, Mayfair"
"LINESTRING (-0.18697 51.51616,-0.142844 51.506613", "From Bishop's Bridge Road West, Bayswater to Green Park Station, Mayfair"
"LINESTRING (-0.165101 51.493583,-0.142844 51.506613", "From Denyer Street, Knightsbridge to Green Park Station, Mayfair"
"LINESTRING (-0.130908 51.464995,-0.142844 51.506613", "From Gauden Road, Clapham to Green Park Station, Mayfair"
"LINESTRING (-0.151359 51.522008,-0.142844 51.506613", "From Beaumont Street, Marylebone to Green Park Station, Mayfair"
"LINESTRING (-0.112824 51.503791,-0.142844 51.506613", "From Waterloo Station 3, Waterloo to Green Park Station, Mayfair"
"LINESTRING (-0.123823 51.501513,-0.142844 51.506613", "From Westminster Pier, Westminster to Green Park Station, Mayfair"
"LINESTRING (-0.169249 51.515953,-0.142844 51.506613", "From Southwick Street, Paddington to Green Park Station, Mayfair"
"LINESTRING (-0.178433 51.492479,-0.142844 51.506613", "From Queen's Gate (South), South Kensington to Green Park Station, Mayfair"
"LINESTRING (-0.132053 51.518587,-0.142844 51.506613", "From Bayley Street , Bloomsbury to Green Park Station, Mayfair"
"LINESTRING (-0.079249 51.518908,-0.142844 51.506613", "From Brushfield Street, Liverpool Street to Green Park Station, Mayfair"
"LINESTRING (-0.179854 51.501715,-0.142844 51.506613", "From Queen's Gate, Kensington Gardens to Green Park Station, Mayfair"
"LINESTRING (-0.156876 51.49313,-0.142844 51.506613", "From Sedding Street, Sloane Square to Green Park Station, Mayfair"
"LINESTRING (-0.082989 51.510484,-0.142844 51.506613", "From Great Tower Street, Monument to Green Park Station, Mayfair"
"LINESTRING (-0.116191 51.535467,-0.142844 51.506613", "From Carnegie Street, King's Cross to Green Park Station, Mayfair"
"LINESTRING (-0.15934 51.500241,-0.142844 51.506613", "From Harriet Street, Knightsbridge to Green Park Station, Mayfair"
"LINESTRING (-0.174554 51.499917,-0.142844 51.506613", "From Exhibition Road, Knightsbridge to Green Park Station, Mayfair"
"LINESTRING (-0.153645 51.512911,-0.142844 51.506613", "From North Audley Street, Mayfair to Green Park Station, Mayfair"
"LINESTRING (-0.18119 51.485587,-0.142844 51.506613", "From Limerston Street, West Chelsea to Green Park Station, Mayfair"
"LINESTRING (-0.126021 51.508103,-0.142844 51.506613", "From Craven Street, Strand to Green Park Station, Mayfair"
"LINESTRING (-0.123179 51.506543,-0.142844 51.506613", "From Whitehall Place, Strand to Green Park Station, Mayfair"
"LINESTRING (-0.15934 51.500241,-0.142844 51.506613", "From Harriet Street, Knightsbridge to Green Park Station, Mayfair"
"LINESTRING (-0.167894 51.493184,-0.142844 51.506613", "From Sloane Avenue, Knightsbridge to Green Park Station, Mayfair"
"LINESTRING (-0.168917 51.497056,-0.142844 51.506613", "From Holy Trinity Brompton, Knightsbridge to Green Park Station, Mayfair"
"LINESTRING (-0.136052 51.527326,-0.142844 51.506613", "From Drummond Street , Euston to Green Park Station, Mayfair"
"LINESTRING (-0.150817 51.505426,-0.142844 51.506613", "From Park Lane, Mayfair to Green Park Station, Mayfair"
"LINESTRING (-0.141423 51.514499,-0.142844 51.506613", "From Little Argyll Street, West End to Green Park Station, Mayfair"
"LINESTRING (-0.169821 51.466633,-0.142844 51.506613", "From Falcon Road, Clapham Junction to Green Park Station, Mayfair"
"LINESTRING (-0.221791 51.49968,-0.142844 51.506613", "From Blythe Road West, Shepherd's Bush to Green Park Station, Mayfair"
"LINESTRING (-0.208888 51.5212,-0.142844 51.506613", "From Bevington Road West, North Kensington to Green Park Station, Mayfair"
"LINESTRING (-0.099981 51.532661,-0.142844 51.506613", "From Graham Street, Angel to Green Park Station, Mayfair"
"LINESTRING (-0.097441 51.511961,-0.142844 51.506613", "From Queen Victoria Street, St. Paul's to Green Park Station, Mayfair"
"LINESTRING (-0.149551 51.477619,-0.142844 51.506613", "From Queen's Circus, Battersea Park to Green Park Station, Mayfair"
"LINESTRING (-0.174554 51.499917,-0.142844 51.506613", "From Exhibition Road, Knightsbridge to Green Park Station, Mayfair"
"LINESTRING (-0.150481 51.51217,-0.142844 51.506613", "From Grosvenor Square, Mayfair to Green Park Station, Mayfair"
"LINESTRING (-0.116191 51.535467,-0.142844 51.506613", "From Carnegie Street, King's Cross to Green Park Station, Mayfair"
"LINESTRING (-0.149551 51.477619,-0.142844 51.506613", "From Queen's Circus, Battersea Park to Green Park Station, Mayfair"
"LINESTRING (-0.053558 51.511066,-0.033828 51.514115", "From Sutton Street, Shadwell to Salmon Lane, Limehouse"
"LINESTRING (-0.104778 51.504044,-0.033828 51.514115", "From Southwark Station 2, Southwark to Salmon Lane, Limehouse"
"LINESTRING (-0.084439 51.524696,-0.033828 51.514115", "From Leonard Circus , Shoreditch to Salmon Lane, Limehouse"
"LINESTRING (-0.033828 51.514115,-0.033828 51.514115", "From Salmon Lane, Limehouse to Salmon Lane, Limehouse"
"LINESTRING (-0.051394 51.520893,-0.033828 51.514115", "From Cleveland Way, Stepney to Salmon Lane, Limehouse"
"LINESTRING (-0.057159 51.511088,-0.033828 51.514115", "From Shadwell Station, Shadwell to Salmon Lane, Limehouse"
"LINESTRING (-0.051394 51.520893,-0.033828 51.514115", "From Cleveland Way, Stepney to Salmon Lane, Limehouse"
"LINESTRING (-0.032566 51.520597,-0.033828 51.514115", "From Mile End Park Leisure Centre, Mile End to Salmon Lane, Limehouse"
"LINESTRING (-0.066078 51.514924,-0.033828 51.514115", "From LMU Commercial Road, Whitechapel to Salmon Lane, Limehouse"
"LINESTRING (-0.033828 51.514115,-0.033828 51.514115", "From Salmon Lane, Limehouse to Salmon Lane, Limehouse"
"LINESTRING (-0.06691 51.507131,-0.033828 51.514115", "From Nesham Street, Wapping to Salmon Lane, Limehouse"
"LINESTRING (-0.05438 51.520019,-0.033828 51.514115", "From Ansell House, Stepney to Salmon Lane, Limehouse"
"LINESTRING (-0.07962 51.503493,-0.033828 51.514115", "From Tooley Street, Bermondsey to Salmon Lane, Limehouse"
"LINESTRING (-0.05438 51.520019,-0.033828 51.514115", "From Ansell House, Stepney to Salmon Lane, Limehouse"
"LINESTRING (-0.038775 51.516,-0.033828 51.514115", "From Aston Street, Stepney to Salmon Lane, Limehouse"
"LINESTRING (-0.187402 51.51031,-0.204666 51.509591", "From Queensway, Kensington Gardens to Lansdowne Walk, Ladbroke Grove"
"LINESTRING (-0.205284 51.496712,-0.204666 51.509591", "From Warwick Road, Olympia to Lansdowne Walk, Ladbroke Grove"
"LINESTRING (-0.211358 51.510101,-0.204666 51.509591", "From Walmer Road, Avondale to Lansdowne Walk, Ladbroke Grove"
"LINESTRING (-0.086685 51.517075,-0.102208 51.526153", "From Finsbury Circus, Liverpool Street to Percival Street, Finsbury"
"LINESTRING (-0.104708 51.52326,-0.102208 51.526153", "From Clerkenwell Green, Clerkenwell to Percival Street, Finsbury"
"LINESTRING (-0.074284 51.539328,-0.102208 51.526153", "From Haggerston Road, Haggerston to Percival Street, Finsbury"
"LINESTRING (-0.123509 51.52625,-0.102208 51.526153", "From Tavistock Place, Bloomsbury to Percival Street, Finsbury"
"LINESTRING (-0.141423 51.514499,-0.102208 51.526153", "From Little Argyll Street, West End to Percival Street, Finsbury"
"LINESTRING (-0.104708 51.52326,-0.102208 51.526153", "From Clerkenwell Green, Clerkenwell to Percival Street, Finsbury"
"LINESTRING (-0.084439 51.524696,-0.102208 51.526153", "From Leonard Circus , Shoreditch to Percival Street, Finsbury"
"LINESTRING (-0.09308 51.515735,-0.102208 51.526153", "From The Guildhall, Guildhall to Percival Street, Finsbury"
"LINESTRING (-0.106992 51.534504,-0.102208 51.526153", "From Liverpool Road (N1 Centre), Angel to Percival Street, Finsbury"
"LINESTRING (-0.116191 51.535467,-0.102208 51.526153", "From Carnegie Street, King's Cross to Percival Street, Finsbury"
"LINESTRING (-0.074431 51.519362,-0.102208 51.526153", "From Fournier Street, Whitechapel to Percival Street, Finsbury"
"LINESTRING (-0.0985 51.51601,-0.102208 51.526153", "From King Edward Street, St Pauls to Percival Street, Finsbury"
"LINESTRING (-0.102208 51.526153,-0.102208 51.526153", "From Percival Street, Finsbury to Percival Street, Finsbury"
"LINESTRING (-0.090847 51.525893,-0.102208 51.526153", "From Bath Street, St. Luke's to Percival Street, Finsbury"
"LINESTRING (-0.096317 51.526008,-0.102208 51.526153", "From Finsbury Leisure Centre, St. Luke's to Percival Street, Finsbury"
"LINESTRING (-0.090847 51.525893,-0.102208 51.526153", "From Bath Street, St. Luke's to Percival Street, Finsbury"
"LINESTRING (-0.08249 51.53558,-0.102208 51.526153", "From Pitfield Street North,Hoxton to Percival Street, Finsbury"
"LINESTRING (-0.10834 51.52352,-0.102208 51.526153", "From Farringdon Lane, Clerkenwell to Percival Street, Finsbury"
"LINESTRING (-0.09315 51.53356,-0.102208 51.526153", "From Eagle Wharf Road, Hoxton to Percival Street, Finsbury"
"LINESTRING (-0.147154 51.537349,-0.145246 51.539957", "From Gloucester Avenue, Camden Town to Arlington Road, Camden Town"
"LINESTRING (-0.145246 51.539957,-0.145246 51.539957", "From Arlington Road, Camden Town to Arlington Road, Camden Town"
"LINESTRING (-0.145246 51.539957,-0.145246 51.539957", "From Arlington Road, Camden Town to Arlington Road, Camden Town"
"LINESTRING (-0.138853 51.541603,-0.145246 51.539957", "From Bonny Street, Camden Town to Arlington Road, Camden Town"
"LINESTRING (-0.144083 51.525595,-0.145246 51.539957", "From Longford Street, The Regent's Park to Arlington Road, Camden Town"
"LINESTRING (-0.132053 51.518587,-0.145246 51.539957", "From Bayley Street , Bloomsbury to Arlington Road, Camden Town"
"LINESTRING (-0.151359 51.522008,-0.145246 51.539957", "From Beaumont Street, Marylebone to Arlington Road, Camden Town"
"LINESTRING (-0.145393 51.542138,-0.145246 51.539957", "From Castlehaven Road, Camden Town to Arlington Road, Camden Town"
"LINESTRING (-0.144466 51.528302,-0.145246 51.539957", "From Albany Street, The Regent's Park to Arlington Road, Camden Town"
"LINESTRING (-0.151359 51.522008,-0.145246 51.539957", "From Beaumont Street, Marylebone to Arlington Road, Camden Town"
"LINESTRING (-0.167894 51.493184,-0.145246 51.539957", "From Sloane Avenue, Knightsbridge to Arlington Road, Camden Town"
"LINESTRING (-0.144466 51.528302,-0.145246 51.539957", "From Albany Street, The Regent's Park to Arlington Road, Camden Town"
"LINESTRING (-0.131961 51.508446,-0.145246 51.539957", "From Charles II Street, West End to Arlington Road, Camden Town"
"LINESTRING (-0.144466 51.528302,-0.145246 51.539957", "From Albany Street, The Regent's Park to Arlington Road, Camden Town"
"LINESTRING (-0.14326 51.541007,-0.145246 51.539957", "From Hawley Crescent, Camden Town to Arlington Road, Camden Town"
"LINESTRING (-0.13011 51.513527,-0.145246 51.539957", "From Moor Street, Soho to Arlington Road, Camden Town"
"LINESTRING (-0.103604 51.517334,-0.107987 51.517428", "From Snow Hill, Farringdon to New Fetter Lane, Holborn"
"LINESTRING (-0.077121 51.511594,-0.107987 51.517428", "From Crosswall, Tower to New Fetter Lane, Holborn"
"LINESTRING (-0.078869 51.521113,-0.107987 51.517428", "From Norton Folgate, Liverpool Street to New Fetter Lane, Holborn"
"LINESTRING (-0.105596 51.505342,-0.107987 51.517428", "From Colombo Street, Southwark to New Fetter Lane, Holborn"
"LINESTRING (-0.112824 51.503791,-0.107987 51.517428", "From Waterloo Station 3, Waterloo to New Fetter Lane, Holborn"
"LINESTRING (-0.076793 51.513406,-0.107987 51.517428", "From Jewry Street, Aldgate to New Fetter Lane, Holborn"
"LINESTRING (-0.091401 51.518093,-0.107987 51.517428", "From Fore Street Avenue, Guildhall to New Fetter Lane, Holborn"
"LINESTRING (-0.075885 51.536585,-0.107987 51.517428", "From Dunston Road , Haggerston to New Fetter Lane, Holborn"
"LINESTRING (-0.085814 51.495061,-0.107987 51.517428", "From Bricklayers Arms, Borough to New Fetter Lane, Holborn"
"LINESTRING (-0.103132 51.498744,-0.107987 51.517428", "From LSBU (Borough Road), Elephant & Castle to New Fetter Lane, Holborn"
"LINESTRING (-0.075885 51.536585,-0.107987 51.517428", "From Dunston Road , Haggerston to New Fetter Lane, Holborn"
"LINESTRING (-0.112824 51.503791,-0.107987 51.517428", "From Waterloo Station 3, Waterloo to New Fetter Lane, Holborn"
"LINESTRING (-0.113426 51.503919,-0.107987 51.517428", "From Waterloo Station 2, Waterloo to New Fetter Lane, Holborn"
"LINESTRING (-0.09294 51.51397,-0.107987 51.517428", "From Cheapside, Bank to New Fetter Lane, Holborn"
"LINESTRING (-0.066078 51.514924,-0.107987 51.517428", "From LMU Commercial Road, Whitechapel to New Fetter Lane, Holborn"
"LINESTRING (-0.089887 51.520858,-0.107987 51.517428", "From Bunhill Row, Moorgate to New Fetter Lane, Holborn"
"LINESTRING (-0.112824 51.503791,-0.107987 51.517428", "From Waterloo Station 3, Waterloo to New Fetter Lane, Holborn"
"LINESTRING (-0.066078 51.514924,-0.107987 51.517428", "From LMU Commercial Road, Whitechapel to New Fetter Lane, Holborn"
"LINESTRING (-0.099489 51.524868,-0.107987 51.517428", "From Sadlers Sports Centre, Finsbury to New Fetter Lane, Holborn"
"LINESTRING (-0.068161 51.509786,-0.107987 51.517428", "From Dock Street, Wapping to New Fetter Lane, Holborn"
"LINESTRING (-0.015578 51.52512,-0.107987 51.517428", "From Devons Road, Bow to New Fetter Lane, Holborn"
"LINESTRING (-0.149004 51.485821,-0.107987 51.517428", "From Chelsea Bridge, Pimlico to New Fetter Lane, Holborn"
"LINESTRING (-0.088285 51.519069,-0.107987 51.517428", "From Moorfields, Moorgate to New Fetter Lane, Holborn"
"LINESTRING (-0.179592 51.525575,-0.107987 51.517428", "From Clifton Road, Maida Vale to New Fetter Lane, Holborn"
"LINESTRING (-0.00699 51.508981,-0.002275 51.509474", "From Naval Row, Blackwall to East India DLR, Blackwall"
"LINESTRING (-0.022793 51.497304,-0.002275 51.509474", "From Alpha Grove, Millwall to East India DLR, Blackwall"
"LINESTRING (-0.017676 51.503083,-0.002275 51.509474", "From Upper Bank Street, Canary Wharf to East India DLR, Blackwall"
"LINESTRING (-0.051394 51.520893,-0.002275 51.509474", "From Cleveland Way, Stepney to East India DLR, Blackwall"
"LINESTRING (-0.051394 51.520893,-0.002275 51.509474", "From Cleveland Way, Stepney to East India DLR, Blackwall"
"LINESTRING (-0.025996 51.509303,-0.002275 51.509474", "From Westferry DLR, Limehouse to East India DLR, Blackwall"
"LINESTRING (-0.014438 51.5112,-0.002275 51.509474", "From Chrisp Street Market, Poplar to East India DLR, Blackwall"
"LINESTRING (-0.076793 51.513406,-0.002275 51.509474", "From Jewry Street, Aldgate to East India DLR, Blackwall"
"LINESTRING (-0.009506 51.496454,-0.002275 51.509474", "From St. John's Park, Cubitt Town to East India DLR, Blackwall"
"LINESTRING (-0.011889 51.538718,-0.002275 51.509474", "From Podium, Queen Elizabeth Olympic Park to East India DLR, Blackwall"
"LINESTRING (-0.051394 51.520893,-0.002275 51.509474", "From Cleveland Way, Stepney to East India DLR, Blackwall"
"LINESTRING (-0.002275 51.509474,-0.002275 51.509474", "From East India DLR, Blackwall to East India DLR, Blackwall"
"LINESTRING (-0.011889 51.538718,-0.002275 51.509474", "From Podium, Queen Elizabeth Olympic Park to East India DLR, Blackwall"
"LINESTRING (-0.014438 51.5112,-0.002275 51.509474", "From Chrisp Street Market, Poplar to East India DLR, Blackwall"
"LINESTRING (-0.011889 51.538718,-0.002275 51.509474", "From Podium, Queen Elizabeth Olympic Park to East India DLR, Blackwall"
"LINESTRING (-0.05438 51.520019,-0.002275 51.509474", "From Ansell House, Stepney to East India DLR, Blackwall"
"LINESTRING (-0.091773 51.504627,-0.107913 51.498386", "From Hop Exchange, The Borough to Westminster Bridge Road, Elephant & Castle"
"LINESTRING (-0.197524 51.511084,-0.107913 51.498386", "From Pembridge Villas, Notting Hill to Westminster Bridge Road, Elephant & Castle"
"LINESTRING (-0.066078 51.514924,-0.107913 51.498386", "From LMU Commercial Road, Whitechapel to Westminster Bridge Road, Elephant & Castle"
"LINESTRING (-0.0786 51.500647,-0.107913 51.498386", "From Tanner Street, Bermondsey to Westminster Bridge Road, Elephant & Castle"
"LINESTRING (-0.069542 51.512363,-0.107913 51.498386", "From Leman Street, Aldgate to Westminster Bridge Road, Elephant & Castle"
"LINESTRING (-0.129698 51.500703,-0.107913 51.498386", "From Storey's Gate, Westminster to Westminster Bridge Road, Elephant & Castle"
"LINESTRING (-0.111435 51.48894,-0.107913 51.498386", "From Kennington Cross, Kennington to Westminster Bridge Road, Elephant & Castle"
"LINESTRING (-0.116628 51.500089,-0.107913 51.498386", "From Lambeth Palace Road, Waterloo to Westminster Bridge Road, Elephant & Castle"
"LINESTRING (-0.091773 51.504627,-0.107913 51.498386", "From Hop Exchange, The Borough to Westminster Bridge Road, Elephant & Castle"
"LINESTRING (-0.091773 51.504627,-0.107913 51.498386", "From Hop Exchange, The Borough to Westminster Bridge Road, Elephant & Castle"
"LINESTRING (-0.07962 51.503493,-0.107913 51.498386", "From Tooley Street, Bermondsey to Westminster Bridge Road, Elephant & Castle"
"LINESTRING (-0.149569 51.50274,-0.104193 51.49605", "From Wellington Arch, Hyde Park to Gaywood  Street, Elephant & Castle"
"LINESTRING (-0.117974 51.494881,-0.104193 51.49605", "From Lambeth Road, Vauxhall to Gaywood  Street, Elephant & Castle"
"LINESTRING (-0.116628 51.500089,-0.104193 51.49605", "From Lambeth Palace Road, Waterloo to Gaywood  Street, Elephant & Castle"
"LINESTRING (-0.117863 51.515208,-0.104193 51.49605", "From Sardinia Street, Holborn to Gaywood  Street, Elephant & Castle"
"LINESTRING (-0.097122 51.529423,-0.104193 51.49605", "From Macclesfield Rd, St Lukes to Gaywood  Street, Elephant & Castle"
"LINESTRING (-0.116764 51.51362,-0.104193 51.49605", "From Houghton Street, Strand to Gaywood  Street, Elephant & Castle"
"LINESTRING (-0.118295 51.52728,-0.104193 51.49605", "From Ampton Street , Clerkenwell to Gaywood  Street, Elephant & Castle"
"LINESTRING (-0.113864 51.504027,-0.104193 51.49605", "From Waterloo Station 1, Waterloo to Gaywood  Street, Elephant & Castle"
"LINESTRING (-0.132102 51.498125,-0.104193 51.49605", "From Abbey Orchard Street, Westminster to Gaywood  Street, Elephant & Castle"
"LINESTRING (-0.149569 51.50274,-0.104193 51.49605", "From Wellington Arch, Hyde Park to Gaywood  Street, Elephant & Castle"
"LINESTRING (-0.099828 51.493146,-0.104193 51.49605", "From Strata, Elephant & Castle to Gaywood  Street, Elephant & Castle"
"LINESTRING (-0.118295 51.52728,-0.104193 51.49605", "From Ampton Street , Clerkenwell to Gaywood  Street, Elephant & Castle"
"LINESTRING (-0.102091 51.500693,-0.104193 51.49605", "From Webber Street , Southwark to Gaywood  Street, Elephant & Castle"
"LINESTRING (-0.098497 51.503688,-0.104193 51.49605", "From Union Street, The Borough to Gaywood  Street, Elephant & Castle"
"LINESTRING (-0.112031 51.49914,-0.104193 51.49605", "From Lambeth North Station, Waterloo to Gaywood  Street, Elephant & Castle"
"LINESTRING (-0.140947 51.49616,-0.104193 51.49605", "From Ashley Place, Victoria to Gaywood  Street, Elephant & Castle"
"LINESTRING (-0.076341 51.534464,-0.104193 51.49605", "From Whiston Road, Haggerston to Gaywood  Street, Elephant & Castle"
"LINESTRING (-0.110683 51.484788,-0.104193 51.49605", "From Kennington Road Post Office, Oval to Gaywood  Street, Elephant & Castle"
"LINESTRING (-0.069542 51.512363,-0.104193 51.49605", "From Leman Street, Aldgate to Gaywood  Street, Elephant & Castle"
"LINESTRING (-0.091773 51.504627,-0.104193 51.49605", "From Hop Exchange, The Borough to Gaywood  Street, Elephant & Castle"
"LINESTRING (-0.2174 51.504038,-0.104193 51.49605", "From Woodstock Grove, Shepherd's Bush to Gaywood  Street, Elephant & Castle"
"LINESTRING (-0.051394 51.520893,-0.039264 51.521564", "From Cleveland Way, Stepney to Harford Street, Mile End"
"LINESTRING (-0.117774 51.513875,-0.039264 51.521564", "From Kingsway Southbound, Strand to Harford Street, Mile End"
"LINESTRING (-0.076793 51.513406,-0.039264 51.521564", "From Jewry Street, Aldgate to Harford Street, Mile End"
"LINESTRING (-0.039264 51.521564,-0.039264 51.521564", "From Harford Street, Mile End to Harford Street, Mile End"
"LINESTRING (-0.062697 51.518154,-0.039264 51.521564", "From New Road 1 , Whitechapel to Harford Street, Mile End"
"LINESTRING (-0.051394 51.520893,-0.039264 51.521564", "From Cleveland Way, Stepney to Harford Street, Mile End"
"LINESTRING (-0.079248 51.524526,-0.039264 51.521564", "From New Inn Yard, Shoreditch to Harford Street, Mile End"
"LINESTRING (-0.086685 51.517075,-0.039264 51.521564", "From Finsbury Circus, Liverpool Street to Harford Street, Mile End"
"LINESTRING (-0.08066 51.514225,-0.039264 51.521564", "From St. Mary Axe, Aldgate to Harford Street, Mile End"
"LINESTRING (-0.038775 51.516,-0.039264 51.521564", "From Aston Street, Stepney to Harford Street, Mile End"
"LINESTRING (-0.039264 51.521564,-0.039264 51.521564", "From Harford Street, Mile End to Harford Street, Mile End"
"LINESTRING (-0.077178 51.514449,-0.039264 51.521564", "From Houndsditch, Aldgate to Harford Street, Mile End"
"LINESTRING (-0.015578 51.52512,-0.039264 51.521564", "From Devons Road, Bow to Harford Street, Mile End"
"LINESTRING (-0.082422 51.516154,-0.01646 51.505772", "From Wormwood Street, Liverpool Street to Import Dock, Canary Wharf"
"LINESTRING (-0.023565 51.515427,-0.01646 51.505772", "From Stainsby Road , Poplar to Import Dock, Canary Wharf"
"LINESTRING (-0.025996 51.509303,-0.01646 51.505772", "From Westferry DLR, Limehouse to Import Dock, Canary Wharf"
"LINESTRING (-0.025996 51.509303,-0.01646 51.505772", "From Westferry DLR, Limehouse to Import Dock, Canary Wharf"
"LINESTRING (-0.029138 51.516196,-0.01646 51.505772", "From Burdett Road, Mile End to Import Dock, Canary Wharf"
"LINESTRING (-0.023565 51.515427,-0.01646 51.505772", "From Stainsby Road , Poplar to Import Dock, Canary Wharf"
"LINESTRING (-0.026768 51.520398,-0.01646 51.505772", "From Ackroyd Drive, Bow to Import Dock, Canary Wharf"
"LINESTRING (-0.026768 51.520398,-0.01646 51.505772", "From Ackroyd Drive, Bow to Import Dock, Canary Wharf"
"LINESTRING (-0.108322 51.510981,-0.01646 51.505772", "From Temple Gardens, Temple to Import Dock, Canary Wharf"
"LINESTRING (-0.025626 51.511811,-0.01646 51.505772", "From Canton Street, Poplar to Import Dock, Canary Wharf"
"LINESTRING (-0.026768 51.520398,-0.01646 51.505772", "From Ackroyd Drive, Bow to Import Dock, Canary Wharf"
"LINESTRING (-0.026768 51.520398,-0.01646 51.505772", "From Ackroyd Drive, Bow to Import Dock, Canary Wharf"
"LINESTRING (-0.025626 51.511811,-0.01646 51.505772", "From Canton Street, Poplar to Import Dock, Canary Wharf"
"LINESTRING (-0.038775 51.516,-0.01646 51.505772", "From Aston Street, Stepney to Import Dock, Canary Wharf"
"LINESTRING (-0.027581 51.526578,-0.01646 51.505772", "From Merchant Street, Bow to Import Dock, Canary Wharf"
"LINESTRING (-0.025626 51.511811,-0.01646 51.505772", "From Canton Street, Poplar to Import Dock, Canary Wharf"
"LINESTRING (-0.082422 51.516154,-0.01646 51.505772", "From Wormwood Street, Liverpool Street to Import Dock, Canary Wharf"
"LINESTRING (-0.026768 51.520398,-0.01646 51.505772", "From Ackroyd Drive, Bow to Import Dock, Canary Wharf"
"LINESTRING (-0.131861 51.527068,-0.01646 51.505772", "From Euston Square Gardens, Euston to Import Dock, Canary Wharf"
"LINESTRING (-0.020157 51.499041,-0.01646 51.505772", "From Lightermans Road, Millwall to Import Dock, Canary Wharf"
"LINESTRING (-0.055167 51.508447,-0.056667 51.511542", "From Garnet Street, Shadwell to Watney Street, Shadwell"
"LINESTRING (-0.047548 51.528869,-0.056667 51.511542", "From Globe Town Market, Bethnal Green to Watney Street, Shadwell"
"LINESTRING (-0.047784 51.51328,-0.056667 51.511542", "From Albert Gardens, Stepney to Watney Street, Shadwell"
"LINESTRING (-0.056667 51.511542,-0.056667 51.511542", "From Watney Street, Shadwell to Watney Street, Shadwell"
"LINESTRING (-0.092176 51.520044,-0.056667 51.511542", "From Barbican Centre, Barbican to Watney Street, Shadwell"
"LINESTRING (-0.06797 51.504904,-0.056667 51.511542", "From Wapping High Street, Wapping to Watney Street, Shadwell"
"LINESTRING (-0.077121 51.511594,-0.056667 51.511542", "From Crosswall, Tower to Watney Street, Shadwell"
"LINESTRING (-0.06111 51.518675,-0.056667 51.511542", "From Royal London Hospital, Whitechapel to Watney Street, Shadwell"
"LINESTRING (-0.082989 51.510484,-0.056667 51.511542", "From Great Tower Street, Monument to Watney Street, Shadwell"
"LINESTRING (-0.079249 51.518908,-0.056667 51.511542", "From Brushfield Street, Liverpool Street to Watney Street, Shadwell"
"LINESTRING (-0.06111 51.518675,-0.056667 51.511542", "From Royal London Hospital, Whitechapel to Watney Street, Shadwell"
"LINESTRING (-0.049067 51.51563,-0.056667 51.511542", "From Aylward Street, Stepney to Watney Street, Shadwell"
"LINESTRING (-0.047784 51.51328,-0.056667 51.511542", "From Albert Gardens, Stepney to Watney Street, Shadwell"
"LINESTRING (-0.032566 51.520597,-0.056667 51.511542", "From Mile End Park Leisure Centre, Mile End to Watney Street, Shadwell"
"LINESTRING (-0.043371 51.518369,-0.056667 51.511542", "From Rectory Square, Stepney to Watney Street, Shadwell"
"LINESTRING (-0.122806 51.490435,-0.056667 51.511542", "From Albert Embankment, Vauxhall to Watney Street, Shadwell"
"LINESTRING (-0.043371 51.518369,-0.056667 51.511542", "From Rectory Square, Stepney to Watney Street, Shadwell"
"LINESTRING (-0.047784 51.51328,-0.056667 51.511542", "From Albert Gardens, Stepney to Watney Street, Shadwell"
"LINESTRING (-0.123179 51.506543,-0.056667 51.511542", "From Whitehall Place, Strand to Watney Street, Shadwell"
"LINESTRING (-0.063531 51.504719,-0.056667 51.511542", "From Hermitage Court, Wapping to Watney Street, Shadwell"
"LINESTRING (-0.058681 51.506946,-0.056667 51.511542", "From Reardon Street, Wapping to Watney Street, Shadwell"
"LINESTRING (-0.06111 51.518675,-0.056667 51.511542", "From Royal London Hospital, Whitechapel to Watney Street, Shadwell"
"LINESTRING (-0.049067 51.51563,-0.056667 51.511542", "From Aylward Street, Stepney to Watney Street, Shadwell"
"LINESTRING (-0.058681 51.506946,-0.056667 51.511542", "From Reardon Street, Wapping to Watney Street, Shadwell"
"LINESTRING (-0.075578 51.52127,-0.056667 51.511542", "From Commercial Street, Shoreditch to Watney Street, Shadwell"
"LINESTRING (-0.056667 51.511542,-0.056667 51.511542", "From Watney Street, Shadwell to Watney Street, Shadwell"
"LINESTRING (-0.063531 51.504719,-0.056667 51.511542", "From Hermitage Court, Wapping to Watney Street, Shadwell"
"LINESTRING (-0.055656 51.514222,-0.056667 51.511542", "From Watney Market, Stepney to Watney Street, Shadwell"
"LINESTRING (-0.055656 51.514222,-0.056667 51.511542", "From Watney Market, Stepney to Watney Street, Shadwell"
"LINESTRING (-0.079249 51.518908,-0.056667 51.511542", "From Brushfield Street, Liverpool Street to Watney Street, Shadwell"
"LINESTRING (-0.056667 51.511542,-0.056667 51.511542", "From Watney Street, Shadwell to Watney Street, Shadwell"
"LINESTRING (-0.070542 51.505697,-0.056667 51.511542", "From St. Katharine's Way, Tower to Watney Street, Shadwell"
"LINESTRING (-0.056667 51.511542,-0.056667 51.511542", "From Watney Street, Shadwell to Watney Street, Shadwell"
"LINESTRING (-0.073955 51.526293,-0.062546 51.535678", "From Palissy Street, Shoreditch to Regent's Row , Haggerston"
"LINESTRING (-0.076341 51.534464,-0.062546 51.535678", "From Whiston Road, Haggerston to Regent's Row , Haggerston"
"LINESTRING (-0.093903 51.530991,-0.062546 51.535678", "From Wenlock Road , Hoxton to Regent's Row , Haggerston"
"LINESTRING (-0.049067 51.51563,-0.062546 51.535678", "From Aylward Street, Stepney to Regent's Row , Haggerston"
"LINESTRING (-0.07813 51.526377,-0.062546 51.535678", "From Shoreditch High Street, Shoreditch to Regent's Row , Haggerston"
"LINESTRING (-0.099981 51.532661,-0.062546 51.535678", "From Graham Street, Angel to Regent's Row , Haggerston"
"LINESTRING (-0.075375 51.528187,-0.062546 51.535678", "From Columbia Road, Shoreditch to Regent's Row , Haggerston"
"LINESTRING (-0.102757 51.536384,-0.062546 51.535678", "From Islington Green, Angel to Regent's Row , Haggerston"
"LINESTRING (-0.082989 51.510484,-0.062546 51.535678", "From Great Tower Street, Monument to Regent's Row , Haggerston"
"LINESTRING (-0.099994 51.522853,-0.062546 51.535678", "From Berry Street, Clerkenwell to Regent's Row , Haggerston"
"LINESTRING (-0.056667 51.511542,-0.062546 51.535678", "From Watney Street, Shadwell to Regent's Row , Haggerston"
"LINESTRING (-0.084439 51.524696,-0.062546 51.535678", "From Leonard Circus , Shoreditch to Regent's Row , Haggerston"
"LINESTRING (-0.075885 51.536585,-0.062546 51.535678", "From Dunston Road , Haggerston to Regent's Row , Haggerston"
"LINESTRING (-0.049591 51.53341,-0.062546 51.535678", "From Bonner Gate, Victoria Park to Regent's Row , Haggerston"
"LINESTRING (-0.049067 51.51563,-0.062546 51.535678", "From Aylward Street, Stepney to Regent's Row , Haggerston"
"LINESTRING (-0.09315 51.53356,-0.062546 51.535678", "From Eagle Wharf Road, Hoxton to Regent's Row , Haggerston"
"LINESTRING (-0.009935 51.546326,-0.062546 51.535678", "From East Village, Queen Elizabeth Olympic Park to Regent's Row , Haggerston"
"LINESTRING (-0.06992 51.53385,-0.062546 51.535678", "From Queensbridge Road, Haggerston to Regent's Row , Haggerston"
"LINESTRING (-0.109025 51.534408,-0.062546 51.535678", "From Cloudesley Road, Angel to Regent's Row , Haggerston"
"LINESTRING (-0.075885 51.536585,-0.062546 51.535678", "From Dunston Road , Haggerston to Regent's Row , Haggerston"
"LINESTRING (-0.062546 51.535678,-0.062546 51.535678", "From Regent's Row , Haggerston to Regent's Row , Haggerston"
"LINESTRING (-0.075885 51.536585,-0.062546 51.535678", "From Dunston Road , Haggerston to Regent's Row , Haggerston"
"LINESTRING (-0.104708 51.52326,-0.062546 51.535678", "From Clerkenwell Green, Clerkenwell to Regent's Row , Haggerston"
"LINESTRING (-0.086379 51.534042,-0.062546 51.535678", "From Shoreditch Park, Hoxton to Regent's Row , Haggerston"
"LINESTRING (-0.029138 51.516196,-0.062546 51.535678", "From Burdett Road, Mile End to Regent's Row , Haggerston"
"LINESTRING (-0.06555 51.528681,-0.062546 51.535678", "From Durant Street, Bethnal Green to Regent's Row , Haggerston"
"LINESTRING (-0.089782 51.53089,-0.062546 51.535678", "From Murray Grove , Hoxton to Regent's Row , Haggerston"
"LINESTRING (-0.075901 51.531091,-0.062546 51.535678", "From Hoxton Station, Hoxton to Regent's Row , Haggerston"
"LINESTRING (-0.049067 51.51563,-0.062546 51.535678", "From Aylward Street, Stepney to Regent's Row , Haggerston"
"LINESTRING (-0.085634 51.520962,-0.062546 51.535678", "From Finsbury Square , Moorgate to Regent's Row , Haggerston"
"LINESTRING (-0.062546 51.535678,-0.062546 51.535678", "From Regent's Row , Haggerston to Regent's Row , Haggerston"
"LINESTRING (-0.023565 51.515427,-0.062546 51.535678", "From Stainsby Road , Poplar to Regent's Row , Haggerston"
"LINESTRING (-0.074431 51.519362,-0.062546 51.535678", "From Fournier Street, Whitechapel to Regent's Row , Haggerston"
"LINESTRING (-0.047548 51.528869,-0.062546 51.535678", "From Globe Town Market, Bethnal Green to Regent's Row , Haggerston"
"LINESTRING (-0.102757 51.536384,-0.062546 51.535678", "From Islington Green, Angel to Regent's Row , Haggerston"
"LINESTRING (-0.082422 51.516154,-0.062546 51.535678", "From Wormwood Street, Liverpool Street to Regent's Row , Haggerston"
"LINESTRING (-0.089782 51.53089,-0.062546 51.535678", "From Murray Grove , Hoxton to Regent's Row , Haggerston"
"LINESTRING (-0.082989 51.510484,-0.062546 51.535678", "From Great Tower Street, Monument to Regent's Row , Haggerston"
"LINESTRING (-0.038986 51.512871,-0.062546 51.535678", "From Flamborough Street, Limehouse to Regent's Row , Haggerston"
"LINESTRING (-0.069543 51.525645,-0.062546 51.535678", "From Granby Street, Shoreditch to Regent's Row , Haggerston"
"LINESTRING (-0.032566 51.520597,-0.062546 51.535678", "From Mile End Park Leisure Centre, Mile End to Regent's Row , Haggerston"
"LINESTRING (-0.055312 51.52568,-0.062546 51.535678", "From Bethnal Green Garden, Bethnal Green to Regent's Row , Haggerston"
"LINESTRING (-0.015717 51.549369,-0.062546 51.535678", "From Lee Valley VeloPark, Queen Elizabeth Olympic Park to Regent's Row , Haggerston"
"LINESTRING (-0.133201 51.512515,-0.062546 51.535678", "From Wardour Street, Soho to Regent's Row , Haggerston"
"LINESTRING (-0.062546 51.535678,-0.062546 51.535678", "From Regent's Row , Haggerston to Regent's Row , Haggerston"
"LINESTRING (-0.073955 51.526293,-0.062546 51.535678", "From Palissy Street, Shoreditch to Regent's Row , Haggerston"
"LINESTRING (-0.06992 51.53385,-0.062546 51.535678", "From Queensbridge Road, Haggerston to Regent's Row , Haggerston"
"LINESTRING (-0.058826 51.54119,-0.062546 51.535678", "From London Fields, Hackney Central to Regent's Row , Haggerston"
"LINESTRING (-0.084605 51.521283,-0.062546 51.535678", "From Christopher Street, Liverpool Street to Regent's Row , Haggerston"
"LINESTRING (-0.099981 51.532661,-0.062546 51.535678", "From Graham Street, Angel to Regent's Row , Haggerston"
"LINESTRING (-0.032566 51.520597,-0.062546 51.535678", "From Mile End Park Leisure Centre, Mile End to Regent's Row , Haggerston"
"LINESTRING (-0.062546 51.535678,-0.062546 51.535678", "From Regent's Row , Haggerston to Regent's Row , Haggerston"
"LINESTRING (-0.075885 51.536585,-0.062546 51.535678", "From Dunston Road , Haggerston to Regent's Row , Haggerston"
"LINESTRING (-0.074284 51.539328,-0.062546 51.535678", "From Haggerston Road, Haggerston to Regent's Row , Haggerston"
"LINESTRING (-0.086379 51.534042,-0.062546 51.535678", "From Shoreditch Park, Hoxton to Regent's Row , Haggerston"
"LINESTRING (-0.089782 51.53089,-0.062546 51.535678", "From Murray Grove , Hoxton to Regent's Row , Haggerston"
"LINESTRING (-0.079248 51.524526,-0.062546 51.535678", "From New Inn Yard, Shoreditch to Regent's Row , Haggerston"
"LINESTRING (-0.063386 51.521905,-0.062546 51.535678", "From Selby Street, Whitechapel to Regent's Row , Haggerston"
"LINESTRING (-0.039264 51.521564,-0.062546 51.535678", "From Harford Street, Mile End to Regent's Row , Haggerston"
"LINESTRING (-0.104708 51.52326,-0.062546 51.535678", "From Clerkenwell Green, Clerkenwell to Regent's Row , Haggerston"
"LINESTRING (-0.079249 51.518908,-0.062546 51.535678", "From Brushfield Street, Liverpool Street to Regent's Row , Haggerston"
"LINESTRING (-0.102757 51.536384,-0.062546 51.535678", "From Islington Green, Angel to Regent's Row , Haggerston"
"LINESTRING (-0.115533 51.504942,-0.062546 51.535678", "From Concert Hall Approach 2, South Bank to Regent's Row , Haggerston"
"LINESTRING (-0.07023 51.536654,-0.062546 51.535678", "From Belford House, Haggerston to Regent's Row , Haggerston"
"LINESTRING (-0.063386 51.521905,-0.062546 51.535678", "From Selby Street, Whitechapel to Regent's Row , Haggerston"
"LINESTRING (-0.089782 51.53089,-0.062546 51.535678", "From Murray Grove , Hoxton to Regent's Row , Haggerston"
"LINESTRING (-0.029138 51.516196,-0.062546 51.535678", "From Burdett Road, Mile End to Regent's Row , Haggerston"
"LINESTRING (-0.009935 51.546326,-0.062546 51.535678", "From East Village, Queen Elizabeth Olympic Park to Regent's Row , Haggerston"
"LINESTRING (-0.017676 51.503083,-0.005659 51.513548", "From Upper Bank Street, Canary Wharf to Aberfeldy Street, Poplar"
"LINESTRING (-0.017676 51.503083,-0.005659 51.513548", "From Upper Bank Street, Canary Wharf to Aberfeldy Street, Poplar"
"LINESTRING (-0.025996 51.509303,-0.005659 51.513548", "From Westferry DLR, Limehouse to Aberfeldy Street, Poplar"
"LINESTRING (-0.013258 51.528828,-0.005659 51.513548", "From Bromley High Street, Bow to Aberfeldy Street, Poplar"
"LINESTRING (-0.014438 51.5112,-0.005659 51.513548", "From Chrisp Street Market, Poplar to Aberfeldy Street, Poplar"
"LINESTRING (-0.057159 51.511088,-0.005659 51.513548", "From Shadwell Station, Shadwell to Aberfeldy Street, Poplar"
"LINESTRING (-0.017676 51.503083,-0.005659 51.513548", "From Upper Bank Street, Canary Wharf to Aberfeldy Street, Poplar"
"LINESTRING (-0.014438 51.5112,-0.005659 51.513548", "From Chrisp Street Market, Poplar to Aberfeldy Street, Poplar"
"LINESTRING (-0.036017 51.525941,-0.005659 51.513548", "From Clinton Road, Mile End to Aberfeldy Street, Poplar"
"LINESTRING (-0.017676 51.503083,-0.005659 51.513548", "From Upper Bank Street, Canary Wharf to Aberfeldy Street, Poplar"
"LINESTRING (-0.036017 51.525941,-0.005659 51.513548", "From Clinton Road, Mile End to Aberfeldy Street, Poplar"
"LINESTRING (-0.053558 51.511066,-0.021596 51.502661", "From Sutton Street, Shadwell to Heron Quays DLR, Canary Wharf"
"LINESTRING (-0.070133 51.515231,-0.021596 51.502661", "From Central House, Whitechapel to Heron Quays DLR, Canary Wharf"
"LINESTRING (-0.069542 51.512363,-0.021596 51.502661", "From Leman Street, Aldgate to Heron Quays DLR, Canary Wharf"
"LINESTRING (-0.014409 51.49447,-0.021596 51.502661", "From East Ferry Road, Cubitt Town to Heron Quays DLR, Canary Wharf"
"LINESTRING (-0.037471 51.528224,-0.021596 51.502661", "From Antill Road, Mile End to Heron Quays DLR, Canary Wharf"
"LINESTRING (-0.09734 51.520841,-0.021596 51.502661", "From Aldersgate Street, Barbican to Heron Quays DLR, Canary Wharf"
"LINESTRING (-0.014409 51.49447,-0.021596 51.502661", "From East Ferry Road, Cubitt Town to Heron Quays DLR, Canary Wharf"
"LINESTRING (-0.086685 51.517075,-0.0985 51.51601", "From Finsbury Circus, Liverpool Street to King Edward Street, St Pauls"
"LINESTRING (-0.093885 51.517008,-0.0985 51.51601", "From Wood Street, Guildhall to King Edward Street, St Pauls"
"LINESTRING (-0.112824 51.503791,-0.0985 51.51601", "From Waterloo Station 3, Waterloo to King Edward Street, St Pauls"
"LINESTRING (-0.109025 51.534408,-0.0985 51.51601", "From Cloudesley Road, Angel to King Edward Street, St Pauls"
"LINESTRING (-0.09294 51.51397,-0.0985 51.51601", "From Cheapside, Bank to King Edward Street, St Pauls"
"LINESTRING (-0.09294 51.511553,-0.0985 51.51601", "From Queen Street 1, Bank to King Edward Street, St Pauls"
"LINESTRING (-0.102091 51.500693,-0.0985 51.51601", "From Webber Street , Southwark to King Edward Street, St Pauls"
"LINESTRING (-0.023565 51.515427,-0.0985 51.51601", "From Stainsby Road , Poplar to King Edward Street, St Pauls"
"LINESTRING (-0.086685 51.517075,-0.0985 51.51601", "From Finsbury Circus, Liverpool Street to King Edward Street, St Pauls"
"LINESTRING (-0.094934 51.522954,-0.0985 51.51601", "From Roscoe Street, St. Luke's to King Edward Street, St Pauls"
"LINESTRING (-0.09315 51.53356,-0.0985 51.51601", "From Eagle Wharf Road, Hoxton to King Edward Street, St Pauls"
"LINESTRING (-0.094934 51.522954,-0.0985 51.51601", "From Roscoe Street, St. Luke's to King Edward Street, St Pauls"
"LINESTRING (-0.054162 51.536424,-0.0985 51.51601", "From Victoria Park Road, Hackney Central to King Edward Street, St Pauls"
"LINESTRING (-0.069543 51.525645,-0.0985 51.51601", "From Granby Street, Shoreditch to King Edward Street, St Pauls"
"LINESTRING (-0.172528 51.533043,-0.0985 51.51601", "From Wellington Road, St. John's Wood to King Edward Street, St Pauls"
"LINESTRING (-0.099489 51.524868,-0.0985 51.51601", "From Sadlers Sports Centre, Finsbury to King Edward Street, St Pauls"
"LINESTRING (-0.083353 51.529537,-0.0985 51.51601", "From Fanshaw Street, Hoxton to King Edward Street, St Pauls"
"LINESTRING (-0.120202 51.523346,-0.0985 51.51601", "From Guilford Street , Bloomsbury to King Edward Street, St Pauls"
"LINESTRING (-0.083353 51.529537,-0.0985 51.51601", "From Fanshaw Street, Hoxton to King Edward Street, St Pauls"
"LINESTRING (-0.108657 51.51795,-0.0985 51.51601", "From Holborn Circus, Holborn to King Edward Street, St Pauls"
"LINESTRING (-0.112824 51.503791,-0.0985 51.51601", "From Waterloo Station 3, Waterloo to King Edward Street, St Pauls"
"LINESTRING (-0.123823 51.501513,-0.0985 51.51601", "From Westminster Pier, Westminster to King Edward Street, St Pauls"
"LINESTRING (-0.112753 51.51501,-0.0985 51.51601", "From Carey Street, Holborn to King Edward Street, St Pauls"
"LINESTRING (-0.116764 51.51362,-0.0985 51.51601", "From Houghton Street, Strand to King Edward Street, St Pauls"
"LINESTRING (-0.093885 51.517008,-0.0985 51.51601", "From Wood Street, Guildhall to King Edward Street, St Pauls"
"LINESTRING (-0.112824 51.503791,-0.0985 51.51601", "From Waterloo Station 3, Waterloo to King Edward Street, St Pauls"
"LINESTRING (-0.213872 51.51687,-0.0985 51.51601", "From St. Mark's Road, North Kensington to King Edward Street, St Pauls"
"LINESTRING (-0.102757 51.536384,-0.0985 51.51601", "From Islington Green, Angel to King Edward Street, St Pauls"
"LINESTRING (-0.139956 51.493573,-0.127554 51.493978", "From Queen Mother Sports Centre, Victoria to Page Street, Westminster"
"LINESTRING (-0.085814 51.495061,-0.127554 51.493978", "From Bricklayers Arms, Borough to Page Street, Westminster"
"LINESTRING (-0.179135 51.516417,-0.127554 51.493978", "From Eastbourne Mews, Paddington to Page Street, Westminster"
"LINESTRING (-0.110699 51.501444,-0.127554 51.493978", "From Baylis Road, Waterloo to Page Street, Westminster"
"LINESTRING (-0.103078 51.511934,-0.127554 51.493978", "From Blackfriars Station, St. Paul's to Page Street, Westminster"
"LINESTRING (-0.132845 51.489975,-0.127554 51.493978", "From Rampayne Street, Pimlico to Page Street, Westminster"
"LINESTRING (-0.147714 51.483507,-0.127554 51.493978", "From Battersea Power Station, Battersea Park to Page Street, Westminster"
"LINESTRING (-0.174411 51.511933,-0.127554 51.493978", "From Bayswater Road, Hyde Park to Page Street, Westminster"
"LINESTRING (-0.134621 51.507424,-0.127554 51.493978", "From St. James's Square, St. James's to Page Street, Westminster"
"LINESTRING (-0.124749 51.509462,-0.127554 51.493978", "From William IV Street, Strand to Page Street, Westminster"
"LINESTRING (-0.112824 51.503791,-0.127554 51.493978", "From Waterloo Station 3, Waterloo to Page Street, Westminster"
"LINESTRING (-0.141923 51.489856,-0.127554 51.493978", "From Warwick Square, Pimlico to Page Street, Westminster"
"LINESTRING (-0.123823 51.501513,-0.127554 51.493978", "From Westminster Pier, Westminster to Page Street, Westminster"
"LINESTRING (-0.209973 51.481021,-0.127554 51.493978", "From Aintree Street, Fulham to Page Street, Westminster"
"LINESTRING (-0.109914 51.531666,-0.127554 51.493978", "From Claremont Square, Angel to Page Street, Westminster"
"LINESTRING (-0.126874 51.47787,-0.127554 51.493978", "From Hartington Road, Stockwell to Page Street, Westminster"
"LINESTRING (-0.122492 51.486343,-0.127554 51.493978", "From Kennington Lane Rail Bridge, Vauxhall to Page Street, Westminster"
"LINESTRING (-0.125972 51.49764,-0.127554 51.493978", "From Abingdon Green, Westminster to Page Street, Westminster"
"LINESTRING (-0.176267 51.472876,-0.127554 51.493978", "From Vicarage Crescent, Battersea to Page Street, Westminster"
"LINESTRING (-0.088285 51.519069,-0.127554 51.493978", "From Moorfields, Moorgate to Page Street, Westminster"
"LINESTRING (-0.087262 51.506304,-0.127554 51.493978", "From Duke Street Hill, London Bridge to Page Street, Westminster"
"LINESTRING (-0.127554 51.493978,-0.127554 51.493978", "From Page Street, Westminster to Page Street, Westminster"
"LINESTRING (-0.191496 51.503157,-0.205991 51.501391", "From Kensington Church Street, Kensington to Abbotsbury Road, Holland Park"
"LINESTRING (-0.193068 51.500397,-0.205991 51.501391", "From Wright's Lane, Kensington to Abbotsbury Road, Holland Park"
"LINESTRING (-0.224103 51.509158,-0.205991 51.501391", "From Westfield Ariel Way, White City to Abbotsbury Road, Holland Park"
"LINESTRING (-0.224103 51.509158,-0.205991 51.501391", "From Westfield Ariel Way, White City to Abbotsbury Road, Holland Park"
"LINESTRING (-0.196422 51.509353,-0.205991 51.501391", "From Notting Hill Gate Station, Notting Hill to Abbotsbury Road, Holland Park"
"LINESTRING (-0.200742 51.502319,-0.205991 51.501391", "From Holland Park, Kensington to Abbotsbury Road, Holland Park"
"LINESTRING (-0.205876 51.475698,-0.205991 51.501391", "From Chesilton Road, Fulham to Abbotsbury Road, Holland Park"
"LINESTRING (-0.191496 51.503157,-0.205991 51.501391", "From Kensington Church Street, Kensington to Abbotsbury Road, Holland Park"
"LINESTRING (-0.186753 51.491615,-0.205991 51.501391", "From Collingham Gardens, Earl's Court to Abbotsbury Road, Holland Park"
"LINESTRING (-0.187402 51.51031,-0.205991 51.501391", "From Queensway, Kensington Gardens to Abbotsbury Road, Holland Park"
"LINESTRING (-0.187402 51.51031,-0.205991 51.501391", "From Queensway, Kensington Gardens to Abbotsbury Road, Holland Park"
"LINESTRING (-0.224103 51.509158,-0.205991 51.501391", "From Westfield Ariel Way, White City to Abbotsbury Road, Holland Park"
"LINESTRING (-0.211316 51.500088,-0.205991 51.501391", "From Russell Gardens, Olympia to Abbotsbury Road, Holland Park"
"LINESTRING (-0.205535 51.507481,-0.205991 51.501391", "From Lansdowne Road, Ladbroke Grove to Abbotsbury Road, Holland Park"
"LINESTRING (-0.224103 51.509158,-0.205991 51.501391", "From Westfield Ariel Way, White City to Abbotsbury Road, Holland Park"
"LINESTRING (-0.205535 51.507481,-0.205991 51.501391", "From Lansdowne Road, Ladbroke Grove to Abbotsbury Road, Holland Park"
"LINESTRING (-0.19024 51.515529,-0.205921 51.511624", "From Westbourne Grove, Bayswater to Ladbroke Grove Central, Ladbroke Grove"
"LINESTRING (-0.1844 51.502042,-0.205921 51.511624", "From Palace Gate, Kensington Gardens to Ladbroke Grove Central, Ladbroke Grove"
"LINESTRING (-0.09294 51.51397,-0.043371 51.518369", "From Cheapside, Bank to Rectory Square, Stepney"
"LINESTRING (-0.013258 51.528828,-0.043371 51.518369", "From Bromley High Street, Bow to Rectory Square, Stepney"
"LINESTRING (-0.076793 51.513406,-0.043371 51.518369", "From Jewry Street, Aldgate to Rectory Square, Stepney"
"LINESTRING (-0.073537 51.514233,-0.043371 51.518369", "From Braham Street, Aldgate to Rectory Square, Stepney"
"LINESTRING (-0.038986 51.512871,-0.043371 51.518369", "From Flamborough Street, Limehouse to Rectory Square, Stepney"
"LINESTRING (-0.027772 51.505703,-0.043371 51.518369", "From Westferry Circus, Canary Wharf to Rectory Square, Stepney"
"LINESTRING (-0.057159 51.511088,-0.043371 51.518369", "From Shadwell Station, Shadwell to Rectory Square, Stepney"
"LINESTRING (-0.075459 51.509506,-0.043371 51.518369", "From Tower Gardens , Tower to Rectory Square, Stepney"
"LINESTRING (-0.038986 51.512871,-0.043371 51.518369", "From Flamborough Street, Limehouse to Rectory Square, Stepney"
"LINESTRING (-0.055312 51.52568,-0.043371 51.518369", "From Bethnal Green Garden, Bethnal Green to Rectory Square, Stepney"
"LINESTRING (-0.047548 51.528869,-0.043371 51.518369", "From Globe Town Market, Bethnal Green to Rectory Square, Stepney"
"LINESTRING (-0.055312 51.52568,-0.043371 51.518369", "From Bethnal Green Garden, Bethnal Green to Rectory Square, Stepney"
"LINESTRING (-0.047548 51.528869,-0.043371 51.518369", "From Globe Town Market, Bethnal Green to Rectory Square, Stepney"
"LINESTRING (-0.017676 51.503083,-0.043371 51.518369", "From Upper Bank Street, Canary Wharf to Rectory Square, Stepney"
"LINESTRING (-0.049067 51.51563,-0.043371 51.518369", "From Aylward Street, Stepney to Rectory Square, Stepney"
"LINESTRING (-0.112824 51.503791,-0.12335 51.51746", "From Waterloo Station 3, Waterloo to Bury Place, Holborn"
"LINESTRING (-0.161113 51.522596,-0.12335 51.51746", "From Dorset Square, Marylebone to Bury Place, Holborn"
"LINESTRING (-0.179135 51.516417,-0.12335 51.51746", "From Eastbourne Mews, Paddington to Bury Place, Holborn"
"LINESTRING (-0.12335 51.51746,-0.12335 51.51746", "From Bury Place, Holborn to Bury Place, Holborn"
"LINESTRING (-0.193764 51.508605,-0.12335 51.51746", "From Palace Gardens Terrace, Notting Hill to Bury Place, Holborn"
"LINESTRING (-0.057544 51.504749,-0.12335 51.51746", "From Wapping Lane, Wapping to Bury Place, Holborn"
"LINESTRING (-0.183118 51.515607,-0.12335 51.51746", "From Cleveland Gardens, Bayswater to Bury Place, Holborn"
"LINESTRING (-0.12335 51.51746,-0.12335 51.51746", "From Bury Place, Holborn to Bury Place, Holborn"
"LINESTRING (-0.129386 51.534123,-0.12335 51.51746", "From Pancras Road, King's Cross to Bury Place, Holborn"
"LINESTRING (-0.156166 51.518913,-0.12335 51.51746", "From Baker Street, Marylebone to Bury Place, Holborn"
"LINESTRING (-0.138853 51.541603,-0.12335 51.51746", "From Bonny Street, Camden Town to Bury Place, Holborn"
"LINESTRING (-0.074754 51.523648,-0.12335 51.51746", "From Bethnal Green Road, Shoreditch to Bury Place, Holborn"
"LINESTRING (-0.131161 51.52505,-0.12335 51.51746", "From Taviton Street, Bloomsbury to Bury Place, Holborn"
"LINESTRING (-0.068161 51.509786,-0.12335 51.51746", "From Dock Street, Wapping to Bury Place, Holborn"
"LINESTRING (-0.077121 51.511594,-0.12335 51.51746", "From Crosswall, Tower to Bury Place, Holborn"
"LINESTRING (-0.131861 51.527068,-0.12335 51.51746", "From Euston Square Gardens, Euston to Bury Place, Holborn"
"LINESTRING (-0.00699 51.508981,-0.009152 51.499286", "From Naval Row, Blackwall to Preston's Road, Cubitt Town"
"LINESTRING (-0.009205 51.489096,-0.009152 51.499286", "From Stebondale Street, Cubitt Town to Preston's Road, Cubitt Town"
"LINESTRING (-0.013258 51.528828,-0.009152 51.499286", "From Bromley High Street, Bow to Preston's Road, Cubitt Town"
"LINESTRING (-0.007542 51.493381,-0.009152 51.499286", "From Jubilee Crescent, Cubitt Town to Preston's Road, Cubitt Town"
"LINESTRING (-0.021345 51.519265,-0.009152 51.499286", "From Furze Green, Bow to Preston's Road, Cubitt Town"
"LINESTRING (-0.124749 51.509462,-0.117619 51.509943", "From William IV Street, Strand to Somerset House, Strand"
"LINESTRING (-0.055656 51.514222,-0.117619 51.509943", "From Watney Market, Stepney to Somerset House, Strand"
"LINESTRING (-0.074704 51.500845,-0.117619 51.509943", "From Tower Wharf, Bermondsey to Somerset House, Strand"
"LINESTRING (-0.055167 51.508447,-0.117619 51.509943", "From Garnet Street, Shadwell to Somerset House, Strand"
"LINESTRING (-0.174971 51.485121,-0.117619 51.509943", "From The Vale, Chelsea to Somerset House, Strand"
"LINESTRING (-0.132845 51.489975,-0.117619 51.509943", "From Rampayne Street, Pimlico to Somerset House, Strand"
"LINESTRING (-0.082989 51.510484,-0.117619 51.509943", "From Great Tower Street, Monument to Somerset House, Strand"
"LINESTRING (-0.093051 51.511246,-0.117619 51.509943", "From Queen Street 2, Bank to Somerset House, Strand"
"LINESTRING (-0.096496 51.517821,-0.117619 51.509943", "From Museum of London, Barbican to Somerset House, Strand"
"LINESTRING (-0.096496 51.517821,-0.117619 51.509943", "From Museum of London, Barbican to Somerset House, Strand"
"LINESTRING (-0.091773 51.504627,-0.117619 51.509943", "From Hop Exchange, The Borough to Somerset House, Strand"
"LINESTRING (-0.168917 51.497056,-0.117619 51.509943", "From Holy Trinity Brompton, Knightsbridge to Somerset House, Strand"
"LINESTRING (-0.06691 51.507131,-0.117619 51.509943", "From Nesham Street, Wapping to Somerset House, Strand"
"LINESTRING (-0.113426 51.503919,-0.117619 51.509943", "From Waterloo Station 2, Waterloo to Somerset House, Strand"
"LINESTRING (-0.117619 51.509943,-0.117619 51.509943", "From Somerset House, Strand to Somerset House, Strand"
"LINESTRING (-0.093051 51.511246,-0.117619 51.509943", "From Queen Street 2, Bank to Somerset House, Strand"
"LINESTRING (-0.09294 51.511553,-0.117619 51.509943", "From Queen Street 1, Bank to Somerset House, Strand"
"LINESTRING (-0.127554 51.493978,-0.117619 51.509943", "From Page Street, Westminster to Somerset House, Strand"
"LINESTRING (-0.113426 51.503919,-0.117619 51.509943", "From Waterloo Station 2, Waterloo to Somerset House, Strand"
"LINESTRING (-0.055167 51.508447,-0.117619 51.509943", "From Garnet Street, Shadwell to Somerset House, Strand"
"LINESTRING (-0.165471 51.498884,-0.117619 51.509943", "From Montpelier Street, Knightsbridge to Somerset House, Strand"
"LINESTRING (-0.097441 51.511961,-0.117619 51.509943", "From Queen Victoria Street, St. Paul's to Somerset House, Strand"
"LINESTRING (-0.08497 51.50964,-0.117619 51.509943", "From Monument Street, Monument to Somerset House, Strand"
"LINESTRING (-0.102757 51.536384,-0.117619 51.509943", "From Islington Green, Angel to Somerset House, Strand"
"LINESTRING (-0.103078 51.511934,-0.117619 51.509943", "From Blackfriars Station, St. Paul's to Somerset House, Strand"
"LINESTRING (-0.087587 51.514441,-0.117619 51.509943", "From Bank of England Museum, Bank to Somerset House, Strand"
"LINESTRING (-0.180274 51.481805,-0.117619 51.509943", "From World's End Place, West Chelsea to Somerset House, Strand"
"LINESTRING (-0.079201 51.537277,-0.117619 51.509943", "From Hertford Road, De Beauvoir Town to Somerset House, Strand"
"LINESTRING (-0.132845 51.489975,-0.117619 51.509943", "From Rampayne Street, Pimlico to Somerset House, Strand"
"LINESTRING (-0.055656 51.514222,-0.117619 51.509943", "From Watney Market, Stepney to Somerset House, Strand"
"LINESTRING (-0.113426 51.503919,-0.117619 51.509943", "From Waterloo Station 2, Waterloo to Somerset House, Strand"
"LINESTRING (-0.168917 51.497056,-0.117619 51.509943", "From Holy Trinity Brompton, Knightsbridge to Somerset House, Strand"
"LINESTRING (-0.129698 51.500703,-0.117619 51.509943", "From Storey's Gate, Westminster to Somerset House, Strand"
"LINESTRING (-0.18119 51.485587,-0.117619 51.509943", "From Limerston Street, West Chelsea to Somerset House, Strand"
"LINESTRING (-0.069542 51.512363,-0.117619 51.509943", "From Leman Street, Aldgate to Somerset House, Strand"
"LINESTRING (-0.093051 51.511246,-0.117619 51.509943", "From Queen Street 2, Bank to Somerset House, Strand"
"LINESTRING (-0.069542 51.512363,-0.117619 51.509943", "From Leman Street, Aldgate to Somerset House, Strand"
"LINESTRING (-0.077121 51.511594,-0.117619 51.509943", "From Crosswall, Tower to Somerset House, Strand"
"LINESTRING (-0.138212 51.481335,-0.117619 51.509943", "From Riverlight South, Nine Elms to Somerset House, Strand"
"LINESTRING (-0.097441 51.511961,-0.117619 51.509943", "From Queen Victoria Street, St. Paul's to Somerset House, Strand"
"LINESTRING (-0.105344 51.515059,-0.117619 51.509943", "From St. Bride Street, Holborn to Somerset House, Strand"
"LINESTRING (-0.135635 51.488226,-0.117619 51.509943", "From St. George's Square, Pimlico to Somerset House, Strand"
"LINESTRING (-0.083632 51.502153,-0.117619 51.509943", "From Snowsfields, London Bridge to Somerset House, Strand"
"LINESTRING (-0.082989 51.510484,-0.117619 51.509943", "From Great Tower Street, Monument to Somerset House, Strand"
"LINESTRING (-0.119047 51.509631,-0.117619 51.509943", "From Embankment (Savoy), Strand to Somerset House, Strand"
"LINESTRING (-0.069542 51.512363,-0.117619 51.509943", "From Leman Street, Aldgate to Somerset House, Strand"
"LINESTRING (-0.117619 51.509943,-0.117619 51.509943", "From Somerset House, Strand to Somerset House, Strand"
"LINESTRING (-0.053558 51.511066,-0.117619 51.509943", "From Sutton Street, Shadwell to Somerset House, Strand"
"LINESTRING (-0.07962 51.503493,-0.117619 51.509943", "From Tooley Street, Bermondsey to Somerset House, Strand"
"LINESTRING (-0.141728 51.539099,-0.117619 51.509943", "From Greenland Road, Camden Town to Somerset House, Strand"
"LINESTRING (-0.066035 51.531864,-0.117619 51.509943", "From Goldsmith's Row, Haggerston to Somerset House, Strand"
"LINESTRING (-0.168917 51.497056,-0.117619 51.509943", "From Holy Trinity Brompton, Knightsbridge to Somerset House, Strand"
"LINESTRING (-0.066078 51.514924,-0.117619 51.509943", "From LMU Commercial Road, Whitechapel to Somerset House, Strand"
"LINESTRING (-0.136928 51.493985,-0.117619 51.509943", "From Vincent Square, Westminster to Somerset House, Strand"
"LINESTRING (-0.136928 51.493985,-0.117619 51.509943", "From Vincent Square, Westminster to Somerset House, Strand"
"LINESTRING (-0.183289 51.496462,-0.117619 51.509943", "From Gloucester Road (Central), South Kensington to Somerset House, Strand"
"LINESTRING (-0.053177 51.515975,-0.063386 51.521905", "From Jubilee Street, Stepney to Selby Street, Whitechapel"
"LINESTRING (-0.029138 51.516196,-0.063386 51.521905", "From Burdett Road, Mile End to Selby Street, Whitechapel"
"LINESTRING (-0.083353 51.529537,-0.063386 51.521905", "From Fanshaw Street, Hoxton to Selby Street, Whitechapel"
"LINESTRING (-0.032566 51.520597,-0.063386 51.521905", "From Mile End Park Leisure Centre, Mile End to Selby Street, Whitechapel"
"LINESTRING (-0.06555 51.528681,-0.063386 51.521905", "From Durant Street, Bethnal Green to Selby Street, Whitechapel"
"LINESTRING (-0.036017 51.525941,-0.063386 51.521905", "From Clinton Road, Mile End to Selby Street, Whitechapel"
"LINESTRING (-0.071881 51.534776,-0.063386 51.521905", "From Thurtle Road, Haggerston to Selby Street, Whitechapel"
"LINESTRING (-0.056667 51.511542,-0.063386 51.521905", "From Watney Street, Shadwell to Selby Street, Whitechapel"
"LINESTRING (-0.073955 51.526293,-0.063386 51.521905", "From Palissy Street, Shoreditch to Selby Street, Whitechapel"
"LINESTRING (-0.060291 51.535716,-0.063386 51.521905", "From Ada Street, Hackney Central to Selby Street, Whitechapel"
"LINESTRING (-0.058005 51.527152,-0.063386 51.521905", "From Pott Street, Bethnal Green to Selby Street, Whitechapel"
"LINESTRING (-0.075578 51.52127,-0.063386 51.521905", "From Commercial Street, Shoreditch to Selby Street, Whitechapel"
"LINESTRING (-0.055894 51.528936,-0.063386 51.521905", "From York Hall, Bethnal Green to Selby Street, Whitechapel"
"LINESTRING (-0.08249 51.53558,-0.063386 51.521905", "From Pitfield Street North,Hoxton to Selby Street, Whitechapel"
"LINESTRING (-0.029138 51.516196,-0.063386 51.521905", "From Burdett Road, Mile End to Selby Street, Whitechapel"
"LINESTRING (-0.073955 51.526293,-0.063386 51.521905", "From Palissy Street, Shoreditch to Selby Street, Whitechapel"
"LINESTRING (-0.054883 51.522561,-0.063386 51.521905", "From Cephas Street, Bethnal Green to Selby Street, Whitechapel"
"LINESTRING (-0.0786 51.500647,-0.063386 51.521905", "From Tanner Street, Bermondsey to Selby Street, Whitechapel"
"LINESTRING (-0.088542 51.527025,-0.063386 51.521905", "From Baldwin Street, St. Luke's to Selby Street, Whitechapel"
"LINESTRING (-0.057544 51.504749,-0.063386 51.521905", "From Wapping Lane, Wapping to Selby Street, Whitechapel"
"LINESTRING (-0.055656 51.514222,-0.063386 51.521905", "From Watney Market, Stepney to Selby Street, Whitechapel"
"LINESTRING (-0.047218 51.526041,-0.063386 51.521905", "From Bancroft Road, Bethnal Green to Selby Street, Whitechapel"
"LINESTRING (-0.047548 51.528869,-0.063386 51.521905", "From Globe Town Market, Bethnal Green to Selby Street, Whitechapel"
"LINESTRING (-0.062546 51.535678,-0.063386 51.521905", "From Regent's Row , Haggerston to Selby Street, Whitechapel"
"LINESTRING (-0.062546 51.535678,-0.063386 51.521905", "From Regent's Row , Haggerston to Selby Street, Whitechapel"
"LINESTRING (-0.187404 51.487958,-0.224103 51.509158", "From Harcourt Terrace, West Brompton to Westfield Ariel Way, White City"
"LINESTRING (-0.191803 51.473611,-0.224103 51.509158", "From Sandilands Road, Walham Green to Westfield Ariel Way, White City"
"LINESTRING (-0.201554 51.512136,-0.224103 51.509158", "From Chepstow Villas, Notting Hill to Westfield Ariel Way, White City"
"LINESTRING (-0.205991 51.501391,-0.224103 51.509158", "From Abbotsbury Road, Holland Park to Westfield Ariel Way, White City"
"LINESTRING (-0.21186 51.483217,-0.224103 51.509158", "From Humbolt Road, Fulham to Westfield Ariel Way, White City"
"LINESTRING (-0.197574 51.499606,-0.224103 51.509158", "From Phillimore Gardens, Kensington to Westfield Ariel Way, White City"
"LINESTRING (-0.209973 51.481021,-0.224103 51.509158", "From Aintree Street, Fulham to Westfield Ariel Way, White City"
"LINESTRING (-0.192369 51.491593,-0.224103 51.509158", "From Penywern Road, Earl's Court to Westfield Ariel Way, White City"
"LINESTRING (-0.209378 51.489591,-0.224103 51.509158", "From Vereker Road, West Kensington to Westfield Ariel Way, White City"
"LINESTRING (-0.193764 51.508605,-0.224103 51.509158", "From Palace Gardens Terrace, Notting Hill to Westfield Ariel Way, White City"
"LINESTRING (-0.215804 51.494347,-0.224103 51.509158", "From Brook Green South, Brook Green to Westfield Ariel Way, White City"
"LINESTRING (-0.137235 51.473116,-0.224103 51.509158", "From Stewart's Road, Wandsworth Road to Westfield Ariel Way, White City"
"LINESTRING (-0.137043 51.511897,-0.224103 51.509158", "From Golden Square, Soho to Westfield Ariel Way, White City"
"LINESTRING (-0.205279 51.487244,-0.224103 51.509158", "From Star Road, West Kensington to Westfield Ariel Way, White City"
"LINESTRING (-0.214428 51.486062,-0.224103 51.509158", "From Greyhound Road, Hammersmith to Westfield Ariel Way, White City"
"LINESTRING (-0.208565 51.515108,-0.224103 51.509158", "From Blenheim Crescent, Ladbroke Grove to Westfield Ariel Way, White City"
"LINESTRING (-0.209494 51.498157,-0.224103 51.509158", "From Kensington Olympia Station, Olympia to Westfield Ariel Way, White City"
"LINESTRING (-0.215804 51.494347,-0.224103 51.509158", "From Brook Green South, Brook Green to Westfield Ariel Way, White City"
"LINESTRING (-0.210279 51.468814,-0.224103 51.509158", "From Putney Bridge Station, Fulham to Westfield Ariel Way, White City"
"LINESTRING (-0.204764 51.519042,-0.224103 51.509158", "From All Saints' Road, Portobello to Westfield Ariel Way, White City"
"LINESTRING (-0.229116 51.492084,-0.224103 51.509158", "From Bridge Avenue, Hammersmith to Westfield Ariel Way, White City"
"LINESTRING (-0.157436 51.512276,-0.224103 51.509158", "From Green Street, Mayfair to Westfield Ariel Way, White City"
"LINESTRING (-0.138019 51.524438,-0.224103 51.509158", "From Warren Street Station, Euston to Westfield Ariel Way, White City"
"LINESTRING (-0.209378 51.489591,-0.224103 51.509158", "From Vereker Road, West Kensington to Westfield Ariel Way, White City"
"LINESTRING (-0.191803 51.473611,-0.224103 51.509158", "From Sandilands Road, Walham Green to Westfield Ariel Way, White City"
"LINESTRING (-0.215804 51.494347,-0.224103 51.509158", "From Brook Green South, Brook Green to Westfield Ariel Way, White City"
"LINESTRING (-0.215804 51.494347,-0.224103 51.509158", "From Brook Green South, Brook Green to Westfield Ariel Way, White City"
"LINESTRING (-0.20782 51.473471,-0.224103 51.509158", "From Fulham Park Road, Fulham to Westfield Ariel Way, White City"
"LINESTRING (-0.205991 51.501391,-0.224103 51.509158", "From Abbotsbury Road, Holland Park to Westfield Ariel Way, White City"
"LINESTRING (-0.183289 51.496462,-0.224103 51.509158", "From Gloucester Road (Central), South Kensington to Westfield Ariel Way, White City"
"LINESTRING (-0.139221 51.461388,-0.224103 51.509158", "From Clapham Common Station, Clapham Common to Westfield Ariel Way, White City"
"LINESTRING (-0.120973 51.530059,-0.18697 51.51616", "From St. Chad's Street, King's Cross to Bishop's Bridge Road West, Bayswater"
"LINESTRING (-0.169774 51.519968,-0.18697 51.51616", "From Edgware Road Station, Marylebone to Bishop's Bridge Road West, Bayswater"
"LINESTRING (-0.191496 51.503157,-0.18697 51.51616", "From Kensington Church Street, Kensington to Bishop's Bridge Road West, Bayswater"
"LINESTRING (-0.200838 51.514311,-0.18697 51.51616", "From Turquoise Island, Notting Hill to Bishop's Bridge Road West, Bayswater"
"LINESTRING (-0.17306 51.505014,-0.18697 51.51616", "From Serpentine Car Park, Hyde Park to Bishop's Bridge Road West, Bayswater"
"LINESTRING (-0.150905 51.496544,-0.18697 51.51616", "From Eaton Square, Belgravia to Bishop's Bridge Road West, Bayswater"
"LINESTRING (-0.179592 51.525575,-0.18697 51.51616", "From Clifton Road, Maida Vale to Bishop's Bridge Road West, Bayswater"
"LINESTRING (-0.179668 51.511654,-0.18697 51.51616", "From Lancaster Gate , Bayswater to Bishop's Bridge Road West, Bayswater"
"LINESTRING (-0.17977 51.51348,-0.18697 51.51616", "From Devonshire Terrace, Bayswater to Bishop's Bridge Road West, Bayswater"
"LINESTRING (-0.170279 51.506451,-0.18697 51.51616", "From Triangle Car Park, Hyde Park to Bishop's Bridge Road West, Bayswater"
"LINESTRING (-0.16862 51.53256,-0.18697 51.51616", "From Greenberry Street, St.John's Wood to Bishop's Bridge Road West, Bayswater"
"LINESTRING (-0.179668 51.511654,-0.18697 51.51616", "From Lancaster Gate , Bayswater to Bishop's Bridge Road West, Bayswater"
"LINESTRING (-0.183118 51.515607,-0.18697 51.51616", "From Cleveland Gardens, Bayswater to Bishop's Bridge Road West, Bayswater"
"LINESTRING (-0.205535 51.507481,-0.18697 51.51616", "From Lansdowne Road, Ladbroke Grove to Bishop's Bridge Road West, Bayswater"
"LINESTRING (-0.166221 51.490714,-0.18697 51.51616", "From Chelsea Green, Chelsea to Bishop's Bridge Road West, Bayswater"
"LINESTRING (-0.164393 51.516517,-0.18697 51.51616", "From Nutford Place, Marylebone to Bishop's Bridge Road West, Bayswater"
"LINESTRING (-0.183846 51.523344,-0.18697 51.51616", "From Warwick Avenue Station, Maida Vale to Bishop's Bridge Road West, Bayswater"
"LINESTRING (-0.179592 51.525575,-0.18697 51.51616", "From Clifton Road, Maida Vale to Bishop's Bridge Road West, Bayswater"
"LINESTRING (-0.147624 51.49395,-0.18697 51.51616", "From Eccleston Place, Victoria to Bishop's Bridge Road West, Bayswater"
"LINESTRING (-0.138733 51.496753,-0.18697 51.51616", "From Howick Place, Westminster to Bishop's Bridge Road West, Bayswater"
"LINESTRING (-0.169774 51.519968,-0.18697 51.51616", "From Edgware Road Station, Marylebone to Bishop's Bridge Road West, Bayswater"
"LINESTRING (-0.174554 51.499917,-0.18697 51.51616", "From Exhibition Road, Knightsbridge to Bishop's Bridge Road West, Bayswater"
"LINESTRING (-0.169249 51.515953,-0.18697 51.51616", "From Southwick Street, Paddington to Bishop's Bridge Road West, Bayswater"
"LINESTRING (-0.200804 51.520509,-0.18697 51.51616", "From The Metropolitan, Portobello to Bishop's Bridge Road West, Bayswater"
"LINESTRING (-0.174554 51.499917,-0.18697 51.51616", "From Exhibition Road, Knightsbridge to Bishop's Bridge Road West, Bayswater"
"LINESTRING (-0.183846 51.523344,-0.18697 51.51616", "From Warwick Avenue Station, Maida Vale to Bishop's Bridge Road West, Bayswater"
"LINESTRING (-0.171681 51.522892,-0.18697 51.51616", "From Penfold Street, Marylebone to Bishop's Bridge Road West, Bayswater"
"LINESTRING (-0.168917 51.497056,-0.18697 51.51616", "From Holy Trinity Brompton, Knightsbridge to Bishop's Bridge Road West, Bayswater"
"LINESTRING (-0.173693 51.495948,-0.18697 51.51616", "From Exhibition Road Museums 2, South Kensington to Bishop's Bridge Road West, Bayswater"
"LINESTRING (-0.202038 51.48357,-0.18697 51.51616", "From Coomer Place, West Kensington to Bishop's Bridge Road West, Bayswater"
"LINESTRING (-0.103132 51.498744,-0.08299 51.53213", "From LSBU (Borough Road), Elephant & Castle to Pitfield Street Central, Hoxton"
"LINESTRING (-0.083353 51.529537,-0.08299 51.53213", "From Fanshaw Street, Hoxton to Pitfield Street Central, Hoxton"
"LINESTRING (-0.0801 51.52959,-0.08299 51.53213", "From Hoxton Street, Hoxton to Pitfield Street Central, Hoxton"
"LINESTRING (-0.109914 51.531666,-0.08299 51.53213", "From Claremont Square, Angel to Pitfield Street Central, Hoxton"
"LINESTRING (-0.078869 51.521113,-0.08299 51.53213", "From Norton Folgate, Liverpool Street to Pitfield Street Central, Hoxton"
"LINESTRING (-0.066035 51.531864,-0.08299 51.53213", "From Goldsmith's Row, Haggerston to Pitfield Street Central, Hoxton"
"LINESTRING (-0.075375 51.528187,-0.08299 51.53213", "From Columbia Road, Shoreditch to Pitfield Street Central, Hoxton"
"LINESTRING (-0.093051 51.511246,-0.08299 51.53213", "From Queen Street 2, Bank to Pitfield Street Central, Hoxton"
"LINESTRING (-0.089782 51.53089,-0.08299 51.53213", "From Murray Grove , Hoxton to Pitfield Street Central, Hoxton"
"LINESTRING (-0.093051 51.511246,-0.08299 51.53213", "From Queen Street 2, Bank to Pitfield Street Central, Hoxton"
"LINESTRING (-0.04667 51.521889,-0.08299 51.53213", "From Stepney Green Station, Stepney to Pitfield Street Central, Hoxton"
"LINESTRING (-0.089887 51.520858,-0.08299 51.53213", "From Bunhill Row, Moorgate to Pitfield Street Central, Hoxton"
"LINESTRING (-0.089659 51.52548,-0.08299 51.53213", "From Old Street Station, St. Luke's to Pitfield Street Central, Hoxton"
"LINESTRING (-0.099981 51.532661,-0.08299 51.53213", "From Graham Street, Angel to Pitfield Street Central, Hoxton"
"LINESTRING (-0.09294 51.51397,-0.08299 51.53213", "From Cheapside, Bank to Pitfield Street Central, Hoxton"
"LINESTRING (-0.093421 51.529154,-0.08299 51.53213", "From Windsor Terrace, Hoxton to Pitfield Street Central, Hoxton"
"LINESTRING (-0.093421 51.529154,-0.08299 51.53213", "From Windsor Terrace, Hoxton to Pitfield Street Central, Hoxton"
"LINESTRING (-0.109256 51.526443,-0.08299 51.53213", "From Tysoe Street, Clerkenwell to Pitfield Street Central, Hoxton"
"LINESTRING (-0.07813 51.526377,-0.08299 51.53213", "From Shoreditch High Street, Shoreditch to Pitfield Street Central, Hoxton"
"LINESTRING (-0.083493 51.520955,-0.08299 51.53213", "From Pindar Street, Liverpool Street to Pitfield Street Central, Hoxton"
"LINESTRING (-0.04667 51.521889,-0.08299 51.53213", "From Stepney Green Station, Stepney to Pitfield Street Central, Hoxton"
"LINESTRING (-0.07813 51.526377,-0.08299 51.53213", "From Shoreditch High Street, Shoreditch to Pitfield Street Central, Hoxton"
"LINESTRING (-0.027772 51.505703,-0.017676 51.503083", "From Westferry Circus, Canary Wharf to Upper Bank Street, Canary Wharf"
"LINESTRING (-0.025996 51.509303,-0.017676 51.503083", "From Westferry DLR, Limehouse to Upper Bank Street, Canary Wharf"
"LINESTRING (-0.008428 51.503143,-0.017676 51.503083", "From Lancaster Drive, Blackwall to Upper Bank Street, Canary Wharf"
"LINESTRING (-0.007542 51.493381,-0.017676 51.503083", "From Jubilee Crescent, Cubitt Town to Upper Bank Street, Canary Wharf"
"LINESTRING (-0.017676 51.503083,-0.017676 51.503083", "From Upper Bank Street, Canary Wharf to Upper Bank Street, Canary Wharf"
"LINESTRING (-0.042744 51.530326,-0.017676 51.503083", "From Twig Folly Bridge, Mile End to Upper Bank Street, Canary Wharf"
"LINESTRING (-0.027772 51.505703,-0.017676 51.503083", "From Westferry Circus, Canary Wharf to Upper Bank Street, Canary Wharf"
"LINESTRING (-0.058641 51.515256,-0.017676 51.503083", "From Philpot Street, Whitechapel to Upper Bank Street, Canary Wharf"
"LINESTRING (-0.009506 51.496454,-0.017676 51.503083", "From St. John's Park, Cubitt Town to Upper Bank Street, Canary Wharf"
"LINESTRING (-0.008428 51.503143,-0.017676 51.503083", "From Lancaster Drive, Blackwall to Upper Bank Street, Canary Wharf"
"LINESTRING (-0.00699 51.508981,-0.017676 51.503083", "From Naval Row, Blackwall to Upper Bank Street, Canary Wharf"
"LINESTRING (-0.029138 51.516196,-0.017676 51.503083", "From Burdett Road, Mile End to Upper Bank Street, Canary Wharf"
"LINESTRING (-0.017676 51.503083,-0.017676 51.503083", "From Upper Bank Street, Canary Wharf to Upper Bank Street, Canary Wharf"
"LINESTRING (-0.014409 51.49447,-0.017676 51.503083", "From East Ferry Road, Cubitt Town to Upper Bank Street, Canary Wharf"
"LINESTRING (-0.009152 51.499286,-0.017676 51.503083", "From Preston's Road, Cubitt Town to Upper Bank Street, Canary Wharf"
"LINESTRING (-0.005659 51.513548,-0.017676 51.503083", "From Aberfeldy Street, Poplar to Upper Bank Street, Canary Wharf"
"LINESTRING (-0.020068 51.50357,-0.017676 51.503083", "From Jubilee Plaza, Canary Wharf to Upper Bank Street, Canary Wharf"
"LINESTRING (-0.008428 51.503143,-0.017676 51.503083", "From Lancaster Drive, Blackwall to Upper Bank Street, Canary Wharf"
"LINESTRING (-0.014409 51.49447,-0.017676 51.503083", "From East Ferry Road, Cubitt Town to Upper Bank Street, Canary Wharf"
"LINESTRING (-0.053177 51.515975,-0.017676 51.503083", "From Jubilee Street, Stepney to Upper Bank Street, Canary Wharf"
"LINESTRING (-0.075459 51.509506,-0.017676 51.503083", "From Tower Gardens , Tower to Upper Bank Street, Canary Wharf"
"LINESTRING (-0.014409 51.49447,-0.017676 51.503083", "From East Ferry Road, Cubitt Town to Upper Bank Street, Canary Wharf"
"LINESTRING (-0.005659 51.513548,-0.017676 51.503083", "From Aberfeldy Street, Poplar to Upper Bank Street, Canary Wharf"
"LINESTRING (-0.020068 51.50357,-0.017676 51.503083", "From Jubilee Plaza, Canary Wharf to Upper Bank Street, Canary Wharf"
"LINESTRING (-0.043371 51.518369,-0.017676 51.503083", "From Rectory Square, Stepney to Upper Bank Street, Canary Wharf"
"LINESTRING (-0.007542 51.493381,-0.017676 51.503083", "From Jubilee Crescent, Cubitt Town to Upper Bank Street, Canary Wharf"
"LINESTRING (-0.043371 51.518369,-0.017676 51.503083", "From Rectory Square, Stepney to Upper Bank Street, Canary Wharf"
"LINESTRING (-0.036017 51.525941,-0.017676 51.503083", "From Clinton Road, Mile End to Upper Bank Street, Canary Wharf"
"LINESTRING (-0.017676 51.503083,-0.017676 51.503083", "From Upper Bank Street, Canary Wharf to Upper Bank Street, Canary Wharf"
"LINESTRING (-0.149035 51.481121,-0.017676 51.503083", "From Sopwith Way, Battersea Park to Upper Bank Street, Canary Wharf"
"LINESTRING (-0.008428 51.503143,-0.017676 51.503083", "From Lancaster Drive, Blackwall to Upper Bank Street, Canary Wharf"
"LINESTRING (-0.025626 51.511811,-0.017676 51.503083", "From Canton Street, Poplar to Upper Bank Street, Canary Wharf"
"LINESTRING (-0.009506 51.496454,-0.017676 51.503083", "From St. John's Park, Cubitt Town to Upper Bank Street, Canary Wharf"
"LINESTRING (-0.027772 51.505703,-0.017676 51.503083", "From Westferry Circus, Canary Wharf to Upper Bank Street, Canary Wharf"
"LINESTRING (-0.025996 51.509303,-0.017676 51.503083", "From Westferry DLR, Limehouse to Upper Bank Street, Canary Wharf"
"LINESTRING (-0.027772 51.505703,-0.017676 51.503083", "From Westferry Circus, Canary Wharf to Upper Bank Street, Canary Wharf"
"LINESTRING (-0.213872 51.51687,-0.218337 51.506256", "From St. Mark's Road, North Kensington to Westfield Southern Terrace ,Shepherd's Bush"
"LINESTRING (-0.213872 51.51687,-0.218337 51.506256", "From St. Mark's Road, North Kensington to Westfield Southern Terrace ,Shepherd's Bush"
"LINESTRING (-0.208888 51.5212,-0.218337 51.506256", "From Bevington Road West, North Kensington to Westfield Southern Terrace ,Shepherd's Bush"
"LINESTRING (-0.205991 51.501391,-0.218337 51.506256", "From Abbotsbury Road, Holland Park to Westfield Southern Terrace ,Shepherd's Bush"
"LINESTRING (-0.205991 51.501391,-0.218337 51.506256", "From Abbotsbury Road, Holland Park to Westfield Southern Terrace ,Shepherd's Bush"
"LINESTRING (-0.219486 51.512981,-0.218337 51.506256", "From Freston Road, Avondale to Westfield Southern Terrace ,Shepherd's Bush"
"LINESTRING (-0.202608 51.51632,-0.218337 51.506256", "From All Saints Church, Portobello to Westfield Southern Terrace ,Shepherd's Bush"
"LINESTRING (-0.205991 51.501391,-0.218337 51.506256", "From Abbotsbury Road, Holland Park to Westfield Southern Terrace ,Shepherd's Bush"
"LINESTRING (-0.19096 51.51244,-0.218337 51.506256", "From Ilchester Gardens, Bayswater to Westfield Southern Terrace ,Shepherd's Bush"
"LINESTRING (-0.213872 51.51687,-0.218337 51.506256", "From St. Mark's Road, North Kensington to Westfield Southern Terrace ,Shepherd's Bush"
"LINESTRING (-0.218337 51.506256,-0.218337 51.506256", "From Westfield Southern Terrace ,Shepherd's Bush to Westfield Southern Terrace ,Shepherd's Bush"
"LINESTRING (-0.213872 51.51687,-0.218337 51.506256", "From St. Mark's Road, North Kensington to Westfield Southern Terrace ,Shepherd's Bush"
"LINESTRING (-0.19024 51.515529,-0.218337 51.506256", "From Westbourne Grove, Bayswater to Westfield Southern Terrace ,Shepherd's Bush"
"LINESTRING (-0.205991 51.501391,-0.218337 51.506256", "From Abbotsbury Road, Holland Park to Westfield Southern Terrace ,Shepherd's Bush"
"LINESTRING (-0.228188 51.494499,-0.218337 51.506256", "From Southerton Road, Hammersmith to Westfield Southern Terrace ,Shepherd's Bush"
"LINESTRING (-0.202608 51.51632,-0.218337 51.506256", "From All Saints Church, Portobello to Westfield Southern Terrace ,Shepherd's Bush"
"LINESTRING (-0.218337 51.506256,-0.218337 51.506256", "From Westfield Southern Terrace ,Shepherd's Bush to Westfield Southern Terrace ,Shepherd's Bush"
"LINESTRING (-0.137424 51.498865,-0.218337 51.506256", "From Buckingham Gate, Westminster to Westfield Southern Terrace ,Shepherd's Bush"
"LINESTRING (-0.225787 51.514767,-0.218337 51.506256", "From BBC White City, White City to Westfield Southern Terrace ,Shepherd's Bush"
"LINESTRING (-0.197245 51.497387,-0.218337 51.506256", "From Abingdon Villas, Kensington to Westfield Southern Terrace ,Shepherd's Bush"
"LINESTRING (-0.179668 51.511654,-0.218337 51.506256", "From Lancaster Gate , Bayswater to Westfield Southern Terrace ,Shepherd's Bush"
"LINESTRING (-0.176268 51.524826,-0.141728 51.539099", "From Aberdeen Place, St. John's Wood to Greenland Road, Camden Town"
"LINESTRING (-0.141423 51.514499,-0.141728 51.539099", "From Little Argyll Street, West End to Greenland Road, Camden Town"
"LINESTRING (-0.142345 51.510662,-0.141728 51.539099", "From Clifford Street, Mayfair to Greenland Road, Camden Town"
"LINESTRING (-0.133952 51.536264,-0.141728 51.539099", "From Royal College Street, Camden Town to Greenland Road, Camden Town"
"LINESTRING (-0.139174 51.533019,-0.141728 51.539099", "From Harrington Square 1, Camden Town to Greenland Road, Camden Town"
"LINESTRING (-0.139174 51.533019,-0.141728 51.539099", "From Harrington Square 1, Camden Town to Greenland Road, Camden Town"
"LINESTRING (-0.125441 51.541596,-0.141728 51.539099", "From York Way, Kings Cross to Greenland Road, Camden Town"
"LINESTRING (-0.138019 51.524438,-0.141728 51.539099", "From Warren Street Station, Euston to Greenland Road, Camden Town"
"LINESTRING (-0.129386 51.534123,-0.141728 51.539099", "From Pancras Road, King's Cross to Greenland Road, Camden Town"
"LINESTRING (-0.150481 51.51217,-0.141728 51.539099", "From Grosvenor Square, Mayfair to Greenland Road, Camden Town"
"LINESTRING (-0.141423 51.514499,-0.141728 51.539099", "From Little Argyll Street, West End to Greenland Road, Camden Town"
"LINESTRING (-0.187402 51.51031,-0.141728 51.539099", "From Queensway, Kensington Gardens to Greenland Road, Camden Town"
"LINESTRING (-0.13225 51.528833,-0.141728 51.539099", "From Doric Way , Somers Town to Greenland Road, Camden Town"
"LINESTRING (-0.142345 51.510662,-0.141728 51.539099", "From Clifford Street, Mayfair to Greenland Road, Camden Town"
"LINESTRING (-0.122219 51.51477,-0.141728 51.539099", "From Drury Lane, Covent Garden to Greenland Road, Camden Town"
"LINESTRING (-0.131161 51.52505,-0.141728 51.539099", "From Taviton Street, Bloomsbury to Greenland Road, Camden Town"
"LINESTRING (-0.131161 51.52505,-0.141728 51.539099", "From Taviton Street, Bloomsbury to Greenland Road, Camden Town"
"LINESTRING (-0.096191 51.498597,-0.141728 51.539099", "From Harper Road, The Borough to Greenland Road, Camden Town"
"LINESTRING (-0.187402 51.51031,-0.141728 51.539099", "From Queensway, Kensington Gardens to Greenland Road, Camden Town"
"LINESTRING (-0.074284 51.539328,-0.141728 51.539099", "From Haggerston Road, Haggerston to Greenland Road, Camden Town"
"LINESTRING (-0.172528 51.533043,-0.141728 51.539099", "From Wellington Road, St. John's Wood to Greenland Road, Camden Town"
"LINESTRING (-0.110699 51.501444,-0.141728 51.539099", "From Baylis Road, Waterloo to Greenland Road, Camden Town"
"LINESTRING (-0.142345 51.510662,-0.141728 51.539099", "From Clifford Street, Mayfair to Greenland Road, Camden Town"
"LINESTRING (-0.102757 51.536384,-0.141728 51.539099", "From Islington Green, Angel to Greenland Road, Camden Town"
"LINESTRING (-0.173881 51.494412,-0.18119 51.485587", "From South Kensington Station, South Kensington to Limerston Street, West Chelsea"
"LINESTRING (-0.206827 51.467601,-0.18119 51.485587", "From Ranelagh Gardens, Fulham to Limerston Street, West Chelsea"
"LINESTRING (-0.148059 51.472865,-0.18119 51.485587", "From Silverthorne Road, Battersea to Limerston Street, West Chelsea"
"LINESTRING (-0.193502 51.467064,-0.18119 51.485587", "From South Park, Sands End to Limerston Street, West Chelsea"
"LINESTRING (-0.192404 51.496481,-0.18119 51.485587", "From Marloes Road, Kensington to Limerston Street, West Chelsea"
"LINESTRING (-0.155442 51.474376,-0.18119 51.485587", "From Austin Road, Battersea Park to Limerston Street, West Chelsea"
"LINESTRING (-0.209973 51.481021,-0.18119 51.485587", "From Aintree Street, Fulham to Limerston Street, West Chelsea"
"LINESTRING (-0.162418 51.490083,-0.18119 51.485587", "From Royal Avenue 2, Chelsea to Limerston Street, West Chelsea"
"LINESTRING (-0.189155 51.477292,-0.18119 51.485587", "From Michael Road, Walham Green to Limerston Street, West Chelsea"
"LINESTRING (-0.150908 51.47505,-0.18119 51.485587", "From Alfreda Street, Battersea Park to Limerston Street, West Chelsea"
"LINESTRING (-0.162418 51.490083,-0.18119 51.485587", "From Royal Avenue 2, Chelsea to Limerston Street, West Chelsea"
"LINESTRING (-0.173881 51.494412,-0.18119 51.485587", "From South Kensington Station, South Kensington to Limerston Street, West Chelsea"
"LINESTRING (-0.215808 51.503802,-0.18119 51.485587", "From Hansard Mews, Holland Park to Limerston Street, West Chelsea"
"LINESTRING (-0.142844 51.506613,-0.18119 51.485587", "From Green Park Station, Mayfair to Limerston Street, West Chelsea"
"LINESTRING (-0.158105 51.494645,-0.18119 51.485587", "From Cadogan Place, Knightsbridge to Limerston Street, West Chelsea"
"LINESTRING (-0.129361 51.488365,-0.18119 51.485587", "From Vauxhall Bridge , Pimlico to Limerston Street, West Chelsea"
"LINESTRING (-0.19024 51.515529,-0.18119 51.485587", "From Westbourne Grove, Bayswater to Limerston Street, West Chelsea"
"LINESTRING (-0.215895 51.476885,-0.18119 51.485587", "From Finlay Street, Fulham to Limerston Street, West Chelsea"
"LINESTRING (-0.187404 51.487958,-0.18119 51.485587", "From Harcourt Terrace, West Brompton to Limerston Street, West Chelsea"
"LINESTRING (-0.138212 51.481335,-0.18119 51.485587", "From Riverlight South, Nine Elms to Limerston Street, West Chelsea"
"LINESTRING (-0.165842 51.522029,-0.18119 51.485587", "From Bell Street , Marylebone to Limerston Street, West Chelsea"
"LINESTRING (-0.18119 51.485587,-0.18119 51.485587", "From Limerston Street, West Chelsea to Limerston Street, West Chelsea"
"LINESTRING (-0.216145 51.46161,-0.18119 51.485587", "From Disraeli Road, Putney to Limerston Street, West Chelsea"
"LINESTRING (-0.106 51.496127,-0.18119 51.485587", "From Geraldine Street, Elephant & Castle to Limerston Street, West Chelsea"
"LINESTRING (-0.176267 51.472876,-0.18119 51.485587", "From Vicarage Crescent, Battersea to Limerston Street, West Chelsea"
"LINESTRING (-0.159169 51.475153,-0.18119 51.485587", "From Prince of Wales Drive, Battersea Park to Limerston Street, West Chelsea"
"LINESTRING (-0.199135 51.468418,-0.18119 51.485587", "From Broomhouse Lane, Parsons Green to Limerston Street, West Chelsea"
"LINESTRING (-0.183165 51.474665,-0.18119 51.485587", "From Imperial Wharf Station, Sands End to Limerston Street, West Chelsea"
"LINESTRING (-0.202038 51.48357,-0.18119 51.485587", "From Coomer Place, West Kensington to Limerston Street, West Chelsea"
"LINESTRING (-0.173881 51.494412,-0.18119 51.485587", "From South Kensington Station, South Kensington to Limerston Street, West Chelsea"
"LINESTRING (-0.118256 51.47659,-0.18119 51.485587", "From Albert Square, Stockwell to Limerston Street, West Chelsea"
"LINESTRING (-0.169821 51.466633,-0.18119 51.485587", "From Falcon Road, Clapham Junction to Limerston Street, West Chelsea"
"LINESTRING (-0.194116 51.479932,-0.18119 51.485587", "From Fulham Broadway, Walham Green to Limerston Street, West Chelsea"
"LINESTRING (-0.204815 51.484386,-0.18119 51.485587", "From Normand Park, West Kensington to Limerston Street, West Chelsea"
"LINESTRING (-0.184318 51.468819,-0.18119 51.485587", "From William Morris Way, Sands End to Limerston Street, West Chelsea"
"LINESTRING (-0.173881 51.494412,-0.18119 51.485587", "From South Kensington Station, South Kensington to Limerston Street, West Chelsea"
"LINESTRING (-0.129386 51.534123,-0.18119 51.485587", "From Pancras Road, King's Cross to Limerston Street, West Chelsea"
"LINESTRING (-0.201968 51.475089,-0.18119 51.485587", "From Parsons Green Station, Parsons Green to Limerston Street, West Chelsea"
"LINESTRING (-0.191462 51.501364,-0.18119 51.485587", "From Derry Street, Kensington to Limerston Street, West Chelsea"
"LINESTRING (-0.186753 51.491615,-0.18119 51.485587", "From Collingham Gardens, Earl's Court to Limerston Street, West Chelsea"
"LINESTRING (-0.184318 51.468819,-0.18119 51.485587", "From William Morris Way, Sands End to Limerston Street, West Chelsea"
"LINESTRING (-0.209121 51.491026,-0.18119 51.485587", "From Gwendwr Road, West Kensington to Limerston Street, West Chelsea"
"LINESTRING (-0.113134 51.483145,-0.18119 51.485587", "From Kennington Oval, Oval to Limerston Street, West Chelsea"
"LINESTRING (-0.174554 51.499917,-0.18119 51.485587", "From Exhibition Road, Knightsbridge to Limerston Street, West Chelsea"
"LINESTRING (-0.137043 51.511897,-0.18119 51.485587", "From Golden Square, Soho to Limerston Street, West Chelsea"
"LINESTRING (-0.180791 51.46193,-0.18119 51.485587", "From Nantes Close, Wandsworth to Limerston Street, West Chelsea"
"LINESTRING (-0.176267 51.472876,-0.18119 51.485587", "From Vicarage Crescent, Battersea to Limerston Street, West Chelsea"
"LINESTRING (-0.162418 51.490083,-0.18119 51.485587", "From Royal Avenue 2, Chelsea to Limerston Street, West Chelsea"
"LINESTRING (-0.191462 51.501364,-0.18119 51.485587", "From Derry Street, Kensington to Limerston Street, West Chelsea"
"LINESTRING (-0.18119 51.485587,-0.18119 51.485587", "From Limerston Street, West Chelsea to Limerston Street, West Chelsea"
"LINESTRING (-0.173715 51.491211,-0.18119 51.485587", "From Sumner Place, South Kensington to Limerston Street, West Chelsea"
"LINESTRING (-0.192165 51.457529,-0.18119 51.485587", "From Ram Street, Wandsworth to Limerston Street, West Chelsea"
"LINESTRING (-0.150908 51.47505,-0.18119 51.485587", "From Alfreda Street, Battersea Park to Limerston Street, West Chelsea"
"LINESTRING (-0.143495 51.509992,-0.18119 51.485587", "From Grafton Street, Mayfair to Limerston Street, West Chelsea"
"LINESTRING (-0.18119 51.485587,-0.18119 51.485587", "From Limerston Street, West Chelsea to Limerston Street, West Chelsea"
"LINESTRING (-0.199783 51.472817,-0.18119 51.485587", "From Parson's Green , Parson's Green to Limerston Street, West Chelsea"
"LINESTRING (-0.173881 51.494412,-0.18119 51.485587", "From South Kensington Station, South Kensington to Limerston Street, West Chelsea"
"LINESTRING (-0.075459 51.509506,-0.18119 51.485587", "From Tower Gardens , Tower to Limerston Street, West Chelsea"
"LINESTRING (-0.162418 51.490083,-0.18119 51.485587", "From Royal Avenue 2, Chelsea to Limerston Street, West Chelsea"
"LINESTRING (-0.180274 51.481805,-0.18119 51.485587", "From World's End Place, West Chelsea to Limerston Street, West Chelsea"
"LINESTRING (-0.178433 51.492479,-0.18119 51.485587", "From Queen's Gate (South), South Kensington to Limerston Street, West Chelsea"
"LINESTRING (-0.167894 51.493184,-0.18119 51.485587", "From Sloane Avenue, Knightsbridge to Limerston Street, West Chelsea"
"LINESTRING (-0.206029 51.49087,-0.18119 51.485587", "From West Kensington Station, West Kensington to Limerston Street, West Chelsea"
"LINESTRING (-0.205876 51.475698,-0.18119 51.485587", "From Chesilton Road, Fulham to Limerston Street, West Chelsea"
"LINESTRING (-0.162418 51.490083,-0.18119 51.485587", "From Royal Avenue 2, Chelsea to Limerston Street, West Chelsea"
"LINESTRING (-0.180274 51.481805,-0.18119 51.485587", "From World's End Place, West Chelsea to Limerston Street, West Chelsea"
"LINESTRING (-0.166221 51.490714,-0.18119 51.485587", "From Chelsea Green, Chelsea to Limerston Street, West Chelsea"
"LINESTRING (-0.204815 51.484386,-0.18119 51.485587", "From Normand Park, West Kensington to Limerston Street, West Chelsea"
"LINESTRING (-0.18267 51.494185,-0.18119 51.485587", "From Gloucester Road Station, South Kensington to Limerston Street, West Chelsea"
"LINESTRING (-0.217995 51.487285,-0.18119 51.485587", "From Charing Cross Hospital, Hammersmith to Limerston Street, West Chelsea"
"LINESTRING (-0.173715 51.491211,-0.18119 51.485587", "From Sumner Place, South Kensington to Limerston Street, West Chelsea"
"LINESTRING (-0.09308 51.515735,-0.09315 51.53356", "From The Guildhall, Guildhall to Eagle Wharf Road, Hoxton"
"LINESTRING (-0.028941 51.542118,-0.09315 51.53356", "From Cadogan Close, Victoria Park to Eagle Wharf Road, Hoxton"
"LINESTRING (-0.074754 51.523648,-0.09315 51.53356", "From Bethnal Green Road, Shoreditch to Eagle Wharf Road, Hoxton"
"LINESTRING (-0.113864 51.504027,-0.09315 51.53356", "From Waterloo Station 1, Waterloo to Eagle Wharf Road, Hoxton"
"LINESTRING (-0.090847 51.525893,-0.09315 51.53356", "From Bath Street, St. Luke's to Eagle Wharf Road, Hoxton"
"LINESTRING (-0.176645 51.518622,-0.09315 51.53356", "From North Wharf Road, Paddington to Eagle Wharf Road, Hoxton"
"LINESTRING (-0.124826 51.516226,-0.09315 51.53356", "From High Holborn , Covent Garden to Eagle Wharf Road, Hoxton"
"LINESTRING (-0.09308 51.515735,-0.09315 51.53356", "From The Guildhall, Guildhall to Eagle Wharf Road, Hoxton"
"LINESTRING (-0.124469 51.485917,-0.09315 51.53356", "From Vauxhall Cross, Vauxhall to Eagle Wharf Road, Hoxton"
"LINESTRING (-0.089659 51.52548,-0.09315 51.53356", "From Old Street Station, St. Luke's to Eagle Wharf Road, Hoxton"
"LINESTRING (-0.109256 51.526443,-0.09315 51.53356", "From Tysoe Street, Clerkenwell to Eagle Wharf Road, Hoxton"
"LINESTRING (-0.093421 51.529154,-0.09315 51.53356", "From Windsor Terrace, Hoxton to Eagle Wharf Road, Hoxton"
"LINESTRING (-0.086685 51.517075,-0.09315 51.53356", "From Finsbury Circus, Liverpool Street to Eagle Wharf Road, Hoxton"
"LINESTRING (-0.075855 51.517475,-0.09315 51.53356", "From Bell Lane, Liverpool Street to Eagle Wharf Road, Hoxton"
"LINESTRING (-0.09885 51.515418,-0.09315 51.53356", "From Newgate Street , St. Paul's to Eagle Wharf Road, Hoxton"
"LINESTRING (-0.106992 51.534504,-0.09315 51.53356", "From Liverpool Road (N1 Centre), Angel to Eagle Wharf Road, Hoxton"
"LINESTRING (-0.096317 51.526008,-0.09315 51.53356", "From Finsbury Leisure Centre, St. Luke's to Eagle Wharf Road, Hoxton"
"LINESTRING (-0.0801 51.52959,-0.09315 51.53356", "From Hoxton Street, Hoxton to Eagle Wharf Road, Hoxton"
"LINESTRING (-0.111435 51.48894,-0.09315 51.53356", "From Kennington Cross, Kennington to Eagle Wharf Road, Hoxton"
"LINESTRING (-0.09885 51.515418,-0.09315 51.53356", "From Newgate Street , St. Paul's to Eagle Wharf Road, Hoxton"
"LINESTRING (-0.102757 51.536384,-0.09315 51.53356", "From Islington Green, Angel to Eagle Wharf Road, Hoxton"
"LINESTRING (-0.113864 51.504027,-0.09315 51.53356", "From Waterloo Station 1, Waterloo to Eagle Wharf Road, Hoxton"
"LINESTRING (-0.026262 51.536039,-0.09315 51.53356", "From Wendon Street, Old Ford to Eagle Wharf Road, Hoxton"
"LINESTRING (-0.123616 51.529943,-0.09315 51.53356", "From Belgrove Street , King's Cross to Eagle Wharf Road, Hoxton"
"LINESTRING (-0.102757 51.536384,-0.09315 51.53356", "From Islington Green, Angel to Eagle Wharf Road, Hoxton"
"LINESTRING (-0.11934 51.531066,-0.09315 51.53356", "From Northdown Street, King's Cross to Eagle Wharf Road, Hoxton"
"LINESTRING (-0.102757 51.536384,-0.09315 51.53356", "From Islington Green, Angel to Eagle Wharf Road, Hoxton"
"LINESTRING (-0.067937 51.51793,-0.09315 51.53356", "From Old Montague Street, Whitechapel to Eagle Wharf Road, Hoxton"
"LINESTRING (-0.124749 51.509462,-0.09315 51.53356", "From William IV Street, Strand to Eagle Wharf Road, Hoxton"
"LINESTRING (-0.194116 51.479932,-0.09315 51.53356", "From Fulham Broadway, Walham Green to Eagle Wharf Road, Hoxton"
"LINESTRING (-0.090847 51.525893,-0.09315 51.53356", "From Bath Street, St. Luke's to Eagle Wharf Road, Hoxton"
"LINESTRING (-0.102208 51.526153,-0.09315 51.53356", "From Percival Street, Finsbury to Eagle Wharf Road, Hoxton"
"LINESTRING (-0.0801 51.52959,-0.09315 51.53356", "From Hoxton Street, Hoxton to Eagle Wharf Road, Hoxton"
"LINESTRING (-0.096518 51.491327,-0.09315 51.53356", "From Walworth Square, Walworth to Eagle Wharf Road, Hoxton"
"LINESTRING (-0.055894 51.528936,-0.09315 51.53356", "From York Hall, Bethnal Green to Eagle Wharf Road, Hoxton"
"LINESTRING (-0.101536 51.49217,-0.09315 51.53356", "From Hampton Street, Walworth to Eagle Wharf Road, Hoxton"
"LINESTRING (-0.109914 51.531666,-0.09315 51.53356", "From Claremont Square, Angel to Eagle Wharf Road, Hoxton"
"LINESTRING (-0.124749 51.509462,-0.09315 51.53356", "From William IV Street, Strand to Eagle Wharf Road, Hoxton"
"LINESTRING (-0.102757 51.536384,-0.09315 51.53356", "From Islington Green, Angel to Eagle Wharf Road, Hoxton"
"LINESTRING (-0.125078 51.534667,-0.09315 51.53356", "From Good's Way, King's Cross to Eagle Wharf Road, Hoxton"
"LINESTRING (-0.093421 51.529154,-0.09315 51.53356", "From Windsor Terrace, Hoxton to Eagle Wharf Road, Hoxton"
"LINESTRING (-0.07962 51.503493,-0.09315 51.53356", "From Tooley Street, Bermondsey to Eagle Wharf Road, Hoxton"
"LINESTRING (-0.020068 51.50357,-0.022793 51.497304", "From Jubilee Plaza, Canary Wharf to Alpha Grove, Millwall"
"LINESTRING (-0.055167 51.508447,-0.022793 51.497304", "From Garnet Street, Shadwell to Alpha Grove, Millwall"
"LINESTRING (-0.088285 51.519069,-0.022793 51.497304", "From Moorfields, Moorgate to Alpha Grove, Millwall"
"LINESTRING (-0.053558 51.511066,-0.022793 51.497304", "From Sutton Street, Shadwell to Alpha Grove, Millwall"
"LINESTRING (-0.027772 51.505703,-0.022793 51.497304", "From Westferry Circus, Canary Wharf to Alpha Grove, Millwall"
"LINESTRING (-0.054162 51.536424,-0.047548 51.528869", "From Victoria Park Road, Hackney Central to Globe Town Market, Bethnal Green"
"LINESTRING (-0.028155 51.533283,-0.047548 51.528869", "From Hewison Street, Old Ford to Globe Town Market, Bethnal Green"
"LINESTRING (-0.038557 51.541515,-0.047548 51.528869", "From Gascoyne Road, Victoria Park to Globe Town Market, Bethnal Green"
"LINESTRING (-0.078505 51.53095,-0.047548 51.528869", "From Falkirk Street, Hoxton to Globe Town Market, Bethnal Green"
"LINESTRING (-0.062546 51.535678,-0.047548 51.528869", "From Regent's Row , Haggerston to Globe Town Market, Bethnal Green"
"LINESTRING (-0.079248 51.524526,-0.047548 51.528869", "From New Inn Yard, Shoreditch to Globe Town Market, Bethnal Green"
"LINESTRING (-0.096317 51.526008,-0.047548 51.528869", "From Finsbury Leisure Centre, St. Luke's to Globe Town Market, Bethnal Green"
"LINESTRING (-0.05438 51.520019,-0.047548 51.528869", "From Ansell House, Stepney to Globe Town Market, Bethnal Green"
"LINESTRING (-0.051394 51.520893,-0.047548 51.528869", "From Cleveland Way, Stepney to Globe Town Market, Bethnal Green"
"LINESTRING (-0.047548 51.528869,-0.047548 51.528869", "From Globe Town Market, Bethnal Green to Globe Town Market, Bethnal Green"
"LINESTRING (-0.038986 51.512871,-0.047548 51.528869", "From Flamborough Street, Limehouse to Globe Town Market, Bethnal Green"
"LINESTRING (-0.087459 51.528673,-0.047548 51.528869", "From East Road, Hoxton to Globe Town Market, Bethnal Green"
"LINESTRING (-0.04667 51.521889,-0.047548 51.528869", "From Stepney Green Station, Stepney to Globe Town Market, Bethnal Green"
"LINESTRING (-0.041378 51.522507,-0.047548 51.528869", "From Queen Mary's, Mile End to Globe Town Market, Bethnal Green"
"LINESTRING (-0.074754 51.523648,-0.047548 51.528869", "From Bethnal Green Road, Shoreditch to Globe Town Market, Bethnal Green"
"LINESTRING (-0.01646 51.505772,-0.047548 51.528869", "From Import Dock, Canary Wharf to Globe Town Market, Bethnal Green"
"LINESTRING (-0.069543 51.525645,-0.047548 51.528869", "From Granby Street, Shoreditch to Globe Town Market, Bethnal Green"
"LINESTRING (-0.071881 51.534776,-0.047548 51.528869", "From Thurtle Road, Haggerston to Globe Town Market, Bethnal Green"
"LINESTRING (-0.049067 51.51563,-0.047548 51.528869", "From Aylward Street, Stepney to Globe Town Market, Bethnal Green"
"LINESTRING (-0.038557 51.541515,-0.047548 51.528869", "From Gascoyne Road, Victoria Park to Globe Town Market, Bethnal Green"
"LINESTRING (-0.032267 51.525501,-0.047548 51.528869", "From Maplin Street, Mile End to Globe Town Market, Bethnal Green"
"LINESTRING (-0.102757 51.536384,-0.047548 51.528869", "From Islington Green, Angel to Globe Town Market, Bethnal Green"
"LINESTRING (-0.051394 51.520893,-0.047548 51.528869", "From Cleveland Way, Stepney to Globe Town Market, Bethnal Green"
"LINESTRING (-0.058005 51.527152,-0.047548 51.528869", "From Pott Street, Bethnal Green to Globe Town Market, Bethnal Green"
"LINESTRING (-0.04667 51.521889,-0.047548 51.528869", "From Stepney Green Station, Stepney to Globe Town Market, Bethnal Green"
"LINESTRING (-0.033085 51.532513,-0.047548 51.528869", "From Ford Road, Old Ford to Globe Town Market, Bethnal Green"
"LINESTRING (-0.083935 51.520009,-0.047548 51.528869", "From Sun Street, Liverpool Street to Globe Town Market, Bethnal Green"
"LINESTRING (-0.012413 51.508896,-0.047548 51.528869", "From Newby Place, Poplar to Globe Town Market, Bethnal Green"
"LINESTRING (-0.110699 51.501444,-0.047548 51.528869", "From Baylis Road, Waterloo to Globe Town Market, Bethnal Green"
"LINESTRING (-0.066035 51.531864,-0.047548 51.528869", "From Goldsmith's Row, Haggerston to Globe Town Market, Bethnal Green"
"LINESTRING (-0.04667 51.521889,-0.047548 51.528869", "From Stepney Green Station, Stepney to Globe Town Market, Bethnal Green"
"LINESTRING (-0.054883 51.522561,-0.047548 51.528869", "From Cephas Street, Bethnal Green to Globe Town Market, Bethnal Green"
"LINESTRING (-0.009935 51.546326,-0.047548 51.528869", "From East Village, Queen Elizabeth Olympic Park to Globe Town Market, Bethnal Green"
"LINESTRING (-0.054883 51.522561,-0.047548 51.528869", "From Cephas Street, Bethnal Green to Globe Town Market, Bethnal Green"
"LINESTRING (-0.051394 51.520893,-0.047548 51.528869", "From Cleveland Way, Stepney to Globe Town Market, Bethnal Green"
"LINESTRING (-0.134407 51.526236,-0.047548 51.528869", "From Euston Road, Euston to Globe Town Market, Bethnal Green"
"LINESTRING (-0.074754 51.523648,-0.057133 51.527607", "From Bethnal Green Road, Shoreditch to Hollybush Gardens, Bethnal Green"
"LINESTRING (-0.08299 51.53213,-0.057133 51.527607", "From Pitfield Street Central, Hoxton to Hollybush Gardens, Bethnal Green"
"LINESTRING (-0.071881 51.534776,-0.057133 51.527607", "From Thurtle Road, Haggerston to Hollybush Gardens, Bethnal Green"
"LINESTRING (-0.06142 51.532091,-0.057133 51.527607", "From Pritchard's Road, Bethnal Green to Hollybush Gardens, Bethnal Green"
"LINESTRING (-0.038986 51.512871,-0.057133 51.527607", "From Flamborough Street, Limehouse to Hollybush Gardens, Bethnal Green"
"LINESTRING (-0.06555 51.528681,-0.057133 51.527607", "From Durant Street, Bethnal Green to Hollybush Gardens, Bethnal Green"
"LINESTRING (-0.073438 51.51838,-0.057133 51.527607", "From Fashion Street, Whitechapel to Hollybush Gardens, Bethnal Green"
"LINESTRING (-0.073438 51.51838,-0.057133 51.527607", "From Fashion Street, Whitechapel to Hollybush Gardens, Bethnal Green"
"LINESTRING (-0.069543 51.525645,-0.057133 51.527607", "From Granby Street, Shoreditch to Hollybush Gardens, Bethnal Green"
"LINESTRING (-0.076793 51.513406,-0.057133 51.527607", "From Jewry Street, Aldgate to Hollybush Gardens, Bethnal Green"
"LINESTRING (-0.038775 51.516,-0.057133 51.527607", "From Aston Street, Stepney to Hollybush Gardens, Bethnal Green"
"LINESTRING (-0.058826 51.54119,-0.057133 51.527607", "From London Fields, Hackney Central to Hollybush Gardens, Bethnal Green"
"LINESTRING (-0.065076 51.52388,-0.057133 51.527607", "From Cheshire Street, Bethnal Green to Hollybush Gardens, Bethnal Green"
"LINESTRING (-0.109256 51.526443,-0.057133 51.527607", "From Tysoe Street, Clerkenwell to Hollybush Gardens, Bethnal Green"
"LINESTRING (-0.109006 51.521661,-0.057133 51.527607", "From Hatton Wall, Holborn to Hollybush Gardens, Bethnal Green"
"LINESTRING (-0.054883 51.522561,-0.057133 51.527607", "From Cephas Street, Bethnal Green to Hollybush Gardens, Bethnal Green"
"LINESTRING (-0.012413 51.508896,-0.057133 51.527607", "From Newby Place, Poplar to Hollybush Gardens, Bethnal Green"
"LINESTRING (-0.06142 51.532091,-0.057133 51.527607", "From Pritchard's Road, Bethnal Green to Hollybush Gardens, Bethnal Green"
"LINESTRING (-0.085666 51.499075,-0.093051 51.511246", "From Long Lane , Bermondsey to Queen Street 2, Bank"
"LINESTRING (-0.079249 51.518908,-0.093051 51.511246", "From Brushfield Street, Liverpool Street to Queen Street 2, Bank"
"LINESTRING (-0.091773 51.504627,-0.093051 51.511246", "From Hop Exchange, The Borough to Queen Street 2, Bank"
"LINESTRING (-0.07813 51.526377,-0.093051 51.511246", "From Shoreditch High Street, Shoreditch to Queen Street 2, Bank"
"LINESTRING (-0.068981 51.498585,-0.093051 51.511246", "From George Row, Bermondsey to Queen Street 2, Bank"
"LINESTRING (-0.041378 51.522507,-0.093051 51.511246", "From Queen Mary's, Mile End to Queen Street 2, Bank"
"LINESTRING (-0.128585 51.516118,-0.093051 51.511246", "From Earnshaw Street , Covent Garden to Queen Street 2, Bank"
"LINESTRING (-0.108028 51.518825,-0.093051 51.511246", "From Hatton Garden, Holborn to Queen Street 2, Bank"
"LINESTRING (-0.153645 51.512911,-0.093051 51.511246", "From North Audley Street, Mayfair to Queen Street 2, Bank"
"LINESTRING (-0.113426 51.503919,-0.093051 51.511246", "From Waterloo Station 2, Waterloo to Queen Street 2, Bank"
"LINESTRING (-0.07813 51.526377,-0.093051 51.511246", "From Shoreditch High Street, Shoreditch to Queen Street 2, Bank"
"LINESTRING (-0.125972 51.49764,-0.093051 51.511246", "From Abingdon Green, Westminster to Queen Street 2, Bank"
"LINESTRING (-0.179369 51.487196,-0.093051 51.511246", "From Drayton Gardens, West Chelsea to Queen Street 2, Bank"
"LINESTRING (-0.079608 51.521668,-0.093051 51.511246", "From Worship Street, Shoreditch to Queen Street 2, Bank"
"LINESTRING (-0.13225 51.528833,-0.093051 51.511246", "From Doric Way , Somers Town to Queen Street 2, Bank"
"LINESTRING (-0.125972 51.49764,-0.093051 51.511246", "From Abingdon Green, Westminster to Queen Street 2, Bank"
"LINESTRING (-0.081608 51.497855,-0.093051 51.511246", "From Bermondsey Street, Bermondsey to Queen Street 2, Bank"
"LINESTRING (-0.122492 51.486343,-0.093051 51.511246", "From Kennington Lane Rail Bridge, Vauxhall to Queen Street 2, Bank"
"LINESTRING (-0.079249 51.518908,-0.093051 51.511246", "From Brushfield Street, Liverpool Street to Queen Street 2, Bank"
"LINESTRING (-0.117122 51.490994,-0.093051 51.511246", "From Black Prince Road, Vauxhall to Queen Street 2, Bank"
"LINESTRING (-0.063471 51.497995,-0.093051 51.511246", "From Bermondsey Station, Bermondsey to Queen Street 2, Bank"
"LINESTRING (-0.112753 51.51501,-0.093051 51.511246", "From Carey Street, Holborn to Queen Street 2, Bank"
"LINESTRING (-0.107349 51.511891,-0.093051 51.511246", "From Tallis Street, Temple to Queen Street 2, Bank"
"LINESTRING (-0.109025 51.534408,-0.093051 51.511246", "From Cloudesley Road, Angel to Queen Street 2, Bank"
"LINESTRING (-0.079608 51.521668,-0.093051 51.511246", "From Worship Street, Shoreditch to Queen Street 2, Bank"
"LINESTRING (-0.110121 51.488105,-0.093051 51.511246", "From Cleaver Street, Kennington to Queen Street 2, Bank"
"LINESTRING (-0.113864 51.504027,-0.093051 51.511246", "From Waterloo Station 1, Waterloo to Queen Street 2, Bank"
"LINESTRING (-0.112824 51.503791,-0.093051 51.511246", "From Waterloo Station 3, Waterloo to Queen Street 2, Bank"
"LINESTRING (-0.09294 51.511553,-0.102996 51.486929", "From Queen Street 1, Bank to Doddington Grove, Kennington"
"LINESTRING (-0.153645 51.512911,-0.102996 51.486929", "From North Audley Street, Mayfair to Doddington Grove, Kennington"
"LINESTRING (-0.140741 51.488057,-0.102996 51.486929", "From Alderney Street, Pimlico to Doddington Grove, Kennington"
"LINESTRING (-0.104193 51.49605,-0.102996 51.486929", "From Gaywood  Street, Elephant & Castle to Doddington Grove, Kennington"
"LINESTRING (-0.101536 51.49217,-0.102996 51.486929", "From Hampton Street, Walworth to Doddington Grove, Kennington"
"LINESTRING (-0.105593 51.488852,-0.102996 51.486929", "From Kennington Station, Kennington to Doddington Grove, Kennington"
"LINESTRING (-0.116493 51.477839,-0.102996 51.486929", "From Caldwell Street, Stockwell to Doddington Grove, Kennington"
"LINESTRING (-0.104193 51.49605,-0.102996 51.486929", "From Gaywood  Street, Elephant & Castle to Doddington Grove, Kennington"
"LINESTRING (-0.102996 51.486929,-0.102996 51.486929", "From Doddington Grove, Kennington to Doddington Grove, Kennington"
"LINESTRING (-0.113936 51.500139,-0.102996 51.486929", "From Lower Marsh, Waterloo to Doddington Grove, Kennington"
"LINESTRING (-0.118256 51.47659,-0.102996 51.486929", "From Albert Square, Stockwell to Doddington Grove, Kennington"
"LINESTRING (-0.098341 51.505409,-0.102996 51.486929", "From Southwark Street, Bankside to Doddington Grove, Kennington"
"LINESTRING (-0.126021 51.508103,-0.102996 51.486929", "From Craven Street, Strand to Doddington Grove, Kennington"
"LINESTRING (-0.09022 51.491484,-0.102996 51.486929", "From Rodney Road , Walworth to Doddington Grove, Kennington"
"LINESTRING (-0.113936 51.500139,-0.102996 51.486929", "From Lower Marsh, Waterloo to Doddington Grove, Kennington"
"LINESTRING (-0.074284 51.539328,-0.102996 51.486929", "From Haggerston Road, Haggerston to Doddington Grove, Kennington"
"LINESTRING (-0.114934 51.49288,-0.102996 51.486929", "From Lollard Street, Vauxhall to Doddington Grove, Kennington"
"LINESTRING (-0.094524 51.500694,-0.102996 51.486929", "From Borough High Street, The Borough to Doddington Grove, Kennington"
"LINESTRING (-0.132845 51.489975,-0.102996 51.486929", "From Rampayne Street, Pimlico to Doddington Grove, Kennington"
"LINESTRING (-0.096518 51.491327,-0.102996 51.486929", "From Walworth Square, Walworth to Doddington Grove, Kennington"
"LINESTRING (-0.111435 51.48894,-0.102996 51.486929", "From Kennington Cross, Kennington to Doddington Grove, Kennington"
"LINESTRING (-0.129361 51.488365,-0.102996 51.486929", "From Vauxhall Bridge , Pimlico to Doddington Grove, Kennington"
"LINESTRING (-0.122492 51.486343,-0.102996 51.486929", "From Kennington Lane Rail Bridge, Vauxhall to Doddington Grove, Kennington"
"LINESTRING (-0.074754 51.523648,-0.102996 51.486929", "From Bethnal Green Road, Shoreditch to Doddington Grove, Kennington"
"LINESTRING (-0.117661 51.482678,-0.102996 51.486929", "From Ashmole Estate, Oval to Doddington Grove, Kennington"
"LINESTRING (-0.063531 51.504719,-0.102996 51.486929", "From Hermitage Court, Wapping to Doddington Grove, Kennington"
"LINESTRING (-0.110683 51.484788,-0.102996 51.486929", "From Kennington Road Post Office, Oval to Doddington Grove, Kennington"
"LINESTRING (-0.129698 51.500703,-0.102996 51.486929", "From Storey's Gate, Westminster to Doddington Grove, Kennington"
"LINESTRING (-0.115781 51.464019,-0.102996 51.486929", "From Ferndale Road, Brixton to Doddington Grove, Kennington"
"LINESTRING (-0.112686 51.469217,-0.102996 51.486929", "From Wynne Road, Stockwell to Doddington Grove, Kennington"
"LINESTRING (-0.129697 51.509087,-0.102996 51.486929", "From St. Martin's Street, West End to Doddington Grove, Kennington"
"LINESTRING (-0.091773 51.504627,-0.102996 51.486929", "From Hop Exchange, The Borough to Doddington Grove, Kennington"
"LINESTRING (-0.126021 51.508103,-0.102996 51.486929", "From Craven Street, Strand to Doddington Grove, Kennington"
"LINESTRING (-0.077121 51.511594,-0.147983 51.519167", "From Crosswall, Tower to New Cavendish Street, Marylebone"
"LINESTRING (-0.138019 51.524438,-0.147983 51.519167", "From Warren Street Station, Euston to New Cavendish Street, Marylebone"
"LINESTRING (-0.109025 51.534408,-0.147983 51.519167", "From Cloudesley Road, Angel to New Cavendish Street, Marylebone"
"LINESTRING (-0.179592 51.525575,-0.147983 51.519167", "From Clifton Road, Maida Vale to New Cavendish Street, Marylebone"
"LINESTRING (-0.147449 51.509351,-0.147983 51.519167", "From Farm Street, Mayfair to New Cavendish Street, Marylebone"
"LINESTRING (-0.141327 51.520253,-0.147983 51.519167", "From Great Titchfield Street, Fitzrovia to New Cavendish Street, Marylebone"
"LINESTRING (-0.148105 51.514759,-0.147983 51.519167", "From Marylebone Lane, Marylebone to New Cavendish Street, Marylebone"
"LINESTRING (-0.104708 51.52326,-0.147983 51.519167", "From Clerkenwell Green, Clerkenwell to New Cavendish Street, Marylebone"
"LINESTRING (-0.13011 51.513527,-0.147983 51.519167", "From Moor Street, Soho to New Cavendish Street, Marylebone"
"LINESTRING (-0.147154 51.537349,-0.147983 51.519167", "From Gloucester Avenue, Camden Town to New Cavendish Street, Marylebone"
"LINESTRING (-0.099981 51.532661,-0.147983 51.519167", "From Graham Street, Angel to New Cavendish Street, Marylebone"
"LINESTRING (-0.086685 51.517075,-0.147983 51.519167", "From Finsbury Circus, Liverpool Street to New Cavendish Street, Marylebone"
"LINESTRING (-0.155525 51.516204,-0.147983 51.519167", "From Portman Square, Marylebone to New Cavendish Street, Marylebone"
"LINESTRING (-0.138853 51.541603,-0.147983 51.519167", "From Bonny Street, Camden Town to New Cavendish Street, Marylebone"
"LINESTRING (-0.11548 51.528915,-0.147983 51.519167", "From Great Percy Street, Clerkenwell to New Cavendish Street, Marylebone"
"LINESTRING (-0.09294 51.511553,-0.147983 51.519167", "From Queen Street 1, Bank to New Cavendish Street, Marylebone"
"LINESTRING (-0.093903 51.530991,-0.147983 51.519167", "From Wenlock Road , Hoxton to New Cavendish Street, Marylebone"
"LINESTRING (-0.075375 51.528187,-0.147983 51.519167", "From Columbia Road, Shoreditch to New Cavendish Street, Marylebone"
"LINESTRING (-0.10834 51.52352,-0.147983 51.519167", "From Farringdon Lane, Clerkenwell to New Cavendish Street, Marylebone"
"LINESTRING (-0.136039 51.519914,-0.147983 51.519167", "From Scala Street, Fitzrovia to New Cavendish Street, Marylebone"
"LINESTRING (-0.187402 51.51031,-0.147983 51.519167", "From Queensway, Kensington Gardens to New Cavendish Street, Marylebone"
"LINESTRING (-0.131213 51.513103,-0.147983 51.519167", "From Frith Street, Soho to New Cavendish Street, Marylebone"
"LINESTRING (-0.094934 51.522954,-0.147983 51.519167", "From Roscoe Street, St. Luke's to New Cavendish Street, Marylebone"
"LINESTRING (-0.109025 51.534408,-0.147983 51.519167", "From Cloudesley Road, Angel to New Cavendish Street, Marylebone"
"LINESTRING (-0.091401 51.518093,-0.147983 51.519167", "From Fore Street Avenue, Guildhall to New Cavendish Street, Marylebone"
"LINESTRING (-0.123823 51.501513,-0.147983 51.519167", "From Westminster Pier, Westminster to New Cavendish Street, Marylebone"
"LINESTRING (-0.157183 51.52026,-0.147983 51.519167", "From Crawford Street, Marylebone to New Cavendish Street, Marylebone"
"LINESTRING (-0.123616 51.529943,-0.147983 51.519167", "From Belgrove Street , King's Cross to New Cavendish Street, Marylebone"
"LINESTRING (-0.157183 51.52026,-0.147983 51.519167", "From Crawford Street, Marylebone to New Cavendish Street, Marylebone"
"LINESTRING (-0.14326 51.541007,-0.147983 51.519167", "From Hawley Crescent, Camden Town to New Cavendish Street, Marylebone"
"LINESTRING (-0.138019 51.524438,-0.125972 51.49764", "From Warren Street Station, Euston to Abingdon Green, Westminster"
"LINESTRING (-0.124749 51.509462,-0.125972 51.49764", "From William IV Street, Strand to Abingdon Green, Westminster"
"LINESTRING (-0.075459 51.509506,-0.125972 51.49764", "From Tower Gardens , Tower to Abingdon Green, Westminster"
"LINESTRING (-0.098807 51.506725,-0.125972 51.49764", "From Tate Modern, Bankside to Abingdon Green, Westminster"
"LINESTRING (-0.154907 51.522481,-0.125972 51.49764", "From Westminster University, Marylebone to Abingdon Green, Westminster"
"LINESTRING (-0.131861 51.527068,-0.125972 51.49764", "From Euston Square Gardens, Euston to Abingdon Green, Westminster"
"LINESTRING (-0.187278 51.475142,-0.125972 51.49764", "From Imperial Road, Sands End to Abingdon Green, Westminster"
"LINESTRING (-0.082989 51.510484,-0.125972 51.49764", "From Great Tower Street, Monument to Abingdon Green, Westminster"
"LINESTRING (-0.06691 51.507131,-0.125972 51.49764", "From Nesham Street, Wapping to Abingdon Green, Westminster"
"LINESTRING (-0.154907 51.522481,-0.125972 51.49764", "From Westminster University, Marylebone to Abingdon Green, Westminster"
"LINESTRING (-0.075459 51.509506,-0.125972 51.49764", "From Tower Gardens , Tower to Abingdon Green, Westminster"
"LINESTRING (-0.18119 51.485587,-0.125972 51.49764", "From Limerston Street, West Chelsea to Abingdon Green, Westminster"
"LINESTRING (-0.124749 51.509462,-0.125972 51.49764", "From William IV Street, Strand to Abingdon Green, Westminster"
"LINESTRING (-0.086685 51.517075,-0.125972 51.49764", "From Finsbury Circus, Liverpool Street to Abingdon Green, Westminster"
"LINESTRING (-0.131861 51.527068,-0.125972 51.49764", "From Euston Square Gardens, Euston to Abingdon Green, Westminster"
"LINESTRING (-0.154907 51.522481,-0.125972 51.49764", "From Westminster University, Marylebone to Abingdon Green, Westminster"
"LINESTRING (-0.127554 51.493978,-0.125972 51.49764", "From Page Street, Westminster to Abingdon Green, Westminster"
"LINESTRING (-0.114934 51.49288,-0.125972 51.49764", "From Lollard Street, Vauxhall to Abingdon Green, Westminster"
"LINESTRING (-0.149004 51.485821,-0.125972 51.49764", "From Chelsea Bridge, Pimlico to Abingdon Green, Westminster"
"LINESTRING (-0.107913 51.498386,-0.125972 51.49764", "From Westminster Bridge Road, Elephant & Castle to Abingdon Green, Westminster"
"LINESTRING (-0.120202 51.523346,-0.125972 51.49764", "From Guilford Street , Bloomsbury to Abingdon Green, Westminster"
"LINESTRING (-0.075459 51.509506,-0.125972 51.49764", "From Tower Gardens , Tower to Abingdon Green, Westminster"
"LINESTRING (-0.149004 51.485821,-0.125972 51.49764", "From Chelsea Bridge, Pimlico to Abingdon Green, Westminster"
"LINESTRING (-0.140947 51.49616,-0.125972 51.49764", "From Ashley Place, Victoria to Abingdon Green, Westminster"
"LINESTRING (-0.124749 51.509462,-0.125972 51.49764", "From William IV Street, Strand to Abingdon Green, Westminster"
"LINESTRING (-0.155442 51.474376,-0.125972 51.49764", "From Austin Road, Battersea Park to Abingdon Green, Westminster"
"LINESTRING (-0.075459 51.509506,-0.125972 51.49764", "From Tower Gardens , Tower to Abingdon Green, Westminster"
"LINESTRING (-0.131861 51.527068,-0.125972 51.49764", "From Euston Square Gardens, Euston to Abingdon Green, Westminster"
"LINESTRING (-0.075459 51.509506,-0.125972 51.49764", "From Tower Gardens , Tower to Abingdon Green, Westminster"
"LINESTRING (-0.17581 51.517335,-0.19096 51.51244", "From South Wharf Road, Paddington to Ilchester Gardens, Bayswater"
"LINESTRING (-0.17581 51.517335,-0.19096 51.51244", "From South Wharf Road, Paddington to Ilchester Gardens, Bayswater"
"LINESTRING (-0.196422 51.509353,-0.19096 51.51244", "From Notting Hill Gate Station, Notting Hill to Ilchester Gardens, Bayswater"
"LINESTRING (-0.18377 51.5171,-0.19096 51.51244", "From Bishop's Bridge Road East, Bayswater to Ilchester Gardens, Bayswater"
"LINESTRING (-0.19096 51.51244,-0.19096 51.51244", "From Ilchester Gardens, Bayswater to Ilchester Gardens, Bayswater"
"LINESTRING (-0.192404 51.496481,-0.19096 51.51244", "From Marloes Road, Kensington to Ilchester Gardens, Bayswater"
"LINESTRING (-0.158264 51.514577,-0.19096 51.51244", "From Old Quebec Street, Marylebone to Ilchester Gardens, Bayswater"
"LINESTRING (-0.183118 51.515607,-0.19096 51.51244", "From Cleveland Gardens, Bayswater to Ilchester Gardens, Bayswater"
"LINESTRING (-0.200804 51.520509,-0.19096 51.51244", "From The Metropolitan, Portobello to Ilchester Gardens, Bayswater"
"LINESTRING (-0.208888 51.5212,-0.19096 51.51244", "From Bevington Road West, North Kensington to Ilchester Gardens, Bayswater"
"LINESTRING (-0.151926 51.516814,-0.19096 51.51244", "From Hinde Street, Marylebone to Ilchester Gardens, Bayswater"
"LINESTRING (-0.170279 51.506451,-0.19096 51.51244", "From Triangle Car Park, Hyde Park to Ilchester Gardens, Bayswater"
"LINESTRING (-0.19024 51.515529,-0.19096 51.51244", "From Westbourne Grove, Bayswater to Ilchester Gardens, Bayswater"
"LINESTRING (-0.183846 51.523344,-0.19096 51.51244", "From Warwick Avenue Station, Maida Vale to Ilchester Gardens, Bayswater"
"LINESTRING (-0.17977 51.51348,-0.19096 51.51244", "From Devonshire Terrace, Bayswater to Ilchester Gardens, Bayswater"
"LINESTRING (-0.178732 51.493967,-0.19096 51.51244", "From Queen's Gate (Central), South Kensington to Ilchester Gardens, Bayswater"
"LINESTRING (-0.224103 51.509158,-0.19096 51.51244", "From Westfield Ariel Way, White City to Ilchester Gardens, Bayswater"
"LINESTRING (-0.130699 51.50777,-0.19096 51.51244", "From Pall Mall East, West End to Ilchester Gardens, Bayswater"
"LINESTRING (-0.188098 51.517919,-0.19096 51.51244", "From Gloucester Terrace, Bayswater to Ilchester Gardens, Bayswater"
"LINESTRING (-0.200838 51.514311,-0.19096 51.51244", "From Turquoise Island, Notting Hill to Ilchester Gardens, Bayswater"
"LINESTRING (-0.153463 51.525367,-0.19096 51.51244", "From The Tennis Courts, The Regent's Park to Ilchester Gardens, Bayswater"
"LINESTRING (-0.200804 51.520509,-0.19096 51.51244", "From The Metropolitan, Portobello to Ilchester Gardens, Bayswater"
"LINESTRING (-0.179135 51.516417,-0.19096 51.51244", "From Eastbourne Mews, Paddington to Ilchester Gardens, Bayswater"
"LINESTRING (-0.201554 51.512136,-0.19096 51.51244", "From Chepstow Villas, Notting Hill to Ilchester Gardens, Bayswater"
"LINESTRING (-0.021596 51.502661,-0.014582 51.490645", "From Heron Quays DLR, Canary Wharf to Mudchute DLR, Cubitt Town"
"LINESTRING (-0.020068 51.50357,-0.014582 51.490645", "From Jubilee Plaza, Canary Wharf to Mudchute DLR, Cubitt Town"
"LINESTRING (-0.009506 51.496454,-0.014582 51.490645", "From St. John's Park, Cubitt Town to Mudchute DLR, Cubitt Town"
"LINESTRING (-0.173881 51.494412,-0.08497 51.50964", "From South Kensington Station, South Kensington to Monument Street, Monument"
"LINESTRING (-0.055656 51.514222,-0.08497 51.50964", "From Watney Market, Stepney to Monument Street, Monument"
"LINESTRING (-0.158456 51.502953,-0.08497 51.50964", "From Albert Gate, Hyde Park to Monument Street, Monument"
"LINESTRING (-0.123823 51.501513,-0.08497 51.50964", "From Westminster Pier, Westminster to Monument Street, Monument"
"LINESTRING (-0.092762 51.500296,-0.08497 51.50964", "From Swan Street, The Borough to Monument Street, Monument"
"LINESTRING (-0.116628 51.500089,-0.08497 51.50964", "From Lambeth Palace Road, Waterloo to Monument Street, Monument"
"LINESTRING (-0.070329 51.539083,-0.08497 51.50964", "From Shoreditch Court, Haggerston to Monument Street, Monument"
"LINESTRING (-0.15352 51.503117,-0.08497 51.50964", "From Hyde Park Corner, Hyde Park to Monument Street, Monument"
"LINESTRING (-0.099828 51.493146,-0.08497 51.50964", "From Strata, Elephant & Castle to Monument Street, Monument"
"LINESTRING (-0.113426 51.503919,-0.08497 51.50964", "From Waterloo Station 2, Waterloo to Monument Street, Monument"
"LINESTRING (-0.109914 51.531666,-0.08497 51.50964", "From Claremont Square, Angel to Monument Street, Monument"
"LINESTRING (-0.151359 51.522008,-0.08497 51.50964", "From Beaumont Street, Marylebone to Monument Street, Monument"
"LINESTRING (-0.112824 51.503791,-0.08497 51.50964", "From Waterloo Station 3, Waterloo to Monument Street, Monument"
"LINESTRING (-0.04915 51.498439,-0.08497 51.50964", "From Canada Water Station, Rotherhithe to Monument Street, Monument"
"LINESTRING (-0.018703 51.528169,-0.08497 51.50964", "From Bow Church Station, Bow to Monument Street, Monument"
"LINESTRING (-0.162298 51.522511,-0.08497 51.50964", "From Boston Place, Marylebone to Monument Street, Monument"
"LINESTRING (-0.06555 51.528681,-0.08497 51.50964", "From Durant Street, Bethnal Green to Monument Street, Monument"
"LINESTRING (-0.086379 51.534042,-0.08497 51.50964", "From Shoreditch Park, Hoxton to Monument Street, Monument"
"LINESTRING (-0.107987 51.517428,-0.08497 51.50964", "From New Fetter Lane, Holborn to Monument Street, Monument"
"LINESTRING (-0.107349 51.511891,-0.08497 51.50964", "From Tallis Street, Temple to Monument Street, Monument"
"LINESTRING (-0.09644 51.507385,-0.08497 51.50964", "From New Globe Walk, Bankside to Monument Street, Monument"
"LINESTRING (-0.145904 51.507069,-0.08497 51.50964", "From Curzon Street, Mayfair to Monument Street, Monument"
"LINESTRING (-0.161765 51.487964,-0.08497 51.50964", "From Ormonde Gate, Chelsea to Monument Street, Monument"
"LINESTRING (-0.105344 51.515059,-0.08497 51.50964", "From St. Bride Street, Holborn to Monument Street, Monument"
"LINESTRING (-0.081608 51.497855,-0.08497 51.50964", "From Bermondsey Street, Bermondsey to Monument Street, Monument"
"LINESTRING (-0.123823 51.501513,-0.08497 51.50964", "From Westminster Pier, Westminster to Monument Street, Monument"
"LINESTRING (-0.107987 51.517428,-0.08497 51.50964", "From New Fetter Lane, Holborn to Monument Street, Monument"
"LINESTRING (-0.086379 51.534042,-0.08497 51.50964", "From Shoreditch Park, Hoxton to Monument Street, Monument"
"LINESTRING (-0.117619 51.509943,-0.08497 51.50964", "From Somerset House, Strand to Monument Street, Monument"
"LINESTRING (-0.15352 51.503117,-0.08497 51.50964", "From Hyde Park Corner, Hyde Park to Monument Street, Monument"
"LINESTRING (-0.099828 51.493146,-0.08497 51.50964", "From Strata, Elephant & Castle to Monument Street, Monument"
"LINESTRING (-0.058631 51.524583,-0.0801 51.52959", "From Finnis Street, Bethnal Green to Hoxton Street, Hoxton"
"LINESTRING (-0.13558 51.513684,-0.0801 51.52959", "From Broadwick Street, Soho to Hoxton Street, Hoxton"
"LINESTRING (-0.089659 51.52548,-0.0801 51.52959", "From Old Street Station, St. Luke's to Hoxton Street, Hoxton"
"LINESTRING (-0.097441 51.511961,-0.0801 51.52959", "From Queen Victoria Street, St. Paul's to Hoxton Street, Hoxton"
"LINESTRING (-0.075901 51.531091,-0.0801 51.52959", "From Hoxton Station, Hoxton to Hoxton Street, Hoxton"
"LINESTRING (-0.077178 51.514449,-0.0801 51.52959", "From Houndsditch, Aldgate to Hoxton Street, Hoxton"
"LINESTRING (-0.07813 51.526377,-0.0801 51.52959", "From Shoreditch High Street, Shoreditch to Hoxton Street, Hoxton"
"LINESTRING (-0.059091 51.528692,-0.0801 51.52959", "From Clarkson Street, Bethnal Green to Hoxton Street, Hoxton"
"LINESTRING (-0.09315 51.53356,-0.0801 51.52959", "From Eagle Wharf Road, Hoxton to Hoxton Street, Hoxton"
"LINESTRING (-0.106992 51.534504,-0.0801 51.52959", "From Liverpool Road (N1 Centre), Angel to Hoxton Street, Hoxton"
"LINESTRING (-0.07023 51.536654,-0.0801 51.52959", "From Belford House, Haggerston to Hoxton Street, Hoxton"
"LINESTRING (-0.093421 51.529154,-0.0801 51.52959", "From Windsor Terrace, Hoxton to Hoxton Street, Hoxton"
"LINESTRING (-0.075885 51.536585,-0.0801 51.52959", "From Dunston Road , Haggerston to Hoxton Street, Hoxton"
"LINESTRING (-0.130431 51.52168,-0.0801 51.52959", "From Malet Street, Bloomsbury to Hoxton Street, Hoxton"
"LINESTRING (-0.078505 51.53095,-0.0801 51.52959", "From Falkirk Street, Hoxton to Hoxton Street, Hoxton"
"LINESTRING (-0.058631 51.524583,-0.0801 51.52959", "From Finnis Street, Bethnal Green to Hoxton Street, Hoxton"
"LINESTRING (-0.09315 51.53356,-0.0801 51.52959", "From Eagle Wharf Road, Hoxton to Hoxton Street, Hoxton"
"LINESTRING (-0.138072 51.517344,-0.0801 51.52959", "From Wells Street, Fitzrovia to Hoxton Street, Hoxton"
"LINESTRING (-0.059091 51.528692,-0.0801 51.52959", "From Clarkson Street, Bethnal Green to Hoxton Street, Hoxton"
"LINESTRING (-0.190393 51.490163,-0.179369 51.487196", "From Bramham Gardens, Earl's Court to Drayton Gardens, West Chelsea"
"LINESTRING (-0.18267 51.494185,-0.179369 51.487196", "From Gloucester Road Station, South Kensington to Drayton Gardens, West Chelsea"
"LINESTRING (-0.191462 51.501364,-0.179369 51.487196", "From Derry Street, Kensington to Drayton Gardens, West Chelsea"
"LINESTRING (-0.158963 51.524517,-0.179369 51.487196", "From Park Road (Baker Street), The Regent's Park to Drayton Gardens, West Chelsea"
"LINESTRING (-0.208485 51.478939,-0.179369 51.487196", "From St. Peter's Terrace, Fulham to Drayton Gardens, West Chelsea"
"LINESTRING (-0.18267 51.494185,-0.179369 51.487196", "From Gloucester Road Station, South Kensington to Drayton Gardens, West Chelsea"
"LINESTRING (-0.155442 51.474376,-0.179369 51.487196", "From Austin Road, Battersea Park to Drayton Gardens, West Chelsea"
"LINESTRING (-0.191722 51.461083,-0.179369 51.487196", "From Smugglers Way, Wandsworth to Drayton Gardens, West Chelsea"
"LINESTRING (-0.197245 51.497387,-0.179369 51.487196", "From Abingdon Villas, Kensington to Drayton Gardens, West Chelsea"
"LINESTRING (-0.199783 51.472817,-0.179369 51.487196", "From Parson's Green , Parson's Green to Drayton Gardens, West Chelsea"
"LINESTRING (-0.169821 51.466633,-0.179369 51.487196", "From Falcon Road, Clapham Junction to Drayton Gardens, West Chelsea"
"LINESTRING (-0.158105 51.494645,-0.179369 51.487196", "From Cadogan Place, Knightsbridge to Drayton Gardens, West Chelsea"
"LINESTRING (-0.159322 51.461343,-0.179369 51.487196", "From Clapham Common North Side, Clapham Common to Drayton Gardens, West Chelsea"
"LINESTRING (-0.185296 51.495362,-0.179369 51.487196", "From Emperor's Gate, South Kensington to Drayton Gardens, West Chelsea"
"LINESTRING (-0.170983 51.486892,-0.179369 51.487196", "From Manresa Road, Chelsea to Drayton Gardens, West Chelsea"
"LINESTRING (-0.094524 51.500694,-0.179369 51.487196", "From Borough High Street, The Borough to Drayton Gardens, West Chelsea"
"LINESTRING (-0.147624 51.49395,-0.179369 51.487196", "From Eccleston Place, Victoria to Drayton Gardens, West Chelsea"
"LINESTRING (-0.167029 51.460333,-0.179369 51.487196", "From Abyssinia Close, Clapham Junction to Drayton Gardens, West Chelsea"
"LINESTRING (-0.183834 51.497924,-0.179369 51.487196", "From Gloucester Road (North), Kensington to Drayton Gardens, West Chelsea"
"LINESTRING (-0.191722 51.461083,-0.179369 51.487196", "From Smugglers Way, Wandsworth to Drayton Gardens, West Chelsea"
"LINESTRING (-0.170983 51.486892,-0.179369 51.487196", "From Manresa Road, Chelsea to Drayton Gardens, West Chelsea"
"LINESTRING (-0.199783 51.472817,-0.179369 51.487196", "From Parson's Green , Parson's Green to Drayton Gardens, West Chelsea"
"LINESTRING (-0.193068 51.500397,-0.179369 51.487196", "From Wright's Lane, Kensington to Drayton Gardens, West Chelsea"
"LINESTRING (-0.158105 51.494645,-0.179369 51.487196", "From Cadogan Place, Knightsbridge to Drayton Gardens, West Chelsea"
"LINESTRING (-0.190603 51.493631,-0.179369 51.487196", "From Knaresborough Place, Earl's Court to Drayton Gardens, West Chelsea"
"LINESTRING (-0.179077 51.495592,-0.179369 51.487196", "From Natural History Museum, South Kensington to Drayton Gardens, West Chelsea"
"LINESTRING (-0.179702 51.499428,-0.179369 51.487196", "From Imperial College, Knightsbridge to Drayton Gardens, West Chelsea"
"LINESTRING (-0.149004 51.485821,-0.179369 51.487196", "From Chelsea Bridge, Pimlico to Drayton Gardens, West Chelsea"
"LINESTRING (-0.166878 51.488023,-0.179369 51.487196", "From Flood Street, Chelsea to Drayton Gardens, West Chelsea"
"LINESTRING (-0.167894 51.493184,-0.179369 51.487196", "From Sloane Avenue, Knightsbridge to Drayton Gardens, West Chelsea"
"LINESTRING (-0.211468 51.462312,-0.179369 51.487196", "From Esmond Street, Putney to Drayton Gardens, West Chelsea"
"LINESTRING (-0.174485 51.469161,-0.179369 51.487196", "From Fawcett Close, Battersea to Drayton Gardens, West Chelsea"
"LINESTRING (-0.196422 51.509353,-0.179369 51.487196", "From Notting Hill Gate Station, Notting Hill to Drayton Gardens, West Chelsea"
"LINESTRING (-0.17581 51.517335,-0.179369 51.487196", "From South Wharf Road, Paddington to Drayton Gardens, West Chelsea"
"LINESTRING (-0.185296 51.495362,-0.179369 51.487196", "From Emperor's Gate, South Kensington to Drayton Gardens, West Chelsea"
"LINESTRING (-0.179369 51.487196,-0.179369 51.487196", "From Drayton Gardens, West Chelsea to Drayton Gardens, West Chelsea"
"LINESTRING (-0.194757 51.493343,-0.179369 51.487196", "From Nevern Place, Earl's Court to Drayton Gardens, West Chelsea"
"LINESTRING (-0.142844 51.506613,-0.179369 51.487196", "From Green Park Station, Mayfair to Drayton Gardens, West Chelsea"
"LINESTRING (-0.151359 51.522008,-0.16862 51.53256", "From Beaumont Street, Marylebone to Greenberry Street, St.John's Wood"
"LINESTRING (-0.16862 51.53256,-0.16862 51.53256", "From Greenberry Street, St.John's Wood to Greenberry Street, St.John's Wood"
"LINESTRING (-0.153645 51.512911,-0.16862 51.53256", "From North Audley Street, Mayfair to Greenberry Street, St.John's Wood"
"LINESTRING (-0.153645 51.512911,-0.16862 51.53256", "From North Audley Street, Mayfair to Greenberry Street, St.John's Wood"
"LINESTRING (-0.158249 51.516892,-0.16862 51.53256", "From George Place Mews, Marylebone to Greenberry Street, St.John's Wood"
"LINESTRING (-0.161113 51.522596,-0.16862 51.53256", "From Dorset Square, Marylebone to Greenberry Street, St.John's Wood"
"LINESTRING (-0.165471 51.498884,-0.16862 51.53256", "From Montpelier Street, Knightsbridge to Greenberry Street, St.John's Wood"
"LINESTRING (-0.173881 51.494412,-0.224303 51.506093", "From South Kensington Station, South Kensington to Westfield Library Corner, Shepherd's Bush"
"LINESTRING (-0.173881 51.494412,-0.224303 51.506093", "From South Kensington Station, South Kensington to Westfield Library Corner, Shepherd's Bush"
"LINESTRING (-0.209494 51.498157,-0.224303 51.506093", "From Kensington Olympia Station, Olympia to Westfield Library Corner, Shepherd's Bush"
"LINESTRING (-0.209494 51.498157,-0.224303 51.506093", "From Kensington Olympia Station, Olympia to Westfield Library Corner, Shepherd's Bush"
"LINESTRING (-0.158105 51.494645,-0.224303 51.506093", "From Cadogan Place, Knightsbridge to Westfield Library Corner, Shepherd's Bush"
"LINESTRING (-0.173881 51.494412,-0.224303 51.506093", "From South Kensington Station, South Kensington to Westfield Library Corner, Shepherd's Bush"
"LINESTRING (-0.162727 51.489932,-0.224303 51.506093", "From Royal Avenue 1, Chelsea to Westfield Library Corner, Shepherd's Bush"
"LINESTRING (-0.173881 51.494412,-0.224303 51.506093", "From South Kensington Station, South Kensington to Westfield Library Corner, Shepherd's Bush"
"LINESTRING (-0.183118 51.515607,-0.18377 51.5171", "From Cleveland Gardens, Bayswater to Bishop's Bridge Road East, Bayswater"
"LINESTRING (-0.165668 51.524561,-0.18377 51.5171", "From Broadley Terrace, Marylebone to Bishop's Bridge Road East, Bayswater"
"LINESTRING (-0.141423 51.514499,-0.18377 51.5171", "From Little Argyll Street, West End to Bishop's Bridge Road East, Bayswater"
"LINESTRING (-0.106992 51.534504,-0.18377 51.5171", "From Liverpool Road (N1 Centre), Angel to Bishop's Bridge Road East, Bayswater"
"LINESTRING (-0.132102 51.498125,-0.18377 51.5171", "From Abbey Orchard Street, Westminster to Bishop's Bridge Road East, Bayswater"
"LINESTRING (-0.112824 51.503791,-0.11934 51.531066", "From Waterloo Station 3, Waterloo to Northdown Street, King's Cross"
"LINESTRING (-0.079201 51.537277,-0.11934 51.531066", "From Hertford Road, De Beauvoir Town to Northdown Street, King's Cross"
"LINESTRING (-0.060291 51.535716,-0.11934 51.531066", "From Ada Street, Hackney Central to Northdown Street, King's Cross"
"LINESTRING (-0.102757 51.536384,-0.11934 51.531066", "From Islington Green, Angel to Northdown Street, King's Cross"
"LINESTRING (-0.103604 51.517334,-0.11934 51.531066", "From Snow Hill, Farringdon to Northdown Street, King's Cross"
"LINESTRING (-0.096496 51.517821,-0.11934 51.531066", "From Museum of London, Barbican to Northdown Street, King's Cross"
"LINESTRING (-0.079201 51.537277,-0.11934 51.531066", "From Hertford Road, De Beauvoir Town to Northdown Street, King's Cross"
"LINESTRING (-0.130431 51.52168,-0.11934 51.531066", "From Malet Street, Bloomsbury to Northdown Street, King's Cross"
"LINESTRING (-0.145393 51.542138,-0.11934 51.531066", "From Castlehaven Road, Camden Town to Northdown Street, King's Cross"
"LINESTRING (-0.116279 51.524564,-0.11934 51.531066", "From Wren Street, Holborn to Northdown Street, King's Cross"
"LINESTRING (-0.134407 51.526236,-0.11934 51.531066", "From Euston Road, Euston to Northdown Street, King's Cross"
"LINESTRING (-0.130431 51.52168,-0.11934 51.531066", "From Malet Street, Bloomsbury to Northdown Street, King's Cross"
"LINESTRING (-0.124121 51.523418,-0.11934 51.531066", "From Russell Square Station, Bloomsbury to Northdown Street, King's Cross"
"LINESTRING (-0.117069 51.53136,-0.11934 51.531066", "From Calshot Street , King's Cross to Northdown Street, King's Cross"
"LINESTRING (-0.21555 51.463211,-0.117774 51.513875", "From Montserrat Road , Putney to Kingsway Southbound, Strand"
"LINESTRING (-0.13225 51.528833,-0.117774 51.513875", "From Doric Way , Somers Town to Kingsway Southbound, Strand"
"LINESTRING (-0.112432 51.526599,-0.117774 51.513875", "From Margery Street, Clerkenwell to Kingsway Southbound, Strand"
"LINESTRING (-0.096317 51.526008,-0.117774 51.513875", "From Finsbury Leisure Centre, St. Luke's to Kingsway Southbound, Strand"
"LINESTRING (-0.092921 51.494436,-0.117774 51.513875", "From New Kent Road, The Borough to Kingsway Southbound, Strand"
"LINESTRING (-0.125441 51.541596,-0.117774 51.513875", "From York Way, Kings Cross to Kingsway Southbound, Strand"
"LINESTRING (-0.130431 51.52168,-0.117774 51.513875", "From Malet Street, Bloomsbury to Kingsway Southbound, Strand"
"LINESTRING (-0.089446 51.497382,-0.117774 51.513875", "From Great Dover Street, The Borough to Kingsway Southbound, Strand"
"LINESTRING (-0.158963 51.524517,-0.117774 51.513875", "From Park Road (Baker Street), The Regent's Park to Kingsway Southbound, Strand"
"LINESTRING (-0.122299 51.530199,-0.117774 51.513875", "From Birkenhead Street, King's Cross to Kingsway Southbound, Strand"
"LINESTRING (-0.083067 51.523196,-0.117774 51.513875", "From Clifton Street, Shoreditch to Kingsway Southbound, Strand"
"LINESTRING (-0.089659 51.52548,-0.117774 51.513875", "From Old Street Station, St. Luke's to Kingsway Southbound, Strand"
"LINESTRING (-0.117774 51.513875,-0.117774 51.513875", "From Kingsway Southbound, Strand to Kingsway Southbound, Strand"
"LINESTRING (-0.139625 51.490962,-0.117774 51.513875", "From Gloucester Street, Pimlico to Kingsway Southbound, Strand"
"LINESTRING (-0.106 51.496127,-0.117774 51.513875", "From Geraldine Street, Elephant & Castle to Kingsway Southbound, Strand"
"LINESTRING (-0.096317 51.526008,-0.117774 51.513875", "From Finsbury Leisure Centre, St. Luke's to Kingsway Southbound, Strand"
"LINESTRING (-0.131161 51.52505,-0.117774 51.513875", "From Taviton Street, Bloomsbury to Kingsway Southbound, Strand"
"LINESTRING (-0.138231 51.525542,-0.117774 51.513875", "From Hampstead Road, Euston to Kingsway Southbound, Strand"
"LINESTRING (-0.21555 51.463211,-0.117774 51.513875", "From Montserrat Road , Putney to Kingsway Southbound, Strand"
"LINESTRING (-0.13225 51.528833,-0.117774 51.513875", "From Doric Way , Somers Town to Kingsway Southbound, Strand"
"LINESTRING (-0.141728 51.539099,-0.117774 51.513875", "From Greenland Road, Camden Town to Kingsway Southbound, Strand"
"LINESTRING (-0.138364 51.492111,-0.117774 51.513875", "From Tachbrook Street, Victoria to Kingsway Southbound, Strand"
"LINESTRING (-0.2174 51.504038,-0.21985 51.493267", "From Woodstock Grove, Shepherd's Bush to Hammersmith Road, Hammersmith"
"LINESTRING (-0.205284 51.496712,-0.21985 51.493267", "From Warwick Road, Olympia to Hammersmith Road, Hammersmith"
"LINESTRING (-0.205279 51.487244,-0.21985 51.493267", "From Star Road, West Kensington to Hammersmith Road, Hammersmith"
"LINESTRING (-0.155349 51.502757,-0.21985 51.493267", "From Knightsbridge, Hyde Park to Hammersmith Road, Hammersmith"
"LINESTRING (-0.151926 51.516814,-0.21985 51.493267", "From Hinde Street, Marylebone to Hammersmith Road, Hammersmith"
"LINESTRING (-0.21985 51.493267,-0.21985 51.493267", "From Hammersmith Road, Hammersmith to Hammersmith Road, Hammersmith"
"LINESTRING (-0.209494 51.498157,-0.21985 51.493267", "From Kensington Olympia Station, Olympia to Hammersmith Road, Hammersmith"
"LINESTRING (-0.197574 51.499606,-0.21985 51.493267", "From Phillimore Gardens, Kensington to Hammersmith Road, Hammersmith"
"LINESTRING (-0.155349 51.502757,-0.21985 51.493267", "From Knightsbridge, Hyde Park to Hammersmith Road, Hammersmith"
"LINESTRING (-0.202038 51.48357,-0.21985 51.493267", "From Coomer Place, West Kensington to Hammersmith Road, Hammersmith"
"LINESTRING (-0.204815 51.484386,-0.21985 51.493267", "From Normand Park, West Kensington to Hammersmith Road, Hammersmith"
"LINESTRING (-0.194757 51.493343,-0.21985 51.493267", "From Nevern Place, Earl's Court to Hammersmith Road, Hammersmith"
"LINESTRING (-0.21819 51.511486,-0.21985 51.493267", "From Evesham Street, Avondale to Hammersmith Road, Hammersmith"
"LINESTRING (-0.153645 51.512911,-0.21985 51.493267", "From North Audley Street, Mayfair to Hammersmith Road, Hammersmith"
"LINESTRING (-0.180274 51.481805,-0.21985 51.493267", "From World's End Place, West Chelsea to Hammersmith Road, Hammersmith"
"LINESTRING (-0.191933 51.495866,-0.21985 51.493267", "From Lexham Gardens, Kensington to Hammersmith Road, Hammersmith"
"LINESTRING (-0.171103 51.518268,-0.21985 51.493267", "From St Mary's Hospital, Paddington to Hammersmith Road, Hammersmith"
"LINESTRING (-0.191803 51.473611,-0.199783 51.472817", "From Sandilands Road, Walham Green to Parson's Green , Parson's Green"
"LINESTRING (-0.193502 51.467064,-0.199783 51.472817", "From South Park, Sands End to Parson's Green , Parson's Green"
"LINESTRING (-0.190346 51.46822,-0.199783 51.472817", "From Stephendale Road, Sands End to Parson's Green , Parson's Green"
"LINESTRING (-0.209378 51.489591,-0.199783 51.472817", "From Vereker Road, West Kensington to Parson's Green , Parson's Green"
"LINESTRING (-0.159169 51.475153,-0.199783 51.472817", "From Prince of Wales Drive, Battersea Park to Parson's Green , Parson's Green"
"LINESTRING (-0.149551 51.477619,-0.199783 51.472817", "From Queen's Circus, Battersea Park to Parson's Green , Parson's Green"
"LINESTRING (-0.199783 51.472817,-0.199783 51.472817", "From Parson's Green , Parson's Green to Parson's Green , Parson's Green"
"LINESTRING (-0.158456 51.502953,-0.199783 51.472817", "From Albert Gate, Hyde Park to Parson's Green , Parson's Green"
"LINESTRING (-0.195777 51.479463,-0.199783 51.472817", "From Erin Close, Walham Green to Parson's Green , Parson's Green"
"LINESTRING (-0.180389 51.46517,-0.199783 51.472817", "From Hibbert Street, Battersea to Parson's Green , Parson's Green"
"LINESTRING (-0.183834 51.497924,-0.199783 51.472817", "From Gloucester Road (North), Kensington to Parson's Green , Parson's Green"
"LINESTRING (-0.194392 51.501945,-0.199783 51.472817", "From Kensington Town Hall, Kensington to Parson's Green , Parson's Green"
"LINESTRING (-0.205279 51.487244,-0.199783 51.472817", "From Star Road, West Kensington to Parson's Green , Parson's Green"
"LINESTRING (-0.193502 51.467064,-0.199783 51.472817", "From South Park, Sands End to Parson's Green , Parson's Green"
"LINESTRING (-0.205279 51.487244,-0.199783 51.472817", "From Star Road, West Kensington to Parson's Green , Parson's Green"
"LINESTRING (-0.228188 51.494499,-0.199783 51.472817", "From Southerton Road, Hammersmith to Parson's Green , Parson's Green"
"LINESTRING (-0.183846 51.523344,-0.199783 51.472817", "From Warwick Avenue Station, Maida Vale to Parson's Green , Parson's Green"
"LINESTRING (-0.15352 51.503117,-0.199783 51.472817", "From Hyde Park Corner, Hyde Park to Parson's Green , Parson's Green"
"LINESTRING (-0.216526 51.460717,-0.199783 51.472817", "From Putney Rail Station, Putney to Parson's Green , Parson's Green"
"LINESTRING (-0.174347 51.476964,-0.199783 51.472817", "From Battersea Church Road, Battersea to Parson's Green , Parson's Green"
"LINESTRING (-0.216573 51.466907,-0.199783 51.472817", "From Putney Pier, Wandsworth to Parson's Green , Parson's Green"
"LINESTRING (-0.193254 51.476259,-0.199783 51.472817", "From Eel Brook Common, Walham Green to Parson's Green , Parson's Green"
"LINESTRING (-0.159322 51.461343,-0.199783 51.472817", "From Clapham Common North Side, Clapham Common to Parson's Green , Parson's Green"
"LINESTRING (-0.216573 51.466907,-0.199783 51.472817", "From Putney Pier, Wandsworth to Parson's Green , Parson's Green"
"LINESTRING (-0.190346 51.46822,-0.199783 51.472817", "From Stephendale Road, Sands End to Parson's Green , Parson's Green"
"LINESTRING (-0.195777 51.479463,-0.199783 51.472817", "From Erin Close, Walham Green to Parson's Green , Parson's Green"
"LINESTRING (-0.208485 51.478939,-0.199783 51.472817", "From St. Peter's Terrace, Fulham to Parson's Green , Parson's Green"
"LINESTRING (-0.210941 51.504199,-0.199783 51.472817", "From Addison Road, Holland Park to Parson's Green , Parson's Green"
"LINESTRING (-0.162418 51.490083,-0.199783 51.472817", "From Royal Avenue 2, Chelsea to Parson's Green , Parson's Green"
"LINESTRING (-0.187278 51.475142,-0.199783 51.472817", "From Imperial Road, Sands End to Parson's Green , Parson's Green"
"LINESTRING (-0.197609 51.483911,-0.199783 51.472817", "From Halford Road, West Kensington to Parson's Green , Parson's Green"
"LINESTRING (-0.236769 51.494223,-0.199783 51.472817", "From Ravenscourt Park Station, Hammersmith to Parson's Green , Parson's Green"
"LINESTRING (-0.190346 51.46822,-0.199783 51.472817", "From Stephendale Road, Sands End to Parson's Green , Parson's Green"
"LINESTRING (-0.150481 51.51217,-0.199783 51.472817", "From Grosvenor Square, Mayfair to Parson's Green , Parson's Green"
"LINESTRING (-0.187278 51.475142,-0.199783 51.472817", "From Imperial Road, Sands End to Parson's Green , Parson's Green"
"LINESTRING (-0.216526 51.460717,-0.199783 51.472817", "From Putney Rail Station, Putney to Parson's Green , Parson's Green"
"LINESTRING (-0.18119 51.485587,-0.199783 51.472817", "From Limerston Street, West Chelsea to Parson's Green , Parson's Green"
"LINESTRING (-0.161765 51.487964,-0.199783 51.472817", "From Ormonde Gate, Chelsea to Parson's Green , Parson's Green"
"LINESTRING (-0.105344 51.515059,-0.199783 51.472817", "From St. Bride Street, Holborn to Parson's Green , Parson's Green"
"LINESTRING (-0.137235 51.473116,-0.199783 51.472817", "From Stewart's Road, Wandsworth Road to Parson's Green , Parson's Green"
"LINESTRING (-0.199783 51.472817,-0.199783 51.472817", "From Parson's Green , Parson's Green to Parson's Green , Parson's Green"
"LINESTRING (-0.193502 51.467064,-0.199783 51.472817", "From South Park, Sands End to Parson's Green , Parson's Green"
"LINESTRING (-0.180791 51.46193,-0.199783 51.472817", "From Nantes Close, Wandsworth to Parson's Green , Parson's Green"
"LINESTRING (-0.187404 51.487958,-0.199783 51.472817", "From Harcourt Terrace, West Brompton to Parson's Green , Parson's Green"
"LINESTRING (-0.216573 51.466907,-0.199783 51.472817", "From Putney Pier, Wandsworth to Parson's Green , Parson's Green"
"LINESTRING (-0.139625 51.490962,-0.199783 51.472817", "From Gloucester Street, Pimlico to Parson's Green , Parson's Green"
"LINESTRING (-0.193502 51.467064,-0.199783 51.472817", "From South Park, Sands End to Parson's Green , Parson's Green"
"LINESTRING (-0.175407 51.462305,-0.199783 51.472817", "From Plough Terrace, Clapham Junction to Parson's Green , Parson's Green"
"LINESTRING (-0.190346 51.46822,-0.199783 51.472817", "From Stephendale Road, Sands End to Parson's Green , Parson's Green"
"LINESTRING (-0.205279 51.487244,-0.199783 51.472817", "From Star Road, West Kensington to Parson's Green , Parson's Green"
"LINESTRING (-0.208485 51.478939,-0.199783 51.472817", "From St. Peter's Terrace, Fulham to Parson's Green , Parson's Green"
"LINESTRING (-0.191803 51.473611,-0.199783 51.472817", "From Sandilands Road, Walham Green to Parson's Green , Parson's Green"
"LINESTRING (-0.200667 51.460951,-0.20782 51.473471", "From Northfields, Wandsworth to Fulham Park Road, Fulham"
"LINESTRING (-0.18119 51.485587,-0.20782 51.473471", "From Limerston Street, West Chelsea to Fulham Park Road, Fulham"
"LINESTRING (-0.14296 51.497998,-0.20782 51.473471", "From Warwick Row, Westminster to Fulham Park Road, Fulham"
"LINESTRING (-0.19701 51.473763,-0.20782 51.473471", "From Irene Road, Parsons Green to Fulham Park Road, Fulham"
"LINESTRING (-0.216526 51.460717,-0.20782 51.473471", "From Putney Rail Station, Putney to Fulham Park Road, Fulham"
"LINESTRING (-0.19701 51.473763,-0.20782 51.473471", "From Irene Road, Parsons Green to Fulham Park Road, Fulham"
"LINESTRING (-0.189155 51.477292,-0.20782 51.473471", "From Michael Road, Walham Green to Fulham Park Road, Fulham"
"LINESTRING (-0.219346 51.482944,-0.20782 51.473471", "From Crabtree Lane, Fulham to Fulham Park Road, Fulham"
"LINESTRING (-0.173881 51.494412,-0.20782 51.473471", "From South Kensington Station, South Kensington to Fulham Park Road, Fulham"
"LINESTRING (-0.197609 51.483911,-0.20782 51.473471", "From Halford Road, West Kensington to Fulham Park Road, Fulham"
"LINESTRING (-0.192165 51.457529,-0.20782 51.473471", "From Ram Street, Wandsworth to Fulham Park Road, Fulham"
"LINESTRING (-0.202038 51.48357,-0.20782 51.473471", "From Coomer Place, West Kensington to Fulham Park Road, Fulham"
"LINESTRING (-0.209378 51.489591,-0.20782 51.473471", "From Vereker Road, West Kensington to Fulham Park Road, Fulham"
"LINESTRING (-0.224103 51.509158,-0.20782 51.473471", "From Westfield Ariel Way, White City to Fulham Park Road, Fulham"
"LINESTRING (-0.202038 51.48357,-0.20782 51.473471", "From Coomer Place, West Kensington to Fulham Park Road, Fulham"
"LINESTRING (-0.168917 51.497056,-0.20782 51.473471", "From Holy Trinity Brompton, Knightsbridge to Fulham Park Road, Fulham"
"LINESTRING (-0.134621 51.507424,-0.20782 51.473471", "From St. James's Square, St. James's to Fulham Park Road, Fulham"
"LINESTRING (-0.20782 51.473471,-0.20782 51.473471", "From Fulham Park Road, Fulham to Fulham Park Road, Fulham"
"LINESTRING (-0.193254 51.476259,-0.20782 51.473471", "From Eel Brook Common, Walham Green to Fulham Park Road, Fulham"
"LINESTRING (-0.223616 51.485743,-0.20782 51.473471", "From Manbre Road, Hammersmith to Fulham Park Road, Fulham"
"LINESTRING (-0.174554 51.499917,-0.20782 51.473471", "From Exhibition Road, Knightsbridge to Fulham Park Road, Fulham"
"LINESTRING (-0.214749 51.473036,-0.20782 51.473471", "From Bishop's Avenue, Fulham to Fulham Park Road, Fulham"
"LINESTRING (-0.179038 51.479573,-0.20782 51.473471", "From Lots Road, West Chelsea to Fulham Park Road, Fulham"
"LINESTRING (-0.167029 51.460333,-0.228188 51.494499", "From Abyssinia Close, Clapham Junction to Southerton Road, Hammersmith"
"LINESTRING (-0.201005 51.51787,-0.228188 51.494499", "From Westbourne Park Road, Portobello to Southerton Road, Hammersmith"
"LINESTRING (-0.222293 51.501594,-0.228188 51.494499", "From Shepherd's Bush Road North, Shepherd's Bush to Southerton Road, Hammersmith"
"LINESTRING (-0.229116 51.492084,-0.228188 51.494499", "From Bridge Avenue, Hammersmith to Southerton Road, Hammersmith"
"LINESTRING (-0.205279 51.487244,-0.228188 51.494499", "From Star Road, West Kensington to Southerton Road, Hammersmith"
"LINESTRING (-0.228188 51.494499,-0.228188 51.494499", "From Southerton Road, Hammersmith to Southerton Road, Hammersmith"
"LINESTRING (-0.208888 51.5212,-0.228188 51.494499", "From Bevington Road West, North Kensington to Southerton Road, Hammersmith"
"LINESTRING (-0.179135 51.516417,-0.228188 51.494499", "From Eastbourne Mews, Paddington to Southerton Road, Hammersmith"
"LINESTRING (-0.224103 51.509158,-0.228188 51.494499", "From Westfield Ariel Way, White City to Southerton Road, Hammersmith"
"LINESTRING (-0.17581 51.517335,-0.228188 51.494499", "From South Wharf Road, Paddington to Southerton Road, Hammersmith"
"LINESTRING (-0.195455 51.500401,-0.228188 51.494499", "From Argyll Road, Kensington to Southerton Road, Hammersmith"
"LINESTRING (-0.208485 51.478939,-0.228188 51.494499", "From St. Peter's Terrace, Fulham to Southerton Road, Hammersmith"
"LINESTRING (-0.228188 51.494499,-0.228188 51.494499", "From Southerton Road, Hammersmith to Southerton Road, Hammersmith"
"LINESTRING (-0.210279 51.468814,-0.228188 51.494499", "From Putney Bridge Station, Fulham to Southerton Road, Hammersmith"
"LINESTRING (-0.202608 51.51632,-0.228188 51.494499", "From All Saints Church, Portobello to Southerton Road, Hammersmith"
"LINESTRING (-0.179702 51.499428,-0.228188 51.494499", "From Imperial College, Knightsbridge to Southerton Road, Hammersmith"
"LINESTRING (-0.179702 51.499428,-0.228188 51.494499", "From Imperial College, Knightsbridge to Southerton Road, Hammersmith"
"LINESTRING (-0.223868 51.496664,-0.228188 51.494499", "From Little Brook Green, Brook Green to Southerton Road, Hammersmith"
"LINESTRING (-0.204815 51.484386,-0.228188 51.494499", "From Normand Park, West Kensington to Southerton Road, Hammersmith"
"LINESTRING (-0.174691 51.45787,-0.228188 51.494499", "From Spencer Park, Wandsworth Common to Southerton Road, Hammersmith"
"LINESTRING (-0.214428 51.486062,-0.228188 51.494499", "From Greyhound Road, Hammersmith to Southerton Road, Hammersmith"
"LINESTRING (-0.187402 51.51031,-0.228188 51.494499", "From Queensway, Kensington Gardens to Southerton Road, Hammersmith"
"LINESTRING (-0.215895 51.476885,-0.223616 51.485743", "From Finlay Street, Fulham to Manbre Road, Hammersmith"
"LINESTRING (-0.20782 51.473471,-0.223616 51.485743", "From Fulham Park Road, Fulham to Manbre Road, Hammersmith"
"LINESTRING (-0.166221 51.490714,-0.223616 51.485743", "From Chelsea Green, Chelsea to Manbre Road, Hammersmith"
"LINESTRING (-0.215087 51.490217,-0.223616 51.485743", "From Barons Court Station, West Kensington to Manbre Road, Hammersmith"
"LINESTRING (-0.209121 51.491026,-0.223616 51.485743", "From Gwendwr Road, West Kensington to Manbre Road, Hammersmith"
"LINESTRING (-0.216305 51.483356,-0.223616 51.485743", "From Everington Street, Fulham to Manbre Road, Hammersmith"
"LINESTRING (-0.215087 51.490217,-0.223616 51.485743", "From Barons Court Station, West Kensington to Manbre Road, Hammersmith"
"LINESTRING (-0.223616 51.485743,-0.223616 51.485743", "From Manbre Road, Hammersmith to Manbre Road, Hammersmith"
"LINESTRING (-0.223868 51.496664,-0.223616 51.485743", "From Little Brook Green, Brook Green to Manbre Road, Hammersmith"
"LINESTRING (-0.229116 51.492084,-0.223616 51.485743", "From Bridge Avenue, Hammersmith to Manbre Road, Hammersmith"
"LINESTRING (-0.223616 51.485743,-0.223616 51.485743", "From Manbre Road, Hammersmith to Manbre Road, Hammersmith"
"LINESTRING (-0.206827 51.467601,-0.223616 51.485743", "From Ranelagh Gardens, Fulham to Manbre Road, Hammersmith"
"LINESTRING (-0.197574 51.499606,-0.223616 51.485743", "From Phillimore Gardens, Kensington to Manbre Road, Hammersmith"
"LINESTRING (-0.179702 51.499428,-0.223616 51.485743", "From Imperial College, Knightsbridge to Manbre Road, Hammersmith"
"LINESTRING (-0.195455 51.500401,-0.223616 51.485743", "From Argyll Road, Kensington to Manbre Road, Hammersmith"
"LINESTRING (-0.197574 51.499606,-0.223616 51.485743", "From Phillimore Gardens, Kensington to Manbre Road, Hammersmith"
"LINESTRING (-0.215087 51.490217,-0.223616 51.485743", "From Barons Court Station, West Kensington to Manbre Road, Hammersmith"
"LINESTRING (-0.214749 51.473036,-0.223616 51.485743", "From Bishop's Avenue, Fulham to Manbre Road, Hammersmith"
"LINESTRING (-0.204815 51.484386,-0.223616 51.485743", "From Normand Park, West Kensington to Manbre Road, Hammersmith"
"LINESTRING (-0.125674 51.491884,-0.124642 51.481747", "From Millbank Tower, Pimlico to South Lambeth Road, Vauxhall"
"LINESTRING (-0.110699 51.501444,-0.124642 51.481747", "From Baylis Road, Waterloo to South Lambeth Road, Vauxhall"
"LINESTRING (-0.136928 51.493985,-0.124642 51.481747", "From Vincent Square, Westminster to South Lambeth Road, Vauxhall"
"LINESTRING (-0.149035 51.481121,-0.124642 51.481747", "From Sopwith Way, Battersea Park to South Lambeth Road, Vauxhall"
"LINESTRING (-0.09644 51.507385,-0.124642 51.481747", "From New Globe Walk, Bankside to South Lambeth Road, Vauxhall"
"LINESTRING (-0.117661 51.482678,-0.124642 51.481747", "From Ashmole Estate, Oval to South Lambeth Road, Vauxhall"
"LINESTRING (-0.113134 51.483145,-0.124642 51.481747", "From Kennington Oval, Oval to South Lambeth Road, Vauxhall"
"LINESTRING (-0.092176 51.520044,-0.124642 51.481747", "From Barbican Centre, Barbican to South Lambeth Road, Vauxhall"
"LINESTRING (-0.136123 51.482362,-0.124642 51.481747", "From Riverlight North, Nine Elms to South Lambeth Road, Vauxhall"
"LINESTRING (-0.149035 51.481121,-0.124642 51.481747", "From Sopwith Way, Battersea Park to South Lambeth Road, Vauxhall"
"LINESTRING (-0.138089 51.484839,-0.124642 51.481747", "From Claverton Street, Pimlico to South Lambeth Road, Vauxhall"
"LINESTRING (-0.134621 51.507424,-0.124642 51.481747", "From St. James's Square, St. James's to South Lambeth Road, Vauxhall"
"LINESTRING (-0.126874 51.47787,-0.124642 51.481747", "From Hartington Road, Stockwell to South Lambeth Road, Vauxhall"
"LINESTRING (-0.122806 51.490435,-0.124642 51.481747", "From Albert Embankment, Vauxhall to South Lambeth Road, Vauxhall"
"LINESTRING (-0.116493 51.477839,-0.124642 51.481747", "From Caldwell Street, Stockwell to South Lambeth Road, Vauxhall"
"LINESTRING (-0.115781 51.464019,-0.124642 51.481747", "From Ferndale Road, Brixton to South Lambeth Road, Vauxhall"
"LINESTRING (-0.116493 51.477839,-0.124642 51.481747", "From Caldwell Street, Stockwell to South Lambeth Road, Vauxhall"
"LINESTRING (-0.111471 51.479601,-0.124642 51.481747", "From Cranmer Road, Stockwell to South Lambeth Road, Vauxhall"
"LINESTRING (-0.110699 51.501444,-0.124642 51.481747", "From Baylis Road, Waterloo to South Lambeth Road, Vauxhall"
"LINESTRING (-0.132053 51.518587,-0.124642 51.481747", "From Bayley Street , Bloomsbury to South Lambeth Road, Vauxhall"
"LINESTRING (-0.124469 51.485917,-0.124642 51.481747", "From Vauxhall Cross, Vauxhall to South Lambeth Road, Vauxhall"
"LINESTRING (-0.130908 51.464995,-0.124642 51.481747", "From Gauden Road, Clapham to South Lambeth Road, Vauxhall"
"LINESTRING (-0.129698 51.500703,-0.124642 51.481747", "From Storey's Gate, Westminster to South Lambeth Road, Vauxhall"
"LINESTRING (-0.13151 51.509639,-0.124642 51.481747", "From Panton Street, West End to South Lambeth Road, Vauxhall"
"LINESTRING (-0.114605 51.495656,-0.124642 51.481747", "From Sail Street, Vauxhall to South Lambeth Road, Vauxhall"
"LINESTRING (-0.097441 51.511961,-0.124642 51.481747", "From Queen Victoria Street, St. Paul's to South Lambeth Road, Vauxhall"
"LINESTRING (-0.099828 51.493146,-0.124642 51.481747", "From Strata, Elephant & Castle to South Lambeth Road, Vauxhall"
"LINESTRING (-0.110699 51.501444,-0.124642 51.481747", "From Baylis Road, Waterloo to South Lambeth Road, Vauxhall"
"LINESTRING (-0.139956 51.493573,-0.124642 51.481747", "From Queen Mother Sports Centre, Victoria to South Lambeth Road, Vauxhall"
"LINESTRING (-0.115781 51.464019,-0.124642 51.481747", "From Ferndale Road, Brixton to South Lambeth Road, Vauxhall"
"LINESTRING (-0.09885 51.515418,-0.124642 51.481747", "From Newgate Street , St. Paul's to South Lambeth Road, Vauxhall"
"LINESTRING (-0.166878 51.488023,-0.124642 51.481747", "From Flood Street, Chelsea to South Lambeth Road, Vauxhall"
"LINESTRING (-0.115781 51.464019,-0.124642 51.481747", "From Ferndale Road, Brixton to South Lambeth Road, Vauxhall"
"LINESTRING (-0.122759 51.487807,-0.124642 51.481747", "From New Spring Gardens Walk, Vauxhall to South Lambeth Road, Vauxhall"
"LINESTRING (-0.122759 51.487807,-0.124642 51.481747", "From New Spring Gardens Walk, Vauxhall to South Lambeth Road, Vauxhall"
"LINESTRING (-0.149551 51.477619,-0.124642 51.481747", "From Queen's Circus, Battersea Park to South Lambeth Road, Vauxhall"
"LINESTRING (-0.09644 51.507385,-0.124642 51.481747", "From New Globe Walk, Bankside to South Lambeth Road, Vauxhall"
"LINESTRING (-0.115781 51.464019,-0.124642 51.481747", "From Ferndale Road, Brixton to South Lambeth Road, Vauxhall"
"LINESTRING (-0.111014 51.493686,-0.124642 51.481747", "From Walnut Tree Walk, Vauxhall to South Lambeth Road, Vauxhall"
"LINESTRING (-0.149035 51.481121,-0.124642 51.481747", "From Sopwith Way, Battersea Park to South Lambeth Road, Vauxhall"
"LINESTRING (-0.166221 51.490714,-0.124642 51.481747", "From Chelsea Green, Chelsea to South Lambeth Road, Vauxhall"
"LINESTRING (-0.111014 51.493686,-0.124642 51.481747", "From Walnut Tree Walk, Vauxhall to South Lambeth Road, Vauxhall"
"LINESTRING (-0.119047 51.509631,-0.124642 51.481747", "From Embankment (Savoy), Strand to South Lambeth Road, Vauxhall"
"LINESTRING (-0.110889 51.495718,-0.124642 51.481747", "From Kennington Road  , Vauxhall to South Lambeth Road, Vauxhall"
"LINESTRING (-0.115781 51.464019,-0.124642 51.481747", "From Ferndale Road, Brixton to South Lambeth Road, Vauxhall"
"LINESTRING (-0.13151 51.509639,-0.124642 51.481747", "From Panton Street, West End to South Lambeth Road, Vauxhall"
"LINESTRING (-0.117122 51.490994,-0.124642 51.481747", "From Black Prince Road, Vauxhall to South Lambeth Road, Vauxhall"
"LINESTRING (-0.150481 51.51217,-0.124642 51.481747", "From Grosvenor Square, Mayfair to South Lambeth Road, Vauxhall"
"LINESTRING (-0.175116 51.523353,-0.225787 51.514767", "From Frampton Street, Paddington to BBC White City, White City"
"LINESTRING (-0.209121 51.491026,-0.225787 51.514767", "From Gwendwr Road, West Kensington to BBC White City, White City"
"LINESTRING (-0.223616 51.485743,-0.225787 51.514767", "From Manbre Road, Hammersmith to BBC White City, White City"
"LINESTRING (-0.217995 51.487285,-0.225787 51.514767", "From Charing Cross Hospital, Hammersmith to BBC White City, White City"
"LINESTRING (-0.18697 51.51616,-0.225787 51.514767", "From Bishop's Bridge Road West, Bayswater to BBC White City, White City"
"LINESTRING (-0.171103 51.518268,-0.225787 51.514767", "From St Mary's Hospital, Paddington to BBC White City, White City"
"LINESTRING (-0.219346 51.482944,-0.225787 51.514767", "From Crabtree Lane, Fulham to BBC White City, White City"
"LINESTRING (-0.183486 51.529857,-0.225787 51.514767", "From Maida Vale, Maida Vale to BBC White City, White City"
"LINESTRING (-0.197245 51.497387,-0.225787 51.514767", "From Abingdon Villas, Kensington to BBC White City, White City"
"LINESTRING (-0.178732 51.493967,-0.225787 51.514767", "From Queen's Gate (Central), South Kensington to BBC White City, White City"
"LINESTRING (-0.236769 51.494223,-0.225787 51.514767", "From Ravenscourt Park Station, Hammersmith to BBC White City, White City"
"LINESTRING (-0.209378 51.489591,-0.225787 51.514767", "From Vereker Road, West Kensington to BBC White City, White City"
"LINESTRING (-0.204815 51.484386,-0.225787 51.514767", "From Normand Park, West Kensington to BBC White City, White City"
"LINESTRING (-0.174554 51.499917,-0.225787 51.514767", "From Exhibition Road, Knightsbridge to BBC White City, White City"
"LINESTRING (-0.218337 51.506256,-0.225787 51.514767", "From Westfield Southern Terrace ,Shepherd's Bush to BBC White City, White City"
"LINESTRING (-0.208486 51.506465,-0.225787 51.514767", "From Princedale Road , Holland Park to BBC White City, White City"
"LINESTRING (-0.236769 51.494223,-0.225787 51.514767", "From Ravenscourt Park Station, Hammersmith to BBC White City, White City"
"LINESTRING (-0.175116 51.523353,-0.225787 51.514767", "From Frampton Street, Paddington to BBC White City, White City"
"LINESTRING (-0.219346 51.482944,-0.225787 51.514767", "From Crabtree Lane, Fulham to BBC White City, White City"
"LINESTRING (-0.10988 51.49775,-0.133972 51.472993", "From King Edward Walk, Waterloo to Union Grove, Wandsworth Road"
"LINESTRING (-0.138212 51.481335,-0.133972 51.472993", "From Riverlight South, Nine Elms to Union Grove, Wandsworth Road"
"LINESTRING (-0.122831 51.472509,-0.133972 51.472993", "From Binfield Road, Stockwell to Union Grove, Wandsworth Road"
"LINESTRING (-0.102757 51.536384,-0.133972 51.472993", "From Islington Green, Angel to Union Grove, Wandsworth Road"
"LINESTRING (-0.14177 51.479501,-0.133972 51.472993", "From Battersea Park Road, Nine Elms to Union Grove, Wandsworth Road"
"LINESTRING (-0.020068 51.50357,-0.133972 51.472993", "From Jubilee Plaza, Canary Wharf to Union Grove, Wandsworth Road"
"LINESTRING (-0.140741 51.488057,-0.133972 51.472993", "From Alderney Street, Pimlico to Union Grove, Wandsworth Road"
"LINESTRING (-0.157788 51.465123,-0.133972 51.472993", "From Sugden Road, Clapham to Union Grove, Wandsworth Road"
"LINESTRING (-0.139221 51.461388,-0.133972 51.472993", "From Clapham Common Station, Clapham Common to Union Grove, Wandsworth Road"
"LINESTRING (-0.124469 51.485917,-0.133972 51.472993", "From Vauxhall Cross, Vauxhall to Union Grove, Wandsworth Road"
"LINESTRING (-0.130504 51.526838,-0.133972 51.472993", "From Endsleigh Gardens, Euston to Union Grove, Wandsworth Road"
"LINESTRING (-0.113134 51.483145,-0.133972 51.472993", "From Kennington Oval, Oval to Union Grove, Wandsworth Road"
"LINESTRING (-0.111435 51.48894,-0.133972 51.472993", "From Kennington Cross, Kennington to Union Grove, Wandsworth Road"
"LINESTRING (-0.126021 51.508103,-0.133972 51.472993", "From Craven Street, Strand to Union Grove, Wandsworth Road"
"LINESTRING (-0.149186 51.490491,-0.133972 51.472993", "From Ebury Bridge, Pimlico to Union Grove, Wandsworth Road"
"LINESTRING (-0.173029 51.464894,-0.133972 51.472993", "From Grant Road East, Clapham Junction to Union Grove, Wandsworth Road"
"LINESTRING (-0.184806 51.457991,-0.116493 51.477839", "From Alma Road, Wandsworth to Caldwell Street, Stockwell"
"LINESTRING (-0.126874 51.47787,-0.116493 51.477839", "From Hartington Road, Stockwell to Caldwell Street, Stockwell"
"LINESTRING (-0.119643 51.511756,-0.116493 51.477839", "From Wellington Street , Strand to Caldwell Street, Stockwell"
"LINESTRING (-0.159169 51.475153,-0.116493 51.477839", "From Prince of Wales Drive, Battersea Park to Caldwell Street, Stockwell"
"LINESTRING (-0.141923 51.489856,-0.116493 51.477839", "From Warwick Square, Pimlico to Caldwell Street, Stockwell"
"LINESTRING (-0.102996 51.486929,-0.116493 51.477839", "From Doddington Grove, Kennington to Caldwell Street, Stockwell"
"LINESTRING (-0.114934 51.49288,-0.116493 51.477839", "From Lollard Street, Vauxhall to Caldwell Street, Stockwell"
"LINESTRING (-0.110699 51.501444,-0.116493 51.477839", "From Baylis Road, Waterloo to Caldwell Street, Stockwell"
"LINESTRING (-0.117122 51.490994,-0.116493 51.477839", "From Black Prince Road, Vauxhall to Caldwell Street, Stockwell"
"LINESTRING (-0.140947 51.49616,-0.116493 51.477839", "From Ashley Place, Victoria to Caldwell Street, Stockwell"
"LINESTRING (-0.091938 51.492807,-0.116493 51.477839", "From Victory Place, Walworth to Caldwell Street, Stockwell"
"LINESTRING (-0.103078 51.511934,-0.116493 51.477839", "From Blackfriars Station, St. Paul's to Caldwell Street, Stockwell"
"LINESTRING (-0.110683 51.484788,-0.116493 51.477839", "From Kennington Road Post Office, Oval to Caldwell Street, Stockwell"
"LINESTRING (-0.137235 51.473116,-0.116493 51.477839", "From Stewart's Road, Wandsworth Road to Caldwell Street, Stockwell"
"LINESTRING (-0.0786 51.500647,-0.116493 51.477839", "From Tanner Street, Bermondsey to Caldwell Street, Stockwell"
"LINESTRING (-0.124642 51.481747,-0.116493 51.477839", "From South Lambeth Road, Vauxhall to Caldwell Street, Stockwell"
"LINESTRING (-0.094524 51.500694,-0.116493 51.477839", "From Borough High Street, The Borough to Caldwell Street, Stockwell"
"LINESTRING (-0.112686 51.469217,-0.116493 51.477839", "From Wynne Road, Stockwell to Caldwell Street, Stockwell"
"LINESTRING (-0.082422 51.516154,-0.116493 51.477839", "From Wormwood Street, Liverpool Street to Caldwell Street, Stockwell"
"LINESTRING (-0.091938 51.492807,-0.116493 51.477839", "From Victory Place, Walworth to Caldwell Street, Stockwell"
"LINESTRING (-0.121394 51.493699,-0.116493 51.477839", "From Fire Brigade Pier, Vauxhall to Caldwell Street, Stockwell"
"LINESTRING (-0.150908 51.47505,-0.116493 51.477839", "From Alfreda Street, Battersea Park to Caldwell Street, Stockwell"
"LINESTRING (-0.122831 51.472509,-0.116493 51.477839", "From Binfield Road, Stockwell to Caldwell Street, Stockwell"
"LINESTRING (-0.091938 51.492807,-0.116493 51.477839", "From Victory Place, Walworth to Caldwell Street, Stockwell"
"LINESTRING (-0.110683 51.484788,-0.116493 51.477839", "From Kennington Road Post Office, Oval to Caldwell Street, Stockwell"
"LINESTRING (-0.107987 51.517428,-0.116493 51.477839", "From New Fetter Lane, Holborn to Caldwell Street, Stockwell"
"LINESTRING (-0.12367 51.471433,-0.116493 51.477839", "From Clapham Road, Lingham Street, Stockwell to Caldwell Street, Stockwell"
"LINESTRING (-0.092921 51.494436,-0.138535 51.538792", "From New Kent Road, The Borough to St Martins Close, Camden Town"
"LINESTRING (-0.116191 51.535467,-0.138535 51.538792", "From Carnegie Street, King's Cross to St Martins Close, Camden Town"
"LINESTRING (-0.125078 51.534667,-0.138535 51.538792", "From Good's Way, King's Cross to St Martins Close, Camden Town"
"LINESTRING (-0.128279 51.5293,-0.138535 51.538792", "From Ossulston Street, Somers Town to St Martins Close, Camden Town"
"LINESTRING (-0.147203 51.515308,-0.138535 51.538792", "From Chapel Place, Marylebone to St Martins Close, Camden Town"
"LINESTRING (-0.167894 51.493184,-0.163667 51.520331", "From Sloane Avenue, Knightsbridge to Seymour Place, Marylebone"
"LINESTRING (-0.201554 51.512136,-0.163667 51.520331", "From Chepstow Villas, Notting Hill to Seymour Place, Marylebone"
"LINESTRING (-0.153645 51.512911,-0.163667 51.520331", "From North Audley Street, Mayfair to Seymour Place, Marylebone"
"LINESTRING (-0.15352 51.503117,-0.163667 51.520331", "From Hyde Park Corner, Hyde Park to Seymour Place, Marylebone"
"LINESTRING (-0.117863 51.515208,-0.163667 51.520331", "From Sardinia Street, Holborn to Seymour Place, Marylebone"
"LINESTRING (-0.176645 51.518622,-0.163667 51.520331", "From North Wharf Road, Paddington to Seymour Place, Marylebone"
"LINESTRING (-0.171681 51.522892,-0.163667 51.520331", "From Penfold Street, Marylebone to Seymour Place, Marylebone"
"LINESTRING (-0.193487 51.513735,-0.163667 51.520331", "From Hereford Road, Bayswater to Seymour Place, Marylebone"
"LINESTRING (-0.155442 51.474376,-0.163667 51.520331", "From Austin Road, Battersea Park to Seymour Place, Marylebone"
"LINESTRING (-0.139016 51.520994,-0.163667 51.520331", "From Howland Street, Fitzrovia to Seymour Place, Marylebone"
"LINESTRING (-0.144466 51.528302,-0.163667 51.520331", "From Albany Street, The Regent's Park to Seymour Place, Marylebone"
"LINESTRING (-0.183846 51.523344,-0.163667 51.520331", "From Warwick Avenue Station, Maida Vale to Seymour Place, Marylebone"
"LINESTRING (-0.153463 51.525367,-0.163667 51.520331", "From The Tennis Courts, The Regent's Park to Seymour Place, Marylebone"
"LINESTRING (-0.168917 51.497056,-0.163667 51.520331", "From Holy Trinity Brompton, Knightsbridge to Seymour Place, Marylebone"
"LINESTRING (-0.17977 51.51348,-0.163667 51.520331", "From Devonshire Terrace, Bayswater to Seymour Place, Marylebone"
"LINESTRING (-0.138019 51.524438,-0.163667 51.520331", "From Warren Street Station, Euston to Seymour Place, Marylebone"
"LINESTRING (-0.149569 51.50274,-0.210941 51.504199", "From Wellington Arch, Hyde Park to Addison Road, Holland Park"
"LINESTRING (-0.202759 51.500743,-0.210941 51.504199", "From Ilchester Place, Kensington to Addison Road, Holland Park"
"LINESTRING (-0.236769 51.494223,-0.210941 51.504199", "From Ravenscourt Park Station, Hammersmith to Addison Road, Holland Park"
"LINESTRING (-0.164032 51.525194,-0.210941 51.504199", "From Rossmore Road, Marylebone to Addison Road, Holland Park"
"LINESTRING (-0.184318 51.468819,-0.210941 51.504199", "From William Morris Way, Sands End to Addison Road, Holland Park"
"LINESTRING (-0.191462 51.501364,-0.210941 51.504199", "From Derry Street, Kensington to Addison Road, Holland Park"
"LINESTRING (-0.178433 51.492479,-0.210941 51.504199", "From Queen's Gate (South), South Kensington to Addison Road, Holland Park"
"LINESTRING (-0.164032 51.525194,-0.210941 51.504199", "From Rossmore Road, Marylebone to Addison Road, Holland Park"
"LINESTRING (-0.213872 51.51687,-0.210941 51.504199", "From St. Mark's Road, North Kensington to Addison Road, Holland Park"
"LINESTRING (-0.198286 51.493724,-0.210941 51.504199", "From West Cromwell Road, Earl's Court to Addison Road, Holland Park"
"LINESTRING (-0.191462 51.501364,-0.210941 51.504199", "From Derry Street, Kensington to Addison Road, Holland Park"
"LINESTRING (-0.129698 51.500703,-0.210941 51.504199", "From Storey's Gate, Westminster to Addison Road, Holland Park"
"LINESTRING (-0.202608 51.51632,-0.210941 51.504199", "From All Saints Church, Portobello to Addison Road, Holland Park"
"LINESTRING (-0.187842 51.509908,-0.210941 51.504199", "From Black Lion Gate, Kensington Gardens to Addison Road, Holland Park"
"LINESTRING (-0.197524 51.511084,-0.210941 51.504199", "From Pembridge Villas, Notting Hill to Addison Road, Holland Park"
"LINESTRING (-0.19617 51.490853,-0.210941 51.504199", "From Trebovir Road, Earl's Court to Addison Road, Holland Park"
"LINESTRING (-0.193502 51.467064,-0.210279 51.468814", "From South Park, Sands End to Putney Bridge Station, Fulham"
"LINESTRING (-0.224103 51.509158,-0.210279 51.468814", "From Westfield Ariel Way, White City to Putney Bridge Station, Fulham"
"LINESTRING (-0.216526 51.460717,-0.210279 51.468814", "From Putney Rail Station, Putney to Putney Bridge Station, Fulham"
"LINESTRING (-0.229116 51.492084,-0.210279 51.468814", "From Bridge Avenue, Hammersmith to Putney Bridge Station, Fulham"
"LINESTRING (-0.223852 51.483732,-0.210279 51.468814", "From Rainville Road, Hammersmith to Putney Bridge Station, Fulham"
"LINESTRING (-0.204815 51.484386,-0.210279 51.468814", "From Normand Park, West Kensington to Putney Bridge Station, Fulham"
"LINESTRING (-0.229116 51.492084,-0.210279 51.468814", "From Bridge Avenue, Hammersmith to Putney Bridge Station, Fulham"
"LINESTRING (-0.180389 51.46517,-0.210279 51.468814", "From Hibbert Street, Battersea to Putney Bridge Station, Fulham"
"LINESTRING (-0.226606 51.488108,-0.210279 51.468814", "From Crisp Road, Hammersmith to Putney Bridge Station, Fulham"
"LINESTRING (-0.216573 51.466907,-0.210279 51.468814", "From Putney Pier, Wandsworth to Putney Bridge Station, Fulham"
"LINESTRING (-0.193254 51.476259,-0.210279 51.468814", "From Eel Brook Common, Walham Green to Putney Bridge Station, Fulham"
"LINESTRING (-0.217515 51.500353,-0.216493 51.491093", "From Richmond Way, Shepherd's Bush to Colet Gardens, Hammersmith"
"LINESTRING (-0.216305 51.483356,-0.216493 51.491093", "From Everington Street, Fulham to Colet Gardens, Hammersmith"
"LINESTRING (-0.158264 51.514577,-0.216493 51.491093", "From Old Quebec Street, Marylebone to Colet Gardens, Hammersmith"
"LINESTRING (-0.217995 51.487285,-0.216493 51.491093", "From Charing Cross Hospital, Hammersmith to Colet Gardens, Hammersmith"
"LINESTRING (-0.187402 51.51031,-0.216493 51.491093", "From Queensway, Kensington Gardens to Colet Gardens, Hammersmith"
"LINESTRING (-0.130908 51.464995,-0.157788 51.465123", "From Gauden Road, Clapham to Sugden Road, Clapham"
"LINESTRING (-0.205921 51.511624,-0.157788 51.465123", "From Ladbroke Grove Central, Ladbroke Grove to Sugden Road, Clapham"
"LINESTRING (-0.111014 51.493686,-0.157788 51.465123", "From Walnut Tree Walk, Vauxhall to Sugden Road, Clapham"
"LINESTRING (-0.192165 51.457529,-0.157788 51.465123", "From Ram Street, Wandsworth to Sugden Road, Clapham"
"LINESTRING (-0.16716 51.47518,-0.157788 51.465123", "From Surrey Lane, Battersea to Sugden Road, Clapham"
"LINESTRING (-0.167919 51.484984,-0.157788 51.465123", "From Phene Street, Chelsea to Sugden Road, Clapham"
"LINESTRING (-0.19701 51.473763,-0.157788 51.465123", "From Irene Road, Parsons Green to Sugden Road, Clapham"
"LINESTRING (-0.157788 51.465123,-0.157788 51.465123", "From Sugden Road, Clapham to Sugden Road, Clapham"
"LINESTRING (-0.139221 51.461388,-0.157788 51.465123", "From Clapham Common Station, Clapham Common to Sugden Road, Clapham"
"LINESTRING (-0.124749 51.509462,-0.157788 51.465123", "From William IV Street, Strand to Sugden Road, Clapham"
"LINESTRING (-0.147624 51.49395,-0.157788 51.465123", "From Eccleston Place, Victoria to Sugden Road, Clapham"
"LINESTRING (-0.139625 51.490962,-0.157788 51.465123", "From Gloucester Street, Pimlico to Sugden Road, Clapham"
"LINESTRING (-0.157788 51.465123,-0.157788 51.465123", "From Sugden Road, Clapham to Sugden Road, Clapham"
"LINESTRING (-0.208485 51.478939,-0.157788 51.465123", "From St. Peter's Terrace, Fulham to Sugden Road, Clapham"
"LINESTRING (-0.229116 51.492084,-0.157788 51.465123", "From Bridge Avenue, Hammersmith to Sugden Road, Clapham"
"LINESTRING (-0.184806 51.457991,-0.157788 51.465123", "From Alma Road, Wandsworth to Sugden Road, Clapham"
"LINESTRING (-0.163347 51.474392,-0.157788 51.465123", "From Albert Bridge Road, Battersea Park to Sugden Road, Clapham"
"LINESTRING (-0.130908 51.464995,-0.157788 51.465123", "From Gauden Road, Clapham to Sugden Road, Clapham"
"LINESTRING (-0.117495 51.498241,-0.157788 51.465123", "From Archbishop's Park, Waterloo to Sugden Road, Clapham"
"LINESTRING (-0.117661 51.482678,-0.157788 51.465123", "From Ashmole Estate, Oval to Sugden Road, Clapham"
"LINESTRING (-0.167919 51.484984,-0.157788 51.465123", "From Phene Street, Chelsea to Sugden Road, Clapham"
"LINESTRING (-0.133972 51.472993,-0.157788 51.465123", "From Union Grove, Wandsworth Road to Sugden Road, Clapham"
"LINESTRING (-0.09885 51.515418,-0.157788 51.465123", "From Newgate Street , St. Paul's to Sugden Road, Clapham"
"LINESTRING (-0.19701 51.473763,-0.157788 51.465123", "From Irene Road, Parsons Green to Sugden Road, Clapham"
"LINESTRING (-0.118256 51.47659,-0.157788 51.465123", "From Albert Square, Stockwell to Sugden Road, Clapham"
"LINESTRING (-0.102996 51.486929,-0.157788 51.465123", "From Doddington Grove, Kennington to Sugden Road, Clapham"
"LINESTRING (-0.139221 51.461388,-0.157788 51.465123", "From Clapham Common Station, Clapham Common to Sugden Road, Clapham"
"LINESTRING (-0.180389 51.46517,-0.157788 51.465123", "From Hibbert Street, Battersea to Sugden Road, Clapham"
"LINESTRING (-0.125674 51.491884,-0.157788 51.465123", "From Millbank Tower, Pimlico to Sugden Road, Clapham"
"LINESTRING (-0.118256 51.47659,-0.157788 51.465123", "From Albert Square, Stockwell to Sugden Road, Clapham"
"LINESTRING (-0.167894 51.493184,-0.172078 51.482567", "From Sloane Avenue, Knightsbridge to Danvers Street, West Chelsea"
"LINESTRING (-0.149004 51.485821,-0.172078 51.482567", "From Chelsea Bridge, Pimlico to Danvers Street, West Chelsea"
"LINESTRING (-0.126021 51.508103,-0.172078 51.482567", "From Craven Street, Strand to Danvers Street, West Chelsea"
"LINESTRING (-0.208485 51.478939,-0.172078 51.482567", "From St. Peter's Terrace, Fulham to Danvers Street, West Chelsea"
"LINESTRING (-0.185273 51.481765,-0.172078 51.482567", "From Hortensia Road, West Brompton to Danvers Street, West Chelsea"
"LINESTRING (-0.192369 51.491593,-0.172078 51.482567", "From Penywern Road, Earl's Court to Danvers Street, West Chelsea"
"LINESTRING (-0.204815 51.484386,-0.172078 51.482567", "From Normand Park, West Kensington to Danvers Street, West Chelsea"
"LINESTRING (-0.209973 51.481021,-0.172078 51.482567", "From Aintree Street, Fulham to Danvers Street, West Chelsea"
"LINESTRING (-0.188098 51.517919,-0.172078 51.482567", "From Gloucester Terrace, Bayswater to Danvers Street, West Chelsea"
"LINESTRING (-0.149004 51.485821,-0.172078 51.482567", "From Chelsea Bridge, Pimlico to Danvers Street, West Chelsea"
"LINESTRING (-0.123823 51.501513,-0.172078 51.482567", "From Westminster Pier, Westminster to Danvers Street, West Chelsea"
"LINESTRING (-0.190393 51.490163,-0.172078 51.482567", "From Bramham Gardens, Earl's Court to Danvers Street, West Chelsea"
"LINESTRING (-0.173715 51.491211,-0.172078 51.482567", "From Sumner Place, South Kensington to Danvers Street, West Chelsea"
"LINESTRING (-0.190603 51.493631,-0.172078 51.482567", "From Knaresborough Place, Earl's Court to Danvers Street, West Chelsea"
"LINESTRING (-0.17524 51.48902,-0.172078 51.482567", "From South Parade, Chelsea to Danvers Street, West Chelsea"
"LINESTRING (-0.183165 51.474665,-0.172078 51.482567", "From Imperial Wharf Station, Sands End to Danvers Street, West Chelsea"
"LINESTRING (-0.178433 51.492479,-0.172078 51.482567", "From Queen's Gate (South), South Kensington to Danvers Street, West Chelsea"
"LINESTRING (-0.192369 51.491593,-0.172078 51.482567", "From Penywern Road, Earl's Court to Danvers Street, West Chelsea"
"LINESTRING (-0.189155 51.477292,-0.172078 51.482567", "From Michael Road, Walham Green to Danvers Street, West Chelsea"
"LINESTRING (-0.121394 51.493699,-0.172078 51.482567", "From Fire Brigade Pier, Vauxhall to Danvers Street, West Chelsea"
"LINESTRING (-0.124678 51.51908,-0.172078 51.482567", "From British Museum, Bloomsbury to Danvers Street, West Chelsea"
"LINESTRING (-0.209973 51.481021,-0.172078 51.482567", "From Aintree Street, Fulham to Danvers Street, West Chelsea"
"LINESTRING (-0.098807 51.506725,-0.172078 51.482567", "From Tate Modern, Bankside to Danvers Street, West Chelsea"
"LINESTRING (-0.21985 51.493267,-0.172078 51.482567", "From Hammersmith Road, Hammersmith to Danvers Street, West Chelsea"
"LINESTRING (-0.178433 51.492479,-0.172078 51.482567", "From Queen's Gate (South), South Kensington to Danvers Street, West Chelsea"
"LINESTRING (-0.183834 51.497924,-0.208486 51.506465", "From Gloucester Road (North), Kensington to Princedale Road , Holland Park"
"LINESTRING (-0.211593 51.51323,-0.208486 51.506465", "From Clarendon Road, Avondale to Princedale Road , Holland Park"
"LINESTRING (-0.216104 51.50659,-0.208486 51.506465", "From Queensdale Road, Shepherd's Bush to Princedale Road , Holland Park"
"LINESTRING (-0.174347 51.476964,-0.208486 51.506465", "From Battersea Church Road, Battersea to Princedale Road , Holland Park"
"LINESTRING (-0.1844 51.502042,-0.208486 51.506465", "From Palace Gate, Kensington Gardens to Princedale Road , Holland Park"
"LINESTRING (-0.214762 51.5129,-0.208486 51.506465", "From Grenfell Road, Avondale to Princedale Road , Holland Park"
"LINESTRING (-0.200804 51.520509,-0.208486 51.506465", "From The Metropolitan, Portobello to Princedale Road , Holland Park"
"LINESTRING (-0.158456 51.502953,-0.208486 51.506465", "From Albert Gate, Hyde Park to Princedale Road , Holland Park"
"LINESTRING (-0.158456 51.502953,-0.208486 51.506465", "From Albert Gate, Hyde Park to Princedale Road , Holland Park"
"LINESTRING (-0.167919 51.484984,-0.208486 51.506465", "From Phene Street, Chelsea to Princedale Road , Holland Park"
"LINESTRING (-0.200804 51.520509,-0.208486 51.506465", "From The Metropolitan, Portobello to Princedale Road , Holland Park"
"LINESTRING (-0.173757 51.496471,-0.141812 51.469259", "From Exhibition Road Museums 1, South Kensington to Wandsworth Rd, Isley Court, Wandsworth Road"
"LINESTRING (-0.15213 51.470475,-0.141812 51.469259", "From Stanley Grove, Battersea to Wandsworth Rd, Isley Court, Wandsworth Road"
"LINESTRING (-0.122831 51.472509,-0.141812 51.469259", "From Binfield Road, Stockwell to Wandsworth Rd, Isley Court, Wandsworth Road"
"LINESTRING (-0.140741 51.488057,-0.141812 51.469259", "From Alderney Street, Pimlico to Wandsworth Rd, Isley Court, Wandsworth Road"
"LINESTRING (-0.18267 51.494185,-0.141812 51.469259", "From Gloucester Road Station, South Kensington to Wandsworth Rd, Isley Court, Wandsworth Road"
"LINESTRING (-0.130908 51.464995,-0.141812 51.469259", "From Gauden Road, Clapham to Wandsworth Rd, Isley Court, Wandsworth Road"
"LINESTRING (-0.111471 51.479601,-0.141812 51.469259", "From Cranmer Road, Stockwell to Wandsworth Rd, Isley Court, Wandsworth Road"
"LINESTRING (-0.192165 51.457529,-0.141812 51.469259", "From Ram Street, Wandsworth to Wandsworth Rd, Isley Court, Wandsworth Road"
"LINESTRING (-0.147714 51.483507,-0.141812 51.469259", "From Battersea Power Station, Battersea Park to Wandsworth Rd, Isley Court, Wandsworth Road"
"LINESTRING (-0.087262 51.506304,-0.141812 51.469259", "From Duke Street Hill, London Bridge to Wandsworth Rd, Isley Court, Wandsworth Road"
"LINESTRING (-0.103137 51.506692,-0.141812 51.469259", "From Poured Lines, Bankside to Wandsworth Rd, Isley Court, Wandsworth Road"
"LINESTRING (-0.145904 51.507069,-0.141812 51.469259", "From Curzon Street, Mayfair to Wandsworth Rd, Isley Court, Wandsworth Road"
"LINESTRING (-0.139221 51.461388,-0.141812 51.469259", "From Clapham Common Station, Clapham Common to Wandsworth Rd, Isley Court, Wandsworth Road"
"LINESTRING (-0.187427 51.460864,-0.141812 51.469259", "From Wandsworth Town Station, Wandsworth to Wandsworth Rd, Isley Court, Wandsworth Road"
"LINESTRING (-0.170194 51.489716,-0.141812 51.469259", "From St. Luke's Church, Chelsea to Wandsworth Rd, Isley Court, Wandsworth Road"
"LINESTRING (-0.192369 51.491593,-0.2174 51.504038", "From Penywern Road, Earl's Court to Woodstock Grove, Shepherd's Bush"
"LINESTRING (-0.209494 51.498157,-0.2174 51.504038", "From Kensington Olympia Station, Olympia to Woodstock Grove, Shepherd's Bush"
"LINESTRING (-0.225787 51.514767,-0.2174 51.504038", "From BBC White City, White City to Woodstock Grove, Shepherd's Bush"
"LINESTRING (-0.191933 51.495866,-0.2174 51.504038", "From Lexham Gardens, Kensington to Woodstock Grove, Shepherd's Bush"
"LINESTRING (-0.201554 51.512136,-0.2174 51.504038", "From Chepstow Villas, Notting Hill to Woodstock Grove, Shepherd's Bush"
"LINESTRING (-0.2174 51.504038,-0.2174 51.504038", "From Woodstock Grove, Shepherd's Bush to Woodstock Grove, Shepherd's Bush"
"LINESTRING (-0.211316 51.500088,-0.2174 51.504038", "From Russell Gardens, Olympia to Woodstock Grove, Shepherd's Bush"
"LINESTRING (-0.204815 51.484386,-0.2174 51.504038", "From Normand Park, West Kensington to Woodstock Grove, Shepherd's Bush"
"LINESTRING (-0.216305 51.483356,-0.2174 51.504038", "From Everington Street, Fulham to Woodstock Grove, Shepherd's Bush"
"LINESTRING (-0.209494 51.498157,-0.2174 51.504038", "From Kensington Olympia Station, Olympia to Woodstock Grove, Shepherd's Bush"
"LINESTRING (-0.217515 51.500353,-0.2174 51.504038", "From Richmond Way, Shepherd's Bush to Woodstock Grove, Shepherd's Bush"
"LINESTRING (-0.18119 51.490945,-0.2174 51.504038", "From Old Brompton Road, South Kensington to Woodstock Grove, Shepherd's Bush"
"LINESTRING (-0.204815 51.484386,-0.2174 51.504038", "From Normand Park, West Kensington to Woodstock Grove, Shepherd's Bush"
"LINESTRING (-0.228188 51.494499,-0.2174 51.504038", "From Southerton Road, Hammersmith to Woodstock Grove, Shepherd's Bush"
"LINESTRING (-0.193764 51.508605,-0.2174 51.504038", "From Palace Gardens Terrace, Notting Hill to Woodstock Grove, Shepherd's Bush"
"LINESTRING (-0.211316 51.500088,-0.2174 51.504038", "From Russell Gardens, Olympia to Woodstock Grove, Shepherd's Bush"
"LINESTRING (-0.209494 51.498157,-0.2174 51.504038", "From Kensington Olympia Station, Olympia to Woodstock Grove, Shepherd's Bush"
"LINESTRING (-0.223868 51.496664,-0.2174 51.504038", "From Little Brook Green, Brook Green to Woodstock Grove, Shepherd's Bush"
"LINESTRING (-0.211316 51.500088,-0.2174 51.504038", "From Russell Gardens, Olympia to Woodstock Grove, Shepherd's Bush"
"LINESTRING (-0.211316 51.500088,-0.2174 51.504038", "From Russell Gardens, Olympia to Woodstock Grove, Shepherd's Bush"
"LINESTRING (-0.202038 51.48357,-0.2174 51.504038", "From Coomer Place, West Kensington to Woodstock Grove, Shepherd's Bush"
"LINESTRING (-0.2174 51.504038,-0.2174 51.504038", "From Woodstock Grove, Shepherd's Bush to Woodstock Grove, Shepherd's Bush"
"LINESTRING (-0.194757 51.493343,-0.2174 51.504038", "From Nevern Place, Earl's Court to Woodstock Grove, Shepherd's Bush"
"LINESTRING (-0.214428 51.486062,-0.2174 51.504038", "From Greyhound Road, Hammersmith to Woodstock Grove, Shepherd's Bush"
"LINESTRING (-0.2174 51.504038,-0.2174 51.504038", "From Woodstock Grove, Shepherd's Bush to Woodstock Grove, Shepherd's Bush"
"LINESTRING (-0.217515 51.500353,-0.2174 51.504038", "From Richmond Way, Shepherd's Bush to Woodstock Grove, Shepherd's Bush"
"LINESTRING (-0.197574 51.499606,-0.2174 51.504038", "From Phillimore Gardens, Kensington to Woodstock Grove, Shepherd's Bush"
"LINESTRING (-0.206827 51.467601,-0.2174 51.504038", "From Ranelagh Gardens, Fulham to Woodstock Grove, Shepherd's Bush"
"LINESTRING (-0.209378 51.489591,-0.2174 51.504038", "From Vereker Road, West Kensington to Woodstock Grove, Shepherd's Bush"
"LINESTRING (-0.073955 51.526293,-0.058826 51.54119", "From Palissy Street, Shoreditch to London Fields, Hackney Central"
"LINESTRING (-0.073955 51.526293,-0.058826 51.54119", "From Palissy Street, Shoreditch to London Fields, Hackney Central"
"LINESTRING (-0.074284 51.539328,-0.058826 51.54119", "From Haggerston Road, Haggerston to London Fields, Hackney Central"
"LINESTRING (-0.102757 51.536384,-0.058826 51.54119", "From Islington Green, Angel to London Fields, Hackney Central"
"LINESTRING (-0.124826 51.516226,-0.058826 51.54119", "From High Holborn , Covent Garden to London Fields, Hackney Central"
"LINESTRING (-0.116279 51.524564,-0.058826 51.54119", "From Wren Street, Holborn to London Fields, Hackney Central"
"LINESTRING (-0.06555 51.528681,-0.058826 51.54119", "From Durant Street, Bethnal Green to London Fields, Hackney Central"
"LINESTRING (-0.137043 51.511897,-0.058826 51.54119", "From Golden Square, Soho to London Fields, Hackney Central"
"LINESTRING (-0.028155 51.533283,-0.058826 51.54119", "From Hewison Street, Old Ford to London Fields, Hackney Central"
"LINESTRING (-0.066035 51.531864,-0.058826 51.54119", "From Goldsmith's Row, Haggerston to London Fields, Hackney Central"
"LINESTRING (-0.062546 51.535678,-0.058826 51.54119", "From Regent's Row , Haggerston to London Fields, Hackney Central"
"LINESTRING (-0.075901 51.531091,-0.058826 51.54119", "From Hoxton Station, Hoxton to London Fields, Hackney Central"
"LINESTRING (-0.073955 51.526293,-0.058826 51.54119", "From Palissy Street, Shoreditch to London Fields, Hackney Central"
"LINESTRING (-0.009935 51.546326,-0.058826 51.54119", "From East Village, Queen Elizabeth Olympic Park to London Fields, Hackney Central"
"LINESTRING (-0.034903 51.518541,-0.058826 51.54119", "From Mile End Stadium, Mile End to London Fields, Hackney Central"
"LINESTRING (-0.088542 51.527025,-0.058826 51.54119", "From Baldwin Street, St. Luke's to London Fields, Hackney Central"
"LINESTRING (-0.071653 51.522617,-0.058826 51.54119", "From Brick Lane Market, Shoreditch to London Fields, Hackney Central"
"LINESTRING (-0.10454 51.505461,-0.058826 51.54119", "From Blackfriars Road, Southwark to London Fields, Hackney Central"
"LINESTRING (-0.07023 51.536654,-0.058826 51.54119", "From Belford House, Haggerston to London Fields, Hackney Central"
"LINESTRING (-0.07023 51.536654,-0.058826 51.54119", "From Belford House, Haggerston to London Fields, Hackney Central"
"LINESTRING (-0.075885 51.536585,-0.058826 51.54119", "From Dunston Road , Haggerston to London Fields, Hackney Central"
"LINESTRING (-0.102757 51.536384,-0.058826 51.54119", "From Islington Green, Angel to London Fields, Hackney Central"
"LINESTRING (-0.055656 51.514222,-0.058826 51.54119", "From Watney Market, Stepney to London Fields, Hackney Central"
"LINESTRING (-0.066035 51.531864,-0.058826 51.54119", "From Goldsmith's Row, Haggerston to London Fields, Hackney Central"
"LINESTRING (-0.059091 51.528692,-0.058826 51.54119", "From Clarkson Street, Bethnal Green to London Fields, Hackney Central"
"LINESTRING (-0.028941 51.542118,-0.058826 51.54119", "From Cadogan Close, Victoria Park to London Fields, Hackney Central"
"LINESTRING (-0.066035 51.531864,-0.058826 51.54119", "From Goldsmith's Row, Haggerston to London Fields, Hackney Central"
"LINESTRING (-0.022606 51.548731,-0.058826 51.54119", "From Here East North, Queen Elizabeth Olympic Park to London Fields, Hackney Central"
"LINESTRING (-0.089659 51.52548,-0.058826 51.54119", "From Old Street Station, St. Luke's to London Fields, Hackney Central"
"LINESTRING (-0.062546 51.535678,-0.058826 51.54119", "From Regent's Row , Haggerston to London Fields, Hackney Central"
"LINESTRING (-0.03338 51.535179,-0.058826 51.54119", "From Gunmakers Lane, Old Ford to London Fields, Hackney Central"
"LINESTRING (-0.091773 51.504627,-0.058826 51.54119", "From Hop Exchange, The Borough to London Fields, Hackney Central"
"LINESTRING (-0.023565 51.515427,-0.058826 51.54119", "From Stainsby Road , Poplar to London Fields, Hackney Central"
"LINESTRING (-0.085634 51.520962,-0.058826 51.54119", "From Finsbury Square , Moorgate to London Fields, Hackney Central"
"LINESTRING (-0.087262 51.506304,-0.058826 51.54119", "From Duke Street Hill, London Bridge to London Fields, Hackney Central"
"LINESTRING (-0.073955 51.526293,-0.058826 51.54119", "From Palissy Street, Shoreditch to London Fields, Hackney Central"
"LINESTRING (-0.074754 51.523648,-0.058826 51.54119", "From Bethnal Green Road, Shoreditch to London Fields, Hackney Central"
"LINESTRING (-0.091773 51.504627,-0.058826 51.54119", "From Hop Exchange, The Borough to London Fields, Hackney Central"
"LINESTRING (-0.025626 51.511811,-0.058826 51.54119", "From Canton Street, Poplar to London Fields, Hackney Central"
"LINESTRING (-0.074284 51.539328,-0.058826 51.54119", "From Haggerston Road, Haggerston to London Fields, Hackney Central"
"LINESTRING (-0.051394 51.520893,-0.058826 51.54119", "From Cleveland Way, Stepney to London Fields, Hackney Central"
"LINESTRING (-0.093903 51.530991,-0.058826 51.54119", "From Wenlock Road , Hoxton to London Fields, Hackney Central"
"LINESTRING (-0.086685 51.517075,-0.058826 51.54119", "From Finsbury Circus, Liverpool Street to London Fields, Hackney Central"
"LINESTRING (-0.062546 51.535678,-0.058826 51.54119", "From Regent's Row , Haggerston to London Fields, Hackney Central"
"LINESTRING (-0.094934 51.522954,-0.058826 51.54119", "From Roscoe Street, St. Luke's to London Fields, Hackney Central"
"LINESTRING (-0.079249 51.518908,-0.058826 51.54119", "From Brushfield Street, Liverpool Street to London Fields, Hackney Central"
"LINESTRING (-0.121328 51.517606,-0.058826 51.54119", "From Southampton Place, Holborn to London Fields, Hackney Central"
"LINESTRING (-0.121328 51.517606,-0.058826 51.54119", "From Southampton Place, Holborn to London Fields, Hackney Central"
"LINESTRING (-0.034903 51.518541,-0.058826 51.54119", "From Mile End Stadium, Mile End to London Fields, Hackney Central"
"LINESTRING (-0.051394 51.520893,-0.058826 51.54119", "From Cleveland Way, Stepney to London Fields, Hackney Central"
"LINESTRING (-0.079201 51.537277,-0.058826 51.54119", "From Hertford Road, De Beauvoir Town to London Fields, Hackney Central"
"LINESTRING (-0.142345 51.510662,-0.058826 51.54119", "From Clifford Street, Mayfair to London Fields, Hackney Central"
"LINESTRING (-0.06992 51.53385,-0.058826 51.54119", "From Queensbridge Road, Haggerston to London Fields, Hackney Central"
"LINESTRING (-0.086016 51.53114,-0.058826 51.54119", "From New North Road 2, Hoxton to London Fields, Hackney Central"
"LINESTRING (-0.033085 51.532513,-0.058826 51.54119", "From Ford Road, Old Ford to London Fields, Hackney Central"
"LINESTRING (-0.075885 51.536585,-0.058826 51.54119", "From Dunston Road , Haggerston to London Fields, Hackney Central"
"LINESTRING (-0.07023 51.536654,-0.058826 51.54119", "From Belford House, Haggerston to London Fields, Hackney Central"
"LINESTRING (-0.055894 51.528936,-0.058826 51.54119", "From York Hall, Bethnal Green to London Fields, Hackney Central"
"LINESTRING (-0.089659 51.52548,-0.058826 51.54119", "From Old Street Station, St. Luke's to London Fields, Hackney Central"
"LINESTRING (-0.201968 51.475089,-0.215895 51.476885", "From Parsons Green Station, Parsons Green to Finlay Street, Fulham"
"LINESTRING (-0.201968 51.475089,-0.215895 51.476885", "From Parsons Green Station, Parsons Green to Finlay Street, Fulham"
"LINESTRING (-0.225787 51.514767,-0.215895 51.476885", "From BBC White City, White City to Finlay Street, Fulham"
"LINESTRING (-0.199783 51.472817,-0.215895 51.476885", "From Parson's Green , Parson's Green to Finlay Street, Fulham"
"LINESTRING (-0.19701 51.473763,-0.215895 51.476885", "From Irene Road, Parsons Green to Finlay Street, Fulham"
"LINESTRING (-0.229116 51.492084,-0.215895 51.476885", "From Bridge Avenue, Hammersmith to Finlay Street, Fulham"
"LINESTRING (-0.20464 51.470131,-0.215895 51.476885", "From Hurlingham Park, Parsons Green to Finlay Street, Fulham"
"LINESTRING (-0.209973 51.481021,-0.215895 51.476885", "From Aintree Street, Fulham to Finlay Street, Fulham"
"LINESTRING (-0.226606 51.488108,-0.215895 51.476885", "From Crisp Road, Hammersmith to Finlay Street, Fulham"
"LINESTRING (-0.16375 51.465064,-0.215895 51.476885", "From Dorothy Road, Clapham Junction to Finlay Street, Fulham"
"LINESTRING (-0.144132 51.493204,-0.215895 51.476885", "From Belgrave Road, Victoria to Finlay Street, Fulham"
"LINESTRING (-0.125972 51.49764,-0.215895 51.476885", "From Abingdon Green, Westminster to Finlay Street, Fulham"
"LINESTRING (-0.202038 51.48357,-0.215895 51.476885", "From Coomer Place, West Kensington to Finlay Street, Fulham"
"LINESTRING (-0.205876 51.475698,-0.215895 51.476885", "From Chesilton Road, Fulham to Finlay Street, Fulham"
"LINESTRING (-0.215087 51.490217,-0.215895 51.476885", "From Barons Court Station, West Kensington to Finlay Street, Fulham"
"LINESTRING (-0.202802 51.45682,-0.215895 51.476885", "From Mexfield Road, East Putney to Finlay Street, Fulham"
"LINESTRING (-0.229116 51.492084,-0.215895 51.476885", "From Bridge Avenue, Hammersmith to Finlay Street, Fulham"
"LINESTRING (-0.204815 51.484386,-0.215895 51.476885", "From Normand Park, West Kensington to Finlay Street, Fulham"
"LINESTRING (-0.187404 51.487958,-0.215895 51.476885", "From Harcourt Terrace, West Brompton to Finlay Street, Fulham"
"LINESTRING (-0.185273 51.481765,-0.215895 51.476885", "From Hortensia Road, West Brompton to Finlay Street, Fulham"
"LINESTRING (-0.194116 51.479932,-0.215895 51.476885", "From Fulham Broadway, Walham Green to Finlay Street, Fulham"
"LINESTRING (-0.142943 51.496863,-0.215895 51.476885", "From Allington Street, Victoria to Finlay Street, Fulham"
"LINESTRING (-0.205876 51.475698,-0.215895 51.476885", "From Chesilton Road, Fulham to Finlay Street, Fulham"
"LINESTRING (-0.222456 51.488144,-0.215895 51.476885", "From Beryl Road, Hammersmith to Finlay Street, Fulham"
"LINESTRING (-0.194116 51.479932,-0.215895 51.476885", "From Fulham Broadway, Walham Green to Finlay Street, Fulham"
"LINESTRING (-0.215618 51.464786,-0.215895 51.476885", "From Felsham Road, Putney to Finlay Street, Fulham"
"LINESTRING (-0.215895 51.476885,-0.215895 51.476885", "From Finlay Street, Fulham to Finlay Street, Fulham"
"LINESTRING (-0.217995 51.487285,-0.209973 51.481021", "From Charing Cross Hospital, Hammersmith to Aintree Street, Fulham"
"LINESTRING (-0.202038 51.48357,-0.209973 51.481021", "From Coomer Place, West Kensington to Aintree Street, Fulham"
"LINESTRING (-0.134621 51.507424,-0.209973 51.481021", "From St. James's Square, St. James's to Aintree Street, Fulham"
"LINESTRING (-0.215087 51.490217,-0.209973 51.481021", "From Barons Court Station, West Kensington to Aintree Street, Fulham"
"LINESTRING (-0.124826 51.516226,-0.209973 51.481021", "From High Holborn , Covent Garden to Aintree Street, Fulham"
"LINESTRING (-0.225787 51.514767,-0.209973 51.481021", "From BBC White City, White City to Aintree Street, Fulham"
"LINESTRING (-0.216305 51.483356,-0.209973 51.481021", "From Everington Street, Fulham to Aintree Street, Fulham"
"LINESTRING (-0.209973 51.481021,-0.209973 51.481021", "From Aintree Street, Fulham to Aintree Street, Fulham"
"LINESTRING (-0.180274 51.481805,-0.209973 51.481021", "From World's End Place, West Chelsea to Aintree Street, Fulham"
"LINESTRING (-0.214749 51.473036,-0.209973 51.481021", "From Bishop's Avenue, Fulham to Aintree Street, Fulham"
"LINESTRING (-0.18119 51.490945,-0.209973 51.481021", "From Old Brompton Road, South Kensington to Aintree Street, Fulham"
"LINESTRING (-0.194116 51.479932,-0.209973 51.481021", "From Fulham Broadway, Walham Green to Aintree Street, Fulham"
"LINESTRING (-0.201968 51.475089,-0.209973 51.481021", "From Parsons Green Station, Parsons Green to Aintree Street, Fulham"
"LINESTRING (-0.170194 51.489716,-0.209973 51.481021", "From St. Luke's Church, Chelsea to Aintree Street, Fulham"
"LINESTRING (-0.155442 51.474376,-0.209973 51.481021", "From Austin Road, Battersea Park to Aintree Street, Fulham"
"LINESTRING (-0.15823 51.46879,-0.209973 51.481021", "From Holden Street, Battersea to Aintree Street, Fulham"
"LINESTRING (-0.174554 51.499917,-0.209973 51.481021", "From Exhibition Road, Knightsbridge to Aintree Street, Fulham"
"LINESTRING (-0.197609 51.483911,-0.209973 51.481021", "From Halford Road, West Kensington to Aintree Street, Fulham"
"LINESTRING (-0.18119 51.485587,-0.209973 51.481021", "From Limerston Street, West Chelsea to Aintree Street, Fulham"
"LINESTRING (-0.216145 51.46161,-0.209973 51.481021", "From Disraeli Road, Putney to Aintree Street, Fulham"
"LINESTRING (-0.179077 51.495592,-0.209973 51.481021", "From Natural History Museum, South Kensington to Aintree Street, Fulham"
"LINESTRING (-0.209973 51.481021,-0.209973 51.481021", "From Aintree Street, Fulham to Aintree Street, Fulham"
"LINESTRING (-0.215087 51.490217,-0.209973 51.481021", "From Barons Court Station, West Kensington to Aintree Street, Fulham"
"LINESTRING (-0.134621 51.507424,-0.209973 51.481021", "From St. James's Square, St. James's to Aintree Street, Fulham"
"LINESTRING (-0.180389 51.46517,-0.209973 51.481021", "From Hibbert Street, Battersea to Aintree Street, Fulham"
"LINESTRING (-0.194116 51.479932,-0.209973 51.481021", "From Fulham Broadway, Walham Green to Aintree Street, Fulham"
"LINESTRING (-0.207842 51.471079,-0.209973 51.481021", "From Elysium Place, Fulham to Aintree Street, Fulham"
"LINESTRING (-0.176267 51.472876,-0.209973 51.481021", "From Vicarage Crescent, Battersea to Aintree Street, Fulham"
"LINESTRING (-0.173715 51.491211,-0.209973 51.481021", "From Sumner Place, South Kensington to Aintree Street, Fulham"
"LINESTRING (-0.215895 51.476885,-0.209973 51.481021", "From Finlay Street, Fulham to Aintree Street, Fulham"
"LINESTRING (-0.209973 51.481021,-0.209973 51.481021", "From Aintree Street, Fulham to Aintree Street, Fulham"
"LINESTRING (-0.21555 51.463211,-0.209973 51.481021", "From Montserrat Road , Putney to Aintree Street, Fulham"
"LINESTRING (-0.19617 51.490853,-0.209973 51.481021", "From Trebovir Road, Earl's Court to Aintree Street, Fulham"
"LINESTRING (-0.189155 51.477292,-0.207842 51.471079", "From Michael Road, Walham Green to Elysium Place, Fulham"
"LINESTRING (-0.215895 51.476885,-0.207842 51.471079", "From Finlay Street, Fulham to Elysium Place, Fulham"
"LINESTRING (-0.209973 51.481021,-0.207842 51.471079", "From Aintree Street, Fulham to Elysium Place, Fulham"
"LINESTRING (-0.149186 51.490491,-0.207842 51.471079", "From Ebury Bridge, Pimlico to Elysium Place, Fulham"
"LINESTRING (-0.228188 51.494499,-0.207842 51.471079", "From Southerton Road, Hammersmith to Elysium Place, Fulham"
"LINESTRING (-0.21555 51.463211,-0.207842 51.471079", "From Montserrat Road , Putney to Elysium Place, Fulham"
"LINESTRING (-0.197609 51.483911,-0.207842 51.471079", "From Halford Road, West Kensington to Elysium Place, Fulham"
"LINESTRING (-0.19701 51.473763,-0.207842 51.471079", "From Irene Road, Parsons Green to Elysium Place, Fulham"
"LINESTRING (-0.209973 51.481021,-0.207842 51.471079", "From Aintree Street, Fulham to Elysium Place, Fulham"
"LINESTRING (-0.187427 51.460864,-0.207842 51.471079", "From Wandsworth Town Station, Wandsworth to Elysium Place, Fulham"
"LINESTRING (-0.19701 51.473763,-0.207842 51.471079", "From Irene Road, Parsons Green to Elysium Place, Fulham"
"LINESTRING (-0.193254 51.476259,-0.193254 51.476259", "From Eel Brook Common, Walham Green to Eel Brook Common, Walham Green"
"LINESTRING (-0.163347 51.474392,-0.193254 51.476259", "From Albert Bridge Road, Battersea Park to Eel Brook Common, Walham Green"
"LINESTRING (-0.201968 51.475089,-0.193254 51.476259", "From Parsons Green Station, Parsons Green to Eel Brook Common, Walham Green"
"LINESTRING (-0.193502 51.467064,-0.193254 51.476259", "From South Park, Sands End to Eel Brook Common, Walham Green"
"LINESTRING (-0.207842 51.471079,-0.193254 51.476259", "From Elysium Place, Fulham to Eel Brook Common, Walham Green"
"LINESTRING (-0.212145 51.459715,-0.193254 51.476259", "From Upper Richmond Road, Putney to Eel Brook Common, Walham Green"
"LINESTRING (-0.163347 51.474392,-0.193254 51.476259", "From Albert Bridge Road, Battersea Park to Eel Brook Common, Walham Green"
"LINESTRING (-0.149004 51.485821,-0.193254 51.476259", "From Chelsea Bridge, Pimlico to Eel Brook Common, Walham Green"
"LINESTRING (-0.216104 51.50659,-0.193254 51.476259", "From Queensdale Road, Shepherd's Bush to Eel Brook Common, Walham Green"
"LINESTRING (-0.139221 51.461388,-0.193254 51.476259", "From Clapham Common Station, Clapham Common to Eel Brook Common, Walham Green"
"LINESTRING (-0.182126 51.463489,-0.193254 51.476259", "From Usk Road, Clapham Junction to Eel Brook Common, Walham Green"
"LINESTRING (-0.174554 51.499917,-0.193254 51.476259", "From Exhibition Road, Knightsbridge to Eel Brook Common, Walham Green"
"LINESTRING (-0.216493 51.491093,-0.193254 51.476259", "From Colet Gardens, Hammersmith to Eel Brook Common, Walham Green"
"LINESTRING (-0.190346 51.46822,-0.193254 51.476259", "From Stephendale Road, Sands End to Eel Brook Common, Walham Green"
"LINESTRING (-0.187278 51.475142,-0.193254 51.476259", "From Imperial Road, Sands End to Eel Brook Common, Walham Green"
"LINESTRING (-0.205876 51.475698,-0.193254 51.476259", "From Chesilton Road, Fulham to Eel Brook Common, Walham Green"
"LINESTRING (-0.124826 51.516226,-0.193254 51.476259", "From High Holborn , Covent Garden to Eel Brook Common, Walham Green"
"LINESTRING (-0.180274 51.481805,-0.19701 51.473763", "From World's End Place, West Chelsea to Irene Road, Parsons Green"
"LINESTRING (-0.19701 51.473763,-0.19701 51.473763", "From Irene Road, Parsons Green to Irene Road, Parsons Green"
"LINESTRING (-0.20624 51.461999,-0.19701 51.473763", "From Putney Bridge Road, East Putney to Irene Road, Parsons Green"
"LINESTRING (-0.187278 51.475142,-0.19701 51.473763", "From Imperial Road, Sands End to Irene Road, Parsons Green"
"LINESTRING (-0.153933 51.494561,-0.19701 51.473763", "From Eaton Square (South), Belgravia to Irene Road, Parsons Green"
"LINESTRING (-0.183165 51.474665,-0.19701 51.473763", "From Imperial Wharf Station, Sands End to Irene Road, Parsons Green"
"LINESTRING (-0.20464 51.470131,-0.19701 51.473763", "From Hurlingham Park, Parsons Green to Irene Road, Parsons Green"
"LINESTRING (-0.162418 51.490083,-0.19701 51.473763", "From Royal Avenue 2, Chelsea to Irene Road, Parsons Green"
"LINESTRING (-0.195777 51.479463,-0.19701 51.473763", "From Erin Close, Walham Green to Irene Road, Parsons Green"
"LINESTRING (-0.138733 51.496753,-0.19701 51.473763", "From Howick Place, Westminster to Irene Road, Parsons Green"
"LINESTRING (-0.19701 51.473763,-0.19701 51.473763", "From Irene Road, Parsons Green to Irene Road, Parsons Green"
"LINESTRING (-0.187842 51.509908,-0.19701 51.473763", "From Black Lion Gate, Kensington Gardens to Irene Road, Parsons Green"
"LINESTRING (-0.199783 51.472817,-0.19701 51.473763", "From Parson's Green , Parson's Green to Irene Road, Parsons Green"
"LINESTRING (-0.206827 51.467601,-0.19701 51.473763", "From Ranelagh Gardens, Fulham to Irene Road, Parsons Green"
"LINESTRING (-0.191803 51.473611,-0.19701 51.473763", "From Sandilands Road, Walham Green to Irene Road, Parsons Green"
"LINESTRING (-0.18119 51.485587,-0.19701 51.473763", "From Limerston Street, West Chelsea to Irene Road, Parsons Green"
"LINESTRING (-0.166878 51.488023,-0.19701 51.473763", "From Flood Street, Chelsea to Irene Road, Parsons Green"
"LINESTRING (-0.216526 51.460717,-0.19701 51.473763", "From Putney Rail Station, Putney to Irene Road, Parsons Green"
"LINESTRING (-0.20782 51.473471,-0.19701 51.473763", "From Fulham Park Road, Fulham to Irene Road, Parsons Green"
"LINESTRING (-0.163347 51.474392,-0.19701 51.473763", "From Albert Bridge Road, Battersea Park to Irene Road, Parsons Green"
"LINESTRING (-0.152248 51.467185,-0.19701 51.473763", "From Ashley Crescent, Battersea to Irene Road, Parsons Green"
"LINESTRING (-0.170329 51.477684,-0.16716 51.47518", "From Westbridge Road, Battersea to Surrey Lane, Battersea"
"LINESTRING (-0.197609 51.483911,-0.16716 51.47518", "From Halford Road, West Kensington to Surrey Lane, Battersea"
"LINESTRING (-0.178433 51.492479,-0.16716 51.47518", "From Queen's Gate (South), South Kensington to Surrey Lane, Battersea"
"LINESTRING (-0.185296 51.495362,-0.16716 51.47518", "From Emperor's Gate, South Kensington to Surrey Lane, Battersea"
"LINESTRING (-0.124469 51.485917,-0.16716 51.47518", "From Vauxhall Cross, Vauxhall to Surrey Lane, Battersea"
"LINESTRING (-0.169821 51.466633,-0.16716 51.47518", "From Falcon Road, Clapham Junction to Surrey Lane, Battersea"
"LINESTRING (-0.119643 51.511756,-0.16716 51.47518", "From Wellington Street , Strand to Surrey Lane, Battersea"
"LINESTRING (-0.169821 51.466633,-0.16716 51.47518", "From Falcon Road, Clapham Junction to Surrey Lane, Battersea"
"LINESTRING (-0.16716 51.47518,-0.16716 51.47518", "From Surrey Lane, Battersea to Surrey Lane, Battersea"
"LINESTRING (-0.169821 51.466633,-0.16716 51.47518", "From Falcon Road, Clapham Junction to Surrey Lane, Battersea"
"LINESTRING (-0.162418 51.490083,-0.16716 51.47518", "From Royal Avenue 2, Chelsea to Surrey Lane, Battersea"
"LINESTRING (-0.16375 51.465064,-0.16716 51.47518", "From Dorothy Road, Clapham Junction to Surrey Lane, Battersea"
"LINESTRING (-0.147714 51.483507,-0.16716 51.47518", "From Battersea Power Station, Battersea Park to Surrey Lane, Battersea"
"LINESTRING (-0.179369 51.487196,-0.16716 51.47518", "From Drayton Gardens, West Chelsea to Surrey Lane, Battersea"
"LINESTRING (-0.134621 51.507424,-0.16716 51.47518", "From St. James's Square, St. James's to Surrey Lane, Battersea"
"LINESTRING (-0.208485 51.478939,-0.16716 51.47518", "From St. Peter's Terrace, Fulham to Surrey Lane, Battersea"
"LINESTRING (-0.147714 51.483507,-0.16716 51.47518", "From Battersea Power Station, Battersea Park to Surrey Lane, Battersea"
"LINESTRING (-0.180389 51.46517,-0.16716 51.47518", "From Hibbert Street, Battersea to Surrey Lane, Battersea"
"LINESTRING (-0.180389 51.46517,-0.16716 51.47518", "From Hibbert Street, Battersea to Surrey Lane, Battersea"
"LINESTRING (-0.149551 51.477619,-0.187427 51.460864", "From Queen's Circus, Battersea Park to Wandsworth Town Station, Wandsworth"
"LINESTRING (-0.142345 51.510662,-0.187427 51.460864", "From Clifford Street, Mayfair to Wandsworth Town Station, Wandsworth"
"LINESTRING (-0.161203 51.496886,-0.187427 51.460864", "From Pont Street, Knightsbridge to Wandsworth Town Station, Wandsworth"
"LINESTRING (-0.192165 51.457529,-0.187427 51.460864", "From Ram Street, Wandsworth to Wandsworth Town Station, Wandsworth"
"LINESTRING (-0.190603 51.493631,-0.187427 51.460864", "From Knaresborough Place, Earl's Court to Wandsworth Town Station, Wandsworth"
"LINESTRING (-0.192165 51.457529,-0.187427 51.460864", "From Ram Street, Wandsworth to Wandsworth Town Station, Wandsworth"
"LINESTRING (-0.20464 51.470131,-0.187427 51.460864", "From Hurlingham Park, Parsons Green to Wandsworth Town Station, Wandsworth"
"LINESTRING (-0.199135 51.468418,-0.187427 51.460864", "From Broomhouse Lane, Parsons Green to Wandsworth Town Station, Wandsworth"
"LINESTRING (-0.182435 51.478169,-0.187427 51.460864", "From Upcerne Road, West Chelsea to Wandsworth Town Station, Wandsworth"
"LINESTRING (-0.174971 51.485121,-0.187427 51.460864", "From The Vale, Chelsea to Wandsworth Town Station, Wandsworth"
"LINESTRING (-0.187427 51.460864,-0.187427 51.460864", "From Wandsworth Town Station, Wandsworth to Wandsworth Town Station, Wandsworth"
"LINESTRING (-0.16716 51.47518,-0.187427 51.460864", "From Surrey Lane, Battersea to Wandsworth Town Station, Wandsworth"
"LINESTRING (-0.199135 51.468418,-0.187427 51.460864", "From Broomhouse Lane, Parsons Green to Wandsworth Town Station, Wandsworth"
"LINESTRING (-0.190393 51.490163,-0.187427 51.460864", "From Bramham Gardens, Earl's Court to Wandsworth Town Station, Wandsworth"
"LINESTRING (-0.174347 51.476964,-0.187427 51.460864", "From Battersea Church Road, Battersea to Wandsworth Town Station, Wandsworth"
"LINESTRING (-0.198735 51.46067,-0.187427 51.460864", "From Osiers Road, Wandsworth to Wandsworth Town Station, Wandsworth"
"LINESTRING (-0.202802 51.45682,-0.187427 51.460864", "From Mexfield Road, East Putney to Wandsworth Town Station, Wandsworth"
"LINESTRING (-0.111471 51.479601,-0.187427 51.460864", "From Cranmer Road, Stockwell to Wandsworth Town Station, Wandsworth"
"LINESTRING (-0.152248 51.467185,-0.187427 51.460864", "From Ashley Crescent, Battersea to Wandsworth Town Station, Wandsworth"
"LINESTRING (-0.191722 51.461083,-0.187427 51.460864", "From Smugglers Way, Wandsworth to Wandsworth Town Station, Wandsworth"
"LINESTRING (-0.20464 51.470131,-0.187427 51.460864", "From Hurlingham Park, Parsons Green to Wandsworth Town Station, Wandsworth"
"LINESTRING (-0.168292 51.462392,-0.187427 51.460864", "From St. John's Road, Clapham Junction to Wandsworth Town Station, Wandsworth"
"LINESTRING (-0.163041 51.470538,-0.187427 51.460864", "From Sheepcote Lane, Battersea to Wandsworth Town Station, Wandsworth"
"LINESTRING (-0.190346 51.46822,-0.187427 51.460864", "From Stephendale Road, Sands End to Wandsworth Town Station, Wandsworth"
"LINESTRING (-0.184806 51.457991,-0.187427 51.460864", "From Alma Road, Wandsworth to Wandsworth Town Station, Wandsworth"
"LINESTRING (-0.191462 51.501364,-0.205535 51.507481", "From Derry Street, Kensington to Lansdowne Road, Ladbroke Grove"
"LINESTRING (-0.205991 51.501391,-0.205535 51.507481", "From Abbotsbury Road, Holland Park to Lansdowne Road, Ladbroke Grove"
"LINESTRING (-0.224103 51.509158,-0.205535 51.507481", "From Westfield Ariel Way, White City to Lansdowne Road, Ladbroke Grove"
"LINESTRING (-0.206029 51.49087,-0.205535 51.507481", "From West Kensington Station, West Kensington to Lansdowne Road, Ladbroke Grove"
"LINESTRING (-0.19617 51.490853,-0.205535 51.507481", "From Trebovir Road, Earl's Court to Lansdowne Road, Ladbroke Grove"
"LINESTRING (-0.214594 51.510928,-0.205535 51.507481", "From Sirdar Road, Avondale to Lansdowne Road, Ladbroke Grove"
"LINESTRING (-0.214762 51.5129,-0.205535 51.507481", "From Grenfell Road, Avondale to Lansdowne Road, Ladbroke Grove"
"LINESTRING (-0.19024 51.515529,-0.205535 51.507481", "From Westbourne Grove, Bayswater to Lansdowne Road, Ladbroke Grove"
"LINESTRING (-0.205991 51.501391,-0.205535 51.507481", "From Abbotsbury Road, Holland Park to Lansdowne Road, Ladbroke Grove"
"LINESTRING (-0.214762 51.5129,-0.205535 51.507481", "From Grenfell Road, Avondale to Lansdowne Road, Ladbroke Grove"
"LINESTRING (-0.213872 51.51687,-0.205535 51.507481", "From St. Mark's Road, North Kensington to Lansdowne Road, Ladbroke Grove"
"LINESTRING (-0.205535 51.507481,-0.205535 51.507481", "From Lansdowne Road, Ladbroke Grove to Lansdowne Road, Ladbroke Grove"
"LINESTRING (-0.170983 51.486892,-0.205535 51.507481", "From Manresa Road, Chelsea to Lansdowne Road, Ladbroke Grove"
"LINESTRING (-0.183834 51.497924,-0.205535 51.507481", "From Gloucester Road (North), Kensington to Lansdowne Road, Ladbroke Grove"
"LINESTRING (-0.224103 51.509158,-0.205535 51.507481", "From Westfield Ariel Way, White City to Lansdowne Road, Ladbroke Grove"
"LINESTRING (-0.158264 51.514577,-0.205535 51.507481", "From Old Quebec Street, Marylebone to Lansdowne Road, Ladbroke Grove"
"LINESTRING (-0.204666 51.509591,-0.205535 51.507481", "From Lansdowne Walk, Ladbroke Grove to Lansdowne Road, Ladbroke Grove"
"LINESTRING (-0.158264 51.514577,-0.205535 51.507481", "From Old Quebec Street, Marylebone to Lansdowne Road, Ladbroke Grove"
"LINESTRING (-0.202759 51.500743,-0.205535 51.507481", "From Ilchester Place, Kensington to Lansdowne Road, Ladbroke Grove"
"LINESTRING (-0.211593 51.51323,-0.205535 51.507481", "From Clarendon Road, Avondale to Lansdowne Road, Ladbroke Grove"
"LINESTRING (-0.174593 51.520205,-0.205535 51.507481", "From Paddington Green, Paddington to Lansdowne Road, Ladbroke Grove"
"LINESTRING (-0.194757 51.493343,-0.205535 51.507481", "From Nevern Place, Earl's Court to Lansdowne Road, Ladbroke Grove"
"LINESTRING (-0.205991 51.501391,-0.205535 51.507481", "From Abbotsbury Road, Holland Park to Lansdowne Road, Ladbroke Grove"
"LINESTRING (-0.214762 51.5129,-0.205535 51.507481", "From Grenfell Road, Avondale to Lansdowne Road, Ladbroke Grove"
"LINESTRING (-0.17977 51.51348,-0.205535 51.507481", "From Devonshire Terrace, Bayswater to Lansdowne Road, Ladbroke Grove"
"LINESTRING (-0.168292 51.462392,-0.180791 51.46193", "From St. John's Road, Clapham Junction to Nantes Close, Wandsworth"
"LINESTRING (-0.128279 51.5293,-0.180791 51.46193", "From Ossulston Street, Somers Town to Nantes Close, Wandsworth"
"LINESTRING (-0.162418 51.490083,-0.180791 51.46193", "From Royal Avenue 2, Chelsea to Nantes Close, Wandsworth"
"LINESTRING (-0.170194 51.489716,-0.180791 51.46193", "From St. Luke's Church, Chelsea to Nantes Close, Wandsworth"
"LINESTRING (-0.187427 51.460864,-0.180791 51.46193", "From Wandsworth Town Station, Wandsworth to Nantes Close, Wandsworth"
"LINESTRING (-0.184318 51.468819,-0.180791 51.46193", "From William Morris Way, Sands End to Nantes Close, Wandsworth"
"LINESTRING (-0.173881 51.494412,-0.180791 51.46193", "From South Kensington Station, South Kensington to Nantes Close, Wandsworth"
"LINESTRING (-0.199783 51.472817,-0.180791 51.46193", "From Parson's Green , Parson's Green to Nantes Close, Wandsworth"
"LINESTRING (-0.180791 51.46193,-0.180791 51.46193", "From Nantes Close, Wandsworth to Nantes Close, Wandsworth"
"LINESTRING (-0.173029 51.464894,-0.180791 51.46193", "From Grant Road East, Clapham Junction to Nantes Close, Wandsworth"
"LINESTRING (-0.192165 51.457529,-0.180791 51.46193", "From Ram Street, Wandsworth to Nantes Close, Wandsworth"
"LINESTRING (-0.180791 51.46193,-0.180791 51.46193", "From Nantes Close, Wandsworth to Nantes Close, Wandsworth"
"LINESTRING (-0.229116 51.492084,-0.180791 51.46193", "From Bridge Avenue, Hammersmith to Nantes Close, Wandsworth"
"LINESTRING (-0.141812 51.469259,-0.132102 51.472918", "From Wandsworth Rd, Isley Court, Wandsworth Road to Courland Grove, Wandsworth Road"
"LINESTRING (-0.132102 51.472918,-0.132102 51.472918", "From Courland Grove, Wandsworth Road to Courland Grove, Wandsworth Road"
"LINESTRING (-0.126874 51.47787,-0.132102 51.472918", "From Hartington Road, Stockwell to Courland Grove, Wandsworth Road"
"LINESTRING (-0.136123 51.482362,-0.132102 51.472918", "From Riverlight North, Nine Elms to Courland Grove, Wandsworth Road"
"LINESTRING (-0.122831 51.472509,-0.132102 51.472918", "From Binfield Road, Stockwell to Courland Grove, Wandsworth Road"
"LINESTRING (-0.132102 51.472918,-0.132102 51.472918", "From Courland Grove, Wandsworth Road to Courland Grove, Wandsworth Road"
"LINESTRING (-0.15213 51.470475,-0.132102 51.472918", "From Stanley Grove, Battersea to Courland Grove, Wandsworth Road"
"LINESTRING (-0.132102 51.472918,-0.132102 51.472918", "From Courland Grove, Wandsworth Road to Courland Grove, Wandsworth Road"
"LINESTRING (-0.115781 51.464019,-0.132102 51.472918", "From Ferndale Road, Brixton to Courland Grove, Wandsworth Road"
"LINESTRING (-0.115781 51.464019,-0.132102 51.472918", "From Ferndale Road, Brixton to Courland Grove, Wandsworth Road"
"LINESTRING (-0.122831 51.472509,-0.132102 51.472918", "From Binfield Road, Stockwell to Courland Grove, Wandsworth Road"
"LINESTRING (-0.132102 51.472918,-0.132102 51.472918", "From Courland Grove, Wandsworth Road to Courland Grove, Wandsworth Road"
"LINESTRING (-0.132102 51.472918,-0.132102 51.472918", "From Courland Grove, Wandsworth Road to Courland Grove, Wandsworth Road"
"LINESTRING (-0.134621 51.507424,-0.132102 51.472918", "From St. James's Square, St. James's to Courland Grove, Wandsworth Road"
"LINESTRING (-0.137235 51.473116,-0.132102 51.472918", "From Stewart's Road, Wandsworth Road to Courland Grove, Wandsworth Road"
"LINESTRING (-0.124469 51.485917,-0.132102 51.472918", "From Vauxhall Cross, Vauxhall to Courland Grove, Wandsworth Road"
"LINESTRING (-0.122831 51.472509,-0.132102 51.472918", "From Binfield Road, Stockwell to Courland Grove, Wandsworth Road"
"LINESTRING (-0.071653 51.522617,-0.132102 51.472918", "From Brick Lane Market, Shoreditch to Courland Grove, Wandsworth Road"
"LINESTRING (-0.122492 51.486343,-0.149551 51.477619", "From Kennington Lane Rail Bridge, Vauxhall to Queen's Circus, Battersea Park"
"LINESTRING (-0.129698 51.500703,-0.149551 51.477619", "From Storey's Gate, Westminster to Queen's Circus, Battersea Park"
"LINESTRING (-0.122831 51.472509,-0.149551 51.477619", "From Binfield Road, Stockwell to Queen's Circus, Battersea Park"
"LINESTRING (-0.15934 51.500241,-0.149551 51.477619", "From Harriet Street, Knightsbridge to Queen's Circus, Battersea Park"
"LINESTRING (-0.17021 51.474535,-0.149551 51.477619", "From Orbel Street, Battersea to Queen's Circus, Battersea Park"
"LINESTRING (-0.140741 51.488057,-0.149551 51.477619", "From Alderney Street, Pimlico to Queen's Circus, Battersea Park"
"LINESTRING (-0.164786 51.477292,-0.149551 51.477619", "From Ethelburga Estate, Battersea Park to Queen's Circus, Battersea Park"
"LINESTRING (-0.136123 51.482362,-0.149551 51.477619", "From Riverlight North, Nine Elms to Queen's Circus, Battersea Park"
"LINESTRING (-0.15213 51.470475,-0.149551 51.477619", "From Stanley Grove, Battersea to Queen's Circus, Battersea Park"
"LINESTRING (-0.140947 51.49616,-0.149551 51.477619", "From Ashley Place, Victoria to Queen's Circus, Battersea Park"
"LINESTRING (-0.138364 51.492111,-0.149551 51.477619", "From Tachbrook Street, Victoria to Queen's Circus, Battersea Park"
"LINESTRING (-0.11258 51.473874,-0.149551 51.477619", "From Normandy Road, Stockwell to Queen's Circus, Battersea Park"
"LINESTRING (-0.192369 51.491593,-0.149551 51.477619", "From Penywern Road, Earl's Court to Queen's Circus, Battersea Park"
"LINESTRING (-0.152248 51.467185,-0.149551 51.477619", "From Ashley Crescent, Battersea to Queen's Circus, Battersea Park"
"LINESTRING (-0.153233 51.490959,-0.149551 51.477619", "From Bourne Street, Belgravia to Queen's Circus, Battersea Park"
"LINESTRING (-0.134621 51.507424,-0.149551 51.477619", "From St. James's Square, St. James's to Queen's Circus, Battersea Park"
"LINESTRING (-0.216145 51.46161,-0.149551 51.477619", "From Disraeli Road, Putney to Queen's Circus, Battersea Park"
"LINESTRING (-0.139221 51.461388,-0.149551 51.477619", "From Clapham Common Station, Clapham Common to Queen's Circus, Battersea Park"
"LINESTRING (-0.170329 51.477684,-0.149551 51.477619", "From Westbridge Road, Battersea to Queen's Circus, Battersea Park"
"LINESTRING (-0.15213 51.470475,-0.149551 51.477619", "From Stanley Grove, Battersea to Queen's Circus, Battersea Park"
"LINESTRING (-0.152248 51.467185,-0.149551 51.477619", "From Ashley Crescent, Battersea to Queen's Circus, Battersea Park"
"LINESTRING (-0.198735 51.46067,-0.149551 51.477619", "From Osiers Road, Wandsworth to Queen's Circus, Battersea Park"
"LINESTRING (-0.170194 51.489716,-0.149551 51.477619", "From St. Luke's Church, Chelsea to Queen's Circus, Battersea Park"
"LINESTRING (-0.170194 51.489716,-0.149551 51.477619", "From St. Luke's Church, Chelsea to Queen's Circus, Battersea Park"
"LINESTRING (-0.186753 51.491615,-0.149551 51.477619", "From Collingham Gardens, Earl's Court to Queen's Circus, Battersea Park"
"LINESTRING (-0.156876 51.49313,-0.149551 51.477619", "From Sedding Street, Sloane Square to Queen's Circus, Battersea Park"
"LINESTRING (-0.118256 51.47659,-0.149551 51.477619", "From Albert Square, Stockwell to Queen's Circus, Battersea Park"
"LINESTRING (-0.191351 51.513489,-0.149551 51.477619", "From Princes Square, Bayswater to Queen's Circus, Battersea Park"
"LINESTRING (-0.156876 51.49313,-0.149551 51.477619", "From Sedding Street, Sloane Square to Queen's Circus, Battersea Park"
"LINESTRING (-0.147714 51.483507,-0.149551 51.477619", "From Battersea Power Station, Battersea Park to Queen's Circus, Battersea Park"
"LINESTRING (-0.130458 51.494816,-0.149551 51.477619", "From Horseferry Road, Westminster to Queen's Circus, Battersea Park"
"LINESTRING (-0.190393 51.490163,-0.149551 51.477619", "From Bramham Gardens, Earl's Court to Queen's Circus, Battersea Park"
"LINESTRING (-0.152248 51.467185,-0.149551 51.477619", "From Ashley Crescent, Battersea to Queen's Circus, Battersea Park"
"LINESTRING (-0.124642 51.481747,-0.149551 51.477619", "From South Lambeth Road, Vauxhall to Queen's Circus, Battersea Park"
"LINESTRING (-0.166878 51.488023,-0.149551 51.477619", "From Flood Street, Chelsea to Queen's Circus, Battersea Park"
"LINESTRING (-0.152248 51.467185,-0.149551 51.477619", "From Ashley Crescent, Battersea to Queen's Circus, Battersea Park"
"LINESTRING (-0.174971 51.485121,-0.149551 51.477619", "From The Vale, Chelsea to Queen's Circus, Battersea Park"
"LINESTRING (-0.152248 51.467185,-0.149551 51.477619", "From Ashley Crescent, Battersea to Queen's Circus, Battersea Park"
"LINESTRING (-0.176267 51.472876,-0.149551 51.477619", "From Vicarage Crescent, Battersea to Queen's Circus, Battersea Park"
"LINESTRING (-0.15213 51.470475,-0.149551 51.477619", "From Stanley Grove, Battersea to Queen's Circus, Battersea Park"
"LINESTRING (-0.147857 51.477966,-0.149551 51.477619", "From Gas Holders, Battersea Park to Queen's Circus, Battersea Park"
"LINESTRING (-0.147714 51.483507,-0.149551 51.477619", "From Battersea Power Station, Battersea Park to Queen's Circus, Battersea Park"
"LINESTRING (-0.138212 51.481335,-0.149551 51.477619", "From Riverlight South, Nine Elms to Queen's Circus, Battersea Park"
"LINESTRING (-0.200806 51.457059,-0.149551 51.477619", "From Santos Road, Wandsworth to Queen's Circus, Battersea Park"
"LINESTRING (-0.149551 51.477619,-0.149551 51.477619", "From Queen's Circus, Battersea Park to Queen's Circus, Battersea Park"
"LINESTRING (-0.223852 51.483732,-0.204815 51.484386", "From Rainville Road, Hammersmith to Normand Park, West Kensington"
"LINESTRING (-0.172078 51.482567,-0.204815 51.484386", "From Danvers Street, West Chelsea to Normand Park, West Kensington"
"LINESTRING (-0.19617 51.490853,-0.204815 51.484386", "From Trebovir Road, Earl's Court to Normand Park, West Kensington"
"LINESTRING (-0.2174 51.504038,-0.204815 51.484386", "From Woodstock Grove, Shepherd's Bush to Normand Park, West Kensington"
"LINESTRING (-0.194757 51.493343,-0.204815 51.484386", "From Nevern Place, Earl's Court to Normand Park, West Kensington"
"LINESTRING (-0.215618 51.464786,-0.204815 51.484386", "From Felsham Road, Putney to Normand Park, West Kensington"
"LINESTRING (-0.222293 51.501594,-0.204815 51.484386", "From Shepherd's Bush Road North, Shepherd's Bush to Normand Park, West Kensington"
"LINESTRING (-0.187404 51.487958,-0.204815 51.484386", "From Harcourt Terrace, West Brompton to Normand Park, West Kensington"
"LINESTRING (-0.183165 51.474665,-0.204815 51.484386", "From Imperial Wharf Station, Sands End to Normand Park, West Kensington"
"LINESTRING (-0.178433 51.492479,-0.204815 51.484386", "From Queen's Gate (South), South Kensington to Normand Park, West Kensington"
"LINESTRING (-0.215895 51.476885,-0.204815 51.484386", "From Finlay Street, Fulham to Normand Park, West Kensington"
"LINESTRING (-0.210279 51.468814,-0.204815 51.484386", "From Putney Bridge Station, Fulham to Normand Park, West Kensington"
"LINESTRING (-0.21186 51.483217,-0.204815 51.484386", "From Humbolt Road, Fulham to Normand Park, West Kensington"
"LINESTRING (-0.21186 51.483217,-0.204815 51.484386", "From Humbolt Road, Fulham to Normand Park, West Kensington"
"LINESTRING (-0.196274 51.46904,-0.204815 51.484386", "From Peterborough Road, Sands End to Normand Park, West Kensington"
"LINESTRING (-0.199783 51.472817,-0.204815 51.484386", "From Parson's Green , Parson's Green to Normand Park, West Kensington"
"LINESTRING (-0.206029 51.49087,-0.204815 51.484386", "From West Kensington Station, West Kensington to Normand Park, West Kensington"
"LINESTRING (-0.193254 51.476259,-0.204815 51.484386", "From Eel Brook Common, Walham Green to Normand Park, West Kensington"
"LINESTRING (-0.187278 51.475142,-0.204815 51.484386", "From Imperial Road, Sands End to Normand Park, West Kensington"
"LINESTRING (-0.174554 51.499917,-0.204815 51.484386", "From Exhibition Road, Knightsbridge to Normand Park, West Kensington"
"LINESTRING (-0.174485 51.469161,-0.204815 51.484386", "From Fawcett Close, Battersea to Normand Park, West Kensington"
"LINESTRING (-0.222293 51.501594,-0.204815 51.484386", "From Shepherd's Bush Road North, Shepherd's Bush to Normand Park, West Kensington"
"LINESTRING (-0.225787 51.514767,-0.204815 51.484386", "From BBC White City, White City to Normand Park, West Kensington"
"LINESTRING (-0.127575 51.495805,-0.204815 51.484386", "From Smith Square, Westminster to Normand Park, West Kensington"
"LINESTRING (-0.197609 51.483911,-0.204815 51.484386", "From Halford Road, West Kensington to Normand Park, West Kensington"
"LINESTRING (-0.223852 51.483732,-0.204815 51.484386", "From Rainville Road, Hammersmith to Normand Park, West Kensington"
"LINESTRING (-0.19617 51.490853,-0.204815 51.484386", "From Trebovir Road, Earl's Court to Normand Park, West Kensington"
"LINESTRING (-0.216305 51.483356,-0.204815 51.484386", "From Everington Street, Fulham to Normand Park, West Kensington"
"LINESTRING (-0.18119 51.485587,-0.204815 51.484386", "From Limerston Street, West Chelsea to Normand Park, West Kensington"
"LINESTRING (-0.204815 51.484386,-0.204815 51.484386", "From Normand Park, West Kensington to Normand Park, West Kensington"
"LINESTRING (-0.193254 51.476259,-0.204815 51.484386", "From Eel Brook Common, Walham Green to Normand Park, West Kensington"
"LINESTRING (-0.219346 51.482944,-0.204815 51.484386", "From Crabtree Lane, Fulham to Normand Park, West Kensington"
"LINESTRING (-0.185296 51.495362,-0.204815 51.484386", "From Emperor's Gate, South Kensington to Normand Park, West Kensington"
"LINESTRING (-0.187404 51.487958,-0.204815 51.484386", "From Harcourt Terrace, West Brompton to Normand Park, West Kensington"
"LINESTRING (-0.204815 51.484386,-0.204815 51.484386", "From Normand Park, West Kensington to Normand Park, West Kensington"
"LINESTRING (-0.187278 51.475142,-0.204815 51.484386", "From Imperial Road, Sands End to Normand Park, West Kensington"
"LINESTRING (-0.192369 51.491593,-0.204815 51.484386", "From Penywern Road, Earl's Court to Normand Park, West Kensington"
"LINESTRING (-0.166878 51.488023,-0.204815 51.484386", "From Flood Street, Chelsea to Normand Park, West Kensington"
"LINESTRING (-0.147714 51.483507,-0.15823 51.46879", "From Battersea Power Station, Battersea Park to Holden Street, Battersea"
"LINESTRING (-0.153233 51.490959,-0.15823 51.46879", "From Bourne Street, Belgravia to Holden Street, Battersea"
"LINESTRING (-0.153233 51.490959,-0.15823 51.46879", "From Bourne Street, Belgravia to Holden Street, Battersea"
"LINESTRING (-0.153233 51.490959,-0.15823 51.46879", "From Bourne Street, Belgravia to Holden Street, Battersea"
"LINESTRING (-0.193764 51.508605,-0.15823 51.46879", "From Palace Gardens Terrace, Notting Hill to Holden Street, Battersea"
"LINESTRING (-0.216145 51.46161,-0.184318 51.468819", "From Disraeli Road, Putney to William Morris Way, Sands End"
"LINESTRING (-0.187278 51.475142,-0.184318 51.468819", "From Imperial Road, Sands End to William Morris Way, Sands End"
"LINESTRING (-0.18119 51.485587,-0.184318 51.468819", "From Limerston Street, West Chelsea to William Morris Way, Sands End"
"LINESTRING (-0.180274 51.481805,-0.184318 51.468819", "From World's End Place, West Chelsea to William Morris Way, Sands End"
"LINESTRING (-0.195777 51.479463,-0.184318 51.468819", "From Erin Close, Walham Green to William Morris Way, Sands End"
"LINESTRING (-0.179369 51.487196,-0.184318 51.468819", "From Drayton Gardens, West Chelsea to William Morris Way, Sands End"
"LINESTRING (-0.13544 51.497829,-0.184318 51.468819", "From Butler Place, Westminster to William Morris Way, Sands End"
"LINESTRING (-0.215618 51.464786,-0.184318 51.468819", "From Felsham Road, Putney to William Morris Way, Sands End"
"LINESTRING (-0.147714 51.483507,-0.184318 51.468819", "From Battersea Power Station, Battersea Park to William Morris Way, Sands End"
"LINESTRING (-0.134621 51.507424,-0.184318 51.468819", "From St. James's Square, St. James's to William Morris Way, Sands End"
"LINESTRING (-0.199135 51.468418,-0.184318 51.468819", "From Broomhouse Lane, Parsons Green to William Morris Way, Sands End"
"LINESTRING (-0.138019 51.524438,-0.184318 51.468819", "From Warren Street Station, Euston to William Morris Way, Sands End"
"LINESTRING (-0.174971 51.485121,-0.184318 51.468819", "From The Vale, Chelsea to William Morris Way, Sands End"
"LINESTRING (-0.170703 51.470847,-0.184318 51.468819", "From Simpson Street, Clapham Junction to William Morris Way, Sands End"
"LINESTRING (-0.199135 51.468418,-0.184318 51.468819", "From Broomhouse Lane, Parsons Green to William Morris Way, Sands End"
"LINESTRING (-0.164786 51.477292,-0.184318 51.468819", "From Ethelburga Estate, Battersea Park to William Morris Way, Sands End"
"LINESTRING (-0.168292 51.462392,-0.184318 51.468819", "From St. John's Road, Clapham Junction to William Morris Way, Sands End"
"LINESTRING (-0.210941 51.504199,-0.184318 51.468819", "From Addison Road, Holland Park to William Morris Way, Sands End"
"LINESTRING (-0.173029 51.464894,-0.184318 51.468819", "From Grant Road East, Clapham Junction to William Morris Way, Sands End"
"LINESTRING (-0.196274 51.46904,-0.184318 51.468819", "From Peterborough Road, Sands End to William Morris Way, Sands End"
"LINESTRING (-0.179038 51.479573,-0.184318 51.468819", "From Lots Road, West Chelsea to William Morris Way, Sands End"
"LINESTRING (-0.194116 51.479932,-0.184318 51.468819", "From Fulham Broadway, Walham Green to William Morris Way, Sands End"
"LINESTRING (-0.195777 51.479463,-0.184318 51.468819", "From Erin Close, Walham Green to William Morris Way, Sands End"
"LINESTRING (-0.14177 51.479501,-0.184318 51.468819", "From Battersea Park Road, Nine Elms to William Morris Way, Sands End"
"LINESTRING (-0.187278 51.475142,-0.184318 51.468819", "From Imperial Road, Sands End to William Morris Way, Sands End"
"LINESTRING (-0.180791 51.46193,-0.184318 51.468819", "From Nantes Close, Wandsworth to William Morris Way, Sands End"
"LINESTRING (-0.189155 51.477292,-0.184318 51.468819", "From Michael Road, Walham Green to William Morris Way, Sands End"
"LINESTRING (-0.18119 51.485587,-0.184318 51.468819", "From Limerston Street, West Chelsea to William Morris Way, Sands End"
"LINESTRING (-0.195777 51.479463,-0.184318 51.468819", "From Erin Close, Walham Green to William Morris Way, Sands End"
"LINESTRING (-0.199783 51.472817,-0.184318 51.468819", "From Parson's Green , Parson's Green to William Morris Way, Sands End"
"LINESTRING (-0.180389 51.46517,-0.184318 51.468819", "From Hibbert Street, Battersea to William Morris Way, Sands End"
"LINESTRING (-0.169821 51.466633,-0.184318 51.468819", "From Falcon Road, Clapham Junction to William Morris Way, Sands End"
"LINESTRING (-0.19701 51.473763,-0.184318 51.468819", "From Irene Road, Parsons Green to William Morris Way, Sands End"
"LINESTRING (-0.236769 51.494223,-0.184318 51.468819", "From Ravenscourt Park Station, Hammersmith to William Morris Way, Sands End"
"LINESTRING (-0.173029 51.464894,-0.190184 51.459953", "From Grant Road East, Clapham Junction to Morie Street, Wandsworth"
"LINESTRING (-0.190346 51.46822,-0.190184 51.459953", "From Stephendale Road, Sands End to Morie Street, Wandsworth"
"LINESTRING (-0.195197 51.454752,-0.190184 51.459953", "From Neville Gill Close, Wandsworth to Morie Street, Wandsworth"
"LINESTRING (-0.206029 51.49087,-0.190184 51.459953", "From West Kensington Station, West Kensington to Morie Street, Wandsworth"
"LINESTRING (-0.210941 51.504199,-0.190184 51.459953", "From Addison Road, Holland Park to Morie Street, Wandsworth"
"LINESTRING (-0.191722 51.461083,-0.190184 51.459953", "From Smugglers Way, Wandsworth to Morie Street, Wandsworth"
"LINESTRING (-0.184806 51.457991,-0.190184 51.459953", "From Alma Road, Wandsworth to Morie Street, Wandsworth"
"LINESTRING (-0.20782 51.473471,-0.190184 51.459953", "From Fulham Park Road, Fulham to Morie Street, Wandsworth"
"LINESTRING (-0.118256 51.47659,-0.190184 51.459953", "From Albert Square, Stockwell to Morie Street, Wandsworth"
"LINESTRING (-0.133201 51.512515,-0.126994 51.470732", "From Wardour Street, Soho to Clarence Walk, Stockwell"
"LINESTRING (-0.14177 51.479501,-0.126994 51.470732", "From Battersea Park Road, Nine Elms to Clarence Walk, Stockwell"
"LINESTRING (-0.126874 51.47787,-0.126994 51.470732", "From Hartington Road, Stockwell to Clarence Walk, Stockwell"
"LINESTRING (-0.09022 51.491484,-0.126994 51.470732", "From Rodney Road , Walworth to Clarence Walk, Stockwell"
"LINESTRING (-0.167029 51.460333,-0.126994 51.470732", "From Abyssinia Close, Clapham Junction to Clarence Walk, Stockwell"
"LINESTRING (-0.16375 51.465064,-0.126994 51.470732", "From Dorothy Road, Clapham Junction to Clarence Walk, Stockwell"
"LINESTRING (-0.188098 51.517919,-0.126994 51.470732", "From Gloucester Terrace, Bayswater to Clarence Walk, Stockwell"
"LINESTRING (-0.175116 51.523353,-0.126994 51.470732", "From Frampton Street, Paddington to Clarence Walk, Stockwell"
"LINESTRING (-0.117495 51.498241,-0.126994 51.470732", "From Archbishop's Park, Waterloo to Clarence Walk, Stockwell"
"LINESTRING (-0.133972 51.472993,-0.14177 51.479501", "From Union Grove, Wandsworth Road to Battersea Park Road, Nine Elms"
"LINESTRING (-0.158456 51.502953,-0.14177 51.479501", "From Albert Gate, Hyde Park to Battersea Park Road, Nine Elms"
"LINESTRING (-0.163041 51.470538,-0.14177 51.479501", "From Sheepcote Lane, Battersea to Battersea Park Road, Nine Elms"
"LINESTRING (-0.155442 51.474376,-0.14177 51.479501", "From Austin Road, Battersea Park to Battersea Park Road, Nine Elms"
"LINESTRING (-0.216573 51.466907,-0.14177 51.479501", "From Putney Pier, Wandsworth to Battersea Park Road, Nine Elms"
"LINESTRING (-0.170703 51.470847,-0.14177 51.479501", "From Simpson Street, Clapham Junction to Battersea Park Road, Nine Elms"
"LINESTRING (-0.169821 51.466633,-0.14177 51.479501", "From Falcon Road, Clapham Junction to Battersea Park Road, Nine Elms"
"LINESTRING (-0.155442 51.474376,-0.14177 51.479501", "From Austin Road, Battersea Park to Battersea Park Road, Nine Elms"
"LINESTRING (-0.106 51.496127,-0.14177 51.479501", "From Geraldine Street, Elephant & Castle to Battersea Park Road, Nine Elms"
"LINESTRING (-0.149035 51.481121,-0.14177 51.479501", "From Sopwith Way, Battersea Park to Battersea Park Road, Nine Elms"
"LINESTRING (-0.13544 51.497829,-0.14177 51.479501", "From Butler Place, Westminster to Battersea Park Road, Nine Elms"
"LINESTRING (-0.112824 51.503791,-0.14177 51.479501", "From Waterloo Station 3, Waterloo to Battersea Park Road, Nine Elms"
"LINESTRING (-0.163347 51.474392,-0.14177 51.479501", "From Albert Bridge Road, Battersea Park to Battersea Park Road, Nine Elms"
"LINESTRING (-0.139625 51.490962,-0.14177 51.479501", "From Gloucester Street, Pimlico to Battersea Park Road, Nine Elms"
"LINESTRING (-0.12367 51.471433,-0.14177 51.479501", "From Clapham Road, Lingham Street, Stockwell to Battersea Park Road, Nine Elms"
"LINESTRING (-0.122831 51.472509,-0.14177 51.479501", "From Binfield Road, Stockwell to Battersea Park Road, Nine Elms"
"LINESTRING (-0.124642 51.481747,-0.14177 51.479501", "From South Lambeth Road, Vauxhall to Battersea Park Road, Nine Elms"
"LINESTRING (-0.115781 51.464019,-0.14177 51.479501", "From Ferndale Road, Brixton to Battersea Park Road, Nine Elms"
"LINESTRING (-0.163347 51.474392,-0.14177 51.479501", "From Albert Bridge Road, Battersea Park to Battersea Park Road, Nine Elms"
"LINESTRING (-0.129698 51.500703,-0.14177 51.479501", "From Storey's Gate, Westminster to Battersea Park Road, Nine Elms"
"LINESTRING (-0.170329 51.477684,-0.14177 51.479501", "From Westbridge Road, Battersea to Battersea Park Road, Nine Elms"
"LINESTRING (-0.170329 51.477684,-0.14177 51.479501", "From Westbridge Road, Battersea to Battersea Park Road, Nine Elms"
"LINESTRING (-0.155442 51.474376,-0.14177 51.479501", "From Austin Road, Battersea Park to Battersea Park Road, Nine Elms"
"LINESTRING (-0.144132 51.493204,-0.14177 51.479501", "From Belgrave Road, Victoria to Battersea Park Road, Nine Elms"
"LINESTRING (-0.180389 51.46517,-0.14177 51.479501", "From Hibbert Street, Battersea to Battersea Park Road, Nine Elms"
"LINESTRING (-0.170329 51.477684,-0.14177 51.479501", "From Westbridge Road, Battersea to Battersea Park Road, Nine Elms"
"LINESTRING (-0.12367 51.471433,-0.14177 51.479501", "From Clapham Road, Lingham Street, Stockwell to Battersea Park Road, Nine Elms"
"LINESTRING (-0.163347 51.474392,-0.14177 51.479501", "From Albert Bridge Road, Battersea Park to Battersea Park Road, Nine Elms"
"LINESTRING (-0.117495 51.498241,-0.14177 51.479501", "From Archbishop's Park, Waterloo to Battersea Park Road, Nine Elms"
"LINESTRING (-0.187278 51.475142,-0.14177 51.479501", "From Imperial Road, Sands End to Battersea Park Road, Nine Elms"
"LINESTRING (-0.150908 51.47505,-0.14177 51.479501", "From Alfreda Street, Battersea Park to Battersea Park Road, Nine Elms"
"LINESTRING (-0.192369 51.491593,-0.14177 51.479501", "From Penywern Road, Earl's Court to Battersea Park Road, Nine Elms"
"LINESTRING (-0.150908 51.47505,-0.14177 51.479501", "From Alfreda Street, Battersea Park to Battersea Park Road, Nine Elms"
"LINESTRING (-0.196422 51.509353,-0.14177 51.479501", "From Notting Hill Gate Station, Notting Hill to Battersea Park Road, Nine Elms"
"LINESTRING (-0.217995 51.487285,-0.14177 51.479501", "From Charing Cross Hospital, Hammersmith to Battersea Park Road, Nine Elms"
"LINESTRING (-0.163347 51.474392,-0.14177 51.479501", "From Albert Bridge Road, Battersea Park to Battersea Park Road, Nine Elms"
"LINESTRING (-0.147478 51.492369,-0.14177 51.479501", "From Elizabeth Bridge, Victoria to Battersea Park Road, Nine Elms"
"LINESTRING (-0.14177 51.479501,-0.14177 51.479501", "From Battersea Park Road, Nine Elms to Battersea Park Road, Nine Elms"
"LINESTRING (-0.12367 51.471433,-0.14177 51.479501", "From Clapham Road, Lingham Street, Stockwell to Battersea Park Road, Nine Elms"
"LINESTRING (-0.16375 51.465064,-0.14177 51.479501", "From Dorothy Road, Clapham Junction to Battersea Park Road, Nine Elms"
"LINESTRING (-0.17021 51.474535,-0.14177 51.479501", "From Orbel Street, Battersea to Battersea Park Road, Nine Elms"
"LINESTRING (-0.18119 51.490945,-0.163041 51.470538", "From Old Brompton Road, South Kensington to Sheepcote Lane, Battersea"
"LINESTRING (-0.148059 51.472865,-0.163041 51.470538", "From Silverthorne Road, Battersea to Sheepcote Lane, Battersea"
"LINESTRING (-0.16375 51.465064,-0.163041 51.470538", "From Dorothy Road, Clapham Junction to Sheepcote Lane, Battersea"
"LINESTRING (-0.169821 51.466633,-0.163041 51.470538", "From Falcon Road, Clapham Junction to Sheepcote Lane, Battersea"
"LINESTRING (-0.124469 51.485917,-0.163041 51.470538", "From Vauxhall Cross, Vauxhall to Sheepcote Lane, Battersea"
"LINESTRING (-0.161203 51.496886,-0.163041 51.470538", "From Pont Street, Knightsbridge to Sheepcote Lane, Battersea"
"LINESTRING (-0.16375 51.465064,-0.163041 51.470538", "From Dorothy Road, Clapham Junction to Sheepcote Lane, Battersea"
"LINESTRING (-0.149035 51.481121,-0.163041 51.470538", "From Sopwith Way, Battersea Park to Sheepcote Lane, Battersea"
"LINESTRING (-0.139221 51.461388,-0.163041 51.470538", "From Clapham Common Station, Clapham Common to Sheepcote Lane, Battersea"
"LINESTRING (-0.149035 51.481121,-0.163041 51.470538", "From Sopwith Way, Battersea Park to Sheepcote Lane, Battersea"
"LINESTRING (-0.152248 51.467185,-0.163041 51.470538", "From Ashley Crescent, Battersea to Sheepcote Lane, Battersea"
"LINESTRING (-0.170329 51.477684,-0.163041 51.470538", "From Westbridge Road, Battersea to Sheepcote Lane, Battersea"
"LINESTRING (-0.155442 51.474376,-0.163041 51.470538", "From Austin Road, Battersea Park to Sheepcote Lane, Battersea"
"LINESTRING (-0.18267 51.494185,-0.163041 51.470538", "From Gloucester Road Station, South Kensington to Sheepcote Lane, Battersea"
"LINESTRING (-0.18119 51.485587,-0.163041 51.470538", "From Limerston Street, West Chelsea to Sheepcote Lane, Battersea"
"LINESTRING (-0.135635 51.488226,-0.163041 51.470538", "From St. George's Square, Pimlico to Sheepcote Lane, Battersea"
"LINESTRING (-0.167029 51.460333,-0.163041 51.470538", "From Abyssinia Close, Clapham Junction to Sheepcote Lane, Battersea"
"LINESTRING (-0.170703 51.470847,-0.163041 51.470538", "From Simpson Street, Clapham Junction to Sheepcote Lane, Battersea"
"LINESTRING (-0.150908 51.47505,-0.163041 51.470538", "From Alfreda Street, Battersea Park to Sheepcote Lane, Battersea"
"LINESTRING (-0.167029 51.460333,-0.163041 51.470538", "From Abyssinia Close, Clapham Junction to Sheepcote Lane, Battersea"
"LINESTRING (-0.179369 51.487196,-0.209378 51.489591", "From Drayton Gardens, West Chelsea to Vereker Road, West Kensington"
"LINESTRING (-0.195455 51.500401,-0.209378 51.489591", "From Argyll Road, Kensington to Vereker Road, West Kensington"
"LINESTRING (-0.2174 51.504038,-0.209378 51.489591", "From Woodstock Grove, Shepherd's Bush to Vereker Road, West Kensington"
"LINESTRING (-0.178433 51.492479,-0.209378 51.489591", "From Queen's Gate (South), South Kensington to Vereker Road, West Kensington"
"LINESTRING (-0.205284 51.496712,-0.209378 51.489591", "From Warwick Road, Olympia to Vereker Road, West Kensington"
"LINESTRING (-0.195455 51.500401,-0.209378 51.489591", "From Argyll Road, Kensington to Vereker Road, West Kensington"
"LINESTRING (-0.170329 51.477684,-0.209378 51.489591", "From Westbridge Road, Battersea to Vereker Road, West Kensington"
"LINESTRING (-0.208888 51.5212,-0.209378 51.489591", "From Bevington Road West, North Kensington to Vereker Road, West Kensington"
"LINESTRING (-0.224103 51.509158,-0.209378 51.489591", "From Westfield Ariel Way, White City to Vereker Road, West Kensington"
"LINESTRING (-0.17524 51.48902,-0.209378 51.489591", "From South Parade, Chelsea to Vereker Road, West Kensington"
"LINESTRING (-0.142345 51.510662,-0.209378 51.489591", "From Clifford Street, Mayfair to Vereker Road, West Kensington"
"LINESTRING (-0.210941 51.504199,-0.209378 51.489591", "From Addison Road, Holland Park to Vereker Road, West Kensington"
"LINESTRING (-0.193502 51.467064,-0.209378 51.489591", "From South Park, Sands End to Vereker Road, West Kensington"
"LINESTRING (-0.222456 51.488144,-0.209378 51.489591", "From Beryl Road, Hammersmith to Vereker Road, West Kensington"
"LINESTRING (-0.195455 51.500401,-0.209378 51.489591", "From Argyll Road, Kensington to Vereker Road, West Kensington"
"LINESTRING (-0.205284 51.496712,-0.209378 51.489591", "From Warwick Road, Olympia to Vereker Road, West Kensington"
"LINESTRING (-0.208486 51.506465,-0.209378 51.489591", "From Princedale Road , Holland Park to Vereker Road, West Kensington"
"LINESTRING (-0.214749 51.473036,-0.209378 51.489591", "From Bishop's Avenue, Fulham to Vereker Road, West Kensington"
"LINESTRING (-0.19096 51.51244,-0.209378 51.489591", "From Ilchester Gardens, Bayswater to Vereker Road, West Kensington"
"LINESTRING (-0.15352 51.503117,-0.209378 51.489591", "From Hyde Park Corner, Hyde Park to Vereker Road, West Kensington"
"LINESTRING (-0.215087 51.490217,-0.209378 51.489591", "From Barons Court Station, West Kensington to Vereker Road, West Kensington"
"LINESTRING (-0.221791 51.49968,-0.209378 51.489591", "From Blythe Road West, Shepherd's Bush to Vereker Road, West Kensington"
"LINESTRING (-0.226606 51.488108,-0.209378 51.489591", "From Crisp Road, Hammersmith to Vereker Road, West Kensington"
"LINESTRING (-0.2174 51.504038,-0.209378 51.489591", "From Woodstock Grove, Shepherd's Bush to Vereker Road, West Kensington"
"LINESTRING (-0.207842 51.471079,-0.209378 51.489591", "From Elysium Place, Fulham to Vereker Road, West Kensington"
"LINESTRING (-0.224103 51.509158,-0.209378 51.489591", "From Westfield Ariel Way, White City to Vereker Road, West Kensington"
"LINESTRING (-0.208486 51.506465,-0.209378 51.489591", "From Princedale Road , Holland Park to Vereker Road, West Kensington"
"LINESTRING (-0.18377 51.5171,-0.209378 51.489591", "From Bishop's Bridge Road East, Bayswater to Vereker Road, West Kensington"
"LINESTRING (-0.216305 51.483356,-0.215804 51.494347", "From Everington Street, Fulham to Brook Green South, Brook Green"
"LINESTRING (-0.217995 51.487285,-0.215804 51.494347", "From Charing Cross Hospital, Hammersmith to Brook Green South, Brook Green"
"LINESTRING (-0.194116 51.479932,-0.215804 51.494347", "From Fulham Broadway, Walham Green to Brook Green South, Brook Green"
"LINESTRING (-0.215087 51.490217,-0.215804 51.494347", "From Barons Court Station, West Kensington to Brook Green South, Brook Green"
"LINESTRING (-0.194116 51.479932,-0.215804 51.494347", "From Fulham Broadway, Walham Green to Brook Green South, Brook Green"
"LINESTRING (-0.236769 51.494223,-0.215804 51.494347", "From Ravenscourt Park Station, Hammersmith to Brook Green South, Brook Green"
"LINESTRING (-0.193764 51.508605,-0.215804 51.494347", "From Palace Gardens Terrace, Notting Hill to Brook Green South, Brook Green"
"LINESTRING (-0.193487 51.513735,-0.215804 51.494347", "From Hereford Road, Bayswater to Brook Green South, Brook Green"
"LINESTRING (-0.156876 51.49313,-0.215804 51.494347", "From Sedding Street, Sloane Square to Brook Green South, Brook Green"
"LINESTRING (-0.225787 51.514767,-0.215804 51.494347", "From BBC White City, White City to Brook Green South, Brook Green"
"LINESTRING (-0.236769 51.494223,-0.215804 51.494347", "From Ravenscourt Park Station, Hammersmith to Brook Green South, Brook Green"
"LINESTRING (-0.130458 51.494816,-0.215804 51.494347", "From Horseferry Road, Westminster to Brook Green South, Brook Green"
"LINESTRING (-0.236769 51.494223,-0.215804 51.494347", "From Ravenscourt Park Station, Hammersmith to Brook Green South, Brook Green"
"LINESTRING (-0.205279 51.487244,-0.215804 51.494347", "From Star Road, West Kensington to Brook Green South, Brook Green"
"LINESTRING (-0.222293 51.501594,-0.215804 51.494347", "From Shepherd's Bush Road North, Shepherd's Bush to Brook Green South, Brook Green"
"LINESTRING (-0.187842 51.509908,-0.215804 51.494347", "From Black Lion Gate, Kensington Gardens to Brook Green South, Brook Green"
"LINESTRING (-0.224303 51.506093,-0.215804 51.494347", "From Westfield Library Corner, Shepherd's Bush to Brook Green South, Brook Green"
"LINESTRING (-0.221791 51.49968,-0.215804 51.494347", "From Blythe Road West, Shepherd's Bush to Brook Green South, Brook Green"
"LINESTRING (-0.217995 51.487285,-0.215804 51.494347", "From Charing Cross Hospital, Hammersmith to Brook Green South, Brook Green"
"LINESTRING (-0.211316 51.500088,-0.215804 51.494347", "From Russell Gardens, Olympia to Brook Green South, Brook Green"
"LINESTRING (-0.179702 51.499428,-0.215804 51.494347", "From Imperial College, Knightsbridge to Brook Green South, Brook Green"
"LINESTRING (-0.18119 51.490945,-0.215804 51.494347", "From Old Brompton Road, South Kensington to Brook Green South, Brook Green"
"LINESTRING (-0.191803 51.473611,-0.215804 51.494347", "From Sandilands Road, Walham Green to Brook Green South, Brook Green"
"LINESTRING (-0.205284 51.496712,-0.215804 51.494347", "From Warwick Road, Olympia to Brook Green South, Brook Green"
"LINESTRING (-0.09885 51.515418,-0.215804 51.494347", "From Newgate Street , St. Paul's to Brook Green South, Brook Green"
"LINESTRING (-0.194392 51.501945,-0.215804 51.494347", "From Kensington Town Hall, Kensington to Brook Green South, Brook Green"
"LINESTRING (-0.21985 51.493267,-0.215804 51.494347", "From Hammersmith Road, Hammersmith to Brook Green South, Brook Green"
"LINESTRING (-0.194757 51.493343,-0.215804 51.494347", "From Nevern Place, Earl's Court to Brook Green South, Brook Green"
"LINESTRING (-0.21186 51.483217,-0.215804 51.494347", "From Humbolt Road, Fulham to Brook Green South, Brook Green"
"LINESTRING (-0.202038 51.48357,-0.214428 51.486062", "From Coomer Place, West Kensington to Greyhound Road, Hammersmith"
"LINESTRING (-0.157275 51.510017,-0.214428 51.486062", "From Park Lane , Hyde Park to Greyhound Road, Hammersmith"
"LINESTRING (-0.216526 51.460717,-0.214428 51.486062", "From Putney Rail Station, Putney to Greyhound Road, Hammersmith"
"LINESTRING (-0.229116 51.492084,-0.214428 51.486062", "From Bridge Avenue, Hammersmith to Greyhound Road, Hammersmith"
"LINESTRING (-0.211468 51.462312,-0.214428 51.486062", "From Esmond Street, Putney to Greyhound Road, Hammersmith"
"LINESTRING (-0.206029 51.49087,-0.214428 51.486062", "From West Kensington Station, West Kensington to Greyhound Road, Hammersmith"
"LINESTRING (-0.222456 51.488144,-0.214428 51.486062", "From Beryl Road, Hammersmith to Greyhound Road, Hammersmith"
"LINESTRING (-0.197245 51.497387,-0.214428 51.486062", "From Abingdon Villas, Kensington to Greyhound Road, Hammersmith"
"LINESTRING (-0.214428 51.486062,-0.214428 51.486062", "From Greyhound Road, Hammersmith to Greyhound Road, Hammersmith"
"LINESTRING (-0.215087 51.490217,-0.214428 51.486062", "From Barons Court Station, West Kensington to Greyhound Road, Hammersmith"
"LINESTRING (-0.223852 51.483732,-0.214428 51.486062", "From Rainville Road, Hammersmith to Greyhound Road, Hammersmith"
"LINESTRING (-0.215087 51.490217,-0.214428 51.486062", "From Barons Court Station, West Kensington to Greyhound Road, Hammersmith"
"LINESTRING (-0.215087 51.490217,-0.214428 51.486062", "From Barons Court Station, West Kensington to Greyhound Road, Hammersmith"
"LINESTRING (-0.155442 51.474376,-0.214428 51.486062", "From Austin Road, Battersea Park to Greyhound Road, Hammersmith"
"LINESTRING (-0.211358 51.510101,-0.214428 51.486062", "From Walmer Road, Avondale to Greyhound Road, Hammersmith"
"LINESTRING (-0.215087 51.490217,-0.214428 51.486062", "From Barons Court Station, West Kensington to Greyhound Road, Hammersmith"
"LINESTRING (-0.224103 51.509158,-0.214428 51.486062", "From Westfield Ariel Way, White City to Greyhound Road, Hammersmith"
"LINESTRING (-0.212145 51.459715,-0.214428 51.486062", "From Upper Richmond Road, Putney to Greyhound Road, Hammersmith"
"LINESTRING (-0.209378 51.489591,-0.214428 51.486062", "From Vereker Road, West Kensington to Greyhound Road, Hammersmith"
"LINESTRING (-0.202038 51.48357,-0.214428 51.486062", "From Coomer Place, West Kensington to Greyhound Road, Hammersmith"
"LINESTRING (-0.206029 51.49087,-0.214428 51.486062", "From West Kensington Station, West Kensington to Greyhound Road, Hammersmith"
"LINESTRING (-0.214428 51.486062,-0.214428 51.486062", "From Greyhound Road, Hammersmith to Greyhound Road, Hammersmith"
"LINESTRING (-0.178656 51.501432,-0.214428 51.486062", "From Kensington Gore, Knightsbridge to Greyhound Road, Hammersmith"
"LINESTRING (-0.201968 51.475089,-0.193502 51.467064", "From Parsons Green Station, Parsons Green to South Park, Sands End"
"LINESTRING (-0.168292 51.462392,-0.193502 51.467064", "From St. John's Road, Clapham Junction to South Park, Sands End"
"LINESTRING (-0.193254 51.476259,-0.193502 51.467064", "From Eel Brook Common, Walham Green to South Park, Sands End"
"LINESTRING (-0.179038 51.479573,-0.193502 51.467064", "From Lots Road, West Chelsea to South Park, Sands End"
"LINESTRING (-0.199783 51.472817,-0.193502 51.467064", "From Parson's Green , Parson's Green to South Park, Sands End"
"LINESTRING (-0.194116 51.479932,-0.193502 51.467064", "From Fulham Broadway, Walham Green to South Park, Sands End"
"LINESTRING (-0.199783 51.472817,-0.193502 51.467064", "From Parson's Green , Parson's Green to South Park, Sands End"
"LINESTRING (-0.194116 51.479932,-0.193502 51.467064", "From Fulham Broadway, Walham Green to South Park, Sands End"
"LINESTRING (-0.216145 51.46161,-0.193502 51.467064", "From Disraeli Road, Putney to South Park, Sands End"
"LINESTRING (-0.158105 51.494645,-0.193502 51.467064", "From Cadogan Place, Knightsbridge to South Park, Sands End"
"LINESTRING (-0.173029 51.464894,-0.193502 51.467064", "From Grant Road East, Clapham Junction to South Park, Sands End"
"LINESTRING (-0.139956 51.493573,-0.193502 51.467064", "From Queen Mother Sports Centre, Victoria to South Park, Sands End"
"LINESTRING (-0.199783 51.472817,-0.193502 51.467064", "From Parson's Green , Parson's Green to South Park, Sands End"
"LINESTRING (-0.193502 51.467064,-0.193502 51.467064", "From South Park, Sands End to South Park, Sands End"
"LINESTRING (-0.183165 51.474665,-0.193502 51.467064", "From Imperial Wharf Station, Sands End to South Park, Sands End"
"LINESTRING (-0.142943 51.496863,-0.193502 51.467064", "From Allington Street, Victoria to South Park, Sands End"
"LINESTRING (-0.190346 51.46822,-0.193502 51.467064", "From Stephendale Road, Sands End to South Park, Sands End"
"LINESTRING (-0.199783 51.472817,-0.193502 51.467064", "From Parson's Green , Parson's Green to South Park, Sands End"
"LINESTRING (-0.195777 51.479463,-0.193502 51.467064", "From Erin Close, Walham Green to South Park, Sands End"
"LINESTRING (-0.193502 51.467064,-0.193502 51.467064", "From South Park, Sands End to South Park, Sands End"
"LINESTRING (-0.205284 51.496712,-0.193502 51.467064", "From Warwick Road, Olympia to South Park, Sands End"
"LINESTRING (-0.20464 51.470131,-0.193502 51.467064", "From Hurlingham Park, Parsons Green to South Park, Sands End"
"LINESTRING (-0.208485 51.478939,-0.193502 51.467064", "From St. Peter's Terrace, Fulham to South Park, Sands End"
"LINESTRING (-0.167029 51.460333,-0.193502 51.467064", "From Abyssinia Close, Clapham Junction to South Park, Sands End"
"LINESTRING (-0.199783 51.472817,-0.193502 51.467064", "From Parson's Green , Parson's Green to South Park, Sands End"
"LINESTRING (-0.163347 51.474392,-0.174691 51.45787", "From Albert Bridge Road, Battersea Park to Spencer Park, Wandsworth Common"
"LINESTRING (-0.228188 51.494499,-0.174691 51.45787", "From Southerton Road, Hammersmith to Spencer Park, Wandsworth Common"
"LINESTRING (-0.174691 51.45787,-0.174691 51.45787", "From Spencer Park, Wandsworth Common to Spencer Park, Wandsworth Common"
"LINESTRING (-0.174691 51.45787,-0.174691 51.45787", "From Spencer Park, Wandsworth Common to Spencer Park, Wandsworth Common"
"LINESTRING (-0.170329 51.477684,-0.174691 51.45787", "From Westbridge Road, Battersea to Spencer Park, Wandsworth Common"
"LINESTRING (-0.139221 51.461388,-0.174691 51.45787", "From Clapham Common Station, Clapham Common to Spencer Park, Wandsworth Common"
"LINESTRING (-0.173029 51.464894,-0.174691 51.45787", "From Grant Road East, Clapham Junction to Spencer Park, Wandsworth Common"
"LINESTRING (-0.174691 51.45787,-0.174691 51.45787", "From Spencer Park, Wandsworth Common to Spencer Park, Wandsworth Common"
"LINESTRING (-0.173757 51.496471,-0.169821 51.466633", "From Exhibition Road Museums 1, South Kensington to Falcon Road, Clapham Junction"
"LINESTRING (-0.173715 51.491211,-0.169821 51.466633", "From Sumner Place, South Kensington to Falcon Road, Clapham Junction"
"LINESTRING (-0.170703 51.470847,-0.169821 51.466633", "From Simpson Street, Clapham Junction to Falcon Road, Clapham Junction"
"LINESTRING (-0.155442 51.474376,-0.169821 51.466633", "From Austin Road, Battersea Park to Falcon Road, Clapham Junction"
"LINESTRING (-0.16716 51.47518,-0.169821 51.466633", "From Surrey Lane, Battersea to Falcon Road, Clapham Junction"
"LINESTRING (-0.183165 51.474665,-0.169821 51.466633", "From Imperial Wharf Station, Sands End to Falcon Road, Clapham Junction"
"LINESTRING (-0.152248 51.467185,-0.169821 51.466633", "From Ashley Crescent, Battersea to Falcon Road, Clapham Junction"
"LINESTRING (-0.163347 51.474392,-0.169821 51.466633", "From Albert Bridge Road, Battersea Park to Falcon Road, Clapham Junction"
"LINESTRING (-0.166221 51.490714,-0.169821 51.466633", "From Chelsea Green, Chelsea to Falcon Road, Clapham Junction"
"LINESTRING (-0.170703 51.470847,-0.169821 51.466633", "From Simpson Street, Clapham Junction to Falcon Road, Clapham Junction"
"LINESTRING (-0.170194 51.489716,-0.169821 51.466633", "From St. Luke's Church, Chelsea to Falcon Road, Clapham Junction"
"LINESTRING (-0.179369 51.487196,-0.169821 51.466633", "From Drayton Gardens, West Chelsea to Falcon Road, Clapham Junction"
"LINESTRING (-0.164786 51.477292,-0.169821 51.466633", "From Ethelburga Estate, Battersea Park to Falcon Road, Clapham Junction"
"LINESTRING (-0.16716 51.47518,-0.169821 51.466633", "From Surrey Lane, Battersea to Falcon Road, Clapham Junction"
"LINESTRING (-0.149551 51.477619,-0.169821 51.466633", "From Queen's Circus, Battersea Park to Falcon Road, Clapham Junction"
"LINESTRING (-0.176267 51.472876,-0.169821 51.466633", "From Vicarage Crescent, Battersea to Falcon Road, Clapham Junction"
"LINESTRING (-0.164786 51.477292,-0.169821 51.466633", "From Ethelburga Estate, Battersea Park to Falcon Road, Clapham Junction"
"LINESTRING (-0.16716 51.47518,-0.169821 51.466633", "From Surrey Lane, Battersea to Falcon Road, Clapham Junction"
"LINESTRING (-0.190346 51.46822,-0.169821 51.466633", "From Stephendale Road, Sands End to Falcon Road, Clapham Junction"
"LINESTRING (-0.15934 51.500241,-0.169821 51.466633", "From Harriet Street, Knightsbridge to Falcon Road, Clapham Junction"
"LINESTRING (-0.15785 51.471095,-0.169821 51.466633", "From Culvert Road, Battersea to Falcon Road, Clapham Junction"
"LINESTRING (-0.184806 51.457991,-0.169821 51.466633", "From Alma Road, Wandsworth to Falcon Road, Clapham Junction"
"LINESTRING (-0.176267 51.472876,-0.169821 51.466633", "From Vicarage Crescent, Battersea to Falcon Road, Clapham Junction"
"LINESTRING (-0.164786 51.477292,-0.169821 51.466633", "From Ethelburga Estate, Battersea Park to Falcon Road, Clapham Junction"
"LINESTRING (-0.14177 51.479501,-0.169821 51.466633", "From Battersea Park Road, Nine Elms to Falcon Road, Clapham Junction"
"LINESTRING (-0.170703 51.470847,-0.169821 51.466633", "From Simpson Street, Clapham Junction to Falcon Road, Clapham Junction"
"LINESTRING (-0.14296 51.497998,-0.169821 51.466633", "From Warwick Row, Westminster to Falcon Road, Clapham Junction"
"LINESTRING (-0.174347 51.476964,-0.169821 51.466633", "From Battersea Church Road, Battersea to Falcon Road, Clapham Junction"
"LINESTRING (-0.170983 51.486892,-0.169821 51.466633", "From Manresa Road, Chelsea to Falcon Road, Clapham Junction"
"LINESTRING (-0.179038 51.479573,-0.169821 51.466633", "From Lots Road, West Chelsea to Falcon Road, Clapham Junction"
"LINESTRING (-0.17021 51.474535,-0.169821 51.466633", "From Orbel Street, Battersea to Falcon Road, Clapham Junction"
"LINESTRING (-0.17021 51.474535,-0.169821 51.466633", "From Orbel Street, Battersea to Falcon Road, Clapham Junction"
"LINESTRING (-0.17524 51.48902,-0.169821 51.466633", "From South Parade, Chelsea to Falcon Road, Clapham Junction"
"LINESTRING (-0.170329 51.477684,-0.169821 51.466633", "From Westbridge Road, Battersea to Falcon Road, Clapham Junction"
"LINESTRING (-0.147624 51.49395,-0.169821 51.466633", "From Eccleston Place, Victoria to Falcon Road, Clapham Junction"
"LINESTRING (-0.164786 51.477292,-0.169821 51.466633", "From Ethelburga Estate, Battersea Park to Falcon Road, Clapham Junction"
"LINESTRING (-0.193502 51.467064,-0.169821 51.466633", "From South Park, Sands End to Falcon Road, Clapham Junction"
"LINESTRING (-0.16375 51.465064,-0.169821 51.466633", "From Dorothy Road, Clapham Junction to Falcon Road, Clapham Junction"
"LINESTRING (-0.191462 51.501364,-0.169821 51.466633", "From Derry Street, Kensington to Falcon Road, Clapham Junction"
"LINESTRING (-0.176267 51.472876,-0.169821 51.466633", "From Vicarage Crescent, Battersea to Falcon Road, Clapham Junction"
"LINESTRING (-0.167894 51.493184,-0.202038 51.48357", "From Sloane Avenue, Knightsbridge to Coomer Place, West Kensington"
"LINESTRING (-0.179702 51.499428,-0.202038 51.48357", "From Imperial College, Knightsbridge to Coomer Place, West Kensington"
"LINESTRING (-0.191803 51.473611,-0.202038 51.48357", "From Sandilands Road, Walham Green to Coomer Place, West Kensington"
"LINESTRING (-0.20782 51.473471,-0.202038 51.48357", "From Fulham Park Road, Fulham to Coomer Place, West Kensington"
"LINESTRING (-0.214428 51.486062,-0.202038 51.48357", "From Greyhound Road, Hammersmith to Coomer Place, West Kensington"
"LINESTRING (-0.186753 51.491615,-0.202038 51.48357", "From Collingham Gardens, Earl's Court to Coomer Place, West Kensington"
"LINESTRING (-0.183165 51.474665,-0.202038 51.48357", "From Imperial Wharf Station, Sands End to Coomer Place, West Kensington"
"LINESTRING (-0.192369 51.491593,-0.202038 51.48357", "From Penywern Road, Earl's Court to Coomer Place, West Kensington"
"LINESTRING (-0.205279 51.487244,-0.202038 51.48357", "From Star Road, West Kensington to Coomer Place, West Kensington"
"LINESTRING (-0.21985 51.493267,-0.202038 51.48357", "From Hammersmith Road, Hammersmith to Coomer Place, West Kensington"
"LINESTRING (-0.180274 51.481805,-0.202038 51.48357", "From World's End Place, West Chelsea to Coomer Place, West Kensington"
"LINESTRING (-0.202038 51.48357,-0.202038 51.48357", "From Coomer Place, West Kensington to Coomer Place, West Kensington"
"LINESTRING (-0.205991 51.501391,-0.202038 51.48357", "From Abbotsbury Road, Holland Park to Coomer Place, West Kensington"
"LINESTRING (-0.187278 51.475142,-0.202038 51.48357", "From Imperial Road, Sands End to Coomer Place, West Kensington"
"LINESTRING (-0.208485 51.478939,-0.202038 51.48357", "From St. Peter's Terrace, Fulham to Coomer Place, West Kensington"
"LINESTRING (-0.198286 51.493724,-0.202038 51.48357", "From West Cromwell Road, Earl's Court to Coomer Place, West Kensington"
"LINESTRING (-0.225787 51.514767,-0.202038 51.48357", "From BBC White City, White City to Coomer Place, West Kensington"
"LINESTRING (-0.198286 51.493724,-0.202038 51.48357", "From West Cromwell Road, Earl's Court to Coomer Place, West Kensington"
"LINESTRING (-0.222293 51.501594,-0.202038 51.48357", "From Shepherd's Bush Road North, Shepherd's Bush to Coomer Place, West Kensington"
"LINESTRING (-0.216305 51.483356,-0.202038 51.48357", "From Everington Street, Fulham to Coomer Place, West Kensington"
"LINESTRING (-0.19701 51.473763,-0.202038 51.48357", "From Irene Road, Parsons Green to Coomer Place, West Kensington"
"LINESTRING (-0.199135 51.468418,-0.202038 51.48357", "From Broomhouse Lane, Parsons Green to Coomer Place, West Kensington"
"LINESTRING (-0.178656 51.501432,-0.202038 51.48357", "From Kensington Gore, Knightsbridge to Coomer Place, West Kensington"
"LINESTRING (-0.236769 51.494223,-0.202038 51.48357", "From Ravenscourt Park Station, Hammersmith to Coomer Place, West Kensington"
"LINESTRING (-0.222456 51.488144,-0.202038 51.48357", "From Beryl Road, Hammersmith to Coomer Place, West Kensington"
"LINESTRING (-0.193068 51.500397,-0.202038 51.48357", "From Wright's Lane, Kensington to Coomer Place, West Kensington"
"LINESTRING (-0.180274 51.481805,-0.202038 51.48357", "From World's End Place, West Chelsea to Coomer Place, West Kensington"
"LINESTRING (-0.204815 51.484386,-0.202038 51.48357", "From Normand Park, West Kensington to Coomer Place, West Kensington"
"LINESTRING (-0.186753 51.491615,-0.202038 51.48357", "From Collingham Gardens, Earl's Court to Coomer Place, West Kensington"
"LINESTRING (-0.21186 51.483217,-0.202038 51.48357", "From Humbolt Road, Fulham to Coomer Place, West Kensington"
"LINESTRING (-0.167894 51.493184,-0.202038 51.48357", "From Sloane Avenue, Knightsbridge to Coomer Place, West Kensington"
"LINESTRING (-0.178433 51.492479,-0.202038 51.48357", "From Queen's Gate (South), South Kensington to Coomer Place, West Kensington"
"LINESTRING (-0.18267 51.494185,-0.202038 51.48357", "From Gloucester Road Station, South Kensington to Coomer Place, West Kensington"
"LINESTRING (-0.123823 51.501513,-0.202038 51.48357", "From Westminster Pier, Westminster to Coomer Place, West Kensington"
"LINESTRING (-0.191496 51.503157,-0.202038 51.48357", "From Kensington Church Street, Kensington to Coomer Place, West Kensington"
"LINESTRING (-0.184318 51.468819,-0.202038 51.48357", "From William Morris Way, Sands End to Coomer Place, West Kensington"
"LINESTRING (-0.198286 51.493724,-0.202038 51.48357", "From West Cromwell Road, Earl's Court to Coomer Place, West Kensington"
"LINESTRING (-0.191496 51.503157,-0.202038 51.48357", "From Kensington Church Street, Kensington to Coomer Place, West Kensington"
"LINESTRING (-0.139221 51.461388,-0.148059 51.472865", "From Clapham Common Station, Clapham Common to Silverthorne Road, Battersea"
"LINESTRING (-0.165101 51.493583,-0.148059 51.472865", "From Denyer Street, Knightsbridge to Silverthorne Road, Battersea"
"LINESTRING (-0.105593 51.488852,-0.148059 51.472865", "From Kennington Station, Kennington to Silverthorne Road, Battersea"
"LINESTRING (-0.118256 51.47659,-0.148059 51.472865", "From Albert Square, Stockwell to Silverthorne Road, Battersea"
"LINESTRING (-0.170194 51.489716,-0.148059 51.472865", "From St. Luke's Church, Chelsea to Silverthorne Road, Battersea"
"LINESTRING (-0.14296 51.497998,-0.148059 51.472865", "From Warwick Row, Westminster to Silverthorne Road, Battersea"
"LINESTRING (-0.150908 51.47505,-0.148059 51.472865", "From Alfreda Street, Battersea Park to Silverthorne Road, Battersea"
"LINESTRING (-0.170194 51.489716,-0.148059 51.472865", "From St. Luke's Church, Chelsea to Silverthorne Road, Battersea"
"LINESTRING (-0.191462 51.501364,-0.148059 51.472865", "From Derry Street, Kensington to Silverthorne Road, Battersea"
"LINESTRING (-0.147857 51.477966,-0.148059 51.472865", "From Gas Holders, Battersea Park to Silverthorne Road, Battersea"
"LINESTRING (-0.119022 51.469202,-0.148059 51.472865", "From Sidney Road, Stockwell to Silverthorne Road, Battersea"
"LINESTRING (-0.109256 51.526443,-0.148059 51.472865", "From Tysoe Street, Clerkenwell to Silverthorne Road, Battersea"
"LINESTRING (-0.148059 51.472865,-0.148059 51.472865", "From Silverthorne Road, Battersea to Silverthorne Road, Battersea"
"LINESTRING (-0.115781 51.464019,-0.148059 51.472865", "From Ferndale Road, Brixton to Silverthorne Road, Battersea"
"LINESTRING (-0.201968 51.475089,-0.148059 51.472865", "From Parsons Green Station, Parsons Green to Silverthorne Road, Battersea"
"LINESTRING (-0.147478 51.492369,-0.148059 51.472865", "From Elizabeth Bridge, Victoria to Silverthorne Road, Battersea"
"LINESTRING (-0.156166 51.518913,-0.148059 51.472865", "From Baker Street, Marylebone to Silverthorne Road, Battersea"
"LINESTRING (-0.155442 51.474376,-0.148059 51.472865", "From Austin Road, Battersea Park to Silverthorne Road, Battersea"
"LINESTRING (-0.092762 51.500296,-0.117495 51.498241", "From Swan Street, The Borough to Archbishop's Park, Waterloo"
"LINESTRING (-0.096191 51.498597,-0.117495 51.498241", "From Harper Road, The Borough to Archbishop's Park, Waterloo"
"LINESTRING (-0.157788 51.465123,-0.117495 51.498241", "From Sugden Road, Clapham to Archbishop's Park, Waterloo"
"LINESTRING (-0.082422 51.516154,-0.117495 51.498241", "From Wormwood Street, Liverpool Street to Archbishop's Park, Waterloo"
"LINESTRING (-0.057159 51.511088,-0.117495 51.498241", "From Shadwell Station, Shadwell to Archbishop's Park, Waterloo"
"LINESTRING (-0.116628 51.500089,-0.117495 51.498241", "From Lambeth Palace Road, Waterloo to Archbishop's Park, Waterloo"
"LINESTRING (-0.134234 51.494591,-0.117495 51.498241", "From Greycoat Street , Westminster to Archbishop's Park, Waterloo"
"LINESTRING (-0.118256 51.47659,-0.117495 51.498241", "From Albert Square, Stockwell to Archbishop's Park, Waterloo"
"LINESTRING (-0.0786 51.500647,-0.117495 51.498241", "From Tanner Street, Bermondsey to Archbishop's Park, Waterloo"
"LINESTRING (-0.180884 51.459225,-0.117495 51.498241", "From Spanish Road, Clapham Junction to Archbishop's Park, Waterloo"
"LINESTRING (-0.132224 51.49206,-0.117495 51.498241", "From Regency Street, Westminster to Archbishop's Park, Waterloo"
"LINESTRING (-0.04915 51.498439,-0.117495 51.498241", "From Canada Water Station, Rotherhithe to Archbishop's Park, Waterloo"
"LINESTRING (-0.157788 51.465123,-0.117495 51.498241", "From Sugden Road, Clapham to Archbishop's Park, Waterloo"
"LINESTRING (-0.110683 51.484788,-0.117495 51.498241", "From Kennington Road Post Office, Oval to Archbishop's Park, Waterloo"
"LINESTRING (-0.083632 51.502153,-0.117495 51.498241", "From Snowsfields, London Bridge to Archbishop's Park, Waterloo"
"LINESTRING (-0.111435 51.48894,-0.117495 51.498241", "From Kennington Cross, Kennington to Archbishop's Park, Waterloo"
"LINESTRING (-0.158456 51.502953,-0.117495 51.498241", "From Albert Gate, Hyde Park to Archbishop's Park, Waterloo"
"LINESTRING (-0.155442 51.474376,-0.117495 51.498241", "From Austin Road, Battersea Park to Archbishop's Park, Waterloo"
"LINESTRING (-0.115156 51.489479,-0.117495 51.498241", "From Sancroft Street, Vauxhall to Archbishop's Park, Waterloo"
"LINESTRING (-0.140741 51.488057,-0.117495 51.498241", "From Alderney Street, Pimlico to Archbishop's Park, Waterloo"
"LINESTRING (-0.114934 51.49288,-0.117495 51.498241", "From Lollard Street, Vauxhall to Archbishop's Park, Waterloo"
"LINESTRING (-0.149004 51.485821,-0.117495 51.498241", "From Chelsea Bridge, Pimlico to Archbishop's Park, Waterloo"
"LINESTRING (-0.127575 51.495805,-0.117495 51.498241", "From Smith Square, Westminster to Archbishop's Park, Waterloo"
"LINESTRING (-0.132053 51.518587,-0.117495 51.498241", "From Bayley Street , Bloomsbury to Archbishop's Park, Waterloo"
"LINESTRING (-0.129925 51.493072,-0.117495 51.498241", "From Vincent Street, Pimlico to Archbishop's Park, Waterloo"
"LINESTRING (-0.12367 51.471433,-0.117495 51.498241", "From Clapham Road, Lingham Street, Stockwell to Archbishop's Park, Waterloo"
"LINESTRING (-0.077178 51.514449,-0.117495 51.498241", "From Houndsditch, Aldgate to Archbishop's Park, Waterloo"
"LINESTRING (-0.145827 51.507326,-0.117495 51.498241", "From Clarges Street, Mayfair to Archbishop's Park, Waterloo"
"LINESTRING (-0.15213 51.470475,-0.174485 51.469161", "From Stanley Grove, Battersea to Fawcett Close, Battersea"
"LINESTRING (-0.179038 51.479573,-0.174485 51.469161", "From Lots Road, West Chelsea to Fawcett Close, Battersea"
"LINESTRING (-0.192165 51.457529,-0.174485 51.469161", "From Ram Street, Wandsworth to Fawcett Close, Battersea"
"LINESTRING (-0.113179 51.466232,-0.174485 51.469161", "From St John's Crescent, Brixton to Fawcett Close, Battersea"
"LINESTRING (-0.204815 51.484386,-0.174485 51.469161", "From Normand Park, West Kensington to Fawcett Close, Battersea"
"LINESTRING (-0.149035 51.481121,-0.174485 51.469161", "From Sopwith Way, Battersea Park to Fawcett Close, Battersea"
"LINESTRING (-0.196422 51.509353,-0.174485 51.469161", "From Notting Hill Gate Station, Notting Hill to Fawcett Close, Battersea"
"LINESTRING (-0.18119 51.485587,-0.174485 51.469161", "From Limerston Street, West Chelsea to Fawcett Close, Battersea"
"LINESTRING (-0.183834 51.497924,-0.204764 51.519042", "From Gloucester Road (North), Kensington to All Saints' Road, Portobello"
"LINESTRING (-0.147624 51.49395,-0.204764 51.519042", "From Eccleston Place, Victoria to All Saints' Road, Portobello"
"LINESTRING (-0.200838 51.514311,-0.204764 51.519042", "From Turquoise Island, Notting Hill to All Saints' Road, Portobello"
"LINESTRING (-0.187842 51.509908,-0.204764 51.519042", "From Black Lion Gate, Kensington Gardens to All Saints' Road, Portobello"
"LINESTRING (-0.183118 51.515607,-0.204764 51.519042", "From Cleveland Gardens, Bayswater to All Saints' Road, Portobello"
"LINESTRING (-0.18697 51.51616,-0.204764 51.519042", "From Bishop's Bridge Road West, Bayswater to All Saints' Road, Portobello"
"LINESTRING (-0.187842 51.509908,-0.204764 51.519042", "From Black Lion Gate, Kensington Gardens to All Saints' Road, Portobello"
"LINESTRING (-0.17677 51.530889,-0.204764 51.519042", "From Grove End Road, St. John's Wood to All Saints' Road, Portobello"
"LINESTRING (-0.202608 51.51632,-0.204764 51.519042", "From All Saints Church, Portobello to All Saints' Road, Portobello"
"LINESTRING (-0.216016 51.509224,-0.204764 51.519042", "From Rifle Place, Avondale to All Saints' Road, Portobello"
"LINESTRING (-0.174971 51.485121,-0.204764 51.519042", "From The Vale, Chelsea to All Saints' Road, Portobello"
"LINESTRING (-0.19024 51.515529,-0.204764 51.519042", "From Westbourne Grove, Bayswater to All Saints' Road, Portobello"
"LINESTRING (-0.204815 51.484386,-0.223852 51.483732", "From Normand Park, West Kensington to Rainville Road, Hammersmith"
"LINESTRING (-0.106323 51.490757,-0.223852 51.483732", "From Cotton Garden Estate, Kennington to Rainville Road, Hammersmith"
"LINESTRING (-0.215804 51.494347,-0.223852 51.483732", "From Brook Green South, Brook Green to Rainville Road, Hammersmith"
"LINESTRING (-0.215804 51.494347,-0.223852 51.483732", "From Brook Green South, Brook Green to Rainville Road, Hammersmith"
"LINESTRING (-0.215087 51.490217,-0.223852 51.483732", "From Barons Court Station, West Kensington to Rainville Road, Hammersmith"
"LINESTRING (-0.191803 51.473611,-0.223852 51.483732", "From Sandilands Road, Walham Green to Rainville Road, Hammersmith"
"LINESTRING (-0.214428 51.486062,-0.223852 51.483732", "From Greyhound Road, Hammersmith to Rainville Road, Hammersmith"
"LINESTRING (-0.222456 51.488144,-0.223852 51.483732", "From Beryl Road, Hammersmith to Rainville Road, Hammersmith"
"LINESTRING (-0.223616 51.485743,-0.223852 51.483732", "From Manbre Road, Hammersmith to Rainville Road, Hammersmith"
"LINESTRING (-0.229116 51.492084,-0.223852 51.483732", "From Bridge Avenue, Hammersmith to Rainville Road, Hammersmith"
"LINESTRING (-0.204815 51.484386,-0.223852 51.483732", "From Normand Park, West Kensington to Rainville Road, Hammersmith"
"LINESTRING (-0.215087 51.490217,-0.223852 51.483732", "From Barons Court Station, West Kensington to Rainville Road, Hammersmith"
"LINESTRING (-0.215087 51.490217,-0.223852 51.483732", "From Barons Court Station, West Kensington to Rainville Road, Hammersmith"
"LINESTRING (-0.214428 51.486062,-0.223852 51.483732", "From Greyhound Road, Hammersmith to Rainville Road, Hammersmith"
"LINESTRING (-0.216305 51.483356,-0.223852 51.483732", "From Everington Street, Fulham to Rainville Road, Hammersmith"
"LINESTRING (-0.209378 51.489591,-0.223852 51.483732", "From Vereker Road, West Kensington to Rainville Road, Hammersmith"
"LINESTRING (-0.214749 51.473036,-0.223852 51.483732", "From Bishop's Avenue, Fulham to Rainville Road, Hammersmith"
"LINESTRING (-0.229116 51.492084,-0.223852 51.483732", "From Bridge Avenue, Hammersmith to Rainville Road, Hammersmith"
"LINESTRING (-0.099828 51.493146,-0.100292 51.501732", "From Strata, Elephant & Castle to Great Suffolk Street, The Borough"
"LINESTRING (-0.099994 51.522853,-0.100292 51.501732", "From Berry Street, Clerkenwell to Great Suffolk Street, The Borough"
"LINESTRING (-0.132845 51.489975,-0.100292 51.501732", "From Rampayne Street, Pimlico to Great Suffolk Street, The Borough"
"LINESTRING (-0.098031 51.505224,-0.100292 51.501732", "From Lavington Street, Bankside to Great Suffolk Street, The Borough"
"LINESTRING (-0.102996 51.486929,-0.100292 51.501732", "From Doddington Grove, Kennington to Great Suffolk Street, The Borough"
"LINESTRING (-0.178656 51.501432,-0.100292 51.501732", "From Kensington Gore, Knightsbridge to Great Suffolk Street, The Borough"
"LINESTRING (-0.089446 51.497382,-0.100292 51.501732", "From Great Dover Street, The Borough to Great Suffolk Street, The Borough"
"LINESTRING (-0.101384 51.49652,-0.100292 51.501732", "From Ontario Street, Elephant & Castle to Great Suffolk Street, The Borough"
"LINESTRING (-0.116191 51.535467,-0.100292 51.501732", "From Carnegie Street, King's Cross to Great Suffolk Street, The Borough"
"LINESTRING (-0.098031 51.505224,-0.100292 51.501732", "From Lavington Street, Bankside to Great Suffolk Street, The Borough"
"LINESTRING (-0.154907 51.522481,-0.100292 51.501732", "From Westminster University, Marylebone to Great Suffolk Street, The Borough"
"LINESTRING (-0.041378 51.522507,-0.100292 51.501732", "From Queen Mary's, Mile End to Great Suffolk Street, The Borough"
"LINESTRING (-0.089446 51.497382,-0.100292 51.501732", "From Great Dover Street, The Borough to Great Suffolk Street, The Borough"
"LINESTRING (-0.08974 51.500823,-0.100292 51.501732", "From Empire Square, The Borough to Great Suffolk Street, The Borough"
"LINESTRING (-0.09644 51.507385,-0.100292 51.501732", "From New Globe Walk, Bankside to Great Suffolk Street, The Borough"
"LINESTRING (-0.09022 51.491484,-0.100292 51.501732", "From Rodney Road , Walworth to Great Suffolk Street, The Borough"
"LINESTRING (-0.099828 51.493146,-0.100292 51.501732", "From Strata, Elephant & Castle to Great Suffolk Street, The Borough"
"LINESTRING (-0.105596 51.505342,-0.100292 51.501732", "From Colombo Street, Southwark to Great Suffolk Street, The Borough"
"LINESTRING (-0.124469 51.485917,-0.100292 51.501732", "From Vauxhall Cross, Vauxhall to Great Suffolk Street, The Borough"
"LINESTRING (-0.091773 51.504627,-0.100292 51.501732", "From Hop Exchange, The Borough to Great Suffolk Street, The Borough"
"LINESTRING (-0.106237 51.507244,-0.100292 51.501732", "From Milroy Walk, South Bank to Great Suffolk Street, The Borough"
"LINESTRING (-0.101536 51.49217,-0.100292 51.501732", "From Hampton Street, Walworth to Great Suffolk Street, The Borough"
"LINESTRING (-0.102996 51.486929,-0.100292 51.501732", "From Doddington Grove, Kennington to Great Suffolk Street, The Borough"
"LINESTRING (-0.115375 51.460232,-0.100292 51.501732", "From Saltoun Road, Brixton to Great Suffolk Street, The Borough"
"LINESTRING (-0.153463 51.525367,-0.137424 51.498865", "From The Tennis Courts, The Regent's Park to Buckingham Gate, Westminster"
"LINESTRING (-0.159237 51.501855,-0.137424 51.498865", "From Seville Street, Knightsbridge to Buckingham Gate, Westminster"
"LINESTRING (-0.111606 51.505569,-0.137424 51.498865", "From Stamford Street, South Bank to Buckingham Gate, Westminster"
"LINESTRING (-0.13151 51.509639,-0.137424 51.498865", "From Panton Street, West End to Buckingham Gate, Westminster"
"LINESTRING (-0.157436 51.512276,-0.137424 51.498865", "From Green Street, Mayfair to Buckingham Gate, Westminster"
"LINESTRING (-0.137424 51.498865,-0.137424 51.498865", "From Buckingham Gate, Westminster to Buckingham Gate, Westminster"
"LINESTRING (-0.13558 51.513684,-0.137424 51.498865", "From Broadwick Street, Soho to Buckingham Gate, Westminster"
"LINESTRING (-0.111606 51.505569,-0.137424 51.498865", "From Stamford Street, South Bank to Buckingham Gate, Westminster"
"LINESTRING (-0.137424 51.498865,-0.137424 51.498865", "From Buckingham Gate, Westminster to Buckingham Gate, Westminster"
"LINESTRING (-0.108322 51.510981,-0.137424 51.498865", "From Temple Gardens, Temple to Buckingham Gate, Westminster"
"LINESTRING (-0.139221 51.461388,-0.137424 51.498865", "From Clapham Common Station, Clapham Common to Buckingham Gate, Westminster"
"LINESTRING (-0.137424 51.498865,-0.137424 51.498865", "From Buckingham Gate, Westminster to Buckingham Gate, Westminster"
"LINESTRING (-0.179702 51.499428,-0.137424 51.498865", "From Imperial College, Knightsbridge to Buckingham Gate, Westminster"
"LINESTRING (-0.137424 51.498865,-0.137424 51.498865", "From Buckingham Gate, Westminster to Buckingham Gate, Westminster"
"LINESTRING (-0.21819 51.511486,-0.137424 51.498865", "From Evesham Street, Avondale to Buckingham Gate, Westminster"
"LINESTRING (-0.139221 51.461388,-0.137424 51.498865", "From Clapham Common Station, Clapham Common to Buckingham Gate, Westminster"
"LINESTRING (-0.110121 51.488105,-0.137424 51.498865", "From Cleaver Street, Kennington to Buckingham Gate, Westminster"
"LINESTRING (-0.134621 51.507424,-0.137424 51.498865", "From St. James's Square, St. James's to Buckingham Gate, Westminster"
"LINESTRING (-0.218337 51.506256,-0.137424 51.498865", "From Westfield Southern Terrace ,Shepherd's Bush to Buckingham Gate, Westminster"
"LINESTRING (-0.120903 51.488124,-0.137424 51.498865", "From Vauxhall Walk, Vauxhall to Buckingham Gate, Westminster"
"LINESTRING (-0.074754 51.523648,-0.137424 51.498865", "From Bethnal Green Road, Shoreditch to Buckingham Gate, Westminster"
"LINESTRING (-0.170279 51.506451,-0.137424 51.498865", "From Triangle Car Park, Hyde Park to Buckingham Gate, Westminster"
"LINESTRING (-0.124469 51.485917,-0.137424 51.498865", "From Vauxhall Cross, Vauxhall to Buckingham Gate, Westminster"
"LINESTRING (-0.13151 51.509639,-0.137424 51.498865", "From Panton Street, West End to Buckingham Gate, Westminster"
"LINESTRING (-0.134621 51.507424,-0.137424 51.498865", "From St. James's Square, St. James's to Buckingham Gate, Westminster"
"LINESTRING (-0.157436 51.512276,-0.137424 51.498865", "From Green Street, Mayfair to Buckingham Gate, Westminster"
"LINESTRING (-0.137424 51.498865,-0.137424 51.498865", "From Buckingham Gate, Westminster to Buckingham Gate, Westminster"
"LINESTRING (-0.17524 51.48902,-0.137424 51.498865", "From South Parade, Chelsea to Buckingham Gate, Westminster"
"LINESTRING (-0.114079 51.522264,-0.137424 51.498865", "From Northington Street , Holborn to Buckingham Gate, Westminster"
"LINESTRING (-0.208565 51.515108,-0.217515 51.500353", "From Blenheim Crescent, Ladbroke Grove to Richmond Way, Shepherd's Bush"
"LINESTRING (-0.194757 51.493343,-0.217515 51.500353", "From Nevern Place, Earl's Court to Richmond Way, Shepherd's Bush"
"LINESTRING (-0.179702 51.499428,-0.217515 51.500353", "From Imperial College, Knightsbridge to Richmond Way, Shepherd's Bush"
"LINESTRING (-0.217515 51.500353,-0.217515 51.500353", "From Richmond Way, Shepherd's Bush to Richmond Way, Shepherd's Bush"
"LINESTRING (-0.171103 51.518268,-0.217515 51.500353", "From St Mary's Hospital, Paddington to Richmond Way, Shepherd's Bush"
"LINESTRING (-0.205535 51.507481,-0.217515 51.500353", "From Lansdowne Road, Ladbroke Grove to Richmond Way, Shepherd's Bush"
"LINESTRING (-0.217515 51.500353,-0.217515 51.500353", "From Richmond Way, Shepherd's Bush to Richmond Way, Shepherd's Bush"
"LINESTRING (-0.219486 51.512981,-0.217515 51.500353", "From Freston Road, Avondale to Richmond Way, Shepherd's Bush"
"LINESTRING (-0.155525 51.516204,-0.217515 51.500353", "From Portman Square, Marylebone to Richmond Way, Shepherd's Bush"
"LINESTRING (-0.221791 51.49968,-0.217515 51.500353", "From Blythe Road West, Shepherd's Bush to Richmond Way, Shepherd's Bush"
"LINESTRING (-0.236769 51.494223,-0.217515 51.500353", "From Ravenscourt Park Station, Hammersmith to Richmond Way, Shepherd's Bush"
"LINESTRING (-0.20464 51.470131,-0.217515 51.500353", "From Hurlingham Park, Parsons Green to Richmond Way, Shepherd's Bush"
"LINESTRING (-0.179702 51.499428,-0.217515 51.500353", "From Imperial College, Knightsbridge to Richmond Way, Shepherd's Bush"
"LINESTRING (-0.221791 51.49968,-0.217515 51.500353", "From Blythe Road West, Shepherd's Bush to Richmond Way, Shepherd's Bush"
"LINESTRING (-0.218337 51.506256,-0.217515 51.500353", "From Westfield Southern Terrace ,Shepherd's Bush to Richmond Way, Shepherd's Bush"
"LINESTRING (-0.196274 51.46904,-0.196274 51.46904", "From Peterborough Road, Sands End to Peterborough Road, Sands End"
"LINESTRING (-0.185273 51.481765,-0.196274 51.46904", "From Hortensia Road, West Brompton to Peterborough Road, Sands End"
"LINESTRING (-0.15213 51.470475,-0.196274 51.46904", "From Stanley Grove, Battersea to Peterborough Road, Sands End"
"LINESTRING (-0.161203 51.496886,-0.196274 51.46904", "From Pont Street, Knightsbridge to Peterborough Road, Sands End"
"LINESTRING (-0.184318 51.468819,-0.196274 51.46904", "From William Morris Way, Sands End to Peterborough Road, Sands End"
"LINESTRING (-0.190393 51.490163,-0.196274 51.46904", "From Bramham Gardens, Earl's Court to Peterborough Road, Sands End"
"LINESTRING (-0.180389 51.46517,-0.196274 51.46904", "From Hibbert Street, Battersea to Peterborough Road, Sands End"
"LINESTRING (-0.214749 51.473036,-0.196274 51.46904", "From Bishop's Avenue, Fulham to Peterborough Road, Sands End"
"LINESTRING (-0.205876 51.475698,-0.180274 51.481805", "From Chesilton Road, Fulham to World's End Place, West Chelsea"
"LINESTRING (-0.201968 51.475089,-0.180274 51.481805", "From Parsons Green Station, Parsons Green to World's End Place, West Chelsea"
"LINESTRING (-0.142207 51.485357,-0.180274 51.481805", "From Grosvenor Road, Pimlico to World's End Place, West Chelsea"
"LINESTRING (-0.163347 51.474392,-0.180274 51.481805", "From Albert Bridge Road, Battersea Park to World's End Place, West Chelsea"
"LINESTRING (-0.192538 51.504723,-0.180274 51.481805", "From Vicarage Gate, Kensington to World's End Place, West Chelsea"
"LINESTRING (-0.219486 51.512981,-0.180274 51.481805", "From Freston Road, Avondale to World's End Place, West Chelsea"
"LINESTRING (-0.19701 51.473763,-0.180274 51.481805", "From Irene Road, Parsons Green to World's End Place, West Chelsea"
"LINESTRING (-0.222456 51.488144,-0.180274 51.481805", "From Beryl Road, Hammersmith to World's End Place, West Chelsea"
"LINESTRING (-0.18119 51.485587,-0.180274 51.481805", "From Limerston Street, West Chelsea to World's End Place, West Chelsea"
"LINESTRING (-0.173881 51.494412,-0.180274 51.481805", "From South Kensington Station, South Kensington to World's End Place, West Chelsea"
"LINESTRING (-0.18267 51.494185,-0.180274 51.481805", "From Gloucester Road Station, South Kensington to World's End Place, West Chelsea"
"LINESTRING (-0.190603 51.493631,-0.180274 51.481805", "From Knaresborough Place, Earl's Court to World's End Place, West Chelsea"
"LINESTRING (-0.150817 51.505426,-0.180274 51.481805", "From Park Lane, Mayfair to World's End Place, West Chelsea"
"LINESTRING (-0.175407 51.462305,-0.180274 51.481805", "From Plough Terrace, Clapham Junction to World's End Place, West Chelsea"
"LINESTRING (-0.170703 51.470847,-0.180274 51.481805", "From Simpson Street, Clapham Junction to World's End Place, West Chelsea"
"LINESTRING (-0.194116 51.479932,-0.180274 51.481805", "From Fulham Broadway, Walham Green to World's End Place, West Chelsea"
"LINESTRING (-0.175407 51.462305,-0.180274 51.481805", "From Plough Terrace, Clapham Junction to World's End Place, West Chelsea"
"LINESTRING (-0.185273 51.481765,-0.180274 51.481805", "From Hortensia Road, West Brompton to World's End Place, West Chelsea"
"LINESTRING (-0.156876 51.49313,-0.180274 51.481805", "From Sedding Street, Sloane Square to World's End Place, West Chelsea"
"LINESTRING (-0.19701 51.473763,-0.180274 51.481805", "From Irene Road, Parsons Green to World's End Place, West Chelsea"
"LINESTRING (-0.179369 51.487196,-0.180274 51.481805", "From Drayton Gardens, West Chelsea to World's End Place, West Chelsea"
"LINESTRING (-0.229116 51.492084,-0.180274 51.481805", "From Bridge Avenue, Hammersmith to World's End Place, West Chelsea"
"LINESTRING (-0.202038 51.48357,-0.180274 51.481805", "From Coomer Place, West Kensington to World's End Place, West Chelsea"
"LINESTRING (-0.190393 51.490163,-0.180274 51.481805", "From Bramham Gardens, Earl's Court to World's End Place, West Chelsea"
"LINESTRING (-0.18119 51.485587,-0.180274 51.481805", "From Limerston Street, West Chelsea to World's End Place, West Chelsea"
"LINESTRING (-0.149004 51.485821,-0.180274 51.481805", "From Chelsea Bridge, Pimlico to World's End Place, West Chelsea"
"LINESTRING (-0.165101 51.493583,-0.180274 51.481805", "From Denyer Street, Knightsbridge to World's End Place, West Chelsea"
"LINESTRING (-0.18267 51.494185,-0.180274 51.481805", "From Gloucester Road Station, South Kensington to World's End Place, West Chelsea"
"LINESTRING (-0.218337 51.506256,-0.213872 51.51687", "From Westfield Southern Terrace ,Shepherd's Bush to St. Mark's Road, North Kensington"
"LINESTRING (-0.191462 51.501364,-0.213872 51.51687", "From Derry Street, Kensington to St. Mark's Road, North Kensington"
"LINESTRING (-0.205535 51.507481,-0.213872 51.51687", "From Lansdowne Road, Ladbroke Grove to St. Mark's Road, North Kensington"
"LINESTRING (-0.191803 51.473611,-0.213872 51.51687", "From Sandilands Road, Walham Green to St. Mark's Road, North Kensington"
"LINESTRING (-0.200804 51.520509,-0.213872 51.51687", "From The Metropolitan, Portobello to St. Mark's Road, North Kensington"
"LINESTRING (-0.19617 51.490853,-0.213872 51.51687", "From Trebovir Road, Earl's Court to St. Mark's Road, North Kensington"
"LINESTRING (-0.172528 51.533043,-0.213872 51.51687", "From Wellington Road, St. John's Wood to St. Mark's Road, North Kensington"
"LINESTRING (-0.205921 51.511624,-0.213872 51.51687", "From Ladbroke Grove Central, Ladbroke Grove to St. Mark's Road, North Kensington"
"LINESTRING (-0.218337 51.506256,-0.213872 51.51687", "From Westfield Southern Terrace ,Shepherd's Bush to St. Mark's Road, North Kensington"
"LINESTRING (-0.210941 51.504199,-0.213872 51.51687", "From Addison Road, Holland Park to St. Mark's Road, North Kensington"
"LINESTRING (-0.205284 51.496712,-0.213872 51.51687", "From Warwick Road, Olympia to St. Mark's Road, North Kensington"
"LINESTRING (-0.179668 51.511654,-0.213872 51.51687", "From Lancaster Gate , Bayswater to St. Mark's Road, North Kensington"
"LINESTRING (-0.18697 51.51616,-0.213872 51.51687", "From Bishop's Bridge Road West, Bayswater to St. Mark's Road, North Kensington"
"LINESTRING (-0.196422 51.509353,-0.213872 51.51687", "From Notting Hill Gate Station, Notting Hill to St. Mark's Road, North Kensington"
"LINESTRING (-0.205284 51.496712,-0.213872 51.51687", "From Warwick Road, Olympia to St. Mark's Road, North Kensington"
"LINESTRING (-0.183853 51.480898,-0.213872 51.51687", "From Thorndike Close, West Chelsea to St. Mark's Road, North Kensington"
"LINESTRING (-0.18498 51.501737,-0.213872 51.51687", "From De Vere Gardens, Kensington to St. Mark's Road, North Kensington"
"LINESTRING (-0.202608 51.51632,-0.213872 51.51687", "From All Saints Church, Portobello to St. Mark's Road, North Kensington"
"LINESTRING (-0.193764 51.508605,-0.213872 51.51687", "From Palace Gardens Terrace, Notting Hill to St. Mark's Road, North Kensington"
"LINESTRING (-0.142345 51.510662,-0.213872 51.51687", "From Clifford Street, Mayfair to St. Mark's Road, North Kensington"
"LINESTRING (-0.197574 51.499606,-0.213872 51.51687", "From Phillimore Gardens, Kensington to St. Mark's Road, North Kensington"
"LINESTRING (-0.075885 51.536585,-0.213872 51.51687", "From Dunston Road , Haggerston to St. Mark's Road, North Kensington"
"LINESTRING (-0.166221 51.490714,-0.183853 51.480898", "From Chelsea Green, Chelsea to Thorndike Close, West Chelsea"
"LINESTRING (-0.202038 51.48357,-0.183853 51.480898", "From Coomer Place, West Kensington to Thorndike Close, West Chelsea"
"LINESTRING (-0.179369 51.487196,-0.183853 51.480898", "From Drayton Gardens, West Chelsea to Thorndike Close, West Chelsea"
"LINESTRING (-0.21555 51.463211,-0.183853 51.480898", "From Montserrat Road , Putney to Thorndike Close, West Chelsea"
"LINESTRING (-0.165471 51.498884,-0.183853 51.480898", "From Montpelier Street, Knightsbridge to Thorndike Close, West Chelsea"
"LINESTRING (-0.187404 51.487958,-0.183853 51.480898", "From Harcourt Terrace, West Brompton to Thorndike Close, West Chelsea"
"LINESTRING (-0.092754 51.505974,-0.183853 51.480898", "From Park Street, Bankside to Thorndike Close, West Chelsea"
"LINESTRING (-0.189155 51.477292,-0.183853 51.480898", "From Michael Road, Walham Green to Thorndike Close, West Chelsea"
"LINESTRING (-0.179038 51.479573,-0.183853 51.480898", "From Lots Road, West Chelsea to Thorndike Close, West Chelsea"
"LINESTRING (-0.164786 51.477292,-0.183853 51.480898", "From Ethelburga Estate, Battersea Park to Thorndike Close, West Chelsea"
"LINESTRING (-0.132845 51.489975,-0.183853 51.480898", "From Rampayne Street, Pimlico to Thorndike Close, West Chelsea"
"LINESTRING (-0.211468 51.462312,-0.183853 51.480898", "From Esmond Street, Putney to Thorndike Close, West Chelsea"
"LINESTRING (-0.18119 51.485587,-0.183853 51.480898", "From Limerston Street, West Chelsea to Thorndike Close, West Chelsea"
"LINESTRING (-0.210941 51.504199,-0.21819 51.511486", "From Addison Road, Holland Park to Evesham Street, Avondale"
"LINESTRING (-0.204764 51.519042,-0.21819 51.511486", "From All Saints' Road, Portobello to Evesham Street, Avondale"
"LINESTRING (-0.210941 51.504199,-0.21819 51.511486", "From Addison Road, Holland Park to Evesham Street, Avondale"
"LINESTRING (-0.191462 51.501364,-0.21819 51.511486", "From Derry Street, Kensington to Evesham Street, Avondale"
"LINESTRING (-0.217515 51.500353,-0.21819 51.511486", "From Richmond Way, Shepherd's Bush to Evesham Street, Avondale"
"LINESTRING (-0.192538 51.504723,-0.21819 51.511486", "From Vicarage Gate, Kensington to Evesham Street, Avondale"
"LINESTRING (-0.221791 51.49968,-0.21819 51.511486", "From Blythe Road West, Shepherd's Bush to Evesham Street, Avondale"
"LINESTRING (-0.218337 51.506256,-0.21819 51.511486", "From Westfield Southern Terrace ,Shepherd's Bush to Evesham Street, Avondale"
"LINESTRING (-0.205921 51.511624,-0.21819 51.511486", "From Ladbroke Grove Central, Ladbroke Grove to Evesham Street, Avondale"
"LINESTRING (-0.21985 51.493267,-0.21819 51.511486", "From Hammersmith Road, Hammersmith to Evesham Street, Avondale"
"LINESTRING (-0.209121 51.491026,-0.21819 51.511486", "From Gwendwr Road, West Kensington to Evesham Street, Avondale"
"LINESTRING (-0.191803 51.473611,-0.170703 51.470847", "From Sandilands Road, Walham Green to Simpson Street, Clapham Junction"
"LINESTRING (-0.150908 51.47505,-0.170703 51.470847", "From Alfreda Street, Battersea Park to Simpson Street, Clapham Junction"
"LINESTRING (-0.150908 51.47505,-0.170703 51.470847", "From Alfreda Street, Battersea Park to Simpson Street, Clapham Junction"
"LINESTRING (-0.19701 51.473763,-0.170703 51.470847", "From Irene Road, Parsons Green to Simpson Street, Clapham Junction"
"LINESTRING (-0.139221 51.461388,-0.170703 51.470847", "From Clapham Common Station, Clapham Common to Simpson Street, Clapham Junction"
"LINESTRING (-0.139221 51.461388,-0.170703 51.470847", "From Clapham Common Station, Clapham Common to Simpson Street, Clapham Junction"
"LINESTRING (-0.17021 51.474535,-0.170703 51.470847", "From Orbel Street, Battersea to Simpson Street, Clapham Junction"
"LINESTRING (-0.192165 51.457529,-0.170703 51.470847", "From Ram Street, Wandsworth to Simpson Street, Clapham Junction"
"LINESTRING (-0.192165 51.457529,-0.170703 51.470847", "From Ram Street, Wandsworth to Simpson Street, Clapham Junction"
"LINESTRING (-0.136123 51.482362,-0.170703 51.470847", "From Riverlight North, Nine Elms to Simpson Street, Clapham Junction"
"LINESTRING (-0.169821 51.466633,-0.170703 51.470847", "From Falcon Road, Clapham Junction to Simpson Street, Clapham Junction"
"LINESTRING (-0.141327 51.520253,-0.170703 51.470847", "From Great Titchfield Street, Fitzrovia to Simpson Street, Clapham Junction"
"LINESTRING (-0.176267 51.472876,-0.170703 51.470847", "From Vicarage Crescent, Battersea to Simpson Street, Clapham Junction"
"LINESTRING (-0.147804 51.461376,-0.170703 51.470847", "From Victoria Rise, Clapham Common to Simpson Street, Clapham Junction"
"LINESTRING (-0.170703 51.470847,-0.170703 51.470847", "From Simpson Street, Clapham Junction to Simpson Street, Clapham Junction"
"LINESTRING (-0.161203 51.496886,-0.170703 51.470847", "From Pont Street, Knightsbridge to Simpson Street, Clapham Junction"
"LINESTRING (-0.149551 51.477619,-0.170703 51.470847", "From Queen's Circus, Battersea Park to Simpson Street, Clapham Junction"
"LINESTRING (-0.149035 51.481121,-0.170703 51.470847", "From Sopwith Way, Battersea Park to Simpson Street, Clapham Junction"
"LINESTRING (-0.136123 51.482362,-0.170703 51.470847", "From Riverlight North, Nine Elms to Simpson Street, Clapham Junction"
"LINESTRING (-0.191722 51.461083,-0.170703 51.470847", "From Smugglers Way, Wandsworth to Simpson Street, Clapham Junction"
"LINESTRING (-0.167894 51.493184,-0.170703 51.470847", "From Sloane Avenue, Knightsbridge to Simpson Street, Clapham Junction"
"LINESTRING (-0.176267 51.472876,-0.170703 51.470847", "From Vicarage Crescent, Battersea to Simpson Street, Clapham Junction"
"LINESTRING (-0.106237 51.507244,-0.170703 51.470847", "From Milroy Walk, South Bank to Simpson Street, Clapham Junction"
"LINESTRING (-0.135478 51.495827,-0.170703 51.470847", "From Rochester Row, Westminster to Simpson Street, Clapham Junction"
"LINESTRING (-0.147478 51.492369,-0.170703 51.470847", "From Elizabeth Bridge, Victoria to Simpson Street, Clapham Junction"
"LINESTRING (-0.191803 51.473611,-0.170703 51.470847", "From Sandilands Road, Walham Green to Simpson Street, Clapham Junction"
"LINESTRING (-0.184318 51.468819,-0.170703 51.470847", "From William Morris Way, Sands End to Simpson Street, Clapham Junction"
"LINESTRING (-0.215895 51.476885,-0.170703 51.470847", "From Finlay Street, Fulham to Simpson Street, Clapham Junction"
"LINESTRING (-0.169821 51.466633,-0.170703 51.470847", "From Falcon Road, Clapham Junction to Simpson Street, Clapham Junction"
"LINESTRING (-0.150908 51.47505,-0.170703 51.470847", "From Alfreda Street, Battersea Park to Simpson Street, Clapham Junction"
"LINESTRING (-0.192165 51.457529,-0.170703 51.470847", "From Ram Street, Wandsworth to Simpson Street, Clapham Junction"
"LINESTRING (-0.138733 51.496753,-0.170703 51.470847", "From Howick Place, Westminster to Simpson Street, Clapham Junction"
"LINESTRING (-0.192165 51.457529,-0.170703 51.470847", "From Ram Street, Wandsworth to Simpson Street, Clapham Junction"
"LINESTRING (-0.146544 51.468669,-0.170703 51.470847", "From Heath Road, Battersea to Simpson Street, Clapham Junction"
"LINESTRING (-0.13544 51.497829,-0.117661 51.482678", "From Butler Place, Westminster to Ashmole Estate, Oval"
"LINESTRING (-0.147983 51.519167,-0.117661 51.482678", "From New Cavendish Street, Marylebone to Ashmole Estate, Oval"
"LINESTRING (-0.102996 51.486929,-0.117661 51.482678", "From Doddington Grove, Kennington to Ashmole Estate, Oval"
"LINESTRING (-0.133201 51.512515,-0.117661 51.482678", "From Wardour Street, Soho to Ashmole Estate, Oval"
"LINESTRING (-0.132845 51.489975,-0.117661 51.482678", "From Rampayne Street, Pimlico to Ashmole Estate, Oval"
"LINESTRING (-0.085666 51.499075,-0.117661 51.482678", "From Long Lane , Bermondsey to Ashmole Estate, Oval"
"LINESTRING (-0.110683 51.484788,-0.117661 51.482678", "From Kennington Road Post Office, Oval to Ashmole Estate, Oval"
"LINESTRING (-0.114605 51.495656,-0.117661 51.482678", "From Sail Street, Vauxhall to Ashmole Estate, Oval"
"LINESTRING (-0.124642 51.481747,-0.117661 51.482678", "From South Lambeth Road, Vauxhall to Ashmole Estate, Oval"
"LINESTRING (-0.117661 51.482678,-0.117661 51.482678", "From Ashmole Estate, Oval to Ashmole Estate, Oval"
"LINESTRING (-0.118256 51.47659,-0.117661 51.482678", "From Albert Square, Stockwell to Ashmole Estate, Oval"
"LINESTRING (-0.07962 51.503493,-0.117661 51.482678", "From Tooley Street, Bermondsey to Ashmole Estate, Oval"
"LINESTRING (-0.122831 51.472509,-0.117661 51.482678", "From Binfield Road, Stockwell to Ashmole Estate, Oval"
"LINESTRING (-0.113864 51.504027,-0.117661 51.482678", "From Waterloo Station 1, Waterloo to Ashmole Estate, Oval"
"LINESTRING (-0.123702 51.506767,-0.117661 51.482678", "From Northumberland Avenue, Strand to Ashmole Estate, Oval"
"LINESTRING (-0.122492 51.486343,-0.117661 51.482678", "From Kennington Lane Rail Bridge, Vauxhall to Ashmole Estate, Oval"
"LINESTRING (-0.114686 51.506133,-0.117661 51.482678", "From Belvedere Road 1, South Bank to Ashmole Estate, Oval"
"LINESTRING (-0.117122 51.490994,-0.117661 51.482678", "From Black Prince Road, Vauxhall to Ashmole Estate, Oval"
"LINESTRING (-0.126874 51.47787,-0.117661 51.482678", "From Hartington Road, Stockwell to Ashmole Estate, Oval"
"LINESTRING (-0.122492 51.486343,-0.117661 51.482678", "From Kennington Lane Rail Bridge, Vauxhall to Ashmole Estate, Oval"
"LINESTRING (-0.126874 51.47787,-0.117661 51.482678", "From Hartington Road, Stockwell to Ashmole Estate, Oval"
"LINESTRING (-0.126874 51.47787,-0.117661 51.482678", "From Hartington Road, Stockwell to Ashmole Estate, Oval"
"LINESTRING (-0.082989 51.510484,-0.117661 51.482678", "From Great Tower Street, Monument to Ashmole Estate, Oval"
"LINESTRING (-0.171103 51.518268,-0.117661 51.482678", "From St Mary's Hospital, Paddington to Ashmole Estate, Oval"
"LINESTRING (-0.122831 51.472509,-0.117661 51.482678", "From Binfield Road, Stockwell to Ashmole Estate, Oval"
"LINESTRING (-0.201968 51.475089,-0.219346 51.482944", "From Parsons Green Station, Parsons Green to Crabtree Lane, Fulham"
"LINESTRING (-0.209378 51.489591,-0.219346 51.482944", "From Vereker Road, West Kensington to Crabtree Lane, Fulham"
"LINESTRING (-0.21186 51.483217,-0.219346 51.482944", "From Humbolt Road, Fulham to Crabtree Lane, Fulham"
"LINESTRING (-0.210279 51.468814,-0.219346 51.482944", "From Putney Bridge Station, Fulham to Crabtree Lane, Fulham"
"LINESTRING (-0.20782 51.473471,-0.219346 51.482944", "From Fulham Park Road, Fulham to Crabtree Lane, Fulham"
"LINESTRING (-0.204815 51.484386,-0.219346 51.482944", "From Normand Park, West Kensington to Crabtree Lane, Fulham"
"LINESTRING (-0.204815 51.484386,-0.219346 51.482944", "From Normand Park, West Kensington to Crabtree Lane, Fulham"
"LINESTRING (-0.178732 51.493967,-0.219346 51.482944", "From Queen's Gate (Central), South Kensington to Crabtree Lane, Fulham"
"LINESTRING (-0.225787 51.514767,-0.219346 51.482944", "From BBC White City, White City to Crabtree Lane, Fulham"
"LINESTRING (-0.197609 51.483911,-0.219346 51.482944", "From Halford Road, West Kensington to Crabtree Lane, Fulham"
"LINESTRING (-0.195197 51.454752,-0.219346 51.482944", "From Neville Gill Close, Wandsworth to Crabtree Lane, Fulham"
"LINESTRING (-0.215087 51.490217,-0.219346 51.482944", "From Barons Court Station, West Kensington to Crabtree Lane, Fulham"
"LINESTRING (-0.191462 51.501364,-0.219346 51.482944", "From Derry Street, Kensington to Crabtree Lane, Fulham"
"LINESTRING (-0.20782 51.473471,-0.219346 51.482944", "From Fulham Park Road, Fulham to Crabtree Lane, Fulham"
"LINESTRING (-0.18119 51.485587,-0.219346 51.482944", "From Limerston Street, West Chelsea to Crabtree Lane, Fulham"
"LINESTRING (-0.20782 51.473471,-0.219346 51.482944", "From Fulham Park Road, Fulham to Crabtree Lane, Fulham"
"LINESTRING (-0.178732 51.493967,-0.219346 51.482944", "From Queen's Gate (Central), South Kensington to Crabtree Lane, Fulham"
"LINESTRING (-0.191933 51.495866,-0.219346 51.482944", "From Lexham Gardens, Kensington to Crabtree Lane, Fulham"
"LINESTRING (-0.173881 51.494412,-0.219346 51.482944", "From South Kensington Station, South Kensington to Crabtree Lane, Fulham"
"LINESTRING (-0.202038 51.48357,-0.219346 51.482944", "From Coomer Place, West Kensington to Crabtree Lane, Fulham"
"LINESTRING (-0.174411 51.511933,-0.199135 51.468418", "From Bayswater Road, Hyde Park to Broomhouse Lane, Parsons Green"
"LINESTRING (-0.147203 51.515308,-0.199135 51.468418", "From Chapel Place, Marylebone to Broomhouse Lane, Parsons Green"
"LINESTRING (-0.21186 51.483217,-0.199135 51.468418", "From Humbolt Road, Fulham to Broomhouse Lane, Parsons Green"
"LINESTRING (-0.165297 51.461923,-0.199135 51.468418", "From Limburg Road, Clapham Junction to Broomhouse Lane, Parsons Green"
"LINESTRING (-0.187427 51.460864,-0.199135 51.468418", "From Wandsworth Town Station, Wandsworth to Broomhouse Lane, Parsons Green"
"LINESTRING (-0.179702 51.499428,-0.199135 51.468418", "From Imperial College, Knightsbridge to Broomhouse Lane, Parsons Green"
"LINESTRING (-0.190346 51.46822,-0.199135 51.468418", "From Stephendale Road, Sands End to Broomhouse Lane, Parsons Green"
"LINESTRING (-0.190346 51.46822,-0.199135 51.468418", "From Stephendale Road, Sands End to Broomhouse Lane, Parsons Green"
"LINESTRING (-0.205284 51.496712,-0.221791 51.49968", "From Warwick Road, Olympia to Blythe Road West, Shepherd's Bush"
"LINESTRING (-0.205284 51.496712,-0.221791 51.49968", "From Warwick Road, Olympia to Blythe Road West, Shepherd's Bush"
"LINESTRING (-0.228188 51.494499,-0.221791 51.49968", "From Southerton Road, Hammersmith to Blythe Road West, Shepherd's Bush"
"LINESTRING (-0.221791 51.49968,-0.221791 51.49968", "From Blythe Road West, Shepherd's Bush to Blythe Road West, Shepherd's Bush"
"LINESTRING (-0.201968 51.475089,-0.221791 51.49968", "From Parsons Green Station, Parsons Green to Blythe Road West, Shepherd's Bush"
"LINESTRING (-0.205279 51.487244,-0.221791 51.49968", "From Star Road, West Kensington to Blythe Road West, Shepherd's Bush"
"LINESTRING (-0.21985 51.493267,-0.221791 51.49968", "From Hammersmith Road, Hammersmith to Blythe Road West, Shepherd's Bush"
"LINESTRING (-0.200838 51.514311,-0.221791 51.49968", "From Turquoise Island, Notting Hill to Blythe Road West, Shepherd's Bush"
"LINESTRING (-0.208486 51.506465,-0.221791 51.49968", "From Princedale Road , Holland Park to Blythe Road West, Shepherd's Bush"
"LINESTRING (-0.217515 51.500353,-0.221791 51.49968", "From Richmond Way, Shepherd's Bush to Blythe Road West, Shepherd's Bush"
"LINESTRING (-0.193068 51.500397,-0.221791 51.49968", "From Wright's Lane, Kensington to Blythe Road West, Shepherd's Bush"
"LINESTRING (-0.219486 51.512981,-0.221791 51.49968", "From Freston Road, Avondale to Blythe Road West, Shepherd's Bush"
"LINESTRING (-0.138212 51.481335,-0.164786 51.477292", "From Riverlight South, Nine Elms to Ethelburga Estate, Battersea Park"
"LINESTRING (-0.169249 51.515953,-0.164786 51.477292", "From Southwick Street, Paddington to Ethelburga Estate, Battersea Park"
"LINESTRING (-0.183853 51.480898,-0.164786 51.477292", "From Thorndike Close, West Chelsea to Ethelburga Estate, Battersea Park"
"LINESTRING (-0.163041 51.470538,-0.164786 51.477292", "From Sheepcote Lane, Battersea to Ethelburga Estate, Battersea Park"
"LINESTRING (-0.17306 51.505014,-0.164786 51.477292", "From Serpentine Car Park, Hyde Park to Ethelburga Estate, Battersea Park"
"LINESTRING (-0.147857 51.477966,-0.164786 51.477292", "From Gas Holders, Battersea Park to Ethelburga Estate, Battersea Park"
"LINESTRING (-0.16375 51.465064,-0.164786 51.477292", "From Dorothy Road, Clapham Junction to Ethelburga Estate, Battersea Park"
"LINESTRING (-0.144228 51.518117,-0.164786 51.477292", "From Broadcasting House, Marylebone to Ethelburga Estate, Battersea Park"
"LINESTRING (-0.103078 51.511934,-0.164786 51.477292", "From Blackfriars Station, St. Paul's to Ethelburga Estate, Battersea Park"
"LINESTRING (-0.199783 51.472817,-0.164786 51.477292", "From Parson's Green , Parson's Green to Ethelburga Estate, Battersea Park"
"LINESTRING (-0.149551 51.477619,-0.164786 51.477292", "From Queen's Circus, Battersea Park to Ethelburga Estate, Battersea Park"
"LINESTRING (-0.173693 51.495948,-0.164786 51.477292", "From Exhibition Road Museums 2, South Kensington to Ethelburga Estate, Battersea Park"
"LINESTRING (-0.157788 51.465123,-0.164786 51.477292", "From Sugden Road, Clapham to Ethelburga Estate, Battersea Park"
"LINESTRING (-0.14177 51.479501,-0.164786 51.477292", "From Battersea Park Road, Nine Elms to Ethelburga Estate, Battersea Park"
"LINESTRING (-0.17524 51.48902,-0.164786 51.477292", "From South Parade, Chelsea to Ethelburga Estate, Battersea Park"
"LINESTRING (-0.166878 51.488023,-0.164786 51.477292", "From Flood Street, Chelsea to Ethelburga Estate, Battersea Park"
"LINESTRING (-0.162418 51.490083,-0.164786 51.477292", "From Royal Avenue 2, Chelsea to Ethelburga Estate, Battersea Park"
"LINESTRING (-0.138089 51.484839,-0.164786 51.477292", "From Claverton Street, Pimlico to Ethelburga Estate, Battersea Park"
"LINESTRING (-0.169821 51.466633,-0.164786 51.477292", "From Falcon Road, Clapham Junction to Ethelburga Estate, Battersea Park"
"LINESTRING (-0.162727 51.489932,-0.164786 51.477292", "From Royal Avenue 1, Chelsea to Ethelburga Estate, Battersea Park"
"LINESTRING (-0.155442 51.474376,-0.164786 51.477292", "From Austin Road, Battersea Park to Ethelburga Estate, Battersea Park"
"LINESTRING (-0.14177 51.479501,-0.164786 51.477292", "From Battersea Park Road, Nine Elms to Ethelburga Estate, Battersea Park"
"LINESTRING (-0.0786 51.500647,-0.164786 51.477292", "From Tanner Street, Bermondsey to Ethelburga Estate, Battersea Park"
"LINESTRING (-0.122492 51.486343,-0.164786 51.477292", "From Kennington Lane Rail Bridge, Vauxhall to Ethelburga Estate, Battersea Park"
"LINESTRING (-0.178433 51.492479,-0.164786 51.477292", "From Queen's Gate (South), South Kensington to Ethelburga Estate, Battersea Park"
"LINESTRING (-0.146544 51.468669,-0.164786 51.477292", "From Heath Road, Battersea to Ethelburga Estate, Battersea Park"
"LINESTRING (-0.166878 51.488023,-0.164786 51.477292", "From Flood Street, Chelsea to Ethelburga Estate, Battersea Park"
"LINESTRING (-0.166878 51.488023,-0.164786 51.477292", "From Flood Street, Chelsea to Ethelburga Estate, Battersea Park"
"LINESTRING (-0.149551 51.477619,-0.164786 51.477292", "From Queen's Circus, Battersea Park to Ethelburga Estate, Battersea Park"
"LINESTRING (-0.139221 51.461388,-0.164786 51.477292", "From Clapham Common Station, Clapham Common to Ethelburga Estate, Battersea Park"
"LINESTRING (-0.164786 51.477292,-0.164786 51.477292", "From Ethelburga Estate, Battersea Park to Ethelburga Estate, Battersea Park"
"LINESTRING (-0.13151 51.509639,-0.164786 51.477292", "From Panton Street, West End to Ethelburga Estate, Battersea Park"
"LINESTRING (-0.164786 51.477292,-0.164786 51.477292", "From Ethelburga Estate, Battersea Park to Ethelburga Estate, Battersea Park"
"LINESTRING (-0.13558 51.513684,-0.103078 51.511934", "From Broadwick Street, Soho to Blackfriars Station, St. Paul's"
"LINESTRING (-0.13011 51.513527,-0.103078 51.511934", "From Moor Street, Soho to Blackfriars Station, St. Paul's"
"LINESTRING (-0.144132 51.493204,-0.103078 51.511934", "From Belgrave Road, Victoria to Blackfriars Station, St. Paul's"
"LINESTRING (-0.137043 51.511897,-0.103078 51.511934", "From Golden Square, Soho to Blackfriars Station, St. Paul's"
"LINESTRING (-0.076793 51.513406,-0.103078 51.511934", "From Jewry Street, Aldgate to Blackfriars Station, St. Paul's"
"LINESTRING (-0.092762 51.500296,-0.103078 51.511934", "From Swan Street, The Borough to Blackfriars Station, St. Paul's"
"LINESTRING (-0.10454 51.505461,-0.103078 51.511934", "From Blackfriars Road, Southwark to Blackfriars Station, St. Paul's"
"LINESTRING (-0.163609 51.51809,-0.103078 51.511934", "From Shouldham Street, Marylebone to Blackfriars Station, St. Paul's"
"LINESTRING (-0.047784 51.51328,-0.103078 51.511934", "From Albert Gardens, Stepney to Blackfriars Station, St. Paul's"
"LINESTRING (-0.055167 51.508447,-0.103078 51.511934", "From Garnet Street, Shadwell to Blackfriars Station, St. Paul's"
"LINESTRING (-0.170329 51.477684,-0.103078 51.511934", "From Westbridge Road, Battersea to Blackfriars Station, St. Paul's"
"LINESTRING (-0.099141 51.512484,-0.103078 51.511934", "From Godliman Street, St. Paul's to Blackfriars Station, St. Paul's"
"LINESTRING (-0.09294 51.511553,-0.103078 51.511934", "From Queen Street 1, Bank to Blackfriars Station, St. Paul's"
"LINESTRING (-0.120202 51.523346,-0.103078 51.511934", "From Guilford Street , Bloomsbury to Blackfriars Station, St. Paul's"
"LINESTRING (-0.113426 51.503919,-0.103078 51.511934", "From Waterloo Station 2, Waterloo to Blackfriars Station, St. Paul's"
"LINESTRING (-0.084605 51.521283,-0.103078 51.511934", "From Christopher Street, Liverpool Street to Blackfriars Station, St. Paul's"
"LINESTRING (-0.096317 51.526008,-0.103078 51.511934", "From Finsbury Leisure Centre, St. Luke's to Blackfriars Station, St. Paul's"
"LINESTRING (-0.191462 51.501364,-0.103078 51.511934", "From Derry Street, Kensington to Blackfriars Station, St. Paul's"
"LINESTRING (-0.09734 51.520841,-0.103078 51.511934", "From Aldersgate Street, Barbican to Blackfriars Station, St. Paul's"
"LINESTRING (-0.149035 51.481121,-0.103078 51.511934", "From Sopwith Way, Battersea Park to Blackfriars Station, St. Paul's"
"LINESTRING (-0.074754 51.523648,-0.103078 51.511934", "From Bethnal Green Road, Shoreditch to Blackfriars Station, St. Paul's"
"LINESTRING (-0.087587 51.514441,-0.103078 51.511934", "From Bank of England Museum, Bank to Blackfriars Station, St. Paul's"
"LINESTRING (-0.158264 51.514577,-0.103078 51.511934", "From Old Quebec Street, Marylebone to Blackfriars Station, St. Paul's"
"LINESTRING (-0.124749 51.509462,-0.103078 51.511934", "From William IV Street, Strand to Blackfriars Station, St. Paul's"
"LINESTRING (-0.06111 51.518675,-0.103078 51.511934", "From Royal London Hospital, Whitechapel to Blackfriars Station, St. Paul's"
"LINESTRING (-0.163347 51.474392,-0.103078 51.511934", "From Albert Bridge Road, Battersea Park to Blackfriars Station, St. Paul's"
"LINESTRING (-0.123179 51.506543,-0.103078 51.511934", "From Whitehall Place, Strand to Blackfriars Station, St. Paul's"
"LINESTRING (-0.039264 51.521564,-0.103078 51.511934", "From Harford Street, Mile End to Blackfriars Station, St. Paul's"
"LINESTRING (-0.116279 51.524564,-0.103078 51.511934", "From Wren Street, Holborn to Blackfriars Station, St. Paul's"
"LINESTRING (-0.124749 51.509462,-0.103078 51.511934", "From William IV Street, Strand to Blackfriars Station, St. Paul's"
"LINESTRING (-0.07813 51.526377,-0.103078 51.511934", "From Shoreditch High Street, Shoreditch to Blackfriars Station, St. Paul's"
"LINESTRING (-0.079249 51.518908,-0.103078 51.511934", "From Brushfield Street, Liverpool Street to Blackfriars Station, St. Paul's"
"LINESTRING (-0.09294 51.511553,-0.103078 51.511934", "From Queen Street 1, Bank to Blackfriars Station, St. Paul's"
"LINESTRING (-0.112824 51.503791,-0.103078 51.511934", "From Waterloo Station 3, Waterloo to Blackfriars Station, St. Paul's"
"LINESTRING (-0.121394 51.493699,-0.103078 51.511934", "From Fire Brigade Pier, Vauxhall to Blackfriars Station, St. Paul's"
"LINESTRING (-0.17581 51.517335,-0.206029 51.49087", "From South Wharf Road, Paddington to West Kensington Station, West Kensington"
"LINESTRING (-0.149569 51.50274,-0.206029 51.49087", "From Wellington Arch, Hyde Park to West Kensington Station, West Kensington"
"LINESTRING (-0.192369 51.491593,-0.206029 51.49087", "From Penywern Road, Earl's Court to West Kensington Station, West Kensington"
"LINESTRING (-0.1844 51.502042,-0.206029 51.49087", "From Palace Gate, Kensington Gardens to West Kensington Station, West Kensington"
"LINESTRING (-0.197245 51.497387,-0.206029 51.49087", "From Abingdon Villas, Kensington to West Kensington Station, West Kensington"
"LINESTRING (-0.165668 51.524561,-0.206029 51.49087", "From Broadley Terrace, Marylebone to West Kensington Station, West Kensington"
"LINESTRING (-0.179077 51.495592,-0.206029 51.49087", "From Natural History Museum, South Kensington to West Kensington Station, West Kensington"
"LINESTRING (-0.174554 51.499917,-0.206029 51.49087", "From Exhibition Road, Knightsbridge to West Kensington Station, West Kensington"
"LINESTRING (-0.200742 51.502319,-0.206029 51.49087", "From Holland Park, Kensington to West Kensington Station, West Kensington"
"LINESTRING (-0.158264 51.514577,-0.206029 51.49087", "From Old Quebec Street, Marylebone to West Kensington Station, West Kensington"
"LINESTRING (-0.151359 51.522008,-0.206029 51.49087", "From Beaumont Street, Marylebone to West Kensington Station, West Kensington"
"LINESTRING (-0.183853 51.480898,-0.206029 51.49087", "From Thorndike Close, West Chelsea to West Kensington Station, West Kensington"
"LINESTRING (-0.179077 51.495592,-0.206029 51.49087", "From Natural History Museum, South Kensington to West Kensington Station, West Kensington"
"LINESTRING (-0.185273 51.481765,-0.206029 51.49087", "From Hortensia Road, West Brompton to West Kensington Station, West Kensington"
"LINESTRING (-0.200804 51.520509,-0.202608 51.51632", "From The Metropolitan, Portobello to All Saints Church, Portobello"
"LINESTRING (-0.15934 51.500241,-0.202608 51.51632", "From Harriet Street, Knightsbridge to All Saints Church, Portobello"
"LINESTRING (-0.18697 51.51616,-0.202608 51.51632", "From Bishop's Bridge Road West, Bayswater to All Saints Church, Portobello"
"LINESTRING (-0.196422 51.509353,-0.202608 51.51632", "From Notting Hill Gate Station, Notting Hill to All Saints Church, Portobello"
"LINESTRING (-0.228188 51.494499,-0.202608 51.51632", "From Southerton Road, Hammersmith to All Saints Church, Portobello"
"LINESTRING (-0.215804 51.494347,-0.202608 51.51632", "From Brook Green South, Brook Green to All Saints Church, Portobello"
"LINESTRING (-0.15352 51.503117,-0.202608 51.51632", "From Hyde Park Corner, Hyde Park to All Saints Church, Portobello"
"LINESTRING (-0.21819 51.511486,-0.202608 51.51632", "From Evesham Street, Avondale to All Saints Church, Portobello"
"LINESTRING (-0.183846 51.523344,-0.202608 51.51632", "From Warwick Avenue Station, Maida Vale to All Saints Church, Portobello"
"LINESTRING (-0.176645 51.518622,-0.202608 51.51632", "From North Wharf Road, Paddington to All Saints Church, Portobello"
"LINESTRING (-0.188098 51.517919,-0.202608 51.51632", "From Gloucester Terrace, Bayswater to All Saints Church, Portobello"
"LINESTRING (-0.171103 51.518268,-0.202608 51.51632", "From St Mary's Hospital, Paddington to All Saints Church, Portobello"
"LINESTRING (-0.170983 51.486892,-0.202608 51.51632", "From Manresa Road, Chelsea to All Saints Church, Portobello"
"LINESTRING (-0.200804 51.520509,-0.202608 51.51632", "From The Metropolitan, Portobello to All Saints Church, Portobello"
"LINESTRING (-0.236769 51.494223,-0.202608 51.51632", "From Ravenscourt Park Station, Hammersmith to All Saints Church, Portobello"
"LINESTRING (-0.196422 51.509353,-0.202608 51.51632", "From Notting Hill Gate Station, Notting Hill to All Saints Church, Portobello"
"LINESTRING (-0.196422 51.509353,-0.202608 51.51632", "From Notting Hill Gate Station, Notting Hill to All Saints Church, Portobello"
"LINESTRING (-0.187402 51.51031,-0.202608 51.51632", "From Queensway, Kensington Gardens to All Saints Church, Portobello"
"LINESTRING (-0.196422 51.509353,-0.202608 51.51632", "From Notting Hill Gate Station, Notting Hill to All Saints Church, Portobello"
"LINESTRING (-0.151296 51.50923,-0.202608 51.51632", "From South Audley Street, Mayfair to All Saints Church, Portobello"
"LINESTRING (-0.196422 51.509353,-0.202608 51.51632", "From Notting Hill Gate Station, Notting Hill to All Saints Church, Portobello"
"LINESTRING (-0.192538 51.504723,-0.202608 51.51632", "From Vicarage Gate, Kensington to All Saints Church, Portobello"
"LINESTRING (-0.214762 51.5129,-0.202608 51.51632", "From Grenfell Road, Avondale to All Saints Church, Portobello"
"LINESTRING (-0.176645 51.518622,-0.202608 51.51632", "From North Wharf Road, Paddington to All Saints Church, Portobello"
"LINESTRING (-0.196422 51.509353,-0.202608 51.51632", "From Notting Hill Gate Station, Notting Hill to All Saints Church, Portobello"
"LINESTRING (-0.192538 51.504723,-0.202608 51.51632", "From Vicarage Gate, Kensington to All Saints Church, Portobello"
"LINESTRING (-0.187402 51.51031,-0.202608 51.51632", "From Queensway, Kensington Gardens to All Saints Church, Portobello"
"LINESTRING (-0.187402 51.51031,-0.202608 51.51632", "From Queensway, Kensington Gardens to All Saints Church, Portobello"
"LINESTRING (-0.197524 51.511084,-0.202608 51.51632", "From Pembridge Villas, Notting Hill to All Saints Church, Portobello"
"LINESTRING (-0.196422 51.509353,-0.202608 51.51632", "From Notting Hill Gate Station, Notting Hill to All Saints Church, Portobello"
"LINESTRING (-0.211358 51.510101,-0.202608 51.51632", "From Walmer Road, Avondale to All Saints Church, Portobello"
"LINESTRING (-0.163347 51.474392,-0.167919 51.484984", "From Albert Bridge Road, Battersea Park to Phene Street, Chelsea"
"LINESTRING (-0.169821 51.466633,-0.167919 51.484984", "From Falcon Road, Clapham Junction to Phene Street, Chelsea"
"LINESTRING (-0.09294 51.511553,-0.167919 51.484984", "From Queen Street 1, Bank to Phene Street, Chelsea"
"LINESTRING (-0.167919 51.484984,-0.167919 51.484984", "From Phene Street, Chelsea to Phene Street, Chelsea"
"LINESTRING (-0.192538 51.504723,-0.167919 51.484984", "From Vicarage Gate, Kensington to Phene Street, Chelsea"
"LINESTRING (-0.147478 51.492369,-0.167919 51.484984", "From Elizabeth Bridge, Victoria to Phene Street, Chelsea"
"LINESTRING (-0.164786 51.477292,-0.167919 51.484984", "From Ethelburga Estate, Battersea Park to Phene Street, Chelsea"
"LINESTRING (-0.13151 51.509639,-0.167919 51.484984", "From Panton Street, West End to Phene Street, Chelsea"
"LINESTRING (-0.183834 51.497924,-0.167919 51.484984", "From Gloucester Road (North), Kensington to Phene Street, Chelsea"
"LINESTRING (-0.193487 51.513735,-0.167919 51.484984", "From Hereford Road, Bayswater to Phene Street, Chelsea"
"LINESTRING (-0.179038 51.479573,-0.167919 51.484984", "From Lots Road, West Chelsea to Phene Street, Chelsea"
"LINESTRING (-0.156876 51.49313,-0.167919 51.484984", "From Sedding Street, Sloane Square to Phene Street, Chelsea"
"LINESTRING (-0.14177 51.479501,-0.167919 51.484984", "From Battersea Park Road, Nine Elms to Phene Street, Chelsea"
"LINESTRING (-0.117122 51.490994,-0.167919 51.484984", "From Black Prince Road, Vauxhall to Phene Street, Chelsea"
"LINESTRING (-0.142844 51.506613,-0.167919 51.484984", "From Green Park Station, Mayfair to Phene Street, Chelsea"
"LINESTRING (-0.167919 51.484984,-0.167919 51.484984", "From Phene Street, Chelsea to Phene Street, Chelsea"
"LINESTRING (-0.180246 51.501026,-0.167919 51.484984", "From Queen's Gate (North), Kensington to Phene Street, Chelsea"
"LINESTRING (-0.18267 51.494185,-0.167919 51.484984", "From Gloucester Road Station, South Kensington to Phene Street, Chelsea"
"LINESTRING (-0.183165 51.474665,-0.167919 51.484984", "From Imperial Wharf Station, Sands End to Phene Street, Chelsea"
"LINESTRING (-0.142207 51.485357,-0.167919 51.484984", "From Grosvenor Road, Pimlico to Phene Street, Chelsea"
"LINESTRING (-0.147478 51.492369,-0.167919 51.484984", "From Elizabeth Bridge, Victoria to Phene Street, Chelsea"
"LINESTRING (-0.201968 51.475089,-0.167919 51.484984", "From Parsons Green Station, Parsons Green to Phene Street, Chelsea"
"LINESTRING (-0.085814 51.495061,-0.167919 51.484984", "From Bricklayers Arms, Borough to Phene Street, Chelsea"
"LINESTRING (-0.105312 51.504043,-0.167919 51.484984", "From Southwark Station 1, Southwark to Phene Street, Chelsea"
"LINESTRING (-0.114605 51.495656,-0.167919 51.484984", "From Sail Street, Vauxhall to Phene Street, Chelsea"
"LINESTRING (-0.130908 51.464995,-0.167919 51.484984", "From Gauden Road, Clapham to Phene Street, Chelsea"
"LINESTRING (-0.18267 51.494185,-0.167919 51.484984", "From Gloucester Road Station, South Kensington to Phene Street, Chelsea"
"LINESTRING (-0.201968 51.475089,-0.167919 51.484984", "From Parsons Green Station, Parsons Green to Phene Street, Chelsea"
"LINESTRING (-0.111435 51.48894,-0.167919 51.484984", "From Kennington Cross, Kennington to Phene Street, Chelsea"
"LINESTRING (-0.211593 51.51323,-0.211593 51.51323", "From Clarendon Road, Avondale to Clarendon Road, Avondale"
"LINESTRING (-0.193764 51.508605,-0.211593 51.51323", "From Palace Gardens Terrace, Notting Hill to Clarendon Road, Avondale"
"LINESTRING (-0.202608 51.51632,-0.211593 51.51323", "From All Saints Church, Portobello to Clarendon Road, Avondale"
"LINESTRING (-0.150481 51.51217,-0.211593 51.51323", "From Grosvenor Square, Mayfair to Clarendon Road, Avondale"
"LINESTRING (-0.208486 51.506465,-0.211593 51.51323", "From Princedale Road , Holland Park to Clarendon Road, Avondale"
"LINESTRING (-0.191496 51.503157,-0.211593 51.51323", "From Kensington Church Street, Kensington to Clarendon Road, Avondale"
"LINESTRING (-0.158456 51.502953,-0.211593 51.51323", "From Albert Gate, Hyde Park to Clarendon Road, Avondale"
"LINESTRING (-0.208888 51.5212,-0.211593 51.51323", "From Bevington Road West, North Kensington to Clarendon Road, Avondale"
"LINESTRING (-0.208485 51.478939,-0.211593 51.51323", "From St. Peter's Terrace, Fulham to Clarendon Road, Avondale"
"LINESTRING (-0.208565 51.515108,-0.211593 51.51323", "From Blenheim Crescent, Ladbroke Grove to Clarendon Road, Avondale"
"LINESTRING (-0.211593 51.51323,-0.211593 51.51323", "From Clarendon Road, Avondale to Clarendon Road, Avondale"
"LINESTRING (-0.217515 51.500353,-0.211593 51.51323", "From Richmond Way, Shepherd's Bush to Clarendon Road, Avondale"
"LINESTRING (-0.170279 51.506451,-0.211593 51.51323", "From Triangle Car Park, Hyde Park to Clarendon Road, Avondale"
"LINESTRING (-0.208888 51.5212,-0.211593 51.51323", "From Bevington Road West, North Kensington to Clarendon Road, Avondale"
"LINESTRING (-0.18119 51.485587,-0.155442 51.474376", "From Limerston Street, West Chelsea to Austin Road, Battersea Park"
"LINESTRING (-0.201968 51.475089,-0.155442 51.474376", "From Parsons Green Station, Parsons Green to Austin Road, Battersea Park"
"LINESTRING (-0.194116 51.479932,-0.155442 51.474376", "From Fulham Broadway, Walham Green to Austin Road, Battersea Park"
"LINESTRING (-0.14177 51.479501,-0.155442 51.474376", "From Battersea Park Road, Nine Elms to Austin Road, Battersea Park"
"LINESTRING (-0.14177 51.479501,-0.155442 51.474376", "From Battersea Park Road, Nine Elms to Austin Road, Battersea Park"
"LINESTRING (-0.116628 51.500089,-0.155442 51.474376", "From Lambeth Palace Road, Waterloo to Austin Road, Battersea Park"
"LINESTRING (-0.18119 51.485587,-0.155442 51.474376", "From Limerston Street, West Chelsea to Austin Road, Battersea Park"
"LINESTRING (-0.108322 51.510981,-0.155442 51.474376", "From Temple Gardens, Temple to Austin Road, Battersea Park"
"LINESTRING (-0.172293 51.467454,-0.155442 51.474376", "From Ingrave Street, Clapham Junction to Austin Road, Battersea Park"
"LINESTRING (-0.148059 51.472865,-0.155442 51.474376", "From Silverthorne Road, Battersea to Austin Road, Battersea Park"
"LINESTRING (-0.174554 51.499917,-0.155442 51.474376", "From Exhibition Road, Knightsbridge to Austin Road, Battersea Park"
"LINESTRING (-0.164786 51.477292,-0.155442 51.474376", "From Ethelburga Estate, Battersea Park to Austin Road, Battersea Park"
"LINESTRING (-0.14296 51.497998,-0.155442 51.474376", "From Warwick Row, Westminster to Austin Road, Battersea Park"
"LINESTRING (-0.18119 51.485587,-0.155442 51.474376", "From Limerston Street, West Chelsea to Austin Road, Battersea Park"
"LINESTRING (-0.131773 51.506633,-0.155442 51.474376", "From Waterloo Place, St. James's to Austin Road, Battersea Park"
"LINESTRING (-0.146544 51.468669,-0.155442 51.474376", "From Heath Road, Battersea to Austin Road, Battersea Park"
"LINESTRING (-0.184806 51.457991,-0.155442 51.474376", "From Alma Road, Wandsworth to Austin Road, Battersea Park"
"LINESTRING (-0.200667 51.460951,-0.155442 51.474376", "From Northfields, Wandsworth to Austin Road, Battersea Park"
"LINESTRING (-0.169821 51.466633,-0.155442 51.474376", "From Falcon Road, Clapham Junction to Austin Road, Battersea Park"
"LINESTRING (-0.172293 51.467454,-0.155442 51.474376", "From Ingrave Street, Clapham Junction to Austin Road, Battersea Park"
"LINESTRING (-0.180246 51.501026,-0.155442 51.474376", "From Queen's Gate (North), Kensington to Austin Road, Battersea Park"
"LINESTRING (-0.195777 51.479463,-0.155442 51.474376", "From Erin Close, Walham Green to Austin Road, Battersea Park"
"LINESTRING (-0.171103 51.518268,-0.155442 51.474376", "From St Mary's Hospital, Paddington to Austin Road, Battersea Park"
"LINESTRING (-0.131773 51.506633,-0.155442 51.474376", "From Waterloo Place, St. James's to Austin Road, Battersea Park"
"LINESTRING (-0.163347 51.474392,-0.155442 51.474376", "From Albert Bridge Road, Battersea Park to Austin Road, Battersea Park"
"LINESTRING (-0.152248 51.467185,-0.155442 51.474376", "From Ashley Crescent, Battersea to Austin Road, Battersea Park"
"LINESTRING (-0.156876 51.49313,-0.155442 51.474376", "From Sedding Street, Sloane Square to Austin Road, Battersea Park"
"LINESTRING (-0.124469 51.485917,-0.155442 51.474376", "From Vauxhall Cross, Vauxhall to Austin Road, Battersea Park"
"LINESTRING (-0.131773 51.506633,-0.155442 51.474376", "From Waterloo Place, St. James's to Austin Road, Battersea Park"
"LINESTRING (-0.170329 51.477684,-0.155442 51.474376", "From Westbridge Road, Battersea to Austin Road, Battersea Park"
"LINESTRING (-0.17524 51.48902,-0.155442 51.474376", "From South Parade, Chelsea to Austin Road, Battersea Park"
"LINESTRING (-0.136123 51.482362,-0.155442 51.474376", "From Riverlight North, Nine Elms to Austin Road, Battersea Park"
"LINESTRING (-0.155442 51.474376,-0.155442 51.474376", "From Austin Road, Battersea Park to Austin Road, Battersea Park"
"LINESTRING (-0.139221 51.461388,-0.155442 51.474376", "From Clapham Common Station, Clapham Common to Austin Road, Battersea Park"
"LINESTRING (-0.147714 51.483507,-0.155442 51.474376", "From Battersea Power Station, Battersea Park to Austin Road, Battersea Park"
"LINESTRING (-0.194116 51.479932,-0.155442 51.474376", "From Fulham Broadway, Walham Green to Austin Road, Battersea Park"
"LINESTRING (-0.183165 51.474665,-0.155442 51.474376", "From Imperial Wharf Station, Sands End to Austin Road, Battersea Park"
"LINESTRING (-0.111014 51.493686,-0.155442 51.474376", "From Walnut Tree Walk, Vauxhall to Austin Road, Battersea Park"
"LINESTRING (-0.192165 51.457529,-0.155442 51.474376", "From Ram Street, Wandsworth to Austin Road, Battersea Park"
"LINESTRING (-0.155442 51.474376,-0.155442 51.474376", "From Austin Road, Battersea Park to Austin Road, Battersea Park"
"LINESTRING (-0.158105 51.494645,-0.155442 51.474376", "From Cadogan Place, Knightsbridge to Austin Road, Battersea Park"
"LINESTRING (-0.163347 51.474392,-0.155442 51.474376", "From Albert Bridge Road, Battersea Park to Austin Road, Battersea Park"
"LINESTRING (-0.190346 51.46822,-0.155442 51.474376", "From Stephendale Road, Sands End to Austin Road, Battersea Park"
"LINESTRING (-0.155442 51.474376,-0.155442 51.474376", "From Austin Road, Battersea Park to Austin Road, Battersea Park"
"LINESTRING (-0.191722 51.461083,-0.155442 51.474376", "From Smugglers Way, Wandsworth to Austin Road, Battersea Park"
"LINESTRING (-0.164786 51.477292,-0.155442 51.474376", "From Ethelburga Estate, Battersea Park to Austin Road, Battersea Park"
"LINESTRING (-0.170329 51.477684,-0.155442 51.474376", "From Westbridge Road, Battersea to Austin Road, Battersea Park"
"LINESTRING (-0.170329 51.477684,-0.191722 51.461083", "From Westbridge Road, Battersea to Smugglers Way, Wandsworth"
"LINESTRING (-0.200667 51.460951,-0.191722 51.461083", "From Northfields, Wandsworth to Smugglers Way, Wandsworth"
"LINESTRING (-0.17021 51.474535,-0.191722 51.461083", "From Orbel Street, Battersea to Smugglers Way, Wandsworth"
"LINESTRING (-0.17524 51.48902,-0.191722 51.461083", "From South Parade, Chelsea to Smugglers Way, Wandsworth"
"LINESTRING (-0.174554 51.499917,-0.191722 51.461083", "From Exhibition Road, Knightsbridge to Smugglers Way, Wandsworth"
"LINESTRING (-0.216526 51.460717,-0.191722 51.461083", "From Putney Rail Station, Putney to Smugglers Way, Wandsworth"
"LINESTRING (-0.168292 51.462392,-0.191722 51.461083", "From St. John's Road, Clapham Junction to Smugglers Way, Wandsworth"
"LINESTRING (-0.170703 51.470847,-0.191722 51.461083", "From Simpson Street, Clapham Junction to Smugglers Way, Wandsworth"
"LINESTRING (-0.216573 51.466907,-0.191722 51.461083", "From Putney Pier, Wandsworth to Smugglers Way, Wandsworth"
"LINESTRING (-0.175407 51.462305,-0.191722 51.461083", "From Plough Terrace, Clapham Junction to Smugglers Way, Wandsworth"
"LINESTRING (-0.222456 51.488144,-0.191722 51.461083", "From Beryl Road, Hammersmith to Smugglers Way, Wandsworth"
"LINESTRING (-0.170329 51.477684,-0.191722 51.461083", "From Westbridge Road, Battersea to Smugglers Way, Wandsworth"
"LINESTRING (-0.159322 51.461343,-0.191722 51.461083", "From Clapham Common North Side, Clapham Common to Smugglers Way, Wandsworth"
"LINESTRING (-0.174347 51.476964,-0.191722 51.461083", "From Battersea Church Road, Battersea to Smugglers Way, Wandsworth"
"LINESTRING (-0.159237 51.501855,-0.191722 51.461083", "From Seville Street, Knightsbridge to Smugglers Way, Wandsworth"
"LINESTRING (-0.216573 51.466907,-0.222293 51.501594", "From Putney Pier, Wandsworth to Shepherd's Bush Road North, Shepherd's Bush"
"LINESTRING (-0.222293 51.501594,-0.222293 51.501594", "From Shepherd's Bush Road North, Shepherd's Bush to Shepherd's Bush Road North, Shepherd's Bush"
"LINESTRING (-0.15352 51.503117,-0.222293 51.501594", "From Hyde Park Corner, Hyde Park to Shepherd's Bush Road North, Shepherd's Bush"
"LINESTRING (-0.2174 51.504038,-0.222293 51.501594", "From Woodstock Grove, Shepherd's Bush to Shepherd's Bush Road North, Shepherd's Bush"
"LINESTRING (-0.201968 51.475089,-0.222293 51.501594", "From Parsons Green Station, Parsons Green to Shepherd's Bush Road North, Shepherd's Bush"
"LINESTRING (-0.15352 51.503117,-0.222293 51.501594", "From Hyde Park Corner, Hyde Park to Shepherd's Bush Road North, Shepherd's Bush"
"LINESTRING (-0.204815 51.484386,-0.222293 51.501594", "From Normand Park, West Kensington to Shepherd's Bush Road North, Shepherd's Bush"
"LINESTRING (-0.215804 51.494347,-0.222293 51.501594", "From Brook Green South, Brook Green to Shepherd's Bush Road North, Shepherd's Bush"
"LINESTRING (-0.197524 51.511084,-0.222293 51.501594", "From Pembridge Villas, Notting Hill to Shepherd's Bush Road North, Shepherd's Bush"
"LINESTRING (-0.174347 51.476964,-0.222293 51.501594", "From Battersea Church Road, Battersea to Shepherd's Bush Road North, Shepherd's Bush"
"LINESTRING (-0.109914 51.531666,-0.222293 51.501594", "From Claremont Square, Angel to Shepherd's Bush Road North, Shepherd's Bush"
"LINESTRING (-0.205284 51.496712,-0.222293 51.501594", "From Warwick Road, Olympia to Shepherd's Bush Road North, Shepherd's Bush"
"LINESTRING (-0.21819 51.511486,-0.222293 51.501594", "From Evesham Street, Avondale to Shepherd's Bush Road North, Shepherd's Bush"
"LINESTRING (-0.202608 51.51632,-0.222293 51.501594", "From All Saints Church, Portobello to Shepherd's Bush Road North, Shepherd's Bush"
"LINESTRING (-0.197245 51.497387,-0.222293 51.501594", "From Abingdon Villas, Kensington to Shepherd's Bush Road North, Shepherd's Bush"
"LINESTRING (-0.202038 51.48357,-0.222293 51.501594", "From Coomer Place, West Kensington to Shepherd's Bush Road North, Shepherd's Bush"
"LINESTRING (-0.216573 51.466907,-0.222293 51.501594", "From Putney Pier, Wandsworth to Shepherd's Bush Road North, Shepherd's Bush"
"LINESTRING (-0.170194 51.489716,-0.222293 51.501594", "From St. Luke's Church, Chelsea to Shepherd's Bush Road North, Shepherd's Bush"
"LINESTRING (-0.197574 51.499606,-0.222293 51.501594", "From Phillimore Gardens, Kensington to Shepherd's Bush Road North, Shepherd's Bush"
"LINESTRING (-0.204815 51.484386,-0.222293 51.501594", "From Normand Park, West Kensington to Shepherd's Bush Road North, Shepherd's Bush"
"LINESTRING (-0.192369 51.491593,-0.222293 51.501594", "From Penywern Road, Earl's Court to Shepherd's Bush Road North, Shepherd's Bush"
"LINESTRING (-0.197609 51.483911,-0.222293 51.501594", "From Halford Road, West Kensington to Shepherd's Bush Road North, Shepherd's Bush"
"LINESTRING (-0.197609 51.483911,-0.236769 51.494223", "From Halford Road, West Kensington to Ravenscourt Park Station, Hammersmith"
"LINESTRING (-0.224103 51.509158,-0.236769 51.494223", "From Westfield Ariel Way, White City to Ravenscourt Park Station, Hammersmith"
"LINESTRING (-0.187427 51.460864,-0.236769 51.494223", "From Wandsworth Town Station, Wandsworth to Ravenscourt Park Station, Hammersmith"
"LINESTRING (-0.200806 51.457059,-0.236769 51.494223", "From Santos Road, Wandsworth to Ravenscourt Park Station, Hammersmith"
"LINESTRING (-0.174554 51.499917,-0.236769 51.494223", "From Exhibition Road, Knightsbridge to Ravenscourt Park Station, Hammersmith"
"LINESTRING (-0.214762 51.5129,-0.236769 51.494223", "From Grenfell Road, Avondale to Ravenscourt Park Station, Hammersmith"
"LINESTRING (-0.214762 51.5129,-0.236769 51.494223", "From Grenfell Road, Avondale to Ravenscourt Park Station, Hammersmith"
"LINESTRING (-0.199783 51.472817,-0.236769 51.494223", "From Parson's Green , Parson's Green to Ravenscourt Park Station, Hammersmith"
"LINESTRING (-0.225787 51.514767,-0.236769 51.494223", "From BBC White City, White City to Ravenscourt Park Station, Hammersmith"
"LINESTRING (-0.174554 51.499917,-0.236769 51.494223", "From Exhibition Road, Knightsbridge to Ravenscourt Park Station, Hammersmith"
"LINESTRING (-0.222293 51.501594,-0.236769 51.494223", "From Shepherd's Bush Road North, Shepherd's Bush to Ravenscourt Park Station, Hammersmith"
"LINESTRING (-0.236769 51.494223,-0.236769 51.494223", "From Ravenscourt Park Station, Hammersmith to Ravenscourt Park Station, Hammersmith"
"LINESTRING (-0.18119 51.490945,-0.236769 51.494223", "From Old Brompton Road, South Kensington to Ravenscourt Park Station, Hammersmith"
"LINESTRING (-0.174554 51.499917,-0.236769 51.494223", "From Exhibition Road, Knightsbridge to Ravenscourt Park Station, Hammersmith"
"LINESTRING (-0.17306 51.505014,-0.236769 51.494223", "From Serpentine Car Park, Hyde Park to Ravenscourt Park Station, Hammersmith"
"LINESTRING (-0.174411 51.511933,-0.236769 51.494223", "From Bayswater Road, Hyde Park to Ravenscourt Park Station, Hammersmith"
"LINESTRING (-0.202038 51.48357,-0.236769 51.494223", "From Coomer Place, West Kensington to Ravenscourt Park Station, Hammersmith"
"LINESTRING (-0.199783 51.472817,-0.236769 51.494223", "From Parson's Green , Parson's Green to Ravenscourt Park Station, Hammersmith"
"LINESTRING (-0.205284 51.496712,-0.236769 51.494223", "From Warwick Road, Olympia to Ravenscourt Park Station, Hammersmith"
"LINESTRING (-0.236769 51.494223,-0.236769 51.494223", "From Ravenscourt Park Station, Hammersmith to Ravenscourt Park Station, Hammersmith"
"LINESTRING (-0.185296 51.495362,-0.236769 51.494223", "From Emperor's Gate, South Kensington to Ravenscourt Park Station, Hammersmith"
"LINESTRING (-0.215087 51.490217,-0.236769 51.494223", "From Barons Court Station, West Kensington to Ravenscourt Park Station, Hammersmith"
"LINESTRING (-0.217515 51.500353,-0.236769 51.494223", "From Richmond Way, Shepherd's Bush to Ravenscourt Park Station, Hammersmith"
"LINESTRING (-0.159322 51.461343,-0.236769 51.494223", "From Clapham Common North Side, Clapham Common to Ravenscourt Park Station, Hammersmith"
"LINESTRING (-0.228188 51.494499,-0.236769 51.494223", "From Southerton Road, Hammersmith to Ravenscourt Park Station, Hammersmith"
"LINESTRING (-0.223852 51.483732,-0.236769 51.494223", "From Rainville Road, Hammersmith to Ravenscourt Park Station, Hammersmith"
"LINESTRING (-0.202038 51.48357,-0.236769 51.494223", "From Coomer Place, West Kensington to Ravenscourt Park Station, Hammersmith"
"LINESTRING (-0.223616 51.485743,-0.236769 51.494223", "From Manbre Road, Hammersmith to Ravenscourt Park Station, Hammersmith"
"LINESTRING (-0.174485 51.469161,-0.236769 51.494223", "From Fawcett Close, Battersea to Ravenscourt Park Station, Hammersmith"
"LINESTRING (-0.174971 51.485121,-0.236769 51.494223", "From The Vale, Chelsea to Ravenscourt Park Station, Hammersmith"
"LINESTRING (-0.21985 51.493267,-0.236769 51.494223", "From Hammersmith Road, Hammersmith to Ravenscourt Park Station, Hammersmith"
"LINESTRING (-0.197609 51.483911,-0.236769 51.494223", "From Halford Road, West Kensington to Ravenscourt Park Station, Hammersmith"
"LINESTRING (-0.21985 51.493267,-0.236769 51.494223", "From Hammersmith Road, Hammersmith to Ravenscourt Park Station, Hammersmith"
"LINESTRING (-0.207842 51.471079,-0.236769 51.494223", "From Elysium Place, Fulham to Ravenscourt Park Station, Hammersmith"
"LINESTRING (-0.20782 51.473471,-0.236769 51.494223", "From Fulham Park Road, Fulham to Ravenscourt Park Station, Hammersmith"
"LINESTRING (-0.178656 51.501432,-0.236769 51.494223", "From Kensington Gore, Knightsbridge to Ravenscourt Park Station, Hammersmith"
"LINESTRING (-0.187278 51.475142,-0.123258 51.476149", "From Imperial Road, Sands End to Teversham Lane, Stockwell"
"LINESTRING (-0.141923 51.489856,-0.123258 51.476149", "From Warwick Square, Pimlico to Teversham Lane, Stockwell"
"LINESTRING (-0.116628 51.500089,-0.123258 51.476149", "From Lambeth Palace Road, Waterloo to Teversham Lane, Stockwell"
"LINESTRING (-0.100186 51.505817,-0.123258 51.476149", "From Bankside Mix, Bankside to Teversham Lane, Stockwell"
"LINESTRING (-0.122831 51.472509,-0.123258 51.476149", "From Binfield Road, Stockwell to Teversham Lane, Stockwell"
"LINESTRING (-0.150908 51.47505,-0.123258 51.476149", "From Alfreda Street, Battersea Park to Teversham Lane, Stockwell"
"LINESTRING (-0.13151 51.509639,-0.123258 51.476149", "From Panton Street, West End to Teversham Lane, Stockwell"
"LINESTRING (-0.117661 51.482678,-0.123258 51.476149", "From Ashmole Estate, Oval to Teversham Lane, Stockwell"
"LINESTRING (-0.116542 51.504636,-0.123258 51.476149", "From Jubilee Gardens, South Bank to Teversham Lane, Stockwell"
"LINESTRING (-0.100292 51.501732,-0.123258 51.476149", "From Great Suffolk Street, The Borough to Teversham Lane, Stockwell"
"LINESTRING (-0.141923 51.489856,-0.123258 51.476149", "From Warwick Square, Pimlico to Teversham Lane, Stockwell"
"LINESTRING (-0.179038 51.479573,-0.123258 51.476149", "From Lots Road, West Chelsea to Teversham Lane, Stockwell"
"LINESTRING (-0.091773 51.504627,-0.123258 51.476149", "From Hop Exchange, The Borough to Teversham Lane, Stockwell"
"LINESTRING (-0.147857 51.477966,-0.152248 51.467185", "From Gas Holders, Battersea Park to Ashley Crescent, Battersea"
"LINESTRING (-0.135478 51.495827,-0.152248 51.467185", "From Rochester Row, Westminster to Ashley Crescent, Battersea"
"LINESTRING (-0.155442 51.474376,-0.152248 51.467185", "From Austin Road, Battersea Park to Ashley Crescent, Battersea"
"LINESTRING (-0.194392 51.501945,-0.152248 51.467185", "From Kensington Town Hall, Kensington to Ashley Crescent, Battersea"
"LINESTRING (-0.157788 51.465123,-0.152248 51.467185", "From Sugden Road, Clapham to Ashley Crescent, Battersea"
"LINESTRING (-0.183853 51.480898,-0.152248 51.467185", "From Thorndike Close, West Chelsea to Ashley Crescent, Battersea"
"LINESTRING (-0.139221 51.461388,-0.152248 51.467185", "From Clapham Common Station, Clapham Common to Ashley Crescent, Battersea"
"LINESTRING (-0.120903 51.488124,-0.152248 51.467185", "From Vauxhall Walk, Vauxhall to Ashley Crescent, Battersea"
"LINESTRING (-0.179369 51.487196,-0.152248 51.467185", "From Drayton Gardens, West Chelsea to Ashley Crescent, Battersea"
"LINESTRING (-0.151926 51.516814,-0.152248 51.467185", "From Hinde Street, Marylebone to Ashley Crescent, Battersea"
"LINESTRING (-0.122831 51.472509,-0.152248 51.467185", "From Binfield Road, Stockwell to Ashley Crescent, Battersea"
"LINESTRING (-0.147857 51.477966,-0.152248 51.467185", "From Gas Holders, Battersea Park to Ashley Crescent, Battersea"
"LINESTRING (-0.147857 51.477966,-0.152248 51.467185", "From Gas Holders, Battersea Park to Ashley Crescent, Battersea"
"LINESTRING (-0.124469 51.485917,-0.152248 51.467185", "From Vauxhall Cross, Vauxhall to Ashley Crescent, Battersea"
"LINESTRING (-0.147857 51.477966,-0.152248 51.467185", "From Gas Holders, Battersea Park to Ashley Crescent, Battersea"
"LINESTRING (-0.158264 51.514577,-0.152248 51.467185", "From Old Quebec Street, Marylebone to Ashley Crescent, Battersea"
"LINESTRING (-0.152248 51.467185,-0.152248 51.467185", "From Ashley Crescent, Battersea to Ashley Crescent, Battersea"
"LINESTRING (-0.186753 51.491615,-0.152248 51.467185", "From Collingham Gardens, Earl's Court to Ashley Crescent, Battersea"
"LINESTRING (-0.124469 51.485917,-0.152248 51.467185", "From Vauxhall Cross, Vauxhall to Ashley Crescent, Battersea"
"LINESTRING (-0.173757 51.496471,-0.152248 51.467185", "From Exhibition Road Museums 1, South Kensington to Ashley Crescent, Battersea"
"LINESTRING (-0.152248 51.467185,-0.152248 51.467185", "From Ashley Crescent, Battersea to Ashley Crescent, Battersea"
"LINESTRING (-0.139221 51.461388,-0.152248 51.467185", "From Clapham Common Station, Clapham Common to Ashley Crescent, Battersea"
"LINESTRING (-0.159169 51.475153,-0.152248 51.467185", "From Prince of Wales Drive, Battersea Park to Ashley Crescent, Battersea"
"LINESTRING (-0.147857 51.477966,-0.152248 51.467185", "From Gas Holders, Battersea Park to Ashley Crescent, Battersea"
"LINESTRING (-0.139625 51.490962,-0.201968 51.475089", "From Gloucester Street, Pimlico to Parsons Green Station, Parsons Green"
"LINESTRING (-0.208485 51.478939,-0.201968 51.475089", "From St. Peter's Terrace, Fulham to Parsons Green Station, Parsons Green"
"LINESTRING (-0.198286 51.493724,-0.201968 51.475089", "From West Cromwell Road, Earl's Court to Parsons Green Station, Parsons Green"
"LINESTRING (-0.20782 51.473471,-0.201968 51.475089", "From Fulham Park Road, Fulham to Parsons Green Station, Parsons Green"
"LINESTRING (-0.193254 51.476259,-0.201968 51.475089", "From Eel Brook Common, Walham Green to Parsons Green Station, Parsons Green"
"LINESTRING (-0.190346 51.46822,-0.201968 51.475089", "From Stephendale Road, Sands End to Parsons Green Station, Parsons Green"
"LINESTRING (-0.209973 51.481021,-0.201968 51.475089", "From Aintree Street, Fulham to Parsons Green Station, Parsons Green"
"LINESTRING (-0.18119 51.485587,-0.201968 51.475089", "From Limerston Street, West Chelsea to Parsons Green Station, Parsons Green"
"LINESTRING (-0.197609 51.483911,-0.201968 51.475089", "From Halford Road, West Kensington to Parsons Green Station, Parsons Green"
"LINESTRING (-0.196274 51.46904,-0.201968 51.475089", "From Peterborough Road, Sands End to Parsons Green Station, Parsons Green"
"LINESTRING (-0.190346 51.46822,-0.201968 51.475089", "From Stephendale Road, Sands End to Parsons Green Station, Parsons Green"
"LINESTRING (-0.205876 51.475698,-0.201968 51.475089", "From Chesilton Road, Fulham to Parsons Green Station, Parsons Green"
"LINESTRING (-0.193502 51.467064,-0.201968 51.475089", "From South Park, Sands End to Parsons Green Station, Parsons Green"
"LINESTRING (-0.206827 51.467601,-0.201968 51.475089", "From Ranelagh Gardens, Fulham to Parsons Green Station, Parsons Green"
"LINESTRING (-0.166878 51.488023,-0.201968 51.475089", "From Flood Street, Chelsea to Parsons Green Station, Parsons Green"
"LINESTRING (-0.137235 51.473116,-0.201968 51.475089", "From Stewart's Road, Wandsworth Road to Parsons Green Station, Parsons Green"
"LINESTRING (-0.134621 51.507424,-0.201968 51.475089", "From St. James's Square, St. James's to Parsons Green Station, Parsons Green"
"LINESTRING (-0.208485 51.478939,-0.201968 51.475089", "From St. Peter's Terrace, Fulham to Parsons Green Station, Parsons Green"
"LINESTRING (-0.208485 51.478939,-0.201968 51.475089", "From St. Peter's Terrace, Fulham to Parsons Green Station, Parsons Green"
"LINESTRING (-0.155442 51.474376,-0.201968 51.475089", "From Austin Road, Battersea Park to Parsons Green Station, Parsons Green"
"LINESTRING (-0.222293 51.501594,-0.201968 51.475089", "From Shepherd's Bush Road North, Shepherd's Bush to Parsons Green Station, Parsons Green"
"LINESTRING (-0.208485 51.478939,-0.201968 51.475089", "From St. Peter's Terrace, Fulham to Parsons Green Station, Parsons Green"
"LINESTRING (-0.215618 51.464786,-0.201968 51.475089", "From Felsham Road, Putney to Parsons Green Station, Parsons Green"
"LINESTRING (-0.190393 51.490163,-0.201968 51.475089", "From Bramham Gardens, Earl's Court to Parsons Green Station, Parsons Green"
"LINESTRING (-0.156876 51.49313,-0.201968 51.475089", "From Sedding Street, Sloane Square to Parsons Green Station, Parsons Green"
"LINESTRING (-0.167894 51.493184,-0.201968 51.475089", "From Sloane Avenue, Knightsbridge to Parsons Green Station, Parsons Green"
"LINESTRING (-0.219346 51.482944,-0.201968 51.475089", "From Crabtree Lane, Fulham to Parsons Green Station, Parsons Green"
"LINESTRING (-0.209973 51.481021,-0.201968 51.475089", "From Aintree Street, Fulham to Parsons Green Station, Parsons Green"
"LINESTRING (-0.192369 51.491593,-0.201968 51.475089", "From Penywern Road, Earl's Court to Parsons Green Station, Parsons Green"
"LINESTRING (-0.192369 51.491593,-0.201968 51.475089", "From Penywern Road, Earl's Court to Parsons Green Station, Parsons Green"
"LINESTRING (-0.208485 51.478939,-0.201968 51.475089", "From St. Peter's Terrace, Fulham to Parsons Green Station, Parsons Green"
"LINESTRING (-0.205876 51.475698,-0.201968 51.475089", "From Chesilton Road, Fulham to Parsons Green Station, Parsons Green"
"LINESTRING (-0.182126 51.463489,-0.201968 51.475089", "From Usk Road, Clapham Junction to Parsons Green Station, Parsons Green"
"LINESTRING (-0.187427 51.460864,-0.201968 51.475089", "From Wandsworth Town Station, Wandsworth to Parsons Green Station, Parsons Green"
"LINESTRING (-0.209121 51.491026,-0.201968 51.475089", "From Gwendwr Road, West Kensington to Parsons Green Station, Parsons Green"
"LINESTRING (-0.130908 51.464995,-0.201968 51.475089", "From Gauden Road, Clapham to Parsons Green Station, Parsons Green"
"LINESTRING (-0.215895 51.476885,-0.201968 51.475089", "From Finlay Street, Fulham to Parsons Green Station, Parsons Green"
"LINESTRING (-0.21186 51.483217,-0.201968 51.475089", "From Humbolt Road, Fulham to Parsons Green Station, Parsons Green"
"LINESTRING (-0.145904 51.507069,-0.201968 51.475089", "From Curzon Street, Mayfair to Parsons Green Station, Parsons Green"
"LINESTRING (-0.225787 51.514767,-0.201968 51.475089", "From BBC White City, White City to Parsons Green Station, Parsons Green"
"LINESTRING (-0.168917 51.497056,-0.201968 51.475089", "From Holy Trinity Brompton, Knightsbridge to Parsons Green Station, Parsons Green"
"LINESTRING (-0.208485 51.478939,-0.201968 51.475089", "From St. Peter's Terrace, Fulham to Parsons Green Station, Parsons Green"
"LINESTRING (-0.209973 51.481021,-0.201968 51.475089", "From Aintree Street, Fulham to Parsons Green Station, Parsons Green"
"LINESTRING (-0.180389 51.46517,-0.180389 51.46517", "From Hibbert Street, Battersea to Hibbert Street, Battersea"
"LINESTRING (-0.170194 51.489716,-0.180389 51.46517", "From St. Luke's Church, Chelsea to Hibbert Street, Battersea"
"LINESTRING (-0.193502 51.467064,-0.180389 51.46517", "From South Park, Sands End to Hibbert Street, Battersea"
"LINESTRING (-0.173029 51.464894,-0.180389 51.46517", "From Grant Road East, Clapham Junction to Hibbert Street, Battersea"
"LINESTRING (-0.180389 51.46517,-0.180389 51.46517", "From Hibbert Street, Battersea to Hibbert Street, Battersea"
"LINESTRING (-0.174971 51.485121,-0.180389 51.46517", "From The Vale, Chelsea to Hibbert Street, Battersea"
"LINESTRING (-0.166878 51.488023,-0.180389 51.46517", "From Flood Street, Chelsea to Hibbert Street, Battersea"
"LINESTRING (-0.192165 51.457529,-0.180389 51.46517", "From Ram Street, Wandsworth to Hibbert Street, Battersea"
"LINESTRING (-0.163041 51.470538,-0.180389 51.46517", "From Sheepcote Lane, Battersea to Hibbert Street, Battersea"
"LINESTRING (-0.174347 51.476964,-0.180389 51.46517", "From Battersea Church Road, Battersea to Hibbert Street, Battersea"
"LINESTRING (-0.192165 51.457529,-0.180389 51.46517", "From Ram Street, Wandsworth to Hibbert Street, Battersea"
"LINESTRING (-0.159322 51.461343,-0.180389 51.46517", "From Clapham Common North Side, Clapham Common to Hibbert Street, Battersea"
"LINESTRING (-0.184318 51.468819,-0.180389 51.46517", "From William Morris Way, Sands End to Hibbert Street, Battersea"
"LINESTRING (-0.173029 51.464894,-0.180389 51.46517", "From Grant Road East, Clapham Junction to Hibbert Street, Battersea"
"LINESTRING (-0.163041 51.470538,-0.180389 51.46517", "From Sheepcote Lane, Battersea to Hibbert Street, Battersea"
"LINESTRING (-0.169821 51.466633,-0.180389 51.46517", "From Falcon Road, Clapham Junction to Hibbert Street, Battersea"
"LINESTRING (-0.192165 51.457529,-0.180389 51.46517", "From Ram Street, Wandsworth to Hibbert Street, Battersea"
"LINESTRING (-0.16716 51.47518,-0.180389 51.46517", "From Surrey Lane, Battersea to Hibbert Street, Battersea"
"LINESTRING (-0.150481 51.51217,-0.180389 51.46517", "From Grosvenor Square, Mayfair to Hibbert Street, Battersea"
"LINESTRING (-0.124469 51.485917,-0.180389 51.46517", "From Vauxhall Cross, Vauxhall to Hibbert Street, Battersea"
"LINESTRING (-0.185273 51.481765,-0.180389 51.46517", "From Hortensia Road, West Brompton to Hibbert Street, Battersea"
"LINESTRING (-0.141812 51.469259,-0.180389 51.46517", "From Wandsworth Rd, Isley Court, Wandsworth Road to Hibbert Street, Battersea"
"LINESTRING (-0.147857 51.477966,-0.180389 51.46517", "From Gas Holders, Battersea Park to Hibbert Street, Battersea"
"LINESTRING (-0.173029 51.464894,-0.180389 51.46517", "From Grant Road East, Clapham Junction to Hibbert Street, Battersea"
"LINESTRING (-0.174485 51.469161,-0.180389 51.46517", "From Fawcett Close, Battersea to Hibbert Street, Battersea"
"LINESTRING (-0.172293 51.467454,-0.180389 51.46517", "From Ingrave Street, Clapham Junction to Hibbert Street, Battersea"
"LINESTRING (-0.170194 51.489716,-0.180389 51.46517", "From St. Luke's Church, Chelsea to Hibbert Street, Battersea"
"LINESTRING (-0.224303 51.506093,-0.180389 51.46517", "From Westfield Library Corner, Shepherd's Bush to Hibbert Street, Battersea"
"LINESTRING (-0.173029 51.464894,-0.180389 51.46517", "From Grant Road East, Clapham Junction to Hibbert Street, Battersea"
"LINESTRING (-0.155442 51.474376,-0.180389 51.46517", "From Austin Road, Battersea Park to Hibbert Street, Battersea"
"LINESTRING (-0.176267 51.472876,-0.180389 51.46517", "From Vicarage Crescent, Battersea to Hibbert Street, Battersea"
"LINESTRING (-0.180389 51.46517,-0.180389 51.46517", "From Hibbert Street, Battersea to Hibbert Street, Battersea"
"LINESTRING (-0.191803 51.473611,-0.180389 51.46517", "From Sandilands Road, Walham Green to Hibbert Street, Battersea"
"LINESTRING (-0.138212 51.481335,-0.180389 51.46517", "From Riverlight South, Nine Elms to Hibbert Street, Battersea"
"LINESTRING (-0.093421 51.529154,-0.116191 51.535467", "From Windsor Terrace, Hoxton to Carnegie Street, King's Cross"
"LINESTRING (-0.10997 51.529163,-0.116191 51.535467", "From River Street , Clerkenwell to Carnegie Street, King's Cross"
"LINESTRING (-0.106408 51.530515,-0.116191 51.535467", "From Chadwell Street, Angel to Carnegie Street, King's Cross"
"LINESTRING (-0.127854 51.517727,-0.116191 51.535467", "From Great Russell Street, Bloomsbury to Carnegie Street, King's Cross"
"LINESTRING (-0.128279 51.5293,-0.116191 51.535467", "From Ossulston Street, Somers Town to Carnegie Street, King's Cross"
"LINESTRING (-0.109006 51.521661,-0.116191 51.535467", "From Hatton Wall, Holborn to Carnegie Street, King's Cross"
"LINESTRING (-0.117069 51.53136,-0.116191 51.535467", "From Calshot Street , King's Cross to Carnegie Street, King's Cross"
"LINESTRING (-0.086685 51.517075,-0.116191 51.535467", "From Finsbury Circus, Liverpool Street to Carnegie Street, King's Cross"
"LINESTRING (-0.093421 51.529154,-0.116191 51.535467", "From Windsor Terrace, Hoxton to Carnegie Street, King's Cross"
"LINESTRING (-0.116279 51.524564,-0.116191 51.535467", "From Wren Street, Holborn to Carnegie Street, King's Cross"
"LINESTRING (-0.122492 51.486343,-0.182126 51.463489", "From Kennington Lane Rail Bridge, Vauxhall to Usk Road, Clapham Junction"
"LINESTRING (-0.183165 51.474665,-0.182126 51.463489", "From Imperial Wharf Station, Sands End to Usk Road, Clapham Junction"
"LINESTRING (-0.183165 51.474665,-0.182126 51.463489", "From Imperial Wharf Station, Sands End to Usk Road, Clapham Junction"
"LINESTRING (-0.145904 51.507069,-0.182126 51.463489", "From Curzon Street, Mayfair to Usk Road, Clapham Junction"
"LINESTRING (-0.205279 51.487244,-0.182126 51.463489", "From Star Road, West Kensington to Usk Road, Clapham Junction"
"LINESTRING (-0.153645 51.512911,-0.182126 51.463489", "From North Audley Street, Mayfair to Usk Road, Clapham Junction"
"LINESTRING (-0.174691 51.45787,-0.182126 51.463489", "From Spencer Park, Wandsworth Common to Usk Road, Clapham Junction"
"LINESTRING (-0.170983 51.486892,-0.182126 51.463489", "From Manresa Road, Chelsea to Usk Road, Clapham Junction"
"LINESTRING (-0.15785 51.471095,-0.182126 51.463489", "From Culvert Road, Battersea to Usk Road, Clapham Junction"
"LINESTRING (-0.162418 51.490083,-0.182126 51.463489", "From Royal Avenue 2, Chelsea to Usk Road, Clapham Junction"
"LINESTRING (-0.130908 51.464995,-0.182126 51.463489", "From Gauden Road, Clapham to Usk Road, Clapham Junction"
"LINESTRING (-0.130908 51.464995,-0.182126 51.463489", "From Gauden Road, Clapham to Usk Road, Clapham Junction"
"LINESTRING (-0.138089 51.484839,-0.182126 51.463489", "From Claverton Street, Pimlico to Usk Road, Clapham Junction"
"LINESTRING (-0.192165 51.457529,-0.182126 51.463489", "From Ram Street, Wandsworth to Usk Road, Clapham Junction"
"LINESTRING (-0.122759 51.487807,-0.182126 51.463489", "From New Spring Gardens Walk, Vauxhall to Usk Road, Clapham Junction"
"LINESTRING (-0.195777 51.479463,-0.182126 51.463489", "From Erin Close, Walham Green to Usk Road, Clapham Junction"
"LINESTRING (-0.147624 51.49395,-0.182126 51.463489", "From Eccleston Place, Victoria to Usk Road, Clapham Junction"
"LINESTRING (-0.147478 51.492369,-0.182126 51.463489", "From Elizabeth Bridge, Victoria to Usk Road, Clapham Junction"
"LINESTRING (-0.201968 51.475089,-0.182126 51.463489", "From Parsons Green Station, Parsons Green to Usk Road, Clapham Junction"
"LINESTRING (-0.167029 51.460333,-0.126874 51.47787", "From Abyssinia Close, Clapham Junction to Hartington Road, Stockwell"
"LINESTRING (-0.122831 51.472509,-0.126874 51.47787", "From Binfield Road, Stockwell to Hartington Road, Stockwell"
"LINESTRING (-0.122492 51.486343,-0.126874 51.47787", "From Kennington Lane Rail Bridge, Vauxhall to Hartington Road, Stockwell"
"LINESTRING (-0.11258 51.473874,-0.126874 51.47787", "From Normandy Road, Stockwell to Hartington Road, Stockwell"
"LINESTRING (-0.126874 51.47787,-0.126874 51.47787", "From Hartington Road, Stockwell to Hartington Road, Stockwell"
"LINESTRING (-0.130908 51.464995,-0.126874 51.47787", "From Gauden Road, Clapham to Hartington Road, Stockwell"
"LINESTRING (-0.063471 51.497995,-0.126874 51.47787", "From Bermondsey Station, Bermondsey to Hartington Road, Stockwell"
"LINESTRING (-0.119643 51.511756,-0.126874 51.47787", "From Wellington Street , Strand to Hartington Road, Stockwell"
"LINESTRING (-0.132102 51.472918,-0.126874 51.47787", "From Courland Grove, Wandsworth Road to Hartington Road, Stockwell"
"LINESTRING (-0.111471 51.479601,-0.126874 51.47787", "From Cranmer Road, Stockwell to Hartington Road, Stockwell"
"LINESTRING (-0.116493 51.477839,-0.126874 51.47787", "From Caldwell Street, Stockwell to Hartington Road, Stockwell"
"LINESTRING (-0.106823 51.508033,-0.126874 51.47787", "From Sea Containers, South Bank to Hartington Road, Stockwell"
"LINESTRING (-0.122806 51.490435,-0.126874 51.47787", "From Albert Embankment, Vauxhall to Hartington Road, Stockwell"
"LINESTRING (-0.139221 51.461388,-0.126874 51.47787", "From Clapham Common Station, Clapham Common to Hartington Road, Stockwell"
"LINESTRING (-0.087262 51.506304,-0.126874 51.47787", "From Duke Street Hill, London Bridge to Hartington Road, Stockwell"
"LINESTRING (-0.113179 51.466232,-0.126874 51.47787", "From St John's Crescent, Brixton to Hartington Road, Stockwell"
"LINESTRING (-0.129361 51.488365,-0.126874 51.47787", "From Vauxhall Bridge , Pimlico to Hartington Road, Stockwell"
"LINESTRING (-0.074431 51.519362,-0.126874 51.47787", "From Fournier Street, Whitechapel to Hartington Road, Stockwell"
"LINESTRING (-0.190346 51.46822,-0.126874 51.47787", "From Stephendale Road, Sands End to Hartington Road, Stockwell"
"LINESTRING (-0.132224 51.49206,-0.126874 51.47787", "From Regency Street, Westminster to Hartington Road, Stockwell"
"LINESTRING (-0.119022 51.469202,-0.126874 51.47787", "From Sidney Road, Stockwell to Hartington Road, Stockwell"
"LINESTRING (-0.111471 51.479601,-0.126874 51.47787", "From Cranmer Road, Stockwell to Hartington Road, Stockwell"
"LINESTRING (-0.137235 51.473116,-0.126874 51.47787", "From Stewart's Road, Wandsworth Road to Hartington Road, Stockwell"
"LINESTRING (-0.124642 51.481747,-0.126874 51.47787", "From South Lambeth Road, Vauxhall to Hartington Road, Stockwell"
"LINESTRING (-0.112824 51.503791,-0.126874 51.47787", "From Waterloo Station 3, Waterloo to Hartington Road, Stockwell"
"LINESTRING (-0.12367 51.471433,-0.126874 51.47787", "From Clapham Road, Lingham Street, Stockwell to Hartington Road, Stockwell"
"LINESTRING (-0.122831 51.472509,-0.126874 51.47787", "From Binfield Road, Stockwell to Hartington Road, Stockwell"
"LINESTRING (-0.122831 51.472509,-0.126874 51.47787", "From Binfield Road, Stockwell to Hartington Road, Stockwell"
"LINESTRING (-0.117661 51.482678,-0.126874 51.47787", "From Ashmole Estate, Oval to Hartington Road, Stockwell"
"LINESTRING (-0.129697 51.509087,-0.126874 51.47787", "From St. Martin's Street, West End to Hartington Road, Stockwell"
"LINESTRING (-0.140947 51.49616,-0.126874 51.47787", "From Ashley Place, Victoria to Hartington Road, Stockwell"
"LINESTRING (-0.074431 51.519362,-0.126874 51.47787", "From Fournier Street, Whitechapel to Hartington Road, Stockwell"
"LINESTRING (-0.111471 51.479601,-0.126874 51.47787", "From Cranmer Road, Stockwell to Hartington Road, Stockwell"
"LINESTRING (-0.165471 51.498884,-0.126874 51.47787", "From Montpelier Street, Knightsbridge to Hartington Road, Stockwell"
"LINESTRING (-0.123702 51.506767,-0.126874 51.47787", "From Northumberland Avenue, Strand to Hartington Road, Stockwell"
"LINESTRING (-0.129697 51.509087,-0.126874 51.47787", "From St. Martin's Street, West End to Hartington Road, Stockwell"
"LINESTRING (-0.13151 51.509639,-0.126874 51.47787", "From Panton Street, West End to Hartington Road, Stockwell"
"LINESTRING (-0.122492 51.486343,-0.146544 51.468669", "From Kennington Lane Rail Bridge, Vauxhall to Heath Road, Battersea"
"LINESTRING (-0.164786 51.477292,-0.146544 51.468669", "From Ethelburga Estate, Battersea Park to Heath Road, Battersea"
"LINESTRING (-0.170703 51.470847,-0.146544 51.468669", "From Simpson Street, Clapham Junction to Heath Road, Battersea"
"LINESTRING (-0.155442 51.474376,-0.146544 51.468669", "From Austin Road, Battersea Park to Heath Road, Battersea"
"LINESTRING (-0.142783 51.51196,-0.146544 51.468669", "From St. George Street, Mayfair to Heath Road, Battersea"
"LINESTRING (-0.170703 51.470847,-0.146544 51.468669", "From Simpson Street, Clapham Junction to Heath Road, Battersea"
"LINESTRING (-0.139221 51.461388,-0.146544 51.468669", "From Clapham Common Station, Clapham Common to Heath Road, Battersea"
"LINESTRING (-0.146544 51.468669,-0.146544 51.468669", "From Heath Road, Battersea to Heath Road, Battersea"
"LINESTRING (-0.139221 51.461388,-0.146544 51.468669", "From Clapham Common Station, Clapham Common to Heath Road, Battersea"
"LINESTRING (-0.195197 51.454752,-0.211468 51.462312", "From Neville Gill Close, Wandsworth to Esmond Street, Putney"
"LINESTRING (-0.214428 51.486062,-0.211468 51.462312", "From Greyhound Road, Hammersmith to Esmond Street, Putney"
"LINESTRING (-0.204815 51.484386,-0.211468 51.462312", "From Normand Park, West Kensington to Esmond Street, Putney"
"LINESTRING (-0.216526 51.460717,-0.211468 51.462312", "From Putney Rail Station, Putney to Esmond Street, Putney"
"LINESTRING (-0.107927 51.513821,-0.211468 51.462312", "From Bouverie Street, Temple to Esmond Street, Putney"
"LINESTRING (-0.174971 51.485121,-0.211468 51.462312", "From The Vale, Chelsea to Esmond Street, Putney"
"LINESTRING (-0.183853 51.480898,-0.211468 51.462312", "From Thorndike Close, West Chelsea to Esmond Street, Putney"
"LINESTRING (-0.173757 51.496471,-0.17021 51.474535", "From Exhibition Road Museums 1, South Kensington to Orbel Street, Battersea"
"LINESTRING (-0.18267 51.494185,-0.17021 51.474535", "From Gloucester Road Station, South Kensington to Orbel Street, Battersea"
"LINESTRING (-0.14177 51.479501,-0.17021 51.474535", "From Battersea Park Road, Nine Elms to Orbel Street, Battersea"
"LINESTRING (-0.17021 51.474535,-0.17021 51.474535", "From Orbel Street, Battersea to Orbel Street, Battersea"
"LINESTRING (-0.170703 51.470847,-0.17021 51.474535", "From Simpson Street, Clapham Junction to Orbel Street, Battersea"
"LINESTRING (-0.169821 51.466633,-0.17021 51.474535", "From Falcon Road, Clapham Junction to Orbel Street, Battersea"
"LINESTRING (-0.170194 51.489716,-0.17021 51.474535", "From St. Luke's Church, Chelsea to Orbel Street, Battersea"
"LINESTRING (-0.105593 51.488852,-0.17021 51.474535", "From Kennington Station, Kennington to Orbel Street, Battersea"
"LINESTRING (-0.113134 51.483145,-0.17021 51.474535", "From Kennington Oval, Oval to Orbel Street, Battersea"
"LINESTRING (-0.17021 51.474535,-0.17021 51.474535", "From Orbel Street, Battersea to Orbel Street, Battersea"
"LINESTRING (-0.139221 51.461388,-0.17021 51.474535", "From Clapham Common Station, Clapham Common to Orbel Street, Battersea"
"LINESTRING (-0.13011 51.513527,-0.17021 51.474535", "From Moor Street, Soho to Orbel Street, Battersea"
"LINESTRING (-0.138212 51.481335,-0.17021 51.474535", "From Riverlight South, Nine Elms to Orbel Street, Battersea"
"LINESTRING (-0.129697 51.509087,-0.17021 51.474535", "From St. Martin's Street, West End to Orbel Street, Battersea"
"LINESTRING (-0.168292 51.462392,-0.17021 51.474535", "From St. John's Road, Clapham Junction to Orbel Street, Battersea"
"LINESTRING (-0.179369 51.487196,-0.17021 51.474535", "From Drayton Gardens, West Chelsea to Orbel Street, Battersea"
"LINESTRING (-0.138364 51.492111,-0.17021 51.474535", "From Tachbrook Street, Victoria to Orbel Street, Battersea"
"LINESTRING (-0.121723 51.510701,-0.17021 51.474535", "From Southampton Street, Strand to Orbel Street, Battersea"
"LINESTRING (-0.168292 51.462392,-0.17021 51.474535", "From St. John's Road, Clapham Junction to Orbel Street, Battersea"
"LINESTRING (-0.142844 51.506613,-0.17021 51.474535", "From Green Park Station, Mayfair to Orbel Street, Battersea"
"LINESTRING (-0.153233 51.490959,-0.17021 51.474535", "From Bourne Street, Belgravia to Orbel Street, Battersea"
"LINESTRING (-0.115781 51.464019,-0.17021 51.474535", "From Ferndale Road, Brixton to Orbel Street, Battersea"
"LINESTRING (-0.157275 51.510017,-0.17021 51.474535", "From Park Lane , Hyde Park to Orbel Street, Battersea"
"LINESTRING (-0.168292 51.462392,-0.17021 51.474535", "From St. John's Road, Clapham Junction to Orbel Street, Battersea"
"LINESTRING (-0.171103 51.518268,-0.17021 51.474535", "From St Mary's Hospital, Paddington to Orbel Street, Battersea"
"LINESTRING (-0.129698 51.500703,-0.17021 51.474535", "From Storey's Gate, Westminster to Orbel Street, Battersea"
"LINESTRING (-0.15785 51.471095,-0.170329 51.477684", "From Culvert Road, Battersea to Westbridge Road, Battersea"
"LINESTRING (-0.147857 51.477966,-0.170329 51.477684", "From Gas Holders, Battersea Park to Westbridge Road, Battersea"
"LINESTRING (-0.134621 51.507424,-0.170329 51.477684", "From St. James's Square, St. James's to Westbridge Road, Battersea"
"LINESTRING (-0.110121 51.488105,-0.170329 51.477684", "From Cleaver Street, Kennington to Westbridge Road, Battersea"
"LINESTRING (-0.149551 51.477619,-0.170329 51.477684", "From Queen's Circus, Battersea Park to Westbridge Road, Battersea"
"LINESTRING (-0.212145 51.459715,-0.170329 51.477684", "From Upper Richmond Road, Putney to Westbridge Road, Battersea"
"LINESTRING (-0.150908 51.47505,-0.170329 51.477684", "From Alfreda Street, Battersea Park to Westbridge Road, Battersea"
"LINESTRING (-0.191722 51.461083,-0.170329 51.477684", "From Smugglers Way, Wandsworth to Westbridge Road, Battersea"
"LINESTRING (-0.202802 51.45682,-0.170329 51.477684", "From Mexfield Road, East Putney to Westbridge Road, Battersea"
"LINESTRING (-0.179702 51.499428,-0.170329 51.477684", "From Imperial College, Knightsbridge to Westbridge Road, Battersea"
"LINESTRING (-0.150908 51.47505,-0.170329 51.477684", "From Alfreda Street, Battersea Park to Westbridge Road, Battersea"
"LINESTRING (-0.182126 51.463489,-0.170329 51.477684", "From Usk Road, Clapham Junction to Westbridge Road, Battersea"
"LINESTRING (-0.222456 51.488144,-0.170329 51.477684", "From Beryl Road, Hammersmith to Westbridge Road, Battersea"
"LINESTRING (-0.168292 51.462392,-0.170329 51.477684", "From St. John's Road, Clapham Junction to Westbridge Road, Battersea"
"LINESTRING (-0.182126 51.463489,-0.170329 51.477684", "From Usk Road, Clapham Junction to Westbridge Road, Battersea"
"LINESTRING (-0.215087 51.490217,-0.170329 51.477684", "From Barons Court Station, West Kensington to Westbridge Road, Battersea"
"LINESTRING (-0.16716 51.47518,-0.170329 51.477684", "From Surrey Lane, Battersea to Westbridge Road, Battersea"
"LINESTRING (-0.198286 51.493724,-0.170329 51.477684", "From West Cromwell Road, Earl's Court to Westbridge Road, Battersea"
"LINESTRING (-0.147714 51.483507,-0.170329 51.477684", "From Battersea Power Station, Battersea Park to Westbridge Road, Battersea"
"LINESTRING (-0.166221 51.490714,-0.170329 51.477684", "From Chelsea Green, Chelsea to Westbridge Road, Battersea"
"LINESTRING (-0.141812 51.469259,-0.170329 51.477684", "From Wandsworth Rd, Isley Court, Wandsworth Road to Westbridge Road, Battersea"
"LINESTRING (-0.184806 51.457991,-0.170329 51.477684", "From Alma Road, Wandsworth to Westbridge Road, Battersea"
"LINESTRING (-0.118256 51.47659,-0.170329 51.477684", "From Albert Square, Stockwell to Westbridge Road, Battersea"
"LINESTRING (-0.14177 51.479501,-0.170329 51.477684", "From Battersea Park Road, Nine Elms to Westbridge Road, Battersea"
"LINESTRING (-0.199783 51.472817,-0.170329 51.477684", "From Parson's Green , Parson's Green to Westbridge Road, Battersea"
"LINESTRING (-0.14177 51.479501,-0.170329 51.477684", "From Battersea Park Road, Nine Elms to Westbridge Road, Battersea"
"LINESTRING (-0.171103 51.518268,-0.170329 51.477684", "From St Mary's Hospital, Paddington to Westbridge Road, Battersea"
"LINESTRING (-0.149551 51.477619,-0.170329 51.477684", "From Queen's Circus, Battersea Park to Westbridge Road, Battersea"
"LINESTRING (-0.209973 51.481021,-0.214749 51.473036", "From Aintree Street, Fulham to Bishop's Avenue, Fulham"
"LINESTRING (-0.226606 51.488108,-0.214749 51.473036", "From Crisp Road, Hammersmith to Bishop's Avenue, Fulham"
"LINESTRING (-0.183165 51.474665,-0.214749 51.473036", "From Imperial Wharf Station, Sands End to Bishop's Avenue, Fulham"
"LINESTRING (-0.187404 51.487958,-0.214749 51.473036", "From Harcourt Terrace, West Brompton to Bishop's Avenue, Fulham"
"LINESTRING (-0.229116 51.492084,-0.214749 51.473036", "From Bridge Avenue, Hammersmith to Bishop's Avenue, Fulham"
"LINESTRING (-0.20782 51.473471,-0.214749 51.473036", "From Fulham Park Road, Fulham to Bishop's Avenue, Fulham"
"LINESTRING (-0.119047 51.509631,-0.214749 51.473036", "From Embankment (Savoy), Strand to Bishop's Avenue, Fulham"
"LINESTRING (-0.198735 51.46067,-0.214749 51.473036", "From Osiers Road, Wandsworth to Bishop's Avenue, Fulham"
"LINESTRING (-0.226606 51.488108,-0.214749 51.473036", "From Crisp Road, Hammersmith to Bishop's Avenue, Fulham"
"LINESTRING (-0.119047 51.509631,-0.214749 51.473036", "From Embankment (Savoy), Strand to Bishop's Avenue, Fulham"
"LINESTRING (-0.209973 51.481021,-0.214749 51.473036", "From Aintree Street, Fulham to Bishop's Avenue, Fulham"
"LINESTRING (-0.214749 51.473036,-0.214749 51.473036", "From Bishop's Avenue, Fulham to Bishop's Avenue, Fulham"
"LINESTRING (-0.208485 51.478939,-0.214749 51.473036", "From St. Peter's Terrace, Fulham to Bishop's Avenue, Fulham"
"LINESTRING (-0.214749 51.473036,-0.214749 51.473036", "From Bishop's Avenue, Fulham to Bishop's Avenue, Fulham"
"LINESTRING (-0.215618 51.464786,-0.214749 51.473036", "From Felsham Road, Putney to Bishop's Avenue, Fulham"
"LINESTRING (-0.226606 51.488108,-0.214749 51.473036", "From Crisp Road, Hammersmith to Bishop's Avenue, Fulham"
"LINESTRING (-0.183165 51.474665,-0.214749 51.473036", "From Imperial Wharf Station, Sands End to Bishop's Avenue, Fulham"
"LINESTRING (-0.167894 51.493184,-0.214749 51.473036", "From Sloane Avenue, Knightsbridge to Bishop's Avenue, Fulham"
"LINESTRING (-0.226606 51.488108,-0.214749 51.473036", "From Crisp Road, Hammersmith to Bishop's Avenue, Fulham"
"LINESTRING (-0.223616 51.485743,-0.226606 51.488108", "From Manbre Road, Hammersmith to Crisp Road, Hammersmith"
"LINESTRING (-0.223616 51.485743,-0.226606 51.488108", "From Manbre Road, Hammersmith to Crisp Road, Hammersmith"
"LINESTRING (-0.173881 51.494412,-0.226606 51.488108", "From South Kensington Station, South Kensington to Crisp Road, Hammersmith"
"LINESTRING (-0.223852 51.483732,-0.226606 51.488108", "From Rainville Road, Hammersmith to Crisp Road, Hammersmith"
"LINESTRING (-0.210279 51.468814,-0.226606 51.488108", "From Putney Bridge Station, Fulham to Crisp Road, Hammersmith"
"LINESTRING (-0.215804 51.494347,-0.226606 51.488108", "From Brook Green South, Brook Green to Crisp Road, Hammersmith"
"LINESTRING (-0.190603 51.493631,-0.226606 51.488108", "From Knaresborough Place, Earl's Court to Crisp Road, Hammersmith"
"LINESTRING (-0.229116 51.492084,-0.226606 51.488108", "From Bridge Avenue, Hammersmith to Crisp Road, Hammersmith"
"LINESTRING (-0.223868 51.496664,-0.226606 51.488108", "From Little Brook Green, Brook Green to Crisp Road, Hammersmith"
"LINESTRING (-0.167894 51.493184,-0.226606 51.488108", "From Sloane Avenue, Knightsbridge to Crisp Road, Hammersmith"
"LINESTRING (-0.216573 51.466907,-0.226606 51.488108", "From Putney Pier, Wandsworth to Crisp Road, Hammersmith"
"LINESTRING (-0.217515 51.500353,-0.226606 51.488108", "From Richmond Way, Shepherd's Bush to Crisp Road, Hammersmith"
"LINESTRING (-0.209121 51.491026,-0.226606 51.488108", "From Gwendwr Road, West Kensington to Crisp Road, Hammersmith"
"LINESTRING (-0.20782 51.473471,-0.226606 51.488108", "From Fulham Park Road, Fulham to Crisp Road, Hammersmith"
"LINESTRING (-0.208485 51.478939,-0.226606 51.488108", "From St. Peter's Terrace, Fulham to Crisp Road, Hammersmith"
"LINESTRING (-0.192404 51.496481,-0.226606 51.488108", "From Marloes Road, Kensington to Crisp Road, Hammersmith"
"LINESTRING (-0.20782 51.473471,-0.226606 51.488108", "From Fulham Park Road, Fulham to Crisp Road, Hammersmith"
"LINESTRING (-0.226606 51.488108,-0.226606 51.488108", "From Crisp Road, Hammersmith to Crisp Road, Hammersmith"
"LINESTRING (-0.217515 51.500353,-0.226606 51.488108", "From Richmond Way, Shepherd's Bush to Crisp Road, Hammersmith"
"LINESTRING (-0.208485 51.478939,-0.226606 51.488108", "From St. Peter's Terrace, Fulham to Crisp Road, Hammersmith"
"LINESTRING (-0.201968 51.475089,-0.226606 51.488108", "From Parsons Green Station, Parsons Green to Crisp Road, Hammersmith"
"LINESTRING (-0.214749 51.473036,-0.226606 51.488108", "From Bishop's Avenue, Fulham to Crisp Road, Hammersmith"
"LINESTRING (-0.226606 51.488108,-0.226606 51.488108", "From Crisp Road, Hammersmith to Crisp Road, Hammersmith"
"LINESTRING (-0.204815 51.484386,-0.226606 51.488108", "From Normand Park, West Kensington to Crisp Road, Hammersmith"
"LINESTRING (-0.209378 51.489591,-0.226606 51.488108", "From Vereker Road, West Kensington to Crisp Road, Hammersmith"
"LINESTRING (-0.214749 51.473036,-0.226606 51.488108", "From Bishop's Avenue, Fulham to Crisp Road, Hammersmith"
"LINESTRING (-0.228188 51.494499,-0.226606 51.488108", "From Southerton Road, Hammersmith to Crisp Road, Hammersmith"
"LINESTRING (-0.216104 51.50659,-0.226606 51.488108", "From Queensdale Road, Shepherd's Bush to Crisp Road, Hammersmith"
"LINESTRING (-0.204815 51.484386,-0.226606 51.488108", "From Normand Park, West Kensington to Crisp Road, Hammersmith"
"LINESTRING (-0.217515 51.500353,-0.226606 51.488108", "From Richmond Way, Shepherd's Bush to Crisp Road, Hammersmith"
"LINESTRING (-0.236769 51.494223,-0.226606 51.488108", "From Ravenscourt Park Station, Hammersmith to Crisp Road, Hammersmith"
"LINESTRING (-0.169821 51.466633,-0.16375 51.465064", "From Falcon Road, Clapham Junction to Dorothy Road, Clapham Junction"
"LINESTRING (-0.15213 51.470475,-0.16375 51.465064", "From Stanley Grove, Battersea to Dorothy Road, Clapham Junction"
"LINESTRING (-0.184806 51.457991,-0.16375 51.465064", "From Alma Road, Wandsworth to Dorothy Road, Clapham Junction"
"LINESTRING (-0.079608 51.521668,-0.16375 51.465064", "From Worship Street, Shoreditch to Dorothy Road, Clapham Junction"
"LINESTRING (-0.163041 51.470538,-0.16375 51.465064", "From Sheepcote Lane, Battersea to Dorothy Road, Clapham Junction"
"LINESTRING (-0.130908 51.464995,-0.16375 51.465064", "From Gauden Road, Clapham to Dorothy Road, Clapham Junction"
"LINESTRING (-0.201968 51.475089,-0.16375 51.465064", "From Parsons Green Station, Parsons Green to Dorothy Road, Clapham Junction"
"LINESTRING (-0.130908 51.464995,-0.16375 51.465064", "From Gauden Road, Clapham to Dorothy Road, Clapham Junction"
"LINESTRING (-0.161203 51.496886,-0.16375 51.465064", "From Pont Street, Knightsbridge to Dorothy Road, Clapham Junction"
"LINESTRING (-0.163041 51.470538,-0.16375 51.465064", "From Sheepcote Lane, Battersea to Dorothy Road, Clapham Junction"
"LINESTRING (-0.157788 51.465123,-0.16375 51.465064", "From Sugden Road, Clapham to Dorothy Road, Clapham Junction"
"LINESTRING (-0.169821 51.466633,-0.16375 51.465064", "From Falcon Road, Clapham Junction to Dorothy Road, Clapham Junction"
"LINESTRING (-0.201968 51.475089,-0.16375 51.465064", "From Parsons Green Station, Parsons Green to Dorothy Road, Clapham Junction"
"LINESTRING (-0.184806 51.457991,-0.16375 51.465064", "From Alma Road, Wandsworth to Dorothy Road, Clapham Junction"
"LINESTRING (-0.163041 51.470538,-0.16375 51.465064", "From Sheepcote Lane, Battersea to Dorothy Road, Clapham Junction"
"LINESTRING (-0.149551 51.477619,-0.16375 51.465064", "From Queen's Circus, Battersea Park to Dorothy Road, Clapham Junction"
"LINESTRING (-0.149004 51.485821,-0.16375 51.465064", "From Chelsea Bridge, Pimlico to Dorothy Road, Clapham Junction"
"LINESTRING (-0.14177 51.479501,-0.16375 51.465064", "From Battersea Park Road, Nine Elms to Dorothy Road, Clapham Junction"
"LINESTRING (-0.17021 51.474535,-0.16375 51.465064", "From Orbel Street, Battersea to Dorothy Road, Clapham Junction"
"LINESTRING (-0.197609 51.483911,-0.195197 51.454752", "From Halford Road, West Kensington to Neville Gill Close, Wandsworth"
"LINESTRING (-0.191722 51.461083,-0.195197 51.454752", "From Smugglers Way, Wandsworth to Neville Gill Close, Wandsworth"
"LINESTRING (-0.168292 51.462392,-0.195197 51.454752", "From St. John's Road, Clapham Junction to Neville Gill Close, Wandsworth"
"LINESTRING (-0.180389 51.46517,-0.195197 51.454752", "From Hibbert Street, Battersea to Neville Gill Close, Wandsworth"
"LINESTRING (-0.217995 51.487285,-0.195197 51.454752", "From Charing Cross Hospital, Hammersmith to Neville Gill Close, Wandsworth"
"LINESTRING (-0.216305 51.483356,-0.195197 51.454752", "From Everington Street, Fulham to Neville Gill Close, Wandsworth"
"LINESTRING (-0.173029 51.464894,-0.195197 51.454752", "From Grant Road East, Clapham Junction to Neville Gill Close, Wandsworth"
"LINESTRING (-0.20624 51.461999,-0.195197 51.454752", "From Putney Bridge Road, East Putney to Neville Gill Close, Wandsworth"
"LINESTRING (-0.200806 51.457059,-0.195197 51.454752", "From Santos Road, Wandsworth to Neville Gill Close, Wandsworth"
"LINESTRING (-0.195197 51.454752,-0.195197 51.454752", "From Neville Gill Close, Wandsworth to Neville Gill Close, Wandsworth"
"LINESTRING (-0.216145 51.46161,-0.195197 51.454752", "From Disraeli Road, Putney to Neville Gill Close, Wandsworth"
"LINESTRING (-0.174485 51.469161,-0.195197 51.454752", "From Fawcett Close, Battersea to Neville Gill Close, Wandsworth"
"LINESTRING (-0.200806 51.457059,-0.195197 51.454752", "From Santos Road, Wandsworth to Neville Gill Close, Wandsworth"
"LINESTRING (-0.16375 51.465064,-0.195197 51.454752", "From Dorothy Road, Clapham Junction to Neville Gill Close, Wandsworth"
"LINESTRING (-0.176267 51.472876,-0.195197 51.454752", "From Vicarage Crescent, Battersea to Neville Gill Close, Wandsworth"
"LINESTRING (-0.216526 51.460717,-0.195197 51.454752", "From Putney Rail Station, Putney to Neville Gill Close, Wandsworth"
"LINESTRING (-0.184318 51.468819,-0.195197 51.454752", "From William Morris Way, Sands End to Neville Gill Close, Wandsworth"
"LINESTRING (-0.216145 51.46161,-0.195197 51.454752", "From Disraeli Road, Putney to Neville Gill Close, Wandsworth"
"LINESTRING (-0.214749 51.473036,-0.198735 51.46067", "From Bishop's Avenue, Fulham to Osiers Road, Wandsworth"
"LINESTRING (-0.193502 51.467064,-0.198735 51.46067", "From South Park, Sands End to Osiers Road, Wandsworth"
"LINESTRING (-0.187427 51.460864,-0.198735 51.46067", "From Wandsworth Town Station, Wandsworth to Osiers Road, Wandsworth"
"LINESTRING (-0.187427 51.460864,-0.198735 51.46067", "From Wandsworth Town Station, Wandsworth to Osiers Road, Wandsworth"
"LINESTRING (-0.165297 51.461923,-0.198735 51.46067", "From Limburg Road, Clapham Junction to Osiers Road, Wandsworth"
"LINESTRING (-0.143613 51.523518,-0.198735 51.46067", "From Bolsover Street, Fitzrovia to Osiers Road, Wandsworth"
"LINESTRING (-0.212145 51.459715,-0.198735 51.46067", "From Upper Richmond Road, Putney to Osiers Road, Wandsworth"
"LINESTRING (-0.197245 51.497387,-0.198735 51.46067", "From Abingdon Villas, Kensington to Osiers Road, Wandsworth"
"LINESTRING (-0.166878 51.488023,-0.198735 51.46067", "From Flood Street, Chelsea to Osiers Road, Wandsworth"
"LINESTRING (-0.166878 51.488023,-0.198735 51.46067", "From Flood Street, Chelsea to Osiers Road, Wandsworth"
"LINESTRING (-0.204815 51.484386,-0.198735 51.46067", "From Normand Park, West Kensington to Osiers Road, Wandsworth"
"LINESTRING (-0.216145 51.46161,-0.198735 51.46067", "From Disraeli Road, Putney to Osiers Road, Wandsworth"
"LINESTRING (-0.149551 51.477619,-0.198735 51.46067", "From Queen's Circus, Battersea Park to Osiers Road, Wandsworth"
"LINESTRING (-0.175407 51.462305,-0.198735 51.46067", "From Plough Terrace, Clapham Junction to Osiers Road, Wandsworth"
"LINESTRING (-0.17524 51.48902,-0.198735 51.46067", "From South Parade, Chelsea to Osiers Road, Wandsworth"
"LINESTRING (-0.212145 51.459715,-0.198735 51.46067", "From Upper Richmond Road, Putney to Osiers Road, Wandsworth"
"LINESTRING (-0.187427 51.460864,-0.198735 51.46067", "From Wandsworth Town Station, Wandsworth to Osiers Road, Wandsworth"
"LINESTRING (-0.167919 51.484984,-0.198735 51.46067", "From Phene Street, Chelsea to Osiers Road, Wandsworth"
"LINESTRING (-0.191462 51.501364,-0.198735 51.46067", "From Derry Street, Kensington to Osiers Road, Wandsworth"
"LINESTRING (-0.216526 51.460717,-0.198735 51.46067", "From Putney Rail Station, Putney to Osiers Road, Wandsworth"
"LINESTRING (-0.20782 51.473471,-0.198735 51.46067", "From Fulham Park Road, Fulham to Osiers Road, Wandsworth"
"LINESTRING (-0.183846 51.523344,-0.222456 51.488144", "From Warwick Avenue Station, Maida Vale to Beryl Road, Hammersmith"
"LINESTRING (-0.223868 51.496664,-0.222456 51.488144", "From Little Brook Green, Brook Green to Beryl Road, Hammersmith"
"LINESTRING (-0.182126 51.463489,-0.222456 51.488144", "From Usk Road, Clapham Junction to Beryl Road, Hammersmith"
"LINESTRING (-0.178656 51.501432,-0.222456 51.488144", "From Kensington Gore, Knightsbridge to Beryl Road, Hammersmith"
"LINESTRING (-0.180274 51.481805,-0.222456 51.488144", "From World's End Place, West Chelsea to Beryl Road, Hammersmith"
"LINESTRING (-0.21186 51.483217,-0.222456 51.488144", "From Humbolt Road, Fulham to Beryl Road, Hammersmith"
"LINESTRING (-0.223852 51.483732,-0.222456 51.488144", "From Rainville Road, Hammersmith to Beryl Road, Hammersmith"
"LINESTRING (-0.217995 51.487285,-0.222456 51.488144", "From Charing Cross Hospital, Hammersmith to Beryl Road, Hammersmith"
"LINESTRING (-0.225787 51.514767,-0.222456 51.488144", "From BBC White City, White City to Beryl Road, Hammersmith"
"LINESTRING (-0.236769 51.494223,-0.222456 51.488144", "From Ravenscourt Park Station, Hammersmith to Beryl Road, Hammersmith"
"LINESTRING (-0.174347 51.476964,-0.222456 51.488144", "From Battersea Church Road, Battersea to Beryl Road, Hammersmith"
"LINESTRING (-0.208485 51.478939,-0.222456 51.488144", "From St. Peter's Terrace, Fulham to Beryl Road, Hammersmith"
"LINESTRING (-0.194116 51.479932,-0.222456 51.488144", "From Fulham Broadway, Walham Green to Beryl Road, Hammersmith"
"LINESTRING (-0.215087 51.490217,-0.222456 51.488144", "From Barons Court Station, West Kensington to Beryl Road, Hammersmith"
"LINESTRING (-0.18697 51.51616,-0.222456 51.488144", "From Bishop's Bridge Road West, Bayswater to Beryl Road, Hammersmith"
"LINESTRING (-0.21186 51.483217,-0.222456 51.488144", "From Humbolt Road, Fulham to Beryl Road, Hammersmith"
"LINESTRING (-0.208485 51.478939,-0.200667 51.460951", "From St. Peter's Terrace, Fulham to Northfields, Wandsworth"
"LINESTRING (-0.200667 51.460951,-0.200667 51.460951", "From Northfields, Wandsworth to Northfields, Wandsworth"
"LINESTRING (-0.236769 51.494223,-0.200667 51.460951", "From Ravenscourt Park Station, Hammersmith to Northfields, Wandsworth"
"LINESTRING (-0.152248 51.467185,-0.200667 51.460951", "From Ashley Crescent, Battersea to Northfields, Wandsworth"
"LINESTRING (-0.212145 51.459715,-0.200667 51.460951", "From Upper Richmond Road, Putney to Northfields, Wandsworth"
"LINESTRING (-0.117495 51.498241,-0.180884 51.459225", "From Archbishop's Park, Waterloo to Spanish Road, Clapham Junction"
"LINESTRING (-0.19617 51.490853,-0.180884 51.459225", "From Trebovir Road, Earl's Court to Spanish Road, Clapham Junction"
"LINESTRING (-0.15785 51.471095,-0.180884 51.459225", "From Culvert Road, Battersea to Spanish Road, Clapham Junction"
"LINESTRING (-0.141812 51.469259,-0.15213 51.470475", "From Wandsworth Rd, Isley Court, Wandsworth Road to Stanley Grove, Battersea"
"LINESTRING (-0.147857 51.477966,-0.15213 51.470475", "From Gas Holders, Battersea Park to Stanley Grove, Battersea"
"LINESTRING (-0.138089 51.484839,-0.15213 51.470475", "From Claverton Street, Pimlico to Stanley Grove, Battersea"
"LINESTRING (-0.147857 51.477966,-0.15213 51.470475", "From Gas Holders, Battersea Park to Stanley Grove, Battersea"
"LINESTRING (-0.149004 51.485821,-0.15213 51.470475", "From Chelsea Bridge, Pimlico to Stanley Grove, Battersea"
"LINESTRING (-0.148059 51.472865,-0.15213 51.470475", "From Silverthorne Road, Battersea to Stanley Grove, Battersea"
"LINESTRING (-0.147857 51.477966,-0.15213 51.470475", "From Gas Holders, Battersea Park to Stanley Grove, Battersea"
"LINESTRING (-0.170703 51.470847,-0.15213 51.470475", "From Simpson Street, Clapham Junction to Stanley Grove, Battersea"
"LINESTRING (-0.133972 51.472993,-0.15213 51.470475", "From Union Grove, Wandsworth Road to Stanley Grove, Battersea"
"LINESTRING (-0.191803 51.473611,-0.15213 51.470475", "From Sandilands Road, Walham Green to Stanley Grove, Battersea"
"LINESTRING (-0.216145 51.46161,-0.15213 51.470475", "From Disraeli Road, Putney to Stanley Grove, Battersea"
"LINESTRING (-0.16375 51.465064,-0.15213 51.470475", "From Dorothy Road, Clapham Junction to Stanley Grove, Battersea"
"LINESTRING (-0.222293 51.501594,-0.195777 51.479463", "From Shepherd's Bush Road North, Shepherd's Bush to Erin Close, Walham Green"
"LINESTRING (-0.162418 51.490083,-0.195777 51.479463", "From Royal Avenue 2, Chelsea to Erin Close, Walham Green"
"LINESTRING (-0.190603 51.493631,-0.195777 51.479463", "From Knaresborough Place, Earl's Court to Erin Close, Walham Green"
"LINESTRING (-0.191803 51.473611,-0.195777 51.479463", "From Sandilands Road, Walham Green to Erin Close, Walham Green"
"LINESTRING (-0.187278 51.475142,-0.195777 51.479463", "From Imperial Road, Sands End to Erin Close, Walham Green"
"LINESTRING (-0.180389 51.46517,-0.195777 51.479463", "From Hibbert Street, Battersea to Erin Close, Walham Green"
"LINESTRING (-0.222456 51.488144,-0.195777 51.479463", "From Beryl Road, Hammersmith to Erin Close, Walham Green"
"LINESTRING (-0.195777 51.479463,-0.195777 51.479463", "From Erin Close, Walham Green to Erin Close, Walham Green"
"LINESTRING (-0.191803 51.473611,-0.195777 51.479463", "From Sandilands Road, Walham Green to Erin Close, Walham Green"
"LINESTRING (-0.215804 51.494347,-0.195777 51.479463", "From Brook Green South, Brook Green to Erin Close, Walham Green"
"LINESTRING (-0.130908 51.464995,-0.195777 51.479463", "From Gauden Road, Clapham to Erin Close, Walham Green"
"LINESTRING (-0.150908 51.47505,-0.195777 51.479463", "From Alfreda Street, Battersea Park to Erin Close, Walham Green"
"LINESTRING (-0.180274 51.481805,-0.195777 51.479463", "From World's End Place, West Chelsea to Erin Close, Walham Green"
"LINESTRING (-0.21555 51.463211,-0.195777 51.479463", "From Montserrat Road , Putney to Erin Close, Walham Green"
"LINESTRING (-0.187278 51.475142,-0.195777 51.479463", "From Imperial Road, Sands End to Erin Close, Walham Green"
"LINESTRING (-0.222293 51.501594,-0.195777 51.479463", "From Shepherd's Bush Road North, Shepherd's Bush to Erin Close, Walham Green"
"LINESTRING (-0.184318 51.468819,-0.195777 51.479463", "From William Morris Way, Sands End to Erin Close, Walham Green"
"LINESTRING (-0.211468 51.462312,-0.195777 51.479463", "From Esmond Street, Putney to Erin Close, Walham Green"
"LINESTRING (-0.184318 51.468819,-0.195777 51.479463", "From William Morris Way, Sands End to Erin Close, Walham Green"
"LINESTRING (-0.113864 51.504027,-0.195777 51.479463", "From Waterloo Station 1, Waterloo to Erin Close, Walham Green"
"LINESTRING (-0.184318 51.468819,-0.195777 51.479463", "From William Morris Way, Sands End to Erin Close, Walham Green"
"LINESTRING (-0.130908 51.464995,-0.195777 51.479463", "From Gauden Road, Clapham to Erin Close, Walham Green"
"LINESTRING (-0.215618 51.464786,-0.195777 51.479463", "From Felsham Road, Putney to Erin Close, Walham Green"
"LINESTRING (-0.188098 51.517919,-0.195777 51.479463", "From Gloucester Terrace, Bayswater to Erin Close, Walham Green"
"LINESTRING (-0.195777 51.479463,-0.195777 51.479463", "From Erin Close, Walham Green to Erin Close, Walham Green"
"LINESTRING (-0.199783 51.472817,-0.195777 51.479463", "From Parson's Green , Parson's Green to Erin Close, Walham Green"
"LINESTRING (-0.190346 51.46822,-0.195777 51.479463", "From Stephendale Road, Sands End to Erin Close, Walham Green"
"LINESTRING (-0.19701 51.473763,-0.195777 51.479463", "From Irene Road, Parsons Green to Erin Close, Walham Green"
"LINESTRING (-0.155442 51.474376,-0.195777 51.479463", "From Austin Road, Battersea Park to Erin Close, Walham Green"
"LINESTRING (-0.198735 51.46067,-0.195777 51.479463", "From Osiers Road, Wandsworth to Erin Close, Walham Green"
"LINESTRING (-0.149551 51.477619,-0.195777 51.479463", "From Queen's Circus, Battersea Park to Erin Close, Walham Green"
"LINESTRING (-0.194116 51.479932,-0.195777 51.479463", "From Fulham Broadway, Walham Green to Erin Close, Walham Green"
"LINESTRING (-0.206827 51.467601,-0.195777 51.479463", "From Ranelagh Gardens, Fulham to Erin Close, Walham Green"
"LINESTRING (-0.199783 51.472817,-0.195777 51.479463", "From Parson's Green , Parson's Green to Erin Close, Walham Green"
"LINESTRING (-0.144165 51.510736,-0.195777 51.479463", "From Bruton Street, Mayfair to Erin Close, Walham Green"
"LINESTRING (-0.191803 51.473611,-0.195777 51.479463", "From Sandilands Road, Walham Green to Erin Close, Walham Green"
"LINESTRING (-0.204815 51.484386,-0.195777 51.479463", "From Normand Park, West Kensington to Erin Close, Walham Green"
"LINESTRING (-0.179369 51.487196,-0.195777 51.479463", "From Drayton Gardens, West Chelsea to Erin Close, Walham Green"
"LINESTRING (-0.014438 51.5112,-0.028941 51.542118", "From Chrisp Street Market, Poplar to Cadogan Close, Victoria Park"
"LINESTRING (-0.01051 51.54094,-0.028941 51.542118", "From Aquatic Centre, Queen Elizabeth Olympic Park to Cadogan Close, Victoria Park"
"LINESTRING (-0.059091 51.528692,-0.028941 51.542118", "From Clarkson Street, Bethnal Green to Cadogan Close, Victoria Park"
"LINESTRING (-0.047218 51.526041,-0.028941 51.542118", "From Bancroft Road, Bethnal Green to Cadogan Close, Victoria Park"
"LINESTRING (-0.009935 51.546326,-0.028941 51.542118", "From East Village, Queen Elizabeth Olympic Park to Cadogan Close, Victoria Park"
"LINESTRING (-0.076793 51.513406,-0.028941 51.542118", "From Jewry Street, Aldgate to Cadogan Close, Victoria Park"
"LINESTRING (-0.073955 51.526293,-0.028941 51.542118", "From Palissy Street, Shoreditch to Cadogan Close, Victoria Park"
"LINESTRING (-0.062697 51.518154,-0.028941 51.542118", "From New Road 1 , Whitechapel to Cadogan Close, Victoria Park"
"LINESTRING (-0.033085 51.532513,-0.028941 51.542118", "From Ford Road, Old Ford to Cadogan Close, Victoria Park"
"LINESTRING (-0.191803 51.473611,-0.215618 51.464786", "From Sandilands Road, Walham Green to Felsham Road, Putney"
"LINESTRING (-0.176267 51.472876,-0.215618 51.464786", "From Vicarage Crescent, Battersea to Felsham Road, Putney"
"LINESTRING (-0.215618 51.464786,-0.215618 51.464786", "From Felsham Road, Putney to Felsham Road, Putney"
"LINESTRING (-0.176267 51.472876,-0.215618 51.464786", "From Vicarage Crescent, Battersea to Felsham Road, Putney"
"LINESTRING (-0.173029 51.464894,-0.215618 51.464786", "From Grant Road East, Clapham Junction to Felsham Road, Putney"
"LINESTRING (-0.184318 51.468819,-0.215618 51.464786", "From William Morris Way, Sands End to Felsham Road, Putney"
"LINESTRING (-0.216145 51.46161,-0.215618 51.464786", "From Disraeli Road, Putney to Felsham Road, Putney"
"LINESTRING (-0.147714 51.483507,-0.215618 51.464786", "From Battersea Power Station, Battersea Park to Felsham Road, Putney"
"LINESTRING (-0.117774 51.513875,-0.215618 51.464786", "From Kingsway Southbound, Strand to Felsham Road, Putney"
"LINESTRING (-0.191803 51.473611,-0.215618 51.464786", "From Sandilands Road, Walham Green to Felsham Road, Putney"
"LINESTRING (-0.117774 51.513875,-0.215618 51.464786", "From Kingsway Southbound, Strand to Felsham Road, Putney"
"LINESTRING (-0.215895 51.476885,-0.215618 51.464786", "From Finlay Street, Fulham to Felsham Road, Putney"
"LINESTRING (-0.201968 51.475089,-0.215618 51.464786", "From Parsons Green Station, Parsons Green to Felsham Road, Putney"
"LINESTRING (-0.215895 51.476885,-0.215618 51.464786", "From Finlay Street, Fulham to Felsham Road, Putney"
"LINESTRING (-0.170703 51.470847,-0.215618 51.464786", "From Simpson Street, Clapham Junction to Felsham Road, Putney"
"LINESTRING (-0.205876 51.475698,-0.215618 51.464786", "From Chesilton Road, Fulham to Felsham Road, Putney"
"LINESTRING (-0.193502 51.467064,-0.216526 51.460717", "From South Park, Sands End to Putney Rail Station, Putney"
"LINESTRING (-0.192165 51.457529,-0.216526 51.460717", "From Ram Street, Wandsworth to Putney Rail Station, Putney"
"LINESTRING (-0.208485 51.478939,-0.216526 51.460717", "From St. Peter's Terrace, Fulham to Putney Rail Station, Putney"
"LINESTRING (-0.210279 51.468814,-0.216526 51.460717", "From Putney Bridge Station, Fulham to Putney Rail Station, Putney"
"LINESTRING (-0.187278 51.475142,-0.216526 51.460717", "From Imperial Road, Sands End to Putney Rail Station, Putney"
"LINESTRING (-0.195777 51.479463,-0.216526 51.460717", "From Erin Close, Walham Green to Putney Rail Station, Putney"
"LINESTRING (-0.210279 51.468814,-0.216526 51.460717", "From Putney Bridge Station, Fulham to Putney Rail Station, Putney"
"LINESTRING (-0.216573 51.466907,-0.216526 51.460717", "From Putney Pier, Wandsworth to Putney Rail Station, Putney"
"LINESTRING (-0.204815 51.484386,-0.216526 51.460717", "From Normand Park, West Kensington to Putney Rail Station, Putney"
"LINESTRING (-0.199783 51.472817,-0.216526 51.460717", "From Parson's Green , Parson's Green to Putney Rail Station, Putney"
"LINESTRING (-0.210279 51.468814,-0.216526 51.460717", "From Putney Bridge Station, Fulham to Putney Rail Station, Putney"
"LINESTRING (-0.079201 51.537277,-0.102757 51.536384", "From Hertford Road, De Beauvoir Town to Islington Green, Angel"
"LINESTRING (-0.111781 51.533319,-0.102757 51.536384", "From Risinghill Street, Angel to Islington Green, Angel"
"LINESTRING (-0.106992 51.534504,-0.102757 51.536384", "From Liverpool Road (N1 Centre), Angel to Islington Green, Angel"
"LINESTRING (-0.133972 51.472993,-0.102757 51.536384", "From Union Grove, Wandsworth Road to Islington Green, Angel"
"LINESTRING (-0.104298 51.526717,-0.102757 51.536384", "From Finsbury Library , Finsbury to Islington Green, Angel"
"LINESTRING (-0.085603 51.53095,-0.102757 51.536384", "From New North Road 1, Hoxton to Islington Green, Angel"
"LINESTRING (-0.122831 51.472509,-0.102757 51.536384", "From Binfield Road, Stockwell to Islington Green, Angel"
"LINESTRING (-0.070329 51.539083,-0.102757 51.536384", "From Shoreditch Court, Haggerston to Islington Green, Angel"
"LINESTRING (-0.058641 51.515256,-0.102757 51.536384", "From Philpot Street, Whitechapel to Islington Green, Angel"
"LINESTRING (-0.01051 51.54094,-0.102757 51.536384", "From Aquatic Centre, Queen Elizabeth Olympic Park to Islington Green, Angel"
"LINESTRING (-0.042744 51.530326,-0.102757 51.536384", "From Twig Folly Bridge, Mile End to Islington Green, Angel"
"LINESTRING (-0.093421 51.529154,-0.102757 51.536384", "From Windsor Terrace, Hoxton to Islington Green, Angel"
"LINESTRING (-0.093903 51.530991,-0.102757 51.536384", "From Wenlock Road , Hoxton to Islington Green, Angel"
"LINESTRING (-0.09885 51.515418,-0.102757 51.536384", "From Newgate Street , St. Paul's to Islington Green, Angel"
"LINESTRING (-0.089659 51.52548,-0.102757 51.536384", "From Old Street Station, St. Luke's to Islington Green, Angel"
"LINESTRING (-0.102757 51.536384,-0.102757 51.536384", "From Islington Green, Angel to Islington Green, Angel"
"LINESTRING (-0.075885 51.536585,-0.102757 51.536384", "From Dunston Road , Haggerston to Islington Green, Angel"
"LINESTRING (-0.090075 51.517842,-0.102757 51.536384", "From Fore Street, Guildhall to Islington Green, Angel"
"LINESTRING (-0.08299 51.53213,-0.102757 51.536384", "From Pitfield Street Central, Hoxton to Islington Green, Angel"
"LINESTRING (-0.108028 51.518825,-0.102757 51.536384", "From Hatton Garden, Holborn to Islington Green, Angel"
"LINESTRING (-0.062546 51.535678,-0.102757 51.536384", "From Regent's Row , Haggerston to Islington Green, Angel"
"LINESTRING (-0.075885 51.536585,-0.102757 51.536384", "From Dunston Road , Haggerston to Islington Green, Angel"
"LINESTRING (-0.102757 51.536384,-0.102757 51.536384", "From Islington Green, Angel to Islington Green, Angel"
"LINESTRING (-0.138019 51.524438,-0.102757 51.536384", "From Warren Street Station, Euston to Islington Green, Angel"
"LINESTRING (-0.09734 51.520841,-0.102757 51.536384", "From Aldersgate Street, Barbican to Islington Green, Angel"
"LINESTRING (-0.089887 51.520858,-0.102757 51.536384", "From Bunhill Row, Moorgate to Islington Green, Angel"
"LINESTRING (-0.099981 51.532661,-0.102757 51.536384", "From Graham Street, Angel to Islington Green, Angel"
"LINESTRING (-0.099981 51.532661,-0.102757 51.536384", "From Graham Street, Angel to Islington Green, Angel"
"LINESTRING (-0.074284 51.539328,-0.102757 51.536384", "From Haggerston Road, Haggerston to Islington Green, Angel"
"LINESTRING (-0.093903 51.530991,-0.102757 51.536384", "From Wenlock Road , Hoxton to Islington Green, Angel"
"LINESTRING (-0.117619 51.509943,-0.102757 51.536384", "From Somerset House, Strand to Islington Green, Angel"
"LINESTRING (-0.102757 51.536384,-0.102757 51.536384", "From Islington Green, Angel to Islington Green, Angel"
"LINESTRING (-0.074284 51.539328,-0.102757 51.536384", "From Haggerston Road, Haggerston to Islington Green, Angel"
"LINESTRING (-0.106992 51.534504,-0.102757 51.536384", "From Liverpool Road (N1 Centre), Angel to Islington Green, Angel"
"LINESTRING (-0.104298 51.526717,-0.102757 51.536384", "From Finsbury Library , Finsbury to Islington Green, Angel"
"LINESTRING (-0.013258 51.528828,-0.102757 51.536384", "From Bromley High Street, Bow to Islington Green, Angel"
"LINESTRING (-0.148105 51.514759,-0.102757 51.536384", "From Marylebone Lane, Marylebone to Islington Green, Angel"
"LINESTRING (-0.085603 51.53095,-0.102757 51.536384", "From New North Road 1, Hoxton to Islington Green, Angel"
"LINESTRING (-0.163667 51.520331,-0.102757 51.536384", "From Seymour Place, Marylebone to Islington Green, Angel"
"LINESTRING (-0.075885 51.536585,-0.102757 51.536384", "From Dunston Road , Haggerston to Islington Green, Angel"
"LINESTRING (-0.09315 51.53356,-0.102757 51.536384", "From Eagle Wharf Road, Hoxton to Islington Green, Angel"
"LINESTRING (-0.120909 51.516128,-0.102757 51.536384", "From Newton Street, Covent Garden to Islington Green, Angel"
"LINESTRING (-0.058826 51.54119,-0.102757 51.536384", "From London Fields, Hackney Central to Islington Green, Angel"
"LINESTRING (-0.138853 51.541603,-0.102757 51.536384", "From Bonny Street, Camden Town to Islington Green, Angel"
"LINESTRING (-0.06142 51.532091,-0.102757 51.536384", "From Pritchard's Road, Bethnal Green to Islington Green, Angel"
"LINESTRING (-0.09315 51.53356,-0.102757 51.536384", "From Eagle Wharf Road, Hoxton to Islington Green, Angel"
"LINESTRING (-0.145393 51.542138,-0.102757 51.536384", "From Castlehaven Road, Camden Town to Islington Green, Angel"
"LINESTRING (-0.092176 51.520044,-0.102757 51.536384", "From Barbican Centre, Barbican to Islington Green, Angel"
"LINESTRING (-0.109006 51.521661,-0.102757 51.536384", "From Hatton Wall, Holborn to Islington Green, Angel"
"LINESTRING (-0.062546 51.535678,-0.102757 51.536384", "From Regent's Row , Haggerston to Islington Green, Angel"
"LINESTRING (-0.058826 51.54119,-0.102757 51.536384", "From London Fields, Hackney Central to Islington Green, Angel"
"LINESTRING (-0.116688 51.520596,-0.102757 51.536384", "From Theobald's Road , Holborn to Islington Green, Angel"
"LINESTRING (-0.100292 51.501732,-0.102757 51.536384", "From Great Suffolk Street, The Borough to Islington Green, Angel"
"LINESTRING (-0.058826 51.54119,-0.102757 51.536384", "From London Fields, Hackney Central to Islington Green, Angel"
"LINESTRING (-0.077121 51.511594,-0.102757 51.536384", "From Crosswall, Tower to Islington Green, Angel"
"LINESTRING (-0.090847 51.525893,-0.102757 51.536384", "From Bath Street, St. Luke's to Islington Green, Angel"
"LINESTRING (-0.145393 51.542138,-0.102757 51.536384", "From Castlehaven Road, Camden Town to Islington Green, Angel"
"LINESTRING (-0.089887 51.520858,-0.102757 51.536384", "From Bunhill Row, Moorgate to Islington Green, Angel"
"LINESTRING (-0.197609 51.483911,-0.217995 51.487285", "From Halford Road, West Kensington to Charing Cross Hospital, Hammersmith"
"LINESTRING (-0.205279 51.487244,-0.217995 51.487285", "From Star Road, West Kensington to Charing Cross Hospital, Hammersmith"
"LINESTRING (-0.215087 51.490217,-0.217995 51.487285", "From Barons Court Station, West Kensington to Charing Cross Hospital, Hammersmith"
"LINESTRING (-0.179702 51.499428,-0.217995 51.487285", "From Imperial College, Knightsbridge to Charing Cross Hospital, Hammersmith"
"LINESTRING (-0.209494 51.498157,-0.217995 51.487285", "From Kensington Olympia Station, Olympia to Charing Cross Hospital, Hammersmith"
"LINESTRING (-0.225787 51.514767,-0.217995 51.487285", "From BBC White City, White City to Charing Cross Hospital, Hammersmith"
"LINESTRING (-0.2174 51.504038,-0.217995 51.487285", "From Woodstock Grove, Shepherd's Bush to Charing Cross Hospital, Hammersmith"
"LINESTRING (-0.17524 51.48902,-0.217995 51.487285", "From South Parade, Chelsea to Charing Cross Hospital, Hammersmith"
"LINESTRING (-0.208485 51.478939,-0.217995 51.487285", "From St. Peter's Terrace, Fulham to Charing Cross Hospital, Hammersmith"
"LINESTRING (-0.215087 51.490217,-0.217995 51.487285", "From Barons Court Station, West Kensington to Charing Cross Hospital, Hammersmith"
"LINESTRING (-0.218337 51.506256,-0.217995 51.487285", "From Westfield Southern Terrace ,Shepherd's Bush to Charing Cross Hospital, Hammersmith"
"LINESTRING (-0.236769 51.494223,-0.217995 51.487285", "From Ravenscourt Park Station, Hammersmith to Charing Cross Hospital, Hammersmith"
"LINESTRING (-0.173757 51.496471,-0.217995 51.487285", "From Exhibition Road Museums 1, South Kensington to Charing Cross Hospital, Hammersmith"
"LINESTRING (-0.217515 51.500353,-0.217995 51.487285", "From Richmond Way, Shepherd's Bush to Charing Cross Hospital, Hammersmith"
"LINESTRING (-0.193068 51.500397,-0.217995 51.487285", "From Wright's Lane, Kensington to Charing Cross Hospital, Hammersmith"
"LINESTRING (-0.159322 51.461343,-0.217995 51.487285", "From Clapham Common North Side, Clapham Common to Charing Cross Hospital, Hammersmith"
"LINESTRING (-0.172293 51.467454,-0.217995 51.487285", "From Ingrave Street, Clapham Junction to Charing Cross Hospital, Hammersmith"
"LINESTRING (-0.215804 51.494347,-0.217995 51.487285", "From Brook Green South, Brook Green to Charing Cross Hospital, Hammersmith"
"LINESTRING (-0.18119 51.485587,-0.217995 51.487285", "From Limerston Street, West Chelsea to Charing Cross Hospital, Hammersmith"
"LINESTRING (-0.182435 51.478169,-0.217995 51.487285", "From Upcerne Road, West Chelsea to Charing Cross Hospital, Hammersmith"
"LINESTRING (-0.174554 51.499917,-0.217995 51.487285", "From Exhibition Road, Knightsbridge to Charing Cross Hospital, Hammersmith"
"LINESTRING (-0.147857 51.477966,-0.217995 51.487285", "From Gas Holders, Battersea Park to Charing Cross Hospital, Hammersmith"
"LINESTRING (-0.15785 51.471095,-0.217995 51.487285", "From Culvert Road, Battersea to Charing Cross Hospital, Hammersmith"
"LINESTRING (-0.212145 51.459715,-0.217995 51.487285", "From Upper Richmond Road, Putney to Charing Cross Hospital, Hammersmith"
"LINESTRING (-0.18119 51.485587,-0.217995 51.487285", "From Limerston Street, West Chelsea to Charing Cross Hospital, Hammersmith"
"LINESTRING (-0.100791 51.518218,-0.112721 51.536392", "From West Smithfield Rotunda, Farringdon to Charlotte Terrace, Angel"
"LINESTRING (-0.090847 51.525893,-0.112721 51.536392", "From Bath Street, St. Luke's to Charlotte Terrace, Angel"
"LINESTRING (-0.10454 51.505461,-0.112721 51.536392", "From Blackfriars Road, Southwark to Charlotte Terrace, Angel"
"LINESTRING (-0.11934 51.531066,-0.112721 51.536392", "From Northdown Street, King's Cross to Charlotte Terrace, Angel"
"LINESTRING (-0.106992 51.534504,-0.112721 51.536392", "From Liverpool Road (N1 Centre), Angel to Charlotte Terrace, Angel"
"LINESTRING (-0.112432 51.526599,-0.112721 51.536392", "From Margery Street, Clerkenwell to Charlotte Terrace, Angel"
"LINESTRING (-0.138853 51.541603,-0.112721 51.536392", "From Bonny Street, Camden Town to Charlotte Terrace, Angel"
"LINESTRING (-0.106992 51.534504,-0.112721 51.536392", "From Liverpool Road (N1 Centre), Angel to Charlotte Terrace, Angel"
"LINESTRING (-0.092176 51.520044,-0.112721 51.536392", "From Barbican Centre, Barbican to Charlotte Terrace, Angel"
"LINESTRING (-0.143613 51.523518,-0.112721 51.536392", "From Bolsover Street, Fitzrovia to Charlotte Terrace, Angel"
"LINESTRING (-0.079249 51.518908,-0.112721 51.536392", "From Brushfield Street, Liverpool Street to Charlotte Terrace, Angel"
"LINESTRING (-0.100168 51.530344,-0.112721 51.536392", "From City Road, Angel to Charlotte Terrace, Angel"
"LINESTRING (-0.102757 51.536384,-0.070329 51.539083", "From Islington Green, Angel to Shoreditch Court, Haggerston"
"LINESTRING (-0.109025 51.534408,-0.070329 51.539083", "From Cloudesley Road, Angel to Shoreditch Court, Haggerston"
"LINESTRING (-0.07813 51.526377,-0.070329 51.539083", "From Shoreditch High Street, Shoreditch to Shoreditch Court, Haggerston"
"LINESTRING (-0.060291 51.535716,-0.070329 51.539083", "From Ada Street, Hackney Central to Shoreditch Court, Haggerston"
"LINESTRING (-0.102757 51.536384,-0.070329 51.539083", "From Islington Green, Angel to Shoreditch Court, Haggerston"
"LINESTRING (-0.083353 51.529537,-0.070329 51.539083", "From Fanshaw Street, Hoxton to Shoreditch Court, Haggerston"
"LINESTRING (-0.100168 51.530344,-0.070329 51.539083", "From City Road, Angel to Shoreditch Court, Haggerston"
"LINESTRING (-0.088285 51.519069,-0.070329 51.539083", "From Moorfields, Moorgate to Shoreditch Court, Haggerston"
"LINESTRING (-0.0801 51.52959,-0.070329 51.539083", "From Hoxton Street, Hoxton to Shoreditch Court, Haggerston"
"LINESTRING (-0.084439 51.524696,-0.070329 51.539083", "From Leonard Circus , Shoreditch to Shoreditch Court, Haggerston"
"LINESTRING (-0.062546 51.535678,-0.070329 51.539083", "From Regent's Row , Haggerston to Shoreditch Court, Haggerston"
"LINESTRING (-0.058826 51.54119,-0.070329 51.539083", "From London Fields, Hackney Central to Shoreditch Court, Haggerston"
"LINESTRING (-0.036017 51.525941,-0.070329 51.539083", "From Clinton Road, Mile End to Shoreditch Court, Haggerston"
"LINESTRING (-0.0801 51.52959,-0.070329 51.539083", "From Hoxton Street, Hoxton to Shoreditch Court, Haggerston"
"LINESTRING (-0.075901 51.531091,-0.070329 51.539083", "From Hoxton Station, Hoxton to Shoreditch Court, Haggerston"
"LINESTRING (-0.058005 51.527152,-0.070329 51.539083", "From Pott Street, Bethnal Green to Shoreditch Court, Haggerston"
"LINESTRING (-0.092762 51.500296,-0.070329 51.539083", "From Swan Street, The Borough to Shoreditch Court, Haggerston"
"LINESTRING (-0.058826 51.54119,-0.070329 51.539083", "From London Fields, Hackney Central to Shoreditch Court, Haggerston"
"LINESTRING (-0.124121 51.523418,-0.070329 51.539083", "From Russell Square Station, Bloomsbury to Shoreditch Court, Haggerston"
"LINESTRING (-0.08249 51.53558,-0.070329 51.539083", "From Pitfield Street North,Hoxton to Shoreditch Court, Haggerston"
"LINESTRING (-0.038775 51.516,-0.070329 51.539083", "From Aston Street, Stepney to Shoreditch Court, Haggerston"
"LINESTRING (-0.083353 51.529537,-0.070329 51.539083", "From Fanshaw Street, Hoxton to Shoreditch Court, Haggerston"
"LINESTRING (-0.099489 51.524868,-0.070329 51.539083", "From Sadlers Sports Centre, Finsbury to Shoreditch Court, Haggerston"
"LINESTRING (-0.051394 51.520893,-0.070329 51.539083", "From Cleveland Way, Stepney to Shoreditch Court, Haggerston"
"LINESTRING (-0.100168 51.530344,-0.070329 51.539083", "From City Road, Angel to Shoreditch Court, Haggerston"
"LINESTRING (-0.051394 51.520893,-0.070329 51.539083", "From Cleveland Way, Stepney to Shoreditch Court, Haggerston"
"LINESTRING (-0.062546 51.535678,-0.07023 51.536654", "From Regent's Row , Haggerston to Belford House, Haggerston"
"LINESTRING (-0.058826 51.54119,-0.07023 51.536654", "From London Fields, Hackney Central to Belford House, Haggerston"
"LINESTRING (-0.009935 51.546326,-0.07023 51.536654", "From East Village, Queen Elizabeth Olympic Park to Belford House, Haggerston"
"LINESTRING (-0.04667 51.521889,-0.07023 51.536654", "From Stepney Green Station, Stepney to Belford House, Haggerston"
"LINESTRING (-0.09734 51.520841,-0.07023 51.536654", "From Aldersgate Street, Barbican to Belford House, Haggerston"
"LINESTRING (-0.062546 51.535678,-0.07023 51.536654", "From Regent's Row , Haggerston to Belford House, Haggerston"
"LINESTRING (-0.132328 51.515631,-0.07023 51.536654", "From Soho Square , Soho to Belford House, Haggerston"
"LINESTRING (-0.074754 51.523648,-0.07023 51.536654", "From Bethnal Green Road, Shoreditch to Belford House, Haggerston"
"LINESTRING (-0.04667 51.521889,-0.07023 51.536654", "From Stepney Green Station, Stepney to Belford House, Haggerston"
"LINESTRING (-0.052099 51.51417,-0.07023 51.536654", "From St. Mary & St. Michael Church, Stepney to Belford House, Haggerston"
"LINESTRING (-0.084439 51.524696,-0.07023 51.536654", "From Leonard Circus , Shoreditch to Belford House, Haggerston"
"LINESTRING (-0.075375 51.528187,-0.07023 51.536654", "From Columbia Road, Shoreditch to Belford House, Haggerston"
"LINESTRING (-0.0801 51.52959,-0.07023 51.536654", "From Hoxton Street, Hoxton to Belford House, Haggerston"
"LINESTRING (-0.149551 51.477619,-0.174347 51.476964", "From Queen's Circus, Battersea Park to Battersea Church Road, Battersea"
"LINESTRING (-0.211593 51.51323,-0.174347 51.476964", "From Clarendon Road, Avondale to Battersea Church Road, Battersea"
"LINESTRING (-0.123179 51.506543,-0.174347 51.476964", "From Whitehall Place, Strand to Battersea Church Road, Battersea"
"LINESTRING (-0.224103 51.509158,-0.174347 51.476964", "From Westfield Ariel Way, White City to Battersea Church Road, Battersea"
"LINESTRING (-0.150905 51.496544,-0.174347 51.476964", "From Eaton Square, Belgravia to Battersea Church Road, Battersea"
"LINESTRING (-0.173881 51.494412,-0.174347 51.476964", "From South Kensington Station, South Kensington to Battersea Church Road, Battersea"
"LINESTRING (-0.173757 51.496471,-0.174347 51.476964", "From Exhibition Road Museums 1, South Kensington to Battersea Church Road, Battersea"
"LINESTRING (-0.194116 51.479932,-0.174347 51.476964", "From Fulham Broadway, Walham Green to Battersea Church Road, Battersea"
"LINESTRING (-0.165297 51.461923,-0.174347 51.476964", "From Limburg Road, Clapham Junction to Battersea Church Road, Battersea"
"LINESTRING (-0.149551 51.477619,-0.174347 51.476964", "From Queen's Circus, Battersea Park to Battersea Church Road, Battersea"
"LINESTRING (-0.180389 51.46517,-0.174347 51.476964", "From Hibbert Street, Battersea to Battersea Church Road, Battersea"
"LINESTRING (-0.173029 51.464894,-0.174347 51.476964", "From Grant Road East, Clapham Junction to Battersea Church Road, Battersea"
"LINESTRING (-0.138089 51.484839,-0.174347 51.476964", "From Claverton Street, Pimlico to Battersea Church Road, Battersea"
"LINESTRING (-0.190184 51.459953,-0.174347 51.476964", "From Morie Street, Wandsworth to Battersea Church Road, Battersea"
"LINESTRING (-0.147714 51.483507,-0.174347 51.476964", "From Battersea Power Station, Battersea Park to Battersea Church Road, Battersea"
"LINESTRING (-0.175407 51.462305,-0.174347 51.476964", "From Plough Terrace, Clapham Junction to Battersea Church Road, Battersea"
"LINESTRING (-0.192369 51.491593,-0.174347 51.476964", "From Penywern Road, Earl's Court to Battersea Church Road, Battersea"
"LINESTRING (-0.184806 51.457991,-0.174347 51.476964", "From Alma Road, Wandsworth to Battersea Church Road, Battersea"
"LINESTRING (-0.183165 51.474665,-0.176267 51.472876", "From Imperial Wharf Station, Sands End to Vicarage Crescent, Battersea"
"LINESTRING (-0.176267 51.472876,-0.176267 51.472876", "From Vicarage Crescent, Battersea to Vicarage Crescent, Battersea"
"LINESTRING (-0.198735 51.46067,-0.176267 51.472876", "From Osiers Road, Wandsworth to Vicarage Crescent, Battersea"
"LINESTRING (-0.158456 51.502953,-0.176267 51.472876", "From Albert Gate, Hyde Park to Vicarage Crescent, Battersea"
"LINESTRING (-0.18119 51.485587,-0.176267 51.472876", "From Limerston Street, West Chelsea to Vicarage Crescent, Battersea"
"LINESTRING (-0.174485 51.469161,-0.176267 51.472876", "From Fawcett Close, Battersea to Vicarage Crescent, Battersea"
"LINESTRING (-0.169821 51.466633,-0.176267 51.472876", "From Falcon Road, Clapham Junction to Vicarage Crescent, Battersea"
"LINESTRING (-0.179369 51.487196,-0.176267 51.472876", "From Drayton Gardens, West Chelsea to Vicarage Crescent, Battersea"
"LINESTRING (-0.147714 51.483507,-0.176267 51.472876", "From Battersea Power Station, Battersea Park to Vicarage Crescent, Battersea"
"LINESTRING (-0.147714 51.483507,-0.176267 51.472876", "From Battersea Power Station, Battersea Park to Vicarage Crescent, Battersea"
"LINESTRING (-0.147714 51.483507,-0.176267 51.472876", "From Battersea Power Station, Battersea Park to Vicarage Crescent, Battersea"
"LINESTRING (-0.194116 51.479932,-0.176267 51.472876", "From Fulham Broadway, Walham Green to Vicarage Crescent, Battersea"
"LINESTRING (-0.195777 51.479463,-0.176267 51.472876", "From Erin Close, Walham Green to Vicarage Crescent, Battersea"
"LINESTRING (-0.142783 51.51196,-0.176267 51.472876", "From St. George Street, Mayfair to Vicarage Crescent, Battersea"
"LINESTRING (-0.166221 51.490714,-0.176267 51.472876", "From Chelsea Green, Chelsea to Vicarage Crescent, Battersea"
"LINESTRING (-0.209973 51.481021,-0.176267 51.472876", "From Aintree Street, Fulham to Vicarage Crescent, Battersea"
"LINESTRING (-0.150666 51.506864,-0.176267 51.472876", "From Stanhope Gate, Mayfair to Vicarage Crescent, Battersea"
"LINESTRING (-0.149551 51.477619,-0.176267 51.472876", "From Queen's Circus, Battersea Park to Vicarage Crescent, Battersea"
"LINESTRING (-0.168292 51.462392,-0.176267 51.472876", "From St. John's Road, Clapham Junction to Vicarage Crescent, Battersea"
"LINESTRING (-0.129925 51.493072,-0.176267 51.472876", "From Vincent Street, Pimlico to Vicarage Crescent, Battersea"
"LINESTRING (-0.150481 51.51217,-0.176267 51.472876", "From Grosvenor Square, Mayfair to Vicarage Crescent, Battersea"
"LINESTRING (-0.134621 51.507424,-0.176267 51.472876", "From St. James's Square, St. James's to Vicarage Crescent, Battersea"
"LINESTRING (-0.142345 51.510662,-0.176267 51.472876", "From Clifford Street, Mayfair to Vicarage Crescent, Battersea"
"LINESTRING (-0.147714 51.483507,-0.176267 51.472876", "From Battersea Power Station, Battersea Park to Vicarage Crescent, Battersea"
"LINESTRING (-0.170703 51.470847,-0.176267 51.472876", "From Simpson Street, Clapham Junction to Vicarage Crescent, Battersea"
"LINESTRING (-0.182435 51.478169,-0.176267 51.472876", "From Upcerne Road, West Chelsea to Vicarage Crescent, Battersea"
"LINESTRING (-0.176267 51.472876,-0.176267 51.472876", "From Vicarage Crescent, Battersea to Vicarage Crescent, Battersea"
"LINESTRING (-0.16375 51.465064,-0.176267 51.472876", "From Dorothy Road, Clapham Junction to Vicarage Crescent, Battersea"
"LINESTRING (-0.139625 51.490962,-0.176267 51.472876", "From Gloucester Street, Pimlico to Vicarage Crescent, Battersea"
"LINESTRING (-0.147714 51.483507,-0.176267 51.472876", "From Battersea Power Station, Battersea Park to Vicarage Crescent, Battersea"
"LINESTRING (-0.18119 51.485587,-0.176267 51.472876", "From Limerston Street, West Chelsea to Vicarage Crescent, Battersea"
"LINESTRING (-0.127575 51.495805,-0.176267 51.472876", "From Smith Square, Westminster to Vicarage Crescent, Battersea"
"LINESTRING (-0.153233 51.490959,-0.176267 51.472876", "From Bourne Street, Belgravia to Vicarage Crescent, Battersea"
"LINESTRING (-0.149551 51.477619,-0.176267 51.472876", "From Queen's Circus, Battersea Park to Vicarage Crescent, Battersea"
"LINESTRING (-0.20464 51.470131,-0.176267 51.472876", "From Hurlingham Park, Parsons Green to Vicarage Crescent, Battersea"
"LINESTRING (-0.192165 51.457529,-0.176267 51.472876", "From Ram Street, Wandsworth to Vicarage Crescent, Battersea"
"LINESTRING (-0.176267 51.472876,-0.176267 51.472876", "From Vicarage Crescent, Battersea to Vicarage Crescent, Battersea"
"LINESTRING (-0.189155 51.477292,-0.176267 51.472876", "From Michael Road, Walham Green to Vicarage Crescent, Battersea"
"LINESTRING (-0.170703 51.470847,-0.176267 51.472876", "From Simpson Street, Clapham Junction to Vicarage Crescent, Battersea"
"LINESTRING (-0.062546 51.535678,-0.06555 51.528681", "From Regent's Row , Haggerston to Durant Street, Bethnal Green"
"LINESTRING (-0.083067 51.523196,-0.06555 51.528681", "From Clifton Street, Shoreditch to Durant Street, Bethnal Green"
"LINESTRING (-0.124642 51.481747,-0.06555 51.528681", "From South Lambeth Road, Vauxhall to Durant Street, Bethnal Green"
"LINESTRING (-0.076341 51.534464,-0.06555 51.528681", "From Whiston Road, Haggerston to Durant Street, Bethnal Green"
"LINESTRING (-0.111606 51.505569,-0.06555 51.528681", "From Stamford Street, South Bank to Durant Street, Bethnal Green"
"LINESTRING (-0.122219 51.51477,-0.06555 51.528681", "From Drury Lane, Covent Garden to Durant Street, Bethnal Green"
"LINESTRING (-0.078505 51.53095,-0.06555 51.528681", "From Falkirk Street, Hoxton to Durant Street, Bethnal Green"
"LINESTRING (-0.075885 51.536585,-0.06555 51.528681", "From Dunston Road , Haggerston to Durant Street, Bethnal Green"
"LINESTRING (-0.109025 51.534408,-0.06555 51.528681", "From Cloudesley Road, Angel to Durant Street, Bethnal Green"
"LINESTRING (-0.08497 51.50964,-0.06555 51.528681", "From Monument Street, Monument to Durant Street, Bethnal Green"
"LINESTRING (-0.104708 51.52326,-0.06555 51.528681", "From Clerkenwell Green, Clerkenwell to Durant Street, Bethnal Green"
"LINESTRING (-0.075885 51.536585,-0.06555 51.528681", "From Dunston Road , Haggerston to Durant Street, Bethnal Green"
"LINESTRING (-0.074754 51.523648,-0.06555 51.528681", "From Bethnal Green Road, Shoreditch to Durant Street, Bethnal Green"
"LINESTRING (-0.083067 51.523196,-0.06555 51.528681", "From Clifton Street, Shoreditch to Durant Street, Bethnal Green"
"LINESTRING (-0.082989 51.510484,-0.06555 51.528681", "From Great Tower Street, Monument to Durant Street, Bethnal Green"
"LINESTRING (-0.132328 51.515631,-0.06555 51.528681", "From Soho Square , Soho to Durant Street, Bethnal Green"
"LINESTRING (-0.057133 51.527607,-0.06555 51.528681", "From Hollybush Gardens, Bethnal Green to Durant Street, Bethnal Green"
"LINESTRING (-0.07813 51.526377,-0.06555 51.528681", "From Shoreditch High Street, Shoreditch to Durant Street, Bethnal Green"
"LINESTRING (-0.06111 51.518675,-0.06555 51.528681", "From Royal London Hospital, Whitechapel to Durant Street, Bethnal Green"
"LINESTRING (-0.086379 51.534042,-0.06555 51.528681", "From Shoreditch Park, Hoxton to Durant Street, Bethnal Green"
"LINESTRING (-0.099981 51.532661,-0.06555 51.528681", "From Graham Street, Angel to Durant Street, Bethnal Green"
"LINESTRING (-0.132102 51.498125,-0.06555 51.528681", "From Abbey Orchard Street, Westminster to Durant Street, Bethnal Green"
"LINESTRING (-0.055894 51.528936,-0.06555 51.528681", "From York Hall, Bethnal Green to Durant Street, Bethnal Green"
"LINESTRING (-0.06555 51.528681,-0.06555 51.528681", "From Durant Street, Bethnal Green to Durant Street, Bethnal Green"
"LINESTRING (-0.116493 51.477839,-0.105344 51.515059", "From Caldwell Street, Stockwell to St. Bride Street, Holborn"
"LINESTRING (-0.097441 51.511961,-0.105344 51.515059", "From Queen Victoria Street, St. Paul's to St. Bride Street, Holborn"
"LINESTRING (-0.074189 51.502279,-0.105344 51.515059", "From Curlew Street, Shad Thames to St. Bride Street, Holborn"
"LINESTRING (-0.109256 51.526443,-0.105344 51.515059", "From Tysoe Street, Clerkenwell to St. Bride Street, Holborn"
"LINESTRING (-0.139625 51.490962,-0.105344 51.515059", "From Gloucester Street, Pimlico to St. Bride Street, Holborn"
"LINESTRING (-0.089446 51.497382,-0.105344 51.515059", "From Great Dover Street, The Borough to St. Bride Street, Holborn"
"LINESTRING (-0.140741 51.488057,-0.105344 51.515059", "From Alderney Street, Pimlico to St. Bride Street, Holborn"
"LINESTRING (-0.074284 51.539328,-0.105344 51.515059", "From Haggerston Road, Haggerston to St. Bride Street, Holborn"
"LINESTRING (-0.158249 51.516892,-0.105344 51.515059", "From George Place Mews, Marylebone to St. Bride Street, Holborn"
"LINESTRING (-0.081608 51.497855,-0.105344 51.515059", "From Bermondsey Street, Bermondsey to St. Bride Street, Holborn"
"LINESTRING (-0.097441 51.511961,-0.105344 51.515059", "From Queen Victoria Street, St. Paul's to St. Bride Street, Holborn"
"LINESTRING (-0.083067 51.523196,-0.105344 51.515059", "From Clifton Street, Shoreditch to St. Bride Street, Holborn"
"LINESTRING (-0.117122 51.490994,-0.105344 51.515059", "From Black Prince Road, Vauxhall to St. Bride Street, Holborn"
"LINESTRING (-0.081608 51.497855,-0.105344 51.515059", "From Bermondsey Street, Bermondsey to St. Bride Street, Holborn"
"LINESTRING (-0.141812 51.469259,-0.105344 51.515059", "From Wandsworth Rd, Isley Court, Wandsworth Road to St. Bride Street, Holborn"
"LINESTRING (-0.091401 51.518093,-0.105344 51.515059", "From Fore Street Avenue, Guildhall to St. Bride Street, Holborn"
"LINESTRING (-0.127854 51.517727,-0.105344 51.515059", "From Great Russell Street, Bloomsbury to St. Bride Street, Holborn"
"LINESTRING (-0.105344 51.515059,-0.105344 51.515059", "From St. Bride Street, Holborn to St. Bride Street, Holborn"
"LINESTRING (-0.08974 51.500823,-0.105344 51.515059", "From Empire Square, The Borough to St. Bride Street, Holborn"
"LINESTRING (-0.111435 51.48894,-0.105344 51.515059", "From Kennington Cross, Kennington to St. Bride Street, Holborn"
"LINESTRING (-0.021345 51.519265,-0.105344 51.515059", "From Furze Green, Bow to St. Bride Street, Holborn"
"LINESTRING (-0.112824 51.503791,-0.105344 51.515059", "From Waterloo Station 3, Waterloo to St. Bride Street, Holborn"
"LINESTRING (-0.094524 51.500694,-0.105344 51.515059", "From Borough High Street, The Borough to St. Bride Street, Holborn"
"LINESTRING (-0.113426 51.503919,-0.105344 51.515059", "From Waterloo Station 2, Waterloo to St. Bride Street, Holborn"
"LINESTRING (-0.112824 51.503791,-0.105344 51.515059", "From Waterloo Station 3, Waterloo to St. Bride Street, Holborn"
"LINESTRING (-0.070133 51.515231,-0.105344 51.515059", "From Central House, Whitechapel to St. Bride Street, Holborn"
"LINESTRING (-0.103078 51.511934,-0.105344 51.515059", "From Blackfriars Station, St. Paul's to St. Bride Street, Holborn"
"LINESTRING (-0.104778 51.504044,-0.105344 51.515059", "From Southwark Station 2, Southwark to St. Bride Street, Holborn"
"LINESTRING (-0.199783 51.472817,-0.105344 51.515059", "From Parson's Green , Parson's Green to St. Bride Street, Holborn"
"LINESTRING (-0.102091 51.500693,-0.105344 51.515059", "From Webber Street , Southwark to St. Bride Street, Holborn"
"LINESTRING (-0.083493 51.520955,-0.105344 51.515059", "From Pindar Street, Liverpool Street to St. Bride Street, Holborn"
"LINESTRING (-0.134621 51.507424,-0.105344 51.515059", "From St. James's Square, St. James's to St. Bride Street, Holborn"
"LINESTRING (-0.113426 51.503919,-0.105344 51.515059", "From Waterloo Station 2, Waterloo to St. Bride Street, Holborn"
"LINESTRING (-0.150908 51.47505,-0.105344 51.515059", "From Alfreda Street, Battersea Park to St. Bride Street, Holborn"
"LINESTRING (-0.126994 51.470732,-0.105344 51.515059", "From Clarence Walk, Stockwell to St. Bride Street, Holborn"
"LINESTRING (-0.162418 51.490083,-0.202802 51.45682", "From Royal Avenue 2, Chelsea to Mexfield Road, East Putney"
"LINESTRING (-0.179702 51.499428,-0.202802 51.45682", "From Imperial College, Knightsbridge to Mexfield Road, East Putney"
"LINESTRING (-0.216526 51.460717,-0.202802 51.45682", "From Putney Rail Station, Putney to Mexfield Road, East Putney"
"LINESTRING (-0.187427 51.460864,-0.202802 51.45682", "From Wandsworth Town Station, Wandsworth to Mexfield Road, East Putney"
"LINESTRING (-0.216145 51.46161,-0.202802 51.45682", "From Disraeli Road, Putney to Mexfield Road, East Putney"
"LINESTRING (-0.133972 51.472993,-0.212145 51.459715", "From Union Grove, Wandsworth Road to Upper Richmond Road, Putney"
"LINESTRING (-0.215895 51.476885,-0.212145 51.459715", "From Finlay Street, Fulham to Upper Richmond Road, Putney"
"LINESTRING (-0.195197 51.454752,-0.212145 51.459715", "From Neville Gill Close, Wandsworth to Upper Richmond Road, Putney"
"LINESTRING (-0.18119 51.485587,-0.212145 51.459715", "From Limerston Street, West Chelsea to Upper Richmond Road, Putney"
"LINESTRING (-0.21555 51.463211,-0.212145 51.459715", "From Montserrat Road , Putney to Upper Richmond Road, Putney"
"LINESTRING (-0.200806 51.457059,-0.212145 51.459715", "From Santos Road, Wandsworth to Upper Richmond Road, Putney"
"LINESTRING (-0.147714 51.483507,-0.212145 51.459715", "From Battersea Power Station, Battersea Park to Upper Richmond Road, Putney"
"LINESTRING (-0.155442 51.474376,-0.212145 51.459715", "From Austin Road, Battersea Park to Upper Richmond Road, Putney"
"LINESTRING (-0.195197 51.454752,-0.212145 51.459715", "From Neville Gill Close, Wandsworth to Upper Richmond Road, Putney"
"LINESTRING (-0.089887 51.520858,-0.083632 51.502153", "From Bunhill Row, Moorgate to Snowsfields, London Bridge"
"LINESTRING (-0.103132 51.498744,-0.083632 51.502153", "From LSBU (Borough Road), Elephant & Castle to Snowsfields, London Bridge"
"LINESTRING (-0.081608 51.497855,-0.083632 51.502153", "From Bermondsey Street, Bermondsey to Snowsfields, London Bridge"
"LINESTRING (-0.096518 51.491327,-0.083632 51.502153", "From Walworth Square, Walworth to Snowsfields, London Bridge"
"LINESTRING (-0.081608 51.497855,-0.083632 51.502153", "From Bermondsey Street, Bermondsey to Snowsfields, London Bridge"
"LINESTRING (-0.025996 51.509303,-0.083632 51.502153", "From Westferry DLR, Limehouse to Snowsfields, London Bridge"
"LINESTRING (-0.074704 51.500845,-0.083632 51.502153", "From Tower Wharf, Bermondsey to Snowsfields, London Bridge"
"LINESTRING (-0.105312 51.504043,-0.083632 51.502153", "From Southwark Station 1, Southwark to Snowsfields, London Bridge"
"LINESTRING (-0.077178 51.514449,-0.083632 51.502153", "From Houndsditch, Aldgate to Snowsfields, London Bridge"
"LINESTRING (-0.116628 51.500089,-0.083632 51.502153", "From Lambeth Palace Road, Waterloo to Snowsfields, London Bridge"
"LINESTRING (-0.122759 51.487807,-0.083632 51.502153", "From New Spring Gardens Walk, Vauxhall to Snowsfields, London Bridge"
"LINESTRING (-0.065006 51.508622,-0.083632 51.502153", "From Pennington Street, Wapping to Snowsfields, London Bridge"
"LINESTRING (-0.020157 51.499041,-0.083632 51.502153", "From Lightermans Road, Millwall to Snowsfields, London Bridge"
"LINESTRING (-0.096317 51.526008,-0.083632 51.502153", "From Finsbury Leisure Centre, St. Luke's to Snowsfields, London Bridge"
"LINESTRING (-0.128585 51.516118,-0.083632 51.502153", "From Earnshaw Street , Covent Garden to Snowsfields, London Bridge"
"LINESTRING (-0.058826 51.54119,-0.083632 51.502153", "From London Fields, Hackney Central to Snowsfields, London Bridge"
"LINESTRING (-0.051394 51.520893,-0.083632 51.502153", "From Cleveland Way, Stepney to Snowsfields, London Bridge"
"LINESTRING (-0.113134 51.483145,-0.083632 51.502153", "From Kennington Oval, Oval to Snowsfields, London Bridge"
"LINESTRING (-0.067937 51.51793,-0.083632 51.502153", "From Old Montague Street, Whitechapel to Snowsfields, London Bridge"
"LINESTRING (-0.117495 51.498241,-0.083632 51.502153", "From Archbishop's Park, Waterloo to Snowsfields, London Bridge"
"LINESTRING (-0.068161 51.509786,-0.083632 51.502153", "From Dock Street, Wapping to Snowsfields, London Bridge"
"LINESTRING (-0.105593 51.488852,-0.083632 51.502153", "From Kennington Station, Kennington to Snowsfields, London Bridge"
"LINESTRING (-0.069542 51.512363,-0.083632 51.502153", "From Leman Street, Aldgate to Snowsfields, London Bridge"
"LINESTRING (-0.096518 51.491327,-0.083632 51.502153", "From Walworth Square, Walworth to Snowsfields, London Bridge"
"LINESTRING (-0.122759 51.487807,-0.083632 51.502153", "From New Spring Gardens Walk, Vauxhall to Snowsfields, London Bridge"
"LINESTRING (-0.07813 51.526377,-0.083632 51.502153", "From Shoreditch High Street, Shoreditch to Snowsfields, London Bridge"
"LINESTRING (-0.099994 51.522853,-0.083632 51.502153", "From Berry Street, Clerkenwell to Snowsfields, London Bridge"
"LINESTRING (-0.037471 51.528224,-0.083632 51.502153", "From Antill Road, Mile End to Snowsfields, London Bridge"
"LINESTRING (-0.09294 51.51397,-0.083632 51.502153", "From Cheapside, Bank to Snowsfields, London Bridge"
"LINESTRING (-0.083632 51.502153,-0.083632 51.502153", "From Snowsfields, London Bridge to Snowsfields, London Bridge"
"LINESTRING (-0.08066 51.514225,-0.083632 51.502153", "From St. Mary Axe, Aldgate to Snowsfields, London Bridge"
"LINESTRING (-0.102996 51.486929,-0.083632 51.502153", "From Doddington Grove, Kennington to Snowsfields, London Bridge"
"LINESTRING (-0.124469 51.485917,-0.083632 51.502153", "From Vauxhall Cross, Vauxhall to Snowsfields, London Bridge"
"LINESTRING (-0.09294 51.51397,-0.083632 51.502153", "From Cheapside, Bank to Snowsfields, London Bridge"
"LINESTRING (-0.091938 51.492807,-0.083632 51.502153", "From Victory Place, Walworth to Snowsfields, London Bridge"
"LINESTRING (-0.127575 51.495805,-0.083632 51.502153", "From Smith Square, Westminster to Snowsfields, London Bridge"
"LINESTRING (-0.06415 51.51295,-0.083632 51.502153", "From Christian Street, Whitechapel to Snowsfields, London Bridge"
"LINESTRING (-0.223852 51.483732,-0.215087 51.490217", "From Rainville Road, Hammersmith to Barons Court Station, West Kensington"
"LINESTRING (-0.214428 51.486062,-0.215087 51.490217", "From Greyhound Road, Hammersmith to Barons Court Station, West Kensington"
"LINESTRING (-0.223616 51.485743,-0.215087 51.490217", "From Manbre Road, Hammersmith to Barons Court Station, West Kensington"
"LINESTRING (-0.217995 51.487285,-0.215087 51.490217", "From Charing Cross Hospital, Hammersmith to Barons Court Station, West Kensington"
"LINESTRING (-0.205876 51.475698,-0.215087 51.490217", "From Chesilton Road, Fulham to Barons Court Station, West Kensington"
"LINESTRING (-0.214428 51.486062,-0.215087 51.490217", "From Greyhound Road, Hammersmith to Barons Court Station, West Kensington"
"LINESTRING (-0.214428 51.486062,-0.215087 51.490217", "From Greyhound Road, Hammersmith to Barons Court Station, West Kensington"
"LINESTRING (-0.223852 51.483732,-0.215087 51.490217", "From Rainville Road, Hammersmith to Barons Court Station, West Kensington"
"LINESTRING (-0.219346 51.482944,-0.215087 51.490217", "From Crabtree Lane, Fulham to Barons Court Station, West Kensington"
"LINESTRING (-0.085814 51.495061,-0.215087 51.490217", "From Bricklayers Arms, Borough to Barons Court Station, West Kensington"
"LINESTRING (-0.214428 51.486062,-0.215087 51.490217", "From Greyhound Road, Hammersmith to Barons Court Station, West Kensington"
"LINESTRING (-0.223852 51.483732,-0.215087 51.490217", "From Rainville Road, Hammersmith to Barons Court Station, West Kensington"
"LINESTRING (-0.173881 51.494412,-0.215087 51.490217", "From South Kensington Station, South Kensington to Barons Court Station, West Kensington"
"LINESTRING (-0.209378 51.489591,-0.215087 51.490217", "From Vereker Road, West Kensington to Barons Court Station, West Kensington"
"LINESTRING (-0.214428 51.486062,-0.215087 51.490217", "From Greyhound Road, Hammersmith to Barons Court Station, West Kensington"
"LINESTRING (-0.214428 51.486062,-0.215087 51.490217", "From Greyhound Road, Hammersmith to Barons Court Station, West Kensington"
"LINESTRING (-0.222456 51.488144,-0.215087 51.490217", "From Beryl Road, Hammersmith to Barons Court Station, West Kensington"
"LINESTRING (-0.226606 51.488108,-0.215087 51.490217", "From Crisp Road, Hammersmith to Barons Court Station, West Kensington"
"LINESTRING (-0.223852 51.483732,-0.215087 51.490217", "From Rainville Road, Hammersmith to Barons Court Station, West Kensington"
"LINESTRING (-0.214428 51.486062,-0.215087 51.490217", "From Greyhound Road, Hammersmith to Barons Court Station, West Kensington"
"LINESTRING (-0.223852 51.483732,-0.215087 51.490217", "From Rainville Road, Hammersmith to Barons Court Station, West Kensington"
"LINESTRING (-0.215895 51.476885,-0.215087 51.490217", "From Finlay Street, Fulham to Barons Court Station, West Kensington"
"LINESTRING (-0.216305 51.483356,-0.215087 51.490217", "From Everington Street, Fulham to Barons Court Station, West Kensington"
"LINESTRING (-0.217995 51.487285,-0.215087 51.490217", "From Charing Cross Hospital, Hammersmith to Barons Court Station, West Kensington"
"LINESTRING (-0.214428 51.486062,-0.215087 51.490217", "From Greyhound Road, Hammersmith to Barons Court Station, West Kensington"
"LINESTRING (-0.215895 51.476885,-0.215087 51.490217", "From Finlay Street, Fulham to Barons Court Station, West Kensington"
"LINESTRING (-0.200806 51.457059,-0.216145 51.46161", "From Santos Road, Wandsworth to Disraeli Road, Putney"
"LINESTRING (-0.198735 51.46067,-0.216145 51.46161", "From Osiers Road, Wandsworth to Disraeli Road, Putney"
"LINESTRING (-0.215895 51.476885,-0.216145 51.46161", "From Finlay Street, Fulham to Disraeli Road, Putney"
"LINESTRING (-0.207842 51.471079,-0.216145 51.46161", "From Elysium Place, Fulham to Disraeli Road, Putney"
"LINESTRING (-0.18119 51.485587,-0.216145 51.46161", "From Limerston Street, West Chelsea to Disraeli Road, Putney"
"LINESTRING (-0.212607 51.460792,-0.216145 51.46161", "From Oxford Road, Putney to Disraeli Road, Putney"
"LINESTRING (-0.216526 51.460717,-0.216145 51.46161", "From Putney Rail Station, Putney to Disraeli Road, Putney"
"LINESTRING (-0.216305 51.483356,-0.216145 51.46161", "From Everington Street, Fulham to Disraeli Road, Putney"
"LINESTRING (-0.191722 51.461083,-0.216145 51.46161", "From Smugglers Way, Wandsworth to Disraeli Road, Putney"
"LINESTRING (-0.200806 51.457059,-0.216145 51.46161", "From Santos Road, Wandsworth to Disraeli Road, Putney"
"LINESTRING (-0.157436 51.512276,-0.216145 51.46161", "From Green Street, Mayfair to Disraeli Road, Putney"
"LINESTRING (-0.191722 51.461083,-0.216145 51.46161", "From Smugglers Way, Wandsworth to Disraeli Road, Putney"
"LINESTRING (-0.198735 51.46067,-0.216145 51.46161", "From Osiers Road, Wandsworth to Disraeli Road, Putney"
"LINESTRING (-0.20782 51.473471,-0.21555 51.463211", "From Fulham Park Road, Fulham to Montserrat Road , Putney"
"LINESTRING (-0.164786 51.477292,-0.21555 51.463211", "From Ethelburga Estate, Battersea Park to Montserrat Road , Putney"
"LINESTRING (-0.192165 51.457529,-0.21555 51.463211", "From Ram Street, Wandsworth to Montserrat Road , Putney"
"LINESTRING (-0.200806 51.457059,-0.21555 51.463211", "From Santos Road, Wandsworth to Montserrat Road , Putney"
"LINESTRING (-0.194116 51.479932,-0.21555 51.463211", "From Fulham Broadway, Walham Green to Montserrat Road , Putney"
"LINESTRING (-0.184318 51.468819,-0.21555 51.463211", "From William Morris Way, Sands End to Montserrat Road , Putney"
"LINESTRING (-0.197609 51.483911,-0.21555 51.463211", "From Halford Road, West Kensington to Montserrat Road , Putney"
"LINESTRING (-0.20624 51.461999,-0.21555 51.463211", "From Putney Bridge Road, East Putney to Montserrat Road , Putney"
"LINESTRING (-0.140485 51.519181,-0.21555 51.463211", "From Foley Street, Fitzrovia to Montserrat Road , Putney"
"LINESTRING (-0.219346 51.482944,-0.21555 51.463211", "From Crabtree Lane, Fulham to Montserrat Road , Putney"
"LINESTRING (-0.170329 51.477684,-0.21555 51.463211", "From Westbridge Road, Battersea to Montserrat Road , Putney"
"LINESTRING (-0.212145 51.459715,-0.21555 51.463211", "From Upper Richmond Road, Putney to Montserrat Road , Putney"
"LINESTRING (-0.205876 51.475698,-0.21555 51.463211", "From Chesilton Road, Fulham to Montserrat Road , Putney"
"LINESTRING (-0.165471 51.498884,-0.21555 51.463211", "From Montpelier Street, Knightsbridge to Montserrat Road , Putney"
"LINESTRING (-0.214749 51.473036,-0.21555 51.463211", "From Bishop's Avenue, Fulham to Montserrat Road , Putney"
"LINESTRING (-0.195777 51.479463,-0.21555 51.463211", "From Erin Close, Walham Green to Montserrat Road , Putney"
"LINESTRING (-0.166878 51.488023,-0.21555 51.463211", "From Flood Street, Chelsea to Montserrat Road , Putney"
"LINESTRING (-0.147857 51.477966,-0.163347 51.474392", "From Gas Holders, Battersea Park to Albert Bridge Road, Battersea Park"
"LINESTRING (-0.170703 51.470847,-0.163347 51.474392", "From Simpson Street, Clapham Junction to Albert Bridge Road, Battersea Park"
"LINESTRING (-0.14177 51.479501,-0.163347 51.474392", "From Battersea Park Road, Nine Elms to Albert Bridge Road, Battersea Park"
"LINESTRING (-0.130908 51.464995,-0.163347 51.474392", "From Gauden Road, Clapham to Albert Bridge Road, Battersea Park"
"LINESTRING (-0.142783 51.51196,-0.163347 51.474392", "From St. George Street, Mayfair to Albert Bridge Road, Battersea Park"
"LINESTRING (-0.155442 51.474376,-0.163347 51.474392", "From Austin Road, Battersea Park to Albert Bridge Road, Battersea Park"
"LINESTRING (-0.147857 51.477966,-0.163347 51.474392", "From Gas Holders, Battersea Park to Albert Bridge Road, Battersea Park"
"LINESTRING (-0.175407 51.462305,-0.163347 51.474392", "From Plough Terrace, Clapham Junction to Albert Bridge Road, Battersea Park"
"LINESTRING (-0.21555 51.463211,-0.163347 51.474392", "From Montserrat Road , Putney to Albert Bridge Road, Battersea Park"
"LINESTRING (-0.142943 51.496863,-0.163347 51.474392", "From Allington Street, Victoria to Albert Bridge Road, Battersea Park"
"LINESTRING (-0.159322 51.461343,-0.163347 51.474392", "From Clapham Common North Side, Clapham Common to Albert Bridge Road, Battersea Park"
"LINESTRING (-0.125674 51.491884,-0.163347 51.474392", "From Millbank Tower, Pimlico to Albert Bridge Road, Battersea Park"
"LINESTRING (-0.172078 51.482567,-0.163347 51.474392", "From Danvers Street, West Chelsea to Albert Bridge Road, Battersea Park"
"LINESTRING (-0.169821 51.466633,-0.163347 51.474392", "From Falcon Road, Clapham Junction to Albert Bridge Road, Battersea Park"
"LINESTRING (-0.133201 51.512515,-0.163347 51.474392", "From Wardour Street, Soho to Albert Bridge Road, Battersea Park"
"LINESTRING (-0.167919 51.484984,-0.163347 51.474392", "From Phene Street, Chelsea to Albert Bridge Road, Battersea Park"
"LINESTRING (-0.198735 51.46067,-0.163347 51.474392", "From Osiers Road, Wandsworth to Albert Bridge Road, Battersea Park"
"LINESTRING (-0.18267 51.494185,-0.163347 51.474392", "From Gloucester Road Station, South Kensington to Albert Bridge Road, Battersea Park"
"LINESTRING (-0.156876 51.49313,-0.163347 51.474392", "From Sedding Street, Sloane Square to Albert Bridge Road, Battersea Park"
"LINESTRING (-0.157788 51.465123,-0.163347 51.474392", "From Sugden Road, Clapham to Albert Bridge Road, Battersea Park"
"LINESTRING (-0.167894 51.493184,-0.163347 51.474392", "From Sloane Avenue, Knightsbridge to Albert Bridge Road, Battersea Park"
"LINESTRING (-0.16375 51.465064,-0.163347 51.474392", "From Dorothy Road, Clapham Junction to Albert Bridge Road, Battersea Park"
"LINESTRING (-0.138089 51.484839,-0.163347 51.474392", "From Claverton Street, Pimlico to Albert Bridge Road, Battersea Park"
"LINESTRING (-0.138212 51.481335,-0.163347 51.474392", "From Riverlight South, Nine Elms to Albert Bridge Road, Battersea Park"
"LINESTRING (-0.147714 51.483507,-0.163347 51.474392", "From Battersea Power Station, Battersea Park to Albert Bridge Road, Battersea Park"
"LINESTRING (-0.147624 51.49395,-0.163347 51.474392", "From Eccleston Place, Victoria to Albert Bridge Road, Battersea Park"
"LINESTRING (-0.169821 51.466633,-0.163347 51.474392", "From Falcon Road, Clapham Junction to Albert Bridge Road, Battersea Park"
"LINESTRING (-0.157788 51.465123,-0.163347 51.474392", "From Sugden Road, Clapham to Albert Bridge Road, Battersea Park"
"LINESTRING (-0.179369 51.487196,-0.163347 51.474392", "From Drayton Gardens, West Chelsea to Albert Bridge Road, Battersea Park"
"LINESTRING (-0.157788 51.465123,-0.163347 51.474392", "From Sugden Road, Clapham to Albert Bridge Road, Battersea Park"
"LINESTRING (-0.219346 51.482944,-0.216305 51.483356", "From Crabtree Lane, Fulham to Everington Street, Fulham"
"LINESTRING (-0.17524 51.48902,-0.216305 51.483356", "From South Parade, Chelsea to Everington Street, Fulham"
"LINESTRING (-0.20782 51.473471,-0.216305 51.483356", "From Fulham Park Road, Fulham to Everington Street, Fulham"
"LINESTRING (-0.170194 51.489716,-0.216305 51.483356", "From St. Luke's Church, Chelsea to Everington Street, Fulham"
"LINESTRING (-0.201968 51.475089,-0.216305 51.483356", "From Parsons Green Station, Parsons Green to Everington Street, Fulham"
"LINESTRING (-0.161203 51.496886,-0.216305 51.483356", "From Pont Street, Knightsbridge to Everington Street, Fulham"
"LINESTRING (-0.209973 51.481021,-0.216305 51.483356", "From Aintree Street, Fulham to Everington Street, Fulham"
"LINESTRING (-0.179702 51.499428,-0.216305 51.483356", "From Imperial College, Knightsbridge to Everington Street, Fulham"
"LINESTRING (-0.170194 51.489716,-0.216305 51.483356", "From St. Luke's Church, Chelsea to Everington Street, Fulham"
"LINESTRING (-0.199135 51.468418,-0.216305 51.483356", "From Broomhouse Lane, Parsons Green to Everington Street, Fulham"
"LINESTRING (-0.179702 51.499428,-0.216305 51.483356", "From Imperial College, Knightsbridge to Everington Street, Fulham"
"LINESTRING (-0.211316 51.500088,-0.216305 51.483356", "From Russell Gardens, Olympia to Everington Street, Fulham"
"LINESTRING (-0.216016 51.509224,-0.216305 51.483356", "From Rifle Place, Avondale to Everington Street, Fulham"
"LINESTRING (-0.201968 51.475089,-0.216305 51.483356", "From Parsons Green Station, Parsons Green to Everington Street, Fulham"
"LINESTRING (-0.223852 51.483732,-0.216305 51.483356", "From Rainville Road, Hammersmith to Everington Street, Fulham"
"LINESTRING (-0.174554 51.499917,-0.216305 51.483356", "From Exhibition Road, Knightsbridge to Everington Street, Fulham"
"LINESTRING (-0.209973 51.481021,-0.216305 51.483356", "From Aintree Street, Fulham to Everington Street, Fulham"
"LINESTRING (-0.205876 51.475698,-0.216305 51.483356", "From Chesilton Road, Fulham to Everington Street, Fulham"
"LINESTRING (-0.215808 51.503802,-0.216305 51.483356", "From Hansard Mews, Holland Park to Everington Street, Fulham"
"LINESTRING (-0.179077 51.495592,-0.216305 51.483356", "From Natural History Museum, South Kensington to Everington Street, Fulham"
"LINESTRING (-0.032267 51.525501,-0.034903 51.518541", "From Maplin Street, Mile End to Mile End Stadium, Mile End"
"LINESTRING (-0.009001 51.487129,-0.034903 51.518541", "From Saunders Ness Road, Cubitt Town to Mile End Stadium, Mile End"
"LINESTRING (-0.074431 51.519362,-0.034903 51.518541", "From Fournier Street, Whitechapel to Mile End Stadium, Mile End"
"LINESTRING (-0.039264 51.521564,-0.034903 51.518541", "From Harford Street, Mile End to Mile End Stadium, Mile End"
"LINESTRING (-0.012413 51.508896,-0.034903 51.518541", "From Newby Place, Poplar to Mile End Stadium, Mile End"
"LINESTRING (-0.032267 51.525501,-0.034903 51.518541", "From Maplin Street, Mile End to Mile End Stadium, Mile End"
"LINESTRING (-0.038986 51.512871,-0.034903 51.518541", "From Flamborough Street, Limehouse to Mile End Stadium, Mile End"
"LINESTRING (-0.032267 51.525501,-0.034903 51.518541", "From Maplin Street, Mile End to Mile End Stadium, Mile End"
"LINESTRING (-0.051394 51.520893,-0.034903 51.518541", "From Cleveland Way, Stepney to Mile End Stadium, Mile End"
"LINESTRING (-0.027581 51.526578,-0.034903 51.518541", "From Merchant Street, Bow to Mile End Stadium, Mile End"
"LINESTRING (-0.04667 51.521889,-0.034903 51.518541", "From Stepney Green Station, Stepney to Mile End Stadium, Mile End"
"LINESTRING (-0.051394 51.520893,-0.034903 51.518541", "From Cleveland Way, Stepney to Mile End Stadium, Mile End"
"LINESTRING (-0.074754 51.523648,-0.034903 51.518541", "From Bethnal Green Road, Shoreditch to Mile End Stadium, Mile End"
"LINESTRING (-0.025626 51.511811,-0.034903 51.518541", "From Canton Street, Poplar to Mile End Stadium, Mile End"
"LINESTRING (-0.051394 51.520893,-0.034903 51.518541", "From Cleveland Way, Stepney to Mile End Stadium, Mile End"
"LINESTRING (-0.047548 51.528869,-0.034903 51.518541", "From Globe Town Market, Bethnal Green to Mile End Stadium, Mile End"
"LINESTRING (-0.120202 51.523346,-0.034903 51.518541", "From Guilford Street , Bloomsbury to Mile End Stadium, Mile End"
"LINESTRING (-0.047548 51.528869,-0.034903 51.518541", "From Globe Town Market, Bethnal Green to Mile End Stadium, Mile End"
"LINESTRING (-0.08974 51.500823,-0.034903 51.518541", "From Empire Square, The Borough to Mile End Stadium, Mile End"
"LINESTRING (-0.051394 51.520893,-0.034903 51.518541", "From Cleveland Way, Stepney to Mile End Stadium, Mile End"
"LINESTRING (-0.125078 51.534667,-0.14326 51.541007", "From Good's Way, King's Cross to Hawley Crescent, Camden Town"
"LINESTRING (-0.14326 51.541007,-0.14326 51.541007", "From Hawley Crescent, Camden Town to Hawley Crescent, Camden Town"
"LINESTRING (-0.129698 51.500703,-0.14326 51.541007", "From Storey's Gate, Westminster to Hawley Crescent, Camden Town"
"LINESTRING (-0.151926 51.516814,-0.14326 51.541007", "From Hinde Street, Marylebone to Hawley Crescent, Camden Town"
"LINESTRING (-0.147983 51.519167,-0.14326 51.541007", "From New Cavendish Street, Marylebone to Hawley Crescent, Camden Town"
"LINESTRING (-0.14326 51.541007,-0.14326 51.541007", "From Hawley Crescent, Camden Town to Hawley Crescent, Camden Town"
"LINESTRING (-0.225787 51.514767,-0.137235 51.473116", "From BBC White City, White City to Stewart's Road, Wandsworth Road"
"LINESTRING (-0.136123 51.482362,-0.137235 51.473116", "From Riverlight North, Nine Elms to Stewart's Road, Wandsworth Road"
"LINESTRING (-0.115781 51.464019,-0.137235 51.473116", "From Ferndale Road, Brixton to Stewart's Road, Wandsworth Road"
"LINESTRING (-0.126874 51.47787,-0.137235 51.473116", "From Hartington Road, Stockwell to Stewart's Road, Wandsworth Road"
"LINESTRING (-0.122831 51.472509,-0.137235 51.473116", "From Binfield Road, Stockwell to Stewart's Road, Wandsworth Road"
"LINESTRING (-0.179702 51.499428,-0.137235 51.473116", "From Imperial College, Knightsbridge to Stewart's Road, Wandsworth Road"
"LINESTRING (-0.122831 51.472509,-0.137235 51.473116", "From Binfield Road, Stockwell to Stewart's Road, Wandsworth Road"
"LINESTRING (-0.147624 51.49395,-0.137235 51.473116", "From Eccleston Place, Victoria to Stewart's Road, Wandsworth Road"
"LINESTRING (-0.115781 51.464019,-0.137235 51.473116", "From Ferndale Road, Brixton to Stewart's Road, Wandsworth Road"
"LINESTRING (-0.113179 51.466232,-0.137235 51.473116", "From St John's Crescent, Brixton to Stewart's Road, Wandsworth Road"
"LINESTRING (-0.116493 51.477839,-0.137235 51.473116", "From Caldwell Street, Stockwell to Stewart's Road, Wandsworth Road"
"LINESTRING (-0.115781 51.464019,-0.137235 51.473116", "From Ferndale Road, Brixton to Stewart's Road, Wandsworth Road"
"LINESTRING (-0.122831 51.472509,-0.137235 51.473116", "From Binfield Road, Stockwell to Stewart's Road, Wandsworth Road"
"LINESTRING (-0.126874 51.47787,-0.137235 51.473116", "From Hartington Road, Stockwell to Stewart's Road, Wandsworth Road"
"LINESTRING (-0.139221 51.461388,-0.137235 51.473116", "From Clapham Common Station, Clapham Common to Stewart's Road, Wandsworth Road"
"LINESTRING (-0.130908 51.464995,-0.137235 51.473116", "From Gauden Road, Clapham to Stewart's Road, Wandsworth Road"
"LINESTRING (-0.05438 51.520019,-0.049067 51.51563", "From Ansell House, Stepney to Aylward Street, Stepney"
"LINESTRING (-0.047548 51.528869,-0.049067 51.51563", "From Globe Town Market, Bethnal Green to Aylward Street, Stepney"
"LINESTRING (-0.058631 51.524583,-0.049067 51.51563", "From Finnis Street, Bethnal Green to Aylward Street, Stepney"
"LINESTRING (-0.121723 51.510701,-0.049067 51.51563", "From Southampton Street, Strand to Aylward Street, Stepney"
"LINESTRING (-0.038775 51.516,-0.049067 51.51563", "From Aston Street, Stepney to Aylward Street, Stepney"
"LINESTRING (-0.04667 51.521889,-0.049067 51.51563", "From Stepney Green Station, Stepney to Aylward Street, Stepney"
"LINESTRING (-0.051394 51.520893,-0.049067 51.51563", "From Cleveland Way, Stepney to Aylward Street, Stepney"
"LINESTRING (-0.049591 51.53341,-0.049067 51.51563", "From Bonner Gate, Victoria Park to Aylward Street, Stepney"
"LINESTRING (-0.052099 51.51417,-0.049067 51.51563", "From St. Mary & St. Michael Church, Stepney to Aylward Street, Stepney"
"LINESTRING (-0.058631 51.524583,-0.049067 51.51563", "From Finnis Street, Bethnal Green to Aylward Street, Stepney"
"LINESTRING (-0.052099 51.51417,-0.049067 51.51563", "From St. Mary & St. Michael Church, Stepney to Aylward Street, Stepney"
"LINESTRING (-0.055656 51.514222,-0.049067 51.51563", "From Watney Market, Stepney to Aylward Street, Stepney"
"LINESTRING (-0.029138 51.516196,-0.049067 51.51563", "From Burdett Road, Mile End to Aylward Street, Stepney"
"LINESTRING (-0.023565 51.515427,-0.023565 51.515427", "From Stainsby Road , Poplar to Stainsby Road , Poplar"
"LINESTRING (-0.054162 51.536424,-0.023565 51.515427", "From Victoria Park Road, Hackney Central to Stainsby Road , Poplar"
"LINESTRING (-0.02296 51.50623,-0.023565 51.515427", "From Fisherman's Walk West, Canary Wharf to Stainsby Road , Poplar"
"LINESTRING (-0.079248 51.524526,-0.023565 51.515427", "From New Inn Yard, Shoreditch to Stainsby Road , Poplar"
"LINESTRING (-0.082422 51.516154,-0.023565 51.515427", "From Wormwood Street, Liverpool Street to Stainsby Road , Poplar"
"LINESTRING (-0.02296 51.50623,-0.023565 51.515427", "From Fisherman's Walk West, Canary Wharf to Stainsby Road , Poplar"
"LINESTRING (-0.10834 51.52352,-0.023565 51.515427", "From Farringdon Lane, Clerkenwell to Stainsby Road , Poplar"
"LINESTRING (-0.07813 51.526377,-0.023565 51.515427", "From Shoreditch High Street, Shoreditch to Stainsby Road , Poplar"
"LINESTRING (-0.038986 51.512871,-0.023565 51.515427", "From Flamborough Street, Limehouse to Stainsby Road , Poplar"
"LINESTRING (-0.032267 51.525501,-0.023565 51.515427", "From Maplin Street, Mile End to Stainsby Road , Poplar"
"LINESTRING (-0.01646 51.505772,-0.023565 51.515427", "From Import Dock, Canary Wharf to Stainsby Road , Poplar"
"LINESTRING (-0.038986 51.512871,-0.023565 51.515427", "From Flamborough Street, Limehouse to Stainsby Road , Poplar"
"LINESTRING (-0.01646 51.505772,-0.023565 51.515427", "From Import Dock, Canary Wharf to Stainsby Road , Poplar"
"LINESTRING (-0.062697 51.518154,-0.023565 51.515427", "From New Road 1 , Whitechapel to Stainsby Road , Poplar"
"LINESTRING (-0.032566 51.520597,-0.023565 51.515427", "From Mile End Park Leisure Centre, Mile End to Stainsby Road , Poplar"
"LINESTRING (-0.125078 51.534667,-0.023565 51.515427", "From Good's Way, King's Cross to Stainsby Road , Poplar"
"LINESTRING (-0.057159 51.511088,-0.023565 51.515427", "From Shadwell Station, Shadwell to Stainsby Road , Poplar"
"LINESTRING (-0.025996 51.509303,-0.023565 51.515427", "From Westferry DLR, Limehouse to Stainsby Road , Poplar"
"LINESTRING (-0.0985 51.51601,-0.023565 51.515427", "From King Edward Street, St Pauls to Stainsby Road , Poplar"
"LINESTRING (-0.02163 51.540311,-0.023565 51.515427", "From Monier Road, Hackney Wick to Stainsby Road , Poplar"
"LINESTRING (-0.025996 51.509303,-0.023565 51.515427", "From Westferry DLR, Limehouse to Stainsby Road , Poplar"
"LINESTRING (-0.102757 51.536384,-0.075885 51.536585", "From Islington Green, Angel to Dunston Road , Haggerston"
"LINESTRING (-0.02163 51.540311,-0.075885 51.536585", "From Monier Road, Hackney Wick to Dunston Road , Haggerston"
"LINESTRING (-0.083935 51.520009,-0.075885 51.536585", "From Sun Street, Liverpool Street to Dunston Road , Haggerston"
"LINESTRING (-0.083159 51.500889,-0.075885 51.536585", "From Tyers Gate, Bermondsey to Dunston Road , Haggerston"
"LINESTRING (-0.079249 51.518908,-0.075885 51.536585", "From Brushfield Street, Liverpool Street to Dunston Road , Haggerston"
"LINESTRING (-0.062546 51.535678,-0.075885 51.536585", "From Regent's Row , Haggerston to Dunston Road , Haggerston"
"LINESTRING (-0.062546 51.535678,-0.075885 51.536585", "From Regent's Row , Haggerston to Dunston Road , Haggerston"
"LINESTRING (-0.026262 51.536039,-0.075885 51.536585", "From Wendon Street, Old Ford to Dunston Road , Haggerston"
"LINESTRING (-0.089659 51.52548,-0.075885 51.536585", "From Old Street Station, St. Luke's to Dunston Road , Haggerston"
"LINESTRING (-0.0801 51.52959,-0.075885 51.536585", "From Hoxton Street, Hoxton to Dunston Road , Haggerston"
"LINESTRING (-0.079249 51.518908,-0.075885 51.536585", "From Brushfield Street, Liverpool Street to Dunston Road , Haggerston"
"LINESTRING (-0.09734 51.520841,-0.075885 51.536585", "From Aldersgate Street, Barbican to Dunston Road , Haggerston"
"LINESTRING (-0.066035 51.531864,-0.075885 51.536585", "From Goldsmith's Row, Haggerston to Dunston Road , Haggerston"
"LINESTRING (-0.06555 51.528681,-0.075885 51.536585", "From Durant Street, Bethnal Green to Dunston Road , Haggerston"
"LINESTRING (-0.079249 51.518908,-0.075885 51.536585", "From Brushfield Street, Liverpool Street to Dunston Road , Haggerston"
"LINESTRING (-0.077121 51.511594,-0.075885 51.536585", "From Crosswall, Tower to Dunston Road , Haggerston"
"LINESTRING (-0.089782 51.53089,-0.075885 51.536585", "From Murray Grove , Hoxton to Dunston Road , Haggerston"
"LINESTRING (-0.058826 51.54119,-0.075885 51.536585", "From London Fields, Hackney Central to Dunston Road , Haggerston"
"LINESTRING (-0.089659 51.52548,-0.075885 51.536585", "From Old Street Station, St. Luke's to Dunston Road , Haggerston"
"LINESTRING (-0.098807 51.506725,-0.075885 51.536585", "From Tate Modern, Bankside to Dunston Road , Haggerston"
"LINESTRING (-0.135025 51.518162,-0.075885 51.536585", "From Rathbone Street, Fitzrovia to Dunston Road , Haggerston"
"LINESTRING (-0.086685 51.517075,-0.075885 51.536585", "From Finsbury Circus, Liverpool Street to Dunston Road , Haggerston"
"LINESTRING (-0.106408 51.530515,-0.075885 51.536585", "From Chadwell Street, Angel to Dunston Road , Haggerston"
"LINESTRING (-0.073537 51.514233,-0.075885 51.536585", "From Braham Street, Aldgate to Dunston Road , Haggerston"
"LINESTRING (-0.062546 51.535678,-0.075885 51.536585", "From Regent's Row , Haggerston to Dunston Road , Haggerston"
"LINESTRING (-0.079249 51.518908,-0.075885 51.536585", "From Brushfield Street, Liverpool Street to Dunston Road , Haggerston"
"LINESTRING (-0.075885 51.536585,-0.075885 51.536585", "From Dunston Road , Haggerston to Dunston Road , Haggerston"
"LINESTRING (-0.104708 51.52326,-0.075885 51.536585", "From Clerkenwell Green, Clerkenwell to Dunston Road , Haggerston"
"LINESTRING (-0.08974 51.500823,-0.075885 51.536585", "From Empire Square, The Borough to Dunston Road , Haggerston"
"LINESTRING (-0.124807 51.53724,-0.075885 51.536585", "From Handyside Street, King's Cross to Dunston Road , Haggerston"
"LINESTRING (-0.07813 51.526377,-0.075885 51.536585", "From Shoreditch High Street, Shoreditch to Dunston Road , Haggerston"
"LINESTRING (-0.023565 51.515427,-0.075885 51.536585", "From Stainsby Road , Poplar to Dunston Road , Haggerston"
"LINESTRING (-0.014691 51.546805,-0.075885 51.536585", "From Timber Lodge, Queen Elizabeth Olympic Park to Dunston Road , Haggerston"
"LINESTRING (-0.075578 51.52127,-0.075885 51.536585", "From Commercial Street, Shoreditch to Dunston Road , Haggerston"
"LINESTRING (-0.089659 51.52548,-0.075885 51.536585", "From Old Street Station, St. Luke's to Dunston Road , Haggerston"
"LINESTRING (-0.055894 51.528936,-0.075885 51.536585", "From York Hall, Bethnal Green to Dunston Road , Haggerston"
"LINESTRING (-0.06142 51.532091,-0.075885 51.536585", "From Pritchard's Road, Bethnal Green to Dunston Road , Haggerston"
"LINESTRING (-0.062546 51.535678,-0.075885 51.536585", "From Regent's Row , Haggerston to Dunston Road , Haggerston"
"LINESTRING (-0.070133 51.515231,-0.075885 51.536585", "From Central House, Whitechapel to Dunston Road , Haggerston"
"LINESTRING (-0.058826 51.54119,-0.075885 51.536585", "From London Fields, Hackney Central to Dunston Road , Haggerston"
"LINESTRING (-0.038557 51.541515,-0.075885 51.536585", "From Gascoyne Road, Victoria Park to Dunston Road , Haggerston"
"LINESTRING (-0.049591 51.53341,-0.075885 51.536585", "From Bonner Gate, Victoria Park to Dunston Road , Haggerston"
"LINESTRING (-0.08249 51.53558,-0.075885 51.536585", "From Pitfield Street North,Hoxton to Dunston Road , Haggerston"
"LINESTRING (-0.062546 51.535678,-0.075885 51.536585", "From Regent's Row , Haggerston to Dunston Road , Haggerston"
"LINESTRING (-0.075885 51.536585,-0.075885 51.536585", "From Dunston Road , Haggerston to Dunston Road , Haggerston"
"LINESTRING (-0.054162 51.536424,-0.075885 51.536585", "From Victoria Park Road, Hackney Central to Dunston Road , Haggerston"
"LINESTRING (-0.093421 51.529154,-0.075885 51.536585", "From Windsor Terrace, Hoxton to Dunston Road , Haggerston"
"LINESTRING (-0.075885 51.536585,-0.075885 51.536585", "From Dunston Road , Haggerston to Dunston Road , Haggerston"
"LINESTRING (-0.06691 51.507131,-0.075885 51.536585", "From Nesham Street, Wapping to Dunston Road , Haggerston"
"LINESTRING (-0.025626 51.511811,-0.075885 51.536585", "From Canton Street, Poplar to Dunston Road , Haggerston"
"LINESTRING (-0.109914 51.531666,-0.075885 51.536585", "From Claremont Square, Angel to Dunston Road , Haggerston"
"LINESTRING (-0.014691 51.546805,-0.075885 51.536585", "From Timber Lodge, Queen Elizabeth Olympic Park to Dunston Road , Haggerston"
"LINESTRING (-0.074754 51.523648,-0.060291 51.535716", "From Bethnal Green Road, Shoreditch to Ada Street, Hackney Central"
"LINESTRING (-0.086685 51.517075,-0.060291 51.535716", "From Finsbury Circus, Liverpool Street to Ada Street, Hackney Central"
"LINESTRING (-0.055894 51.528936,-0.060291 51.535716", "From York Hall, Bethnal Green to Ada Street, Hackney Central"
"LINESTRING (-0.073955 51.526293,-0.060291 51.535716", "From Palissy Street, Shoreditch to Ada Street, Hackney Central"
"LINESTRING (-0.055894 51.528936,-0.060291 51.535716", "From York Hall, Bethnal Green to Ada Street, Hackney Central"
"LINESTRING (-0.106992 51.534504,-0.060291 51.535716", "From Liverpool Road (N1 Centre), Angel to Ada Street, Hackney Central"
"LINESTRING (-0.049591 51.53341,-0.060291 51.535716", "From Bonner Gate, Victoria Park to Ada Street, Hackney Central"
"LINESTRING (-0.075885 51.536585,-0.060291 51.535716", "From Dunston Road , Haggerston to Ada Street, Hackney Central"
"LINESTRING (-0.026262 51.536039,-0.060291 51.535716", "From Wendon Street, Old Ford to Ada Street, Hackney Central"
"LINESTRING (-0.096317 51.526008,-0.060291 51.535716", "From Finsbury Leisure Centre, St. Luke's to Ada Street, Hackney Central"
"LINESTRING (-0.054883 51.522561,-0.060291 51.535716", "From Cephas Street, Bethnal Green to Ada Street, Hackney Central"
"LINESTRING (-0.074754 51.523648,-0.060291 51.535716", "From Bethnal Green Road, Shoreditch to Ada Street, Hackney Central"
"LINESTRING (-0.13011 51.513527,-0.060291 51.535716", "From Moor Street, Soho to Ada Street, Hackney Central"
"LINESTRING (-0.027581 51.526578,-0.060291 51.535716", "From Merchant Street, Bow to Ada Street, Hackney Central"
"LINESTRING (-0.07813 51.526377,-0.060291 51.535716", "From Shoreditch High Street, Shoreditch to Ada Street, Hackney Central"
"LINESTRING (-0.08249 51.53558,-0.060291 51.535716", "From Pitfield Street North,Hoxton to Ada Street, Hackney Central"
"LINESTRING (-0.063386 51.521905,-0.060291 51.535716", "From Selby Street, Whitechapel to Ada Street, Hackney Central"
"LINESTRING (-0.075885 51.536585,-0.060291 51.535716", "From Dunston Road , Haggerston to Ada Street, Hackney Central"
"LINESTRING (-0.060291 51.535716,-0.060291 51.535716", "From Ada Street, Hackney Central to Ada Street, Hackney Central"
"LINESTRING (-0.057133 51.527607,-0.060291 51.535716", "From Hollybush Gardens, Bethnal Green to Ada Street, Hackney Central"
"LINESTRING (-0.009935 51.546326,-0.060291 51.535716", "From East Village, Queen Elizabeth Olympic Park to Ada Street, Hackney Central"
"LINESTRING (-0.077178 51.514449,-0.060291 51.535716", "From Houndsditch, Aldgate to Ada Street, Hackney Central"
"LINESTRING (-0.08249 51.53558,-0.060291 51.535716", "From Pitfield Street North,Hoxton to Ada Street, Hackney Central"
"LINESTRING (-0.07023 51.536654,-0.060291 51.535716", "From Belford House, Haggerston to Ada Street, Hackney Central"
"LINESTRING (-0.089887 51.520858,-0.060291 51.535716", "From Bunhill Row, Moorgate to Ada Street, Hackney Central"
"LINESTRING (-0.099994 51.522853,-0.060291 51.535716", "From Berry Street, Clerkenwell to Ada Street, Hackney Central"
"LINESTRING (-0.09734 51.520841,-0.054162 51.536424", "From Aldersgate Street, Barbican to Victoria Park Road, Hackney Central"
"LINESTRING (-0.07813 51.526377,-0.054162 51.536424", "From Shoreditch High Street, Shoreditch to Victoria Park Road, Hackney Central"
"LINESTRING (-0.033085 51.532513,-0.054162 51.536424", "From Ford Road, Old Ford to Victoria Park Road, Hackney Central"
"LINESTRING (-0.028941 51.542118,-0.054162 51.536424", "From Cadogan Close, Victoria Park to Victoria Park Road, Hackney Central"
"LINESTRING (-0.0985 51.51601,-0.054162 51.536424", "From King Edward Street, St Pauls to Victoria Park Road, Hackney Central"
"LINESTRING (-0.032566 51.520597,-0.054162 51.536424", "From Mile End Park Leisure Centre, Mile End to Victoria Park Road, Hackney Central"
"LINESTRING (-0.025296 51.527058,-0.054162 51.536424", "From Bow Road Station, Bow to Victoria Park Road, Hackney Central"
"LINESTRING (-0.038557 51.541515,-0.054162 51.536424", "From Gascoyne Road, Victoria Park to Victoria Park Road, Hackney Central"
"LINESTRING (-0.074284 51.539328,-0.054162 51.536424", "From Haggerston Road, Haggerston to Victoria Park Road, Hackney Central"
"LINESTRING (-0.074284 51.539328,-0.054162 51.536424", "From Haggerston Road, Haggerston to Victoria Park Road, Hackney Central"
"LINESTRING (-0.074431 51.519362,-0.054162 51.536424", "From Fournier Street, Whitechapel to Victoria Park Road, Hackney Central"
"LINESTRING (-0.02163 51.540311,-0.054162 51.536424", "From Monier Road, Hackney Wick to Victoria Park Road, Hackney Central"
"LINESTRING (-0.051394 51.520893,-0.054162 51.536424", "From Cleveland Way, Stepney to Victoria Park Road, Hackney Central"
"LINESTRING (-0.01051 51.54094,-0.054162 51.536424", "From Aquatic Centre, Queen Elizabeth Olympic Park to Victoria Park Road, Hackney Central"
"LINESTRING (-0.034903 51.518541,-0.054162 51.536424", "From Mile End Stadium, Mile End to Victoria Park Road, Hackney Central"
"LINESTRING (-0.037366 51.534137,-0.054162 51.536424", "From Driffield Road, Old Ford to Victoria Park Road, Hackney Central"
"LINESTRING (-0.02163 51.540311,-0.054162 51.536424", "From Monier Road, Hackney Wick to Victoria Park Road, Hackney Central"
"LINESTRING (-0.055312 51.52568,-0.054162 51.536424", "From Bethnal Green Garden, Bethnal Green to Victoria Park Road, Hackney Central"
"LINESTRING (-0.093885 51.517008,-0.054162 51.536424", "From Wood Street, Guildhall to Victoria Park Road, Hackney Central"
"LINESTRING (-0.01051 51.54094,-0.054162 51.536424", "From Aquatic Centre, Queen Elizabeth Olympic Park to Victoria Park Road, Hackney Central"
"LINESTRING (-0.07962 51.503493,-0.054162 51.536424", "From Tooley Street, Bermondsey to Victoria Park Road, Hackney Central"
"LINESTRING (-0.01051 51.54094,-0.054162 51.536424", "From Aquatic Centre, Queen Elizabeth Olympic Park to Victoria Park Road, Hackney Central"
"LINESTRING (-0.026262 51.536039,-0.054162 51.536424", "From Wendon Street, Old Ford to Victoria Park Road, Hackney Central"
"LINESTRING (-0.042744 51.530326,-0.054162 51.536424", "From Twig Folly Bridge, Mile End to Victoria Park Road, Hackney Central"
"LINESTRING (-0.062546 51.535678,-0.054162 51.536424", "From Regent's Row , Haggerston to Victoria Park Road, Hackney Central"
"LINESTRING (-0.108068 51.527842,-0.054162 51.536424", "From Hardwick Street, Clerkenwell to Victoria Park Road, Hackney Central"
"LINESTRING (-0.037471 51.528224,-0.054162 51.536424", "From Antill Road, Mile End to Victoria Park Road, Hackney Central"
"LINESTRING (-0.073438 51.51838,-0.054162 51.536424", "From Fashion Street, Whitechapel to Victoria Park Road, Hackney Central"
"LINESTRING (-0.079249 51.518908,-0.054162 51.536424", "From Brushfield Street, Liverpool Street to Victoria Park Road, Hackney Central"
"LINESTRING (-0.087459 51.528673,-0.054162 51.536424", "From East Road, Hoxton to Victoria Park Road, Hackney Central"
"LINESTRING (-0.025296 51.527058,-0.054162 51.536424", "From Bow Road Station, Bow to Victoria Park Road, Hackney Central"
"LINESTRING (-0.054162 51.536424,-0.054162 51.536424", "From Victoria Park Road, Hackney Central to Victoria Park Road, Hackney Central"
"LINESTRING (-0.069743 51.528222,-0.054162 51.536424", "From Wellington Row, Bethnal Green to Victoria Park Road, Hackney Central"
"LINESTRING (-0.053177 51.515975,-0.054162 51.536424", "From Jubilee Street, Stepney to Victoria Park Road, Hackney Central"
"LINESTRING (-0.179077 51.495592,-0.205279 51.487244", "From Natural History Museum, South Kensington to Star Road, West Kensington"
"LINESTRING (-0.228188 51.494499,-0.205279 51.487244", "From Southerton Road, Hammersmith to Star Road, West Kensington"
"LINESTRING (-0.197574 51.499606,-0.205279 51.487244", "From Phillimore Gardens, Kensington to Star Road, West Kensington"
"LINESTRING (-0.205279 51.487244,-0.205279 51.487244", "From Star Road, West Kensington to Star Road, West Kensington"
"LINESTRING (-0.166878 51.488023,-0.205279 51.487244", "From Flood Street, Chelsea to Star Road, West Kensington"
"LINESTRING (-0.217995 51.487285,-0.205279 51.487244", "From Charing Cross Hospital, Hammersmith to Star Road, West Kensington"
"LINESTRING (-0.198286 51.493724,-0.205279 51.487244", "From West Cromwell Road, Earl's Court to Star Road, West Kensington"
"LINESTRING (-0.170194 51.489716,-0.205279 51.487244", "From St. Luke's Church, Chelsea to Star Road, West Kensington"
"LINESTRING (-0.192369 51.491593,-0.205279 51.487244", "From Penywern Road, Earl's Court to Star Road, West Kensington"
"LINESTRING (-0.214428 51.486062,-0.205279 51.487244", "From Greyhound Road, Hammersmith to Star Road, West Kensington"
"LINESTRING (-0.129925 51.493072,-0.205279 51.487244", "From Vincent Street, Pimlico to Star Road, West Kensington"
"LINESTRING (-0.209378 51.489591,-0.205279 51.487244", "From Vereker Road, West Kensington to Star Road, West Kensington"
"LINESTRING (-0.199783 51.472817,-0.205279 51.487244", "From Parson's Green , Parson's Green to Star Road, West Kensington"
"LINESTRING (-0.199783 51.472817,-0.205279 51.487244", "From Parson's Green , Parson's Green to Star Road, West Kensington"
"LINESTRING (-0.184806 51.457991,-0.205279 51.487244", "From Alma Road, Wandsworth to Star Road, West Kensington"
"LINESTRING (-0.149004 51.485821,-0.205279 51.487244", "From Chelsea Bridge, Pimlico to Star Road, West Kensington"
"LINESTRING (-0.145904 51.507069,-0.205279 51.487244", "From Curzon Street, Mayfair to Star Road, West Kensington"
"LINESTRING (-0.222456 51.488144,-0.205279 51.487244", "From Beryl Road, Hammersmith to Star Road, West Kensington"
"LINESTRING (-0.011889 51.538718,-0.026262 51.536039", "From Podium, Queen Elizabeth Olympic Park to Wendon Street, Old Ford"
"LINESTRING (-0.054162 51.536424,-0.026262 51.536039", "From Victoria Park Road, Hackney Central to Wendon Street, Old Ford"
"LINESTRING (-0.058826 51.54119,-0.026262 51.536039", "From London Fields, Hackney Central to Wendon Street, Old Ford"
"LINESTRING (-0.009935 51.546326,-0.026262 51.536039", "From East Village, Queen Elizabeth Olympic Park to Wendon Street, Old Ford"
"LINESTRING (-0.038986 51.512871,-0.026262 51.536039", "From Flamborough Street, Limehouse to Wendon Street, Old Ford"
"LINESTRING (-0.025296 51.527058,-0.026262 51.536039", "From Bow Road Station, Bow to Wendon Street, Old Ford"
"LINESTRING (-0.058005 51.527152,-0.026262 51.536039", "From Pott Street, Bethnal Green to Wendon Street, Old Ford"
"LINESTRING (-0.01051 51.54094,-0.026262 51.536039", "From Aquatic Centre, Queen Elizabeth Olympic Park to Wendon Street, Old Ford"
"LINESTRING (-0.058826 51.54119,-0.026262 51.536039", "From London Fields, Hackney Central to Wendon Street, Old Ford"
"LINESTRING (-0.022606 51.548731,-0.026262 51.536039", "From Here East North, Queen Elizabeth Olympic Park to Wendon Street, Old Ford"
"LINESTRING (-0.01051 51.54094,-0.026262 51.536039", "From Aquatic Centre, Queen Elizabeth Olympic Park to Wendon Street, Old Ford"
"LINESTRING (-0.093903 51.530991,-0.026262 51.536039", "From Wenlock Road , Hoxton to Wendon Street, Old Ford"
"LINESTRING (-0.09315 51.53356,-0.026262 51.536039", "From Eagle Wharf Road, Hoxton to Wendon Street, Old Ford"
"LINESTRING (-0.09294 51.51397,-0.026262 51.536039", "From Cheapside, Bank to Wendon Street, Old Ford"
"LINESTRING (-0.042744 51.530326,-0.026262 51.536039", "From Twig Folly Bridge, Mile End to Wendon Street, Old Ford"
"LINESTRING (-0.011889 51.538718,-0.026262 51.536039", "From Podium, Queen Elizabeth Olympic Park to Wendon Street, Old Ford"
"LINESTRING (-0.013258 51.528828,-0.026262 51.536039", "From Bromley High Street, Bow to Wendon Street, Old Ford"
"LINESTRING (-0.051394 51.520893,-0.026262 51.536039", "From Cleveland Way, Stepney to Wendon Street, Old Ford"
"LINESTRING (-0.07023 51.536654,-0.026262 51.536039", "From Belford House, Haggerston to Wendon Street, Old Ford"
"LINESTRING (-0.102757 51.536384,-0.026262 51.536039", "From Islington Green, Angel to Wendon Street, Old Ford"
"LINESTRING (-0.037366 51.534137,-0.026262 51.536039", "From Driffield Road, Old Ford to Wendon Street, Old Ford"
"LINESTRING (-0.023565 51.515427,-0.026262 51.536039", "From Stainsby Road , Poplar to Wendon Street, Old Ford"
"LINESTRING (-0.084439 51.524696,-0.058631 51.524583", "From Leonard Circus , Shoreditch to Finnis Street, Bethnal Green"
"LINESTRING (-0.049067 51.51563,-0.058631 51.524583", "From Aylward Street, Stepney to Finnis Street, Bethnal Green"
"LINESTRING (-0.089887 51.520858,-0.058631 51.524583", "From Bunhill Row, Moorgate to Finnis Street, Bethnal Green"
"LINESTRING (-0.074704 51.500845,-0.058631 51.524583", "From Tower Wharf, Bermondsey to Finnis Street, Bethnal Green"
"LINESTRING (-0.049067 51.51563,-0.058631 51.524583", "From Aylward Street, Stepney to Finnis Street, Bethnal Green"
"LINESTRING (-0.078505 51.53095,-0.058631 51.524583", "From Falkirk Street, Hoxton to Finnis Street, Bethnal Green"
"LINESTRING (-0.074284 51.539328,-0.058631 51.524583", "From Haggerston Road, Haggerston to Finnis Street, Bethnal Green"
"LINESTRING (-0.087262 51.506304,-0.058631 51.524583", "From Duke Street Hill, London Bridge to Finnis Street, Bethnal Green"
"LINESTRING (-0.066035 51.531864,-0.058631 51.524583", "From Goldsmith's Row, Haggerston to Finnis Street, Bethnal Green"
"LINESTRING (-0.055894 51.528936,-0.058631 51.524583", "From York Hall, Bethnal Green to Finnis Street, Bethnal Green"
"LINESTRING (-0.09294 51.51397,-0.058631 51.524583", "From Cheapside, Bank to Finnis Street, Bethnal Green"
"LINESTRING (-0.053177 51.515975,-0.058631 51.524583", "From Jubilee Street, Stepney to Finnis Street, Bethnal Green"
"LINESTRING (-0.199783 51.472817,-0.190346 51.46822", "From Parson's Green , Parson's Green to Stephendale Road, Sands End"
"LINESTRING (-0.183165 51.474665,-0.190346 51.46822", "From Imperial Wharf Station, Sands End to Stephendale Road, Sands End"
"LINESTRING (-0.180274 51.481805,-0.190346 51.46822", "From World's End Place, West Chelsea to Stephendale Road, Sands End"
"LINESTRING (-0.20464 51.470131,-0.190346 51.46822", "From Hurlingham Park, Parsons Green to Stephendale Road, Sands End"
"LINESTRING (-0.180274 51.481805,-0.190346 51.46822", "From World's End Place, West Chelsea to Stephendale Road, Sands End"
"LINESTRING (-0.195777 51.479463,-0.190346 51.46822", "From Erin Close, Walham Green to Stephendale Road, Sands End"
"LINESTRING (-0.187427 51.460864,-0.190346 51.46822", "From Wandsworth Town Station, Wandsworth to Stephendale Road, Sands End"
"LINESTRING (-0.194116 51.479932,-0.190346 51.46822", "From Fulham Broadway, Walham Green to Stephendale Road, Sands End"
"LINESTRING (-0.215895 51.476885,-0.190346 51.46822", "From Finlay Street, Fulham to Stephendale Road, Sands End"
"LINESTRING (-0.180274 51.481805,-0.190346 51.46822", "From World's End Place, West Chelsea to Stephendale Road, Sands End"
"LINESTRING (-0.168292 51.462392,-0.190346 51.46822", "From St. John's Road, Clapham Junction to Stephendale Road, Sands End"
"LINESTRING (-0.155442 51.474376,-0.190346 51.46822", "From Austin Road, Battersea Park to Stephendale Road, Sands End"
"LINESTRING (-0.182435 51.478169,-0.190346 51.46822", "From Upcerne Road, West Chelsea to Stephendale Road, Sands End"
"LINESTRING (-0.176267 51.472876,-0.190346 51.46822", "From Vicarage Crescent, Battersea to Stephendale Road, Sands End"
"LINESTRING (-0.199783 51.472817,-0.190346 51.46822", "From Parson's Green , Parson's Green to Stephendale Road, Sands End"
"LINESTRING (-0.199783 51.472817,-0.190346 51.46822", "From Parson's Green , Parson's Green to Stephendale Road, Sands End"
"LINESTRING (-0.169821 51.466633,-0.190346 51.46822", "From Falcon Road, Clapham Junction to Stephendale Road, Sands End"
"LINESTRING (-0.170703 51.470847,-0.190346 51.46822", "From Simpson Street, Clapham Junction to Stephendale Road, Sands End"
"LINESTRING (-0.20464 51.470131,-0.190346 51.46822", "From Hurlingham Park, Parsons Green to Stephendale Road, Sands End"
"LINESTRING (-0.20464 51.470131,-0.190346 51.46822", "From Hurlingham Park, Parsons Green to Stephendale Road, Sands End"
"LINESTRING (-0.147714 51.483507,-0.190346 51.46822", "From Battersea Power Station, Battersea Park to Stephendale Road, Sands End"
"LINESTRING (-0.126874 51.47787,-0.190346 51.46822", "From Hartington Road, Stockwell to Stephendale Road, Sands End"
"LINESTRING (-0.228188 51.494499,-0.190346 51.46822", "From Southerton Road, Hammersmith to Stephendale Road, Sands End"
"LINESTRING (-0.147714 51.483507,-0.190346 51.46822", "From Battersea Power Station, Battersea Park to Stephendale Road, Sands End"
"LINESTRING (-0.190346 51.46822,-0.190346 51.46822", "From Stephendale Road, Sands End to Stephendale Road, Sands End"
"LINESTRING (-0.16375 51.465064,-0.190346 51.46822", "From Dorothy Road, Clapham Junction to Stephendale Road, Sands End"
"LINESTRING (-0.199783 51.472817,-0.190346 51.46822", "From Parson's Green , Parson's Green to Stephendale Road, Sands End"
"LINESTRING (-0.180884 51.459225,-0.190346 51.46822", "From Spanish Road, Clapham Junction to Stephendale Road, Sands End"
"LINESTRING (-0.156876 51.49313,-0.190346 51.46822", "From Sedding Street, Sloane Square to Stephendale Road, Sands End"
"LINESTRING (-0.192165 51.457529,-0.190346 51.46822", "From Ram Street, Wandsworth to Stephendale Road, Sands End"
"LINESTRING (-0.20782 51.473471,-0.190346 51.46822", "From Fulham Park Road, Fulham to Stephendale Road, Sands End"
"LINESTRING (-0.167029 51.460333,-0.190346 51.46822", "From Abyssinia Close, Clapham Junction to Stephendale Road, Sands End"
"LINESTRING (-0.197574 51.499606,-0.190346 51.46822", "From Phillimore Gardens, Kensington to Stephendale Road, Sands End"
"LINESTRING (-0.195777 51.479463,-0.190346 51.46822", "From Erin Close, Walham Green to Stephendale Road, Sands End"
"LINESTRING (-0.212145 51.459715,-0.190346 51.46822", "From Upper Richmond Road, Putney to Stephendale Road, Sands End"
"LINESTRING (-0.194116 51.479932,-0.190346 51.46822", "From Fulham Broadway, Walham Green to Stephendale Road, Sands End"
"LINESTRING (-0.21186 51.483217,-0.190346 51.46822", "From Humbolt Road, Fulham to Stephendale Road, Sands End"
"LINESTRING (-0.195777 51.479463,-0.190346 51.46822", "From Erin Close, Walham Green to Stephendale Road, Sands End"
"LINESTRING (-0.201968 51.475089,-0.190346 51.46822", "From Parsons Green Station, Parsons Green to Stephendale Road, Sands End"
"LINESTRING (-0.175407 51.462305,-0.190346 51.46822", "From Plough Terrace, Clapham Junction to Stephendale Road, Sands End"
"LINESTRING (-0.222456 51.488144,-0.190346 51.46822", "From Beryl Road, Hammersmith to Stephendale Road, Sands End"
"LINESTRING (-0.139221 51.461388,-0.184806 51.457991", "From Clapham Common Station, Clapham Common to Alma Road, Wandsworth"
"LINESTRING (-0.192165 51.457529,-0.184806 51.457991", "From Ram Street, Wandsworth to Alma Road, Wandsworth"
"LINESTRING (-0.205279 51.487244,-0.184806 51.457991", "From Star Road, West Kensington to Alma Road, Wandsworth"
"LINESTRING (-0.159322 51.461343,-0.184806 51.457991", "From Clapham Common North Side, Clapham Common to Alma Road, Wandsworth"
"LINESTRING (-0.149035 51.481121,-0.184806 51.457991", "From Sopwith Way, Battersea Park to Alma Road, Wandsworth"
"LINESTRING (-0.216573 51.466907,-0.184806 51.457991", "From Putney Pier, Wandsworth to Alma Road, Wandsworth"
"LINESTRING (-0.174347 51.476964,-0.184806 51.457991", "From Battersea Church Road, Battersea to Alma Road, Wandsworth"
"LINESTRING (-0.079249 51.518908,-0.096518 51.491327", "From Brushfield Street, Liverpool Street to Walworth Square, Walworth"
"LINESTRING (-0.136792 51.533005,-0.096518 51.491327", "From Eversholt Street , Camden Town to Walworth Square, Walworth"
"LINESTRING (-0.063471 51.497995,-0.096518 51.491327", "From Bermondsey Station, Bermondsey to Walworth Square, Walworth"
"LINESTRING (-0.161203 51.496886,-0.096518 51.491327", "From Pont Street, Knightsbridge to Walworth Square, Walworth"
"LINESTRING (-0.083632 51.502153,-0.096518 51.491327", "From Snowsfields, London Bridge to Walworth Square, Walworth"
"LINESTRING (-0.091773 51.504627,-0.096518 51.491327", "From Hop Exchange, The Borough to Walworth Square, Walworth"
"LINESTRING (-0.102996 51.486929,-0.096518 51.491327", "From Doddington Grove, Kennington to Walworth Square, Walworth"
"LINESTRING (-0.109006 51.521661,-0.096518 51.491327", "From Hatton Wall, Holborn to Walworth Square, Walworth"
"LINESTRING (-0.106323 51.490757,-0.096518 51.491327", "From Cotton Garden Estate, Kennington to Walworth Square, Walworth"
"LINESTRING (-0.113656 51.505354,-0.096518 51.491327", "From Waterloo Bridge, South Bank to Walworth Square, Walworth"
"LINESTRING (-0.101536 51.49217,-0.096518 51.491327", "From Hampton Street, Walworth to Walworth Square, Walworth"
"LINESTRING (-0.116628 51.500089,-0.096518 51.491327", "From Lambeth Palace Road, Waterloo to Walworth Square, Walworth"
"LINESTRING (-0.053177 51.515975,-0.096518 51.491327", "From Jubilee Street, Stepney to Walworth Square, Walworth"
"LINESTRING (-0.115851 51.505044,-0.096518 51.491327", "From Concert Hall Approach 1, South Bank to Walworth Square, Walworth"
"LINESTRING (-0.138212 51.481335,-0.096518 51.491327", "From Riverlight South, Nine Elms to Walworth Square, Walworth"
"LINESTRING (-0.115057 51.512582,-0.096518 51.491327", "From Strand, Strand to Walworth Square, Walworth"
"LINESTRING (-0.08974 51.500823,-0.096518 51.491327", "From Empire Square, The Borough to Walworth Square, Walworth"
"LINESTRING (-0.091773 51.504627,-0.096518 51.491327", "From Hop Exchange, The Borough to Walworth Square, Walworth"
"LINESTRING (-0.134621 51.507424,-0.096518 51.491327", "From St. James's Square, St. James's to Walworth Square, Walworth"
"LINESTRING (-0.085666 51.499075,-0.096518 51.491327", "From Long Lane , Bermondsey to Walworth Square, Walworth"
"LINESTRING (-0.110699 51.501444,-0.096518 51.491327", "From Baylis Road, Waterloo to Walworth Square, Walworth"
"LINESTRING (-0.170983 51.486892,-0.096518 51.491327", "From Manresa Road, Chelsea to Walworth Square, Walworth"
"LINESTRING (-0.113864 51.504027,-0.096518 51.491327", "From Waterloo Station 1, Waterloo to Walworth Square, Walworth"
"LINESTRING (-0.138212 51.481335,-0.096518 51.491327", "From Riverlight South, Nine Elms to Walworth Square, Walworth"
"LINESTRING (-0.08974 51.500823,-0.096518 51.491327", "From Empire Square, The Borough to Walworth Square, Walworth"
"LINESTRING (-0.116628 51.500089,-0.096518 51.491327", "From Lambeth Palace Road, Waterloo to Walworth Square, Walworth"
"LINESTRING (-0.129698 51.500703,-0.096518 51.491327", "From Storey's Gate, Westminster to Walworth Square, Walworth"
"LINESTRING (-0.041378 51.522507,-0.096518 51.491327", "From Queen Mary's, Mile End to Walworth Square, Walworth"
"LINESTRING (-0.083632 51.502153,-0.096518 51.491327", "From Snowsfields, London Bridge to Walworth Square, Walworth"
"LINESTRING (-0.096518 51.491327,-0.096518 51.491327", "From Walworth Square, Walworth to Walworth Square, Walworth"
"LINESTRING (-0.120903 51.488124,-0.096518 51.491327", "From Vauxhall Walk, Vauxhall to Walworth Square, Walworth"
"LINESTRING (-0.134407 51.526236,-0.096518 51.491327", "From Euston Road, Euston to Walworth Square, Walworth"
"LINESTRING (-0.163041 51.470538,-0.150908 51.47505", "From Sheepcote Lane, Battersea to Alfreda Street, Battersea Park"
"LINESTRING (-0.195777 51.479463,-0.150908 51.47505", "From Erin Close, Walham Green to Alfreda Street, Battersea Park"
"LINESTRING (-0.161765 51.487964,-0.150908 51.47505", "From Ormonde Gate, Chelsea to Alfreda Street, Battersea Park"
"LINESTRING (-0.146544 51.468669,-0.150908 51.47505", "From Heath Road, Battersea to Alfreda Street, Battersea Park"
"LINESTRING (-0.149004 51.485821,-0.150908 51.47505", "From Chelsea Bridge, Pimlico to Alfreda Street, Battersea Park"
"LINESTRING (-0.116493 51.477839,-0.150908 51.47505", "From Caldwell Street, Stockwell to Alfreda Street, Battersea Park"
"LINESTRING (-0.199783 51.472817,-0.150908 51.47505", "From Parson's Green , Parson's Green to Alfreda Street, Battersea Park"
"LINESTRING (-0.161203 51.496886,-0.150908 51.47505", "From Pont Street, Knightsbridge to Alfreda Street, Battersea Park"
"LINESTRING (-0.15352 51.503117,-0.150908 51.47505", "From Hyde Park Corner, Hyde Park to Alfreda Street, Battersea Park"
"LINESTRING (-0.149004 51.485821,-0.150908 51.47505", "From Chelsea Bridge, Pimlico to Alfreda Street, Battersea Park"
"LINESTRING (-0.170329 51.477684,-0.150908 51.47505", "From Westbridge Road, Battersea to Alfreda Street, Battersea Park"
"LINESTRING (-0.119022 51.469202,-0.150908 51.47505", "From Sidney Road, Stockwell to Alfreda Street, Battersea Park"
"LINESTRING (-0.117661 51.482678,-0.150908 51.47505", "From Ashmole Estate, Oval to Alfreda Street, Battersea Park"
"LINESTRING (-0.166878 51.488023,-0.150908 51.47505", "From Flood Street, Chelsea to Alfreda Street, Battersea Park"
"LINESTRING (-0.166878 51.488023,-0.150908 51.47505", "From Flood Street, Chelsea to Alfreda Street, Battersea Park"
"LINESTRING (-0.170703 51.470847,-0.150908 51.47505", "From Simpson Street, Clapham Junction to Alfreda Street, Battersea Park"
"LINESTRING (-0.10988 51.49775,-0.150908 51.47505", "From King Edward Walk, Waterloo to Alfreda Street, Battersea Park"
"LINESTRING (-0.150908 51.47505,-0.150908 51.47505", "From Alfreda Street, Battersea Park to Alfreda Street, Battersea Park"
"LINESTRING (-0.190393 51.490163,-0.150908 51.47505", "From Bramham Gardens, Earl's Court to Alfreda Street, Battersea Park"
"LINESTRING (-0.18119 51.485587,-0.150908 51.47505", "From Limerston Street, West Chelsea to Alfreda Street, Battersea Park"
"LINESTRING (-0.15785 51.471095,-0.150908 51.47505", "From Culvert Road, Battersea to Alfreda Street, Battersea Park"
"LINESTRING (-0.129361 51.488365,-0.150908 51.47505", "From Vauxhall Bridge , Pimlico to Alfreda Street, Battersea Park"
"LINESTRING (-0.164786 51.477292,-0.150908 51.47505", "From Ethelburga Estate, Battersea Park to Alfreda Street, Battersea Park"
"LINESTRING (-0.170703 51.470847,-0.150908 51.47505", "From Simpson Street, Clapham Junction to Alfreda Street, Battersea Park"
"LINESTRING (-0.150908 51.47505,-0.150908 51.47505", "From Alfreda Street, Battersea Park to Alfreda Street, Battersea Park"
"LINESTRING (-0.115156 51.489479,-0.150908 51.47505", "From Sancroft Street, Vauxhall to Alfreda Street, Battersea Park"
"LINESTRING (-0.17524 51.48902,-0.150908 51.47505", "From South Parade, Chelsea to Alfreda Street, Battersea Park"
"LINESTRING (-0.161765 51.487964,-0.150908 51.47505", "From Ormonde Gate, Chelsea to Alfreda Street, Battersea Park"
"LINESTRING (-0.116628 51.500089,-0.150908 51.47505", "From Lambeth Palace Road, Waterloo to Alfreda Street, Battersea Park"
"LINESTRING (-0.187842 51.509908,-0.205876 51.475698", "From Black Lion Gate, Kensington Gardens to Chesilton Road, Fulham"
"LINESTRING (-0.087262 51.506304,-0.205876 51.475698", "From Duke Street Hill, London Bridge to Chesilton Road, Fulham"
"LINESTRING (-0.205991 51.501391,-0.205876 51.475698", "From Abbotsbury Road, Holland Park to Chesilton Road, Fulham"
"LINESTRING (-0.215895 51.476885,-0.205876 51.475698", "From Finlay Street, Fulham to Chesilton Road, Fulham"
"LINESTRING (-0.202038 51.48357,-0.205876 51.475698", "From Coomer Place, West Kensington to Chesilton Road, Fulham"
"LINESTRING (-0.215895 51.476885,-0.205876 51.475698", "From Finlay Street, Fulham to Chesilton Road, Fulham"
"LINESTRING (-0.158264 51.514577,-0.205876 51.475698", "From Old Quebec Street, Marylebone to Chesilton Road, Fulham"
"LINESTRING (-0.151296 51.50923,-0.205876 51.475698", "From South Audley Street, Mayfair to Chesilton Road, Fulham"
"LINESTRING (-0.206827 51.467601,-0.205876 51.475698", "From Ranelagh Gardens, Fulham to Chesilton Road, Fulham"
"LINESTRING (-0.193502 51.467064,-0.205876 51.475698", "From South Park, Sands End to Chesilton Road, Fulham"
"LINESTRING (-0.209973 51.481021,-0.205876 51.475698", "From Aintree Street, Fulham to Chesilton Road, Fulham"
"LINESTRING (-0.202038 51.48357,-0.205876 51.475698", "From Coomer Place, West Kensington to Chesilton Road, Fulham"
"LINESTRING (-0.113001 51.50486,-0.205876 51.475698", "From Waterloo Road, South Bank to Chesilton Road, Fulham"
"LINESTRING (-0.209121 51.491026,-0.205876 51.475698", "From Gwendwr Road, West Kensington to Chesilton Road, Fulham"
"LINESTRING (-0.187404 51.487958,-0.205876 51.475698", "From Harcourt Terrace, West Brompton to Chesilton Road, Fulham"
"LINESTRING (-0.150905 51.496544,-0.205876 51.475698", "From Eaton Square, Belgravia to Chesilton Road, Fulham"
"LINESTRING (-0.153645 51.512911,-0.205876 51.475698", "From North Audley Street, Mayfair to Chesilton Road, Fulham"
"LINESTRING (-0.192369 51.491593,-0.205876 51.475698", "From Penywern Road, Earl's Court to Chesilton Road, Fulham"
"LINESTRING (-0.184318 51.468819,-0.205876 51.475698", "From William Morris Way, Sands End to Chesilton Road, Fulham"
"LINESTRING (-0.226606 51.488108,-0.205876 51.475698", "From Crisp Road, Hammersmith to Chesilton Road, Fulham"
"LINESTRING (-0.179038 51.479573,-0.205876 51.475698", "From Lots Road, West Chelsea to Chesilton Road, Fulham"
"LINESTRING (-0.216305 51.483356,-0.205876 51.475698", "From Everington Street, Fulham to Chesilton Road, Fulham"
"LINESTRING (-0.236769 51.494223,-0.205876 51.475698", "From Ravenscourt Park Station, Hammersmith to Chesilton Road, Fulham"
"LINESTRING (-0.153233 51.490959,-0.205876 51.475698", "From Bourne Street, Belgravia to Chesilton Road, Fulham"
"LINESTRING (-0.183165 51.474665,-0.205876 51.475698", "From Imperial Wharf Station, Sands End to Chesilton Road, Fulham"
"LINESTRING (-0.215087 51.490217,-0.205876 51.475698", "From Barons Court Station, West Kensington to Chesilton Road, Fulham"
"LINESTRING (-0.201968 51.475089,-0.205876 51.475698", "From Parsons Green Station, Parsons Green to Chesilton Road, Fulham"
"LINESTRING (-0.205876 51.475698,-0.205876 51.475698", "From Chesilton Road, Fulham to Chesilton Road, Fulham"
"LINESTRING (-0.201968 51.475089,-0.205876 51.475698", "From Parsons Green Station, Parsons Green to Chesilton Road, Fulham"
"LINESTRING (-0.19701 51.473763,-0.205876 51.475698", "From Irene Road, Parsons Green to Chesilton Road, Fulham"
"LINESTRING (-0.199783 51.472817,-0.205876 51.475698", "From Parson's Green , Parson's Green to Chesilton Road, Fulham"
"LINESTRING (-0.16375 51.465064,-0.205876 51.475698", "From Dorothy Road, Clapham Junction to Chesilton Road, Fulham"
"LINESTRING (-0.229116 51.492084,-0.20624 51.461999", "From Bridge Avenue, Hammersmith to Putney Bridge Road, East Putney"
"LINESTRING (-0.155442 51.474376,-0.20624 51.461999", "From Austin Road, Battersea Park to Putney Bridge Road, East Putney"
"LINESTRING (-0.21186 51.483217,-0.20624 51.461999", "From Humbolt Road, Fulham to Putney Bridge Road, East Putney"
"LINESTRING (-0.199783 51.472817,-0.20624 51.461999", "From Parson's Green , Parson's Green to Putney Bridge Road, East Putney"
"LINESTRING (-0.190393 51.490163,-0.20624 51.461999", "From Bramham Gardens, Earl's Court to Putney Bridge Road, East Putney"
"LINESTRING (-0.20624 51.461999,-0.20624 51.461999", "From Putney Bridge Road, East Putney to Putney Bridge Road, East Putney"
"LINESTRING (-0.135478 51.495827,-0.20624 51.461999", "From Rochester Row, Westminster to Putney Bridge Road, East Putney"
"LINESTRING (-0.21555 51.463211,-0.20624 51.461999", "From Montserrat Road , Putney to Putney Bridge Road, East Putney"
"LINESTRING (-0.216573 51.466907,-0.208485 51.478939", "From Putney Pier, Wandsworth to St. Peter's Terrace, Fulham"
"LINESTRING (-0.208485 51.478939,-0.208485 51.478939", "From St. Peter's Terrace, Fulham to St. Peter's Terrace, Fulham"
"LINESTRING (-0.201968 51.475089,-0.208485 51.478939", "From Parsons Green Station, Parsons Green to St. Peter's Terrace, Fulham"
"LINESTRING (-0.223852 51.483732,-0.208485 51.478939", "From Rainville Road, Hammersmith to St. Peter's Terrace, Fulham"
"LINESTRING (-0.201968 51.475089,-0.208485 51.478939", "From Parsons Green Station, Parsons Green to St. Peter's Terrace, Fulham"
"LINESTRING (-0.201968 51.475089,-0.208485 51.478939", "From Parsons Green Station, Parsons Green to St. Peter's Terrace, Fulham"
"LINESTRING (-0.222456 51.488144,-0.208485 51.478939", "From Beryl Road, Hammersmith to St. Peter's Terrace, Fulham"
"LINESTRING (-0.143495 51.509992,-0.208485 51.478939", "From Grafton Street, Mayfair to St. Peter's Terrace, Fulham"
"LINESTRING (-0.208485 51.478939,-0.208485 51.478939", "From St. Peter's Terrace, Fulham to St. Peter's Terrace, Fulham"
"LINESTRING (-0.16375 51.465064,-0.208485 51.478939", "From Dorothy Road, Clapham Junction to St. Peter's Terrace, Fulham"
"LINESTRING (-0.138212 51.481335,-0.208485 51.478939", "From Riverlight South, Nine Elms to St. Peter's Terrace, Fulham"
"LINESTRING (-0.189155 51.477292,-0.208485 51.478939", "From Michael Road, Walham Green to St. Peter's Terrace, Fulham"
"LINESTRING (-0.143495 51.509992,-0.208485 51.478939", "From Grafton Street, Mayfair to St. Peter's Terrace, Fulham"
"LINESTRING (-0.223616 51.485743,-0.208485 51.478939", "From Manbre Road, Hammersmith to St. Peter's Terrace, Fulham"
"LINESTRING (-0.173881 51.494412,-0.208485 51.478939", "From South Kensington Station, South Kensington to St. Peter's Terrace, Fulham"
"LINESTRING (-0.208485 51.478939,-0.208485 51.478939", "From St. Peter's Terrace, Fulham to St. Peter's Terrace, Fulham"
"LINESTRING (-0.201968 51.475089,-0.208485 51.478939", "From Parsons Green Station, Parsons Green to St. Peter's Terrace, Fulham"
"LINESTRING (-0.178433 51.492479,-0.208485 51.478939", "From Queen's Gate (South), South Kensington to St. Peter's Terrace, Fulham"
"LINESTRING (-0.170194 51.489716,-0.208485 51.478939", "From St. Luke's Church, Chelsea to St. Peter's Terrace, Fulham"
"LINESTRING (-0.168917 51.497056,-0.208485 51.478939", "From Holy Trinity Brompton, Knightsbridge to St. Peter's Terrace, Fulham"
"LINESTRING (-0.167894 51.493184,-0.208485 51.478939", "From Sloane Avenue, Knightsbridge to St. Peter's Terrace, Fulham"
"LINESTRING (-0.202038 51.48357,-0.208485 51.478939", "From Coomer Place, West Kensington to St. Peter's Terrace, Fulham"
"LINESTRING (-0.199783 51.472817,-0.208485 51.478939", "From Parson's Green , Parson's Green to St. Peter's Terrace, Fulham"
"LINESTRING (-0.201968 51.475089,-0.208485 51.478939", "From Parsons Green Station, Parsons Green to St. Peter's Terrace, Fulham"
"LINESTRING (-0.199783 51.472817,-0.208485 51.478939", "From Parson's Green , Parson's Green to St. Peter's Terrace, Fulham"
"LINESTRING (-0.197609 51.483911,-0.208485 51.478939", "From Halford Road, West Kensington to St. Peter's Terrace, Fulham"
"LINESTRING (-0.195777 51.479463,-0.208485 51.478939", "From Erin Close, Walham Green to St. Peter's Terrace, Fulham"
"LINESTRING (-0.168917 51.497056,-0.208485 51.478939", "From Holy Trinity Brompton, Knightsbridge to St. Peter's Terrace, Fulham"
"LINESTRING (-0.179369 51.487196,-0.208485 51.478939", "From Drayton Gardens, West Chelsea to St. Peter's Terrace, Fulham"
"LINESTRING (-0.214428 51.486062,-0.229116 51.492084", "From Greyhound Road, Hammersmith to Bridge Avenue, Hammersmith"
"LINESTRING (-0.175407 51.462305,-0.229116 51.492084", "From Plough Terrace, Clapham Junction to Bridge Avenue, Hammersmith"
"LINESTRING (-0.214762 51.5129,-0.229116 51.492084", "From Grenfell Road, Avondale to Bridge Avenue, Hammersmith"
"LINESTRING (-0.209378 51.489591,-0.229116 51.492084", "From Vereker Road, West Kensington to Bridge Avenue, Hammersmith"
"LINESTRING (-0.157788 51.465123,-0.229116 51.492084", "From Sugden Road, Clapham to Bridge Avenue, Hammersmith"
"LINESTRING (-0.183834 51.497924,-0.229116 51.492084", "From Gloucester Road (North), Kensington to Bridge Avenue, Hammersmith"
"LINESTRING (-0.223852 51.483732,-0.229116 51.492084", "From Rainville Road, Hammersmith to Bridge Avenue, Hammersmith"
"LINESTRING (-0.210279 51.468814,-0.229116 51.492084", "From Putney Bridge Station, Fulham to Bridge Avenue, Hammersmith"
"LINESTRING (-0.183853 51.480898,-0.229116 51.492084", "From Thorndike Close, West Chelsea to Bridge Avenue, Hammersmith"
"LINESTRING (-0.206827 51.467601,-0.229116 51.492084", "From Ranelagh Gardens, Fulham to Bridge Avenue, Hammersmith"
"LINESTRING (-0.206827 51.467601,-0.229116 51.492084", "From Ranelagh Gardens, Fulham to Bridge Avenue, Hammersmith"
"LINESTRING (-0.223852 51.483732,-0.229116 51.492084", "From Rainville Road, Hammersmith to Bridge Avenue, Hammersmith"
"LINESTRING (-0.185273 51.481765,-0.229116 51.492084", "From Hortensia Road, West Brompton to Bridge Avenue, Hammersmith"
"LINESTRING (-0.193254 51.476259,-0.229116 51.492084", "From Eel Brook Common, Walham Green to Bridge Avenue, Hammersmith"
"LINESTRING (-0.222456 51.488144,-0.229116 51.492084", "From Beryl Road, Hammersmith to Bridge Avenue, Hammersmith"
"LINESTRING (-0.215804 51.494347,-0.229116 51.492084", "From Brook Green South, Brook Green to Bridge Avenue, Hammersmith"
"LINESTRING (-0.205284 51.496712,-0.229116 51.492084", "From Warwick Road, Olympia to Bridge Avenue, Hammersmith"
"LINESTRING (-0.197574 51.499606,-0.229116 51.492084", "From Phillimore Gardens, Kensington to Bridge Avenue, Hammersmith"
"LINESTRING (-0.215895 51.476885,-0.229116 51.492084", "From Finlay Street, Fulham to Bridge Avenue, Hammersmith"
"LINESTRING (-0.216493 51.491093,-0.229116 51.492084", "From Colet Gardens, Hammersmith to Bridge Avenue, Hammersmith"
"LINESTRING (-0.223852 51.483732,-0.229116 51.492084", "From Rainville Road, Hammersmith to Bridge Avenue, Hammersmith"
"LINESTRING (-0.226606 51.488108,-0.229116 51.492084", "From Crisp Road, Hammersmith to Bridge Avenue, Hammersmith"
"LINESTRING (-0.229116 51.492084,-0.229116 51.492084", "From Bridge Avenue, Hammersmith to Bridge Avenue, Hammersmith"
"LINESTRING (-0.176267 51.472876,-0.189155 51.477292", "From Vicarage Crescent, Battersea to Michael Road, Walham Green"
"LINESTRING (-0.179369 51.487196,-0.189155 51.477292", "From Drayton Gardens, West Chelsea to Michael Road, Walham Green"
"LINESTRING (-0.183165 51.474665,-0.189155 51.477292", "From Imperial Wharf Station, Sands End to Michael Road, Walham Green"
"LINESTRING (-0.147857 51.477966,-0.189155 51.477292", "From Gas Holders, Battersea Park to Michael Road, Walham Green"
"LINESTRING (-0.148059 51.472865,-0.189155 51.477292", "From Silverthorne Road, Battersea to Michael Road, Walham Green"
"LINESTRING (-0.191933 51.495866,-0.189155 51.477292", "From Lexham Gardens, Kensington to Michael Road, Walham Green"
"LINESTRING (-0.214428 51.486062,-0.189155 51.477292", "From Greyhound Road, Hammersmith to Michael Road, Walham Green"
"LINESTRING (-0.182126 51.463489,-0.189155 51.477292", "From Usk Road, Clapham Junction to Michael Road, Walham Green"
"LINESTRING (-0.147857 51.477966,-0.189155 51.477292", "From Gas Holders, Battersea Park to Michael Road, Walham Green"
"LINESTRING (-0.165297 51.461923,-0.189155 51.477292", "From Limburg Road, Clapham Junction to Michael Road, Walham Green"
"LINESTRING (-0.144132 51.493204,-0.189155 51.477292", "From Belgrave Road, Victoria to Michael Road, Walham Green"
"LINESTRING (-0.135635 51.488226,-0.189155 51.477292", "From St. George's Square, Pimlico to Michael Road, Walham Green"
"LINESTRING (-0.184318 51.468819,-0.189155 51.477292", "From William Morris Way, Sands End to Michael Road, Walham Green"
"LINESTRING (-0.135635 51.488226,-0.189155 51.477292", "From St. George's Square, Pimlico to Michael Road, Walham Green"
"LINESTRING (-0.156876 51.49313,-0.189155 51.477292", "From Sedding Street, Sloane Square to Michael Road, Walham Green"
"LINESTRING (-0.191933 51.495866,-0.189155 51.477292", "From Lexham Gardens, Kensington to Michael Road, Walham Green"
"LINESTRING (-0.209973 51.481021,-0.189155 51.477292", "From Aintree Street, Fulham to Michael Road, Walham Green"
"LINESTRING (-0.216145 51.46161,-0.189155 51.477292", "From Disraeli Road, Putney to Michael Road, Walham Green"
"LINESTRING (-0.179369 51.487196,-0.189155 51.477292", "From Drayton Gardens, West Chelsea to Michael Road, Walham Green"
"LINESTRING (-0.217995 51.487285,-0.189155 51.477292", "From Charing Cross Hospital, Hammersmith to Michael Road, Walham Green"
"LINESTRING (-0.157275 51.510017,-0.189155 51.477292", "From Park Lane , Hyde Park to Michael Road, Walham Green"
"LINESTRING (-0.077178 51.514449,-0.087262 51.506304", "From Houndsditch, Aldgate to Duke Street Hill, London Bridge"
"LINESTRING (-0.132845 51.489975,-0.087262 51.506304", "From Rampayne Street, Pimlico to Duke Street Hill, London Bridge"
"LINESTRING (-0.122759 51.487807,-0.087262 51.506304", "From New Spring Gardens Walk, Vauxhall to Duke Street Hill, London Bridge"
"LINESTRING (-0.191462 51.501364,-0.087262 51.506304", "From Derry Street, Kensington to Duke Street Hill, London Bridge"
"LINESTRING (-0.126874 51.47787,-0.087262 51.506304", "From Hartington Road, Stockwell to Duke Street Hill, London Bridge"
"LINESTRING (-0.122219 51.51477,-0.087262 51.506304", "From Drury Lane, Covent Garden to Duke Street Hill, London Bridge"
"LINESTRING (-0.167894 51.493184,-0.087262 51.506304", "From Sloane Avenue, Knightsbridge to Duke Street Hill, London Bridge"
"LINESTRING (-0.088285 51.519069,-0.087262 51.506304", "From Moorfields, Moorgate to Duke Street Hill, London Bridge"
"LINESTRING (-0.116279 51.524564,-0.087262 51.506304", "From Wren Street, Holborn to Duke Street Hill, London Bridge"
"LINESTRING (-0.081608 51.497855,-0.087262 51.506304", "From Bermondsey Street, Bermondsey to Duke Street Hill, London Bridge"
"LINESTRING (-0.070133 51.515231,-0.087262 51.506304", "From Central House, Whitechapel to Duke Street Hill, London Bridge"
"LINESTRING (-0.12335 51.51746,-0.087262 51.506304", "From Bury Place, Holborn to Duke Street Hill, London Bridge"
"LINESTRING (-0.112824 51.503791,-0.087262 51.506304", "From Waterloo Station 3, Waterloo to Duke Street Hill, London Bridge"
"LINESTRING (-0.058826 51.54119,-0.087262 51.506304", "From London Fields, Hackney Central to Duke Street Hill, London Bridge"
"LINESTRING (-0.097122 51.529423,-0.087262 51.506304", "From Macclesfield Rd, St Lukes to Duke Street Hill, London Bridge"
"LINESTRING (-0.04915 51.498439,-0.087262 51.506304", "From Canada Water Station, Rotherhithe to Duke Street Hill, London Bridge"
"LINESTRING (-0.062697 51.518154,-0.087262 51.506304", "From New Road 1 , Whitechapel to Duke Street Hill, London Bridge"
"LINESTRING (-0.100791 51.518218,-0.087262 51.506304", "From West Smithfield Rotunda, Farringdon to Duke Street Hill, London Bridge"
"LINESTRING (-0.068981 51.498585,-0.087262 51.506304", "From George Row, Bermondsey to Duke Street Hill, London Bridge"
"LINESTRING (-0.09315 51.53356,-0.087262 51.506304", "From Eagle Wharf Road, Hoxton to Duke Street Hill, London Bridge"
"LINESTRING (-0.09315 51.53356,-0.087262 51.506304", "From Eagle Wharf Road, Hoxton to Duke Street Hill, London Bridge"
"LINESTRING (-0.074189 51.502279,-0.087262 51.506304", "From Curlew Street, Shad Thames to Duke Street Hill, London Bridge"
"LINESTRING (-0.13214 51.519572,-0.087262 51.506304", "From Store Street, Bloomsbury to Duke Street Hill, London Bridge"
"LINESTRING (-0.074189 51.502279,-0.087262 51.506304", "From Curlew Street, Shad Thames to Duke Street Hill, London Bridge"
"LINESTRING (-0.097122 51.529423,-0.087262 51.506304", "From Macclesfield Rd, St Lukes to Duke Street Hill, London Bridge"
"LINESTRING (-0.07962 51.503493,-0.087262 51.506304", "From Tooley Street, Bermondsey to Duke Street Hill, London Bridge"
"LINESTRING (-0.049591 51.53341,-0.087262 51.506304", "From Bonner Gate, Victoria Park to Duke Street Hill, London Bridge"
"LINESTRING (-0.10044 51.498898,-0.087262 51.506304", "From Borough Road, Elephant & Castle to Duke Street Hill, London Bridge"
"LINESTRING (-0.187842 51.509908,-0.087262 51.506304", "From Black Lion Gate, Kensington Gardens to Duke Street Hill, London Bridge"
"LINESTRING (-0.055846 51.499169,-0.087262 51.506304", "From Rotherhithe Roundabout, Rotherhithe to Duke Street Hill, London Bridge"
"LINESTRING (-0.030556 51.523538,-0.087262 51.506304", "From Southern Grove, Bow to Duke Street Hill, London Bridge"
"LINESTRING (-0.132053 51.518587,-0.087262 51.506304", "From Bayley Street , Bloomsbury to Duke Street Hill, London Bridge"
"LINESTRING (-0.054162 51.536424,-0.087262 51.506304", "From Victoria Park Road, Hackney Central to Duke Street Hill, London Bridge"
"LINESTRING (-0.07813 51.526377,-0.087262 51.506304", "From Shoreditch High Street, Shoreditch to Duke Street Hill, London Bridge"
"LINESTRING (-0.099489 51.524868,-0.087262 51.506304", "From Sadlers Sports Centre, Finsbury to Duke Street Hill, London Bridge"
"LINESTRING (-0.112031 51.49914,-0.087262 51.506304", "From Lambeth North Station, Waterloo to Duke Street Hill, London Bridge"
"LINESTRING (-0.145211 51.520715,-0.087262 51.506304", "From Portland Place, Marylebone to Duke Street Hill, London Bridge"
"LINESTRING (-0.087262 51.506304,-0.087262 51.506304", "From Duke Street Hill, London Bridge to Duke Street Hill, London Bridge"
"LINESTRING (-0.090075 51.517842,-0.087262 51.506304", "From Fore Street, Guildhall to Duke Street Hill, London Bridge"
"LINESTRING (-0.04667 51.521889,-0.087262 51.506304", "From Stepney Green Station, Stepney to Duke Street Hill, London Bridge"
"LINESTRING (-0.108028 51.518825,-0.087262 51.506304", "From Hatton Garden, Holborn to Duke Street Hill, London Bridge"
"LINESTRING (-0.04667 51.521889,-0.087262 51.506304", "From Stepney Green Station, Stepney to Duke Street Hill, London Bridge"
"LINESTRING (-0.116279 51.524564,-0.087262 51.506304", "From Wren Street, Holborn to Duke Street Hill, London Bridge"
"LINESTRING (-0.058826 51.54119,-0.087262 51.506304", "From London Fields, Hackney Central to Duke Street Hill, London Bridge"
"LINESTRING (-0.041378 51.522507,-0.087262 51.506304", "From Queen Mary's, Mile End to Duke Street Hill, London Bridge"
"LINESTRING (-0.119022 51.469202,-0.087262 51.506304", "From Sidney Road, Stockwell to Duke Street Hill, London Bridge"
"LINESTRING (-0.111435 51.48894,-0.087262 51.506304", "From Kennington Cross, Kennington to Duke Street Hill, London Bridge"
"LINESTRING (-0.07962 51.503493,-0.087262 51.506304", "From Tooley Street, Bermondsey to Duke Street Hill, London Bridge"
"LINESTRING (-0.122492 51.486343,-0.087262 51.506304", "From Kennington Lane Rail Bridge, Vauxhall to Duke Street Hill, London Bridge"
"LINESTRING (-0.08066 51.514225,-0.087262 51.506304", "From St. Mary Axe, Aldgate to Duke Street Hill, London Bridge"
"LINESTRING (-0.083493 51.520955,-0.087262 51.506304", "From Pindar Street, Liverpool Street to Duke Street Hill, London Bridge"
"LINESTRING (-0.074704 51.500845,-0.087262 51.506304", "From Tower Wharf, Bermondsey to Duke Street Hill, London Bridge"
"LINESTRING (-0.082989 51.510484,-0.087262 51.506304", "From Great Tower Street, Monument to Duke Street Hill, London Bridge"
"LINESTRING (-0.113864 51.504027,-0.087262 51.506304", "From Waterloo Station 1, Waterloo to Duke Street Hill, London Bridge"
"LINESTRING (-0.18498 51.501737,-0.087262 51.506304", "From De Vere Gardens, Kensington to Duke Street Hill, London Bridge"
"LINESTRING (-0.09315 51.53356,-0.087262 51.506304", "From Eagle Wharf Road, Hoxton to Duke Street Hill, London Bridge"
"LINESTRING (-0.07962 51.503493,-0.087262 51.506304", "From Tooley Street, Bermondsey to Duke Street Hill, London Bridge"
"LINESTRING (-0.09315 51.53356,-0.087262 51.506304", "From Eagle Wharf Road, Hoxton to Duke Street Hill, London Bridge"
"LINESTRING (-0.113134 51.483145,-0.087262 51.506304", "From Kennington Oval, Oval to Duke Street Hill, London Bridge"
"LINESTRING (-0.018703 51.528169,-0.087262 51.506304", "From Bow Church Station, Bow to Duke Street Hill, London Bridge"
"LINESTRING (-0.025492 51.530535,-0.087262 51.506304", "From Mostyn Grove, Bow to Duke Street Hill, London Bridge"
"LINESTRING (-0.078869 51.521113,-0.087262 51.506304", "From Norton Folgate, Liverpool Street to Duke Street Hill, London Bridge"
"LINESTRING (-0.083493 51.520955,-0.087262 51.506304", "From Pindar Street, Liverpool Street to Duke Street Hill, London Bridge"
"LINESTRING (-0.05438 51.520019,-0.087262 51.506304", "From Ansell House, Stepney to Duke Street Hill, London Bridge"
"LINESTRING (-0.018703 51.528169,-0.087262 51.506304", "From Bow Church Station, Bow to Duke Street Hill, London Bridge"
"LINESTRING (-0.081608 51.497855,-0.087262 51.506304", "From Bermondsey Street, Bermondsey to Duke Street Hill, London Bridge"
"LINESTRING (-0.063471 51.497995,-0.087262 51.506304", "From Bermondsey Station, Bermondsey to Duke Street Hill, London Bridge"
"LINESTRING (-0.148105 51.514759,-0.150817 51.505426", "From Marylebone Lane, Marylebone to Park Lane, Mayfair"
"LINESTRING (-0.138212 51.481335,-0.150817 51.505426", "From Riverlight South, Nine Elms to Park Lane, Mayfair"
"LINESTRING (-0.161113 51.522596,-0.150817 51.505426", "From Dorset Square, Marylebone to Park Lane, Mayfair"
"LINESTRING (-0.174411 51.511933,-0.150817 51.505426", "From Bayswater Road, Hyde Park to Park Lane, Mayfair"
"LINESTRING (-0.201554 51.512136,-0.150817 51.505426", "From Chepstow Villas, Notting Hill to Park Lane, Mayfair"
"LINESTRING (-0.190603 51.493631,-0.150817 51.505426", "From Knaresborough Place, Earl's Court to Park Lane, Mayfair"
"LINESTRING (-0.132845 51.489975,-0.150817 51.505426", "From Rampayne Street, Pimlico to Park Lane, Mayfair"
"LINESTRING (-0.167894 51.493184,-0.150817 51.505426", "From Sloane Avenue, Knightsbridge to Park Lane, Mayfair"
"LINESTRING (-0.174554 51.499917,-0.150817 51.505426", "From Exhibition Road, Knightsbridge to Park Lane, Mayfair"
"LINESTRING (-0.17977 51.51348,-0.150817 51.505426", "From Devonshire Terrace, Bayswater to Park Lane, Mayfair"
"LINESTRING (-0.174411 51.511933,-0.150817 51.505426", "From Bayswater Road, Hyde Park to Park Lane, Mayfair"
"LINESTRING (-0.136123 51.482362,-0.150817 51.505426", "From Riverlight North, Nine Elms to Park Lane, Mayfair"
"LINESTRING (-0.174554 51.499917,-0.150817 51.505426", "From Exhibition Road, Knightsbridge to Park Lane, Mayfair"
"LINESTRING (-0.117122 51.490994,-0.175407 51.462305", "From Black Prince Road, Vauxhall to Plough Terrace, Clapham Junction"
"LINESTRING (-0.130908 51.464995,-0.175407 51.462305", "From Gauden Road, Clapham to Plough Terrace, Clapham Junction"
"LINESTRING (-0.17021 51.474535,-0.175407 51.462305", "From Orbel Street, Battersea to Plough Terrace, Clapham Junction"
"LINESTRING (-0.139221 51.461388,-0.175407 51.462305", "From Clapham Common Station, Clapham Common to Plough Terrace, Clapham Junction"
"LINESTRING (-0.191462 51.501364,-0.175407 51.462305", "From Derry Street, Kensington to Plough Terrace, Clapham Junction"
"LINESTRING (-0.157788 51.465123,-0.175407 51.462305", "From Sugden Road, Clapham to Plough Terrace, Clapham Junction"
"LINESTRING (-0.16716 51.47518,-0.175407 51.462305", "From Surrey Lane, Battersea to Plough Terrace, Clapham Junction"
"LINESTRING (-0.165471 51.498884,-0.175407 51.462305", "From Montpelier Street, Knightsbridge to Plough Terrace, Clapham Junction"
"LINESTRING (-0.149035 51.481121,-0.175407 51.462305", "From Sopwith Way, Battersea Park to Plough Terrace, Clapham Junction"
"LINESTRING (-0.174347 51.476964,-0.175407 51.462305", "From Battersea Church Road, Battersea to Plough Terrace, Clapham Junction"
"LINESTRING (-0.149035 51.481121,-0.175407 51.462305", "From Sopwith Way, Battersea Park to Plough Terrace, Clapham Junction"
"LINESTRING (-0.196274 51.46904,-0.175407 51.462305", "From Peterborough Road, Sands End to Plough Terrace, Clapham Junction"
"LINESTRING (-0.199783 51.472817,-0.175407 51.462305", "From Parson's Green , Parson's Green to Plough Terrace, Clapham Junction"
"LINESTRING (-0.147804 51.461376,-0.175407 51.462305", "From Victoria Rise, Clapham Common to Plough Terrace, Clapham Junction"
"LINESTRING (-0.170703 51.470847,-0.175407 51.462305", "From Simpson Street, Clapham Junction to Plough Terrace, Clapham Junction"
"LINESTRING (-0.184318 51.468819,-0.173029 51.464894", "From William Morris Way, Sands End to Grant Road East, Clapham Junction"
"LINESTRING (-0.180791 51.46193,-0.173029 51.464894", "From Nantes Close, Wandsworth to Grant Road East, Clapham Junction"
"LINESTRING (-0.180389 51.46517,-0.173029 51.464894", "From Hibbert Street, Battersea to Grant Road East, Clapham Junction"
"LINESTRING (-0.192165 51.457529,-0.173029 51.464894", "From Ram Street, Wandsworth to Grant Road East, Clapham Junction"
"LINESTRING (-0.178433 51.492479,-0.173029 51.464894", "From Queen's Gate (South), South Kensington to Grant Road East, Clapham Junction"
"LINESTRING (-0.190346 51.46822,-0.173029 51.464894", "From Stephendale Road, Sands End to Grant Road East, Clapham Junction"
"LINESTRING (-0.150908 51.47505,-0.173029 51.464894", "From Alfreda Street, Battersea Park to Grant Road East, Clapham Junction"
"LINESTRING (-0.174971 51.485121,-0.173029 51.464894", "From The Vale, Chelsea to Grant Road East, Clapham Junction"
"LINESTRING (-0.180389 51.46517,-0.173029 51.464894", "From Hibbert Street, Battersea to Grant Road East, Clapham Junction"
"LINESTRING (-0.17524 51.48902,-0.173029 51.464894", "From South Parade, Chelsea to Grant Road East, Clapham Junction"
"LINESTRING (-0.174554 51.499917,-0.173029 51.464894", "From Exhibition Road, Knightsbridge to Grant Road East, Clapham Junction"
"LINESTRING (-0.185273 51.481765,-0.173029 51.464894", "From Hortensia Road, West Brompton to Grant Road East, Clapham Junction"
"LINESTRING (-0.198735 51.46067,-0.173029 51.464894", "From Osiers Road, Wandsworth to Grant Road East, Clapham Junction"
"LINESTRING (-0.150908 51.47505,-0.173029 51.464894", "From Alfreda Street, Battersea Park to Grant Road East, Clapham Junction"
"LINESTRING (-0.182126 51.463489,-0.173029 51.464894", "From Usk Road, Clapham Junction to Grant Road East, Clapham Junction"
"LINESTRING (-0.182126 51.463489,-0.173029 51.464894", "From Usk Road, Clapham Junction to Grant Road East, Clapham Junction"
"LINESTRING (-0.182126 51.463489,-0.173029 51.464894", "From Usk Road, Clapham Junction to Grant Road East, Clapham Junction"
"LINESTRING (-0.163347 51.474392,-0.173029 51.464894", "From Albert Bridge Road, Battersea Park to Grant Road East, Clapham Junction"
"LINESTRING (-0.165164 51.514746,-0.173029 51.464894", "From Porchester Place, Paddington to Grant Road East, Clapham Junction"
"LINESTRING (-0.173029 51.464894,-0.173029 51.464894", "From Grant Road East, Clapham Junction to Grant Road East, Clapham Junction"
"LINESTRING (-0.182126 51.463489,-0.173029 51.464894", "From Usk Road, Clapham Junction to Grant Road East, Clapham Junction"
"LINESTRING (-0.182126 51.463489,-0.173029 51.464894", "From Usk Road, Clapham Junction to Grant Road East, Clapham Junction"
"LINESTRING (-0.17524 51.48902,-0.173029 51.464894", "From South Parade, Chelsea to Grant Road East, Clapham Junction"
"LINESTRING (-0.224103 51.509158,-0.173029 51.464894", "From Westfield Ariel Way, White City to Grant Road East, Clapham Junction"
"LINESTRING (-0.191722 51.461083,-0.173029 51.464894", "From Smugglers Way, Wandsworth to Grant Road East, Clapham Junction"
"LINESTRING (-0.215618 51.464786,-0.173029 51.464894", "From Felsham Road, Putney to Grant Road East, Clapham Junction"
"LINESTRING (-0.133972 51.472993,-0.173029 51.464894", "From Union Grove, Wandsworth Road to Grant Road East, Clapham Junction"
"LINESTRING (-0.208486 51.506465,-0.216104 51.50659", "From Princedale Road , Holland Park to Queensdale Road, Shepherd's Bush"
"LINESTRING (-0.201005 51.51787,-0.216104 51.50659", "From Westbourne Park Road, Portobello to Queensdale Road, Shepherd's Bush"
"LINESTRING (-0.214762 51.5129,-0.216104 51.50659", "From Grenfell Road, Avondale to Queensdale Road, Shepherd's Bush"
"LINESTRING (-0.201005 51.51787,-0.216104 51.50659", "From Westbourne Park Road, Portobello to Queensdale Road, Shepherd's Bush"
"LINESTRING (-0.208888 51.5212,-0.216104 51.50659", "From Bevington Road West, North Kensington to Queensdale Road, Shepherd's Bush"
"LINESTRING (-0.216104 51.50659,-0.216104 51.50659", "From Queensdale Road, Shepherd's Bush to Queensdale Road, Shepherd's Bush"
"LINESTRING (-0.214762 51.5129,-0.216104 51.50659", "From Grenfell Road, Avondale to Queensdale Road, Shepherd's Bush"
"LINESTRING (-0.161765 51.487964,-0.194116 51.479932", "From Ormonde Gate, Chelsea to Fulham Broadway, Walham Green"
"LINESTRING (-0.19617 51.490853,-0.194116 51.479932", "From Trebovir Road, Earl's Court to Fulham Broadway, Walham Green"
"LINESTRING (-0.158264 51.514577,-0.194116 51.479932", "From Old Quebec Street, Marylebone to Fulham Broadway, Walham Green"
"LINESTRING (-0.155442 51.474376,-0.194116 51.479932", "From Austin Road, Battersea Park to Fulham Broadway, Walham Green"
"LINESTRING (-0.18119 51.485587,-0.194116 51.479932", "From Limerston Street, West Chelsea to Fulham Broadway, Walham Green"
"LINESTRING (-0.148059 51.472865,-0.194116 51.479932", "From Silverthorne Road, Battersea to Fulham Broadway, Walham Green"
"LINESTRING (-0.179077 51.495592,-0.194116 51.479932", "From Natural History Museum, South Kensington to Fulham Broadway, Walham Green"
"LINESTRING (-0.190346 51.46822,-0.194116 51.479932", "From Stephendale Road, Sands End to Fulham Broadway, Walham Green"
"LINESTRING (-0.124469 51.485917,-0.194116 51.479932", "From Vauxhall Cross, Vauxhall to Fulham Broadway, Walham Green"
"LINESTRING (-0.185273 51.481765,-0.194116 51.479932", "From Hortensia Road, West Brompton to Fulham Broadway, Walham Green"
"LINESTRING (-0.187278 51.475142,-0.194116 51.479932", "From Imperial Road, Sands End to Fulham Broadway, Walham Green"
"LINESTRING (-0.18267 51.494185,-0.194116 51.479932", "From Gloucester Road Station, South Kensington to Fulham Broadway, Walham Green"
"LINESTRING (-0.18119 51.485587,-0.194116 51.479932", "From Limerston Street, West Chelsea to Fulham Broadway, Walham Green"
"LINESTRING (-0.195455 51.500401,-0.194116 51.479932", "From Argyll Road, Kensington to Fulham Broadway, Walham Green"
"LINESTRING (-0.18119 51.490945,-0.194116 51.479932", "From Old Brompton Road, South Kensington to Fulham Broadway, Walham Green"
"LINESTRING (-0.191803 51.473611,-0.194116 51.479932", "From Sandilands Road, Walham Green to Fulham Broadway, Walham Green"
"LINESTRING (-0.209973 51.481021,-0.194116 51.479932", "From Aintree Street, Fulham to Fulham Broadway, Walham Green"
"LINESTRING (-0.191803 51.473611,-0.194116 51.479932", "From Sandilands Road, Walham Green to Fulham Broadway, Walham Green"
"LINESTRING (-0.179038 51.479573,-0.194116 51.479932", "From Lots Road, West Chelsea to Fulham Broadway, Walham Green"
"LINESTRING (-0.18119 51.485587,-0.194116 51.479932", "From Limerston Street, West Chelsea to Fulham Broadway, Walham Green"
"LINESTRING (-0.190346 51.46822,-0.194116 51.479932", "From Stephendale Road, Sands End to Fulham Broadway, Walham Green"
"LINESTRING (-0.215895 51.476885,-0.194116 51.479932", "From Finlay Street, Fulham to Fulham Broadway, Walham Green"
"LINESTRING (-0.152317 51.499412,-0.194116 51.479932", "From Belgrave Square, Belgravia to Fulham Broadway, Walham Green"
"LINESTRING (-0.173881 51.494412,-0.194116 51.479932", "From South Kensington Station, South Kensington to Fulham Broadway, Walham Green"
"LINESTRING (-0.168917 51.497056,-0.194116 51.479932", "From Holy Trinity Brompton, Knightsbridge to Fulham Broadway, Walham Green"
"LINESTRING (-0.182126 51.463489,-0.194116 51.479932", "From Usk Road, Clapham Junction to Fulham Broadway, Walham Green"
"LINESTRING (-0.155442 51.474376,-0.194116 51.479932", "From Austin Road, Battersea Park to Fulham Broadway, Walham Green"
"LINESTRING (-0.199783 51.472817,-0.194116 51.479932", "From Parson's Green , Parson's Green to Fulham Broadway, Walham Green"
"LINESTRING (-0.176267 51.472876,-0.194116 51.479932", "From Vicarage Crescent, Battersea to Fulham Broadway, Walham Green"
"LINESTRING (-0.142207 51.485357,-0.194116 51.479932", "From Grosvenor Road, Pimlico to Fulham Broadway, Walham Green"
"LINESTRING (-0.20782 51.473471,-0.194116 51.479932", "From Fulham Park Road, Fulham to Fulham Broadway, Walham Green"
"LINESTRING (-0.197609 51.483911,-0.194116 51.479932", "From Halford Road, West Kensington to Fulham Broadway, Walham Green"
"LINESTRING (-0.180389 51.46517,-0.194116 51.479932", "From Hibbert Street, Battersea to Fulham Broadway, Walham Green"
"LINESTRING (-0.130908 51.464995,-0.194116 51.479932", "From Gauden Road, Clapham to Fulham Broadway, Walham Green"
"LINESTRING (-0.18119 51.485587,-0.194116 51.479932", "From Limerston Street, West Chelsea to Fulham Broadway, Walham Green"
"LINESTRING (-0.216305 51.483356,-0.194116 51.479932", "From Everington Street, Fulham to Fulham Broadway, Walham Green"
"LINESTRING (-0.166878 51.488023,-0.194116 51.479932", "From Flood Street, Chelsea to Fulham Broadway, Walham Green"
"LINESTRING (-0.180274 51.481805,-0.194116 51.479932", "From World's End Place, West Chelsea to Fulham Broadway, Walham Green"
"LINESTRING (-0.167919 51.484984,-0.194116 51.479932", "From Phene Street, Chelsea to Fulham Broadway, Walham Green"
"LINESTRING (-0.184318 51.468819,-0.194116 51.479932", "From William Morris Way, Sands End to Fulham Broadway, Walham Green"
"LINESTRING (-0.167894 51.493184,-0.194116 51.479932", "From Sloane Avenue, Knightsbridge to Fulham Broadway, Walham Green"
"LINESTRING (-0.205279 51.487244,-0.194116 51.479932", "From Star Road, West Kensington to Fulham Broadway, Walham Green"
"LINESTRING (-0.174971 51.485121,-0.194116 51.479932", "From The Vale, Chelsea to Fulham Broadway, Walham Green"
"LINESTRING (-0.190346 51.46822,-0.194116 51.479932", "From Stephendale Road, Sands End to Fulham Broadway, Walham Green"
"LINESTRING (-0.133972 51.472993,-0.194116 51.479932", "From Union Grove, Wandsworth Road to Fulham Broadway, Walham Green"
"LINESTRING (-0.205279 51.487244,-0.194116 51.479932", "From Star Road, West Kensington to Fulham Broadway, Walham Green"
"LINESTRING (-0.150817 51.505426,-0.194116 51.479932", "From Park Lane, Mayfair to Fulham Broadway, Walham Green"
"LINESTRING (-0.183853 51.480898,-0.194116 51.479932", "From Thorndike Close, West Chelsea to Fulham Broadway, Walham Green"
"LINESTRING (-0.171103 51.518268,-0.194116 51.479932", "From St Mary's Hospital, Paddington to Fulham Broadway, Walham Green"
"LINESTRING (-0.18267 51.494185,-0.194116 51.479932", "From Gloucester Road Station, South Kensington to Fulham Broadway, Walham Green"
"LINESTRING (-0.16716 51.47518,-0.194116 51.479932", "From Surrey Lane, Battersea to Fulham Broadway, Walham Green"
"LINESTRING (-0.209121 51.491026,-0.194116 51.479932", "From Gwendwr Road, West Kensington to Fulham Broadway, Walham Green"
"LINESTRING (-0.209973 51.481021,-0.194116 51.479932", "From Aintree Street, Fulham to Fulham Broadway, Walham Green"
"LINESTRING (-0.170329 51.477684,-0.194116 51.479932", "From Westbridge Road, Battersea to Fulham Broadway, Walham Green"
"LINESTRING (-0.17524 51.48902,-0.194116 51.479932", "From South Parade, Chelsea to Fulham Broadway, Walham Green"
"LINESTRING (-0.209973 51.481021,-0.194116 51.479932", "From Aintree Street, Fulham to Fulham Broadway, Walham Green"
"LINESTRING (-0.180274 51.481805,-0.194116 51.479932", "From World's End Place, West Chelsea to Fulham Broadway, Walham Green"
"LINESTRING (-0.223852 51.483732,-0.194116 51.479932", "From Rainville Road, Hammersmith to Fulham Broadway, Walham Green"
"LINESTRING (-0.137235 51.473116,-0.194116 51.479932", "From Stewart's Road, Wandsworth Road to Fulham Broadway, Walham Green"
"LINESTRING (-0.205876 51.475698,-0.194116 51.479932", "From Chesilton Road, Fulham to Fulham Broadway, Walham Green"
"LINESTRING (-0.124469 51.485917,-0.194116 51.479932", "From Vauxhall Cross, Vauxhall to Fulham Broadway, Walham Green"
"LINESTRING (-0.215895 51.476885,-0.194116 51.479932", "From Finlay Street, Fulham to Fulham Broadway, Walham Green"
"LINESTRING (-0.215618 51.464786,-0.194116 51.479932", "From Felsham Road, Putney to Fulham Broadway, Walham Green"
"LINESTRING (-0.18267 51.494185,-0.194116 51.479932", "From Gloucester Road Station, South Kensington to Fulham Broadway, Walham Green"
"LINESTRING (-0.216573 51.466907,-0.187278 51.475142", "From Putney Pier, Wandsworth to Imperial Road, Sands End"
"LINESTRING (-0.208485 51.478939,-0.187278 51.475142", "From St. Peter's Terrace, Fulham to Imperial Road, Sands End"
"LINESTRING (-0.141334 51.492345,-0.187278 51.475142", "From Guildhouse Street, Victoria to Imperial Road, Sands End"
"LINESTRING (-0.193487 51.513735,-0.187278 51.475142", "From Hereford Road, Bayswater to Imperial Road, Sands End"
"LINESTRING (-0.184318 51.468819,-0.187278 51.475142", "From William Morris Way, Sands End to Imperial Road, Sands End"
"LINESTRING (-0.204815 51.484386,-0.187278 51.475142", "From Normand Park, West Kensington to Imperial Road, Sands End"
"LINESTRING (-0.124121 51.523418,-0.187278 51.475142", "From Russell Square Station, Bloomsbury to Imperial Road, Sands End"
"LINESTRING (-0.208485 51.478939,-0.187278 51.475142", "From St. Peter's Terrace, Fulham to Imperial Road, Sands End"
"LINESTRING (-0.197609 51.483911,-0.187278 51.475142", "From Halford Road, West Kensington to Imperial Road, Sands End"
"LINESTRING (-0.205279 51.487244,-0.187278 51.475142", "From Star Road, West Kensington to Imperial Road, Sands End"
"LINESTRING (-0.183165 51.474665,-0.187278 51.475142", "From Imperial Wharf Station, Sands End to Imperial Road, Sands End"
"LINESTRING (-0.202038 51.48357,-0.187278 51.475142", "From Coomer Place, West Kensington to Imperial Road, Sands End"
"LINESTRING (-0.176267 51.472876,-0.187278 51.475142", "From Vicarage Crescent, Battersea to Imperial Road, Sands End"
"LINESTRING (-0.184318 51.468819,-0.187278 51.475142", "From William Morris Way, Sands End to Imperial Road, Sands End"
"LINESTRING (-0.184318 51.468819,-0.187278 51.475142", "From William Morris Way, Sands End to Imperial Road, Sands End"
"LINESTRING (-0.162418 51.490083,-0.187278 51.475142", "From Royal Avenue 2, Chelsea to Imperial Road, Sands End"
"LINESTRING (-0.195777 51.479463,-0.187278 51.475142", "From Erin Close, Walham Green to Imperial Road, Sands End"
"LINESTRING (-0.199783 51.472817,-0.187278 51.475142", "From Parson's Green , Parson's Green to Imperial Road, Sands End"
"LINESTRING (-0.195777 51.479463,-0.187278 51.475142", "From Erin Close, Walham Green to Imperial Road, Sands End"
"LINESTRING (-0.194116 51.479932,-0.187278 51.475142", "From Fulham Broadway, Walham Green to Imperial Road, Sands End"
"LINESTRING (-0.187278 51.475142,-0.187278 51.475142", "From Imperial Road, Sands End to Imperial Road, Sands End"
"LINESTRING (-0.187842 51.509908,-0.187278 51.475142", "From Black Lion Gate, Kensington Gardens to Imperial Road, Sands End"
"LINESTRING (-0.19701 51.473763,-0.187278 51.475142", "From Irene Road, Parsons Green to Imperial Road, Sands End"
"LINESTRING (-0.187278 51.475142,-0.187278 51.475142", "From Imperial Road, Sands End to Imperial Road, Sands End"
"LINESTRING (-0.206827 51.467601,-0.187278 51.475142", "From Ranelagh Gardens, Fulham to Imperial Road, Sands End"
"LINESTRING (-0.216526 51.460717,-0.187278 51.475142", "From Putney Rail Station, Putney to Imperial Road, Sands End"
"LINESTRING (-0.194116 51.479932,-0.185273 51.481765", "From Fulham Broadway, Walham Green to Hortensia Road, West Brompton"
"LINESTRING (-0.194116 51.479932,-0.185273 51.481765", "From Fulham Broadway, Walham Green to Hortensia Road, West Brompton"
"LINESTRING (-0.206029 51.49087,-0.185273 51.481765", "From West Kensington Station, West Kensington to Hortensia Road, West Brompton"
"LINESTRING (-0.190393 51.490163,-0.185273 51.481765", "From Bramham Gardens, Earl's Court to Hortensia Road, West Brompton"
"LINESTRING (-0.180389 51.46517,-0.185273 51.481765", "From Hibbert Street, Battersea to Hortensia Road, West Brompton"
"LINESTRING (-0.187404 51.487958,-0.185273 51.481765", "From Harcourt Terrace, West Brompton to Hortensia Road, West Brompton"
"LINESTRING (-0.15785 51.471095,-0.185273 51.481765", "From Culvert Road, Battersea to Hortensia Road, West Brompton"
"LINESTRING (-0.169821 51.466633,-0.185273 51.481765", "From Falcon Road, Clapham Junction to Hortensia Road, West Brompton"
"LINESTRING (-0.192369 51.491593,-0.185273 51.481765", "From Penywern Road, Earl's Court to Hortensia Road, West Brompton"
"LINESTRING (-0.180274 51.481805,-0.185273 51.481765", "From World's End Place, West Chelsea to Hortensia Road, West Brompton"
"LINESTRING (-0.224103 51.509158,-0.185273 51.481765", "From Westfield Ariel Way, White City to Hortensia Road, West Brompton"
"LINESTRING (-0.204815 51.484386,-0.185273 51.481765", "From Normand Park, West Kensington to Hortensia Road, West Brompton"
"LINESTRING (-0.161203 51.496886,-0.185273 51.481765", "From Pont Street, Knightsbridge to Hortensia Road, West Brompton"
"LINESTRING (-0.19617 51.490853,-0.185273 51.481765", "From Trebovir Road, Earl's Court to Hortensia Road, West Brompton"
"LINESTRING (-0.219486 51.512981,-0.185273 51.481765", "From Freston Road, Avondale to Hortensia Road, West Brompton"
"LINESTRING (-0.2174 51.504038,-0.185273 51.481765", "From Woodstock Grove, Shepherd's Bush to Hortensia Road, West Brompton"
"LINESTRING (-0.199783 51.472817,-0.185273 51.481765", "From Parson's Green , Parson's Green to Hortensia Road, West Brompton"
"LINESTRING (-0.170983 51.486892,-0.185273 51.481765", "From Manresa Road, Chelsea to Hortensia Road, West Brompton"
"LINESTRING (-0.192369 51.491593,-0.185273 51.481765", "From Penywern Road, Earl's Court to Hortensia Road, West Brompton"
"LINESTRING (-0.192165 51.457529,-0.185273 51.481765", "From Ram Street, Wandsworth to Hortensia Road, West Brompton"
"LINESTRING (-0.214594 51.510928,-0.214594 51.510928", "From Sirdar Road, Avondale to Sirdar Road, Avondale"
"LINESTRING (-0.15352 51.503117,-0.214594 51.510928", "From Hyde Park Corner, Hyde Park to Sirdar Road, Avondale"
"LINESTRING (-0.15352 51.503117,-0.214594 51.510928", "From Hyde Park Corner, Hyde Park to Sirdar Road, Avondale"
"LINESTRING (-0.214594 51.510928,-0.214594 51.510928", "From Sirdar Road, Avondale to Sirdar Road, Avondale"
"LINESTRING (-0.165101 51.493583,-0.219486 51.512981", "From Denyer Street, Knightsbridge to Freston Road, Avondale"
"LINESTRING (-0.205284 51.496712,-0.219486 51.512981", "From Warwick Road, Olympia to Freston Road, Avondale"
"LINESTRING (-0.217515 51.500353,-0.219486 51.512981", "From Richmond Way, Shepherd's Bush to Freston Road, Avondale"
"LINESTRING (-0.219486 51.512981,-0.219486 51.512981", "From Freston Road, Avondale to Freston Road, Avondale"
"LINESTRING (-0.218337 51.506256,-0.219486 51.512981", "From Westfield Southern Terrace ,Shepherd's Bush to Freston Road, Avondale"
"LINESTRING (-0.224103 51.509158,-0.219486 51.512981", "From Westfield Ariel Way, White City to Freston Road, Avondale"
"LINESTRING (-0.218337 51.506256,-0.219486 51.512981", "From Westfield Southern Terrace ,Shepherd's Bush to Freston Road, Avondale"
"LINESTRING (-0.205921 51.511624,-0.208565 51.515108", "From Ladbroke Grove Central, Ladbroke Grove to Blenheim Crescent, Ladbroke Grove"
"LINESTRING (-0.208486 51.506465,-0.208565 51.515108", "From Princedale Road , Holland Park to Blenheim Crescent, Ladbroke Grove"
"LINESTRING (-0.197524 51.511084,-0.208565 51.515108", "From Pembridge Villas, Notting Hill to Blenheim Crescent, Ladbroke Grove"
"LINESTRING (-0.210941 51.504199,-0.208565 51.515108", "From Addison Road, Holland Park to Blenheim Crescent, Ladbroke Grove"
"LINESTRING (-0.223868 51.496664,-0.208565 51.515108", "From Little Brook Green, Brook Green to Blenheim Crescent, Ladbroke Grove"
"LINESTRING (-0.216016 51.509224,-0.208565 51.515108", "From Rifle Place, Avondale to Blenheim Crescent, Ladbroke Grove"
"LINESTRING (-0.19024 51.515529,-0.208565 51.515108", "From Westbourne Grove, Bayswater to Blenheim Crescent, Ladbroke Grove"
"LINESTRING (-0.222293 51.501594,-0.208565 51.515108", "From Shepherd's Bush Road North, Shepherd's Bush to Blenheim Crescent, Ladbroke Grove"
"LINESTRING (-0.157275 51.510017,-0.208565 51.515108", "From Park Lane , Hyde Park to Blenheim Crescent, Ladbroke Grove"
"LINESTRING (-0.18377 51.5171,-0.208565 51.515108", "From Bishop's Bridge Road East, Bayswater to Blenheim Crescent, Ladbroke Grove"
"LINESTRING (-0.195777 51.479463,-0.208565 51.515108", "From Erin Close, Walham Green to Blenheim Crescent, Ladbroke Grove"
"LINESTRING (-0.193487 51.513735,-0.208565 51.515108", "From Hereford Road, Bayswater to Blenheim Crescent, Ladbroke Grove"
"LINESTRING (-0.197524 51.511084,-0.208565 51.515108", "From Pembridge Villas, Notting Hill to Blenheim Crescent, Ladbroke Grove"
"LINESTRING (-0.19024 51.515529,-0.208565 51.515108", "From Westbourne Grove, Bayswater to Blenheim Crescent, Ladbroke Grove"
"LINESTRING (-0.197524 51.511084,-0.208565 51.515108", "From Pembridge Villas, Notting Hill to Blenheim Crescent, Ladbroke Grove"
"LINESTRING (-0.187402 51.51031,-0.208565 51.515108", "From Queensway, Kensington Gardens to Blenheim Crescent, Ladbroke Grove"
"LINESTRING (-0.193068 51.500397,-0.212607 51.460792", "From Wright's Lane, Kensington to Oxford Road, Putney"
"LINESTRING (-0.216573 51.466907,-0.212607 51.460792", "From Putney Pier, Wandsworth to Oxford Road, Putney"
"LINESTRING (-0.163041 51.470538,-0.172293 51.467454", "From Sheepcote Lane, Battersea to Ingrave Street, Clapham Junction"
"LINESTRING (-0.140741 51.488057,-0.172293 51.467454", "From Alderney Street, Pimlico to Ingrave Street, Clapham Junction"
"LINESTRING (-0.146544 51.468669,-0.172293 51.467454", "From Heath Road, Battersea to Ingrave Street, Clapham Junction"
"LINESTRING (-0.186753 51.491615,-0.172293 51.467454", "From Collingham Gardens, Earl's Court to Ingrave Street, Clapham Junction"
"LINESTRING (-0.129697 51.509087,-0.172293 51.467454", "From St. Martin's Street, West End to Ingrave Street, Clapham Junction"
"LINESTRING (-0.191722 51.461083,-0.172293 51.467454", "From Smugglers Way, Wandsworth to Ingrave Street, Clapham Junction"
"LINESTRING (-0.11258 51.473874,-0.172293 51.467454", "From Normandy Road, Stockwell to Ingrave Street, Clapham Junction"
"LINESTRING (-0.178433 51.492479,-0.172293 51.467454", "From Queen's Gate (South), South Kensington to Ingrave Street, Clapham Junction"
"LINESTRING (-0.147714 51.483507,-0.172293 51.467454", "From Battersea Power Station, Battersea Park to Ingrave Street, Clapham Junction"
"LINESTRING (-0.170194 51.489716,-0.172293 51.467454", "From St. Luke's Church, Chelsea to Ingrave Street, Clapham Junction"
"LINESTRING (-0.147714 51.483507,-0.172293 51.467454", "From Battersea Power Station, Battersea Park to Ingrave Street, Clapham Junction"
"LINESTRING (-0.183165 51.474665,-0.182435 51.478169", "From Imperial Wharf Station, Sands End to Upcerne Road, West Chelsea"
"LINESTRING (-0.147857 51.477966,-0.182435 51.478169", "From Gas Holders, Battersea Park to Upcerne Road, West Chelsea"
"LINESTRING (-0.156876 51.49313,-0.182435 51.478169", "From Sedding Street, Sloane Square to Upcerne Road, West Chelsea"
"LINESTRING (-0.170194 51.489716,-0.182435 51.478169", "From St. Luke's Church, Chelsea to Upcerne Road, West Chelsea"
"LINESTRING (-0.192165 51.457529,-0.182435 51.478169", "From Ram Street, Wandsworth to Upcerne Road, West Chelsea"
"LINESTRING (-0.156876 51.49313,-0.182435 51.478169", "From Sedding Street, Sloane Square to Upcerne Road, West Chelsea"
"LINESTRING (-0.167894 51.493184,-0.182435 51.478169", "From Sloane Avenue, Knightsbridge to Upcerne Road, West Chelsea"
"LINESTRING (-0.147624 51.49395,-0.182435 51.478169", "From Eccleston Place, Victoria to Upcerne Road, West Chelsea"
"LINESTRING (-0.141923 51.489856,-0.182435 51.478169", "From Warwick Square, Pimlico to Upcerne Road, West Chelsea"
"LINESTRING (-0.187427 51.460864,-0.182435 51.478169", "From Wandsworth Town Station, Wandsworth to Upcerne Road, West Chelsea"
"LINESTRING (-0.183289 51.496462,-0.182435 51.478169", "From Gloucester Road (Central), South Kensington to Upcerne Road, West Chelsea"
"LINESTRING (-0.16716 51.47518,-0.182435 51.478169", "From Surrey Lane, Battersea to Upcerne Road, West Chelsea"
"LINESTRING (-0.179135 51.516417,-0.182435 51.478169", "From Eastbourne Mews, Paddington to Upcerne Road, West Chelsea"
"LINESTRING (-0.190184 51.459953,-0.182435 51.478169", "From Morie Street, Wandsworth to Upcerne Road, West Chelsea"
"LINESTRING (-0.192369 51.491593,-0.182435 51.478169", "From Penywern Road, Earl's Court to Upcerne Road, West Chelsea"
"LINESTRING (-0.145904 51.507069,-0.182435 51.478169", "From Curzon Street, Mayfair to Upcerne Road, West Chelsea"
"LINESTRING (-0.194116 51.479932,-0.182435 51.478169", "From Fulham Broadway, Walham Green to Upcerne Road, West Chelsea"
"LINESTRING (-0.194116 51.479932,-0.182435 51.478169", "From Fulham Broadway, Walham Green to Upcerne Road, West Chelsea"
"LINESTRING (-0.147714 51.483507,-0.182435 51.478169", "From Battersea Power Station, Battersea Park to Upcerne Road, West Chelsea"
"LINESTRING (-0.167894 51.493184,-0.182435 51.478169", "From Sloane Avenue, Knightsbridge to Upcerne Road, West Chelsea"
"LINESTRING (-0.147624 51.49395,-0.182435 51.478169", "From Eccleston Place, Victoria to Upcerne Road, West Chelsea"
"LINESTRING (-0.147714 51.483507,-0.182435 51.478169", "From Battersea Power Station, Battersea Park to Upcerne Road, West Chelsea"
"LINESTRING (-0.176267 51.472876,-0.182435 51.478169", "From Vicarage Crescent, Battersea to Upcerne Road, West Chelsea"
"LINESTRING (-0.202608 51.51632,-0.182435 51.478169", "From All Saints Church, Portobello to Upcerne Road, West Chelsea"
"LINESTRING (-0.183165 51.474665,-0.179038 51.479573", "From Imperial Wharf Station, Sands End to Lots Road, West Chelsea"
"LINESTRING (-0.149551 51.477619,-0.179038 51.479573", "From Queen's Circus, Battersea Park to Lots Road, West Chelsea"
"LINESTRING (-0.149186 51.490491,-0.179038 51.479573", "From Ebury Bridge, Pimlico to Lots Road, West Chelsea"
"LINESTRING (-0.208486 51.506465,-0.179038 51.479573", "From Princedale Road , Holland Park to Lots Road, West Chelsea"
"LINESTRING (-0.149035 51.481121,-0.179038 51.479573", "From Sopwith Way, Battersea Park to Lots Road, West Chelsea"
"LINESTRING (-0.137235 51.473116,-0.179038 51.479573", "From Stewart's Road, Wandsworth Road to Lots Road, West Chelsea"
"LINESTRING (-0.14296 51.497998,-0.179038 51.479573", "From Warwick Row, Westminster to Lots Road, West Chelsea"
"LINESTRING (-0.192165 51.457529,-0.179038 51.479573", "From Ram Street, Wandsworth to Lots Road, West Chelsea"
"LINESTRING (-0.13011 51.513527,-0.179038 51.479573", "From Moor Street, Soho to Lots Road, West Chelsea"
"LINESTRING (-0.138089 51.484839,-0.179038 51.479573", "From Claverton Street, Pimlico to Lots Road, West Chelsea"
"LINESTRING (-0.209973 51.481021,-0.179038 51.479573", "From Aintree Street, Fulham to Lots Road, West Chelsea"
"LINESTRING (-0.174485 51.469161,-0.179038 51.479573", "From Fawcett Close, Battersea to Lots Road, West Chelsea"
"LINESTRING (-0.111471 51.479601,-0.179038 51.479573", "From Cranmer Road, Stockwell to Lots Road, West Chelsea"
"LINESTRING (-0.138212 51.481335,-0.179038 51.479573", "From Riverlight South, Nine Elms to Lots Road, West Chelsea"
"LINESTRING (-0.183165 51.474665,-0.179038 51.479573", "From Imperial Wharf Station, Sands End to Lots Road, West Chelsea"
"LINESTRING (-0.165297 51.461923,-0.179038 51.479573", "From Limburg Road, Clapham Junction to Lots Road, West Chelsea"
"LINESTRING (-0.214428 51.486062,-0.179038 51.479573", "From Greyhound Road, Hammersmith to Lots Road, West Chelsea"
"LINESTRING (-0.116628 51.500089,-0.179038 51.479573", "From Lambeth Palace Road, Waterloo to Lots Road, West Chelsea"
"LINESTRING (-0.138089 51.484839,-0.179038 51.479573", "From Claverton Street, Pimlico to Lots Road, West Chelsea"
"LINESTRING (-0.143495 51.509992,-0.161765 51.487964", "From Grafton Street, Mayfair to Ormonde Gate, Chelsea"
"LINESTRING (-0.134621 51.507424,-0.161765 51.487964", "From St. James's Square, St. James's to Ormonde Gate, Chelsea"
"LINESTRING (-0.18119 51.490945,-0.161765 51.487964", "From Old Brompton Road, South Kensington to Ormonde Gate, Chelsea"
"LINESTRING (-0.125674 51.491884,-0.161765 51.487964", "From Millbank Tower, Pimlico to Ormonde Gate, Chelsea"
"LINESTRING (-0.082989 51.510484,-0.161765 51.487964", "From Great Tower Street, Monument to Ormonde Gate, Chelsea"
"LINESTRING (-0.150908 51.47505,-0.161765 51.487964", "From Alfreda Street, Battersea Park to Ormonde Gate, Chelsea"
"LINESTRING (-0.162727 51.489932,-0.161765 51.487964", "From Royal Avenue 1, Chelsea to Ormonde Gate, Chelsea"
"LINESTRING (-0.176267 51.472876,-0.161765 51.487964", "From Vicarage Crescent, Battersea to Ormonde Gate, Chelsea"
"LINESTRING (-0.161765 51.487964,-0.161765 51.487964", "From Ormonde Gate, Chelsea to Ormonde Gate, Chelsea"
"LINESTRING (-0.138089 51.484839,-0.161765 51.487964", "From Claverton Street, Pimlico to Ormonde Gate, Chelsea"
"LINESTRING (-0.115375 51.460232,-0.161765 51.487964", "From Saltoun Road, Brixton to Ormonde Gate, Chelsea"
"LINESTRING (-0.167894 51.493184,-0.161765 51.487964", "From Sloane Avenue, Knightsbridge to Ormonde Gate, Chelsea"
"LINESTRING (-0.124642 51.481747,-0.161765 51.487964", "From South Lambeth Road, Vauxhall to Ormonde Gate, Chelsea"
"LINESTRING (-0.134621 51.507424,-0.161765 51.487964", "From St. James's Square, St. James's to Ormonde Gate, Chelsea"
"LINESTRING (-0.153933 51.494561,-0.161765 51.487964", "From Eaton Square (South), Belgravia to Ormonde Gate, Chelsea"
"LINESTRING (-0.215895 51.476885,-0.161765 51.487964", "From Finlay Street, Fulham to Ormonde Gate, Chelsea"
"LINESTRING (-0.194116 51.479932,-0.161765 51.487964", "From Fulham Broadway, Walham Green to Ormonde Gate, Chelsea"
"LINESTRING (-0.104947 51.516785,-0.161765 51.487964", "From Farringdon Street, Holborn to Ormonde Gate, Chelsea"
"LINESTRING (-0.126021 51.508103,-0.161765 51.487964", "From Craven Street, Strand to Ormonde Gate, Chelsea"
"LINESTRING (-0.205876 51.475698,-0.161765 51.487964", "From Chesilton Road, Fulham to Ormonde Gate, Chelsea"
"LINESTRING (-0.165164 51.514746,-0.161765 51.487964", "From Porchester Place, Paddington to Ormonde Gate, Chelsea"
"LINESTRING (-0.102208 51.526153,-0.079201 51.537277", "From Percival Street, Finsbury to Hertford Road, De Beauvoir Town"
"LINESTRING (-0.106823 51.508033,-0.079201 51.537277", "From Sea Containers, South Bank to Hertford Road, De Beauvoir Town"
"LINESTRING (-0.083935 51.520009,-0.079201 51.537277", "From Sun Street, Liverpool Street to Hertford Road, De Beauvoir Town"
"LINESTRING (-0.102757 51.536384,-0.079201 51.537277", "From Islington Green, Angel to Hertford Road, De Beauvoir Town"
"LINESTRING (-0.091401 51.518093,-0.079201 51.537277", "From Fore Street Avenue, Guildhall to Hertford Road, De Beauvoir Town"
"LINESTRING (-0.132053 51.518587,-0.079201 51.537277", "From Bayley Street , Bloomsbury to Hertford Road, De Beauvoir Town"
"LINESTRING (-0.099489 51.524868,-0.079201 51.537277", "From Sadlers Sports Centre, Finsbury to Hertford Road, De Beauvoir Town"
"LINESTRING (-0.089782 51.53089,-0.079201 51.537277", "From Murray Grove , Hoxton to Hertford Road, De Beauvoir Town"
"LINESTRING (-0.075459 51.509506,-0.079201 51.537277", "From Tower Gardens , Tower to Hertford Road, De Beauvoir Town"
"LINESTRING (-0.084605 51.521283,-0.079201 51.537277", "From Christopher Street, Liverpool Street to Hertford Road, De Beauvoir Town"
"LINESTRING (-0.093421 51.529154,-0.079201 51.537277", "From Windsor Terrace, Hoxton to Hertford Road, De Beauvoir Town"
"LINESTRING (-0.06555 51.528681,-0.079201 51.537277", "From Durant Street, Bethnal Green to Hertford Road, De Beauvoir Town"
"LINESTRING (-0.132328 51.515631,-0.079201 51.537277", "From Soho Square , Soho to Hertford Road, De Beauvoir Town"
"LINESTRING (-0.074284 51.539328,-0.079201 51.537277", "From Haggerston Road, Haggerston to Hertford Road, De Beauvoir Town"
"LINESTRING (-0.17581 51.517335,-0.079201 51.537277", "From South Wharf Road, Paddington to Hertford Road, De Beauvoir Town"
"LINESTRING (-0.117619 51.509943,-0.079201 51.537277", "From Somerset House, Strand to Hertford Road, De Beauvoir Town"
"LINESTRING (-0.08299 51.53213,-0.079201 51.537277", "From Pitfield Street Central, Hoxton to Hertford Road, De Beauvoir Town"
"LINESTRING (-0.088542 51.527025,-0.079201 51.537277", "From Baldwin Street, St. Luke's to Hertford Road, De Beauvoir Town"
"LINESTRING (-0.07813 51.526377,-0.079201 51.537277", "From Shoreditch High Street, Shoreditch to Hertford Road, De Beauvoir Town"
"LINESTRING (-0.058005 51.527152,-0.079201 51.537277", "From Pott Street, Bethnal Green to Hertford Road, De Beauvoir Town"
"LINESTRING (-0.089659 51.52548,-0.079201 51.537277", "From Old Street Station, St. Luke's to Hertford Road, De Beauvoir Town"
"LINESTRING (-0.01051 51.54094,-0.079201 51.537277", "From Aquatic Centre, Queen Elizabeth Olympic Park to Hertford Road, De Beauvoir Town"
"LINESTRING (-0.079249 51.518908,-0.079201 51.537277", "From Brushfield Street, Liverpool Street to Hertford Road, De Beauvoir Town"
"LINESTRING (-0.122502 51.523951,-0.079201 51.537277", "From Brunswick Square, Bloomsbury to Hertford Road, De Beauvoir Town"
"LINESTRING (-0.079201 51.537277,-0.079201 51.537277", "From Hertford Road, De Beauvoir Town to Hertford Road, De Beauvoir Town"
"LINESTRING (-0.125078 51.534667,-0.079201 51.537277", "From Good's Way, King's Cross to Hertford Road, De Beauvoir Town"
"LINESTRING (-0.08497 51.50964,-0.079201 51.537277", "From Monument Street, Monument to Hertford Road, De Beauvoir Town"
"LINESTRING (-0.07813 51.526377,-0.079201 51.537277", "From Shoreditch High Street, Shoreditch to Hertford Road, De Beauvoir Town"
"LINESTRING (-0.099981 51.532661,-0.079201 51.537277", "From Graham Street, Angel to Hertford Road, De Beauvoir Town"
"LINESTRING (-0.087459 51.528673,-0.079201 51.537277", "From East Road, Hoxton to Hertford Road, De Beauvoir Town"
"LINESTRING (-0.088542 51.527025,-0.079201 51.537277", "From Baldwin Street, St. Luke's to Hertford Road, De Beauvoir Town"
"LINESTRING (-0.13225 51.528833,-0.079201 51.537277", "From Doric Way , Somers Town to Hertford Road, De Beauvoir Town"
"LINESTRING (-0.08299 51.53213,-0.079201 51.537277", "From Pitfield Street Central, Hoxton to Hertford Road, De Beauvoir Town"
"LINESTRING (-0.083353 51.529537,-0.079201 51.537277", "From Fanshaw Street, Hoxton to Hertford Road, De Beauvoir Town"
"LINESTRING (-0.079249 51.518908,-0.079201 51.537277", "From Brushfield Street, Liverpool Street to Hertford Road, De Beauvoir Town"
"LINESTRING (-0.131161 51.52505,-0.079201 51.537277", "From Taviton Street, Bloomsbury to Hertford Road, De Beauvoir Town"
"LINESTRING (-0.124678 51.51908,-0.079201 51.537277", "From British Museum, Bloomsbury to Hertford Road, De Beauvoir Town"
"LINESTRING (-0.038775 51.516,-0.074284 51.539328", "From Aston Street, Stepney to Haggerston Road, Haggerston"
"LINESTRING (-0.06142 51.532091,-0.074284 51.539328", "From Pritchard's Road, Bethnal Green to Haggerston Road, Haggerston"
"LINESTRING (-0.075901 51.531091,-0.074284 51.539328", "From Hoxton Station, Hoxton to Haggerston Road, Haggerston"
"LINESTRING (-0.087262 51.506304,-0.074284 51.539328", "From Duke Street Hill, London Bridge to Haggerston Road, Haggerston"
"LINESTRING (-0.07023 51.536654,-0.074284 51.539328", "From Belford House, Haggerston to Haggerston Road, Haggerston"
"LINESTRING (-0.058826 51.54119,-0.074284 51.539328", "From London Fields, Hackney Central to Haggerston Road, Haggerston"
"LINESTRING (-0.022606 51.548731,-0.074284 51.539328", "From Here East North, Queen Elizabeth Olympic Park to Haggerston Road, Haggerston"
"LINESTRING (-0.102996 51.486929,-0.074284 51.539328", "From Doddington Grove, Kennington to Haggerston Road, Haggerston"
"LINESTRING (-0.138853 51.541603,-0.074284 51.539328", "From Bonny Street, Camden Town to Haggerston Road, Haggerston"
"LINESTRING (-0.069743 51.528222,-0.074284 51.539328", "From Wellington Row, Bethnal Green to Haggerston Road, Haggerston"
"LINESTRING (-0.073537 51.514233,-0.074284 51.539328", "From Braham Street, Aldgate to Haggerston Road, Haggerston"
"LINESTRING (-0.09315 51.53356,-0.074284 51.539328", "From Eagle Wharf Road, Hoxton to Haggerston Road, Haggerston"
"LINESTRING (-0.054162 51.536424,-0.074284 51.539328", "From Victoria Park Road, Hackney Central to Haggerston Road, Haggerston"
"LINESTRING (-0.084605 51.521283,-0.074284 51.539328", "From Christopher Street, Liverpool Street to Haggerston Road, Haggerston"
"LINESTRING (-0.057133 51.527607,-0.074284 51.539328", "From Hollybush Gardens, Bethnal Green to Haggerston Road, Haggerston"
"LINESTRING (-0.088285 51.519069,-0.074284 51.539328", "From Moorfields, Moorgate to Haggerston Road, Haggerston"
"LINESTRING (-0.079201 51.537277,-0.074284 51.539328", "From Hertford Road, De Beauvoir Town to Haggerston Road, Haggerston"
"LINESTRING (-0.130504 51.526838,-0.074284 51.539328", "From Endsleigh Gardens, Euston to Haggerston Road, Haggerston"
"LINESTRING (-0.099994 51.522853,-0.074284 51.539328", "From Berry Street, Clerkenwell to Haggerston Road, Haggerston"
"LINESTRING (-0.058826 51.54119,-0.074284 51.539328", "From London Fields, Hackney Central to Haggerston Road, Haggerston"
"LINESTRING (-0.038557 51.541515,-0.074284 51.539328", "From Gascoyne Road, Victoria Park to Haggerston Road, Haggerston"
"LINESTRING (-0.086379 51.534042,-0.074284 51.539328", "From Shoreditch Park, Hoxton to Haggerston Road, Haggerston"
"LINESTRING (-0.120202 51.523346,-0.074284 51.539328", "From Guilford Street , Bloomsbury to Haggerston Road, Haggerston"
"LINESTRING (-0.054162 51.536424,-0.074284 51.539328", "From Victoria Park Road, Hackney Central to Haggerston Road, Haggerston"
"LINESTRING (-0.058631 51.524583,-0.074284 51.539328", "From Finnis Street, Bethnal Green to Haggerston Road, Haggerston"
"LINESTRING (-0.025996 51.509303,-0.074284 51.539328", "From Westferry DLR, Limehouse to Haggerston Road, Haggerston"
"LINESTRING (-0.079248 51.524526,-0.074284 51.539328", "From New Inn Yard, Shoreditch to Haggerston Road, Haggerston"
"LINESTRING (-0.071653 51.522617,-0.074284 51.539328", "From Brick Lane Market, Shoreditch to Haggerston Road, Haggerston"
"LINESTRING (-0.020542 51.544909,-0.074284 51.539328", "From Copper Box Arena, Queen Elizabeth Olympic Park to Haggerston Road, Haggerston"
"LINESTRING (-0.058826 51.54119,-0.074284 51.539328", "From London Fields, Hackney Central to Haggerston Road, Haggerston"
"LINESTRING (-0.01051 51.54094,-0.074284 51.539328", "From Aquatic Centre, Queen Elizabeth Olympic Park to Haggerston Road, Haggerston"
"LINESTRING (-0.16375 51.465064,-0.15785 51.471095", "From Dorothy Road, Clapham Junction to Culvert Road, Battersea"
"LINESTRING (-0.174347 51.476964,-0.15785 51.471095", "From Battersea Church Road, Battersea to Culvert Road, Battersea"
"LINESTRING (-0.169821 51.466633,-0.15785 51.471095", "From Falcon Road, Clapham Junction to Culvert Road, Battersea"
"LINESTRING (-0.170329 51.477684,-0.15785 51.471095", "From Westbridge Road, Battersea to Culvert Road, Battersea"
"LINESTRING (-0.141334 51.492345,-0.15785 51.471095", "From Guildhouse Street, Victoria to Culvert Road, Battersea"
"LINESTRING (-0.217995 51.487285,-0.15785 51.471095", "From Charing Cross Hospital, Hammersmith to Culvert Road, Battersea"
"LINESTRING (-0.175407 51.462305,-0.15785 51.471095", "From Plough Terrace, Clapham Junction to Culvert Road, Battersea"
"LINESTRING (-0.164786 51.477292,-0.15785 51.471095", "From Ethelburga Estate, Battersea Park to Culvert Road, Battersea"
"LINESTRING (-0.093421 51.529154,-0.120909 51.516128", "From Windsor Terrace, Hoxton to Newton Street, Covent Garden"
"LINESTRING (-0.145393 51.542138,-0.120909 51.516128", "From Castlehaven Road, Camden Town to Newton Street, Covent Garden"
"LINESTRING (-0.116688 51.520596,-0.120909 51.516128", "From Theobald's Road , Holborn to Newton Street, Covent Garden"
"LINESTRING (-0.121723 51.510701,-0.120909 51.516128", "From Southampton Street, Strand to Newton Street, Covent Garden"
"LINESTRING (-0.109006 51.521661,-0.120909 51.516128", "From Hatton Wall, Holborn to Newton Street, Covent Garden"
"LINESTRING (-0.099981 51.532661,-0.120909 51.516128", "From Graham Street, Angel to Newton Street, Covent Garden"
"LINESTRING (-0.113864 51.504027,-0.120909 51.516128", "From Waterloo Station 1, Waterloo to Newton Street, Covent Garden"
"LINESTRING (-0.084439 51.524696,-0.120909 51.516128", "From Leonard Circus , Shoreditch to Newton Street, Covent Garden"
"LINESTRING (-0.112753 51.51501,-0.120909 51.516128", "From Carey Street, Holborn to Newton Street, Covent Garden"
"LINESTRING (-0.119022 51.469202,-0.120909 51.516128", "From Sidney Road, Stockwell to Newton Street, Covent Garden"
"LINESTRING (-0.205535 51.507481,-0.214762 51.5129", "From Lansdowne Road, Ladbroke Grove to Grenfell Road, Avondale"
"LINESTRING (-0.208565 51.515108,-0.214762 51.5129", "From Blenheim Crescent, Ladbroke Grove to Grenfell Road, Avondale"
"LINESTRING (-0.208486 51.506465,-0.214762 51.5129", "From Princedale Road , Holland Park to Grenfell Road, Avondale"
"LINESTRING (-0.236769 51.494223,-0.214762 51.5129", "From Ravenscourt Park Station, Hammersmith to Grenfell Road, Avondale"
"LINESTRING (-0.205535 51.507481,-0.214762 51.5129", "From Lansdowne Road, Ladbroke Grove to Grenfell Road, Avondale"
"LINESTRING (-0.208565 51.515108,-0.214762 51.5129", "From Blenheim Crescent, Ladbroke Grove to Grenfell Road, Avondale"
"LINESTRING (-0.137424 51.498865,-0.214762 51.5129", "From Buckingham Gate, Westminster to Grenfell Road, Avondale"
"LINESTRING (-0.214762 51.5129,-0.214762 51.5129", "From Grenfell Road, Avondale to Grenfell Road, Avondale"
"LINESTRING (-0.198286 51.493724,-0.214762 51.5129", "From West Cromwell Road, Earl's Court to Grenfell Road, Avondale"
"LINESTRING (-0.209494 51.498157,-0.214762 51.5129", "From Kensington Olympia Station, Olympia to Grenfell Road, Avondale"
"LINESTRING (-0.204764 51.519042,-0.174971 51.485121", "From All Saints' Road, Portobello to The Vale, Chelsea"
"LINESTRING (-0.18119 51.485587,-0.174971 51.485121", "From Limerston Street, West Chelsea to The Vale, Chelsea"
"LINESTRING (-0.105344 51.515059,-0.174971 51.485121", "From St. Bride Street, Holborn to The Vale, Chelsea"
"LINESTRING (-0.185296 51.495362,-0.174971 51.485121", "From Emperor's Gate, South Kensington to The Vale, Chelsea"
"LINESTRING (-0.173881 51.494412,-0.174971 51.485121", "From South Kensington Station, South Kensington to The Vale, Chelsea"
"LINESTRING (-0.191496 51.503157,-0.174971 51.485121", "From Kensington Church Street, Kensington to The Vale, Chelsea"
"LINESTRING (-0.183165 51.474665,-0.174971 51.485121", "From Imperial Wharf Station, Sands End to The Vale, Chelsea"
"LINESTRING (-0.129698 51.500703,-0.174971 51.485121", "From Storey's Gate, Westminster to The Vale, Chelsea"
"LINESTRING (-0.183853 51.480898,-0.174971 51.485121", "From Thorndike Close, West Chelsea to The Vale, Chelsea"
"LINESTRING (-0.156876 51.49313,-0.174971 51.485121", "From Sedding Street, Sloane Square to The Vale, Chelsea"
"LINESTRING (-0.173757 51.496471,-0.174971 51.485121", "From Exhibition Road Museums 1, South Kensington to The Vale, Chelsea"
"LINESTRING (-0.198735 51.46067,-0.174971 51.485121", "From Osiers Road, Wandsworth to The Vale, Chelsea"
"LINESTRING (-0.166878 51.488023,-0.174971 51.485121", "From Flood Street, Chelsea to The Vale, Chelsea"
"LINESTRING (-0.170983 51.486892,-0.174971 51.485121", "From Manresa Road, Chelsea to The Vale, Chelsea"
"LINESTRING (-0.156876 51.49313,-0.174971 51.485121", "From Sedding Street, Sloane Square to The Vale, Chelsea"
"LINESTRING (-0.147857 51.477966,-0.174971 51.485121", "From Gas Holders, Battersea Park to The Vale, Chelsea"
"LINESTRING (-0.170983 51.486892,-0.174971 51.485121", "From Manresa Road, Chelsea to The Vale, Chelsea"
"LINESTRING (-0.187842 51.509908,-0.174971 51.485121", "From Black Lion Gate, Kensington Gardens to The Vale, Chelsea"
"LINESTRING (-0.199783 51.472817,-0.174971 51.485121", "From Parson's Green , Parson's Green to The Vale, Chelsea"
"LINESTRING (-0.193254 51.476259,-0.174971 51.485121", "From Eel Brook Common, Walham Green to The Vale, Chelsea"
"LINESTRING (-0.134621 51.507424,-0.174971 51.485121", "From St. James's Square, St. James's to The Vale, Chelsea"
"LINESTRING (-0.152317 51.499412,-0.174971 51.485121", "From Belgrave Square, Belgravia to The Vale, Chelsea"
"LINESTRING (-0.209494 51.498157,-0.174971 51.485121", "From Kensington Olympia Station, Olympia to The Vale, Chelsea"
"LINESTRING (-0.09885 51.515418,-0.174971 51.485121", "From Newgate Street , St. Paul's to The Vale, Chelsea"
"LINESTRING (-0.140741 51.488057,-0.174971 51.485121", "From Alderney Street, Pimlico to The Vale, Chelsea"
"LINESTRING (-0.216573 51.466907,-0.174971 51.485121", "From Putney Pier, Wandsworth to The Vale, Chelsea"
"LINESTRING (-0.170279 51.506451,-0.174971 51.485121", "From Triangle Car Park, Hyde Park to The Vale, Chelsea"
"LINESTRING (-0.124469 51.485917,-0.174971 51.485121", "From Vauxhall Cross, Vauxhall to The Vale, Chelsea"
"LINESTRING (-0.173029 51.464894,-0.174971 51.485121", "From Grant Road East, Clapham Junction to The Vale, Chelsea"
"LINESTRING (-0.183834 51.497924,-0.174971 51.485121", "From Gloucester Road (North), Kensington to The Vale, Chelsea"
"LINESTRING (-0.139956 51.493573,-0.174971 51.485121", "From Queen Mother Sports Centre, Victoria to The Vale, Chelsea"
"LINESTRING (-0.16375 51.465064,-0.174971 51.485121", "From Dorothy Road, Clapham Junction to The Vale, Chelsea"
"LINESTRING (-0.165471 51.498884,-0.174971 51.485121", "From Montpelier Street, Knightsbridge to The Vale, Chelsea"
"LINESTRING (-0.192369 51.491593,-0.174971 51.485121", "From Penywern Road, Earl's Court to The Vale, Chelsea"
"LINESTRING (-0.147624 51.49395,-0.174971 51.485121", "From Eccleston Place, Victoria to The Vale, Chelsea"
"LINESTRING (-0.176267 51.472876,-0.174971 51.485121", "From Vicarage Crescent, Battersea to The Vale, Chelsea"
"LINESTRING (-0.216573 51.466907,-0.174971 51.485121", "From Putney Pier, Wandsworth to The Vale, Chelsea"
"LINESTRING (-0.147714 51.483507,-0.174971 51.485121", "From Battersea Power Station, Battersea Park to The Vale, Chelsea"
"LINESTRING (-0.158105 51.494645,-0.174971 51.485121", "From Cadogan Place, Knightsbridge to The Vale, Chelsea"
"LINESTRING (-0.170329 51.477684,-0.174971 51.485121", "From Westbridge Road, Battersea to The Vale, Chelsea"
"LINESTRING (-0.15213 51.470475,-0.174971 51.485121", "From Stanley Grove, Battersea to The Vale, Chelsea"
"LINESTRING (-0.165101 51.493583,-0.174971 51.485121", "From Denyer Street, Knightsbridge to The Vale, Chelsea"
"LINESTRING (-0.191933 51.495866,-0.174971 51.485121", "From Lexham Gardens, Kensington to The Vale, Chelsea"
"LINESTRING (-0.18267 51.494185,-0.174971 51.485121", "From Gloucester Road Station, South Kensington to The Vale, Chelsea"
"LINESTRING (-0.173693 51.495948,-0.159169 51.475153", "From Exhibition Road Museums 2, South Kensington to Prince of Wales Drive, Battersea Park"
"LINESTRING (-0.111471 51.479601,-0.159169 51.475153", "From Cranmer Road, Stockwell to Prince of Wales Drive, Battersea Park"
"LINESTRING (-0.155442 51.474376,-0.159169 51.475153", "From Austin Road, Battersea Park to Prince of Wales Drive, Battersea Park"
"LINESTRING (-0.147857 51.477966,-0.159169 51.475153", "From Gas Holders, Battersea Park to Prince of Wales Drive, Battersea Park"
"LINESTRING (-0.178656 51.501432,-0.159169 51.475153", "From Kensington Gore, Knightsbridge to Prince of Wales Drive, Battersea Park"
"LINESTRING (-0.149551 51.477619,-0.159169 51.475153", "From Queen's Circus, Battersea Park to Prince of Wales Drive, Battersea Park"
"LINESTRING (-0.111435 51.48894,-0.159169 51.475153", "From Kennington Cross, Kennington to Prince of Wales Drive, Battersea Park"
"LINESTRING (-0.11258 51.473874,-0.159169 51.475153", "From Normandy Road, Stockwell to Prince of Wales Drive, Battersea Park"
"LINESTRING (-0.150908 51.47505,-0.159169 51.475153", "From Alfreda Street, Battersea Park to Prince of Wales Drive, Battersea Park"
"LINESTRING (-0.137235 51.473116,-0.159169 51.475153", "From Stewart's Road, Wandsworth Road to Prince of Wales Drive, Battersea Park"
"LINESTRING (-0.149551 51.477619,-0.159169 51.475153", "From Queen's Circus, Battersea Park to Prince of Wales Drive, Battersea Park"
"LINESTRING (-0.190393 51.490163,-0.159169 51.475153", "From Bramham Gardens, Earl's Court to Prince of Wales Drive, Battersea Park"
"LINESTRING (-0.135025 51.518162,-0.159169 51.475153", "From Rathbone Street, Fitzrovia to Prince of Wales Drive, Battersea Park"
"LINESTRING (-0.166221 51.490714,-0.159169 51.475153", "From Chelsea Green, Chelsea to Prince of Wales Drive, Battersea Park"
"LINESTRING (-0.169821 51.466633,-0.159169 51.475153", "From Falcon Road, Clapham Junction to Prince of Wales Drive, Battersea Park"
"LINESTRING (-0.166878 51.488023,-0.159169 51.475153", "From Flood Street, Chelsea to Prince of Wales Drive, Battersea Park"
"LINESTRING (-0.159169 51.475153,-0.159169 51.475153", "From Prince of Wales Drive, Battersea Park to Prince of Wales Drive, Battersea Park"
"LINESTRING (-0.142943 51.496863,-0.159169 51.475153", "From Allington Street, Victoria to Prince of Wales Drive, Battersea Park"
"LINESTRING (-0.124642 51.481747,-0.187404 51.487958", "From South Lambeth Road, Vauxhall to Harcourt Terrace, West Brompton"
"LINESTRING (-0.185273 51.481765,-0.187404 51.487958", "From Hortensia Road, West Brompton to Harcourt Terrace, West Brompton"
"LINESTRING (-0.179702 51.499428,-0.187404 51.487958", "From Imperial College, Knightsbridge to Harcourt Terrace, West Brompton"
"LINESTRING (-0.214428 51.486062,-0.187404 51.487958", "From Greyhound Road, Hammersmith to Harcourt Terrace, West Brompton"
"LINESTRING (-0.176267 51.472876,-0.187404 51.487958", "From Vicarage Crescent, Battersea to Harcourt Terrace, West Brompton"
"LINESTRING (-0.216493 51.491093,-0.187404 51.487958", "From Colet Gardens, Hammersmith to Harcourt Terrace, West Brompton"
"LINESTRING (-0.183853 51.480898,-0.187404 51.487958", "From Thorndike Close, West Chelsea to Harcourt Terrace, West Brompton"
"LINESTRING (-0.187404 51.487958,-0.187404 51.487958", "From Harcourt Terrace, West Brompton to Harcourt Terrace, West Brompton"
"LINESTRING (-0.183853 51.480898,-0.187404 51.487958", "From Thorndike Close, West Chelsea to Harcourt Terrace, West Brompton"
"LINESTRING (-0.192165 51.457529,-0.187404 51.487958", "From Ram Street, Wandsworth to Harcourt Terrace, West Brompton"
"LINESTRING (-0.187404 51.487958,-0.187404 51.487958", "From Harcourt Terrace, West Brompton to Harcourt Terrace, West Brompton"
"LINESTRING (-0.174554 51.499917,-0.187404 51.487958", "From Exhibition Road, Knightsbridge to Harcourt Terrace, West Brompton"
"LINESTRING (-0.166878 51.488023,-0.187404 51.487958", "From Flood Street, Chelsea to Harcourt Terrace, West Brompton"
"LINESTRING (-0.19701 51.473763,-0.187404 51.487958", "From Irene Road, Parsons Green to Harcourt Terrace, West Brompton"
"LINESTRING (-0.174554 51.499917,-0.187404 51.487958", "From Exhibition Road, Knightsbridge to Harcourt Terrace, West Brompton"
"LINESTRING (-0.161203 51.496886,-0.187404 51.487958", "From Pont Street, Knightsbridge to Harcourt Terrace, West Brompton"
"LINESTRING (-0.18267 51.494185,-0.187404 51.487958", "From Gloucester Road Station, South Kensington to Harcourt Terrace, West Brompton"
"LINESTRING (-0.190603 51.493631,-0.187404 51.487958", "From Knaresborough Place, Earl's Court to Harcourt Terrace, West Brompton"
"LINESTRING (-0.18267 51.494185,-0.187404 51.487958", "From Gloucester Road Station, South Kensington to Harcourt Terrace, West Brompton"
"LINESTRING (-0.192369 51.491593,-0.187404 51.487958", "From Penywern Road, Earl's Court to Harcourt Terrace, West Brompton"
"LINESTRING (-0.161203 51.496886,-0.187404 51.487958", "From Pont Street, Knightsbridge to Harcourt Terrace, West Brompton"
"LINESTRING (-0.209494 51.498157,-0.187404 51.487958", "From Kensington Olympia Station, Olympia to Harcourt Terrace, West Brompton"
"LINESTRING (-0.140741 51.488057,-0.187404 51.487958", "From Alderney Street, Pimlico to Harcourt Terrace, West Brompton"
"LINESTRING (-0.167894 51.493184,-0.187404 51.487958", "From Sloane Avenue, Knightsbridge to Harcourt Terrace, West Brompton"
"LINESTRING (-0.190603 51.493631,-0.187404 51.487958", "From Knaresborough Place, Earl's Court to Harcourt Terrace, West Brompton"
"LINESTRING (-0.197574 51.499606,-0.187404 51.487958", "From Phillimore Gardens, Kensington to Harcourt Terrace, West Brompton"
"LINESTRING (-0.183165 51.474665,-0.187404 51.487958", "From Imperial Wharf Station, Sands End to Harcourt Terrace, West Brompton"
"LINESTRING (-0.168917 51.497056,-0.187404 51.487958", "From Holy Trinity Brompton, Knightsbridge to Harcourt Terrace, West Brompton"
"LINESTRING (-0.200838 51.514311,-0.187404 51.487958", "From Turquoise Island, Notting Hill to Harcourt Terrace, West Brompton"
"LINESTRING (-0.197574 51.499606,-0.187404 51.487958", "From Phillimore Gardens, Kensington to Harcourt Terrace, West Brompton"
"LINESTRING (-0.19701 51.473763,-0.187404 51.487958", "From Irene Road, Parsons Green to Harcourt Terrace, West Brompton"
"LINESTRING (-0.202038 51.48357,-0.187404 51.487958", "From Coomer Place, West Kensington to Harcourt Terrace, West Brompton"
"LINESTRING (-0.216104 51.50659,-0.201005 51.51787", "From Queensdale Road, Shepherd's Bush to Westbourne Park Road, Portobello"
"LINESTRING (-0.196422 51.509353,-0.201005 51.51787", "From Notting Hill Gate Station, Notting Hill to Westbourne Park Road, Portobello"
"LINESTRING (-0.204815 51.484386,-0.201005 51.51787", "From Normand Park, West Kensington to Westbourne Park Road, Portobello"
"LINESTRING (-0.188098 51.517919,-0.201005 51.51787", "From Gloucester Terrace, Bayswater to Westbourne Park Road, Portobello"
"LINESTRING (-0.201005 51.51787,-0.201005 51.51787", "From Westbourne Park Road, Portobello to Westbourne Park Road, Portobello"
"LINESTRING (-0.151926 51.516814,-0.201005 51.51787", "From Hinde Street, Marylebone to Westbourne Park Road, Portobello"
"LINESTRING (-0.196422 51.509353,-0.201005 51.51787", "From Notting Hill Gate Station, Notting Hill to Westbourne Park Road, Portobello"
"LINESTRING (-0.170279 51.506451,-0.201005 51.51787", "From Triangle Car Park, Hyde Park to Westbourne Park Road, Portobello"
"LINESTRING (-0.236769 51.494223,-0.201005 51.51787", "From Ravenscourt Park Station, Hammersmith to Westbourne Park Road, Portobello"
"LINESTRING (-0.214594 51.510928,-0.201005 51.51787", "From Sirdar Road, Avondale to Westbourne Park Road, Portobello"
"LINESTRING (-0.200804 51.520509,-0.201005 51.51787", "From The Metropolitan, Portobello to Westbourne Park Road, Portobello"
"LINESTRING (-0.216104 51.50659,-0.201005 51.51787", "From Queensdale Road, Shepherd's Bush to Westbourne Park Road, Portobello"
"LINESTRING (-0.196422 51.509353,-0.201005 51.51787", "From Notting Hill Gate Station, Notting Hill to Westbourne Park Road, Portobello"
"LINESTRING (-0.236769 51.494223,-0.201005 51.51787", "From Ravenscourt Park Station, Hammersmith to Westbourne Park Road, Portobello"
"LINESTRING (-0.196422 51.509353,-0.201005 51.51787", "From Notting Hill Gate Station, Notting Hill to Westbourne Park Road, Portobello"
"LINESTRING (-0.216104 51.50659,-0.201005 51.51787", "From Queensdale Road, Shepherd's Bush to Westbourne Park Road, Portobello"
"LINESTRING (-0.098031 51.505224,-0.201005 51.51787", "From Lavington Street, Bankside to Westbourne Park Road, Portobello"
"LINESTRING (-0.216104 51.50659,-0.201005 51.51787", "From Queensdale Road, Shepherd's Bush to Westbourne Park Road, Portobello"
"LINESTRING (-0.179369 51.487196,-0.201005 51.51787", "From Drayton Gardens, West Chelsea to Westbourne Park Road, Portobello"
"LINESTRING (-0.154106 51.517703,-0.165668 51.524561", "From George Street, Marylebone to Broadley Terrace, Marylebone"
"LINESTRING (-0.098031 51.505224,-0.165668 51.524561", "From Lavington Street, Bankside to Broadley Terrace, Marylebone"
"LINESTRING (-0.160854 51.535892,-0.165668 51.524561", "From Prince Albert Road, The Regent's Park to Broadley Terrace, Marylebone"
"LINESTRING (-0.179854 51.501715,-0.165668 51.524561", "From Queen's Gate, Kensington Gardens to Broadley Terrace, Marylebone"
"LINESTRING (-0.18377 51.5171,-0.165668 51.524561", "From Bishop's Bridge Road East, Bayswater to Broadley Terrace, Marylebone"
"LINESTRING (-0.183486 51.529857,-0.165668 51.524561", "From Maida Vale, Maida Vale to Broadley Terrace, Marylebone"
"LINESTRING (-0.102757 51.536384,-0.165668 51.524561", "From Islington Green, Angel to Broadley Terrace, Marylebone"
"LINESTRING (-0.164207 51.517372,-0.165668 51.524561", "From Harrowby Street, Marylebone to Broadley Terrace, Marylebone"
"LINESTRING (-0.161113 51.522596,-0.165668 51.524561", "From Dorset Square, Marylebone to Broadley Terrace, Marylebone"
"LINESTRING (-0.098031 51.505224,-0.165668 51.524561", "From Lavington Street, Bankside to Broadley Terrace, Marylebone"
"LINESTRING (-0.108028 51.518825,-0.165668 51.524561", "From Hatton Garden, Holborn to Broadley Terrace, Marylebone"
"LINESTRING (-0.17677 51.530889,-0.164032 51.525194", "From Grove End Road, St. John's Wood to Rossmore Road, Marylebone"
"LINESTRING (-0.183486 51.529857,-0.164032 51.525194", "From Maida Vale, Maida Vale to Rossmore Road, Marylebone"
"LINESTRING (-0.175116 51.523353,-0.164032 51.525194", "From Frampton Street, Paddington to Rossmore Road, Marylebone"
"LINESTRING (-0.125078 51.534667,-0.164032 51.525194", "From Good's Way, King's Cross to Rossmore Road, Marylebone"
"LINESTRING (-0.138072 51.517344,-0.164032 51.525194", "From Wells Street, Fitzrovia to Rossmore Road, Marylebone"
"LINESTRING (-0.169774 51.519968,-0.164032 51.525194", "From Edgware Road Station, Marylebone to Rossmore Road, Marylebone"
"LINESTRING (-0.164032 51.525194,-0.164032 51.525194", "From Rossmore Road, Marylebone to Rossmore Road, Marylebone"
"LINESTRING (-0.161203 51.496886,-0.21186 51.483217", "From Pont Street, Knightsbridge to Humbolt Road, Fulham"
"LINESTRING (-0.183853 51.480898,-0.21186 51.483217", "From Thorndike Close, West Chelsea to Humbolt Road, Fulham"
"LINESTRING (-0.187842 51.509908,-0.21186 51.483217", "From Black Lion Gate, Kensington Gardens to Humbolt Road, Fulham"
"LINESTRING (-0.214428 51.486062,-0.21186 51.483217", "From Greyhound Road, Hammersmith to Humbolt Road, Fulham"
"LINESTRING (-0.18267 51.494185,-0.21186 51.483217", "From Gloucester Road Station, South Kensington to Humbolt Road, Fulham"
"LINESTRING (-0.218337 51.506256,-0.21186 51.483217", "From Westfield Southern Terrace ,Shepherd's Bush to Humbolt Road, Fulham"
"LINESTRING (-0.204815 51.484386,-0.21186 51.483217", "From Normand Park, West Kensington to Humbolt Road, Fulham"
"LINESTRING (-0.15352 51.503117,-0.21186 51.483217", "From Hyde Park Corner, Hyde Park to Humbolt Road, Fulham"
"LINESTRING (-0.228188 51.494499,-0.21186 51.483217", "From Southerton Road, Hammersmith to Humbolt Road, Fulham"
"LINESTRING (-0.217995 51.487285,-0.21186 51.483217", "From Charing Cross Hospital, Hammersmith to Humbolt Road, Fulham"
"LINESTRING (-0.205284 51.496712,-0.21186 51.483217", "From Warwick Road, Olympia to Humbolt Road, Fulham"
"LINESTRING (-0.149004 51.485821,-0.21186 51.483217", "From Chelsea Bridge, Pimlico to Humbolt Road, Fulham"
"LINESTRING (-0.204815 51.484386,-0.21186 51.483217", "From Normand Park, West Kensington to Humbolt Road, Fulham"
"LINESTRING (-0.202038 51.48357,-0.21186 51.483217", "From Coomer Place, West Kensington to Humbolt Road, Fulham"
"LINESTRING (-0.141423 51.514499,-0.21186 51.483217", "From Little Argyll Street, West End to Humbolt Road, Fulham"
"LINESTRING (-0.200804 51.520509,-0.21186 51.483217", "From The Metropolitan, Portobello to Humbolt Road, Fulham"
"LINESTRING (-0.226606 51.488108,-0.21186 51.483217", "From Crisp Road, Hammersmith to Humbolt Road, Fulham"
"LINESTRING (-0.202038 51.48357,-0.21186 51.483217", "From Coomer Place, West Kensington to Humbolt Road, Fulham"
"LINESTRING (-0.216573 51.466907,-0.21186 51.483217", "From Putney Pier, Wandsworth to Humbolt Road, Fulham"
"LINESTRING (-0.206827 51.467601,-0.21186 51.483217", "From Ranelagh Gardens, Fulham to Humbolt Road, Fulham"
"LINESTRING (-0.159237 51.501855,-0.129698 51.500703", "From Seville Street, Knightsbridge to Storey's Gate, Westminster"
"LINESTRING (-0.126021 51.508103,-0.129698 51.500703", "From Craven Street, Strand to Storey's Gate, Westminster"
"LINESTRING (-0.129925 51.493072,-0.129698 51.500703", "From Vincent Street, Pimlico to Storey's Gate, Westminster"
"LINESTRING (-0.142943 51.496863,-0.129698 51.500703", "From Allington Street, Victoria to Storey's Gate, Westminster"
"LINESTRING (-0.126021 51.508103,-0.129698 51.500703", "From Craven Street, Strand to Storey's Gate, Westminster"
"LINESTRING (-0.131213 51.513103,-0.129698 51.500703", "From Frith Street, Soho to Storey's Gate, Westminster"
"LINESTRING (-0.156876 51.49313,-0.129698 51.500703", "From Sedding Street, Sloane Square to Storey's Gate, Westminster"
"LINESTRING (-0.129361 51.488365,-0.129698 51.500703", "From Vauxhall Bridge , Pimlico to Storey's Gate, Westminster"
"LINESTRING (-0.09294 51.51397,-0.129698 51.500703", "From Cheapside, Bank to Storey's Gate, Westminster"
"LINESTRING (-0.15352 51.503117,-0.129698 51.500703", "From Hyde Park Corner, Hyde Park to Storey's Gate, Westminster"
"LINESTRING (-0.13558 51.513684,-0.129698 51.500703", "From Broadwick Street, Soho to Storey's Gate, Westminster"
"LINESTRING (-0.120202 51.523346,-0.129698 51.500703", "From Guilford Street , Bloomsbury to Storey's Gate, Westminster"
"LINESTRING (-0.129925 51.493072,-0.129698 51.500703", "From Vincent Street, Pimlico to Storey's Gate, Westminster"
"LINESTRING (-0.173757 51.496471,-0.129698 51.500703", "From Exhibition Road Museums 1, South Kensington to Storey's Gate, Westminster"
"LINESTRING (-0.09294 51.51397,-0.129698 51.500703", "From Cheapside, Bank to Storey's Gate, Westminster"
"LINESTRING (-0.06555 51.528681,-0.129698 51.500703", "From Durant Street, Bethnal Green to Storey's Gate, Westminster"
"LINESTRING (-0.1844 51.502042,-0.129698 51.500703", "From Palace Gate, Kensington Gardens to Storey's Gate, Westminster"
"LINESTRING (-0.190393 51.490163,-0.129698 51.500703", "From Bramham Gardens, Earl's Court to Storey's Gate, Westminster"
"LINESTRING (-0.112824 51.503791,-0.129698 51.500703", "From Waterloo Station 3, Waterloo to Storey's Gate, Westminster"
"LINESTRING (-0.082989 51.510484,-0.129698 51.500703", "From Great Tower Street, Monument to Storey's Gate, Westminster"
"LINESTRING (-0.179135 51.516417,-0.129698 51.500703", "From Eastbourne Mews, Paddington to Storey's Gate, Westminster"
"LINESTRING (-0.161765 51.487964,-0.129698 51.500703", "From Ormonde Gate, Chelsea to Storey's Gate, Westminster"
"LINESTRING (-0.074431 51.519362,-0.129698 51.500703", "From Fournier Street, Whitechapel to Storey's Gate, Westminster"
"LINESTRING (-0.19701 51.473763,-0.129698 51.500703", "From Irene Road, Parsons Green to Storey's Gate, Westminster"
"LINESTRING (-0.075459 51.509506,-0.129698 51.500703", "From Tower Gardens , Tower to Storey's Gate, Westminster"
"LINESTRING (-0.15352 51.503117,-0.129698 51.500703", "From Hyde Park Corner, Hyde Park to Storey's Gate, Westminster"
"LINESTRING (-0.1844 51.502042,-0.129698 51.500703", "From Palace Gate, Kensington Gardens to Storey's Gate, Westminster"
"LINESTRING (-0.129698 51.500703,-0.129698 51.500703", "From Storey's Gate, Westminster to Storey's Gate, Westminster"
"LINESTRING (-0.15352 51.503117,-0.129698 51.500703", "From Hyde Park Corner, Hyde Park to Storey's Gate, Westminster"
"LINESTRING (-0.141334 51.492345,-0.129698 51.500703", "From Guildhouse Street, Victoria to Storey's Gate, Westminster"
"LINESTRING (-0.170703 51.470847,-0.129698 51.500703", "From Simpson Street, Clapham Junction to Storey's Gate, Westminster"
"LINESTRING (-0.182435 51.478169,-0.129698 51.500703", "From Upcerne Road, West Chelsea to Storey's Gate, Westminster"
"LINESTRING (-0.075459 51.509506,-0.129698 51.500703", "From Tower Gardens , Tower to Storey's Gate, Westminster"
"LINESTRING (-0.15934 51.500241,-0.129698 51.500703", "From Harriet Street, Knightsbridge to Storey's Gate, Westminster"
"LINESTRING (-0.179369 51.487196,-0.129698 51.500703", "From Drayton Gardens, West Chelsea to Storey's Gate, Westminster"
"LINESTRING (-0.183118 51.515607,-0.129698 51.500703", "From Cleveland Gardens, Bayswater to Storey's Gate, Westminster"
"LINESTRING (-0.210941 51.504199,-0.129698 51.500703", "From Addison Road, Holland Park to Storey's Gate, Westminster"
"LINESTRING (-0.139625 51.490962,-0.129698 51.500703", "From Gloucester Street, Pimlico to Storey's Gate, Westminster"
"LINESTRING (-0.17306 51.505014,-0.129698 51.500703", "From Serpentine Car Park, Hyde Park to Storey's Gate, Westminster"
"LINESTRING (-0.114934 51.49288,-0.129698 51.500703", "From Lollard Street, Vauxhall to Storey's Gate, Westminster"
"LINESTRING (-0.129698 51.500703,-0.129698 51.500703", "From Storey's Gate, Westminster to Storey's Gate, Westminster"
"LINESTRING (-0.174411 51.511933,-0.129698 51.500703", "From Bayswater Road, Hyde Park to Storey's Gate, Westminster"
"LINESTRING (-0.204666 51.509591,-0.129698 51.500703", "From Lansdowne Walk, Ladbroke Grove to Storey's Gate, Westminster"
"LINESTRING (-0.173881 51.494412,-0.129698 51.500703", "From South Kensington Station, South Kensington to Storey's Gate, Westminster"
"LINESTRING (-0.197574 51.499606,-0.129698 51.500703", "From Phillimore Gardens, Kensington to Storey's Gate, Westminster"
"LINESTRING (-0.158963 51.524517,-0.129698 51.500703", "From Park Road (Baker Street), The Regent's Park to Storey's Gate, Westminster"
"LINESTRING (-0.141423 51.514499,-0.129698 51.500703", "From Little Argyll Street, West End to Storey's Gate, Westminster"
"LINESTRING (-0.026768 51.520398,-0.032566 51.520597", "From Ackroyd Drive, Bow to Mile End Park Leisure Centre, Mile End"
"LINESTRING (-0.068856 51.521776,-0.032566 51.520597", "From Buxton Street 1, Shoreditch to Mile End Park Leisure Centre, Mile End"
"LINESTRING (-0.066078 51.514924,-0.032566 51.520597", "From LMU Commercial Road, Whitechapel to Mile End Park Leisure Centre, Mile End"
"LINESTRING (-0.063386 51.521905,-0.032566 51.520597", "From Selby Street, Whitechapel to Mile End Park Leisure Centre, Mile End"
"LINESTRING (-0.079249 51.518908,-0.032566 51.520597", "From Brushfield Street, Liverpool Street to Mile End Park Leisure Centre, Mile End"
"LINESTRING (-0.025492 51.530535,-0.032566 51.520597", "From Mostyn Grove, Bow to Mile End Park Leisure Centre, Mile End"
"LINESTRING (-0.018703 51.528169,-0.032566 51.520597", "From Bow Church Station, Bow to Mile End Park Leisure Centre, Mile End"
"LINESTRING (-0.049591 51.53341,-0.032566 51.520597", "From Bonner Gate, Victoria Park to Mile End Park Leisure Centre, Mile End"
"LINESTRING (-0.030556 51.523538,-0.032566 51.520597", "From Southern Grove, Bow to Mile End Park Leisure Centre, Mile End"
"LINESTRING (-0.033828 51.514115,-0.032566 51.520597", "From Salmon Lane, Limehouse to Mile End Park Leisure Centre, Mile End"
"LINESTRING (-0.025626 51.511811,-0.032566 51.520597", "From Canton Street, Poplar to Mile End Park Leisure Centre, Mile End"
"LINESTRING (-0.013258 51.528828,-0.032566 51.520597", "From Bromley High Street, Bow to Mile End Park Leisure Centre, Mile End"
"LINESTRING (-0.062546 51.535678,-0.032566 51.520597", "From Regent's Row , Haggerston to Mile End Park Leisure Centre, Mile End"
"LINESTRING (-0.063386 51.521905,-0.032566 51.520597", "From Selby Street, Whitechapel to Mile End Park Leisure Centre, Mile End"
"LINESTRING (-0.057159 51.511088,-0.032566 51.520597", "From Shadwell Station, Shadwell to Mile End Park Leisure Centre, Mile End"
"LINESTRING (-0.037471 51.528224,-0.032566 51.520597", "From Antill Road, Mile End to Mile End Park Leisure Centre, Mile End"
"LINESTRING (-0.05438 51.520019,-0.032566 51.520597", "From Ansell House, Stepney to Mile End Park Leisure Centre, Mile End"
"LINESTRING (-0.02163 51.540311,-0.032566 51.520597", "From Monier Road, Hackney Wick to Mile End Park Leisure Centre, Mile End"
"LINESTRING (-0.082989 51.510484,-0.032566 51.520597", "From Great Tower Street, Monument to Mile End Park Leisure Centre, Mile End"
"LINESTRING (-0.037471 51.528224,-0.032566 51.520597", "From Antill Road, Mile End to Mile End Park Leisure Centre, Mile End"
"LINESTRING (-0.062546 51.535678,-0.032566 51.520597", "From Regent's Row , Haggerston to Mile End Park Leisure Centre, Mile End"
"LINESTRING (-0.041378 51.522507,-0.032566 51.520597", "From Queen Mary's, Mile End to Mile End Park Leisure Centre, Mile End"
"LINESTRING (-0.192165 51.457529,-0.168292 51.462392", "From Ram Street, Wandsworth to St. John's Road, Clapham Junction"
"LINESTRING (-0.223868 51.496664,-0.168292 51.462392", "From Little Brook Green, Brook Green to St. John's Road, Clapham Junction"
"LINESTRING (-0.159322 51.461343,-0.168292 51.462392", "From Clapham Common North Side, Clapham Common to St. John's Road, Clapham Junction"
"LINESTRING (-0.180884 51.459225,-0.168292 51.462392", "From Spanish Road, Clapham Junction to St. John's Road, Clapham Junction"
"LINESTRING (-0.17021 51.474535,-0.168292 51.462392", "From Orbel Street, Battersea to St. John's Road, Clapham Junction"
"LINESTRING (-0.150905 51.496544,-0.168292 51.462392", "From Eaton Square, Belgravia to St. John's Road, Clapham Junction"
"LINESTRING (-0.192165 51.457529,-0.168292 51.462392", "From Ram Street, Wandsworth to St. John's Road, Clapham Junction"
"LINESTRING (-0.130908 51.464995,-0.168292 51.462392", "From Gauden Road, Clapham to St. John's Road, Clapham Junction"
"LINESTRING (-0.159322 51.461343,-0.168292 51.462392", "From Clapham Common North Side, Clapham Common to St. John's Road, Clapham Junction"
"LINESTRING (-0.187427 51.460864,-0.168292 51.462392", "From Wandsworth Town Station, Wandsworth to St. John's Road, Clapham Junction"
"LINESTRING (-0.159169 51.475153,-0.168292 51.462392", "From Prince of Wales Drive, Battersea Park to St. John's Road, Clapham Junction"
"LINESTRING (-0.215895 51.476885,-0.168292 51.462392", "From Finlay Street, Fulham to St. John's Road, Clapham Junction"
"LINESTRING (-0.192165 51.457529,-0.168292 51.462392", "From Ram Street, Wandsworth to St. John's Road, Clapham Junction"
"LINESTRING (-0.152248 51.467185,-0.168292 51.462392", "From Ashley Crescent, Battersea to St. John's Road, Clapham Junction"
"LINESTRING (-0.152248 51.467185,-0.168292 51.462392", "From Ashley Crescent, Battersea to St. John's Road, Clapham Junction"
"LINESTRING (-0.141923 51.489856,-0.168292 51.462392", "From Warwick Square, Pimlico to St. John's Road, Clapham Junction"
"LINESTRING (-0.150905 51.496544,-0.168292 51.462392", "From Eaton Square, Belgravia to St. John's Road, Clapham Junction"
"LINESTRING (-0.17021 51.474535,-0.168292 51.462392", "From Orbel Street, Battersea to St. John's Road, Clapham Junction"
"LINESTRING (-0.146544 51.468669,-0.168292 51.462392", "From Heath Road, Battersea to St. John's Road, Clapham Junction"
"LINESTRING (-0.215895 51.476885,-0.168292 51.462392", "From Finlay Street, Fulham to St. John's Road, Clapham Junction"
"LINESTRING (-0.170329 51.477684,-0.168292 51.462392", "From Westbridge Road, Battersea to St. John's Road, Clapham Junction"
"LINESTRING (-0.182126 51.463489,-0.168292 51.462392", "From Usk Road, Clapham Junction to St. John's Road, Clapham Junction"
"LINESTRING (-0.18119 51.485587,-0.168292 51.462392", "From Limerston Street, West Chelsea to St. John's Road, Clapham Junction"
"LINESTRING (-0.180389 51.46517,-0.168292 51.462392", "From Hibbert Street, Battersea to St. John's Road, Clapham Junction"
"LINESTRING (-0.189155 51.477292,-0.168292 51.462392", "From Michael Road, Walham Green to St. John's Road, Clapham Junction"
"LINESTRING (-0.191722 51.461083,-0.168292 51.462392", "From Smugglers Way, Wandsworth to St. John's Road, Clapham Junction"
"LINESTRING (-0.18119 51.485587,-0.168292 51.462392", "From Limerston Street, West Chelsea to St. John's Road, Clapham Junction"
"LINESTRING (-0.182126 51.463489,-0.168292 51.462392", "From Usk Road, Clapham Junction to St. John's Road, Clapham Junction"
"LINESTRING (-0.16375 51.465064,-0.168292 51.462392", "From Dorothy Road, Clapham Junction to St. John's Road, Clapham Junction"
"LINESTRING (-0.170329 51.477684,-0.168292 51.462392", "From Westbridge Road, Battersea to St. John's Road, Clapham Junction"
"LINESTRING (-0.187427 51.460864,-0.168292 51.462392", "From Wandsworth Town Station, Wandsworth to St. John's Road, Clapham Junction"
"LINESTRING (-0.149551 51.477619,-0.168292 51.462392", "From Queen's Circus, Battersea Park to St. John's Road, Clapham Junction"
"LINESTRING (-0.139221 51.461388,-0.168292 51.462392", "From Clapham Common Station, Clapham Common to St. John's Road, Clapham Junction"
"LINESTRING (-0.163347 51.474392,-0.168292 51.462392", "From Albert Bridge Road, Battersea Park to St. John's Road, Clapham Junction"
"LINESTRING (-0.139221 51.461388,-0.168292 51.462392", "From Clapham Common Station, Clapham Common to St. John's Road, Clapham Junction"
"LINESTRING (-0.176267 51.472876,-0.168292 51.462392", "From Vicarage Crescent, Battersea to St. John's Road, Clapham Junction"
"LINESTRING (-0.217995 51.487285,-0.168292 51.462392", "From Charing Cross Hospital, Hammersmith to St. John's Road, Clapham Junction"
"LINESTRING (-0.182126 51.463489,-0.168292 51.462392", "From Usk Road, Clapham Junction to St. John's Road, Clapham Junction"
"LINESTRING (-0.17021 51.474535,-0.168292 51.462392", "From Orbel Street, Battersea to St. John's Road, Clapham Junction"
"LINESTRING (-0.170703 51.470847,-0.168292 51.462392", "From Simpson Street, Clapham Junction to St. John's Road, Clapham Junction"
"LINESTRING (-0.147624 51.49395,-0.168292 51.462392", "From Eccleston Place, Victoria to St. John's Road, Clapham Junction"
"LINESTRING (-0.187427 51.460864,-0.168292 51.462392", "From Wandsworth Town Station, Wandsworth to St. John's Road, Clapham Junction"
"LINESTRING (-0.201968 51.475089,-0.206827 51.467601", "From Parsons Green Station, Parsons Green to Ranelagh Gardens, Fulham"
"LINESTRING (-0.21555 51.463211,-0.206827 51.467601", "From Montserrat Road , Putney to Ranelagh Gardens, Fulham"
"LINESTRING (-0.193502 51.467064,-0.206827 51.467601", "From South Park, Sands End to Ranelagh Gardens, Fulham"
"LINESTRING (-0.06415 51.51295,-0.206827 51.467601", "From Christian Street, Whitechapel to Ranelagh Gardens, Fulham"
"LINESTRING (-0.174691 51.45787,-0.206827 51.467601", "From Spencer Park, Wandsworth Common to Ranelagh Gardens, Fulham"
"LINESTRING (-0.226606 51.488108,-0.206827 51.467601", "From Crisp Road, Hammersmith to Ranelagh Gardens, Fulham"
"LINESTRING (-0.210941 51.504199,-0.206827 51.467601", "From Addison Road, Holland Park to Ranelagh Gardens, Fulham"
"LINESTRING (-0.193502 51.467064,-0.206827 51.467601", "From South Park, Sands End to Ranelagh Gardens, Fulham"
"LINESTRING (-0.216573 51.466907,-0.206827 51.467601", "From Putney Pier, Wandsworth to Ranelagh Gardens, Fulham"
"LINESTRING (-0.174971 51.485121,-0.206827 51.467601", "From The Vale, Chelsea to Ranelagh Gardens, Fulham"
"LINESTRING (-0.206827 51.467601,-0.206827 51.467601", "From Ranelagh Gardens, Fulham to Ranelagh Gardens, Fulham"
"LINESTRING (-0.184318 51.468819,-0.206827 51.467601", "From William Morris Way, Sands End to Ranelagh Gardens, Fulham"
"LINESTRING (-0.228188 51.494499,-0.206827 51.467601", "From Southerton Road, Hammersmith to Ranelagh Gardens, Fulham"
"LINESTRING (-0.216145 51.46161,-0.206827 51.467601", "From Disraeli Road, Putney to Ranelagh Gardens, Fulham"
"LINESTRING (-0.180389 51.46517,-0.192165 51.457529", "From Hibbert Street, Battersea to Ram Street, Wandsworth"
"LINESTRING (-0.180389 51.46517,-0.192165 51.457529", "From Hibbert Street, Battersea to Ram Street, Wandsworth"
"LINESTRING (-0.180389 51.46517,-0.192165 51.457529", "From Hibbert Street, Battersea to Ram Street, Wandsworth"
"LINESTRING (-0.180389 51.46517,-0.192165 51.457529", "From Hibbert Street, Battersea to Ram Street, Wandsworth"
"LINESTRING (-0.219346 51.482944,-0.192165 51.457529", "From Crabtree Lane, Fulham to Ram Street, Wandsworth"
"LINESTRING (-0.180791 51.46193,-0.192165 51.457529", "From Nantes Close, Wandsworth to Ram Street, Wandsworth"
"LINESTRING (-0.179038 51.479573,-0.192165 51.457529", "From Lots Road, West Chelsea to Ram Street, Wandsworth"
"LINESTRING (-0.168292 51.462392,-0.192165 51.457529", "From St. John's Road, Clapham Junction to Ram Street, Wandsworth"
"LINESTRING (-0.163041 51.470538,-0.192165 51.457529", "From Sheepcote Lane, Battersea to Ram Street, Wandsworth"
"LINESTRING (-0.195777 51.479463,-0.192165 51.457529", "From Erin Close, Walham Green to Ram Street, Wandsworth"
"LINESTRING (-0.130908 51.464995,-0.192165 51.457529", "From Gauden Road, Clapham to Ram Street, Wandsworth"
"LINESTRING (-0.182435 51.478169,-0.192165 51.457529", "From Upcerne Road, West Chelsea to Ram Street, Wandsworth"
"LINESTRING (-0.155442 51.474376,-0.192165 51.457529", "From Austin Road, Battersea Park to Ram Street, Wandsworth"
"LINESTRING (-0.105593 51.488852,-0.192165 51.457529", "From Kennington Station, Kennington to Ram Street, Wandsworth"
"LINESTRING (-0.187427 51.460864,-0.192165 51.457529", "From Wandsworth Town Station, Wandsworth to Ram Street, Wandsworth"
"LINESTRING (-0.190346 51.46822,-0.192165 51.457529", "From Stephendale Road, Sands End to Ram Street, Wandsworth"
"LINESTRING (-0.174347 51.476964,-0.192165 51.457529", "From Battersea Church Road, Battersea to Ram Street, Wandsworth"
"LINESTRING (-0.122492 51.486343,-0.192165 51.457529", "From Kennington Lane Rail Bridge, Vauxhall to Ram Street, Wandsworth"
"LINESTRING (-0.216573 51.466907,-0.192165 51.457529", "From Putney Pier, Wandsworth to Ram Street, Wandsworth"
"LINESTRING (-0.187427 51.460864,-0.192165 51.457529", "From Wandsworth Town Station, Wandsworth to Ram Street, Wandsworth"
"LINESTRING (-0.216526 51.460717,-0.192165 51.457529", "From Putney Rail Station, Putney to Ram Street, Wandsworth"
"LINESTRING (-0.168292 51.462392,-0.192165 51.457529", "From St. John's Road, Clapham Junction to Ram Street, Wandsworth"
"LINESTRING (-0.182126 51.463489,-0.192165 51.457529", "From Usk Road, Clapham Junction to Ram Street, Wandsworth"
"LINESTRING (-0.170703 51.470847,-0.192165 51.457529", "From Simpson Street, Clapham Junction to Ram Street, Wandsworth"
"LINESTRING (-0.170703 51.470847,-0.192165 51.457529", "From Simpson Street, Clapham Junction to Ram Street, Wandsworth"
"LINESTRING (-0.115781 51.464019,-0.192165 51.457529", "From Ferndale Road, Brixton to Ram Street, Wandsworth"
"LINESTRING (-0.219346 51.482944,-0.192165 51.457529", "From Crabtree Lane, Fulham to Ram Street, Wandsworth"
"LINESTRING (-0.182435 51.478169,-0.192165 51.457529", "From Upcerne Road, West Chelsea to Ram Street, Wandsworth"
"LINESTRING (-0.170703 51.470847,-0.192165 51.457529", "From Simpson Street, Clapham Junction to Ram Street, Wandsworth"
"LINESTRING (-0.216573 51.466907,-0.192165 51.457529", "From Putney Pier, Wandsworth to Ram Street, Wandsworth"
"LINESTRING (-0.166878 51.488023,-0.192165 51.457529", "From Flood Street, Chelsea to Ram Street, Wandsworth"
"LINESTRING (-0.180791 51.46193,-0.192165 51.457529", "From Nantes Close, Wandsworth to Ram Street, Wandsworth"
"LINESTRING (-0.216573 51.466907,-0.192165 51.457529", "From Putney Pier, Wandsworth to Ram Street, Wandsworth"
"LINESTRING (-0.138089 51.484839,-0.192165 51.457529", "From Claverton Street, Pimlico to Ram Street, Wandsworth"
"LINESTRING (-0.155442 51.474376,-0.192165 51.457529", "From Austin Road, Battersea Park to Ram Street, Wandsworth"
"LINESTRING (-0.172293 51.467454,-0.192165 51.457529", "From Ingrave Street, Clapham Junction to Ram Street, Wandsworth"
"LINESTRING (-0.163347 51.474392,-0.192165 51.457529", "From Albert Bridge Road, Battersea Park to Ram Street, Wandsworth"
"LINESTRING (-0.199783 51.472817,-0.192165 51.457529", "From Parson's Green , Parson's Green to Ram Street, Wandsworth"
"LINESTRING (-0.216145 51.46161,-0.200806 51.457059", "From Disraeli Road, Putney to Santos Road, Wandsworth"
"LINESTRING (-0.195197 51.454752,-0.200806 51.457059", "From Neville Gill Close, Wandsworth to Santos Road, Wandsworth"
"LINESTRING (-0.236769 51.494223,-0.200806 51.457059", "From Ravenscourt Park Station, Hammersmith to Santos Road, Wandsworth"
"LINESTRING (-0.174347 51.476964,-0.200806 51.457059", "From Battersea Church Road, Battersea to Santos Road, Wandsworth"
"LINESTRING (-0.195197 51.454752,-0.200806 51.457059", "From Neville Gill Close, Wandsworth to Santos Road, Wandsworth"
"LINESTRING (-0.199783 51.472817,-0.159322 51.461343", "From Parson's Green , Parson's Green to Clapham Common North Side, Clapham Common"
"LINESTRING (-0.139221 51.461388,-0.159322 51.461343", "From Clapham Common Station, Clapham Common to Clapham Common North Side, Clapham Common"
"LINESTRING (-0.191722 51.461083,-0.159322 51.461343", "From Smugglers Way, Wandsworth to Clapham Common North Side, Clapham Common"
"LINESTRING (-0.139221 51.461388,-0.159322 51.461343", "From Clapham Common Station, Clapham Common to Clapham Common North Side, Clapham Common"
"LINESTRING (-0.139221 51.461388,-0.159322 51.461343", "From Clapham Common Station, Clapham Common to Clapham Common North Side, Clapham Common"
"LINESTRING (-0.149035 51.481121,-0.159322 51.461343", "From Sopwith Way, Battersea Park to Clapham Common North Side, Clapham Common"
"LINESTRING (-0.139221 51.461388,-0.159322 51.461343", "From Clapham Common Station, Clapham Common to Clapham Common North Side, Clapham Common"
"LINESTRING (-0.147714 51.483507,-0.159322 51.461343", "From Battersea Power Station, Battersea Park to Clapham Common North Side, Clapham Common"
"LINESTRING (-0.115375 51.460232,-0.159322 51.461343", "From Saltoun Road, Brixton to Clapham Common North Side, Clapham Common"
"LINESTRING (-0.183289 51.496462,-0.159322 51.461343", "From Gloucester Road (Central), South Kensington to Clapham Common North Side, Clapham Common"
"LINESTRING (-0.085814 51.495061,-0.159322 51.461343", "From Bricklayers Arms, Borough to Clapham Common North Side, Clapham Common"
"LINESTRING (-0.139221 51.461388,-0.159322 51.461343", "From Clapham Common Station, Clapham Common to Clapham Common North Side, Clapham Common"
"LINESTRING (-0.179369 51.487196,-0.159322 51.461343", "From Drayton Gardens, West Chelsea to Clapham Common North Side, Clapham Common"
"LINESTRING (-0.130908 51.464995,-0.159322 51.461343", "From Gauden Road, Clapham to Clapham Common North Side, Clapham Common"
"LINESTRING (-0.091773 51.504627,-0.159322 51.461343", "From Hop Exchange, The Borough to Clapham Common North Side, Clapham Common"
"LINESTRING (-0.180389 51.46517,-0.159322 51.461343", "From Hibbert Street, Battersea to Clapham Common North Side, Clapham Common"
"LINESTRING (-0.168292 51.462392,-0.159322 51.461343", "From St. John's Road, Clapham Junction to Clapham Common North Side, Clapham Common"
"LINESTRING (-0.147714 51.483507,-0.159322 51.461343", "From Battersea Power Station, Battersea Park to Clapham Common North Side, Clapham Common"
"LINESTRING (-0.139221 51.461388,-0.159322 51.461343", "From Clapham Common Station, Clapham Common to Clapham Common North Side, Clapham Common"
"LINESTRING (-0.167029 51.460333,-0.159322 51.461343", "From Abyssinia Close, Clapham Junction to Clapham Common North Side, Clapham Common"
"LINESTRING (-0.11258 51.473874,-0.159322 51.461343", "From Normandy Road, Stockwell to Clapham Common North Side, Clapham Common"
"LINESTRING (-0.163347 51.474392,-0.159322 51.461343", "From Albert Bridge Road, Battersea Park to Clapham Common North Side, Clapham Common"
"LINESTRING (-0.169821 51.466633,-0.159322 51.461343", "From Falcon Road, Clapham Junction to Clapham Common North Side, Clapham Common"
"LINESTRING (-0.212145 51.459715,-0.191803 51.473611", "From Upper Richmond Road, Putney to Sandilands Road, Walham Green"
"LINESTRING (-0.202038 51.48357,-0.191803 51.473611", "From Coomer Place, West Kensington to Sandilands Road, Walham Green"
"LINESTRING (-0.195777 51.479463,-0.191803 51.473611", "From Erin Close, Walham Green to Sandilands Road, Walham Green"
"LINESTRING (-0.194116 51.479932,-0.191803 51.473611", "From Fulham Broadway, Walham Green to Sandilands Road, Walham Green"
"LINESTRING (-0.20464 51.470131,-0.191803 51.473611", "From Hurlingham Park, Parsons Green to Sandilands Road, Walham Green"
"LINESTRING (-0.187278 51.475142,-0.191803 51.473611", "From Imperial Road, Sands End to Sandilands Road, Walham Green"
"LINESTRING (-0.144165 51.510736,-0.191803 51.473611", "From Bruton Street, Mayfair to Sandilands Road, Walham Green"
"LINESTRING (-0.215804 51.494347,-0.191803 51.473611", "From Brook Green South, Brook Green to Sandilands Road, Walham Green"
"LINESTRING (-0.186753 51.491615,-0.191803 51.473611", "From Collingham Gardens, Earl's Court to Sandilands Road, Walham Green"
"LINESTRING (-0.170703 51.470847,-0.191803 51.473611", "From Simpson Street, Clapham Junction to Sandilands Road, Walham Green"
"LINESTRING (-0.193502 51.467064,-0.191803 51.473611", "From South Park, Sands End to Sandilands Road, Walham Green"
"LINESTRING (-0.115375 51.460232,-0.191803 51.473611", "From Saltoun Road, Brixton to Sandilands Road, Walham Green"
"LINESTRING (-0.195777 51.479463,-0.191803 51.473611", "From Erin Close, Walham Green to Sandilands Road, Walham Green"
"LINESTRING (-0.195777 51.479463,-0.191803 51.473611", "From Erin Close, Walham Green to Sandilands Road, Walham Green"
"LINESTRING (-0.194116 51.479932,-0.191803 51.473611", "From Fulham Broadway, Walham Green to Sandilands Road, Walham Green"
"LINESTRING (-0.205284 51.496712,-0.191803 51.473611", "From Warwick Road, Olympia to Sandilands Road, Walham Green"
"LINESTRING (-0.18267 51.494185,-0.191803 51.473611", "From Gloucester Road Station, South Kensington to Sandilands Road, Walham Green"
"LINESTRING (-0.226606 51.488108,-0.191803 51.473611", "From Crisp Road, Hammersmith to Sandilands Road, Walham Green"
"LINESTRING (-0.174971 51.485121,-0.191803 51.473611", "From The Vale, Chelsea to Sandilands Road, Walham Green"
"LINESTRING (-0.206029 51.49087,-0.209121 51.491026", "From West Kensington Station, West Kensington to Gwendwr Road, West Kensington"
"LINESTRING (-0.209121 51.491026,-0.209121 51.491026", "From Gwendwr Road, West Kensington to Gwendwr Road, West Kensington"
"LINESTRING (-0.205284 51.496712,-0.209121 51.491026", "From Warwick Road, Olympia to Gwendwr Road, West Kensington"
"LINESTRING (-0.154106 51.517703,-0.209121 51.491026", "From George Street, Marylebone to Gwendwr Road, West Kensington"
"LINESTRING (-0.199783 51.472817,-0.209121 51.491026", "From Parson's Green , Parson's Green to Gwendwr Road, West Kensington"
"LINESTRING (-0.2174 51.504038,-0.209121 51.491026", "From Woodstock Grove, Shepherd's Bush to Gwendwr Road, West Kensington"
"LINESTRING (-0.223868 51.496664,-0.209121 51.491026", "From Little Brook Green, Brook Green to Gwendwr Road, West Kensington"
"LINESTRING (-0.149569 51.50274,-0.209121 51.491026", "From Wellington Arch, Hyde Park to Gwendwr Road, West Kensington"
"LINESTRING (-0.225787 51.514767,-0.209121 51.491026", "From BBC White City, White City to Gwendwr Road, West Kensington"
"LINESTRING (-0.202038 51.48357,-0.209121 51.491026", "From Coomer Place, West Kensington to Gwendwr Road, West Kensington"
"LINESTRING (-0.21819 51.511486,-0.209121 51.491026", "From Evesham Street, Avondale to Gwendwr Road, West Kensington"
"LINESTRING (-0.223868 51.496664,-0.209121 51.491026", "From Little Brook Green, Brook Green to Gwendwr Road, West Kensington"
"LINESTRING (-0.200838 51.514311,-0.216016 51.509224", "From Turquoise Island, Notting Hill to Rifle Place, Avondale"
"LINESTRING (-0.214428 51.486062,-0.216016 51.509224", "From Greyhound Road, Hammersmith to Rifle Place, Avondale"
"LINESTRING (-0.208486 51.506465,-0.216016 51.509224", "From Princedale Road , Holland Park to Rifle Place, Avondale"
"LINESTRING (-0.216305 51.483356,-0.216016 51.509224", "From Everington Street, Fulham to Rifle Place, Avondale"
"LINESTRING (-0.122492 51.486343,-0.122831 51.472509", "From Kennington Lane Rail Bridge, Vauxhall to Binfield Road, Stockwell"
"LINESTRING (-0.118256 51.47659,-0.122831 51.472509", "From Albert Square, Stockwell to Binfield Road, Stockwell"
"LINESTRING (-0.133972 51.472993,-0.122831 51.472509", "From Union Grove, Wandsworth Road to Binfield Road, Stockwell"
"LINESTRING (-0.149551 51.477619,-0.122831 51.472509", "From Queen's Circus, Battersea Park to Binfield Road, Stockwell"
"LINESTRING (-0.139625 51.490962,-0.122831 51.472509", "From Gloucester Street, Pimlico to Binfield Road, Stockwell"
"LINESTRING (-0.147857 51.477966,-0.122831 51.472509", "From Gas Holders, Battersea Park to Binfield Road, Stockwell"
"LINESTRING (-0.117661 51.482678,-0.122831 51.472509", "From Ashmole Estate, Oval to Binfield Road, Stockwell"
"LINESTRING (-0.132102 51.472918,-0.122831 51.472509", "From Courland Grove, Wandsworth Road to Binfield Road, Stockwell"
"LINESTRING (-0.142844 51.506613,-0.122831 51.472509", "From Green Park Station, Mayfair to Binfield Road, Stockwell"
"LINESTRING (-0.170983 51.486892,-0.122831 51.472509", "From Manresa Road, Chelsea to Binfield Road, Stockwell"
"LINESTRING (-0.116628 51.500089,-0.122831 51.472509", "From Lambeth Palace Road, Waterloo to Binfield Road, Stockwell"
"LINESTRING (-0.115781 51.464019,-0.122831 51.472509", "From Ferndale Road, Brixton to Binfield Road, Stockwell"
"LINESTRING (-0.0786 51.500647,-0.122831 51.472509", "From Tanner Street, Bermondsey to Binfield Road, Stockwell"
"LINESTRING (-0.132102 51.472918,-0.122831 51.472509", "From Courland Grove, Wandsworth Road to Binfield Road, Stockwell"
"LINESTRING (-0.115781 51.464019,-0.122831 51.472509", "From Ferndale Road, Brixton to Binfield Road, Stockwell"
"LINESTRING (-0.137235 51.473116,-0.122831 51.472509", "From Stewart's Road, Wandsworth Road to Binfield Road, Stockwell"
"LINESTRING (-0.138212 51.481335,-0.122831 51.472509", "From Riverlight South, Nine Elms to Binfield Road, Stockwell"
"LINESTRING (-0.126874 51.47787,-0.122831 51.472509", "From Hartington Road, Stockwell to Binfield Road, Stockwell"
"LINESTRING (-0.082422 51.516154,-0.122831 51.472509", "From Wormwood Street, Liverpool Street to Binfield Road, Stockwell"
"LINESTRING (-0.132328 51.515631,-0.122831 51.472509", "From Soho Square , Soho to Binfield Road, Stockwell"
"LINESTRING (-0.118256 51.47659,-0.122831 51.472509", "From Albert Square, Stockwell to Binfield Road, Stockwell"
"LINESTRING (-0.137235 51.473116,-0.122831 51.472509", "From Stewart's Road, Wandsworth Road to Binfield Road, Stockwell"
"LINESTRING (-0.137424 51.498865,-0.122831 51.472509", "From Buckingham Gate, Westminster to Binfield Road, Stockwell"
"LINESTRING (-0.120903 51.488124,-0.122831 51.472509", "From Vauxhall Walk, Vauxhall to Binfield Road, Stockwell"
"LINESTRING (-0.068981 51.498585,-0.122831 51.472509", "From George Row, Bermondsey to Binfield Road, Stockwell"
"LINESTRING (-0.112686 51.469217,-0.122831 51.472509", "From Wynne Road, Stockwell to Binfield Road, Stockwell"
"LINESTRING (-0.105593 51.488852,-0.122831 51.472509", "From Kennington Station, Kennington to Binfield Road, Stockwell"
"LINESTRING (-0.117122 51.490994,-0.122831 51.472509", "From Black Prince Road, Vauxhall to Binfield Road, Stockwell"
"LINESTRING (-0.120903 51.488124,-0.122831 51.472509", "From Vauxhall Walk, Vauxhall to Binfield Road, Stockwell"
"LINESTRING (-0.124642 51.481747,-0.122831 51.472509", "From South Lambeth Road, Vauxhall to Binfield Road, Stockwell"
"LINESTRING (-0.132102 51.472918,-0.122831 51.472509", "From Courland Grove, Wandsworth Road to Binfield Road, Stockwell"
"LINESTRING (-0.117122 51.490994,-0.122831 51.472509", "From Black Prince Road, Vauxhall to Binfield Road, Stockwell"
"LINESTRING (-0.148059 51.472865,-0.122831 51.472509", "From Silverthorne Road, Battersea to Binfield Road, Stockwell"
"LINESTRING (-0.079608 51.521668,-0.122831 51.472509", "From Worship Street, Shoreditch to Binfield Road, Stockwell"
"LINESTRING (-0.137235 51.473116,-0.122831 51.472509", "From Stewart's Road, Wandsworth Road to Binfield Road, Stockwell"
"LINESTRING (-0.106823 51.508033,-0.107349 51.511891", "From Sea Containers, South Bank to Tallis Street, Temple"
"LINESTRING (-0.117619 51.509943,-0.107349 51.511891", "From Somerset House, Strand to Tallis Street, Temple"
"LINESTRING (-0.165842 51.522029,-0.107349 51.511891", "From Bell Street , Marylebone to Tallis Street, Temple"
"LINESTRING (-0.02296 51.50623,-0.107349 51.511891", "From Fisherman's Walk West, Canary Wharf to Tallis Street, Temple"
"LINESTRING (-0.123823 51.501513,-0.107349 51.511891", "From Westminster Pier, Westminster to Tallis Street, Temple"
"LINESTRING (-0.087262 51.506304,-0.107349 51.511891", "From Duke Street Hill, London Bridge to Tallis Street, Temple"
"LINESTRING (-0.087262 51.506304,-0.107349 51.511891", "From Duke Street Hill, London Bridge to Tallis Street, Temple"
"LINESTRING (-0.082989 51.510484,-0.107349 51.511891", "From Great Tower Street, Monument to Tallis Street, Temple"
"LINESTRING (-0.098807 51.506725,-0.107349 51.511891", "From Tate Modern, Bankside to Tallis Street, Temple"
"LINESTRING (-0.12367 51.471433,-0.107349 51.511891", "From Clapham Road, Lingham Street, Stockwell to Tallis Street, Temple"
"LINESTRING (-0.087262 51.506304,-0.107349 51.511891", "From Duke Street Hill, London Bridge to Tallis Street, Temple"
"LINESTRING (-0.09294 51.51397,-0.107349 51.511891", "From Cheapside, Bank to Tallis Street, Temple"
"LINESTRING (-0.193487 51.513735,-0.107349 51.511891", "From Hereford Road, Bayswater to Tallis Street, Temple"
"LINESTRING (-0.18119 51.485587,-0.107349 51.511891", "From Limerston Street, West Chelsea to Tallis Street, Temple"
"LINESTRING (-0.192165 51.457529,-0.20464 51.470131", "From Ram Street, Wandsworth to Hurlingham Park, Parsons Green"
"LINESTRING (-0.182435 51.478169,-0.20464 51.470131", "From Upcerne Road, West Chelsea to Hurlingham Park, Parsons Green"
"LINESTRING (-0.199783 51.472817,-0.20464 51.470131", "From Parson's Green , Parson's Green to Hurlingham Park, Parsons Green"
"LINESTRING (-0.19701 51.473763,-0.20464 51.470131", "From Irene Road, Parsons Green to Hurlingham Park, Parsons Green"
"LINESTRING (-0.187427 51.460864,-0.20464 51.470131", "From Wandsworth Town Station, Wandsworth to Hurlingham Park, Parsons Green"
"LINESTRING (-0.190346 51.46822,-0.20464 51.470131", "From Stephendale Road, Sands End to Hurlingham Park, Parsons Green"
"LINESTRING (-0.215895 51.476885,-0.20464 51.470131", "From Finlay Street, Fulham to Hurlingham Park, Parsons Green"
"LINESTRING (-0.179369 51.487196,-0.20464 51.470131", "From Drayton Gardens, West Chelsea to Hurlingham Park, Parsons Green"
"LINESTRING (-0.17021 51.474535,-0.223868 51.496664", "From Orbel Street, Battersea to Little Brook Green, Brook Green"
"LINESTRING (-0.229116 51.492084,-0.223868 51.496664", "From Bridge Avenue, Hammersmith to Little Brook Green, Brook Green"
"LINESTRING (-0.16716 51.47518,-0.223868 51.496664", "From Surrey Lane, Battersea to Little Brook Green, Brook Green"
"LINESTRING (-0.209121 51.491026,-0.223868 51.496664", "From Gwendwr Road, West Kensington to Little Brook Green, Brook Green"
"LINESTRING (-0.167894 51.493184,-0.223868 51.496664", "From Sloane Avenue, Knightsbridge to Little Brook Green, Brook Green"
"LINESTRING (-0.215804 51.494347,-0.223868 51.496664", "From Brook Green South, Brook Green to Little Brook Green, Brook Green"
"LINESTRING (-0.209378 51.489591,-0.223868 51.496664", "From Vereker Road, West Kensington to Little Brook Green, Brook Green"
"LINESTRING (-0.217995 51.487285,-0.223868 51.496664", "From Charing Cross Hospital, Hammersmith to Little Brook Green, Brook Green"
"LINESTRING (-0.217515 51.500353,-0.223868 51.496664", "From Richmond Way, Shepherd's Bush to Little Brook Green, Brook Green"
"LINESTRING (-0.223616 51.485743,-0.223868 51.496664", "From Manbre Road, Hammersmith to Little Brook Green, Brook Green"
"LINESTRING (-0.228188 51.494499,-0.223868 51.496664", "From Southerton Road, Hammersmith to Little Brook Green, Brook Green"
"LINESTRING (-0.209121 51.491026,-0.223868 51.496664", "From Gwendwr Road, West Kensington to Little Brook Green, Brook Green"
"LINESTRING (-0.205279 51.487244,-0.223868 51.496664", "From Star Road, West Kensington to Little Brook Green, Brook Green"
"LINESTRING (-0.222293 51.501594,-0.223868 51.496664", "From Shepherd's Bush Road North, Shepherd's Bush to Little Brook Green, Brook Green"
"LINESTRING (-0.191496 51.503157,-0.223868 51.496664", "From Kensington Church Street, Kensington to Little Brook Green, Brook Green"
"LINESTRING (-0.205279 51.487244,-0.167029 51.460333", "From Star Road, West Kensington to Abyssinia Close, Clapham Junction"
"LINESTRING (-0.174691 51.45787,-0.167029 51.460333", "From Spencer Park, Wandsworth Common to Abyssinia Close, Clapham Junction"
"LINESTRING (-0.193502 51.467064,-0.167029 51.460333", "From South Park, Sands End to Abyssinia Close, Clapham Junction"
"LINESTRING (-0.184806 51.457991,-0.167029 51.460333", "From Alma Road, Wandsworth to Abyssinia Close, Clapham Junction"
"LINESTRING (-0.228188 51.494499,-0.167029 51.460333", "From Southerton Road, Hammersmith to Abyssinia Close, Clapham Junction"
"LINESTRING (-0.139221 51.461388,-0.167029 51.460333", "From Clapham Common Station, Clapham Common to Abyssinia Close, Clapham Junction"
"LINESTRING (-0.16716 51.47518,-0.167029 51.460333", "From Surrey Lane, Battersea to Abyssinia Close, Clapham Junction"
"LINESTRING (-0.091773 51.504627,-0.167029 51.460333", "From Hop Exchange, The Borough to Abyssinia Close, Clapham Junction"
"LINESTRING (-0.15213 51.470475,-0.167029 51.460333", "From Stanley Grove, Battersea to Abyssinia Close, Clapham Junction"
"LINESTRING (-0.147804 51.461376,-0.167029 51.460333", "From Victoria Rise, Clapham Common to Abyssinia Close, Clapham Junction"
"LINESTRING (-0.147857 51.477966,-0.167029 51.460333", "From Gas Holders, Battersea Park to Abyssinia Close, Clapham Junction"
"LINESTRING (-0.174347 51.476964,-0.167029 51.460333", "From Battersea Church Road, Battersea to Abyssinia Close, Clapham Junction"
"LINESTRING (-0.165164 51.514746,-0.167029 51.460333", "From Porchester Place, Paddington to Abyssinia Close, Clapham Junction"
"LINESTRING (-0.189155 51.477292,-0.167029 51.460333", "From Michael Road, Walham Green to Abyssinia Close, Clapham Junction"
"LINESTRING (-0.126874 51.47787,-0.167029 51.460333", "From Hartington Road, Stockwell to Abyssinia Close, Clapham Junction"
"LINESTRING (-0.116493 51.477839,-0.167029 51.460333", "From Caldwell Street, Stockwell to Abyssinia Close, Clapham Junction"
"LINESTRING (-0.147804 51.461376,-0.165297 51.461923", "From Victoria Rise, Clapham Common to Limburg Road, Clapham Junction"
"LINESTRING (-0.116493 51.477839,-0.165297 51.461923", "From Caldwell Street, Stockwell to Limburg Road, Clapham Junction"
"LINESTRING (-0.192165 51.457529,-0.165297 51.461923", "From Ram Street, Wandsworth to Limburg Road, Clapham Junction"
"LINESTRING (-0.139221 51.461388,-0.165297 51.461923", "From Clapham Common Station, Clapham Common to Limburg Road, Clapham Junction"
"LINESTRING (-0.124469 51.485917,-0.165297 51.461923", "From Vauxhall Cross, Vauxhall to Limburg Road, Clapham Junction"
"LINESTRING (-0.119022 51.469202,-0.165297 51.461923", "From Sidney Road, Stockwell to Limburg Road, Clapham Junction"
"LINESTRING (-0.17581 51.517335,-0.165297 51.461923", "From South Wharf Road, Paddington to Limburg Road, Clapham Junction"
"LINESTRING (-0.198735 51.46067,-0.165297 51.461923", "From Osiers Road, Wandsworth to Limburg Road, Clapham Junction"
"LINESTRING (-0.139221 51.461388,-0.165297 51.461923", "From Clapham Common Station, Clapham Common to Limburg Road, Clapham Junction"
"LINESTRING (-0.202038 51.48357,-0.165297 51.461923", "From Coomer Place, West Kensington to Limburg Road, Clapham Junction"
"LINESTRING (-0.124469 51.485917,-0.165297 51.461923", "From Vauxhall Cross, Vauxhall to Limburg Road, Clapham Junction"
"LINESTRING (-0.069743 51.528222,-0.077178 51.514449", "From Wellington Row, Bethnal Green to Houndsditch, Aldgate"
"LINESTRING (-0.110699 51.501444,-0.077178 51.514449", "From Baylis Road, Waterloo to Houndsditch, Aldgate"
"LINESTRING (-0.075855 51.517475,-0.077178 51.514449", "From Bell Lane, Liverpool Street to Houndsditch, Aldgate"
"LINESTRING (-0.05438 51.520019,-0.077178 51.514449", "From Ansell House, Stepney to Houndsditch, Aldgate"
"LINESTRING (-0.058641 51.515256,-0.077178 51.514449", "From Philpot Street, Whitechapel to Houndsditch, Aldgate"
"LINESTRING (-0.123702 51.506767,-0.077178 51.514449", "From Northumberland Avenue, Strand to Houndsditch, Aldgate"
"LINESTRING (-0.09294 51.51397,-0.077178 51.514449", "From Cheapside, Bank to Houndsditch, Aldgate"
"LINESTRING (-0.053177 51.515975,-0.077178 51.514449", "From Jubilee Street, Stepney to Houndsditch, Aldgate"
"LINESTRING (-0.113864 51.504027,-0.077178 51.514449", "From Waterloo Station 1, Waterloo to Houndsditch, Aldgate"
"LINESTRING (-0.099981 51.532661,-0.077178 51.514449", "From Graham Street, Angel to Houndsditch, Aldgate"
"LINESTRING (-0.063386 51.521905,-0.077178 51.514449", "From Selby Street, Whitechapel to Houndsditch, Aldgate"
"LINESTRING (-0.083353 51.529537,-0.077178 51.514449", "From Fanshaw Street, Hoxton to Houndsditch, Aldgate"
"LINESTRING (-0.022793 51.497304,-0.077178 51.514449", "From Alpha Grove, Millwall to Houndsditch, Aldgate"
"LINESTRING (-0.067937 51.51793,-0.077178 51.514449", "From Old Montague Street, Whitechapel to Houndsditch, Aldgate"
"LINESTRING (-0.123616 51.529943,-0.077178 51.514449", "From Belgrove Street , King's Cross to Houndsditch, Aldgate"
"LINESTRING (-0.087587 51.514441,-0.077178 51.514449", "From Bank of England Museum, Bank to Houndsditch, Aldgate"
"LINESTRING (-0.087262 51.506304,-0.077178 51.514449", "From Duke Street Hill, London Bridge to Houndsditch, Aldgate"
"LINESTRING (-0.036017 51.525941,-0.077178 51.514449", "From Clinton Road, Mile End to Houndsditch, Aldgate"
"LINESTRING (-0.112824 51.503791,-0.077178 51.514449", "From Waterloo Station 3, Waterloo to Houndsditch, Aldgate"
"LINESTRING (-0.07962 51.503493,-0.077178 51.514449", "From Tooley Street, Bermondsey to Houndsditch, Aldgate"
"LINESTRING (-0.09022 51.491484,-0.077178 51.514449", "From Rodney Road , Walworth to Houndsditch, Aldgate"
"LINESTRING (-0.120202 51.523346,-0.077178 51.514449", "From Guilford Street , Bloomsbury to Houndsditch, Aldgate"
"LINESTRING (-0.07962 51.503493,-0.077178 51.514449", "From Tooley Street, Bermondsey to Houndsditch, Aldgate"
"LINESTRING (-0.112824 51.503791,-0.077178 51.514449", "From Waterloo Station 3, Waterloo to Houndsditch, Aldgate"
"LINESTRING (-0.122219 51.51477,-0.077178 51.514449", "From Drury Lane, Covent Garden to Houndsditch, Aldgate"
"LINESTRING (-0.096496 51.517821,-0.077178 51.514449", "From Museum of London, Barbican to Houndsditch, Aldgate"
"LINESTRING (-0.028941 51.542118,-0.077178 51.514449", "From Cadogan Close, Victoria Park to Houndsditch, Aldgate"
"LINESTRING (-0.125441 51.541596,-0.077178 51.514449", "From York Way, Kings Cross to Houndsditch, Aldgate"
"LINESTRING (-0.075855 51.517475,-0.077178 51.514449", "From Bell Lane, Liverpool Street to Houndsditch, Aldgate"
"LINESTRING (-0.077178 51.514449,-0.077178 51.514449", "From Houndsditch, Aldgate to Houndsditch, Aldgate"
"LINESTRING (-0.058641 51.515256,-0.077178 51.514449", "From Philpot Street, Whitechapel to Houndsditch, Aldgate"
"LINESTRING (-0.174971 51.485121,-0.183165 51.474665", "From The Vale, Chelsea to Imperial Wharf Station, Sands End"
"LINESTRING (-0.18119 51.485587,-0.183165 51.474665", "From Limerston Street, West Chelsea to Imperial Wharf Station, Sands End"
"LINESTRING (-0.187404 51.487958,-0.183165 51.474665", "From Harcourt Terrace, West Brompton to Imperial Wharf Station, Sands End"
"LINESTRING (-0.179038 51.479573,-0.183165 51.474665", "From Lots Road, West Chelsea to Imperial Wharf Station, Sands End"
"LINESTRING (-0.214749 51.473036,-0.183165 51.474665", "From Bishop's Avenue, Fulham to Imperial Wharf Station, Sands End"
"LINESTRING (-0.182126 51.463489,-0.183165 51.474665", "From Usk Road, Clapham Junction to Imperial Wharf Station, Sands End"
"LINESTRING (-0.20464 51.470131,-0.183165 51.474665", "From Hurlingham Park, Parsons Green to Imperial Wharf Station, Sands End"
"LINESTRING (-0.187278 51.475142,-0.183165 51.474665", "From Imperial Road, Sands End to Imperial Wharf Station, Sands End"
"LINESTRING (-0.159169 51.475153,-0.183165 51.474665", "From Prince of Wales Drive, Battersea Park to Imperial Wharf Station, Sands End"
"LINESTRING (-0.174347 51.476964,-0.183165 51.474665", "From Battersea Church Road, Battersea to Imperial Wharf Station, Sands End"
"LINESTRING (-0.183165 51.474665,-0.183165 51.474665", "From Imperial Wharf Station, Sands End to Imperial Wharf Station, Sands End"
"LINESTRING (-0.147449 51.509351,-0.183165 51.474665", "From Farm Street, Mayfair to Imperial Wharf Station, Sands End"
"LINESTRING (-0.195455 51.500401,-0.183165 51.474665", "From Argyll Road, Kensington to Imperial Wharf Station, Sands End"
"LINESTRING (-0.164786 51.477292,-0.183165 51.474665", "From Ethelburga Estate, Battersea Park to Imperial Wharf Station, Sands End"
"LINESTRING (-0.180274 51.481805,-0.183165 51.474665", "From World's End Place, West Chelsea to Imperial Wharf Station, Sands End"
"LINESTRING (-0.140741 51.488057,-0.183165 51.474665", "From Alderney Street, Pimlico to Imperial Wharf Station, Sands End"
"LINESTRING (-0.191722 51.461083,-0.183165 51.474665", "From Smugglers Way, Wandsworth to Imperial Wharf Station, Sands End"
"LINESTRING (-0.209378 51.489591,-0.183165 51.474665", "From Vereker Road, West Kensington to Imperial Wharf Station, Sands End"
"LINESTRING (-0.183165 51.474665,-0.183165 51.474665", "From Imperial Wharf Station, Sands End to Imperial Wharf Station, Sands End"
"LINESTRING (-0.167919 51.484984,-0.183165 51.474665", "From Phene Street, Chelsea to Imperial Wharf Station, Sands End"
"LINESTRING (-0.122492 51.486343,-0.183165 51.474665", "From Kennington Lane Rail Bridge, Vauxhall to Imperial Wharf Station, Sands End"
"LINESTRING (-0.163347 51.474392,-0.183165 51.474665", "From Albert Bridge Road, Battersea Park to Imperial Wharf Station, Sands End"
"LINESTRING (-0.229116 51.492084,-0.183165 51.474665", "From Bridge Avenue, Hammersmith to Imperial Wharf Station, Sands End"
"LINESTRING (-0.183165 51.474665,-0.183165 51.474665", "From Imperial Wharf Station, Sands End to Imperial Wharf Station, Sands End"
"LINESTRING (-0.156876 51.49313,-0.183165 51.474665", "From Sedding Street, Sloane Square to Imperial Wharf Station, Sands End"
"LINESTRING (-0.172078 51.482567,-0.183165 51.474665", "From Danvers Street, West Chelsea to Imperial Wharf Station, Sands End"
"LINESTRING (-0.189155 51.477292,-0.183165 51.474665", "From Michael Road, Walham Green to Imperial Wharf Station, Sands End"
"LINESTRING (-0.201968 51.475089,-0.183165 51.474665", "From Parsons Green Station, Parsons Green to Imperial Wharf Station, Sands End"
"LINESTRING (-0.179077 51.495592,-0.183165 51.474665", "From Natural History Museum, South Kensington to Imperial Wharf Station, Sands End"
"LINESTRING (-0.182126 51.463489,-0.183165 51.474665", "From Usk Road, Clapham Junction to Imperial Wharf Station, Sands End"
"LINESTRING (-0.123823 51.501513,-0.183165 51.474665", "From Westminster Pier, Westminster to Imperial Wharf Station, Sands End"
"LINESTRING (-0.205876 51.475698,-0.183165 51.474665", "From Chesilton Road, Fulham to Imperial Wharf Station, Sands End"
"LINESTRING (-0.166878 51.488023,-0.183165 51.474665", "From Flood Street, Chelsea to Imperial Wharf Station, Sands End"
"LINESTRING (-0.187278 51.475142,-0.183165 51.474665", "From Imperial Road, Sands End to Imperial Wharf Station, Sands End"
"LINESTRING (-0.202038 51.48357,-0.183165 51.474665", "From Coomer Place, West Kensington to Imperial Wharf Station, Sands End"
"LINESTRING (-0.187842 51.509908,-0.173009 51.495898", "From Black Lion Gate, Kensington Gardens to Victoria & Albert Museum, South Kensington"
"LINESTRING (-0.165164 51.514746,-0.173009 51.495898", "From Porchester Place, Paddington to Victoria & Albert Museum, South Kensington"
"LINESTRING (-0.123823 51.501513,-0.173009 51.495898", "From Westminster Pier, Westminster to Victoria & Albert Museum, South Kensington"
"LINESTRING (-0.069542 51.512363,-0.173009 51.495898", "From Leman Street, Aldgate to Victoria & Albert Museum, South Kensington"
"LINESTRING (-0.18267 51.494185,-0.173009 51.495898", "From Gloucester Road Station, South Kensington to Victoria & Albert Museum, South Kensington"
"LINESTRING (-0.149186 51.490491,-0.173009 51.495898", "From Ebury Bridge, Pimlico to Victoria & Albert Museum, South Kensington"
"LINESTRING (-0.192369 51.491593,-0.197609 51.483911", "From Penywern Road, Earl's Court to Halford Road, West Kensington"
"LINESTRING (-0.187404 51.487958,-0.197609 51.483911", "From Harcourt Terrace, West Brompton to Halford Road, West Kensington"
"LINESTRING (-0.216573 51.466907,-0.197609 51.483911", "From Putney Pier, Wandsworth to Halford Road, West Kensington"
"LINESTRING (-0.205535 51.507481,-0.197609 51.483911", "From Lansdowne Road, Ladbroke Grove to Halford Road, West Kensington"
"LINESTRING (-0.173881 51.494412,-0.197609 51.483911", "From South Kensington Station, South Kensington to Halford Road, West Kensington"
"LINESTRING (-0.165164 51.514746,-0.197609 51.483911", "From Porchester Place, Paddington to Halford Road, West Kensington"
"LINESTRING (-0.192369 51.491593,-0.197609 51.483911", "From Penywern Road, Earl's Court to Halford Road, West Kensington"
"LINESTRING (-0.201968 51.475089,-0.197609 51.483911", "From Parsons Green Station, Parsons Green to Halford Road, West Kensington"
"LINESTRING (-0.191803 51.473611,-0.197609 51.483911", "From Sandilands Road, Walham Green to Halford Road, West Kensington"
"LINESTRING (-0.215895 51.476885,-0.197609 51.483911", "From Finlay Street, Fulham to Halford Road, West Kensington"
"LINESTRING (-0.201968 51.475089,-0.197609 51.483911", "From Parsons Green Station, Parsons Green to Halford Road, West Kensington"
"LINESTRING (-0.147857 51.477966,-0.197609 51.483911", "From Gas Holders, Battersea Park to Halford Road, West Kensington"
"LINESTRING (-0.195455 51.500401,-0.197609 51.483911", "From Argyll Road, Kensington to Halford Road, West Kensington"
"LINESTRING (-0.236769 51.494223,-0.197609 51.483911", "From Ravenscourt Park Station, Hammersmith to Halford Road, West Kensington"
"LINESTRING (-0.183834 51.497924,-0.197609 51.483911", "From Gloucester Road (North), Kensington to Halford Road, West Kensington"
"LINESTRING (-0.201968 51.475089,-0.197609 51.483911", "From Parsons Green Station, Parsons Green to Halford Road, West Kensington"
"LINESTRING (-0.193502 51.467064,-0.197609 51.483911", "From South Park, Sands End to Halford Road, West Kensington"
"LINESTRING (-0.199783 51.472817,-0.197609 51.483911", "From Parson's Green , Parson's Green to Halford Road, West Kensington"
"LINESTRING (-0.214428 51.486062,-0.197609 51.483911", "From Greyhound Road, Hammersmith to Halford Road, West Kensington"
"LINESTRING (-0.222456 51.488144,-0.197609 51.483911", "From Beryl Road, Hammersmith to Halford Road, West Kensington"
"LINESTRING (-0.205921 51.511624,-0.197609 51.483911", "From Ladbroke Grove Central, Ladbroke Grove to Halford Road, West Kensington"
"LINESTRING (-0.193764 51.508605,-0.197609 51.483911", "From Palace Gardens Terrace, Notting Hill to Halford Road, West Kensington"
"LINESTRING (-0.194116 51.479932,-0.197609 51.483911", "From Fulham Broadway, Walham Green to Halford Road, West Kensington"
"LINESTRING (-0.236769 51.494223,-0.197609 51.483911", "From Ravenscourt Park Station, Hammersmith to Halford Road, West Kensington"
"LINESTRING (-0.197574 51.499606,-0.197609 51.483911", "From Phillimore Gardens, Kensington to Halford Road, West Kensington"
"LINESTRING (-0.15352 51.503117,-0.197609 51.483911", "From Hyde Park Corner, Hyde Park to Halford Road, West Kensington"
"LINESTRING (-0.192369 51.491593,-0.197609 51.483911", "From Penywern Road, Earl's Court to Halford Road, West Kensington"
"LINESTRING (-0.187278 51.475142,-0.197609 51.483911", "From Imperial Road, Sands End to Halford Road, West Kensington"
"LINESTRING (-0.217995 51.487285,-0.197609 51.483911", "From Charing Cross Hospital, Hammersmith to Halford Road, West Kensington"
"LINESTRING (-0.199783 51.472817,-0.197609 51.483911", "From Parson's Green , Parson's Green to Halford Road, West Kensington"
"LINESTRING (-0.200804 51.520509,-0.197609 51.483911", "From The Metropolitan, Portobello to Halford Road, West Kensington"
"LINESTRING (-0.178433 51.492479,-0.197609 51.483911", "From Queen's Gate (South), South Kensington to Halford Road, West Kensington"
"LINESTRING (-0.082989 51.510484,-0.02163 51.540311", "From Great Tower Street, Monument to Monier Road, Hackney Wick"
"LINESTRING (-0.00481 51.541793,-0.02163 51.540311", "From Stratford Station, Stratford to Monier Road, Hackney Wick"
"LINESTRING (-0.00481 51.541793,-0.02163 51.540311", "From Stratford Station, Stratford to Monier Road, Hackney Wick"
"LINESTRING (-0.037366 51.534137,-0.02163 51.540311", "From Driffield Road, Old Ford to Monier Road, Hackney Wick"
"LINESTRING (-0.00481 51.541793,-0.02163 51.540311", "From Stratford Station, Stratford to Monier Road, Hackney Wick"
"LINESTRING (-0.01051 51.54094,-0.02163 51.540311", "From Aquatic Centre, Queen Elizabeth Olympic Park to Monier Road, Hackney Wick"
"LINESTRING (-0.01051 51.54094,-0.02163 51.540311", "From Aquatic Centre, Queen Elizabeth Olympic Park to Monier Road, Hackney Wick"
"LINESTRING (-0.01051 51.54094,-0.02163 51.540311", "From Aquatic Centre, Queen Elizabeth Olympic Park to Monier Road, Hackney Wick"
"LINESTRING (-0.066078 51.514924,-0.02163 51.540311", "From LMU Commercial Road, Whitechapel to Monier Road, Hackney Wick"
"LINESTRING (-0.01051 51.54094,-0.02163 51.540311", "From Aquatic Centre, Queen Elizabeth Olympic Park to Monier Road, Hackney Wick"
"LINESTRING (-0.037366 51.534137,-0.02163 51.540311", "From Driffield Road, Old Ford to Monier Road, Hackney Wick"
"LINESTRING (-0.055894 51.528936,-0.02163 51.540311", "From York Hall, Bethnal Green to Monier Road, Hackney Wick"
"LINESTRING (-0.033828 51.514115,-0.02163 51.540311", "From Salmon Lane, Limehouse to Monier Road, Hackney Wick"
"LINESTRING (-0.054162 51.536424,-0.02163 51.540311", "From Victoria Park Road, Hackney Central to Monier Road, Hackney Wick"
"LINESTRING (-0.037366 51.534137,-0.02163 51.540311", "From Driffield Road, Old Ford to Monier Road, Hackney Wick"
"LINESTRING (-0.01051 51.54094,-0.02163 51.540311", "From Aquatic Centre, Queen Elizabeth Olympic Park to Monier Road, Hackney Wick"
"LINESTRING (-0.02163 51.540311,-0.02163 51.540311", "From Monier Road, Hackney Wick to Monier Road, Hackney Wick"
"LINESTRING (-0.01051 51.54094,-0.02163 51.540311", "From Aquatic Centre, Queen Elizabeth Olympic Park to Monier Road, Hackney Wick"
"LINESTRING (-0.00481 51.541793,-0.02163 51.540311", "From Stratford Station, Stratford to Monier Road, Hackney Wick"
"LINESTRING (-0.01051 51.54094,-0.02163 51.540311", "From Aquatic Centre, Queen Elizabeth Olympic Park to Monier Road, Hackney Wick"
"LINESTRING (-0.01051 51.54094,-0.02163 51.540311", "From Aquatic Centre, Queen Elizabeth Olympic Park to Monier Road, Hackney Wick"
"LINESTRING (-0.062546 51.535678,-0.02163 51.540311", "From Regent's Row , Haggerston to Monier Road, Hackney Wick"
"LINESTRING (-0.01051 51.54094,-0.02163 51.540311", "From Aquatic Centre, Queen Elizabeth Olympic Park to Monier Road, Hackney Wick"
"LINESTRING (-0.038986 51.512871,-0.02163 51.540311", "From Flamborough Street, Limehouse to Monier Road, Hackney Wick"
"LINESTRING (-0.01051 51.54094,-0.02163 51.540311", "From Aquatic Centre, Queen Elizabeth Olympic Park to Monier Road, Hackney Wick"
"LINESTRING (-0.00481 51.541793,-0.02163 51.540311", "From Stratford Station, Stratford to Monier Road, Hackney Wick"
"LINESTRING (-0.01051 51.54094,-0.02163 51.540311", "From Aquatic Centre, Queen Elizabeth Olympic Park to Monier Road, Hackney Wick"
"LINESTRING (-0.011889 51.538718,-0.02163 51.540311", "From Podium, Queen Elizabeth Olympic Park to Monier Road, Hackney Wick"
"LINESTRING (-0.037366 51.534137,-0.02163 51.540311", "From Driffield Road, Old Ford to Monier Road, Hackney Wick"
"LINESTRING (-0.01051 51.54094,-0.02163 51.540311", "From Aquatic Centre, Queen Elizabeth Olympic Park to Monier Road, Hackney Wick"
"LINESTRING (-0.073955 51.526293,-0.02163 51.540311", "From Palissy Street, Shoreditch to Monier Road, Hackney Wick"
"LINESTRING (-0.037366 51.534137,-0.02163 51.540311", "From Driffield Road, Old Ford to Monier Road, Hackney Wick"
"LINESTRING (-0.018703 51.528169,-0.02163 51.540311", "From Bow Church Station, Bow to Monier Road, Hackney Wick"
"LINESTRING (-0.025996 51.509303,-0.02163 51.540311", "From Westferry DLR, Limehouse to Monier Road, Hackney Wick"
"LINESTRING (-0.01051 51.54094,-0.02163 51.540311", "From Aquatic Centre, Queen Elizabeth Olympic Park to Monier Road, Hackney Wick"
"LINESTRING (-0.02163 51.540311,-0.009935 51.546326", "From Monier Road, Hackney Wick to East Village, Queen Elizabeth Olympic Park"
"LINESTRING (-0.071881 51.534776,-0.009935 51.546326", "From Thurtle Road, Haggerston to East Village, Queen Elizabeth Olympic Park"
"LINESTRING (-0.036017 51.525941,-0.009935 51.546326", "From Clinton Road, Mile End to East Village, Queen Elizabeth Olympic Park"
"LINESTRING (-0.026262 51.536039,-0.009935 51.546326", "From Wendon Street, Old Ford to East Village, Queen Elizabeth Olympic Park"
"LINESTRING (-0.025296 51.527058,-0.009935 51.546326", "From Bow Road Station, Bow to East Village, Queen Elizabeth Olympic Park"
"LINESTRING (-0.01051 51.54094,-0.009935 51.546326", "From Aquatic Centre, Queen Elizabeth Olympic Park to East Village, Queen Elizabeth Olympic Park"
"LINESTRING (-0.020542 51.544909,-0.009935 51.546326", "From Copper Box Arena, Queen Elizabeth Olympic Park to East Village, Queen Elizabeth Olympic Park"
"LINESTRING (-0.058826 51.54119,-0.009935 51.546326", "From London Fields, Hackney Central to East Village, Queen Elizabeth Olympic Park"
"LINESTRING (-0.015717 51.549369,-0.009935 51.546326", "From Lee Valley VeloPark, Queen Elizabeth Olympic Park to East Village, Queen Elizabeth Olympic Park"
"LINESTRING (-0.009935 51.546326,-0.009935 51.546326", "From East Village, Queen Elizabeth Olympic Park to East Village, Queen Elizabeth Olympic Park"
"LINESTRING (-0.062546 51.535678,-0.009935 51.546326", "From Regent's Row , Haggerston to East Village, Queen Elizabeth Olympic Park"
"LINESTRING (-0.020542 51.544909,-0.009935 51.546326", "From Copper Box Arena, Queen Elizabeth Olympic Park to East Village, Queen Elizabeth Olympic Park"
"LINESTRING (-0.015717 51.549369,-0.009935 51.546326", "From Lee Valley VeloPark, Queen Elizabeth Olympic Park to East Village, Queen Elizabeth Olympic Park"
"LINESTRING (-0.028941 51.542118,-0.009935 51.546326", "From Cadogan Close, Victoria Park to East Village, Queen Elizabeth Olympic Park"
"LINESTRING (-0.049591 51.53341,-0.009935 51.546326", "From Bonner Gate, Victoria Park to East Village, Queen Elizabeth Olympic Park"
"LINESTRING (-0.009935 51.546326,-0.009935 51.546326", "From East Village, Queen Elizabeth Olympic Park to East Village, Queen Elizabeth Olympic Park"
"LINESTRING (-0.020542 51.544909,-0.009935 51.546326", "From Copper Box Arena, Queen Elizabeth Olympic Park to East Village, Queen Elizabeth Olympic Park"
"LINESTRING (-0.025296 51.527058,-0.009935 51.546326", "From Bow Road Station, Bow to East Village, Queen Elizabeth Olympic Park"
"LINESTRING (-0.009935 51.546326,-0.009935 51.546326", "From East Village, Queen Elizabeth Olympic Park to East Village, Queen Elizabeth Olympic Park"
"LINESTRING (-0.009935 51.546326,-0.009935 51.546326", "From East Village, Queen Elizabeth Olympic Park to East Village, Queen Elizabeth Olympic Park"
"LINESTRING (-0.062546 51.535678,-0.009935 51.546326", "From Regent's Row , Haggerston to East Village, Queen Elizabeth Olympic Park"
"LINESTRING (-0.062546 51.535678,-0.009935 51.546326", "From Regent's Row , Haggerston to East Village, Queen Elizabeth Olympic Park"
"LINESTRING (-0.015578 51.52512,-0.009935 51.546326", "From Devons Road, Bow to East Village, Queen Elizabeth Olympic Park"
"LINESTRING (-0.020542 51.544909,-0.009935 51.546326", "From Copper Box Arena, Queen Elizabeth Olympic Park to East Village, Queen Elizabeth Olympic Park"
"LINESTRING (-0.009935 51.546326,-0.009935 51.546326", "From East Village, Queen Elizabeth Olympic Park to East Village, Queen Elizabeth Olympic Park"
"LINESTRING (-0.058826 51.54119,-0.009935 51.546326", "From London Fields, Hackney Central to East Village, Queen Elizabeth Olympic Park"
"LINESTRING (-0.009935 51.546326,-0.009935 51.546326", "From East Village, Queen Elizabeth Olympic Park to East Village, Queen Elizabeth Olympic Park"
"LINESTRING (-0.06142 51.532091,-0.01051 51.54094", "From Pritchard's Road, Bethnal Green to Aquatic Centre, Queen Elizabeth Olympic Park"
"LINESTRING (-0.027581 51.526578,-0.01051 51.54094", "From Merchant Street, Bow to Aquatic Centre, Queen Elizabeth Olympic Park"
"LINESTRING (-0.02163 51.540311,-0.01051 51.54094", "From Monier Road, Hackney Wick to Aquatic Centre, Queen Elizabeth Olympic Park"
"LINESTRING (-0.026262 51.536039,-0.01051 51.54094", "From Wendon Street, Old Ford to Aquatic Centre, Queen Elizabeth Olympic Park"
"LINESTRING (-0.02163 51.540311,-0.01051 51.54094", "From Monier Road, Hackney Wick to Aquatic Centre, Queen Elizabeth Olympic Park"
"LINESTRING (-0.01051 51.54094,-0.01051 51.54094", "From Aquatic Centre, Queen Elizabeth Olympic Park to Aquatic Centre, Queen Elizabeth Olympic Park"
"LINESTRING (-0.01051 51.54094,-0.01051 51.54094", "From Aquatic Centre, Queen Elizabeth Olympic Park to Aquatic Centre, Queen Elizabeth Olympic Park"
"LINESTRING (-0.037366 51.534137,-0.01051 51.54094", "From Driffield Road, Old Ford to Aquatic Centre, Queen Elizabeth Olympic Park"
"LINESTRING (-0.028155 51.533283,-0.01051 51.54094", "From Hewison Street, Old Ford to Aquatic Centre, Queen Elizabeth Olympic Park"
"LINESTRING (-0.02163 51.540311,-0.01051 51.54094", "From Monier Road, Hackney Wick to Aquatic Centre, Queen Elizabeth Olympic Park"
"LINESTRING (-0.02163 51.540311,-0.01051 51.54094", "From Monier Road, Hackney Wick to Aquatic Centre, Queen Elizabeth Olympic Park"
"LINESTRING (-0.049591 51.53341,-0.01051 51.54094", "From Bonner Gate, Victoria Park to Aquatic Centre, Queen Elizabeth Olympic Park"
"LINESTRING (-0.011889 51.538718,-0.01051 51.54094", "From Podium, Queen Elizabeth Olympic Park to Aquatic Centre, Queen Elizabeth Olympic Park"
"LINESTRING (-0.01051 51.54094,-0.01051 51.54094", "From Aquatic Centre, Queen Elizabeth Olympic Park to Aquatic Centre, Queen Elizabeth Olympic Park"
"LINESTRING (-0.01051 51.54094,-0.01051 51.54094", "From Aquatic Centre, Queen Elizabeth Olympic Park to Aquatic Centre, Queen Elizabeth Olympic Park"
"LINESTRING (-0.01051 51.54094,-0.01051 51.54094", "From Aquatic Centre, Queen Elizabeth Olympic Park to Aquatic Centre, Queen Elizabeth Olympic Park"
"LINESTRING (-0.01051 51.54094,-0.01051 51.54094", "From Aquatic Centre, Queen Elizabeth Olympic Park to Aquatic Centre, Queen Elizabeth Olympic Park"
"LINESTRING (-0.026262 51.536039,-0.01051 51.54094", "From Wendon Street, Old Ford to Aquatic Centre, Queen Elizabeth Olympic Park"
"LINESTRING (-0.01051 51.54094,-0.01051 51.54094", "From Aquatic Centre, Queen Elizabeth Olympic Park to Aquatic Centre, Queen Elizabeth Olympic Park"
"LINESTRING (-0.01051 51.54094,-0.01051 51.54094", "From Aquatic Centre, Queen Elizabeth Olympic Park to Aquatic Centre, Queen Elizabeth Olympic Park"
"LINESTRING (-0.020157 51.499041,-0.01051 51.54094", "From Lightermans Road, Millwall to Aquatic Centre, Queen Elizabeth Olympic Park"
"LINESTRING (-0.015717 51.549369,-0.01051 51.54094", "From Lee Valley VeloPark, Queen Elizabeth Olympic Park to Aquatic Centre, Queen Elizabeth Olympic Park"
"LINESTRING (-0.014691 51.546805,-0.01051 51.54094", "From Timber Lodge, Queen Elizabeth Olympic Park to Aquatic Centre, Queen Elizabeth Olympic Park"
"LINESTRING (-0.037366 51.534137,-0.01051 51.54094", "From Driffield Road, Old Ford to Aquatic Centre, Queen Elizabeth Olympic Park"
"LINESTRING (-0.047548 51.528869,-0.01051 51.54094", "From Globe Town Market, Bethnal Green to Aquatic Centre, Queen Elizabeth Olympic Park"
"LINESTRING (-0.06142 51.532091,-0.01051 51.54094", "From Pritchard's Road, Bethnal Green to Aquatic Centre, Queen Elizabeth Olympic Park"
"LINESTRING (-0.02163 51.540311,-0.01051 51.54094", "From Monier Road, Hackney Wick to Aquatic Centre, Queen Elizabeth Olympic Park"
"LINESTRING (-0.02163 51.540311,-0.01051 51.54094", "From Monier Road, Hackney Wick to Aquatic Centre, Queen Elizabeth Olympic Park"
"LINESTRING (-0.02163 51.540311,-0.01051 51.54094", "From Monier Road, Hackney Wick to Aquatic Centre, Queen Elizabeth Olympic Park"
"LINESTRING (-0.049591 51.53341,-0.01051 51.54094", "From Bonner Gate, Victoria Park to Aquatic Centre, Queen Elizabeth Olympic Park"
"LINESTRING (-0.01051 51.54094,-0.01051 51.54094", "From Aquatic Centre, Queen Elizabeth Olympic Park to Aquatic Centre, Queen Elizabeth Olympic Park"
"LINESTRING (-0.01051 51.54094,-0.01051 51.54094", "From Aquatic Centre, Queen Elizabeth Olympic Park to Aquatic Centre, Queen Elizabeth Olympic Park"
"LINESTRING (-0.015717 51.549369,-0.01051 51.54094", "From Lee Valley VeloPark, Queen Elizabeth Olympic Park to Aquatic Centre, Queen Elizabeth Olympic Park"
"LINESTRING (-0.01051 51.54094,-0.01051 51.54094", "From Aquatic Centre, Queen Elizabeth Olympic Park to Aquatic Centre, Queen Elizabeth Olympic Park"
"LINESTRING (-0.020542 51.544909,-0.01051 51.54094", "From Copper Box Arena, Queen Elizabeth Olympic Park to Aquatic Centre, Queen Elizabeth Olympic Park"
"LINESTRING (-0.01051 51.54094,-0.01051 51.54094", "From Aquatic Centre, Queen Elizabeth Olympic Park to Aquatic Centre, Queen Elizabeth Olympic Park"
"LINESTRING (-0.011662 51.518811,-0.01051 51.54094", "From Teviot Street, Poplar to Aquatic Centre, Queen Elizabeth Olympic Park"
"LINESTRING (-0.01051 51.54094,-0.01051 51.54094", "From Aquatic Centre, Queen Elizabeth Olympic Park to Aquatic Centre, Queen Elizabeth Olympic Park"
"LINESTRING (-0.009935 51.546326,-0.01051 51.54094", "From East Village, Queen Elizabeth Olympic Park to Aquatic Centre, Queen Elizabeth Olympic Park"
"LINESTRING (-0.027581 51.526578,-0.01051 51.54094", "From Merchant Street, Bow to Aquatic Centre, Queen Elizabeth Olympic Park"
"LINESTRING (-0.026262 51.536039,-0.01051 51.54094", "From Wendon Street, Old Ford to Aquatic Centre, Queen Elizabeth Olympic Park"
"LINESTRING (-0.01051 51.54094,-0.01051 51.54094", "From Aquatic Centre, Queen Elizabeth Olympic Park to Aquatic Centre, Queen Elizabeth Olympic Park"
"LINESTRING (-0.02163 51.540311,-0.01051 51.54094", "From Monier Road, Hackney Wick to Aquatic Centre, Queen Elizabeth Olympic Park"
"LINESTRING (-0.01051 51.54094,-0.01051 51.54094", "From Aquatic Centre, Queen Elizabeth Olympic Park to Aquatic Centre, Queen Elizabeth Olympic Park"
"LINESTRING (-0.01051 51.54094,-0.01051 51.54094", "From Aquatic Centre, Queen Elizabeth Olympic Park to Aquatic Centre, Queen Elizabeth Olympic Park"
"LINESTRING (-0.01051 51.54094,-0.01051 51.54094", "From Aquatic Centre, Queen Elizabeth Olympic Park to Aquatic Centre, Queen Elizabeth Olympic Park"
"LINESTRING (-0.01051 51.54094,-0.01051 51.54094", "From Aquatic Centre, Queen Elizabeth Olympic Park to Aquatic Centre, Queen Elizabeth Olympic Park"
"LINESTRING (-0.02163 51.540311,-0.01051 51.54094", "From Monier Road, Hackney Wick to Aquatic Centre, Queen Elizabeth Olympic Park"
"LINESTRING (-0.02163 51.540311,-0.01051 51.54094", "From Monier Road, Hackney Wick to Aquatic Centre, Queen Elizabeth Olympic Park"
"LINESTRING (-0.015717 51.549369,-0.01051 51.54094", "From Lee Valley VeloPark, Queen Elizabeth Olympic Park to Aquatic Centre, Queen Elizabeth Olympic Park"
"LINESTRING (-0.02163 51.540311,-0.01051 51.54094", "From Monier Road, Hackney Wick to Aquatic Centre, Queen Elizabeth Olympic Park"
"LINESTRING (-0.02163 51.540311,-0.01051 51.54094", "From Monier Road, Hackney Wick to Aquatic Centre, Queen Elizabeth Olympic Park"
"LINESTRING (-0.06992 51.53385,-0.01051 51.54094", "From Queensbridge Road, Haggerston to Aquatic Centre, Queen Elizabeth Olympic Park"
"LINESTRING (-0.01051 51.54094,-0.01051 51.54094", "From Aquatic Centre, Queen Elizabeth Olympic Park to Aquatic Centre, Queen Elizabeth Olympic Park"
"LINESTRING (-0.018703 51.528169,-0.01051 51.54094", "From Bow Church Station, Bow to Aquatic Centre, Queen Elizabeth Olympic Park"
"LINESTRING (-0.01051 51.54094,-0.01051 51.54094", "From Aquatic Centre, Queen Elizabeth Olympic Park to Aquatic Centre, Queen Elizabeth Olympic Park"
"LINESTRING (-0.03338 51.535179,-0.01051 51.54094", "From Gunmakers Lane, Old Ford to Aquatic Centre, Queen Elizabeth Olympic Park"
"LINESTRING (-0.01051 51.54094,-0.01051 51.54094", "From Aquatic Centre, Queen Elizabeth Olympic Park to Aquatic Centre, Queen Elizabeth Olympic Park"
"LINESTRING (-0.02163 51.540311,-0.01051 51.54094", "From Monier Road, Hackney Wick to Aquatic Centre, Queen Elizabeth Olympic Park"
"LINESTRING (-0.016251 51.50196,-0.01051 51.54094", "From South Quay East, Canary Wharf to Aquatic Centre, Queen Elizabeth Olympic Park"
"LINESTRING (-0.01051 51.54094,-0.01051 51.54094", "From Aquatic Centre, Queen Elizabeth Olympic Park to Aquatic Centre, Queen Elizabeth Olympic Park"
"LINESTRING (-0.02163 51.540311,-0.01051 51.54094", "From Monier Road, Hackney Wick to Aquatic Centre, Queen Elizabeth Olympic Park"
"LINESTRING (-0.01051 51.54094,-0.01051 51.54094", "From Aquatic Centre, Queen Elizabeth Olympic Park to Aquatic Centre, Queen Elizabeth Olympic Park"
"LINESTRING (-0.01051 51.54094,-0.01051 51.54094", "From Aquatic Centre, Queen Elizabeth Olympic Park to Aquatic Centre, Queen Elizabeth Olympic Park"
"LINESTRING (-0.026262 51.536039,-0.01051 51.54094", "From Wendon Street, Old Ford to Aquatic Centre, Queen Elizabeth Olympic Park"
"LINESTRING (-0.01051 51.54094,-0.01051 51.54094", "From Aquatic Centre, Queen Elizabeth Olympic Park to Aquatic Centre, Queen Elizabeth Olympic Park"
"LINESTRING (-0.020157 51.499041,-0.01051 51.54094", "From Lightermans Road, Millwall to Aquatic Centre, Queen Elizabeth Olympic Park"
"LINESTRING (-0.028941 51.542118,-0.01051 51.54094", "From Cadogan Close, Victoria Park to Aquatic Centre, Queen Elizabeth Olympic Park"
"LINESTRING (-0.02163 51.540311,-0.01051 51.54094", "From Monier Road, Hackney Wick to Aquatic Centre, Queen Elizabeth Olympic Park"
"LINESTRING (-0.01051 51.54094,-0.01051 51.54094", "From Aquatic Centre, Queen Elizabeth Olympic Park to Aquatic Centre, Queen Elizabeth Olympic Park"
"LINESTRING (-0.02163 51.540311,-0.01051 51.54094", "From Monier Road, Hackney Wick to Aquatic Centre, Queen Elizabeth Olympic Park"
"LINESTRING (-0.062546 51.535678,-0.015717 51.549369", "From Regent's Row , Haggerston to Lee Valley VeloPark, Queen Elizabeth Olympic Park"
"LINESTRING (-0.020597 51.546532,-0.015717 51.549369", "From Here East South, Queen Elizabeth Olympic Park to Lee Valley VeloPark, Queen Elizabeth Olympic Park"
"LINESTRING (-0.014691 51.546805,-0.015717 51.549369", "From Timber Lodge, Queen Elizabeth Olympic Park to Lee Valley VeloPark, Queen Elizabeth Olympic Park"
"LINESTRING (-0.077121 51.511594,-0.015717 51.549369", "From Crosswall, Tower to Lee Valley VeloPark, Queen Elizabeth Olympic Park"
"LINESTRING (-0.009935 51.546326,-0.015717 51.549369", "From East Village, Queen Elizabeth Olympic Park to Lee Valley VeloPark, Queen Elizabeth Olympic Park"
"LINESTRING (-0.014691 51.546805,-0.015717 51.549369", "From Timber Lodge, Queen Elizabeth Olympic Park to Lee Valley VeloPark, Queen Elizabeth Olympic Park"
"LINESTRING (-0.022606 51.548731,-0.015717 51.549369", "From Here East North, Queen Elizabeth Olympic Park to Lee Valley VeloPark, Queen Elizabeth Olympic Park"
"LINESTRING (-0.014691 51.546805,-0.015717 51.549369", "From Timber Lodge, Queen Elizabeth Olympic Park to Lee Valley VeloPark, Queen Elizabeth Olympic Park"
"LINESTRING (-0.011889 51.538718,-0.014691 51.546805", "From Podium, Queen Elizabeth Olympic Park to Timber Lodge, Queen Elizabeth Olympic Park"
"LINESTRING (-0.011889 51.538718,-0.014691 51.546805", "From Podium, Queen Elizabeth Olympic Park to Timber Lodge, Queen Elizabeth Olympic Park"
"LINESTRING (-0.020542 51.544909,-0.014691 51.546805", "From Copper Box Arena, Queen Elizabeth Olympic Park to Timber Lodge, Queen Elizabeth Olympic Park"
"LINESTRING (-0.014691 51.546805,-0.014691 51.546805", "From Timber Lodge, Queen Elizabeth Olympic Park to Timber Lodge, Queen Elizabeth Olympic Park"
"LINESTRING (-0.011889 51.538718,-0.014691 51.546805", "From Podium, Queen Elizabeth Olympic Park to Timber Lodge, Queen Elizabeth Olympic Park"
"LINESTRING (-0.06111 51.518675,-0.014691 51.546805", "From Royal London Hospital, Whitechapel to Timber Lodge, Queen Elizabeth Olympic Park"
"LINESTRING (-0.03338 51.535179,-0.020542 51.544909", "From Gunmakers Lane, Old Ford to Copper Box Arena, Queen Elizabeth Olympic Park"
"LINESTRING (-0.01051 51.54094,-0.020542 51.544909", "From Aquatic Centre, Queen Elizabeth Olympic Park to Copper Box Arena, Queen Elizabeth Olympic Park"
"LINESTRING (-0.01051 51.54094,-0.020542 51.544909", "From Aquatic Centre, Queen Elizabeth Olympic Park to Copper Box Arena, Queen Elizabeth Olympic Park"
"LINESTRING (-0.01051 51.54094,-0.020542 51.544909", "From Aquatic Centre, Queen Elizabeth Olympic Park to Copper Box Arena, Queen Elizabeth Olympic Park"
"LINESTRING (-0.00481 51.541793,-0.020542 51.544909", "From Stratford Station, Stratford to Copper Box Arena, Queen Elizabeth Olympic Park"
"LINESTRING (-0.038557 51.541515,-0.020542 51.544909", "From Gascoyne Road, Victoria Park to Copper Box Arena, Queen Elizabeth Olympic Park"
"LINESTRING (-0.01051 51.54094,-0.020542 51.544909", "From Aquatic Centre, Queen Elizabeth Olympic Park to Copper Box Arena, Queen Elizabeth Olympic Park"
"LINESTRING (-0.062546 51.535678,-0.020542 51.544909", "From Regent's Row , Haggerston to Copper Box Arena, Queen Elizabeth Olympic Park"
"LINESTRING (-0.01051 51.54094,-0.020542 51.544909", "From Aquatic Centre, Queen Elizabeth Olympic Park to Copper Box Arena, Queen Elizabeth Olympic Park"
"LINESTRING (-0.01051 51.54094,-0.020542 51.544909", "From Aquatic Centre, Queen Elizabeth Olympic Park to Copper Box Arena, Queen Elizabeth Olympic Park"
"LINESTRING (-0.025492 51.530535,-0.020542 51.544909", "From Mostyn Grove, Bow to Copper Box Arena, Queen Elizabeth Olympic Park"
"LINESTRING (-0.029138 51.516196,-0.011889 51.538718", "From Burdett Road, Mile End to Podium, Queen Elizabeth Olympic Park"
"LINESTRING (-0.00481 51.541793,-0.011889 51.538718", "From Stratford Station, Stratford to Podium, Queen Elizabeth Olympic Park"
"LINESTRING (-0.03338 51.535179,-0.011889 51.538718", "From Gunmakers Lane, Old Ford to Podium, Queen Elizabeth Olympic Park"
"LINESTRING (-0.026262 51.536039,-0.011889 51.538718", "From Wendon Street, Old Ford to Podium, Queen Elizabeth Olympic Park"
"LINESTRING (-0.015717 51.549369,-0.011889 51.538718", "From Lee Valley VeloPark, Queen Elizabeth Olympic Park to Podium, Queen Elizabeth Olympic Park"
"LINESTRING (-0.026262 51.536039,-0.011889 51.538718", "From Wendon Street, Old Ford to Podium, Queen Elizabeth Olympic Park"
"LINESTRING (-0.065076 51.52388,-0.011889 51.538718", "From Cheshire Street, Bethnal Green to Podium, Queen Elizabeth Olympic Park"
"LINESTRING (-0.026262 51.536039,-0.011889 51.538718", "From Wendon Street, Old Ford to Podium, Queen Elizabeth Olympic Park"
"LINESTRING (-0.008428 51.503143,-0.011889 51.538718", "From Lancaster Drive, Blackwall to Podium, Queen Elizabeth Olympic Park"
"LINESTRING (-0.058826 51.54119,-0.011889 51.538718", "From London Fields, Hackney Central to Podium, Queen Elizabeth Olympic Park"
"LINESTRING (-0.00481 51.541793,-0.011889 51.538718", "From Stratford Station, Stratford to Podium, Queen Elizabeth Olympic Park"
"LINESTRING (-0.011889 51.538718,-0.011889 51.538718", "From Podium, Queen Elizabeth Olympic Park to Podium, Queen Elizabeth Olympic Park"
"LINESTRING (-0.06111 51.518675,-0.00481 51.541793", "From Royal London Hospital, Whitechapel to Stratford Station, Stratford"
"LINESTRING (-0.037366 51.534137,-0.00481 51.541793", "From Driffield Road, Old Ford to Stratford Station, Stratford"
"LINESTRING (-0.02163 51.540311,-0.00481 51.541793", "From Monier Road, Hackney Wick to Stratford Station, Stratford"
"LINESTRING (-0.075885 51.536585,-0.00481 51.541793", "From Dunston Road , Haggerston to Stratford Station, Stratford"
"LINESTRING (-0.02163 51.540311,-0.00481 51.541793", "From Monier Road, Hackney Wick to Stratford Station, Stratford"
"LINESTRING (-0.023565 51.515427,-0.00481 51.541793", "From Stainsby Road , Poplar to Stratford Station, Stratford"
"LINESTRING (-0.02163 51.540311,-0.00481 51.541793", "From Monier Road, Hackney Wick to Stratford Station, Stratford"
"LINESTRING (-0.015717 51.549369,-0.00481 51.541793", "From Lee Valley VeloPark, Queen Elizabeth Olympic Park to Stratford Station, Stratford"
"LINESTRING (-0.077178 51.514449,-0.00481 51.541793", "From Houndsditch, Aldgate to Stratford Station, Stratford"
"LINESTRING (-0.02163 51.540311,-0.00481 51.541793", "From Monier Road, Hackney Wick to Stratford Station, Stratford"
"LINESTRING (-0.013258 51.528828,-0.00481 51.541793", "From Bromley High Street, Bow to Stratford Station, Stratford"
"LINESTRING (-0.020597 51.546532,-0.00481 51.541793", "From Here East South, Queen Elizabeth Olympic Park to Stratford Station, Stratford"
"LINESTRING (-0.038557 51.541515,-0.00481 51.541793", "From Gascoyne Road, Victoria Park to Stratford Station, Stratford"
"LINESTRING (-0.013258 51.528828,-0.00481 51.541793", "From Bromley High Street, Bow to Stratford Station, Stratford"
"LINESTRING (-0.009935 51.546326,-0.00481 51.541793", "From East Village, Queen Elizabeth Olympic Park to Stratford Station, Stratford"
"LINESTRING (-0.075901 51.531091,-0.00481 51.541793", "From Hoxton Station, Hoxton to Stratford Station, Stratford"
"LINESTRING (-0.025492 51.530535,-0.00481 51.541793", "From Mostyn Grove, Bow to Stratford Station, Stratford"
"LINESTRING (-0.06142 51.532091,-0.00481 51.541793", "From Pritchard's Road, Bethnal Green to Stratford Station, Stratford"
"LINESTRING (-0.02163 51.540311,-0.00481 51.541793", "From Monier Road, Hackney Wick to Stratford Station, Stratford"
"LINESTRING (-0.013258 51.528828,-0.00481 51.541793", "From Bromley High Street, Bow to Stratford Station, Stratford"
"LINESTRING (-0.022606 51.548731,-0.00481 51.541793", "From Here East North, Queen Elizabeth Olympic Park to Stratford Station, Stratford"
"LINESTRING (-0.025296 51.527058,-0.00481 51.541793", "From Bow Road Station, Bow to Stratford Station, Stratford"
"LINESTRING (-0.130699 51.50777,-0.10454 51.505461", "From Pall Mall East, West End to Blackfriars Road, Southwark"
"LINESTRING (-0.122806 51.490435,-0.10454 51.505461", "From Albert Embankment, Vauxhall to Blackfriars Road, Southwark"
"LINESTRING (-0.074754 51.523648,-0.10454 51.505461", "From Bethnal Green Road, Shoreditch to Blackfriars Road, Southwark"
"LINESTRING (-0.092762 51.500296,-0.10454 51.505461", "From Swan Street, The Borough to Blackfriars Road, Southwark"
"LINESTRING (-0.117974 51.494881,-0.10454 51.505461", "From Lambeth Road, Vauxhall to Blackfriars Road, Southwark"
"LINESTRING (-0.145393 51.542138,-0.10454 51.505461", "From Castlehaven Road, Camden Town to Blackfriars Road, Southwark"
"LINESTRING (-0.123702 51.506767,-0.10454 51.505461", "From Northumberland Avenue, Strand to Blackfriars Road, Southwark"
"LINESTRING (-0.110121 51.488105,-0.10454 51.505461", "From Cleaver Street, Kennington to Blackfriars Road, Southwark"
"LINESTRING (-0.111435 51.48894,-0.10454 51.505461", "From Kennington Cross, Kennington to Blackfriars Road, Southwark"
"LINESTRING (-0.092762 51.500296,-0.10454 51.505461", "From Swan Street, The Borough to Blackfriars Road, Southwark"
"LINESTRING (-0.113001 51.50486,-0.10454 51.505461", "From Waterloo Road, South Bank to Blackfriars Road, Southwark"
"LINESTRING (-0.101384 51.49652,-0.10454 51.505461", "From Ontario Street, Elephant & Castle to Blackfriars Road, Southwark"
"LINESTRING (-0.096191 51.498597,-0.10454 51.505461", "From Harper Road, The Borough to Blackfriars Road, Southwark"
"LINESTRING (-0.117619 51.509943,-0.10454 51.505461", "From Somerset House, Strand to Blackfriars Road, Southwark"
"LINESTRING (-0.091938 51.492807,-0.10454 51.505461", "From Victory Place, Walworth to Blackfriars Road, Southwark"
"LINESTRING (-0.085666 51.499075,-0.10454 51.505461", "From Long Lane , Bermondsey to Blackfriars Road, Southwark"
"LINESTRING (-0.111778 51.515937,-0.10454 51.505461", "From Breams Buildings, Holborn to Blackfriars Road, Southwark"
"LINESTRING (-0.104724 51.52836,-0.10454 51.505461", "From St. John Street, Finsbury to Blackfriars Road, Southwark"
"LINESTRING (-0.137043 51.511897,-0.10454 51.505461", "From Golden Square, Soho to Blackfriars Road, Southwark"
"LINESTRING (-0.10988 51.49775,-0.10454 51.505461", "From King Edward Walk, Waterloo to Blackfriars Road, Southwark"
"LINESTRING (-0.111435 51.48894,-0.10454 51.505461", "From Kennington Cross, Kennington to Blackfriars Road, Southwark"
"LINESTRING (-0.104193 51.49605,-0.10454 51.505461", "From Gaywood  Street, Elephant & Castle to Blackfriars Road, Southwark"
"LINESTRING (-0.112432 51.526599,-0.119558 51.528279", "From Margery Street, Clerkenwell to Cromer Street, Bloomsbury"
"LINESTRING (-0.131161 51.52505,-0.119558 51.528279", "From Taviton Street, Bloomsbury to Cromer Street, Bloomsbury"
"LINESTRING (-0.104298 51.526717,-0.119558 51.528279", "From Finsbury Library , Finsbury to Cromer Street, Bloomsbury"
"LINESTRING (-0.154106 51.517703,-0.119558 51.528279", "From George Street, Marylebone to Cromer Street, Bloomsbury"
"LINESTRING (-0.112432 51.526599,-0.119558 51.528279", "From Margery Street, Clerkenwell to Cromer Street, Bloomsbury"
"LINESTRING (-0.113864 51.504027,-0.119558 51.528279", "From Waterloo Station 1, Waterloo to Cromer Street, Bloomsbury"
"LINESTRING (-0.114079 51.522264,-0.119558 51.528279", "From Northington Street , Holborn to Cromer Street, Bloomsbury"
"LINESTRING (-0.138853 51.541603,-0.119558 51.528279", "From Bonny Street, Camden Town to Cromer Street, Bloomsbury"
"LINESTRING (-0.13011 51.513527,-0.119558 51.528279", "From Moor Street, Soho to Cromer Street, Bloomsbury"
"LINESTRING (-0.122492 51.486343,-0.119558 51.528279", "From Kennington Lane Rail Bridge, Vauxhall to Cromer Street, Bloomsbury"
"LINESTRING (-0.106992 51.534504,-0.119558 51.528279", "From Liverpool Road (N1 Centre), Angel to Cromer Street, Bloomsbury"
"LINESTRING (-0.109006 51.521661,-0.119558 51.528279", "From Hatton Wall, Holborn to Cromer Street, Bloomsbury"
"LINESTRING (-0.136052 51.527326,-0.119558 51.528279", "From Drummond Street , Euston to Cromer Street, Bloomsbury"
"LINESTRING (-0.127854 51.517727,-0.119558 51.528279", "From Great Russell Street, Bloomsbury to Cromer Street, Bloomsbury"
"LINESTRING (-0.106992 51.534504,-0.119558 51.528279", "From Liverpool Road (N1 Centre), Angel to Cromer Street, Bloomsbury"
"LINESTRING (-0.115057 51.512582,-0.119558 51.528279", "From Strand, Strand to Cromer Street, Bloomsbury"
"LINESTRING (-0.087459 51.528673,-0.119558 51.528279", "From East Road, Hoxton to Cromer Street, Bloomsbury"
"LINESTRING (-0.153233 51.490959,-0.147804 51.461376", "From Bourne Street, Belgravia to Victoria Rise, Clapham Common"
"LINESTRING (-0.139221 51.461388,-0.147804 51.461376", "From Clapham Common Station, Clapham Common to Victoria Rise, Clapham Common"
"LINESTRING (-0.168292 51.462392,-0.147804 51.461376", "From St. John's Road, Clapham Junction to Victoria Rise, Clapham Common"
"LINESTRING (-0.157788 51.465123,-0.147804 51.461376", "From Sugden Road, Clapham to Victoria Rise, Clapham Common"
"LINESTRING (-0.105593 51.488852,-0.147804 51.461376", "From Kennington Station, Kennington to Victoria Rise, Clapham Common"
"LINESTRING (-0.117122 51.490994,-0.147804 51.461376", "From Black Prince Road, Vauxhall to Victoria Rise, Clapham Common"
"LINESTRING (-0.139221 51.461388,-0.147804 51.461376", "From Clapham Common Station, Clapham Common to Victoria Rise, Clapham Common"
"LINESTRING (-0.147804 51.461376,-0.147804 51.461376", "From Victoria Rise, Clapham Common to Victoria Rise, Clapham Common"
"LINESTRING (-0.105593 51.488852,-0.147804 51.461376", "From Kennington Station, Kennington to Victoria Rise, Clapham Common"
"LINESTRING (-0.147804 51.461376,-0.147804 51.461376", "From Victoria Rise, Clapham Common to Victoria Rise, Clapham Common"
"LINESTRING (-0.159322 51.461343,-0.147804 51.461376", "From Clapham Common North Side, Clapham Common to Victoria Rise, Clapham Common"
"LINESTRING (-0.139221 51.461388,-0.147804 51.461376", "From Clapham Common Station, Clapham Common to Victoria Rise, Clapham Common"
"LINESTRING (-0.115375 51.460232,-0.147804 51.461376", "From Saltoun Road, Brixton to Victoria Rise, Clapham Common"
"LINESTRING (-0.159322 51.461343,-0.147804 51.461376", "From Clapham Common North Side, Clapham Common to Victoria Rise, Clapham Common"
"LINESTRING (-0.115781 51.464019,-0.147804 51.461376", "From Ferndale Road, Brixton to Victoria Rise, Clapham Common"
"LINESTRING (-0.167029 51.460333,-0.147804 51.461376", "From Abyssinia Close, Clapham Junction to Victoria Rise, Clapham Common"
"LINESTRING (-0.128585 51.516118,-0.131861 51.527068", "From Earnshaw Street , Covent Garden to Euston Square Gardens, Euston"
"LINESTRING (-0.124678 51.51908,-0.131861 51.527068", "From British Museum, Bloomsbury to Euston Square Gardens, Euston"
"LINESTRING (-0.13225 51.528833,-0.131861 51.527068", "From Doric Way , Somers Town to Euston Square Gardens, Euston"
"LINESTRING (-0.058631 51.524583,-0.131861 51.527068", "From Finnis Street, Bethnal Green to Euston Square Gardens, Euston"
"LINESTRING (-0.153645 51.512911,-0.131861 51.527068", "From North Audley Street, Mayfair to Euston Square Gardens, Euston"
"LINESTRING (-0.10548 51.532199,-0.131861 51.527068", "From Torrens Street, Angel to Euston Square Gardens, Euston"
"LINESTRING (-0.079248 51.524526,-0.131861 51.527068", "From New Inn Yard, Shoreditch to Euston Square Gardens, Euston"
"LINESTRING (-0.077121 51.511594,-0.131861 51.527068", "From Crosswall, Tower to Euston Square Gardens, Euston"
"LINESTRING (-0.079248 51.524526,-0.131861 51.527068", "From New Inn Yard, Shoreditch to Euston Square Gardens, Euston"
"LINESTRING (-0.153645 51.512911,-0.131861 51.527068", "From North Audley Street, Mayfair to Euston Square Gardens, Euston"
"LINESTRING (-0.215808 51.503802,-0.131861 51.527068", "From Hansard Mews, Holland Park to Euston Square Gardens, Euston"
"LINESTRING (-0.157275 51.510017,-0.131861 51.527068", "From Park Lane , Hyde Park to Euston Square Gardens, Euston"
"LINESTRING (-0.091773 51.504627,-0.131861 51.527068", "From Hop Exchange, The Borough to Euston Square Gardens, Euston"
"LINESTRING (-0.144228 51.518117,-0.131861 51.527068", "From Broadcasting House, Marylebone to Euston Square Gardens, Euston"
"LINESTRING (-0.178656 51.501432,-0.131861 51.527068", "From Kensington Gore, Knightsbridge to Euston Square Gardens, Euston"
"LINESTRING (-0.09885 51.515418,-0.131861 51.527068", "From Newgate Street , St. Paul's to Euston Square Gardens, Euston"
"LINESTRING (-0.069543 51.525645,-0.131861 51.527068", "From Granby Street, Shoreditch to Euston Square Gardens, Euston"
"LINESTRING (-0.01646 51.505772,-0.131861 51.527068", "From Import Dock, Canary Wharf to Euston Square Gardens, Euston"
"LINESTRING (-0.123616 51.529943,-0.126409 51.524", "From Belgrove Street , King's Cross to Coram Street, Bloomsbury"
"LINESTRING (-0.073438 51.51838,-0.126409 51.524", "From Fashion Street, Whitechapel to Coram Street, Bloomsbury"
"LINESTRING (-0.160854 51.535892,-0.126409 51.524", "From Prince Albert Road, The Regent's Park to Coram Street, Bloomsbury"
"LINESTRING (-0.145393 51.542138,-0.126409 51.524", "From Castlehaven Road, Camden Town to Coram Street, Bloomsbury"
"LINESTRING (-0.123509 51.52625,-0.126409 51.524", "From Tavistock Place, Bloomsbury to Coram Street, Bloomsbury"
"LINESTRING (-0.114934 51.49288,-0.126409 51.524", "From Lollard Street, Vauxhall to Coram Street, Bloomsbury"
"LINESTRING (-0.138231 51.525542,-0.126409 51.524", "From Hampstead Road, Euston to Coram Street, Bloomsbury"
"LINESTRING (-0.124678 51.51908,-0.126409 51.524", "From British Museum, Bloomsbury to Coram Street, Bloomsbury"
"LINESTRING (-0.158264 51.514577,-0.126409 51.524", "From Old Quebec Street, Marylebone to Coram Street, Bloomsbury"
"LINESTRING (-0.147714 51.483507,-0.126409 51.524", "From Battersea Power Station, Battersea Park to Coram Street, Bloomsbury"
"LINESTRING (-0.116542 51.504636,-0.126409 51.524", "From Jubilee Gardens, South Bank to Coram Street, Bloomsbury"
"LINESTRING (-0.086685 51.517075,-0.128279 51.5293", "From Finsbury Circus, Liverpool Street to Ossulston Street, Somers Town"
"LINESTRING (-0.118272 51.516277,-0.128279 51.5293", "From Lincoln's Inn Fields, Holborn to Ossulston Street, Somers Town"
"LINESTRING (-0.141728 51.539099,-0.128279 51.5293", "From Greenland Road, Camden Town to Ossulston Street, Somers Town"
"LINESTRING (-0.138853 51.541603,-0.128279 51.5293", "From Bonny Street, Camden Town to Ossulston Street, Somers Town"
"LINESTRING (-0.132053 51.518587,-0.128279 51.5293", "From Bayley Street , Bloomsbury to Ossulston Street, Somers Town"
"LINESTRING (-0.138019 51.524438,-0.128279 51.5293", "From Warren Street Station, Euston to Ossulston Street, Somers Town"
"LINESTRING (-0.144228 51.518117,-0.128279 51.5293", "From Broadcasting House, Marylebone to Ossulston Street, Somers Town"
"LINESTRING (-0.116279 51.524564,-0.128279 51.5293", "From Wren Street, Holborn to Ossulston Street, Somers Town"
"LINESTRING (-0.163609 51.51809,-0.128279 51.5293", "From Shouldham Street, Marylebone to Ossulston Street, Somers Town"
"LINESTRING (-0.101536 51.49217,-0.128279 51.5293", "From Hampton Street, Walworth to Ossulston Street, Somers Town"
"LINESTRING (-0.154106 51.517703,-0.128279 51.5293", "From George Street, Marylebone to Ossulston Street, Somers Town"
"LINESTRING (-0.136792 51.533005,-0.128279 51.5293", "From Eversholt Street , Camden Town to Ossulston Street, Somers Town"
"LINESTRING (-0.140485 51.519181,-0.128279 51.5293", "From Foley Street, Fitzrovia to Ossulston Street, Somers Town"
"LINESTRING (-0.120202 51.523346,-0.128279 51.5293", "From Guilford Street , Bloomsbury to Ossulston Street, Somers Town"
"LINESTRING (-0.124678 51.51908,-0.128279 51.5293", "From British Museum, Bloomsbury to Ossulston Street, Somers Town"
"LINESTRING (-0.123509 51.52625,-0.128279 51.5293", "From Tavistock Place, Bloomsbury to Ossulston Street, Somers Town"
"LINESTRING (-0.151926 51.516814,-0.128279 51.5293", "From Hinde Street, Marylebone to Ossulston Street, Somers Town"
"LINESTRING (-0.109256 51.526443,-0.128279 51.5293", "From Tysoe Street, Clerkenwell to Ossulston Street, Somers Town"
"LINESTRING (-0.153645 51.512911,-0.128279 51.5293", "From North Audley Street, Mayfair to Ossulston Street, Somers Town"
"LINESTRING (-0.13214 51.519572,-0.128279 51.5293", "From Store Street, Bloomsbury to Ossulston Street, Somers Town"
"LINESTRING (-0.128377 51.523673,-0.128279 51.5293", "From Bedford Way, Bloomsbury to Ossulston Street, Somers Town"
"LINESTRING (-0.180791 51.46193,-0.128279 51.5293", "From Nantes Close, Wandsworth to Ossulston Street, Somers Town"
"LINESTRING (-0.123509 51.52625,-0.128279 51.5293", "From Tavistock Place, Bloomsbury to Ossulston Street, Somers Town"
"LINESTRING (-0.138019 51.524438,-0.128279 51.5293", "From Warren Street Station, Euston to Ossulston Street, Somers Town"
"LINESTRING (-0.132053 51.518587,-0.128279 51.5293", "From Bayley Street , Bloomsbury to Ossulston Street, Somers Town"
"LINESTRING (-0.144228 51.518117,-0.128279 51.5293", "From Broadcasting House, Marylebone to Ossulston Street, Somers Town"
"LINESTRING (-0.135777 51.51953,-0.128279 51.5293", "From Charlotte Street, Fitzrovia to Ossulston Street, Somers Town"
"LINESTRING (-0.11655 51.51824,-0.128279 51.5293", "From Red Lion Street, Holborn to Ossulston Street, Somers Town"
"LINESTRING (-0.137043 51.511897,-0.128279 51.5293", "From Golden Square, Soho to Ossulston Street, Somers Town"
"LINESTRING (-0.11548 51.528915,-0.128279 51.5293", "From Great Percy Street, Clerkenwell to Ossulston Street, Somers Town"
"LINESTRING (-0.123509 51.52625,-0.128279 51.5293", "From Tavistock Place, Bloomsbury to Ossulston Street, Somers Town"
"LINESTRING (-0.148105 51.514759,-0.128279 51.5293", "From Marylebone Lane, Marylebone to Ossulston Street, Somers Town"
"LINESTRING (-0.156876 51.49313,-0.128279 51.5293", "From Sedding Street, Sloane Square to Ossulston Street, Somers Town"
"LINESTRING (-0.136039 51.519914,-0.128279 51.5293", "From Scala Street, Fitzrovia to Ossulston Street, Somers Town"
"LINESTRING (-0.135025 51.518162,-0.128279 51.5293", "From Rathbone Street, Fitzrovia to Ossulston Street, Somers Town"
"LINESTRING (-0.120909 51.516128,-0.122299 51.530199", "From Newton Street, Covent Garden to Birkenhead Street, King's Cross"
"LINESTRING (-0.155525 51.516204,-0.122299 51.530199", "From Portman Square, Marylebone to Birkenhead Street, King's Cross"
"LINESTRING (-0.06111 51.518675,-0.122299 51.530199", "From Royal London Hospital, Whitechapel to Birkenhead Street, King's Cross"
"LINESTRING (-0.114079 51.522264,-0.122299 51.530199", "From Northington Street , Holborn to Birkenhead Street, King's Cross"
"LINESTRING (-0.113001 51.50486,-0.122299 51.530199", "From Waterloo Road, South Bank to Birkenhead Street, King's Cross"
"LINESTRING (-0.06142 51.532091,-0.122299 51.530199", "From Pritchard's Road, Bethnal Green to Birkenhead Street, King's Cross"
"LINESTRING (-0.109006 51.521661,-0.122299 51.530199", "From Hatton Wall, Holborn to Birkenhead Street, King's Cross"
"LINESTRING (-0.103604 51.517334,-0.122299 51.530199", "From Snow Hill, Farringdon to Birkenhead Street, King's Cross"
"LINESTRING (-0.144228 51.518117,-0.122299 51.530199", "From Broadcasting House, Marylebone to Birkenhead Street, King's Cross"
"LINESTRING (-0.097122 51.529423,-0.122299 51.530199", "From Macclesfield Rd, St Lukes to Birkenhead Street, King's Cross"
"LINESTRING (-0.096496 51.517821,-0.122299 51.530199", "From Museum of London, Barbican to Birkenhead Street, King's Cross"
"LINESTRING (-0.093421 51.529154,-0.122299 51.530199", "From Windsor Terrace, Hoxton to Birkenhead Street, King's Cross"
"LINESTRING (-0.09315 51.53356,-0.122299 51.530199", "From Eagle Wharf Road, Hoxton to Birkenhead Street, King's Cross"
"LINESTRING (-0.093903 51.530991,-0.122299 51.530199", "From Wenlock Road , Hoxton to Birkenhead Street, King's Cross"
"LINESTRING (-0.141423 51.514499,-0.122299 51.530199", "From Little Argyll Street, West End to Birkenhead Street, King's Cross"
"LINESTRING (-0.118295 51.52728,-0.122299 51.530199", "From Ampton Street , Clerkenwell to Birkenhead Street, King's Cross"
"LINESTRING (-0.130504 51.526838,-0.122299 51.530199", "From Endsleigh Gardens, Euston to Birkenhead Street, King's Cross"
"LINESTRING (-0.114079 51.522264,-0.122299 51.530199", "From Northington Street , Holborn to Birkenhead Street, King's Cross"
"LINESTRING (-0.125441 51.541596,-0.122299 51.530199", "From York Way, Kings Cross to Birkenhead Street, King's Cross"
"LINESTRING (-0.124121 51.523418,-0.122299 51.530199", "From Russell Square Station, Bloomsbury to Birkenhead Street, King's Cross"
"LINESTRING (-0.0786 51.500647,-0.122299 51.530199", "From Tanner Street, Bermondsey to Birkenhead Street, King's Cross"
"LINESTRING (-0.116279 51.524564,-0.122299 51.530199", "From Wren Street, Holborn to Birkenhead Street, King's Cross"
"LINESTRING (-0.058641 51.515256,-0.122299 51.530199", "From Philpot Street, Whitechapel to Birkenhead Street, King's Cross"
"LINESTRING (-0.066035 51.531864,-0.122299 51.530199", "From Goldsmith's Row, Haggerston to Birkenhead Street, King's Cross"
"LINESTRING (-0.109006 51.521661,-0.122299 51.530199", "From Hatton Wall, Holborn to Birkenhead Street, King's Cross"
"LINESTRING (-0.109256 51.526443,-0.122299 51.530199", "From Tysoe Street, Clerkenwell to Birkenhead Street, King's Cross"
"LINESTRING (-0.097122 51.529423,-0.122299 51.530199", "From Macclesfield Rd, St Lukes to Birkenhead Street, King's Cross"
"LINESTRING (-0.109006 51.521661,-0.122299 51.530199", "From Hatton Wall, Holborn to Birkenhead Street, King's Cross"
"LINESTRING (-0.096518 51.491327,-0.137598 51.497698", "From Walworth Square, Walworth to Kings Gate House, Westminster"
"LINESTRING (-0.196422 51.509353,-0.137598 51.497698", "From Notting Hill Gate Station, Notting Hill to Kings Gate House, Westminster"
"LINESTRING (-0.184318 51.468819,-0.137598 51.497698", "From William Morris Way, Sands End to Kings Gate House, Westminster"
"LINESTRING (-0.209494 51.498157,-0.137598 51.497698", "From Kensington Olympia Station, Olympia to Kings Gate House, Westminster"
"LINESTRING (-0.112031 51.49914,-0.137598 51.497698", "From Lambeth North Station, Waterloo to Kings Gate House, Westminster"
"LINESTRING (-0.138733 51.496753,-0.137598 51.497698", "From Howick Place, Westminster to Kings Gate House, Westminster"
"LINESTRING (-0.093051 51.511246,-0.137598 51.497698", "From Queen Street 2, Bank to Kings Gate House, Westminster"
"LINESTRING (-0.193764 51.508605,-0.137598 51.497698", "From Palace Gardens Terrace, Notting Hill to Kings Gate House, Westminster"
"LINESTRING (-0.118256 51.47659,-0.149035 51.481121", "From Albert Square, Stockwell to Sopwith Way, Battersea Park"
"LINESTRING (-0.124642 51.481747,-0.149035 51.481121", "From South Lambeth Road, Vauxhall to Sopwith Way, Battersea Park"
"LINESTRING (-0.140741 51.488057,-0.149035 51.481121", "From Alderney Street, Pimlico to Sopwith Way, Battersea Park"
"LINESTRING (-0.163347 51.474392,-0.149035 51.481121", "From Albert Bridge Road, Battersea Park to Sopwith Way, Battersea Park"
"LINESTRING (-0.136123 51.482362,-0.149035 51.481121", "From Riverlight North, Nine Elms to Sopwith Way, Battersea Park"
"LINESTRING (-0.140741 51.488057,-0.149035 51.481121", "From Alderney Street, Pimlico to Sopwith Way, Battersea Park"
"LINESTRING (-0.103078 51.511934,-0.149035 51.481121", "From Blackfriars Station, St. Paul's to Sopwith Way, Battersea Park"
"LINESTRING (-0.13011 51.513527,-0.149035 51.481121", "From Moor Street, Soho to Sopwith Way, Battersea Park"
"LINESTRING (-0.124642 51.481747,-0.149035 51.481121", "From South Lambeth Road, Vauxhall to Sopwith Way, Battersea Park"
"LINESTRING (-0.145393 51.542138,-0.149035 51.481121", "From Castlehaven Road, Camden Town to Sopwith Way, Battersea Park"
"LINESTRING (-0.138733 51.496753,-0.149035 51.481121", "From Howick Place, Westminster to Sopwith Way, Battersea Park"
"LINESTRING (-0.158105 51.494645,-0.149035 51.481121", "From Cadogan Place, Knightsbridge to Sopwith Way, Battersea Park"
"LINESTRING (-0.170194 51.489716,-0.149035 51.481121", "From St. Luke's Church, Chelsea to Sopwith Way, Battersea Park"
"LINESTRING (-0.149035 51.481121,-0.149035 51.481121", "From Sopwith Way, Battersea Park to Sopwith Way, Battersea Park"
"LINESTRING (-0.128585 51.516118,-0.149035 51.481121", "From Earnshaw Street , Covent Garden to Sopwith Way, Battersea Park"
"LINESTRING (-0.158105 51.494645,-0.149035 51.481121", "From Cadogan Place, Knightsbridge to Sopwith Way, Battersea Park"
"LINESTRING (-0.140741 51.488057,-0.149035 51.481121", "From Alderney Street, Pimlico to Sopwith Way, Battersea Park"
"LINESTRING (-0.197609 51.483911,-0.149035 51.481121", "From Halford Road, West Kensington to Sopwith Way, Battersea Park"
"LINESTRING (-0.174411 51.511933,-0.149035 51.481121", "From Bayswater Road, Hyde Park to Sopwith Way, Battersea Park"
"LINESTRING (-0.147857 51.477966,-0.149035 51.481121", "From Gas Holders, Battersea Park to Sopwith Way, Battersea Park"
"LINESTRING (-0.122492 51.486343,-0.149035 51.481121", "From Kennington Lane Rail Bridge, Vauxhall to Sopwith Way, Battersea Park"
"LINESTRING (-0.147857 51.477966,-0.149035 51.481121", "From Gas Holders, Battersea Park to Sopwith Way, Battersea Park"
"LINESTRING (-0.13151 51.509639,-0.149035 51.481121", "From Panton Street, West End to Sopwith Way, Battersea Park"
"LINESTRING (-0.140741 51.488057,-0.149035 51.481121", "From Alderney Street, Pimlico to Sopwith Way, Battersea Park"
"LINESTRING (-0.142943 51.496863,-0.149035 51.481121", "From Allington Street, Victoria to Sopwith Way, Battersea Park"
"LINESTRING (-0.156876 51.49313,-0.149035 51.481121", "From Sedding Street, Sloane Square to Sopwith Way, Battersea Park"
"LINESTRING (-0.179038 51.479573,-0.149035 51.481121", "From Lots Road, West Chelsea to Sopwith Way, Battersea Park"
"LINESTRING (-0.142943 51.496863,-0.149035 51.481121", "From Allington Street, Victoria to Sopwith Way, Battersea Park"
"LINESTRING (-0.170703 51.470847,-0.149035 51.481121", "From Simpson Street, Clapham Junction to Sopwith Way, Battersea Park"
"LINESTRING (-0.14296 51.497998,-0.149035 51.481121", "From Warwick Row, Westminster to Sopwith Way, Battersea Park"
"LINESTRING (-0.173881 51.494412,-0.149035 51.481121", "From South Kensington Station, South Kensington to Sopwith Way, Battersea Park"
"LINESTRING (-0.159237 51.501855,-0.149035 51.481121", "From Seville Street, Knightsbridge to Sopwith Way, Battersea Park"
"LINESTRING (-0.132845 51.489975,-0.149035 51.481121", "From Rampayne Street, Pimlico to Sopwith Way, Battersea Park"
"LINESTRING (-0.183846 51.523344,-0.149035 51.481121", "From Warwick Avenue Station, Maida Vale to Sopwith Way, Battersea Park"
"LINESTRING (-0.092762 51.500296,-0.149035 51.481121", "From Swan Street, The Borough to Sopwith Way, Battersea Park"
"LINESTRING (-0.140741 51.488057,-0.149035 51.481121", "From Alderney Street, Pimlico to Sopwith Way, Battersea Park"
"LINESTRING (-0.124642 51.481747,-0.149035 51.481121", "From South Lambeth Road, Vauxhall to Sopwith Way, Battersea Park"
"LINESTRING (-0.197574 51.499606,-0.149035 51.481121", "From Phillimore Gardens, Kensington to Sopwith Way, Battersea Park"
"LINESTRING (-0.118272 51.516277,-0.149035 51.481121", "From Lincoln's Inn Fields, Holborn to Sopwith Way, Battersea Park"
"LINESTRING (-0.13011 51.513527,-0.149035 51.481121", "From Moor Street, Soho to Sopwith Way, Battersea Park"
"LINESTRING (-0.173881 51.494412,-0.149035 51.481121", "From South Kensington Station, South Kensington to Sopwith Way, Battersea Park"
"LINESTRING (-0.173881 51.494412,-0.149035 51.481121", "From South Kensington Station, South Kensington to Sopwith Way, Battersea Park"
"LINESTRING (-0.140741 51.488057,-0.149035 51.481121", "From Alderney Street, Pimlico to Sopwith Way, Battersea Park"
"LINESTRING (-0.174691 51.45787,-0.149035 51.481121", "From Spencer Park, Wandsworth Common to Sopwith Way, Battersea Park"
"LINESTRING (-0.111014 51.493686,-0.098031 51.505224", "From Walnut Tree Walk, Vauxhall to Lavington Street, Bankside"
"LINESTRING (-0.085814 51.495061,-0.098031 51.505224", "From Bricklayers Arms, Borough to Lavington Street, Bankside"
"LINESTRING (-0.113426 51.503919,-0.098031 51.505224", "From Waterloo Station 2, Waterloo to Lavington Street, Bankside"
"LINESTRING (-0.06992 51.53385,-0.098031 51.505224", "From Queensbridge Road, Haggerston to Lavington Street, Bankside"
"LINESTRING (-0.057159 51.511088,-0.098031 51.505224", "From Shadwell Station, Shadwell to Lavington Street, Bankside"
"LINESTRING (-0.093051 51.511246,-0.098031 51.505224", "From Queen Street 2, Bank to Lavington Street, Bankside"
"LINESTRING (-0.161113 51.522596,-0.098031 51.505224", "From Dorset Square, Marylebone to Lavington Street, Bankside"
"LINESTRING (-0.161113 51.522596,-0.098031 51.505224", "From Dorset Square, Marylebone to Lavington Street, Bankside"
"LINESTRING (-0.075901 51.531091,-0.098031 51.505224", "From Hoxton Station, Hoxton to Lavington Street, Bankside"
"LINESTRING (-0.038986 51.512871,-0.098031 51.505224", "From Flamborough Street, Limehouse to Lavington Street, Bankside"
"LINESTRING (-0.102091 51.500693,-0.098031 51.505224", "From Webber Street , Southwark to Lavington Street, Bankside"
"LINESTRING (-0.077178 51.514449,-0.098031 51.505224", "From Houndsditch, Aldgate to Lavington Street, Bankside"
"LINESTRING (-0.119643 51.511756,-0.098031 51.505224", "From Wellington Street , Strand to Lavington Street, Bankside"
"LINESTRING (-0.069542 51.512363,-0.098031 51.505224", "From Leman Street, Aldgate to Lavington Street, Bankside"
"LINESTRING (-0.101536 51.49217,-0.098031 51.505224", "From Hampton Street, Walworth to Lavington Street, Bankside"
"LINESTRING (-0.201005 51.51787,-0.098031 51.505224", "From Westbourne Park Road, Portobello to Lavington Street, Bankside"
"LINESTRING (-0.081608 51.497855,-0.098031 51.505224", "From Bermondsey Street, Bermondsey to Lavington Street, Bankside"
"LINESTRING (-0.099141 51.512484,-0.098031 51.505224", "From Godliman Street, St. Paul's to Lavington Street, Bankside"
"LINESTRING (-0.082422 51.516154,-0.098031 51.505224", "From Wormwood Street, Liverpool Street to Lavington Street, Bankside"
"LINESTRING (-0.122831 51.472509,-0.118256 51.47659", "From Binfield Road, Stockwell to Albert Square, Stockwell"
"LINESTRING (-0.147857 51.477966,-0.118256 51.47659", "From Gas Holders, Battersea Park to Albert Square, Stockwell"
"LINESTRING (-0.102996 51.486929,-0.118256 51.47659", "From Doddington Grove, Kennington to Albert Square, Stockwell"
"LINESTRING (-0.130908 51.464995,-0.118256 51.47659", "From Gauden Road, Clapham to Albert Square, Stockwell"
"LINESTRING (-0.115781 51.464019,-0.118256 51.47659", "From Ferndale Road, Brixton to Albert Square, Stockwell"
"LINESTRING (-0.115375 51.460232,-0.118256 51.47659", "From Saltoun Road, Brixton to Albert Square, Stockwell"
"LINESTRING (-0.130908 51.464995,-0.118256 51.47659", "From Gauden Road, Clapham to Albert Square, Stockwell"
"LINESTRING (-0.105344 51.515059,-0.118256 51.47659", "From St. Bride Street, Holborn to Albert Square, Stockwell"
"LINESTRING (-0.139221 51.461388,-0.118256 51.47659", "From Clapham Common Station, Clapham Common to Albert Square, Stockwell"
"LINESTRING (-0.077121 51.511594,-0.118256 51.47659", "From Crosswall, Tower to Albert Square, Stockwell"
"LINESTRING (-0.117661 51.482678,-0.118256 51.47659", "From Ashmole Estate, Oval to Albert Square, Stockwell"
"LINESTRING (-0.07962 51.503493,-0.118256 51.47659", "From Tooley Street, Bermondsey to Albert Square, Stockwell"
"LINESTRING (-0.115781 51.464019,-0.118256 51.47659", "From Ferndale Road, Brixton to Albert Square, Stockwell"
"LINESTRING (-0.118256 51.47659,-0.118256 51.47659", "From Albert Square, Stockwell to Albert Square, Stockwell"
"LINESTRING (-0.103604 51.517334,-0.118256 51.47659", "From Snow Hill, Farringdon to Albert Square, Stockwell"
"LINESTRING (-0.124642 51.481747,-0.118256 51.47659", "From South Lambeth Road, Vauxhall to Albert Square, Stockwell"
"LINESTRING (-0.202802 51.45682,-0.118256 51.47659", "From Mexfield Road, East Putney to Albert Square, Stockwell"
"LINESTRING (-0.111471 51.479601,-0.118256 51.47659", "From Cranmer Road, Stockwell to Albert Square, Stockwell"
"LINESTRING (-0.170329 51.477684,-0.118256 51.47659", "From Westbridge Road, Battersea to Albert Square, Stockwell"
"LINESTRING (-0.14296 51.497998,-0.118256 51.47659", "From Warwick Row, Westminster to Albert Square, Stockwell"
"LINESTRING (-0.130908 51.464995,-0.118256 51.47659", "From Gauden Road, Clapham to Albert Square, Stockwell"
"LINESTRING (-0.126021 51.508103,-0.118256 51.47659", "From Craven Street, Strand to Albert Square, Stockwell"
"LINESTRING (-0.136123 51.482362,-0.118256 51.47659", "From Riverlight North, Nine Elms to Albert Square, Stockwell"
"LINESTRING (-0.122502 51.523951,-0.118256 51.47659", "From Brunswick Square, Bloomsbury to Albert Square, Stockwell"
"LINESTRING (-0.118256 51.47659,-0.118256 51.47659", "From Albert Square, Stockwell to Albert Square, Stockwell"
"LINESTRING (-0.130908 51.464995,-0.118256 51.47659", "From Gauden Road, Clapham to Albert Square, Stockwell"
"LINESTRING (-0.117661 51.482678,-0.118256 51.47659", "From Ashmole Estate, Oval to Albert Square, Stockwell"
"LINESTRING (-0.092762 51.500296,-0.118256 51.47659", "From Swan Street, The Borough to Albert Square, Stockwell"
"LINESTRING (-0.149551 51.477619,-0.118256 51.47659", "From Queen's Circus, Battersea Park to Albert Square, Stockwell"
"LINESTRING (-0.130908 51.464995,-0.118256 51.47659", "From Gauden Road, Clapham to Albert Square, Stockwell"
"LINESTRING (-0.122831 51.472509,-0.118256 51.47659", "From Binfield Road, Stockwell to Albert Square, Stockwell"
"LINESTRING (-0.124642 51.481747,-0.118256 51.47659", "From South Lambeth Road, Vauxhall to Albert Square, Stockwell"
"LINESTRING (-0.122492 51.486343,-0.118256 51.47659", "From Kennington Lane Rail Bridge, Vauxhall to Albert Square, Stockwell"
"LINESTRING (-0.172293 51.467454,-0.118256 51.47659", "From Ingrave Street, Clapham Junction to Albert Square, Stockwell"
"LINESTRING (-0.140741 51.488057,-0.118256 51.47659", "From Alderney Street, Pimlico to Albert Square, Stockwell"
"LINESTRING (-0.149569 51.50274,-0.098341 51.505409", "From Wellington Arch, Hyde Park to Southwark Street, Bankside"
"LINESTRING (-0.105596 51.505342,-0.098341 51.505409", "From Colombo Street, Southwark to Southwark Street, Bankside"
"LINESTRING (-0.056667 51.511542,-0.098341 51.505409", "From Watney Street, Shadwell to Southwark Street, Bankside"
"LINESTRING (-0.07962 51.503493,-0.098341 51.505409", "From Tooley Street, Bermondsey to Southwark Street, Bankside"
"LINESTRING (-0.103137 51.506692,-0.098341 51.505409", "From Poured Lines, Bankside to Southwark Street, Bankside"
"LINESTRING (-0.113864 51.504027,-0.098341 51.505409", "From Waterloo Station 1, Waterloo to Southwark Street, Bankside"
"LINESTRING (-0.124469 51.485917,-0.098341 51.505409", "From Vauxhall Cross, Vauxhall to Southwark Street, Bankside"
"LINESTRING (-0.075885 51.536585,-0.125078 51.534667", "From Dunston Road , Haggerston to Good's Way, King's Cross"
"LINESTRING (-0.133201 51.512515,-0.125078 51.534667", "From Wardour Street, Soho to Good's Way, King's Cross"
"LINESTRING (-0.11655 51.51824,-0.125078 51.534667", "From Red Lion Street, Holborn to Good's Way, King's Cross"
"LINESTRING (-0.122219 51.51477,-0.125078 51.534667", "From Drury Lane, Covent Garden to Good's Way, King's Cross"
"LINESTRING (-0.08249 51.53558,-0.125078 51.534667", "From Pitfield Street North,Hoxton to Good's Way, King's Cross"
"LINESTRING (-0.144228 51.518117,-0.125078 51.534667", "From Broadcasting House, Marylebone to Good's Way, King's Cross"
"LINESTRING (-0.109914 51.531666,-0.125078 51.534667", "From Claremont Square, Angel to Good's Way, King's Cross"
"LINESTRING (-0.130431 51.52168,-0.125078 51.534667", "From Malet Street, Bloomsbury to Good's Way, King's Cross"
"LINESTRING (-0.070329 51.539083,-0.125078 51.534667", "From Shoreditch Court, Haggerston to Good's Way, King's Cross"
"LINESTRING (-0.116279 51.524564,-0.125078 51.534667", "From Wren Street, Holborn to Good's Way, King's Cross"
"LINESTRING (-0.133952 51.536264,-0.125078 51.534667", "From Royal College Street, Camden Town to Good's Way, King's Cross"
"LINESTRING (-0.142943 51.496863,-0.125078 51.534667", "From Allington Street, Victoria to Good's Way, King's Cross"
"LINESTRING (-0.123616 51.529943,-0.125078 51.534667", "From Belgrove Street , King's Cross to Good's Way, King's Cross"
"LINESTRING (-0.094934 51.522954,-0.125078 51.534667", "From Roscoe Street, St. Luke's to Good's Way, King's Cross"
"LINESTRING (-0.106237 51.507244,-0.125078 51.534667", "From Milroy Walk, South Bank to Good's Way, King's Cross"
"LINESTRING (-0.116191 51.535467,-0.125078 51.534667", "From Carnegie Street, King's Cross to Good's Way, King's Cross"
"LINESTRING (-0.091773 51.504627,-0.125078 51.534667", "From Hop Exchange, The Borough to Good's Way, King's Cross"
"LINESTRING (-0.141728 51.539099,-0.125078 51.534667", "From Greenland Road, Camden Town to Good's Way, King's Cross"
"LINESTRING (-0.11655 51.51824,-0.125078 51.534667", "From Red Lion Street, Holborn to Good's Way, King's Cross"
"LINESTRING (-0.128279 51.5293,-0.125078 51.534667", "From Ossulston Street, Somers Town to Good's Way, King's Cross"
"LINESTRING (-0.11548 51.528915,-0.125078 51.534667", "From Great Percy Street, Clerkenwell to Good's Way, King's Cross"
"LINESTRING (-0.086379 51.534042,-0.125078 51.534667", "From Shoreditch Park, Hoxton to Good's Way, King's Cross"
"LINESTRING (-0.118677 51.5338,-0.125078 51.534667", "From Killick Street, King's Cross to Good's Way, King's Cross"
"LINESTRING (-0.090075 51.517842,-0.125078 51.534667", "From Fore Street, Guildhall to Good's Way, King's Cross"
"LINESTRING (-0.197609 51.483911,-0.200804 51.520509", "From Halford Road, West Kensington to The Metropolitan, Portobello"
"LINESTRING (-0.174593 51.520205,-0.200804 51.520509", "From Paddington Green, Paddington to The Metropolitan, Portobello"
"LINESTRING (-0.194392 51.501945,-0.200804 51.520509", "From Kensington Town Hall, Kensington to The Metropolitan, Portobello"
"LINESTRING (-0.173715 51.491211,-0.200804 51.520509", "From Sumner Place, South Kensington to The Metropolitan, Portobello"
"LINESTRING (-0.18697 51.51616,-0.200804 51.520509", "From Bishop's Bridge Road West, Bayswater to The Metropolitan, Portobello"
"LINESTRING (-0.176268 51.524826,-0.200804 51.520509", "From Aberdeen Place, St. John's Wood to The Metropolitan, Portobello"
"LINESTRING (-0.174593 51.520205,-0.200804 51.520509", "From Paddington Green, Paddington to The Metropolitan, Portobello"
"LINESTRING (-0.164032 51.525194,-0.200804 51.520509", "From Rossmore Road, Marylebone to The Metropolitan, Portobello"
"LINESTRING (-0.13151 51.509639,-0.200804 51.520509", "From Panton Street, West End to The Metropolitan, Portobello"
"LINESTRING (-0.183834 51.497924,-0.200804 51.520509", "From Gloucester Road (North), Kensington to The Metropolitan, Portobello"
"LINESTRING (-0.199004 51.506584,-0.200804 51.520509", "From Campden Hill Road, Notting Hill to The Metropolitan, Portobello"
"LINESTRING (-0.150481 51.51217,-0.200804 51.520509", "From Grosvenor Square, Mayfair to The Metropolitan, Portobello"
"LINESTRING (-0.176268 51.524826,-0.200804 51.520509", "From Aberdeen Place, St. John's Wood to The Metropolitan, Portobello"
"LINESTRING (-0.183716 51.517932,-0.200804 51.520509", "From Orsett Terrace, Bayswater to The Metropolitan, Portobello"
"LINESTRING (-0.198286 51.493724,-0.200804 51.520509", "From West Cromwell Road, Earl's Court to The Metropolitan, Portobello"
"LINESTRING (-0.19096 51.51244,-0.200804 51.520509", "From Ilchester Gardens, Bayswater to The Metropolitan, Portobello"
"LINESTRING (-0.17677 51.530889,-0.124807 51.53724", "From Grove End Road, St. John's Wood to Handyside Street, King's Cross"
"LINESTRING (-0.138231 51.525542,-0.124807 51.53724", "From Hampstead Road, Euston to Handyside Street, King's Cross"
"LINESTRING (-0.087262 51.506304,-0.124807 51.53724", "From Duke Street Hill, London Bridge to Handyside Street, King's Cross"
"LINESTRING (-0.074284 51.539328,-0.124807 51.53724", "From Haggerston Road, Haggerston to Handyside Street, King's Cross"
"LINESTRING (-0.077121 51.511594,-0.124807 51.53724", "From Crosswall, Tower to Handyside Street, King's Cross"
"LINESTRING (-0.118272 51.516277,-0.124807 51.53724", "From Lincoln's Inn Fields, Holborn to Handyside Street, King's Cross"
"LINESTRING (-0.128377 51.523673,-0.124807 51.53724", "From Bedford Way, Bloomsbury to Handyside Street, King's Cross"
"LINESTRING (-0.17677 51.530889,-0.124807 51.53724", "From Grove End Road, St. John's Wood to Handyside Street, King's Cross"
"LINESTRING (-0.109025 51.534408,-0.124807 51.53724", "From Cloudesley Road, Angel to Handyside Street, King's Cross"
"LINESTRING (-0.113426 51.503919,-0.124807 51.53724", "From Waterloo Station 2, Waterloo to Handyside Street, King's Cross"
"LINESTRING (-0.122219 51.51477,-0.124807 51.53724", "From Drury Lane, Covent Garden to Handyside Street, King's Cross"
"LINESTRING (-0.141327 51.520253,-0.124807 51.53724", "From Great Titchfield Street, Fitzrovia to Handyside Street, King's Cross"
"LINESTRING (-0.076793 51.513406,-0.124807 51.53724", "From Jewry Street, Aldgate to Handyside Street, King's Cross"
"LINESTRING (-0.086685 51.517075,-0.124807 51.53724", "From Finsbury Circus, Liverpool Street to Handyside Street, King's Cross"
"LINESTRING (-0.123616 51.529943,-0.124807 51.53724", "From Belgrove Street , King's Cross to Handyside Street, King's Cross"
"LINESTRING (-0.074284 51.539328,-0.124807 51.53724", "From Haggerston Road, Haggerston to Handyside Street, King's Cross"
"LINESTRING (-0.117069 51.53136,-0.124807 51.53724", "From Calshot Street , King's Cross to Handyside Street, King's Cross"
"LINESTRING (-0.112721 51.536392,-0.124807 51.53724", "From Charlotte Terrace, Angel to Handyside Street, King's Cross"
"LINESTRING (-0.197524 51.511084,-0.208888 51.5212", "From Pembridge Villas, Notting Hill to Bevington Road West, North Kensington"
"LINESTRING (-0.209378 51.489591,-0.208888 51.5212", "From Vereker Road, West Kensington to Bevington Road West, North Kensington"
"LINESTRING (-0.191496 51.503157,-0.208888 51.5212", "From Kensington Church Street, Kensington to Bevington Road West, North Kensington"
"LINESTRING (-0.174971 51.485121,-0.208888 51.5212", "From The Vale, Chelsea to Bevington Road West, North Kensington"
"LINESTRING (-0.197524 51.511084,-0.208888 51.5212", "From Pembridge Villas, Notting Hill to Bevington Road West, North Kensington"
"LINESTRING (-0.176268 51.524826,-0.208888 51.5212", "From Aberdeen Place, St. John's Wood to Bevington Road West, North Kensington"
"LINESTRING (-0.191351 51.513489,-0.208888 51.5212", "From Princes Square, Bayswater to Bevington Road West, North Kensington"
"LINESTRING (-0.196422 51.509353,-0.208888 51.5212", "From Notting Hill Gate Station, Notting Hill to Bevington Road West, North Kensington"
"LINESTRING (-0.17581 51.517335,-0.208888 51.5212", "From South Wharf Road, Paddington to Bevington Road West, North Kensington"
"LINESTRING (-0.218337 51.506256,-0.208888 51.5212", "From Westfield Southern Terrace ,Shepherd's Bush to Bevington Road West, North Kensington"
"LINESTRING (-0.197524 51.511084,-0.208888 51.5212", "From Pembridge Villas, Notting Hill to Bevington Road West, North Kensington"
"LINESTRING (-0.208565 51.515108,-0.208888 51.5212", "From Blenheim Crescent, Ladbroke Grove to Bevington Road West, North Kensington"
"LINESTRING (-0.196422 51.509353,-0.208888 51.5212", "From Notting Hill Gate Station, Notting Hill to Bevington Road West, North Kensington"
"LINESTRING (-0.197524 51.511084,-0.208888 51.5212", "From Pembridge Villas, Notting Hill to Bevington Road West, North Kensington"
"LINESTRING (-0.200742 51.502319,-0.208888 51.5212", "From Holland Park, Kensington to Bevington Road West, North Kensington"
"LINESTRING (-0.225787 51.514767,-0.208888 51.5212", "From BBC White City, White City to Bevington Road West, North Kensington"
"LINESTRING (-0.201554 51.512136,-0.208888 51.5212", "From Chepstow Villas, Notting Hill to Bevington Road West, North Kensington"
"LINESTRING (-0.190393 51.490163,-0.208888 51.5212", "From Bramham Gardens, Earl's Court to Bevington Road West, North Kensington"
"LINESTRING (-0.197524 51.511084,-0.208888 51.5212", "From Pembridge Villas, Notting Hill to Bevington Road West, North Kensington"
"LINESTRING (-0.19024 51.515529,-0.208888 51.5212", "From Westbourne Grove, Bayswater to Bevington Road West, North Kensington"
"LINESTRING (-0.185273 51.481765,-0.208888 51.5212", "From Hortensia Road, West Brompton to Bevington Road West, North Kensington"
"LINESTRING (-0.201554 51.512136,-0.208888 51.5212", "From Chepstow Villas, Notting Hill to Bevington Road West, North Kensington"
"LINESTRING (-0.211593 51.51323,-0.208888 51.5212", "From Clarendon Road, Avondale to Bevington Road West, North Kensington"
"LINESTRING (-0.179369 51.487196,-0.208888 51.5212", "From Drayton Gardens, West Chelsea to Bevington Road West, North Kensington"
"LINESTRING (-0.228188 51.494499,-0.208888 51.5212", "From Southerton Road, Hammersmith to Bevington Road West, North Kensington"
"LINESTRING (-0.139221 51.461388,-0.130908 51.464995", "From Clapham Common Station, Clapham Common to Gauden Road, Clapham"
"LINESTRING (-0.149035 51.481121,-0.130908 51.464995", "From Sopwith Way, Battersea Park to Gauden Road, Clapham"
"LINESTRING (-0.119123 51.519435,-0.130908 51.464995", "From Red Lion Square, Holborn to Gauden Road, Clapham"
"LINESTRING (-0.081608 51.497855,-0.130908 51.464995", "From Bermondsey Street, Bermondsey to Gauden Road, Clapham"
"LINESTRING (-0.074704 51.500845,-0.130908 51.464995", "From Tower Wharf, Bermondsey to Gauden Road, Clapham"
"LINESTRING (-0.139221 51.461388,-0.130908 51.464995", "From Clapham Common Station, Clapham Common to Gauden Road, Clapham"
"LINESTRING (-0.123258 51.476149,-0.130908 51.464995", "From Teversham Lane, Stockwell to Gauden Road, Clapham"
"LINESTRING (-0.174691 51.45787,-0.130908 51.464995", "From Spencer Park, Wandsworth Common to Gauden Road, Clapham"
"LINESTRING (-0.168292 51.462392,-0.130908 51.464995", "From St. John's Road, Clapham Junction to Gauden Road, Clapham"
"LINESTRING (-0.167894 51.493184,-0.130908 51.464995", "From Sloane Avenue, Knightsbridge to Gauden Road, Clapham"
"LINESTRING (-0.079249 51.518908,-0.130908 51.464995", "From Brushfield Street, Liverpool Street to Gauden Road, Clapham"
"LINESTRING (-0.147804 51.461376,-0.130908 51.464995", "From Victoria Rise, Clapham Common to Gauden Road, Clapham"
"LINESTRING (-0.123258 51.476149,-0.130908 51.464995", "From Teversham Lane, Stockwell to Gauden Road, Clapham"
"LINESTRING (-0.09022 51.491484,-0.130908 51.464995", "From Rodney Road , Walworth to Gauden Road, Clapham"
"LINESTRING (-0.192165 51.457529,-0.130908 51.464995", "From Ram Street, Wandsworth to Gauden Road, Clapham"
"LINESTRING (-0.167919 51.484984,-0.130908 51.464995", "From Phene Street, Chelsea to Gauden Road, Clapham"
"LINESTRING (-0.173029 51.464894,-0.130908 51.464995", "From Grant Road East, Clapham Junction to Gauden Road, Clapham"
"LINESTRING (-0.123258 51.476149,-0.130908 51.464995", "From Teversham Lane, Stockwell to Gauden Road, Clapham"
"LINESTRING (-0.201968 51.475089,-0.130908 51.464995", "From Parsons Green Station, Parsons Green to Gauden Road, Clapham"
"LINESTRING (-0.167029 51.460333,-0.130908 51.464995", "From Abyssinia Close, Clapham Junction to Gauden Road, Clapham"
"LINESTRING (-0.191462 51.501364,-0.130908 51.464995", "From Derry Street, Kensington to Gauden Road, Clapham"
"LINESTRING (-0.132102 51.472918,-0.130908 51.464995", "From Courland Grove, Wandsworth Road to Gauden Road, Clapham"
"LINESTRING (-0.115781 51.464019,-0.130908 51.464995", "From Ferndale Road, Brixton to Gauden Road, Clapham"
"LINESTRING (-0.187404 51.487958,-0.130908 51.464995", "From Harcourt Terrace, West Brompton to Gauden Road, Clapham"
"LINESTRING (-0.118256 51.47659,-0.130908 51.464995", "From Albert Square, Stockwell to Gauden Road, Clapham"
"LINESTRING (-0.149035 51.481121,-0.130908 51.464995", "From Sopwith Way, Battersea Park to Gauden Road, Clapham"
"LINESTRING (-0.168292 51.462392,-0.130908 51.464995", "From St. John's Road, Clapham Junction to Gauden Road, Clapham"
"LINESTRING (-0.159169 51.475153,-0.130908 51.464995", "From Prince of Wales Drive, Battersea Park to Gauden Road, Clapham"
"LINESTRING (-0.185273 51.481765,-0.130908 51.464995", "From Hortensia Road, West Brompton to Gauden Road, Clapham"
"LINESTRING (-0.118256 51.47659,-0.130908 51.464995", "From Albert Square, Stockwell to Gauden Road, Clapham"
"LINESTRING (-0.185273 51.481765,-0.130908 51.464995", "From Hortensia Road, West Brompton to Gauden Road, Clapham"
"LINESTRING (-0.126994 51.470732,-0.130908 51.464995", "From Clarence Walk, Stockwell to Gauden Road, Clapham"
"LINESTRING (-0.214749 51.473036,-0.130908 51.464995", "From Bishop's Avenue, Fulham to Gauden Road, Clapham"
"LINESTRING (-0.11548 51.528915,-0.130908 51.464995", "From Great Percy Street, Clerkenwell to Gauden Road, Clapham"
"LINESTRING (-0.138212 51.481335,-0.130908 51.464995", "From Riverlight South, Nine Elms to Gauden Road, Clapham"
"LINESTRING (-0.084439 51.524696,-0.118272 51.516277", "From Leonard Circus , Shoreditch to Lincoln's Inn Fields, Holborn"
"LINESTRING (-0.138089 51.484839,-0.118272 51.516277", "From Claverton Street, Pimlico to Lincoln's Inn Fields, Holborn"
"LINESTRING (-0.148105 51.514759,-0.118272 51.516277", "From Marylebone Lane, Marylebone to Lincoln's Inn Fields, Holborn"
"LINESTRING (-0.111781 51.533319,-0.118272 51.516277", "From Risinghill Street, Angel to Lincoln's Inn Fields, Holborn"
"LINESTRING (-0.129698 51.500703,-0.118272 51.516277", "From Storey's Gate, Westminster to Lincoln's Inn Fields, Holborn"
"LINESTRING (-0.115057 51.512582,-0.118272 51.516277", "From Strand, Strand to Lincoln's Inn Fields, Holborn"
"LINESTRING (-0.140485 51.519181,-0.118272 51.516277", "From Foley Street, Fitzrovia to Lincoln's Inn Fields, Holborn"
"LINESTRING (-0.13214 51.519572,-0.118272 51.516277", "From Store Street, Bloomsbury to Lincoln's Inn Fields, Holborn"
"LINESTRING (-0.149035 51.481121,-0.118272 51.516277", "From Sopwith Way, Battersea Park to Lincoln's Inn Fields, Holborn"
"LINESTRING (-0.084439 51.524696,-0.118272 51.516277", "From Leonard Circus , Shoreditch to Lincoln's Inn Fields, Holborn"
"LINESTRING (-0.111257 51.514274,-0.118272 51.516277", "From Chancery Lane, Holborn to Lincoln's Inn Fields, Holborn"
"LINESTRING (-0.079201 51.537277,-0.118272 51.516277", "From Hertford Road, De Beauvoir Town to Lincoln's Inn Fields, Holborn"
"LINESTRING (-0.11934 51.531066,-0.118272 51.516277", "From Northdown Street, King's Cross to Lincoln's Inn Fields, Holborn"
"LINESTRING (-0.117069 51.53136,-0.118272 51.516277", "From Calshot Street , King's Cross to Lincoln's Inn Fields, Holborn"
"LINESTRING (-0.077121 51.511594,-0.118272 51.516277", "From Crosswall, Tower to Lincoln's Inn Fields, Holborn"
"LINESTRING (-0.130431 51.52168,-0.118272 51.516277", "From Malet Street, Bloomsbury to Lincoln's Inn Fields, Holborn"
"LINESTRING (-0.083353 51.529537,-0.118272 51.516277", "From Fanshaw Street, Hoxton to Lincoln's Inn Fields, Holborn"
"LINESTRING (-0.13151 51.509639,-0.098807 51.506725", "From Panton Street, West End to Tate Modern, Bankside"
"LINESTRING (-0.074189 51.502279,-0.098807 51.506725", "From Curlew Street, Shad Thames to Tate Modern, Bankside"
"LINESTRING (-0.104724 51.52836,-0.098807 51.506725", "From St. John Street, Finsbury to Tate Modern, Bankside"
"LINESTRING (-0.112824 51.503791,-0.098807 51.506725", "From Waterloo Station 3, Waterloo to Tate Modern, Bankside"
"LINESTRING (-0.079201 51.537277,-0.098807 51.506725", "From Hertford Road, De Beauvoir Town to Tate Modern, Bankside"
"LINESTRING (-0.10988 51.49775,-0.098807 51.506725", "From King Edward Walk, Waterloo to Tate Modern, Bankside"
"LINESTRING (-0.114842 51.50621,-0.098807 51.506725", "From Belvedere Road 2, South Bank to Tate Modern, Bankside"
"LINESTRING (-0.172078 51.482567,-0.098807 51.506725", "From Danvers Street, West Chelsea to Tate Modern, Bankside"
"LINESTRING (-0.136052 51.527326,-0.098807 51.506725", "From Drummond Street , Euston to Tate Modern, Bankside"
"LINESTRING (-0.101536 51.49217,-0.098807 51.506725", "From Hampton Street, Walworth to Tate Modern, Bankside"
"LINESTRING (-0.10988 51.49775,-0.098807 51.506725", "From King Edward Walk, Waterloo to Tate Modern, Bankside"
"LINESTRING (-0.13151 51.509639,-0.098807 51.506725", "From Panton Street, West End to Tate Modern, Bankside"
"LINESTRING (-0.13151 51.509639,-0.098807 51.506725", "From Panton Street, West End to Tate Modern, Bankside"
"LINESTRING (-0.082422 51.516154,-0.098807 51.506725", "From Wormwood Street, Liverpool Street to Tate Modern, Bankside"
"LINESTRING (-0.054883 51.522561,-0.098807 51.506725", "From Cephas Street, Bethnal Green to Tate Modern, Bankside"
"LINESTRING (-0.109006 51.521661,-0.098807 51.506725", "From Hatton Wall, Holborn to Tate Modern, Bankside"
"LINESTRING (-0.13151 51.509639,-0.098807 51.506725", "From Panton Street, West End to Tate Modern, Bankside"
"LINESTRING (-0.085814 51.495061,-0.098807 51.506725", "From Bricklayers Arms, Borough to Tate Modern, Bankside"
"LINESTRING (-0.069542 51.512363,-0.098807 51.506725", "From Leman Street, Aldgate to Tate Modern, Bankside"
"LINESTRING (-0.113936 51.500139,-0.098807 51.506725", "From Lower Marsh, Waterloo to Tate Modern, Bankside"
"LINESTRING (-0.112824 51.503791,-0.098807 51.506725", "From Waterloo Station 3, Waterloo to Tate Modern, Bankside"
"LINESTRING (-0.09294 51.51397,-0.027772 51.505703", "From Cheapside, Bank to Westferry Circus, Canary Wharf"
"LINESTRING (-0.108322 51.510981,-0.027772 51.505703", "From Temple Gardens, Temple to Westferry Circus, Canary Wharf"
"LINESTRING (-0.037366 51.534137,-0.027772 51.505703", "From Driffield Road, Old Ford to Westferry Circus, Canary Wharf"
"LINESTRING (-0.112824 51.503791,-0.027772 51.505703", "From Waterloo Station 3, Waterloo to Westferry Circus, Canary Wharf"
"LINESTRING (-0.043371 51.518369,-0.027772 51.505703", "From Rectory Square, Stepney to Westferry Circus, Canary Wharf"
"LINESTRING (-0.057544 51.504749,-0.027772 51.505703", "From Wapping Lane, Wapping to Westferry Circus, Canary Wharf"
"LINESTRING (-0.158456 51.502953,-0.027772 51.505703", "From Albert Gate, Hyde Park to Westferry Circus, Canary Wharf"
"LINESTRING (-0.00699 51.508981,-0.027772 51.505703", "From Naval Row, Blackwall to Westferry Circus, Canary Wharf"
"LINESTRING (-0.023565 51.515427,-0.027772 51.505703", "From Stainsby Road , Poplar to Westferry Circus, Canary Wharf"
"LINESTRING (-0.057544 51.504749,-0.027772 51.505703", "From Wapping Lane, Wapping to Westferry Circus, Canary Wharf"
"LINESTRING (-0.030556 51.523538,-0.027772 51.505703", "From Southern Grove, Bow to Westferry Circus, Canary Wharf"
"LINESTRING (-0.018716 51.49109,-0.027772 51.505703", "From Spindrift Avenue, Millwall to Westferry Circus, Canary Wharf"
"LINESTRING (-0.051394 51.520893,-0.027772 51.505703", "From Cleveland Way, Stepney to Westferry Circus, Canary Wharf"
"LINESTRING (-0.069542 51.512363,-0.027772 51.505703", "From Leman Street, Aldgate to Westferry Circus, Canary Wharf"
"LINESTRING (-0.070542 51.505697,-0.027772 51.505703", "From St. Katharine's Way, Tower to Westferry Circus, Canary Wharf"
"LINESTRING (-0.013475 51.51549,-0.027772 51.505703", "From Langdon Park, Poplar to Westferry Circus, Canary Wharf"
"LINESTRING (-0.057544 51.504749,-0.027772 51.505703", "From Wapping Lane, Wapping to Westferry Circus, Canary Wharf"
"LINESTRING (-0.012413 51.508896,-0.027772 51.505703", "From Newby Place, Poplar to Westferry Circus, Canary Wharf"
"LINESTRING (-0.027772 51.505703,-0.027772 51.505703", "From Westferry Circus, Canary Wharf to Westferry Circus, Canary Wharf"
"LINESTRING (-0.066078 51.514924,-0.027772 51.505703", "From LMU Commercial Road, Whitechapel to Westferry Circus, Canary Wharf"
"LINESTRING (-0.109025 51.534408,-0.027772 51.505703", "From Cloudesley Road, Angel to Westferry Circus, Canary Wharf"
"LINESTRING (-0.057544 51.504749,-0.027772 51.505703", "From Wapping Lane, Wapping to Westferry Circus, Canary Wharf"
"LINESTRING (-0.015717 51.549369,-0.022606 51.548731", "From Lee Valley VeloPark, Queen Elizabeth Olympic Park to Here East North, Queen Elizabeth Olympic Park"
"LINESTRING (-0.074284 51.539328,-0.022606 51.548731", "From Haggerston Road, Haggerston to Here East North, Queen Elizabeth Olympic Park"
"LINESTRING (-0.033085 51.532513,-0.022606 51.548731", "From Ford Road, Old Ford to Here East North, Queen Elizabeth Olympic Park"
"LINESTRING (-0.082422 51.516154,-0.122759 51.487807", "From Wormwood Street, Liverpool Street to New Spring Gardens Walk, Vauxhall"
"LINESTRING (-0.087587 51.514441,-0.122759 51.487807", "From Bank of England Museum, Bank to New Spring Gardens Walk, Vauxhall"
"LINESTRING (-0.082422 51.516154,-0.122759 51.487807", "From Wormwood Street, Liverpool Street to New Spring Gardens Walk, Vauxhall"
"LINESTRING (-0.106823 51.508033,-0.122759 51.487807", "From Sea Containers, South Bank to New Spring Gardens Walk, Vauxhall"
"LINESTRING (-0.117661 51.482678,-0.122759 51.487807", "From Ashmole Estate, Oval to New Spring Gardens Walk, Vauxhall"
"LINESTRING (-0.112031 51.49914,-0.122759 51.487807", "From Lambeth North Station, Waterloo to New Spring Gardens Walk, Vauxhall"
"LINESTRING (-0.123616 51.529943,-0.122759 51.487807", "From Belgrove Street , King's Cross to New Spring Gardens Walk, Vauxhall"
"LINESTRING (-0.149004 51.485821,-0.122759 51.487807", "From Chelsea Bridge, Pimlico to New Spring Gardens Walk, Vauxhall"
"LINESTRING (-0.136123 51.482362,-0.122759 51.487807", "From Riverlight North, Nine Elms to New Spring Gardens Walk, Vauxhall"
"LINESTRING (-0.114934 51.49288,-0.122759 51.487807", "From Lollard Street, Vauxhall to New Spring Gardens Walk, Vauxhall"
"LINESTRING (-0.087262 51.506304,-0.122759 51.487807", "From Duke Street Hill, London Bridge to New Spring Gardens Walk, Vauxhall"
"LINESTRING (-0.117122 51.490994,-0.122759 51.487807", "From Black Prince Road, Vauxhall to New Spring Gardens Walk, Vauxhall"
"LINESTRING (-0.113134 51.483145,-0.122759 51.487807", "From Kennington Oval, Oval to New Spring Gardens Walk, Vauxhall"
"LINESTRING (-0.110889 51.495718,-0.122759 51.487807", "From Kennington Road  , Vauxhall to New Spring Gardens Walk, Vauxhall"
"LINESTRING (-0.158249 51.516892,-0.122759 51.487807", "From George Place Mews, Marylebone to New Spring Gardens Walk, Vauxhall"
"LINESTRING (-0.111435 51.48894,-0.122759 51.487807", "From Kennington Cross, Kennington to New Spring Gardens Walk, Vauxhall"
"LINESTRING (-0.126021 51.508103,-0.12367 51.471433", "From Craven Street, Strand to Clapham Road, Lingham Street, Stockwell"
"LINESTRING (-0.138212 51.481335,-0.12367 51.471433", "From Riverlight South, Nine Elms to Clapham Road, Lingham Street, Stockwell"
"LINESTRING (-0.116493 51.477839,-0.12367 51.471433", "From Caldwell Street, Stockwell to Clapham Road, Lingham Street, Stockwell"
"LINESTRING (-0.126874 51.47787,-0.12367 51.471433", "From Hartington Road, Stockwell to Clapham Road, Lingham Street, Stockwell"
"LINESTRING (-0.105593 51.488852,-0.12367 51.471433", "From Kennington Station, Kennington to Clapham Road, Lingham Street, Stockwell"
"LINESTRING (-0.106237 51.507244,-0.12367 51.471433", "From Milroy Walk, South Bank to Clapham Road, Lingham Street, Stockwell"
"LINESTRING (-0.139956 51.493573,-0.12367 51.471433", "From Queen Mother Sports Centre, Victoria to Clapham Road, Lingham Street, Stockwell"
"LINESTRING (-0.126021 51.508103,-0.12367 51.471433", "From Craven Street, Strand to Clapham Road, Lingham Street, Stockwell"
"LINESTRING (-0.132102 51.472918,-0.12367 51.471433", "From Courland Grove, Wandsworth Road to Clapham Road, Lingham Street, Stockwell"
"LINESTRING (-0.132102 51.472918,-0.12367 51.471433", "From Courland Grove, Wandsworth Road to Clapham Road, Lingham Street, Stockwell"
"LINESTRING (-0.12367 51.471433,-0.12367 51.471433", "From Clapham Road, Lingham Street, Stockwell to Clapham Road, Lingham Street, Stockwell"
"LINESTRING (-0.14177 51.479501,-0.12367 51.471433", "From Battersea Park Road, Nine Elms to Clapham Road, Lingham Street, Stockwell"
"LINESTRING (-0.14177 51.479501,-0.12367 51.471433", "From Battersea Park Road, Nine Elms to Clapham Road, Lingham Street, Stockwell"
"LINESTRING (-0.106237 51.507244,-0.12367 51.471433", "From Milroy Walk, South Bank to Clapham Road, Lingham Street, Stockwell"
"LINESTRING (-0.138212 51.481335,-0.12367 51.471433", "From Riverlight South, Nine Elms to Clapham Road, Lingham Street, Stockwell"
"LINESTRING (-0.101536 51.49217,-0.12367 51.471433", "From Hampton Street, Walworth to Clapham Road, Lingham Street, Stockwell"
"LINESTRING (-0.077121 51.511594,-0.116628 51.500089", "From Crosswall, Tower to Lambeth Palace Road, Waterloo"
"LINESTRING (-0.092754 51.505974,-0.116628 51.500089", "From Park Street, Bankside to Lambeth Palace Road, Waterloo"
"LINESTRING (-0.123702 51.506767,-0.116628 51.500089", "From Northumberland Avenue, Strand to Lambeth Palace Road, Waterloo"
"LINESTRING (-0.134621 51.507424,-0.116628 51.500089", "From St. James's Square, St. James's to Lambeth Palace Road, Waterloo"
"LINESTRING (-0.151926 51.516814,-0.116628 51.500089", "From Hinde Street, Marylebone to Lambeth Palace Road, Waterloo"
"LINESTRING (-0.135025 51.518162,-0.116628 51.500089", "From Rathbone Street, Fitzrovia to Lambeth Palace Road, Waterloo"
"LINESTRING (-0.07962 51.503493,-0.116628 51.500089", "From Tooley Street, Bermondsey to Lambeth Palace Road, Waterloo"
"LINESTRING (-0.091938 51.492807,-0.116628 51.500089", "From Victory Place, Walworth to Lambeth Palace Road, Waterloo"
"LINESTRING (-0.205284 51.496712,-0.116628 51.500089", "From Warwick Road, Olympia to Lambeth Palace Road, Waterloo"
"LINESTRING (-0.168917 51.497056,-0.116628 51.500089", "From Holy Trinity Brompton, Knightsbridge to Lambeth Palace Road, Waterloo"
"LINESTRING (-0.092762 51.500296,-0.116628 51.500089", "From Swan Street, The Borough to Lambeth Palace Road, Waterloo"
"LINESTRING (-0.077178 51.514449,-0.116628 51.500089", "From Houndsditch, Aldgate to Lambeth Palace Road, Waterloo"
"LINESTRING (-0.162298 51.522511,-0.116628 51.500089", "From Boston Place, Marylebone to Lambeth Palace Road, Waterloo"
"LINESTRING (-0.15352 51.503117,-0.116628 51.500089", "From Hyde Park Corner, Hyde Park to Lambeth Palace Road, Waterloo"
"LINESTRING (-0.118272 51.516277,-0.116628 51.500089", "From Lincoln's Inn Fields, Holborn to Lambeth Palace Road, Waterloo"
"LINESTRING (-0.162298 51.522511,-0.116628 51.500089", "From Boston Place, Marylebone to Lambeth Palace Road, Waterloo"
"LINESTRING (-0.155442 51.474376,-0.116628 51.500089", "From Austin Road, Battersea Park to Lambeth Palace Road, Waterloo"
"LINESTRING (-0.103137 51.506692,-0.116628 51.500089", "From Poured Lines, Bankside to Lambeth Palace Road, Waterloo"
"LINESTRING (-0.116493 51.477839,-0.116628 51.500089", "From Caldwell Street, Stockwell to Lambeth Palace Road, Waterloo"
"LINESTRING (-0.110889 51.495718,-0.116628 51.500089", "From Kennington Road  , Vauxhall to Lambeth Palace Road, Waterloo"
"LINESTRING (-0.082422 51.516154,-0.116628 51.500089", "From Wormwood Street, Liverpool Street to Lambeth Palace Road, Waterloo"
"LINESTRING (-0.123702 51.506767,-0.116628 51.500089", "From Northumberland Avenue, Strand to Lambeth Palace Road, Waterloo"
"LINESTRING (-0.083159 51.500889,-0.116628 51.500089", "From Tyers Gate, Bermondsey to Lambeth Palace Road, Waterloo"
"LINESTRING (-0.155442 51.474376,-0.116628 51.500089", "From Austin Road, Battersea Park to Lambeth Palace Road, Waterloo"
"LINESTRING (-0.111471 51.479601,-0.116628 51.500089", "From Cranmer Road, Stockwell to Lambeth Palace Road, Waterloo"
"LINESTRING (-0.123702 51.506767,-0.116628 51.500089", "From Northumberland Avenue, Strand to Lambeth Palace Road, Waterloo"
"LINESTRING (-0.08974 51.500823,-0.116628 51.500089", "From Empire Square, The Borough to Lambeth Palace Road, Waterloo"
"LINESTRING (-0.13544 51.497829,-0.116628 51.500089", "From Butler Place, Westminster to Lambeth Palace Road, Waterloo"
"LINESTRING (-0.116542 51.504636,-0.116628 51.500089", "From Jubilee Gardens, South Bank to Lambeth Palace Road, Waterloo"
"LINESTRING (-0.123616 51.529943,-0.116628 51.500089", "From Belgrove Street , King's Cross to Lambeth Palace Road, Waterloo"
"LINESTRING (-0.128377 51.523673,-0.116628 51.500089", "From Bedford Way, Bloomsbury to Lambeth Palace Road, Waterloo"
"LINESTRING (-0.113134 51.483145,-0.116628 51.500089", "From Kennington Oval, Oval to Lambeth Palace Road, Waterloo"
"LINESTRING (-0.091773 51.504627,-0.116628 51.500089", "From Hop Exchange, The Borough to Lambeth Palace Road, Waterloo"
"LINESTRING (-0.195777 51.479463,-0.116628 51.500089", "From Erin Close, Walham Green to Lambeth Palace Road, Waterloo"
"LINESTRING (-0.085814 51.495061,-0.116628 51.500089", "From Bricklayers Arms, Borough to Lambeth Palace Road, Waterloo"
"LINESTRING (-0.110889 51.495718,-0.116628 51.500089", "From Kennington Road  , Vauxhall to Lambeth Palace Road, Waterloo"
"LINESTRING (-0.068981 51.498585,-0.116628 51.500089", "From George Row, Bermondsey to Lambeth Palace Road, Waterloo"
"LINESTRING (-0.13544 51.497829,-0.116628 51.500089", "From Butler Place, Westminster to Lambeth Palace Road, Waterloo"
"LINESTRING (-0.129697 51.509087,-0.116628 51.500089", "From St. Martin's Street, West End to Lambeth Palace Road, Waterloo"
"LINESTRING (-0.110683 51.484788,-0.116628 51.500089", "From Kennington Road Post Office, Oval to Lambeth Palace Road, Waterloo"
"LINESTRING (-0.138733 51.496753,-0.116628 51.500089", "From Howick Place, Westminster to Lambeth Palace Road, Waterloo"
"LINESTRING (-0.174411 51.511933,-0.116628 51.500089", "From Bayswater Road, Hyde Park to Lambeth Palace Road, Waterloo"
"LINESTRING (-0.117863 51.515208,-0.116628 51.500089", "From Sardinia Street, Holborn to Lambeth Palace Road, Waterloo"
"LINESTRING (-0.138733 51.496753,-0.116628 51.500089", "From Howick Place, Westminster to Lambeth Palace Road, Waterloo"
"LINESTRING (-0.075459 51.509506,-0.116628 51.500089", "From Tower Gardens , Tower to Lambeth Palace Road, Waterloo"
"LINESTRING (-0.119022 51.469202,-0.116628 51.500089", "From Sidney Road, Stockwell to Lambeth Palace Road, Waterloo"
"LINESTRING (-0.162298 51.522511,-0.116628 51.500089", "From Boston Place, Marylebone to Lambeth Palace Road, Waterloo"
"LINESTRING (-0.110889 51.495718,-0.116628 51.500089", "From Kennington Road  , Vauxhall to Lambeth Palace Road, Waterloo"
"LINESTRING (-0.073438 51.51838,-0.116628 51.500089", "From Fashion Street, Whitechapel to Lambeth Palace Road, Waterloo"
"LINESTRING (-0.082422 51.516154,-0.116628 51.500089", "From Wormwood Street, Liverpool Street to Lambeth Palace Road, Waterloo"
"LINESTRING (-0.08974 51.500823,-0.116628 51.500089", "From Empire Square, The Borough to Lambeth Palace Road, Waterloo"
"LINESTRING (-0.13011 51.513527,-0.116628 51.500089", "From Moor Street, Soho to Lambeth Palace Road, Waterloo"
"LINESTRING (-0.083632 51.502153,-0.116628 51.500089", "From Snowsfields, London Bridge to Lambeth Palace Road, Waterloo"
"LINESTRING (-0.075459 51.509506,-0.116628 51.500089", "From Tower Gardens , Tower to Lambeth Palace Road, Waterloo"
"LINESTRING (-0.071881 51.534776,-0.020597 51.546532", "From Thurtle Road, Haggerston to Here East South, Queen Elizabeth Olympic Park"
"LINESTRING (-0.015717 51.549369,-0.020597 51.546532", "From Lee Valley VeloPark, Queen Elizabeth Olympic Park to Here East South, Queen Elizabeth Olympic Park"
"LINESTRING (-0.033085 51.532513,-0.020597 51.546532", "From Ford Road, Old Ford to Here East South, Queen Elizabeth Olympic Park"
"LINESTRING (-0.091773 51.504627,-0.138212 51.481335", "From Hop Exchange, The Borough to Riverlight South, Nine Elms"
"LINESTRING (-0.212145 51.459715,-0.138212 51.481335", "From Upper Richmond Road, Putney to Riverlight South, Nine Elms"
"LINESTRING (-0.167029 51.460333,-0.138212 51.481335", "From Abyssinia Close, Clapham Junction to Riverlight South, Nine Elms"
"LINESTRING (-0.147804 51.461376,-0.138212 51.481335", "From Victoria Rise, Clapham Common to Riverlight South, Nine Elms"
"LINESTRING (-0.124469 51.485917,-0.138212 51.481335", "From Vauxhall Cross, Vauxhall to Riverlight South, Nine Elms"
"LINESTRING (-0.139625 51.490962,-0.138212 51.481335", "From Gloucester Street, Pimlico to Riverlight South, Nine Elms"
"LINESTRING (-0.173693 51.495948,-0.138212 51.481335", "From Exhibition Road Museums 2, South Kensington to Riverlight South, Nine Elms"
"LINESTRING (-0.124469 51.485917,-0.138212 51.481335", "From Vauxhall Cross, Vauxhall to Riverlight South, Nine Elms"
"LINESTRING (-0.127554 51.493978,-0.138212 51.481335", "From Page Street, Westminster to Riverlight South, Nine Elms"
"LINESTRING (-0.100791 51.518218,-0.138212 51.481335", "From West Smithfield Rotunda, Farringdon to Riverlight South, Nine Elms"
"LINESTRING (-0.132102 51.498125,-0.138212 51.481335", "From Abbey Orchard Street, Westminster to Riverlight South, Nine Elms"
"LINESTRING (-0.147857 51.477966,-0.138212 51.481335", "From Gas Holders, Battersea Park to Riverlight South, Nine Elms"
"LINESTRING (-0.118256 51.47659,-0.138212 51.481335", "From Albert Square, Stockwell to Riverlight South, Nine Elms"
"LINESTRING (-0.147624 51.49395,-0.138212 51.481335", "From Eccleston Place, Victoria to Riverlight South, Nine Elms"
"LINESTRING (-0.124469 51.485917,-0.138212 51.481335", "From Vauxhall Cross, Vauxhall to Riverlight South, Nine Elms"
"LINESTRING (-0.164786 51.477292,-0.138212 51.481335", "From Ethelburga Estate, Battersea Park to Riverlight South, Nine Elms"
"LINESTRING (-0.119123 51.519435,-0.138212 51.481335", "From Red Lion Square, Holborn to Riverlight South, Nine Elms"
"LINESTRING (-0.124469 51.485917,-0.138212 51.481335", "From Vauxhall Cross, Vauxhall to Riverlight South, Nine Elms"
"LINESTRING (-0.167894 51.493184,-0.138212 51.481335", "From Sloane Avenue, Knightsbridge to Riverlight South, Nine Elms"
"LINESTRING (-0.205876 51.475698,-0.138212 51.481335", "From Chesilton Road, Fulham to Riverlight South, Nine Elms"
"LINESTRING (-0.103078 51.511934,-0.138212 51.481335", "From Blackfriars Station, St. Paul's to Riverlight South, Nine Elms"
"LINESTRING (-0.171103 51.518268,-0.138212 51.481335", "From St Mary's Hospital, Paddington to Riverlight South, Nine Elms"
"LINESTRING (-0.124469 51.485917,-0.138212 51.481335", "From Vauxhall Cross, Vauxhall to Riverlight South, Nine Elms"
"LINESTRING (-0.096518 51.491327,-0.138212 51.481335", "From Walworth Square, Walworth to Riverlight South, Nine Elms"
"LINESTRING (-0.173757 51.496471,-0.138212 51.481335", "From Exhibition Road Museums 1, South Kensington to Riverlight South, Nine Elms"
"LINESTRING (-0.098807 51.506725,-0.138212 51.481335", "From Tate Modern, Bankside to Riverlight South, Nine Elms"
"LINESTRING (-0.122759 51.487807,-0.138212 51.481335", "From New Spring Gardens Walk, Vauxhall to Riverlight South, Nine Elms"
"LINESTRING (-0.122831 51.472509,-0.138212 51.481335", "From Binfield Road, Stockwell to Riverlight South, Nine Elms"
"LINESTRING (-0.124469 51.485917,-0.138212 51.481335", "From Vauxhall Cross, Vauxhall to Riverlight South, Nine Elms"
"LINESTRING (-0.142207 51.485357,-0.138212 51.481335", "From Grosvenor Road, Pimlico to Riverlight South, Nine Elms"
"LINESTRING (-0.130908 51.464995,-0.138212 51.481335", "From Gauden Road, Clapham to Riverlight South, Nine Elms"
"LINESTRING (-0.129698 51.500703,-0.138212 51.481335", "From Storey's Gate, Westminster to Riverlight South, Nine Elms"
"LINESTRING (-0.124469 51.485917,-0.138212 51.481335", "From Vauxhall Cross, Vauxhall to Riverlight South, Nine Elms"
"LINESTRING (-0.18119 51.485587,-0.138212 51.481335", "From Limerston Street, West Chelsea to Riverlight South, Nine Elms"
"LINESTRING (-0.17021 51.474535,-0.138212 51.481335", "From Orbel Street, Battersea to Riverlight South, Nine Elms"
"LINESTRING (-0.124469 51.485917,-0.138212 51.481335", "From Vauxhall Cross, Vauxhall to Riverlight South, Nine Elms"
"LINESTRING (-0.173715 51.491211,-0.123823 51.501513", "From Sumner Place, South Kensington to Westminster Pier, Westminster"
"LINESTRING (-0.123823 51.501513,-0.123823 51.501513", "From Westminster Pier, Westminster to Westminster Pier, Westminster"
"LINESTRING (-0.057544 51.504749,-0.123823 51.501513", "From Wapping Lane, Wapping to Westminster Pier, Westminster"
"LINESTRING (-0.123823 51.501513,-0.123823 51.501513", "From Westminster Pier, Westminster to Westminster Pier, Westminster"
"LINESTRING (-0.074189 51.502279,-0.123823 51.501513", "From Curlew Street, Shad Thames to Westminster Pier, Westminster"
"LINESTRING (-0.0786 51.500647,-0.123823 51.501513", "From Tanner Street, Bermondsey to Westminster Pier, Westminster"
"LINESTRING (-0.13151 51.509639,-0.123823 51.501513", "From Panton Street, West End to Westminster Pier, Westminster"
"LINESTRING (-0.0985 51.51601,-0.123823 51.501513", "From King Edward Street, St Pauls to Westminster Pier, Westminster"
"LINESTRING (-0.111014 51.493686,-0.123823 51.501513", "From Walnut Tree Walk, Vauxhall to Westminster Pier, Westminster"
"LINESTRING (-0.09734 51.520841,-0.123823 51.501513", "From Aldersgate Street, Barbican to Westminster Pier, Westminster"
"LINESTRING (-0.103137 51.506692,-0.123823 51.501513", "From Poured Lines, Bankside to Westminster Pier, Westminster"
"LINESTRING (-0.168917 51.497056,-0.123823 51.501513", "From Holy Trinity Brompton, Knightsbridge to Westminster Pier, Westminster"
"LINESTRING (-0.115057 51.512582,-0.123823 51.501513", "From Strand, Strand to Westminster Pier, Westminster"
"LINESTRING (-0.0786 51.500647,-0.123823 51.501513", "From Tanner Street, Bermondsey to Westminster Pier, Westminster"
"LINESTRING (-0.17306 51.505014,-0.123823 51.501513", "From Serpentine Car Park, Hyde Park to Westminster Pier, Westminster"
"LINESTRING (-0.103137 51.506692,-0.123823 51.501513", "From Poured Lines, Bankside to Westminster Pier, Westminster"
"LINESTRING (-0.141923 51.489856,-0.123823 51.501513", "From Warwick Square, Pimlico to Westminster Pier, Westminster"
"LINESTRING (-0.163347 51.474392,-0.123823 51.501513", "From Albert Bridge Road, Battersea Park to Westminster Pier, Westminster"
"LINESTRING (-0.118256 51.47659,-0.123823 51.501513", "From Albert Square, Stockwell to Westminster Pier, Westminster"
"LINESTRING (-0.139625 51.490962,-0.123823 51.501513", "From Gloucester Street, Pimlico to Westminster Pier, Westminster"
"LINESTRING (-0.09315 51.53356,-0.123823 51.501513", "From Eagle Wharf Road, Hoxton to Westminster Pier, Westminster"
"LINESTRING (-0.036017 51.525941,-0.123823 51.501513", "From Clinton Road, Mile End to Westminster Pier, Westminster"
"LINESTRING (-0.091773 51.504627,-0.123823 51.501513", "From Hop Exchange, The Borough to Westminster Pier, Westminster"
"LINESTRING (-0.139625 51.490962,-0.123823 51.501513", "From Gloucester Street, Pimlico to Westminster Pier, Westminster"
"LINESTRING (-0.142943 51.496863,-0.123823 51.501513", "From Allington Street, Victoria to Westminster Pier, Westminster"
"LINESTRING (-0.125674 51.491884,-0.123823 51.501513", "From Millbank Tower, Pimlico to Westminster Pier, Westminster"
"LINESTRING (-0.06415 51.51295,-0.123823 51.501513", "From Christian Street, Whitechapel to Westminster Pier, Westminster"
"LINESTRING (-0.153933 51.494561,-0.123823 51.501513", "From Eaton Square (South), Belgravia to Westminster Pier, Westminster"
"LINESTRING (-0.142943 51.496863,-0.123823 51.501513", "From Allington Street, Victoria to Westminster Pier, Westminster"
"LINESTRING (-0.142943 51.496863,-0.123823 51.501513", "From Allington Street, Victoria to Westminster Pier, Westminster"
"LINESTRING (-0.168917 51.497056,-0.123823 51.501513", "From Holy Trinity Brompton, Knightsbridge to Westminster Pier, Westminster"
"LINESTRING (-0.104298 51.526717,-0.123823 51.501513", "From Finsbury Library , Finsbury to Westminster Pier, Westminster"
"LINESTRING (-0.141423 51.514499,-0.123823 51.501513", "From Little Argyll Street, West End to Westminster Pier, Westminster"
"LINESTRING (-0.16716 51.47518,-0.123823 51.501513", "From Surrey Lane, Battersea to Westminster Pier, Westminster"
"LINESTRING (-0.134407 51.526236,-0.123823 51.501513", "From Euston Road, Euston to Westminster Pier, Westminster"
"LINESTRING (-0.107349 51.511891,-0.123823 51.501513", "From Tallis Street, Temple to Westminster Pier, Westminster"
"LINESTRING (-0.13151 51.509639,-0.123823 51.501513", "From Panton Street, West End to Westminster Pier, Westminster"
"LINESTRING (-0.13151 51.509639,-0.123823 51.501513", "From Panton Street, West End to Westminster Pier, Westminster"
"LINESTRING (-0.094934 51.522954,-0.123823 51.501513", "From Roscoe Street, St. Luke's to Westminster Pier, Westminster"
"LINESTRING (-0.138089 51.484839,-0.123823 51.501513", "From Claverton Street, Pimlico to Westminster Pier, Westminster"
"LINESTRING (-0.129698 51.500703,-0.123823 51.501513", "From Storey's Gate, Westminster to Westminster Pier, Westminster"
"LINESTRING (-0.142943 51.496863,-0.123823 51.501513", "From Allington Street, Victoria to Westminster Pier, Westminster"
"LINESTRING (-0.184318 51.468819,-0.123823 51.501513", "From William Morris Way, Sands End to Westminster Pier, Westminster"
"LINESTRING (-0.13151 51.509639,-0.123823 51.501513", "From Panton Street, West End to Westminster Pier, Westminster"
"LINESTRING (-0.15352 51.503117,-0.123823 51.501513", "From Hyde Park Corner, Hyde Park to Westminster Pier, Westminster"
"LINESTRING (-0.08299 51.53213,-0.123823 51.501513", "From Pitfield Street Central, Hoxton to Westminster Pier, Westminster"
"LINESTRING (-0.193068 51.500397,-0.123823 51.501513", "From Wright's Lane, Kensington to Westminster Pier, Westminster"
"LINESTRING (-0.122492 51.486343,-0.123823 51.501513", "From Kennington Lane Rail Bridge, Vauxhall to Westminster Pier, Westminster"
"LINESTRING (-0.13151 51.509639,-0.123823 51.501513", "From Panton Street, West End to Westminster Pier, Westminster"
"LINESTRING (-0.15352 51.503117,-0.123823 51.501513", "From Hyde Park Corner, Hyde Park to Westminster Pier, Westminster"
"LINESTRING (-0.091773 51.504627,-0.123823 51.501513", "From Hop Exchange, The Borough to Westminster Pier, Westminster"
"LINESTRING (-0.097441 51.511961,-0.123823 51.501513", "From Queen Victoria Street, St. Paul's to Westminster Pier, Westminster"
"LINESTRING (-0.065006 51.508622,-0.123823 51.501513", "From Pennington Street, Wapping to Westminster Pier, Westminster"
"LINESTRING (-0.142943 51.496863,-0.123823 51.501513", "From Allington Street, Victoria to Westminster Pier, Westminster"
"LINESTRING (-0.123823 51.501513,-0.123823 51.501513", "From Westminster Pier, Westminster to Westminster Pier, Westminster"
"LINESTRING (-0.13151 51.509639,-0.123823 51.501513", "From Panton Street, West End to Westminster Pier, Westminster"
"LINESTRING (-0.152248 51.467185,-0.123823 51.501513", "From Ashley Crescent, Battersea to Westminster Pier, Westminster"
"LINESTRING (-0.176267 51.472876,-0.123823 51.501513", "From Vicarage Crescent, Battersea to Westminster Pier, Westminster"
"LINESTRING (-0.13151 51.509639,-0.123823 51.501513", "From Panton Street, West End to Westminster Pier, Westminster"
"LINESTRING (-0.093885 51.517008,-0.114842 51.50621", "From Wood Street, Guildhall to Belvedere Road 2, South Bank"
"LINESTRING (-0.074754 51.523648,-0.114842 51.50621", "From Bethnal Green Road, Shoreditch to Belvedere Road 2, South Bank"
"LINESTRING (-0.08249 51.53558,-0.114842 51.50621", "From Pitfield Street North,Hoxton to Belvedere Road 2, South Bank"
"LINESTRING (-0.075459 51.509506,-0.114842 51.50621", "From Tower Gardens , Tower to Belvedere Road 2, South Bank"
"LINESTRING (-0.117619 51.509943,-0.114842 51.50621", "From Somerset House, Strand to Belvedere Road 2, South Bank"
"LINESTRING (-0.144132 51.493204,-0.114842 51.50621", "From Belgrave Road, Victoria to Belvedere Road 2, South Bank"
"LINESTRING (-0.098031 51.505224,-0.114842 51.50621", "From Lavington Street, Bankside to Belvedere Road 2, South Bank"
"LINESTRING (-0.04915 51.498439,-0.114842 51.50621", "From Canada Water Station, Rotherhithe to Belvedere Road 2, South Bank"
"LINESTRING (-0.075459 51.509506,-0.114842 51.50621", "From Tower Gardens , Tower to Belvedere Road 2, South Bank"
"LINESTRING (-0.117619 51.509943,-0.114842 51.50621", "From Somerset House, Strand to Belvedere Road 2, South Bank"
"LINESTRING (-0.04915 51.498439,-0.114842 51.50621", "From Canada Water Station, Rotherhithe to Belvedere Road 2, South Bank"
"LINESTRING (-0.04915 51.498439,-0.114842 51.50621", "From Canada Water Station, Rotherhithe to Belvedere Road 2, South Bank"
"LINESTRING (-0.06142 51.532091,-0.114842 51.50621", "From Pritchard's Road, Bethnal Green to Belvedere Road 2, South Bank"
"LINESTRING (-0.102091 51.500693,-0.114842 51.50621", "From Webber Street , Southwark to Belvedere Road 2, South Bank"
"LINESTRING (-0.105596 51.505342,-0.114842 51.50621", "From Colombo Street, Southwark to Belvedere Road 2, South Bank"
"LINESTRING (-0.085666 51.499075,-0.091938 51.492807", "From Long Lane , Bermondsey to Victory Place, Walworth"
"LINESTRING (-0.091773 51.504627,-0.091938 51.492807", "From Hop Exchange, The Borough to Victory Place, Walworth"
"LINESTRING (-0.122492 51.486343,-0.091938 51.492807", "From Kennington Lane Rail Bridge, Vauxhall to Victory Place, Walworth"
"LINESTRING (-0.111606 51.505569,-0.091938 51.492807", "From Stamford Street, South Bank to Victory Place, Walworth"
"LINESTRING (-0.129697 51.509087,-0.091938 51.492807", "From St. Martin's Street, West End to Victory Place, Walworth"
"LINESTRING (-0.119643 51.511756,-0.091938 51.492807", "From Wellington Street , Strand to Victory Place, Walworth"
"LINESTRING (-0.110683 51.484788,-0.091938 51.492807", "From Kennington Road Post Office, Oval to Victory Place, Walworth"
"LINESTRING (-0.091938 51.492807,-0.091938 51.492807", "From Victory Place, Walworth to Victory Place, Walworth"
"LINESTRING (-0.079249 51.518908,-0.091938 51.492807", "From Brushfield Street, Liverpool Street to Victory Place, Walworth"
"LINESTRING (-0.116628 51.500089,-0.091938 51.492807", "From Lambeth Palace Road, Waterloo to Victory Place, Walworth"
"LINESTRING (-0.092762 51.500296,-0.091938 51.492807", "From Swan Street, The Borough to Victory Place, Walworth"
"LINESTRING (-0.127554 51.493978,-0.091938 51.492807", "From Page Street, Westminster to Victory Place, Walworth"
"LINESTRING (-0.08974 51.500823,-0.091938 51.492807", "From Empire Square, The Borough to Victory Place, Walworth"
"LINESTRING (-0.113936 51.500139,-0.091938 51.492807", "From Lower Marsh, Waterloo to Victory Place, Walworth"
"LINESTRING (-0.092762 51.500296,-0.091938 51.492807", "From Swan Street, The Borough to Victory Place, Walworth"
"LINESTRING (-0.091938 51.492807,-0.091938 51.492807", "From Victory Place, Walworth to Victory Place, Walworth"
"LINESTRING (-0.122492 51.486343,-0.091938 51.492807", "From Kennington Lane Rail Bridge, Vauxhall to Victory Place, Walworth"
"LINESTRING (-0.175407 51.462305,-0.147714 51.483507", "From Plough Terrace, Clapham Junction to Battersea Power Station, Battersea Park"
"LINESTRING (-0.141334 51.492345,-0.147714 51.483507", "From Guildhouse Street, Victoria to Battersea Power Station, Battersea Park"
"LINESTRING (-0.136123 51.482362,-0.147714 51.483507", "From Riverlight North, Nine Elms to Battersea Power Station, Battersea Park"
"LINESTRING (-0.147478 51.492369,-0.147714 51.483507", "From Elizabeth Bridge, Victoria to Battersea Power Station, Battersea Park"
"LINESTRING (-0.138089 51.484839,-0.147714 51.483507", "From Claverton Street, Pimlico to Battersea Power Station, Battersea Park"
"LINESTRING (-0.155442 51.474376,-0.147714 51.483507", "From Austin Road, Battersea Park to Battersea Power Station, Battersea Park"
"LINESTRING (-0.166878 51.488023,-0.147714 51.483507", "From Flood Street, Chelsea to Battersea Power Station, Battersea Park"
"LINESTRING (-0.158105 51.494645,-0.147714 51.483507", "From Cadogan Place, Knightsbridge to Battersea Power Station, Battersea Park"
"LINESTRING (-0.147714 51.483507,-0.147714 51.483507", "From Battersea Power Station, Battersea Park to Battersea Power Station, Battersea Park"
"LINESTRING (-0.156876 51.49313,-0.147714 51.483507", "From Sedding Street, Sloane Square to Battersea Power Station, Battersea Park"
"LINESTRING (-0.166878 51.488023,-0.147714 51.483507", "From Flood Street, Chelsea to Battersea Power Station, Battersea Park"
"LINESTRING (-0.198735 51.46067,-0.147714 51.483507", "From Osiers Road, Wandsworth to Battersea Power Station, Battersea Park"
"LINESTRING (-0.190346 51.46822,-0.147714 51.483507", "From Stephendale Road, Sands End to Battersea Power Station, Battersea Park"
"LINESTRING (-0.184806 51.457991,-0.147714 51.483507", "From Alma Road, Wandsworth to Battersea Power Station, Battersea Park"
"LINESTRING (-0.176267 51.472876,-0.147714 51.483507", "From Vicarage Crescent, Battersea to Battersea Power Station, Battersea Park"
"LINESTRING (-0.175407 51.462305,-0.147714 51.483507", "From Plough Terrace, Clapham Junction to Battersea Power Station, Battersea Park"
"LINESTRING (-0.15213 51.470475,-0.147714 51.483507", "From Stanley Grove, Battersea to Battersea Power Station, Battersea Park"
"LINESTRING (-0.119123 51.519435,-0.147714 51.483507", "From Red Lion Square, Holborn to Battersea Power Station, Battersea Park"
"LINESTRING (-0.132845 51.489975,-0.147714 51.483507", "From Rampayne Street, Pimlico to Battersea Power Station, Battersea Park"
"LINESTRING (-0.180389 51.46517,-0.147714 51.483507", "From Hibbert Street, Battersea to Battersea Power Station, Battersea Park"
"LINESTRING (-0.147714 51.483507,-0.147714 51.483507", "From Battersea Power Station, Battersea Park to Battersea Power Station, Battersea Park"
"LINESTRING (-0.182435 51.478169,-0.147714 51.483507", "From Upcerne Road, West Chelsea to Battersea Power Station, Battersea Park"
"LINESTRING (-0.179038 51.479573,-0.147714 51.483507", "From Lots Road, West Chelsea to Battersea Power Station, Battersea Park"
"LINESTRING (-0.147478 51.492369,-0.147714 51.483507", "From Elizabeth Bridge, Victoria to Battersea Power Station, Battersea Park"
"LINESTRING (-0.147478 51.492369,-0.147714 51.483507", "From Elizabeth Bridge, Victoria to Battersea Power Station, Battersea Park"
"LINESTRING (-0.156876 51.49313,-0.147714 51.483507", "From Sedding Street, Sloane Square to Battersea Power Station, Battersea Park"
"LINESTRING (-0.164786 51.477292,-0.147714 51.483507", "From Ethelburga Estate, Battersea Park to Battersea Power Station, Battersea Park"
"LINESTRING (-0.184318 51.468819,-0.147714 51.483507", "From William Morris Way, Sands End to Battersea Power Station, Battersea Park"
"LINESTRING (-0.134621 51.507424,-0.147714 51.483507", "From St. James's Square, St. James's to Battersea Power Station, Battersea Park"
"LINESTRING (-0.157788 51.465123,-0.147714 51.483507", "From Sugden Road, Clapham to Battersea Power Station, Battersea Park"
"LINESTRING (-0.15823 51.46879,-0.147714 51.483507", "From Holden Street, Battersea to Battersea Power Station, Battersea Park"
"LINESTRING (-0.170329 51.477684,-0.147714 51.483507", "From Westbridge Road, Battersea to Battersea Power Station, Battersea Park"
"LINESTRING (-0.156876 51.49313,-0.147714 51.483507", "From Sedding Street, Sloane Square to Battersea Power Station, Battersea Park"
"LINESTRING (-0.174347 51.476964,-0.147714 51.483507", "From Battersea Church Road, Battersea to Battersea Power Station, Battersea Park"
"LINESTRING (-0.124469 51.485917,-0.147714 51.483507", "From Vauxhall Cross, Vauxhall to Battersea Power Station, Battersea Park"
"LINESTRING (-0.229116 51.492084,-0.147714 51.483507", "From Bridge Avenue, Hammersmith to Battersea Power Station, Battersea Park"
"LINESTRING (-0.111435 51.48894,-0.147714 51.483507", "From Kennington Cross, Kennington to Battersea Power Station, Battersea Park"
"LINESTRING (-0.173029 51.464894,-0.147714 51.483507", "From Grant Road East, Clapham Junction to Battersea Power Station, Battersea Park"
"LINESTRING (-0.15934 51.500241,-0.147714 51.483507", "From Harriet Street, Knightsbridge to Battersea Power Station, Battersea Park"
"LINESTRING (-0.110683 51.484788,-0.147714 51.483507", "From Kennington Road Post Office, Oval to Battersea Power Station, Battersea Park"
"LINESTRING (-0.149551 51.477619,-0.147714 51.483507", "From Queen's Circus, Battersea Park to Battersea Power Station, Battersea Park"
"LINESTRING (-0.187427 51.460864,-0.147714 51.483507", "From Wandsworth Town Station, Wandsworth to Battersea Power Station, Battersea Park"
"LINESTRING (-0.126021 51.508103,-0.147714 51.483507", "From Craven Street, Strand to Battersea Power Station, Battersea Park"
"LINESTRING (-0.147478 51.492369,-0.147714 51.483507", "From Elizabeth Bridge, Victoria to Battersea Power Station, Battersea Park"
"LINESTRING (-0.147714 51.483507,-0.147714 51.483507", "From Battersea Power Station, Battersea Park to Battersea Power Station, Battersea Park"
"LINESTRING (-0.166878 51.488023,-0.142943 51.496863", "From Flood Street, Chelsea to Allington Street, Victoria"
"LINESTRING (-0.139625 51.490962,-0.142943 51.496863", "From Gloucester Street, Pimlico to Allington Street, Victoria"
"LINESTRING (-0.193502 51.467064,-0.142943 51.496863", "From South Park, Sands End to Allington Street, Victoria"
"LINESTRING (-0.173757 51.496471,-0.142943 51.496863", "From Exhibition Road Museums 1, South Kensington to Allington Street, Victoria"
"LINESTRING (-0.129925 51.493072,-0.142943 51.496863", "From Vincent Street, Pimlico to Allington Street, Victoria"
"LINESTRING (-0.135478 51.495827,-0.142943 51.496863", "From Rochester Row, Westminster to Allington Street, Victoria"
"LINESTRING (-0.149186 51.490491,-0.142943 51.496863", "From Ebury Bridge, Pimlico to Allington Street, Victoria"
"LINESTRING (-0.161203 51.496886,-0.142943 51.496863", "From Pont Street, Knightsbridge to Allington Street, Victoria"
"LINESTRING (-0.105593 51.488852,-0.142943 51.496863", "From Kennington Station, Kennington to Allington Street, Victoria"
"LINESTRING (-0.127554 51.493978,-0.142943 51.496863", "From Page Street, Westminster to Allington Street, Victoria"
"LINESTRING (-0.151126 51.510919,-0.142943 51.496863", "From Millennium Hotel, Mayfair to Allington Street, Victoria"
"LINESTRING (-0.135025 51.518162,-0.142943 51.496863", "From Rathbone Street, Fitzrovia to Allington Street, Victoria"
"LINESTRING (-0.173757 51.496471,-0.142943 51.496863", "From Exhibition Road Museums 1, South Kensington to Allington Street, Victoria"
"LINESTRING (-0.139625 51.490962,-0.142943 51.496863", "From Gloucester Street, Pimlico to Allington Street, Victoria"
"LINESTRING (-0.164786 51.477292,-0.142943 51.496863", "From Ethelburga Estate, Battersea Park to Allington Street, Victoria"
"LINESTRING (-0.176267 51.472876,-0.142943 51.496863", "From Vicarage Crescent, Battersea to Allington Street, Victoria"
"LINESTRING (-0.184318 51.468819,-0.142943 51.496863", "From William Morris Way, Sands End to Allington Street, Victoria"
"LINESTRING (-0.142943 51.496863,-0.142943 51.496863", "From Allington Street, Victoria to Allington Street, Victoria"
"LINESTRING (-0.142844 51.506613,-0.142943 51.496863", "From Green Park Station, Mayfair to Allington Street, Victoria"
"LINESTRING (-0.151926 51.516814,-0.142943 51.496863", "From Hinde Street, Marylebone to Allington Street, Victoria"
"LINESTRING (-0.165101 51.493583,-0.142943 51.496863", "From Denyer Street, Knightsbridge to Allington Street, Victoria"
"LINESTRING (-0.173757 51.496471,-0.142943 51.496863", "From Exhibition Road Museums 1, South Kensington to Allington Street, Victoria"
"LINESTRING (-0.1844 51.502042,-0.142943 51.496863", "From Palace Gate, Kensington Gardens to Allington Street, Victoria"
"LINESTRING (-0.174347 51.476964,-0.142943 51.496863", "From Battersea Church Road, Battersea to Allington Street, Victoria"
"LINESTRING (-0.196422 51.509353,-0.142943 51.496863", "From Notting Hill Gate Station, Notting Hill to Allington Street, Victoria"
"LINESTRING (-0.121723 51.510701,-0.142943 51.496863", "From Southampton Street, Strand to Allington Street, Victoria"
"LINESTRING (-0.195455 51.500401,-0.142943 51.496863", "From Argyll Road, Kensington to Allington Street, Victoria"
"LINESTRING (-0.135478 51.495827,-0.142943 51.496863", "From Rochester Row, Westminster to Allington Street, Victoria"
"LINESTRING (-0.149186 51.490491,-0.142943 51.496863", "From Ebury Bridge, Pimlico to Allington Street, Victoria"
"LINESTRING (-0.179135 51.516417,-0.142943 51.496863", "From Eastbourne Mews, Paddington to Allington Street, Victoria"
"LINESTRING (-0.135635 51.488226,-0.142943 51.496863", "From St. George's Square, Pimlico to Allington Street, Victoria"
"LINESTRING (-0.085814 51.495061,-0.142943 51.496863", "From Bricklayers Arms, Borough to Allington Street, Victoria"
"LINESTRING (-0.139221 51.461388,-0.142943 51.496863", "From Clapham Common Station, Clapham Common to Allington Street, Victoria"
"LINESTRING (-0.108322 51.510981,-0.142943 51.496863", "From Temple Gardens, Temple to Allington Street, Victoria"
"LINESTRING (-0.173757 51.496471,-0.142943 51.496863", "From Exhibition Road Museums 1, South Kensington to Allington Street, Victoria"
"LINESTRING (-0.125674 51.491884,-0.142943 51.496863", "From Millbank Tower, Pimlico to Allington Street, Victoria"
"LINESTRING (-0.135635 51.488226,-0.142943 51.496863", "From St. George's Square, Pimlico to Allington Street, Victoria"
"LINESTRING (-0.163347 51.474392,-0.142943 51.496863", "From Albert Bridge Road, Battersea Park to Allington Street, Victoria"
"LINESTRING (-0.164786 51.477292,-0.142943 51.496863", "From Ethelburga Estate, Battersea Park to Allington Street, Victoria"
"LINESTRING (-0.166878 51.488023,-0.142943 51.496863", "From Flood Street, Chelsea to Allington Street, Victoria"
"LINESTRING (-0.159237 51.501855,-0.142943 51.496863", "From Seville Street, Knightsbridge to Allington Street, Victoria"
"LINESTRING (-0.135635 51.488226,-0.142943 51.496863", "From St. George's Square, Pimlico to Allington Street, Victoria"
"LINESTRING (-0.125674 51.491884,-0.142943 51.496863", "From Millbank Tower, Pimlico to Allington Street, Victoria"
"LINESTRING (-0.205921 51.511624,-0.142943 51.496863", "From Ladbroke Grove Central, Ladbroke Grove to Allington Street, Victoria"
"LINESTRING (-0.170703 51.470847,-0.142943 51.496863", "From Simpson Street, Clapham Junction to Allington Street, Victoria"
"LINESTRING (-0.164786 51.477292,-0.142943 51.496863", "From Ethelburga Estate, Battersea Park to Allington Street, Victoria"
"LINESTRING (-0.134234 51.494591,-0.142943 51.496863", "From Greycoat Street , Westminster to Allington Street, Victoria"
"LINESTRING (-0.161203 51.496886,-0.142943 51.496863", "From Pont Street, Knightsbridge to Allington Street, Victoria"
"LINESTRING (-0.158105 51.494645,-0.142943 51.496863", "From Cadogan Place, Knightsbridge to Allington Street, Victoria"
"LINESTRING (-0.135635 51.488226,-0.142943 51.496863", "From St. George's Square, Pimlico to Allington Street, Victoria"
"LINESTRING (-0.159169 51.475153,-0.142943 51.496863", "From Prince of Wales Drive, Battersea Park to Allington Street, Victoria"
"LINESTRING (-0.077121 51.511594,-0.142943 51.496863", "From Crosswall, Tower to Allington Street, Victoria"
"LINESTRING (-0.135635 51.488226,-0.142943 51.496863", "From St. George's Square, Pimlico to Allington Street, Victoria"
"LINESTRING (-0.153233 51.490959,-0.142943 51.496863", "From Bourne Street, Belgravia to Allington Street, Victoria"
"LINESTRING (-0.153233 51.490959,-0.142943 51.496863", "From Bourne Street, Belgravia to Allington Street, Victoria"
"LINESTRING (-0.193487 51.513735,-0.142943 51.496863", "From Hereford Road, Bayswater to Allington Street, Victoria"
"LINESTRING (-0.182435 51.478169,-0.142943 51.496863", "From Upcerne Road, West Chelsea to Allington Street, Victoria"
"LINESTRING (-0.125674 51.491884,-0.142943 51.496863", "From Millbank Tower, Pimlico to Allington Street, Victoria"
"LINESTRING (-0.142943 51.496863,-0.142943 51.496863", "From Allington Street, Victoria to Allington Street, Victoria"
"LINESTRING (-0.173757 51.496471,-0.142943 51.496863", "From Exhibition Road Museums 1, South Kensington to Allington Street, Victoria"
"LINESTRING (-0.119643 51.511756,-0.111471 51.479601", "From Wellington Street , Strand to Cranmer Road, Stockwell"
"LINESTRING (-0.159169 51.475153,-0.111471 51.479601", "From Prince of Wales Drive, Battersea Park to Cranmer Road, Stockwell"
"LINESTRING (-0.106323 51.490757,-0.111471 51.479601", "From Cotton Garden Estate, Kennington to Cranmer Road, Stockwell"
"LINESTRING (-0.107987 51.517428,-0.111471 51.479601", "From New Fetter Lane, Holborn to Cranmer Road, Stockwell"
"LINESTRING (-0.102996 51.486929,-0.111471 51.479601", "From Doddington Grove, Kennington to Cranmer Road, Stockwell"
"LINESTRING (-0.129698 51.500703,-0.111471 51.479601", "From Storey's Gate, Westminster to Cranmer Road, Stockwell"
"LINESTRING (-0.110699 51.501444,-0.111471 51.479601", "From Baylis Road, Waterloo to Cranmer Road, Stockwell"
"LINESTRING (-0.115375 51.460232,-0.111471 51.479601", "From Saltoun Road, Brixton to Cranmer Road, Stockwell"
"LINESTRING (-0.112686 51.469217,-0.111471 51.479601", "From Wynne Road, Stockwell to Cranmer Road, Stockwell"
"LINESTRING (-0.179038 51.479573,-0.111471 51.479601", "From Lots Road, West Chelsea to Cranmer Road, Stockwell"
"LINESTRING (-0.115375 51.460232,-0.111471 51.479601", "From Saltoun Road, Brixton to Cranmer Road, Stockwell"
"LINESTRING (-0.170329 51.477684,-0.111471 51.479601", "From Westbridge Road, Battersea to Cranmer Road, Stockwell"
"LINESTRING (-0.116628 51.500089,-0.111471 51.479601", "From Lambeth Palace Road, Waterloo to Cranmer Road, Stockwell"
"LINESTRING (-0.142844 51.506613,-0.111471 51.479601", "From Green Park Station, Mayfair to Cranmer Road, Stockwell"
"LINESTRING (-0.101536 51.49217,-0.111471 51.479601", "From Hampton Street, Walworth to Cranmer Road, Stockwell"
"LINESTRING (-0.11258 51.473874,-0.111471 51.479601", "From Normandy Road, Stockwell to Cranmer Road, Stockwell"
"LINESTRING (-0.089446 51.497382,-0.111471 51.479601", "From Great Dover Street, The Borough to Cranmer Road, Stockwell"
"LINESTRING (-0.099828 51.493146,-0.111471 51.479601", "From Strata, Elephant & Castle to Cranmer Road, Stockwell"
"LINESTRING (-0.110121 51.488105,-0.111471 51.479601", "From Cleaver Street, Kennington to Cranmer Road, Stockwell"
"LINESTRING (-0.099828 51.493146,-0.111471 51.479601", "From Strata, Elephant & Castle to Cranmer Road, Stockwell"
"LINESTRING (-0.102208 51.526153,-0.111471 51.479601", "From Percival Street, Finsbury to Cranmer Road, Stockwell"
"LINESTRING (-0.132224 51.49206,-0.111471 51.479601", "From Regency Street, Westminster to Cranmer Road, Stockwell"
"LINESTRING (-0.125674 51.491884,-0.111471 51.479601", "From Millbank Tower, Pimlico to Cranmer Road, Stockwell"
"LINESTRING (-0.110683 51.484788,-0.111471 51.479601", "From Kennington Road Post Office, Oval to Cranmer Road, Stockwell"
"LINESTRING (-0.112686 51.469217,-0.111471 51.479601", "From Wynne Road, Stockwell to Cranmer Road, Stockwell"
"LINESTRING (-0.126874 51.47787,-0.111471 51.479601", "From Hartington Road, Stockwell to Cranmer Road, Stockwell"
"LINESTRING (-0.111435 51.48894,-0.111471 51.479601", "From Kennington Cross, Kennington to Cranmer Road, Stockwell"
"LINESTRING (-0.12367 51.471433,-0.111471 51.479601", "From Clapham Road, Lingham Street, Stockwell to Cranmer Road, Stockwell"
"LINESTRING (-0.104778 51.504044,-0.11258 51.473874", "From Southwark Station 2, Southwark to Normandy Road, Stockwell"
"LINESTRING (-0.105593 51.488852,-0.11258 51.473874", "From Kennington Station, Kennington to Normandy Road, Stockwell"
"LINESTRING (-0.115375 51.460232,-0.11258 51.473874", "From Saltoun Road, Brixton to Normandy Road, Stockwell"
"LINESTRING (-0.128279 51.5293,-0.11258 51.473874", "From Ossulston Street, Somers Town to Normandy Road, Stockwell"
"LINESTRING (-0.111471 51.479601,-0.11258 51.473874", "From Cranmer Road, Stockwell to Normandy Road, Stockwell"
"LINESTRING (-0.132224 51.49206,-0.11258 51.473874", "From Regency Street, Westminster to Normandy Road, Stockwell"
"LINESTRING (-0.115375 51.460232,-0.11258 51.473874", "From Saltoun Road, Brixton to Normandy Road, Stockwell"
"LINESTRING (-0.123509 51.52625,-0.11258 51.473874", "From Tavistock Place, Bloomsbury to Normandy Road, Stockwell"
"LINESTRING (-0.130908 51.464995,-0.11258 51.473874", "From Gauden Road, Clapham to Normandy Road, Stockwell"
"LINESTRING (-0.124642 51.481747,-0.11258 51.473874", "From South Lambeth Road, Vauxhall to Normandy Road, Stockwell"
"LINESTRING (-0.147857 51.477966,-0.11258 51.473874", "From Gas Holders, Battersea Park to Normandy Road, Stockwell"
"LINESTRING (-0.104193 51.49605,-0.11258 51.473874", "From Gaywood  Street, Elephant & Castle to Normandy Road, Stockwell"
"LINESTRING (-0.113134 51.483145,-0.11258 51.473874", "From Kennington Oval, Oval to Normandy Road, Stockwell"
"LINESTRING (-0.116493 51.477839,-0.11258 51.473874", "From Caldwell Street, Stockwell to Normandy Road, Stockwell"
"LINESTRING (-0.104193 51.49605,-0.11258 51.473874", "From Gaywood  Street, Elephant & Castle to Normandy Road, Stockwell"
"LINESTRING (-0.057159 51.511088,-0.11258 51.473874", "From Shadwell Station, Shadwell to Normandy Road, Stockwell"
"LINESTRING (-0.115375 51.460232,-0.11258 51.473874", "From Saltoun Road, Brixton to Normandy Road, Stockwell"
"LINESTRING (-0.110683 51.484788,-0.11258 51.473874", "From Kennington Road Post Office, Oval to Normandy Road, Stockwell"
"LINESTRING (-0.115375 51.460232,-0.11258 51.473874", "From Saltoun Road, Brixton to Normandy Road, Stockwell"
"LINESTRING (-0.126874 51.47787,-0.11258 51.473874", "From Hartington Road, Stockwell to Normandy Road, Stockwell"
"LINESTRING (-0.122492 51.486343,-0.11258 51.473874", "From Kennington Lane Rail Bridge, Vauxhall to Normandy Road, Stockwell"
"LINESTRING (-0.122492 51.486343,-0.11258 51.473874", "From Kennington Lane Rail Bridge, Vauxhall to Normandy Road, Stockwell"
"LINESTRING (-0.124469 51.485917,-0.11258 51.473874", "From Vauxhall Cross, Vauxhall to Normandy Road, Stockwell"
"LINESTRING (-0.115781 51.464019,-0.112686 51.469217", "From Ferndale Road, Brixton to Wynne Road, Stockwell"
"LINESTRING (-0.174485 51.469161,-0.112686 51.469217", "From Fawcett Close, Battersea to Wynne Road, Stockwell"
"LINESTRING (-0.115781 51.464019,-0.112686 51.469217", "From Ferndale Road, Brixton to Wynne Road, Stockwell"
"LINESTRING (-0.144165 51.510736,-0.112686 51.469217", "From Bruton Street, Mayfair to Wynne Road, Stockwell"
"LINESTRING (-0.11258 51.473874,-0.112686 51.469217", "From Normandy Road, Stockwell to Wynne Road, Stockwell"
"LINESTRING (-0.122831 51.472509,-0.112686 51.469217", "From Binfield Road, Stockwell to Wynne Road, Stockwell"
"LINESTRING (-0.110699 51.501444,-0.112686 51.469217", "From Baylis Road, Waterloo to Wynne Road, Stockwell"
"LINESTRING (-0.11258 51.473874,-0.112686 51.469217", "From Normandy Road, Stockwell to Wynne Road, Stockwell"
"LINESTRING (-0.174347 51.476964,-0.112686 51.469217", "From Battersea Church Road, Battersea to Wynne Road, Stockwell"
"LINESTRING (-0.153233 51.490959,-0.119022 51.469202", "From Bourne Street, Belgravia to Sidney Road, Stockwell"
"LINESTRING (-0.122492 51.486343,-0.119022 51.469202", "From Kennington Lane Rail Bridge, Vauxhall to Sidney Road, Stockwell"
"LINESTRING (-0.116625 51.486965,-0.119022 51.469202", "From Vauxhall Street, Vauxhall to Sidney Road, Stockwell"
"LINESTRING (-0.118256 51.47659,-0.119022 51.469202", "From Albert Square, Stockwell to Sidney Road, Stockwell"
"LINESTRING (-0.122492 51.486343,-0.119022 51.469202", "From Kennington Lane Rail Bridge, Vauxhall to Sidney Road, Stockwell"
"LINESTRING (-0.11258 51.473874,-0.119022 51.469202", "From Normandy Road, Stockwell to Sidney Road, Stockwell"
"LINESTRING (-0.153233 51.490959,-0.119022 51.469202", "From Bourne Street, Belgravia to Sidney Road, Stockwell"
"LINESTRING (-0.126021 51.508103,-0.119022 51.469202", "From Craven Street, Strand to Sidney Road, Stockwell"
"LINESTRING (-0.114686 51.506133,-0.119022 51.469202", "From Belvedere Road 1, South Bank to Sidney Road, Stockwell"
"LINESTRING (-0.085814 51.495061,-0.119022 51.469202", "From Bricklayers Arms, Borough to Sidney Road, Stockwell"
"LINESTRING (-0.122492 51.486343,-0.119022 51.469202", "From Kennington Lane Rail Bridge, Vauxhall to Sidney Road, Stockwell"
"LINESTRING (-0.122492 51.486343,-0.119022 51.469202", "From Kennington Lane Rail Bridge, Vauxhall to Sidney Road, Stockwell"
"LINESTRING (-0.111471 51.479601,-0.119022 51.469202", "From Cranmer Road, Stockwell to Sidney Road, Stockwell"
"LINESTRING (-0.150908 51.47505,-0.119022 51.469202", "From Alfreda Street, Battersea Park to Sidney Road, Stockwell"
"LINESTRING (-0.122831 51.472509,-0.119022 51.469202", "From Binfield Road, Stockwell to Sidney Road, Stockwell"
"LINESTRING (-0.138212 51.481335,-0.119022 51.469202", "From Riverlight South, Nine Elms to Sidney Road, Stockwell"
"LINESTRING (-0.102996 51.486929,-0.113179 51.466232", "From Doddington Grove, Kennington to St John's Crescent, Brixton"
"LINESTRING (-0.100186 51.505817,-0.113179 51.466232", "From Bankside Mix, Bankside to St John's Crescent, Brixton"
"LINESTRING (-0.116493 51.477839,-0.113179 51.466232", "From Caldwell Street, Stockwell to St John's Crescent, Brixton"
"LINESTRING (-0.125674 51.491884,-0.113179 51.466232", "From Millbank Tower, Pimlico to St John's Crescent, Brixton"
"LINESTRING (-0.123258 51.476149,-0.113179 51.466232", "From Teversham Lane, Stockwell to St John's Crescent, Brixton"
"LINESTRING (-0.137235 51.473116,-0.113179 51.466232", "From Stewart's Road, Wandsworth Road to St John's Crescent, Brixton"
"LINESTRING (-0.139221 51.461388,-0.113179 51.466232", "From Clapham Common Station, Clapham Common to St John's Crescent, Brixton"
"LINESTRING (-0.141812 51.469259,-0.113179 51.466232", "From Wandsworth Rd, Isley Court, Wandsworth Road to St John's Crescent, Brixton"
"LINESTRING (-0.0786 51.500647,-0.115781 51.464019", "From Tanner Street, Bermondsey to Ferndale Road, Brixton"
"LINESTRING (-0.091773 51.504627,-0.115781 51.464019", "From Hop Exchange, The Borough to Ferndale Road, Brixton"
"LINESTRING (-0.147714 51.483507,-0.115781 51.464019", "From Battersea Power Station, Battersea Park to Ferndale Road, Brixton"
"LINESTRING (-0.111471 51.479601,-0.115781 51.464019", "From Cranmer Road, Stockwell to Ferndale Road, Brixton"
"LINESTRING (-0.122831 51.472509,-0.115781 51.464019", "From Binfield Road, Stockwell to Ferndale Road, Brixton"
"LINESTRING (-0.130908 51.464995,-0.115781 51.464019", "From Gauden Road, Clapham to Ferndale Road, Brixton"
"LINESTRING (-0.14177 51.479501,-0.115781 51.464019", "From Battersea Park Road, Nine Elms to Ferndale Road, Brixton"
"LINESTRING (-0.212145 51.459715,-0.115781 51.464019", "From Upper Richmond Road, Putney to Ferndale Road, Brixton"
"LINESTRING (-0.118256 51.47659,-0.115781 51.464019", "From Albert Square, Stockwell to Ferndale Road, Brixton"
"LINESTRING (-0.139221 51.461388,-0.115781 51.464019", "From Clapham Common Station, Clapham Common to Ferndale Road, Brixton"
"LINESTRING (-0.17581 51.517335,-0.115781 51.464019", "From South Wharf Road, Paddington to Ferndale Road, Brixton"
"LINESTRING (-0.124642 51.481747,-0.115781 51.464019", "From South Lambeth Road, Vauxhall to Ferndale Road, Brixton"
"LINESTRING (-0.137235 51.473116,-0.115781 51.464019", "From Stewart's Road, Wandsworth Road to Ferndale Road, Brixton"
"LINESTRING (-0.114605 51.495656,-0.115781 51.464019", "From Sail Street, Vauxhall to Ferndale Road, Brixton"
"LINESTRING (-0.132102 51.472918,-0.115781 51.464019", "From Courland Grove, Wandsworth Road to Ferndale Road, Brixton"
"LINESTRING (-0.137235 51.473116,-0.115781 51.464019", "From Stewart's Road, Wandsworth Road to Ferndale Road, Brixton"
"LINESTRING (-0.124642 51.481747,-0.115781 51.464019", "From South Lambeth Road, Vauxhall to Ferndale Road, Brixton"
"LINESTRING (-0.16375 51.465064,-0.115781 51.464019", "From Dorothy Road, Clapham Junction to Ferndale Road, Brixton"
"LINESTRING (-0.124469 51.485917,-0.115781 51.464019", "From Vauxhall Cross, Vauxhall to Ferndale Road, Brixton"
"LINESTRING (-0.111471 51.479601,-0.115781 51.464019", "From Cranmer Road, Stockwell to Ferndale Road, Brixton"
"LINESTRING (-0.122831 51.472509,-0.115781 51.464019", "From Binfield Road, Stockwell to Ferndale Road, Brixton"
"LINESTRING (-0.126874 51.47787,-0.115781 51.464019", "From Hartington Road, Stockwell to Ferndale Road, Brixton"
"LINESTRING (-0.157183 51.52026,-0.115781 51.464019", "From Crawford Street, Marylebone to Ferndale Road, Brixton"
"LINESTRING (-0.139221 51.461388,-0.115781 51.464019", "From Clapham Common Station, Clapham Common to Ferndale Road, Brixton"
"LINESTRING (-0.137235 51.473116,-0.115781 51.464019", "From Stewart's Road, Wandsworth Road to Ferndale Road, Brixton"
"LINESTRING (-0.132102 51.472918,-0.115781 51.464019", "From Courland Grove, Wandsworth Road to Ferndale Road, Brixton"
"LINESTRING (-0.149551 51.477619,-0.115781 51.464019", "From Queen's Circus, Battersea Park to Ferndale Road, Brixton"
"LINESTRING (-0.124642 51.481747,-0.115781 51.464019", "From South Lambeth Road, Vauxhall to Ferndale Road, Brixton"
"LINESTRING (-0.159322 51.461343,-0.115781 51.464019", "From Clapham Common North Side, Clapham Common to Ferndale Road, Brixton"
"LINESTRING (-0.127554 51.493978,-0.115781 51.464019", "From Page Street, Westminster to Ferndale Road, Brixton"
"LINESTRING (-0.112686 51.469217,-0.115781 51.464019", "From Wynne Road, Stockwell to Ferndale Road, Brixton"
"LINESTRING (-0.132102 51.472918,-0.115781 51.464019", "From Courland Grove, Wandsworth Road to Ferndale Road, Brixton"
"LINESTRING (-0.124642 51.481747,-0.115781 51.464019", "From South Lambeth Road, Vauxhall to Ferndale Road, Brixton"
"LINESTRING (-0.17021 51.474535,-0.115781 51.464019", "From Orbel Street, Battersea to Ferndale Road, Brixton"
"LINESTRING (-0.14177 51.479501,-0.115781 51.464019", "From Battersea Park Road, Nine Elms to Ferndale Road, Brixton"
"LINESTRING (-0.111471 51.479601,-0.115781 51.464019", "From Cranmer Road, Stockwell to Ferndale Road, Brixton"
"LINESTRING (-0.147804 51.461376,-0.115781 51.464019", "From Victoria Rise, Clapham Common to Ferndale Road, Brixton"
"LINESTRING (-0.126874 51.47787,-0.115781 51.464019", "From Hartington Road, Stockwell to Ferndale Road, Brixton"
"LINESTRING (-0.115781 51.464019,-0.115781 51.464019", "From Ferndale Road, Brixton to Ferndale Road, Brixton"
"LINESTRING (-0.192165 51.457529,-0.115781 51.464019", "From Ram Street, Wandsworth to Ferndale Road, Brixton"
"LINESTRING (-0.14177 51.479501,-0.115781 51.464019", "From Battersea Park Road, Nine Elms to Ferndale Road, Brixton"
"LINESTRING (-0.132102 51.472918,-0.115781 51.464019", "From Courland Grove, Wandsworth Road to Ferndale Road, Brixton"
"LINESTRING (-0.117619 51.509943,-0.115781 51.464019", "From Somerset House, Strand to Ferndale Road, Brixton"
"LINESTRING (-0.148059 51.472865,-0.115781 51.464019", "From Silverthorne Road, Battersea to Ferndale Road, Brixton"
"LINESTRING (-0.139956 51.493573,-0.115781 51.464019", "From Queen Mother Sports Centre, Victoria to Ferndale Road, Brixton"
"LINESTRING (-0.038557 51.541515,-0.115781 51.464019", "From Gascoyne Road, Victoria Park to Ferndale Road, Brixton"
"LINESTRING (-0.137235 51.473116,-0.115781 51.464019", "From Stewart's Road, Wandsworth Road to Ferndale Road, Brixton"
"LINESTRING (-0.115156 51.489479,-0.115781 51.464019", "From Sancroft Street, Vauxhall to Ferndale Road, Brixton"
"LINESTRING (-0.134621 51.507424,-0.115375 51.460232", "From St. James's Square, St. James's to Saltoun Road, Brixton"
"LINESTRING (-0.118256 51.47659,-0.115375 51.460232", "From Albert Square, Stockwell to Saltoun Road, Brixton"
"LINESTRING (-0.11258 51.473874,-0.115375 51.460232", "From Normandy Road, Stockwell to Saltoun Road, Brixton"
"LINESTRING (-0.111471 51.479601,-0.115375 51.460232", "From Cranmer Road, Stockwell to Saltoun Road, Brixton"
"LINESTRING (-0.114842 51.50621,-0.115375 51.460232", "From Belvedere Road 2, South Bank to Saltoun Road, Brixton"
"LINESTRING (-0.138212 51.481335,-0.115375 51.460232", "From Riverlight South, Nine Elms to Saltoun Road, Brixton"
"LINESTRING (-0.139221 51.461388,-0.115375 51.460232", "From Clapham Common Station, Clapham Common to Saltoun Road, Brixton"
"LINESTRING (-0.107987 51.517428,-0.115375 51.460232", "From New Fetter Lane, Holborn to Saltoun Road, Brixton"
"LINESTRING (-0.157788 51.465123,-0.115375 51.460232", "From Sugden Road, Clapham to Saltoun Road, Brixton"
"LINESTRING (-0.091773 51.504627,-0.115375 51.460232", "From Hop Exchange, The Borough to Saltoun Road, Brixton"
"LINESTRING (-0.124642 51.481747,-0.115375 51.460232", "From South Lambeth Road, Vauxhall to Saltoun Road, Brixton"
"LINESTRING (-0.111471 51.479601,-0.115375 51.460232", "From Cranmer Road, Stockwell to Saltoun Road, Brixton"
"LINESTRING (-0.133972 51.472993,-0.115375 51.460232", "From Union Grove, Wandsworth Road to Saltoun Road, Brixton"
"LINESTRING (-0.156876 51.49313,-0.115375 51.460232", "From Sedding Street, Sloane Square to Saltoun Road, Brixton"
"LINESTRING (-0.139221 51.461388,-0.115375 51.460232", "From Clapham Common Station, Clapham Common to Saltoun Road, Brixton"
"LINESTRING (-0.091773 51.504627,-0.115375 51.460232", "From Hop Exchange, The Borough to Saltoun Road, Brixton"
"LINESTRING (-0.111435 51.48894,-0.115375 51.460232", "From Kennington Cross, Kennington to Saltoun Road, Brixton"
"LINESTRING (-0.116493 51.477839,-0.115375 51.460232", "From Caldwell Street, Stockwell to Saltoun Road, Brixton"
"LINESTRING (-0.139221 51.461388,-0.115375 51.460232", "From Clapham Common Station, Clapham Common to Saltoun Road, Brixton"
"LINESTRING (-0.174485 51.469161,-0.115375 51.460232", "From Fawcett Close, Battersea to Saltoun Road, Brixton"
"LINESTRING (-0.144132 51.493204,-0.147857 51.477966", "From Belgrave Road, Victoria to Gas Holders, Battersea Park"
"LINESTRING (-0.163041 51.470538,-0.147857 51.477966", "From Sheepcote Lane, Battersea to Gas Holders, Battersea Park"
"LINESTRING (-0.138089 51.484839,-0.147857 51.477966", "From Claverton Street, Pimlico to Gas Holders, Battersea Park"
"LINESTRING (-0.139625 51.490962,-0.147857 51.477966", "From Gloucester Street, Pimlico to Gas Holders, Battersea Park"
"LINESTRING (-0.170703 51.470847,-0.147857 51.477966", "From Simpson Street, Clapham Junction to Gas Holders, Battersea Park"
"LINESTRING (-0.159169 51.475153,-0.147857 51.477966", "From Prince of Wales Drive, Battersea Park to Gas Holders, Battersea Park"
"LINESTRING (-0.139221 51.461388,-0.147857 51.477966", "From Clapham Common Station, Clapham Common to Gas Holders, Battersea Park"
"LINESTRING (-0.146544 51.468669,-0.147857 51.477966", "From Heath Road, Battersea to Gas Holders, Battersea Park"
"LINESTRING (-0.123179 51.506543,-0.147857 51.477966", "From Whitehall Place, Strand to Gas Holders, Battersea Park"
"LINESTRING (-0.161203 51.496886,-0.147857 51.477966", "From Pont Street, Knightsbridge to Gas Holders, Battersea Park"
"LINESTRING (-0.15213 51.470475,-0.147857 51.477966", "From Stanley Grove, Battersea to Gas Holders, Battersea Park"
"LINESTRING (-0.174347 51.476964,-0.147857 51.477966", "From Battersea Church Road, Battersea to Gas Holders, Battersea Park"
"LINESTRING (-0.15213 51.470475,-0.147857 51.477966", "From Stanley Grove, Battersea to Gas Holders, Battersea Park"
"LINESTRING (-0.141334 51.492345,-0.147857 51.477966", "From Guildhouse Street, Victoria to Gas Holders, Battersea Park"
"LINESTRING (-0.16716 51.47518,-0.147857 51.477966", "From Surrey Lane, Battersea to Gas Holders, Battersea Park"
"LINESTRING (-0.139625 51.490962,-0.147857 51.477966", "From Gloucester Street, Pimlico to Gas Holders, Battersea Park"
"LINESTRING (-0.155442 51.474376,-0.147857 51.477966", "From Austin Road, Battersea Park to Gas Holders, Battersea Park"
"LINESTRING (-0.170329 51.477684,-0.147857 51.477966", "From Westbridge Road, Battersea to Gas Holders, Battersea Park"
"LINESTRING (-0.163041 51.470538,-0.147857 51.477966", "From Sheepcote Lane, Battersea to Gas Holders, Battersea Park"
"LINESTRING (-0.08974 51.500823,-0.147857 51.477966", "From Empire Square, The Borough to Gas Holders, Battersea Park"
"LINESTRING (-0.17021 51.474535,-0.147857 51.477966", "From Orbel Street, Battersea to Gas Holders, Battersea Park"
"LINESTRING (-0.147857 51.477966,-0.147857 51.477966", "From Gas Holders, Battersea Park to Gas Holders, Battersea Park"
"LINESTRING (-0.136123 51.482362,-0.147857 51.477966", "From Riverlight North, Nine Elms to Gas Holders, Battersea Park"
"LINESTRING (-0.187278 51.475142,-0.147857 51.477966", "From Imperial Road, Sands End to Gas Holders, Battersea Park"
"LINESTRING (-0.156876 51.49313,-0.147857 51.477966", "From Sedding Street, Sloane Square to Gas Holders, Battersea Park"
"LINESTRING (-0.15213 51.470475,-0.147857 51.477966", "From Stanley Grove, Battersea to Gas Holders, Battersea Park"
"LINESTRING (-0.163041 51.470538,-0.147857 51.477966", "From Sheepcote Lane, Battersea to Gas Holders, Battersea Park"
"LINESTRING (-0.099489 51.524868,-0.147857 51.477966", "From Sadlers Sports Centre, Finsbury to Gas Holders, Battersea Park"
"LINESTRING (-0.10044 51.498898,-0.147857 51.477966", "From Borough Road, Elephant & Castle to Gas Holders, Battersea Park"
"LINESTRING (-0.138364 51.492111,-0.147857 51.477966", "From Tachbrook Street, Victoria to Gas Holders, Battersea Park"
"LINESTRING (-0.149035 51.481121,-0.147857 51.477966", "From Sopwith Way, Battersea Park to Gas Holders, Battersea Park"
"LINESTRING (-0.136123 51.482362,-0.147857 51.477966", "From Riverlight North, Nine Elms to Gas Holders, Battersea Park"
"LINESTRING (-0.124469 51.485917,-0.147857 51.477966", "From Vauxhall Cross, Vauxhall to Gas Holders, Battersea Park"
"LINESTRING (-0.164786 51.477292,-0.147857 51.477966", "From Ethelburga Estate, Battersea Park to Gas Holders, Battersea Park"
"LINESTRING (-0.189155 51.477292,-0.147857 51.477966", "From Michael Road, Walham Green to Gas Holders, Battersea Park"
"LINESTRING (-0.157183 51.52026,-0.147857 51.477966", "From Crawford Street, Marylebone to Gas Holders, Battersea Park"
"LINESTRING (-0.180389 51.46517,-0.147857 51.477966", "From Hibbert Street, Battersea to Gas Holders, Battersea Park"
"LINESTRING (-0.125674 51.491884,-0.147857 51.477966", "From Millbank Tower, Pimlico to Gas Holders, Battersea Park"
"LINESTRING (-0.152248 51.467185,-0.147857 51.477966", "From Ashley Crescent, Battersea to Gas Holders, Battersea Park"
"LINESTRING (-0.139221 51.461388,-0.147857 51.477966", "From Clapham Common Station, Clapham Common to Gas Holders, Battersea Park"
"LINESTRING (-0.164786 51.477292,-0.147857 51.477966", "From Ethelburga Estate, Battersea Park to Gas Holders, Battersea Park"
"LINESTRING (-0.201968 51.475089,-0.147857 51.477966", "From Parsons Green Station, Parsons Green to Gas Holders, Battersea Park"
"LINESTRING (-0.109025 51.534408,-0.104947 51.516785", "From Cloudesley Road, Angel to Farringdon Street, Holborn"
"LINESTRING (-0.126874 51.47787,-0.104947 51.516785", "From Hartington Road, Stockwell to Farringdon Street, Holborn"
"LINESTRING (-0.113864 51.504027,-0.104947 51.516785", "From Waterloo Station 1, Waterloo to Farringdon Street, Holborn"
"LINESTRING (-0.053558 51.511066,-0.104947 51.516785", "From Sutton Street, Shadwell to Farringdon Street, Holborn"
"LINESTRING (-0.161765 51.487964,-0.104947 51.516785", "From Ormonde Gate, Chelsea to Farringdon Street, Holborn"
"LINESTRING (-0.094934 51.522954,-0.104947 51.516785", "From Roscoe Street, St. Luke's to Farringdon Street, Holborn"
"LINESTRING (-0.191933 51.495866,-0.104947 51.516785", "From Lexham Gardens, Kensington to Farringdon Street, Holborn"
"LINESTRING (-0.109914 51.531666,-0.104947 51.516785", "From Claremont Square, Angel to Farringdon Street, Holborn"
"LINESTRING (-0.11258 51.473874,-0.104947 51.516785", "From Normandy Road, Stockwell to Farringdon Street, Holborn"
"LINESTRING (-0.112824 51.503791,-0.104947 51.516785", "From Waterloo Station 3, Waterloo to Farringdon Street, Holborn"
"LINESTRING (-0.093903 51.530991,-0.104947 51.516785", "From Wenlock Road , Hoxton to Farringdon Street, Holborn"
"LINESTRING (-0.165668 51.524561,-0.104947 51.516785", "From Broadley Terrace, Marylebone to Farringdon Street, Holborn"
"LINESTRING (-0.104298 51.526717,-0.104947 51.516785", "From Finsbury Library , Finsbury to Farringdon Street, Holborn"
"LINESTRING (-0.07813 51.526377,-0.104947 51.516785", "From Shoreditch High Street, Shoreditch to Farringdon Street, Holborn"
"LINESTRING (-0.14177 51.479501,-0.104947 51.516785", "From Battersea Park Road, Nine Elms to Farringdon Street, Holborn"
"LINESTRING (-0.125441 51.541596,-0.125441 51.541596", "From York Way, Kings Cross to York Way, Kings Cross"
"LINESTRING (-0.125078 51.534667,-0.125441 51.541596", "From Good's Way, King's Cross to York Way, Kings Cross"
"LINESTRING (-0.112432 51.526599,-0.125441 51.541596", "From Margery Street, Clerkenwell to York Way, Kings Cross"
"LINESTRING (-0.100791 51.518218,-0.125441 51.541596", "From West Smithfield Rotunda, Farringdon to York Way, Kings Cross"
"LINESTRING (-0.124807 51.53724,-0.125441 51.541596", "From Handyside Street, King's Cross to York Way, Kings Cross"
"LINESTRING (-0.082989 51.510484,-0.125441 51.541596", "From Great Tower Street, Monument to York Way, Kings Cross"
"LINESTRING (-0.131161 51.52505,-0.125441 51.541596", "From Taviton Street, Bloomsbury to York Way, Kings Cross"
"LINESTRING (-0.119558 51.528279,-0.125441 51.541596", "From Cromer Street, Bloomsbury to York Way, Kings Cross"
"LINESTRING (-0.169774 51.519968,-0.125441 51.541596", "From Edgware Road Station, Marylebone to York Way, Kings Cross"
"LINESTRING (-0.122299 51.530199,-0.125441 51.541596", "From Birkenhead Street, King's Cross to York Way, Kings Cross"
"LINESTRING (-0.112432 51.526599,-0.125441 51.541596", "From Margery Street, Clerkenwell to York Way, Kings Cross"
"LINESTRING (-0.122502 51.523951,-0.125441 51.541596", "From Brunswick Square, Bloomsbury to York Way, Kings Cross"
"LINESTRING (-0.079249 51.518908,-0.125441 51.541596", "From Brushfield Street, Liverpool Street to York Way, Kings Cross"
"LINESTRING (-0.125078 51.534667,-0.125441 51.541596", "From Good's Way, King's Cross to York Way, Kings Cross"
"LINESTRING (-0.112432 51.526599,-0.125441 51.541596", "From Margery Street, Clerkenwell to York Way, Kings Cross"
"LINESTRING (-0.08299 51.53213,-0.125441 51.541596", "From Pitfield Street Central, Hoxton to York Way, Kings Cross"
"LINESTRING (-0.094934 51.522954,-0.125441 51.541596", "From Roscoe Street, St. Luke's to York Way, Kings Cross"
"LINESTRING (-0.141423 51.514499,-0.125441 51.541596", "From Little Argyll Street, West End to York Way, Kings Cross"
"LINESTRING (-0.022793 51.497304,-0.091401 51.518093", "From Alpha Grove, Millwall to Fore Street Avenue, Guildhall"
"LINESTRING (-0.113864 51.504027,-0.091401 51.518093", "From Waterloo Station 1, Waterloo to Fore Street Avenue, Guildhall"
"LINESTRING (-0.029138 51.516196,-0.091401 51.518093", "From Burdett Road, Mile End to Fore Street Avenue, Guildhall"
"LINESTRING (-0.089782 51.53089,-0.091401 51.518093", "From Murray Grove , Hoxton to Fore Street Avenue, Guildhall"
"LINESTRING (-0.110699 51.501444,-0.091401 51.518093", "From Baylis Road, Waterloo to Fore Street Avenue, Guildhall"
"LINESTRING (-0.06691 51.507131,-0.091401 51.518093", "From Nesham Street, Wapping to Fore Street Avenue, Guildhall"
"LINESTRING (-0.079201 51.537277,-0.091401 51.518093", "From Hertford Road, De Beauvoir Town to Fore Street Avenue, Guildhall"
"LINESTRING (-0.112824 51.503791,-0.091401 51.518093", "From Waterloo Station 3, Waterloo to Fore Street Avenue, Guildhall"
"LINESTRING (-0.093903 51.530991,-0.091401 51.518093", "From Wenlock Road , Hoxton to Fore Street Avenue, Guildhall"
"LINESTRING (-0.062546 51.535678,-0.091401 51.518093", "From Regent's Row , Haggerston to Fore Street Avenue, Guildhall"
"LINESTRING (-0.057159 51.511088,-0.091401 51.518093", "From Shadwell Station, Shadwell to Fore Street Avenue, Guildhall"
"LINESTRING (-0.107987 51.517428,-0.091401 51.518093", "From New Fetter Lane, Holborn to Fore Street Avenue, Guildhall"
"LINESTRING (-0.090075 51.517842,-0.091401 51.518093", "From Fore Street, Guildhall to Fore Street Avenue, Guildhall"
"LINESTRING (-0.065076 51.52388,-0.091401 51.518093", "From Cheshire Street, Bethnal Green to Fore Street Avenue, Guildhall"
"LINESTRING (-0.090847 51.525893,-0.091401 51.518093", "From Bath Street, St. Luke's to Fore Street Avenue, Guildhall"
"LINESTRING (-0.117661 51.482678,-0.106823 51.508033", "From Ashmole Estate, Oval to Sea Containers, South Bank"
"LINESTRING (-0.107349 51.511891,-0.106823 51.508033", "From Tallis Street, Temple to Sea Containers, South Bank"
"LINESTRING (-0.102757 51.536384,-0.106823 51.508033", "From Islington Green, Angel to Sea Containers, South Bank"
"LINESTRING (-0.111781 51.533319,-0.106823 51.508033", "From Risinghill Street, Angel to Sea Containers, South Bank"
"LINESTRING (-0.116628 51.500089,-0.106823 51.508033", "From Lambeth Palace Road, Waterloo to Sea Containers, South Bank"
"LINESTRING (-0.09294 51.51397,-0.106823 51.508033", "From Cheapside, Bank to Sea Containers, South Bank"
"LINESTRING (-0.097441 51.511961,-0.106823 51.508033", "From Queen Victoria Street, St. Paul's to Sea Containers, South Bank"
"LINESTRING (-0.106823 51.508033,-0.106823 51.508033", "From Sea Containers, South Bank to Sea Containers, South Bank"
"LINESTRING (-0.063471 51.497995,-0.106823 51.508033", "From Bermondsey Station, Bermondsey to Sea Containers, South Bank"
"LINESTRING (-0.113864 51.504027,-0.106823 51.508033", "From Waterloo Station 1, Waterloo to Sea Containers, South Bank"
"LINESTRING (-0.106823 51.508033,-0.106823 51.508033", "From Sea Containers, South Bank to Sea Containers, South Bank"
"LINESTRING (-0.17581 51.517335,-0.106823 51.508033", "From South Wharf Road, Paddington to Sea Containers, South Bank"
"LINESTRING (-0.093885 51.517008,-0.106823 51.508033", "From Wood Street, Guildhall to Sea Containers, South Bank"
"LINESTRING (-0.126874 51.47787,-0.106823 51.508033", "From Hartington Road, Stockwell to Sea Containers, South Bank"
"LINESTRING (-0.123616 51.529943,-0.106823 51.508033", "From Belgrove Street , King's Cross to Sea Containers, South Bank"
"LINESTRING (-0.116628 51.500089,-0.106823 51.508033", "From Lambeth Palace Road, Waterloo to Sea Containers, South Bank"
"LINESTRING (-0.111781 51.533319,-0.106823 51.508033", "From Risinghill Street, Angel to Sea Containers, South Bank"
"LINESTRING (-0.123258 51.476149,-0.106823 51.508033", "From Teversham Lane, Stockwell to Sea Containers, South Bank"
"LINESTRING (-0.100292 51.501732,-0.106823 51.508033", "From Great Suffolk Street, The Borough to Sea Containers, South Bank"
"LINESTRING (-0.108657 51.51795,-0.106823 51.508033", "From Holborn Circus, Holborn to Sea Containers, South Bank"
"LINESTRING (-0.117974 51.494881,-0.106823 51.508033", "From Lambeth Road, Vauxhall to Sea Containers, South Bank"
"LINESTRING (-0.117661 51.482678,-0.106823 51.508033", "From Ashmole Estate, Oval to Sea Containers, South Bank"
"LINESTRING (-0.112824 51.503791,-0.106823 51.508033", "From Waterloo Station 3, Waterloo to Sea Containers, South Bank"
"LINESTRING (-0.113936 51.500139,-0.106823 51.508033", "From Lower Marsh, Waterloo to Sea Containers, South Bank"
"LINESTRING (-0.113864 51.504027,-0.106823 51.508033", "From Waterloo Station 1, Waterloo to Sea Containers, South Bank"
"LINESTRING (-0.063531 51.504719,-0.068981 51.498585", "From Hermitage Court, Wapping to George Row, Bermondsey"
"LINESTRING (-0.131773 51.506633,-0.068981 51.498585", "From Waterloo Place, St. James's to George Row, Bermondsey"
"LINESTRING (-0.089446 51.497382,-0.068981 51.498585", "From Great Dover Street, The Borough to George Row, Bermondsey"
"LINESTRING (-0.09294 51.511553,-0.068981 51.498585", "From Queen Street 1, Bank to George Row, Bermondsey"
"LINESTRING (-0.062697 51.518154,-0.068981 51.498585", "From New Road 1 , Whitechapel to George Row, Bermondsey"
"LINESTRING (-0.063471 51.497995,-0.068981 51.498585", "From Bermondsey Station, Bermondsey to George Row, Bermondsey"
"LINESTRING (-0.070133 51.515231,-0.068981 51.498585", "From Central House, Whitechapel to George Row, Bermondsey"
"LINESTRING (-0.04915 51.498439,-0.068981 51.498585", "From Canada Water Station, Rotherhithe to George Row, Bermondsey"
"LINESTRING (-0.075459 51.509506,-0.068981 51.498585", "From Tower Gardens , Tower to George Row, Bermondsey"
"LINESTRING (-0.074189 51.502279,-0.068981 51.498585", "From Curlew Street, Shad Thames to George Row, Bermondsey"
"LINESTRING (-0.04915 51.498439,-0.068981 51.498585", "From Canada Water Station, Rotherhithe to George Row, Bermondsey"
"LINESTRING (-0.116628 51.500089,-0.068981 51.498585", "From Lambeth Palace Road, Waterloo to George Row, Bermondsey"
"LINESTRING (-0.09315 51.53356,-0.068981 51.498585", "From Eagle Wharf Road, Hoxton to George Row, Bermondsey"
"LINESTRING (-0.020157 51.499041,-0.068981 51.498585", "From Lightermans Road, Millwall to George Row, Bermondsey"
"LINESTRING (-0.068981 51.498585,-0.068981 51.498585", "From George Row, Bermondsey to George Row, Bermondsey"
"LINESTRING (-0.087262 51.506304,-0.068981 51.498585", "From Duke Street Hill, London Bridge to George Row, Bermondsey"
"LINESTRING (-0.070133 51.515231,-0.068981 51.498585", "From Central House, Whitechapel to George Row, Bermondsey"
"LINESTRING (-0.058005 51.527152,-0.068981 51.498585", "From Pott Street, Bethnal Green to George Row, Bermondsey"
"LINESTRING (-0.149569 51.50274,-0.068981 51.498585", "From Wellington Arch, Hyde Park to George Row, Bermondsey"
"LINESTRING (-0.063471 51.497995,-0.068981 51.498585", "From Bermondsey Station, Bermondsey to George Row, Bermondsey"
"LINESTRING (-0.08974 51.500823,-0.068981 51.498585", "From Empire Square, The Borough to George Row, Bermondsey"
"LINESTRING (-0.063471 51.497995,-0.068981 51.498585", "From Bermondsey Station, Bermondsey to George Row, Bermondsey"
"LINESTRING (-0.058641 51.515256,-0.068981 51.498585", "From Philpot Street, Whitechapel to George Row, Bermondsey"
"LINESTRING (-0.068981 51.498585,-0.068981 51.498585", "From George Row, Bermondsey to George Row, Bermondsey"
"LINESTRING (-0.102757 51.536384,-0.074704 51.500845", "From Islington Green, Angel to Tower Wharf, Bermondsey"
"LINESTRING (-0.076793 51.513406,-0.074704 51.500845", "From Jewry Street, Aldgate to Tower Wharf, Bermondsey"
"LINESTRING (-0.09294 51.51397,-0.074704 51.500845", "From Cheapside, Bank to Tower Wharf, Bermondsey"
"LINESTRING (-0.077121 51.511594,-0.074704 51.500845", "From Crosswall, Tower to Tower Wharf, Bermondsey"
"LINESTRING (-0.091773 51.504627,-0.074704 51.500845", "From Hop Exchange, The Borough to Tower Wharf, Bermondsey"
"LINESTRING (-0.074704 51.500845,-0.074704 51.500845", "From Tower Wharf, Bermondsey to Tower Wharf, Bermondsey"
"LINESTRING (-0.074704 51.500845,-0.074704 51.500845", "From Tower Wharf, Bermondsey to Tower Wharf, Bermondsey"
"LINESTRING (-0.081608 51.497855,-0.074704 51.500845", "From Bermondsey Street, Bermondsey to Tower Wharf, Bermondsey"
"LINESTRING (-0.068161 51.509786,-0.074704 51.500845", "From Dock Street, Wapping to Tower Wharf, Bermondsey"
"LINESTRING (-0.123823 51.501513,-0.074704 51.500845", "From Westminster Pier, Westminster to Tower Wharf, Bermondsey"
"LINESTRING (-0.06797 51.504904,-0.074704 51.500845", "From Wapping High Street, Wapping to Tower Wharf, Bermondsey"
"LINESTRING (-0.107913 51.498386,-0.074704 51.500845", "From Westminster Bridge Road, Elephant & Castle to Tower Wharf, Bermondsey"
"LINESTRING (-0.055846 51.499169,-0.074704 51.500845", "From Rotherhithe Roundabout, Rotherhithe to Tower Wharf, Bermondsey"
"LINESTRING (-0.137235 51.473116,-0.074704 51.500845", "From Stewart's Road, Wandsworth Road to Tower Wharf, Bermondsey"
"LINESTRING (-0.063471 51.497995,-0.074704 51.500845", "From Bermondsey Station, Bermondsey to Tower Wharf, Bermondsey"
"LINESTRING (-0.09644 51.507385,-0.074704 51.500845", "From New Globe Walk, Bankside to Tower Wharf, Bermondsey"
"LINESTRING (-0.113426 51.503919,-0.074704 51.500845", "From Waterloo Station 2, Waterloo to Tower Wharf, Bermondsey"
"LINESTRING (-0.068161 51.509786,-0.074704 51.500845", "From Dock Street, Wapping to Tower Wharf, Bermondsey"
"LINESTRING (-0.091773 51.504627,-0.074704 51.500845", "From Hop Exchange, The Borough to Tower Wharf, Bermondsey"
"LINESTRING (-0.082989 51.510484,-0.074704 51.500845", "From Great Tower Street, Monument to Tower Wharf, Bermondsey"
"LINESTRING (-0.091773 51.504627,-0.074704 51.500845", "From Hop Exchange, The Borough to Tower Wharf, Bermondsey"
"LINESTRING (-0.04667 51.521889,-0.074704 51.500845", "From Stepney Green Station, Stepney to Tower Wharf, Bermondsey"
"LINESTRING (-0.109256 51.526443,-0.074704 51.500845", "From Tysoe Street, Clerkenwell to Tower Wharf, Bermondsey"
"LINESTRING (-0.087262 51.506304,-0.074704 51.500845", "From Duke Street Hill, London Bridge to Tower Wharf, Bermondsey"
"LINESTRING (-0.07813 51.526377,-0.074704 51.500845", "From Shoreditch High Street, Shoreditch to Tower Wharf, Bermondsey"
"LINESTRING (-0.114686 51.506133,-0.074704 51.500845", "From Belvedere Road 1, South Bank to Tower Wharf, Bermondsey"
"LINESTRING (-0.098341 51.505409,-0.074704 51.500845", "From Southwark Street, Bankside to Tower Wharf, Bermondsey"
"LINESTRING (-0.093051 51.511246,-0.074704 51.500845", "From Queen Street 2, Bank to Tower Wharf, Bermondsey"
"LINESTRING (-0.102091 51.500693,-0.074704 51.500845", "From Webber Street , Southwark to Tower Wharf, Bermondsey"
"LINESTRING (-0.137043 51.511897,-0.074704 51.500845", "From Golden Square, Soho to Tower Wharf, Bermondsey"
"LINESTRING (-0.076793 51.513406,-0.074704 51.500845", "From Jewry Street, Aldgate to Tower Wharf, Bermondsey"
"LINESTRING (-0.070133 51.515231,-0.074704 51.500845", "From Central House, Whitechapel to Tower Wharf, Bermondsey"
"LINESTRING (-0.091773 51.504627,-0.074704 51.500845", "From Hop Exchange, The Borough to Tower Wharf, Bermondsey"
"LINESTRING (-0.068161 51.509786,-0.074704 51.500845", "From Dock Street, Wapping to Tower Wharf, Bermondsey"
"LINESTRING (-0.142207 51.485357,-0.074704 51.500845", "From Grosvenor Road, Pimlico to Tower Wharf, Bermondsey"
"LINESTRING (-0.082422 51.516154,-0.074704 51.500845", "From Wormwood Street, Liverpool Street to Tower Wharf, Bermondsey"
"LINESTRING (-0.091773 51.504627,-0.074704 51.500845", "From Hop Exchange, The Borough to Tower Wharf, Bermondsey"
"LINESTRING (-0.091773 51.504627,-0.074704 51.500845", "From Hop Exchange, The Borough to Tower Wharf, Bermondsey"
"LINESTRING (-0.074704 51.500845,-0.074704 51.500845", "From Tower Wharf, Bermondsey to Tower Wharf, Bermondsey"
"LINESTRING (-0.077121 51.511594,-0.108322 51.510981", "From Crosswall, Tower to Temple Gardens, Temple"
"LINESTRING (-0.020068 51.50357,-0.108322 51.510981", "From Jubilee Plaza, Canary Wharf to Temple Gardens, Temple"
"LINESTRING (-0.053558 51.511066,-0.108322 51.510981", "From Sutton Street, Shadwell to Temple Gardens, Temple"
"LINESTRING (-0.116542 51.504636,-0.108322 51.510981", "From Jubilee Gardens, South Bank to Temple Gardens, Temple"
"LINESTRING (-0.215618 51.464786,-0.108322 51.510981", "From Felsham Road, Putney to Temple Gardens, Temple"
"LINESTRING (-0.129698 51.500703,-0.108322 51.510981", "From Storey's Gate, Westminster to Temple Gardens, Temple"
"LINESTRING (-0.115057 51.512582,-0.108322 51.510981", "From Strand, Strand to Temple Gardens, Temple"
"LINESTRING (-0.173757 51.496471,-0.108322 51.510981", "From Exhibition Road Museums 1, South Kensington to Temple Gardens, Temple"
"LINESTRING (-0.117619 51.509943,-0.108322 51.510981", "From Somerset House, Strand to Temple Gardens, Temple"
"LINESTRING (-0.157275 51.510017,-0.108322 51.510981", "From Park Lane , Hyde Park to Temple Gardens, Temple"
"LINESTRING (-0.127554 51.493978,-0.108322 51.510981", "From Page Street, Westminster to Temple Gardens, Temple"
"LINESTRING (-0.173715 51.491211,-0.108322 51.510981", "From Sumner Place, South Kensington to Temple Gardens, Temple"
"LINESTRING (-0.140741 51.488057,-0.108322 51.510981", "From Alderney Street, Pimlico to Temple Gardens, Temple"
"LINESTRING (-0.140741 51.488057,-0.108322 51.510981", "From Alderney Street, Pimlico to Temple Gardens, Temple"
"LINESTRING (-0.074189 51.502279,-0.108322 51.510981", "From Curlew Street, Shad Thames to Temple Gardens, Temple"
"LINESTRING (-0.137424 51.498865,-0.108322 51.510981", "From Buckingham Gate, Westminster to Temple Gardens, Temple"
"LINESTRING (-0.134621 51.507424,-0.108322 51.510981", "From St. James's Square, St. James's to Temple Gardens, Temple"
"LINESTRING (-0.033828 51.514115,-0.108322 51.510981", "From Salmon Lane, Limehouse to Temple Gardens, Temple"
"LINESTRING (-0.047784 51.51328,-0.108322 51.510981", "From Albert Gardens, Stepney to Temple Gardens, Temple"
"LINESTRING (-0.074189 51.502279,-0.108322 51.510981", "From Curlew Street, Shad Thames to Temple Gardens, Temple"
"LINESTRING (-0.150481 51.51217,-0.108322 51.510981", "From Grosvenor Square, Mayfair to Temple Gardens, Temple"
"LINESTRING (-0.123702 51.506767,-0.108322 51.510981", "From Northumberland Avenue, Strand to Temple Gardens, Temple"
"LINESTRING (-0.103078 51.511934,-0.108322 51.510981", "From Blackfriars Station, St. Paul's to Temple Gardens, Temple"
"LINESTRING (-0.053558 51.511066,-0.108322 51.510981", "From Sutton Street, Shadwell to Temple Gardens, Temple"
"LINESTRING (-0.127575 51.495805,-0.108322 51.510981", "From Smith Square, Westminster to Temple Gardens, Temple"
"LINESTRING (-0.123702 51.506767,-0.108322 51.510981", "From Northumberland Avenue, Strand to Temple Gardens, Temple"
"LINESTRING (-0.123179 51.506543,-0.108322 51.510981", "From Whitehall Place, Strand to Temple Gardens, Temple"
"LINESTRING (-0.065006 51.508622,-0.108322 51.510981", "From Pennington Street, Wapping to Temple Gardens, Temple"
"LINESTRING (-0.137424 51.498865,-0.108322 51.510981", "From Buckingham Gate, Westminster to Temple Gardens, Temple"
"LINESTRING (-0.074704 51.500845,-0.04915 51.498439", "From Tower Wharf, Bermondsey to Canada Water Station, Rotherhithe"
"LINESTRING (-0.074189 51.502279,-0.04915 51.498439", "From Curlew Street, Shad Thames to Canada Water Station, Rotherhithe"
"LINESTRING (-0.098497 51.503688,-0.04915 51.498439", "From Union Street, The Borough to Canada Water Station, Rotherhithe"
"LINESTRING (-0.063471 51.497995,-0.04915 51.498439", "From Bermondsey Station, Bermondsey to Canada Water Station, Rotherhithe"
"LINESTRING (-0.074189 51.502279,-0.04915 51.498439", "From Curlew Street, Shad Thames to Canada Water Station, Rotherhithe"
"LINESTRING (-0.081608 51.497855,-0.04915 51.498439", "From Bermondsey Street, Bermondsey to Canada Water Station, Rotherhithe"
"LINESTRING (-0.096317 51.526008,-0.04915 51.498439", "From Finsbury Leisure Centre, St. Luke's to Canada Water Station, Rotherhithe"
"LINESTRING (-0.081608 51.497855,-0.04915 51.498439", "From Bermondsey Street, Bermondsey to Canada Water Station, Rotherhithe"
"LINESTRING (-0.098497 51.503688,-0.04915 51.498439", "From Union Street, The Borough to Canada Water Station, Rotherhithe"
"LINESTRING (-0.07962 51.503493,-0.04915 51.498439", "From Tooley Street, Bermondsey to Canada Water Station, Rotherhithe"
"LINESTRING (-0.0786 51.500647,-0.04915 51.498439", "From Tanner Street, Bermondsey to Canada Water Station, Rotherhithe"
"LINESTRING (-0.085814 51.495061,-0.04915 51.498439", "From Bricklayers Arms, Borough to Canada Water Station, Rotherhithe"
"LINESTRING (-0.068981 51.498585,-0.04915 51.498439", "From George Row, Bermondsey to Canada Water Station, Rotherhithe"
"LINESTRING (-0.085814 51.495061,-0.04915 51.498439", "From Bricklayers Arms, Borough to Canada Water Station, Rotherhithe"
"LINESTRING (-0.074189 51.502279,-0.04915 51.498439", "From Curlew Street, Shad Thames to Canada Water Station, Rotherhithe"
"LINESTRING (-0.074704 51.500845,-0.04915 51.498439", "From Tower Wharf, Bermondsey to Canada Water Station, Rotherhithe"
"LINESTRING (-0.09294 51.511553,-0.04915 51.498439", "From Queen Street 1, Bank to Canada Water Station, Rotherhithe"
"LINESTRING (-0.08497 51.50964,-0.04915 51.498439", "From Monument Street, Monument to Canada Water Station, Rotherhithe"
"LINESTRING (-0.091773 51.504627,-0.04915 51.498439", "From Hop Exchange, The Borough to Canada Water Station, Rotherhithe"
"LINESTRING (-0.04915 51.498439,-0.04915 51.498439", "From Canada Water Station, Rotherhithe to Canada Water Station, Rotherhithe"
"LINESTRING (-0.083159 51.500889,-0.04915 51.498439", "From Tyers Gate, Bermondsey to Canada Water Station, Rotherhithe"
"LINESTRING (-0.092921 51.494436,-0.04915 51.498439", "From New Kent Road, The Borough to Canada Water Station, Rotherhithe"
"LINESTRING (-0.063471 51.497995,-0.04915 51.498439", "From Bermondsey Station, Bermondsey to Canada Water Station, Rotherhithe"
"LINESTRING (-0.075459 51.509506,-0.04915 51.498439", "From Tower Gardens , Tower to Canada Water Station, Rotherhithe"
"LINESTRING (-0.099828 51.493146,-0.063471 51.497995", "From Strata, Elephant & Castle to Bermondsey Station, Bermondsey"
"LINESTRING (-0.074704 51.500845,-0.063471 51.497995", "From Tower Wharf, Bermondsey to Bermondsey Station, Bermondsey"
"LINESTRING (-0.068981 51.498585,-0.063471 51.497995", "From George Row, Bermondsey to Bermondsey Station, Bermondsey"
"LINESTRING (-0.074704 51.500845,-0.063471 51.497995", "From Tower Wharf, Bermondsey to Bermondsey Station, Bermondsey"
"LINESTRING (-0.074189 51.502279,-0.063471 51.497995", "From Curlew Street, Shad Thames to Bermondsey Station, Bermondsey"
"LINESTRING (-0.07962 51.503493,-0.063471 51.497995", "From Tooley Street, Bermondsey to Bermondsey Station, Bermondsey"
"LINESTRING (-0.068981 51.498585,-0.063471 51.497995", "From George Row, Bermondsey to Bermondsey Station, Bermondsey"
"LINESTRING (-0.074189 51.502279,-0.063471 51.497995", "From Curlew Street, Shad Thames to Bermondsey Station, Bermondsey"
"LINESTRING (-0.100186 51.505817,-0.063471 51.497995", "From Bankside Mix, Bankside to Bermondsey Station, Bermondsey"
"LINESTRING (-0.085814 51.495061,-0.063471 51.497995", "From Bricklayers Arms, Borough to Bermondsey Station, Bermondsey"
"LINESTRING (-0.113936 51.500139,-0.063471 51.497995", "From Lower Marsh, Waterloo to Bermondsey Station, Bermondsey"
"LINESTRING (-0.086685 51.517075,-0.063471 51.497995", "From Finsbury Circus, Liverpool Street to Bermondsey Station, Bermondsey"
"LINESTRING (-0.10044 51.498898,-0.063471 51.497995", "From Borough Road, Elephant & Castle to Bermondsey Station, Bermondsey"
"LINESTRING (-0.068981 51.498585,-0.063471 51.497995", "From George Row, Bermondsey to Bermondsey Station, Bermondsey"
"LINESTRING (-0.117122 51.490994,-0.063471 51.497995", "From Black Prince Road, Vauxhall to Bermondsey Station, Bermondsey"
"LINESTRING (-0.089659 51.52548,-0.063471 51.497995", "From Old Street Station, St. Luke's to Bermondsey Station, Bermondsey"
"LINESTRING (-0.074189 51.502279,-0.063471 51.497995", "From Curlew Street, Shad Thames to Bermondsey Station, Bermondsey"
"LINESTRING (-0.141423 51.514499,-0.063471 51.497995", "From Little Argyll Street, West End to Bermondsey Station, Bermondsey"
"LINESTRING (-0.082422 51.516154,-0.063471 51.497995", "From Wormwood Street, Liverpool Street to Bermondsey Station, Bermondsey"
"LINESTRING (-0.07962 51.503493,-0.063471 51.497995", "From Tooley Street, Bermondsey to Bermondsey Station, Bermondsey"
"LINESTRING (-0.068981 51.498585,-0.063471 51.497995", "From George Row, Bermondsey to Bermondsey Station, Bermondsey"
"LINESTRING (-0.100791 51.518218,-0.063471 51.497995", "From West Smithfield Rotunda, Farringdon to Bermondsey Station, Bermondsey"
"LINESTRING (-0.009152 51.499286,-0.113885 51.51165", "From Preston's Road, Cubitt Town to Arundel Street"
"LINESTRING (-0.049067 51.51563,-0.113885 51.51165", "From Aylward Street, Stepney to Arundel Street"
"LINESTRING (-0.083159 51.500889,-0.113885 51.51165", "From Tyers Gate, Bermondsey to Arundel Street"
"LINESTRING (-0.165101 51.493583,-0.113885 51.51165", "From Denyer Street, Knightsbridge to Arundel Street"
"LINESTRING (-0.115057 51.512582,-0.113885 51.51165", "From Strand, Strand to Arundel Street"
"LINESTRING (-0.141423 51.514499,-0.113885 51.51165", "From Little Argyll Street, West End to Arundel Street"
"LINESTRING (-0.08497 51.50964,-0.113885 51.51165", "From Monument Street, Monument to Arundel Street"
"LINESTRING (-0.191496 51.503157,-0.113885 51.51165", "From Kensington Church Street, Kensington to Arundel Street"
"LINESTRING (-0.170703 51.470847,-0.113885 51.51165", "From Simpson Street, Clapham Junction to Arundel Street"
"LINESTRING (-0.141423 51.514499,-0.113885 51.51165", "From Little Argyll Street, West End to Arundel Street"
"LINESTRING (-0.141423 51.514499,-0.113885 51.51165", "From Little Argyll Street, West End to Arundel Street"
"LINESTRING (-0.112824 51.503791,-0.113885 51.51165", "From Waterloo Station 3, Waterloo to Arundel Street"
"LINESTRING (-0.083935 51.520009,-0.113885 51.51165", "From Sun Street, Liverpool Street to Arundel Street"
"LINESTRING (-0.07813 51.526377,-0.113885 51.51165", "From Shoreditch High Street, Shoreditch to Arundel Street"
